student 0: 17 2 9 10 12 7 6 13 4 11 18 14 5 8 16 15 20 3 19 1 
student 1: 10 8 14 5 20 2 3 18 7 12 19 17 4 13 1 11 16 9 15 6 
student 2: 11 9 2 10 13 4 6 17 3 19 20 16 5 7 1 14 15 12 18 8 
student 3: 15 2 16 1 10 8 5 20 4 14 19 11 9 13 7 18 3 6 12 17 
student 4: 11 4 14 8 19 2 7 3 10 18 16 9 6 12 5 20 17 1 15 13 
student 5: 15 12 7 2 9 6 10 19 1 17 20 11 4 5 3 8 18 16 14 13 
student 6: 19 6 7 8 15 5 2 17 3 9 20 13 1 11 4 14 18 10 16 12 
student 7: 8 6 5 12 4 1 10 13 2 18 19 11 3 9 7 20 16 15 14 17 
student 8: 14 6 7 10 8 9 2 15 1 11 17 13 4 5 12 16 20 3 18 19 
student 9: 7 2 16 9 18 5 3 19 1 17 14 13 8 15 6 12 20 4 11 10 
student 10: 15 13 2 7 9 3 5 19 1 17 16 18 4 14 12 11 20 6 10 8 
student 11: 15 5 3 1 16 7 8 20 2 19 18 14 4 11 6 13 17 10 9 12 
student 12: 1 6 9 5 16 2 3 20 10 18 13 15 7 12 8 19 11 4 17 14 
student 13: 19 3 14 12 13 1 10 8 4 20 16 5 9 6 15 17 7 2 18 11 
student 14: 13 1 9 5 16 11 4 17 12 15 20 8 7 10 2 18 19 3 6 14 
student 15: 13 2 6 4 9 1 3 11 7 12 8 16 10 15 5 17 20 14 19 18 
student 16: 9 5 12 7 4 2 6 20 1 14 17 16 3 10 8 19 18 11 15 13 
student 17: 12 2 15 7 9 10 5 17 13 16 19 14 3 18 1 6 20 4 8 11 
student 18: 2 9 6 15 8 4 3 19 14 13 12 7 5 10 11 18 20 1 16 17 
student 19: 11 2 12 13 18 6 4 20 3 17 14 10 1 8 5 15 9 7 19 16 
student 20: 4 5 11 9 10 3 6 17 1 12 18 8 2 14 7 16 19 13 15 20 
student 21: 12 8 9 10 18 2 7 20 1 11 16 15 5 14 3 13 17 6 19 4 
student 22: 10 1 4 13 14 2 6 19 9 18 5 12 3 11 16 20 15 17 8 7 
student 23: 12 6 13 11 7 4 3 9 2 17 18 15 5 8 10 19 20 1 14 16 
student 24: 11 5 8 6 13 2 12 9 4 16 15 10 1 14 3 20 17 7 19 18 
student 25: 16 8 10 18 14 2 4 15 5 13 6 9 1 3 17 20 19 11 7 12 
student 26: 14 1 6 7 12 11 3 18 4 20 17 10 8 9 2 13 19 15 5 16 
student 27: 20 7 8 12 16 2 5 14 3 17 18 15 1 9 4 19 13 10 11 6 
student 28: 7 5 18 2 10 3 9 15 14 12 16 20 4 1 13 19 17 6 8 11 
student 29: 8 5 6 3 18 10 11 9 4 20 16 15 2 12 14 17 19 1 13 7 
student 30: 14 5 12 7 18 1 6 15 10 16 17 3 4 11 9 8 20 2 19 13 
student 31: 6 7 5 4 12 15 1 20 2 19 18 10 3 11 16 9 14 8 17 13 
student 32: 17 1 10 8 16 3 5 14 4 13 15 12 7 9 2 19 20 11 18 6 
student 33: 12 3 10 7 20 4 9 11 5 18 17 6 1 2 15 16 13 8 14 19 
student 34: 14 4 5 11 17 2 8 16 1 15 18 9 13 7 3 19 20 6 10 12 
student 35: 13 8 9 3 14 4 1 19 2 20 17 15 5 10 6 11 18 7 16 12 
student 36: 9 17 14 3 20 1 4 15 2 18 19 10 12 5 7 11 16 6 13 8 
student 37: 11 5 16 7 4 2 6 13 3 20 19 14 1 10 15 12 18 8 9 17 
student 38: 15 9 8 5 7 2 6 11 4 18 19 12 3 10 14 17 20 1 16 13 
student 39: 10 7 1 9 18 5 2 14 3 19 20 17 4 11 12 15 13 6 16 8 
student 40: 19 2 8 10 4 5 3 18 1 15 11 12 6 16 13 17 20 7 9 14 
student 41: 20 12 16 8 1 3 5 15 2 14 19 7 9 13 11 10 18 4 17 6 
student 42: 19 6 10 11 8 2 4 18 5 15 20 13 1 16 9 12 17 3 14 7 
student 43: 20 8 7 18 9 2 5 15 1 13 17 11 3 16 10 4 19 6 14 12 
student 44: 18 2 9 7 1 5 13 20 4 15 14 12 6 8 10 11 17 3 19 16 
student 45: 14 1 3 9 15 5 7 2 4 20 16 11 6 19 10 17 18 8 12 13 
student 46: 11 3 15 8 13 1 4 14 2 17 18 16 10 7 5 12 20 9 19 6 
student 47: 6 11 9 8 16 15 2 13 1 19 18 12 7 10 4 17 20 5 14 3 
student 48: 4 6 12 8 11 2 14 18 7 16 17 9 1 5 3 13 19 15 20 10 
student 49: 17 10 1 19 14 6 13 20 3 18 15 2 11 5 9 12 16 7 4 8 
student 50: 5 7 4 8 20 9 10 18 1 16 17 13 2 6 12 14 15 3 19 11 
student 51: 7 2 19 14 16 5 12 15 1 17 11 4 8 3 6 13 20 10 18 9 
student 52: 15 3 5 11 17 4 6 16 1 19 10 9 7 8 13 12 20 2 14 18 
student 53: 11 10 7 3 13 2 5 18 1 17 12 15 4 8 9 20 16 6 19 14 
student 54: 11 4 13 1 12 3 2 19 7 8 20 15 5 6 10 18 17 9 16 14 
student 55: 8 2 10 12 15 1 3 17 6 16 18 20 4 11 9 14 19 7 5 13 
student 56: 14 6 4 13 19 2 9 15 1 16 17 12 7 18 5 8 20 3 11 10 
student 57: 13 8 12 5 10 3 17 14 1 11 18 19 4 6 15 20 16 2 9 7 
student 58: 12 5 7 3 16 4 2 8 9 17 19 13 1 18 10 6 20 11 15 14 
student 59: 10 6 8 2 13 12 3 11 5 18 20 9 1 7 4 16 19 14 17 15 
student 60: 7 9 1 6 15 4 10 14 2 17 16 11 5 8 13 20 18 3 12 19 
student 61: 19 1 16 15 8 3 11 10 2 14 20 4 6 5 12 18 17 9 13 7 
student 62: 11 3 14 4 8 7 13 18 9 16 20 2 1 6 5 12 19 10 17 15 
student 63: 14 10 13 2 15 7 9 20 5 17 16 4 3 19 8 12 1 6 18 11 
student 64: 5 6 11 8 18 2 7 15 1 9 17 10 19 13 3 12 20 4 16 14 
student 65: 17 7 9 2 10 8 14 19 5 13 20 12 1 3 15 11 18 4 16 6 
student 66: 8 5 13 7 17 2 9 14 3 11 20 1 4 12 10 16 19 6 18 15 
student 67: 8 2 9 14 6 1 13 7 3 20 10 16 4 11 15 17 18 5 12 19 
student 68: 10 2 4 7 8 6 9 20 3 16 18 13 1 15 17 11 14 5 12 19 
student 69: 11 4 10 9 16 13 5 8 2 19 15 7 1 14 3 12 18 6 20 17 
student 70: 7 5 17 14 19 4 3 20 1 18 10 13 2 11 9 15 16 6 8 12 
student 71: 11 6 3 16 17 1 4 10 7 20 15 9 5 8 13 19 18 2 12 14 
student 72: 13 6 10 19 14 1 7 17 4 12 16 8 3 5 11 15 18 9 20 2 
student 73: 16 1 7 8 19 3 6 13 4 20 17 11 12 10 2 18 15 5 9 14 
student 74: 12 10 7 8 15 5 3 18 1 11 19 14 6 9 4 17 20 2 16 13 
student 75: 12 3 13 6 7 4 11 18 2 19 16 8 1 10 9 20 15 5 17 14 
student 76: 10 6 5 9 19 2 3 15 1 20 13 12 4 8 14 16 17 7 18 11 
student 77: 5 8 1 11 13 6 4 20 10 15 18 7 3 16 12 17 14 2 9 19 
student 78: 7 6 12 4 13 2 3 17 1 16 20 8 9 5 11 19 15 10 18 14 
student 79: 19 4 9 7 16 5 12 10 2 20 18 11 3 1 6 14 17 8 15 13 
student 80: 10 8 14 4 12 7 2 15 1 19 13 6 5 11 3 18 20 16 17 9 
student 81: 16 1 7 9 10 13 12 19 3 18 20 14 4 8 5 15 17 2 11 6 
student 82: 19 11 10 14 20 1 5 12 2 9 17 8 3 6 7 13 18 4 15 16 
student 83: 20 4 11 9 7 2 3 14 1 17 15 16 19 5 6 8 18 10 12 13 
student 84: 15 9 1 10 12 2 6 19 3 18 17 8 4 5 11 13 14 7 16 20 
student 85: 8 5 7 2 15 10 4 16 1 20 17 13 3 12 11 14 19 6 9 18 
student 86: 14 9 8 5 16 3 7 20 2 19 13 15 1 12 6 11 18 4 17 10 
student 87: 13 5 8 12 11 2 10 15 3 18 20 19 1 9 16 7 17 4 6 14 
student 88: 13 2 11 8 14 1 9 15 3 16 19 17 4 12 6 10 18 5 20 7 
student 89: 1 3 9 11 8 4 5 18 6 13 19 10 7 2 16 15 20 12 14 17 
student 90: 14 16 17 6 13 3 4 8 5 7 20 15 1 2 10 11 18 9 12 19 
student 91: 10 6 7 17 11 3 1 20 8 16 15 12 5 14 2 19 18 4 9 13 
student 92: 1 6 9 12 10 3 8 20 2 17 16 11 5 14 7 15 18 4 19 13 
student 93: 4 9 14 10 19 2 11 18 3 16 15 13 5 17 7 6 8 1 20 12 
student 94: 16 9 7 13 18 6 4 14 3 2 19 12 1 10 5 17 20 8 15 11 
student 95: 9 3 5 18 15 4 7 13 2 19 6 14 10 20 1 17 16 8 12 11 
student 96: 19 9 11 8 15 1 4 20 2 14 16 10 3 13 7 17 18 5 6 12 
student 97: 10 3 1 2 16 4 5 18 8 15 20 12 11 6 7 17 19 13 14 9 
student 98: 18 3 12 9 15 5 2 17 1 11 19 10 14 8 13 6 20 4 16 7 
student 99: 9 4 6 11 16 3 7 18 1 17 19 13 5 2 12 14 15 10 20 8 
student 100: 11 1 2 9 12 6 3 20 4 14 16 17 7 5 10 18 13 8 15 19 
student 101: 15 7 11 3 14 8 5 17 10 18 20 12 1 9 6 19 16 2 4 13 
student 102: 10 7 4 6 11 3 1 13 8 20 18 15 2 12 9 16 19 5 14 17 
student 103: 15 12 8 13 14 1 10 4 3 19 16 7 5 6 9 17 20 2 18 11 
student 104: 10 6 9 13 17 3 14 16 2 15 20 5 8 7 4 11 18 1 19 12 
student 105: 19 2 3 10 9 4 6 18 1 14 17 16 5 8 13 11 20 12 7 15 
student 106: 10 7 14 8 13 1 5 17 6 19 18 11 3 4 9 15 16 2 20 12 
student 107: 19 16 18 1 17 4 5 10 3 12 20 14 7 13 2 6 15 8 9 11 
student 108: 13 5 10 2 16 6 3 20 1 18 12 8 11 15 9 14 19 4 7 17 
student 109: 13 3 9 5 17 7 4 20 1 16 15 11 6 8 12 19 18 2 10 14 
student 110: 5 6 14 8 18 7 4 17 3 16 19 10 15 9 2 13 20 1 12 11 
student 111: 6 9 2 17 10 13 3 16 4 12 18 11 5 14 8 15 20 7 19 1 
student 112: 11 8 15 10 12 6 2 16 7 9 18 4 1 17 5 14 20 3 19 13 
student 113: 9 3 15 2 17 1 7 16 4 18 14 12 5 6 11 19 20 8 13 10 
student 114: 10 5 9 7 4 3 2 13 1 16 15 12 6 17 8 19 20 11 18 14 
student 115: 2 9 11 10 14 3 6 15 1 19 18 17 5 16 4 13 20 8 7 12 
student 116: 13 8 9 1 12 14 7 16 6 19 20 10 5 4 2 17 18 3 15 11 
student 117: 11 4 8 3 18 5 6 19 1 14 16 12 2 15 7 13 20 17 10 9 
student 118: 10 6 7 9 11 4 3 18 2 20 16 14 5 12 1 15 19 8 17 13 
student 119: 16 13 10 5 15 1 9 18 6 20 17 7 4 12 8 14 19 2 3 11 
student 120: 13 3 11 4 9 1 8 15 5 10 19 12 6 7 14 18 17 2 16 20 
student 121: 17 1 7 5 10 13 6 19 4 16 18 12 3 8 11 15 20 2 14 9 
student 122: 16 4 9 3 18 2 11 20 5 17 19 8 6 7 1 14 15 10 13 12 
student 123: 16 2 10 12 5 1 7 15 3 11 17 19 9 13 6 14 20 4 18 8 
student 124: 3 8 14 7 18 9 11 20 4 13 5 10 2 15 6 19 17 1 16 12 
student 125: 14 7 1 10 11 2 5 20 3 12 17 18 6 19 13 4 15 9 16 8 
student 126: 13 4 18 3 1 5 2 17 16 15 19 9 6 8 7 11 20 14 10 12 
student 127: 1 5 9 10 4 7 3 13 2 15 17 20 12 14 8 16 19 6 18 11 
student 128: 10 6 8 13 15 1 3 20 5 16 18 11 2 7 4 19 17 9 12 14 
student 129: 9 3 11 6 13 4 7 16 1 15 12 14 2 20 10 17 19 5 8 18 
student 130: 13 3 9 10 14 1 4 15 2 20 18 11 5 7 6 17 19 8 12 16 
student 131: 9 14 4 5 7 1 3 20 2 19 16 10 6 11 12 17 18 8 15 13 
student 132: 9 2 10 6 12 7 15 17 1 13 16 11 4 3 5 14 20 8 18 19 
student 133: 12 5 10 11 14 2 7 15 1 13 19 6 3 18 4 17 20 9 16 8 
student 134: 10 4 12 5 19 2 8 11 1 13 20 17 3 6 9 7 16 18 14 15 
student 135: 8 7 11 4 12 1 6 13 9 16 19 14 10 18 5 15 20 3 17 2 
student 136: 18 2 1 3 12 6 10 15 4 14 17 9 7 11 5 16 19 8 20 13 
student 137: 14 8 18 11 13 5 6 19 3 20 12 4 17 1 2 15 16 7 9 10 
student 138: 16 2 15 10 8 4 3 18 1 20 17 11 5 7 6 9 19 12 14 13 
student 139: 9 2 13 5 15 3 7 16 11 20 18 1 4 6 14 8 17 10 19 12 
student 140: 15 4 10 3 12 2 9 17 1 20 19 6 5 8 7 14 18 11 16 13 
student 141: 17 11 13 6 16 2 7 19 3 10 18 12 5 4 1 15 20 9 8 14 
student 142: 11 7 9 10 13 6 8 20 4 15 16 12 5 2 17 18 19 1 14 3 
student 143: 12 5 6 3 11 1 8 15 2 14 20 10 4 17 9 19 18 7 16 13 
student 144: 14 5 7 3 17 2 6 18 1 12 19 11 4 10 9 16 20 8 15 13 
student 145: 12 5 7 4 17 6 1 13 2 14 16 15 3 11 8 18 19 10 20 9 
student 146: 16 11 17 9 20 2 6 18 4 8 15 10 1 7 3 12 19 13 14 5 
student 147: 16 13 9 3 14 4 10 19 7 20 17 6 2 15 5 8 12 1 18 11 
student 148: 8 6 9 2 10 4 12 16 3 20 19 11 1 17 7 15 18 5 14 13 
student 149: 10 9 3 12 15 4 7 19 2 17 16 1 6 14 13 11 20 8 18 5 
student 150: 9 5 4 14 6 1 2 16 3 19 18 17 13 8 7 11 12 15 10 20 
student 151: 12 6 15 5 13 3 2 19 4 20 11 8 1 7 14 17 16 9 10 18 
student 152: 12 2 3 8 15 6 4 18 1 13 20 10 11 7 16 19 9 5 17 14 
student 153: 14 2 9 8 19 3 13 18 1 15 16 4 6 11 5 12 20 7 10 17 
student 154: 7 3 13 9 19 4 5 15 1 16 10 6 8 17 11 18 20 2 12 14 
student 155: 11 3 12 13 8 5 2 19 1 15 16 14 4 7 6 17 9 10 20 18 
student 156: 14 6 10 13 18 2 8 9 4 15 19 7 1 3 12 17 20 11 16 5 
student 157: 13 4 8 7 20 3 6 16 1 15 19 11 14 2 10 12 17 5 18 9 
student 158: 10 3 11 6 7 13 2 18 5 17 16 9 1 14 12 19 20 4 15 8 
student 159: 10 2 9 6 13 7 8 15 5 17 18 11 1 4 12 20 19 3 16 14 
student 160: 8 11 5 12 16 4 9 15 6 18 19 13 2 7 1 17 20 3 14 10 
student 161: 10 2 11 14 15 1 3 18 8 17 20 13 9 12 6 5 19 4 7 16 
student 162: 19 2 9 11 10 4 5 16 3 20 17 14 6 1 7 15 18 8 12 13 
student 163: 14 2 6 12 4 9 5 20 3 18 19 17 1 8 11 16 15 10 13 7 
student 164: 8 12 4 7 11 2 3 16 6 13 17 14 1 9 5 20 19 15 10 18 
student 165: 16 7 14 9 3 1 6 18 4 15 19 11 2 12 10 8 17 5 13 20 
student 166: 14 6 10 9 17 3 2 16 1 12 20 8 4 7 13 15 18 5 19 11 
student 167: 4 6 7 12 17 8 1 18 5 16 20 9 2 14 13 15 19 3 11 10 
student 168: 16 1 9 10 17 3 6 18 2 12 19 5 4 15 11 13 20 7 14 8 
student 169: 18 3 5 2 10 8 7 4 1 20 16 13 6 9 12 15 17 11 14 19 
student 170: 5 1 8 6 12 3 10 13 4 16 20 2 7 15 9 14 17 11 18 19 
student 171: 11 17 5 2 18 9 4 20 7 19 10 3 6 8 12 14 13 1 16 15 
student 172: 9 11 8 7 16 4 6 15 3 18 20 13 1 12 5 14 19 2 17 10 
student 173: 10 12 8 13 14 11 3 17 2 9 18 7 4 5 6 20 19 1 16 15 
student 174: 4 3 12 7 18 6 2 15 1 19 20 17 10 11 9 14 16 8 5 13 
student 175: 18 2 4 5 20 1 3 14 7 9 15 16 6 11 8 17 19 10 13 12 
student 176: 4 19 3 18 9 1 7 20 8 13 15 10 2 5 6 12 14 17 11 16 
student 177: 12 6 4 19 7 1 10 16 2 13 18 9 8 5 3 15 20 11 17 14 
student 178: 16 12 5 9 7 1 17 18 2 6 19 11 3 8 14 15 20 10 13 4 
student 179: 8 9 7 1 10 5 11 18 2 14 15 17 3 12 13 20 19 4 16 6 
student 180: 2 8 9 14 17 1 10 6 3 18 20 16 5 19 12 15 13 4 11 7 
student 181: 15 8 10 4 13 2 14 18 3 20 19 9 1 7 6 16 5 11 17 12 
student 182: 9 8 5 3 7 1 13 19 2 14 20 16 4 11 15 18 12 6 17 10 
student 183: 5 6 8 3 10 2 1 18 16 15 13 11 7 12 9 19 20 4 17 14 
student 184: 6 2 15 4 8 3 9 16 1 11 20 12 5 7 10 19 14 13 18 17 
student 185: 12 3 14 4 11 7 5 15 9 19 16 8 1 18 2 10 13 6 20 17 
student 186: 2 6 12 4 13 1 8 16 7 17 18 14 11 9 5 19 20 3 15 10 
student 187: 13 8 11 3 17 2 5 20 4 15 18 9 1 7 6 19 16 12 14 10 
student 188: 15 12 6 11 14 3 5 20 2 16 19 7 10 13 8 9 18 1 17 4 
student 189: 10 8 12 5 16 7 3 20 1 17 18 14 6 13 4 19 15 2 11 9 
student 190: 2 4 8 6 15 7 9 18 3 20 14 10 5 16 1 11 19 13 17 12 
student 191: 13 1 16 3 6 11 4 15 2 9 19 14 5 10 8 20 18 7 12 17 
student 192: 16 8 7 12 5 2 3 15 6 17 18 13 1 10 11 9 20 4 14 19 
student 193: 10 7 6 8 15 3 9 18 1 20 16 11 5 13 2 14 19 12 4 17 
student 194: 6 5 11 7 13 2 1 12 8 14 18 9 4 3 10 16 20 19 15 17 
student 195: 17 9 3 6 18 5 11 19 1 4 14 7 2 8 20 13 16 12 15 10 
student 196: 10 14 5 15 4 3 7 17 2 13 19 11 8 6 9 16 20 1 18 12 
student 197: 12 7 2 14 18 1 6 20 5 17 11 13 9 4 10 19 15 8 3 16 
student 198: 11 9 8 4 13 1 2 16 3 17 19 18 5 10 7 12 20 6 15 14 
student 199: 5 3 8 7 20 4 6 18 2 14 12 10 1 15 11 19 17 9 16 13 
student 200: 10 2 8 6 20 4 3 16 5 15 17 9 1 19 7 12 18 11 13 14 
student 201: 16 4 7 11 17 10 3 14 2 20 15 9 1 6 5 18 19 8 13 12 
student 202: 15 2 7 11 10 4 3 20 1 16 19 12 8 14 5 17 18 6 13 9 
student 203: 8 5 18 12 7 1 11 14 2 15 17 3 4 19 13 16 20 9 10 6 
student 204: 9 3 12 10 11 5 1 16 2 19 17 7 4 13 6 14 20 8 15 18 
student 205: 19 10 6 11 9 3 13 18 7 16 20 12 4 17 1 5 15 2 14 8 
student 206: 9 3 12 15 13 4 6 18 2 19 14 10 1 8 7 17 20 5 16 11 
student 207: 13 4 14 2 9 7 12 8 3 17 16 10 1 18 5 15 19 6 20 11 
student 208: 12 7 6 5 17 9 4 18 2 11 19 20 1 8 10 14 16 3 13 15 
student 209: 14 8 5 20 12 1 4 18 10 16 15 6 9 13 11 17 19 2 3 7 
student 210: 10 1 7 17 14 5 4 20 3 19 16 6 9 2 11 13 18 8 15 12 
student 211: 16 8 10 4 11 3 1 20 6 19 13 9 7 2 12 17 15 14 18 5 
student 212: 11 3 12 9 5 8 4 16 6 15 20 14 2 7 1 13 19 10 18 17 
student 213: 15 6 12 13 9 2 5 11 7 18 20 8 1 16 3 10 14 4 19 17 
student 214: 11 2 6 7 13 8 1 10 3 17 20 16 4 14 5 15 12 9 18 19 
student 215: 13 9 19 8 18 4 12 14 5 20 11 3 2 7 10 15 17 1 16 6 
student 216: 19 5 10 8 12 4 2 20 3 17 15 9 1 11 6 16 18 7 14 13 
student 217: 9 13 6 4 18 1 2 11 5 20 12 10 7 14 8 19 15 3 16 17 
student 218: 19 11 18 15 10 4 6 12 1 8 16 13 2 9 7 5 20 3 14 17 
student 219: 17 5 7 14 9 2 1 13 4 15 16 19 3 12 8 18 20 10 6 11 
student 220: 9 4 16 12 11 3 8 17 2 7 20 10 1 14 5 15 19 6 18 13 
student 221: 20 3 11 5 16 4 8 19 1 15 18 14 7 12 9 10 17 6 2 13 
student 222: 9 2 14 17 10 4 13 12 1 20 15 8 3 7 6 19 18 5 11 16 
student 223: 5 2 6 12 15 3 13 8 1 20 18 14 7 11 4 16 17 9 10 19 
student 224: 8 5 12 10 15 6 7 11 2 18 17 13 4 1 9 20 19 3 16 14 
student 225: 15 3 8 4 14 13 7 18 1 6 17 9 2 12 5 20 19 10 16 11 
student 226: 10 15 7 3 4 6 8 19 5 18 20 14 1 12 2 16 17 9 11 13 
student 227: 1 6 2 8 12 4 13 20 3 15 16 10 5 9 17 19 18 7 14 11 
student 228: 12 6 4 8 10 1 2 14 3 18 17 13 5 11 9 16 19 7 15 20 
student 229: 16 15 4 8 20 11 6 17 5 10 14 12 1 9 2 13 18 3 7 19 
student 230: 17 5 10 12 18 3 4 16 9 14 20 7 2 11 1 8 19 6 15 13 
student 231: 20 6 3 2 14 8 4 18 5 19 16 11 1 13 7 17 15 10 9 12 
student 232: 4 8 7 9 13 6 10 14 2 12 16 17 1 11 5 19 20 3 15 18 
student 233: 11 4 9 6 7 1 8 18 2 16 19 10 5 3 12 17 20 14 15 13 
student 234: 17 4 5 12 15 9 6 20 1 11 18 10 2 8 3 16 14 7 19 13 
student 235: 5 3 14 11 13 1 2 12 9 19 10 4 17 7 15 16 20 8 18 6 
student 236: 11 5 15 4 13 1 10 18 3 17 19 8 2 6 12 16 20 9 14 7 
student 237: 17 10 6 5 16 4 2 13 1 19 11 12 3 8 14 15 20 7 9 18 
student 238: 18 6 9 2 11 1 10 14 5 17 16 12 4 20 3 15 19 7 13 8 
student 239: 11 3 13 4 16 2 5 18 7 14 20 8 1 10 6 17 19 9 12 15 
student 240: 7 11 8 9 15 5 2 17 4 19 20 10 1 13 3 12 16 6 18 14 
student 241: 10 4 7 13 12 2 8 15 6 19 17 14 3 11 1 16 20 5 18 9 
student 242: 4 1 7 5 12 18 6 8 2 16 19 13 3 9 15 17 20 11 14 10 
student 243: 10 3 12 4 16 5 1 20 2 17 18 11 6 9 8 14 19 7 15 13 
student 244: 4 5 8 15 9 1 3 18 2 16 12 14 11 7 10 19 20 6 17 13 
student 245: 16 7 6 4 18 1 11 14 10 19 20 5 3 12 8 15 17 2 9 13 
student 246: 19 5 3 12 18 4 2 15 1 14 16 17 11 7 8 6 20 10 13 9 
student 247: 13 4 10 6 15 1 9 20 2 19 16 11 3 12 18 14 7 5 17 8 
student 248: 6 4 2 7 9 10 14 11 5 15 12 17 1 13 3 20 18 8 16 19 
student 249: 11 3 8 5 13 6 7 18 4 14 15 12 1 9 10 19 20 2 16 17 
student 250: 7 8 16 2 1 3 13 20 5 18 14 15 4 12 9 6 19 11 17 10 
student 251: 10 5 2 9 13 12 6 19 7 16 20 14 8 4 1 18 17 3 15 11 
student 252: 9 1 8 11 16 5 2 13 3 15 20 10 6 12 7 14 17 4 19 18 
student 253: 10 1 8 3 11 6 5 14 4 9 19 15 7 13 12 2 20 16 17 18 
student 254: 14 1 9 3 15 7 4 19 2 16 6 12 5 10 8 17 20 11 13 18 
student 255: 6 12 3 10 17 1 16 11 8 13 20 19 9 5 15 4 18 2 14 7 
student 256: 7 6 12 5 9 4 13 15 1 17 18 10 2 8 16 14 20 3 11 19 
student 257: 4 3 1 11 10 5 6 20 7 18 17 19 2 16 12 8 14 9 13 15 
student 258: 13 6 2 7 12 3 1 20 4 18 16 17 5 9 8 14 19 11 15 10 
student 259: 9 3 4 8 10 5 7 19 2 17 12 16 6 20 11 18 13 1 14 15 
student 260: 15 9 2 6 18 7 4 19 3 17 16 14 1 8 12 10 20 5 11 13 
student 261: 13 5 7 4 19 2 1 20 3 18 15 16 10 11 6 9 17 12 14 8 
student 262: 4 10 1 6 15 5 9 14 3 19 20 13 8 2 11 18 17 7 16 12 
student 263: 12 2 11 10 18 5 8 4 6 17 14 7 3 15 9 20 19 1 16 13 
student 264: 13 2 11 14 12 6 8 20 1 16 17 4 3 9 7 18 15 5 19 10 
student 265: 6 5 7 3 13 2 18 15 14 8 16 9 11 17 10 20 12 1 4 19 
student 266: 12 10 6 3 4 1 8 20 7 19 15 2 5 13 11 18 14 9 17 16 
student 267: 7 6 10 13 20 1 3 15 9 12 19 8 2 5 14 16 18 4 17 11 
student 268: 15 11 10 6 14 2 4 9 3 18 20 19 1 16 5 12 17 7 13 8 
student 269: 13 4 7 17 14 9 3 11 2 15 12 16 1 10 6 18 19 5 20 8 
student 270: 12 6 8 14 16 2 7 18 1 17 19 9 3 11 10 20 4 5 15 13 
student 271: 12 15 10 6 11 3 4 18 1 2 19 9 7 14 5 13 17 8 20 16 
student 272: 18 4 5 6 11 1 13 19 3 17 20 8 9 16 12 15 14 2 10 7 
student 273: 10 4 2 14 20 5 12 11 1 6 16 17 3 8 7 19 18 13 9 15 
student 274: 17 6 13 3 15 2 8 9 1 19 12 4 11 14 7 20 10 5 18 16 
student 275: 3 2 7 9 19 1 12 6 4 20 14 17 5 11 10 16 18 15 13 8 
student 276: 18 3 6 7 17 15 10 16 2 20 14 5 1 9 8 19 11 4 13 12 
student 277: 10 5 6 3 14 2 4 19 1 9 18 7 12 17 15 16 20 11 8 13 
student 278: 14 1 18 8 10 9 3 20 2 16 13 4 5 11 17 19 15 7 12 6 
student 279: 14 3 7 10 6 1 4 19 2 9 20 12 8 11 13 18 16 5 15 17 
student 280: 14 5 9 1 16 4 7 17 2 19 20 3 6 13 8 18 15 11 12 10 
student 281: 11 20 8 5 18 3 4 10 7 14 15 13 6 2 9 17 16 1 19 12 
student 282: 13 5 10 1 9 2 14 16 11 19 20 3 8 4 7 17 18 6 15 12 
student 283: 17 5 7 9 2 1 10 18 3 16 15 8 6 4 12 13 20 14 11 19 
student 284: 13 5 9 8 10 2 7 16 6 20 19 18 3 12 14 15 17 1 11 4 
student 285: 15 4 8 13 12 6 5 18 7 11 19 14 1 9 3 20 16 2 17 10 
student 286: 17 14 10 2 11 7 1 19 12 15 16 8 4 18 3 13 20 6 5 9 
student 287: 3 7 9 10 14 6 2 19 1 15 20 8 4 11 18 13 16 5 17 12 
student 288: 17 12 6 9 5 11 7 19 1 15 18 3 2 10 13 16 20 8 14 4 
student 289: 14 12 2 9 15 7 3 20 4 13 19 8 6 10 1 17 18 5 11 16 
student 290: 14 7 3 1 18 4 11 19 2 17 20 15 9 5 10 8 6 12 16 13 
student 291: 4 3 6 9 16 1 7 18 2 14 12 11 5 13 10 17 20 8 19 15 
student 292: 12 7 17 9 18 2 1 19 6 15 20 11 5 3 4 16 13 8 10 14 
student 293: 18 3 9 5 12 4 1 10 2 17 20 11 14 8 6 13 19 7 16 15 
student 294: 13 8 7 20 18 2 4 19 1 16 10 15 6 9 12 14 17 5 11 3 
student 295: 17 4 10 20 13 2 1 15 3 12 19 9 6 7 8 18 16 5 11 14 
student 296: 14 3 9 4 13 1 11 17 2 12 16 5 6 7 8 18 20 10 15 19 
student 297: 10 7 9 8 14 4 5 18 2 13 19 20 3 15 1 16 17 11 6 12 
student 298: 11 19 13 10 15 2 6 9 5 17 18 1 8 4 7 14 20 3 16 12 
student 299: 12 5 14 6 15 1 2 9 4 19 20 13 10 3 11 17 18 7 8 16 
student 300: 4 1 13 14 12 10 5 15 2 17 11 3 16 9 7 19 20 6 8 18 
student 301: 16 19 7 2 10 4 5 17 6 11 13 15 14 9 8 12 20 1 18 3 
student 302: 2 7 5 1 14 4 12 16 6 18 17 11 9 15 8 13 20 3 19 10 
student 303: 16 4 6 3 19 8 2 9 7 20 17 5 1 12 13 15 18 11 10 14 
student 304: 8 4 9 3 14 1 20 18 6 10 19 11 2 7 5 17 16 13 15 12 
student 305: 17 4 12 11 10 3 7 18 5 2 14 15 1 16 13 6 9 8 19 20 
student 306: 16 8 1 3 10 11 6 20 2 18 9 13 5 15 4 17 19 12 14 7 
student 307: 4 5 8 3 20 2 6 14 7 10 19 11 17 9 16 13 18 1 12 15 
student 308: 4 7 10 5 15 1 9 13 3 19 20 14 2 12 11 16 18 6 8 17 
student 309: 9 4 11 3 20 8 5 18 6 17 10 15 2 13 7 12 19 1 16 14 
student 310: 11 7 13 10 8 2 3 19 1 17 20 12 6 15 4 14 18 5 9 16 
student 311: 4 1 17 19 3 2 6 12 7 11 20 14 5 15 13 8 16 10 9 18 
student 312: 12 5 14 13 10 1 6 18 4 15 19 7 2 9 8 16 17 3 11 20 
student 313: 14 6 11 18 17 4 8 12 3 16 15 7 1 19 10 13 9 5 20 2 
student 314: 9 13 4 8 16 3 7 10 2 18 20 12 5 6 1 17 19 11 15 14 
student 315: 19 1 17 3 20 4 6 15 2 11 7 13 5 9 12 14 16 8 18 10 
student 316: 8 2 7 9 16 4 1 15 3 17 19 11 6 14 10 18 20 5 13 12 
student 317: 14 2 13 1 18 12 8 7 5 20 10 15 4 9 3 19 17 6 16 11 
student 318: 9 4 11 13 17 1 3 19 10 18 20 12 2 5 6 7 14 8 16 15 
student 319: 14 6 16 5 11 4 7 17 8 9 13 20 2 12 3 15 19 1 10 18 
student 320: 8 4 11 7 20 5 12 19 2 17 13 9 3 15 6 16 18 1 10 14 
student 321: 12 15 17 9 8 7 2 20 3 18 19 5 6 1 11 10 13 4 14 16 
student 322: 16 1 7 5 12 3 2 18 4 14 19 15 11 9 10 13 17 6 20 8 
student 323: 20 5 4 6 12 8 3 13 1 18 16 10 14 15 9 19 11 7 2 17 
student 324: 12 3 11 4 18 2 8 19 1 17 20 5 10 9 7 13 15 6 16 14 
student 325: 16 5 6 11 3 2 9 20 8 17 19 15 4 13 12 1 7 10 18 14 
student 326: 12 1 9 6 5 14 18 15 7 20 17 4 2 13 8 19 10 3 11 16 
student 327: 9 3 11 12 14 2 6 13 5 18 20 4 1 8 7 17 15 16 10 19 
student 328: 10 5 4 3 11 7 8 16 6 20 14 12 2 9 13 17 18 1 19 15 
student 329: 13 15 11 8 17 3 10 18 1 12 4 19 2 6 9 20 16 5 7 14 
student 330: 18 8 12 9 13 4 3 11 1 17 19 10 2 7 6 14 20 5 15 16 
student 331: 1 5 11 7 15 2 8 10 3 20 19 18 9 12 13 16 14 4 17 6 
student 332: 7 1 16 14 18 2 3 19 11 15 13 10 5 9 4 12 20 8 17 6 
student 333: 17 5 2 7 8 3 1 19 4 20 12 11 13 9 10 18 15 6 14 16 
student 334: 11 2 10 8 19 3 20 18 1 17 13 5 4 9 6 7 14 16 15 12 
student 335: 5 7 11 14 10 2 1 18 4 16 20 19 8 9 3 13 17 6 12 15 
student 336: 14 11 6 1 4 10 5 20 7 19 17 18 2 12 13 8 15 9 16 3 
student 337: 12 1 4 7 10 3 8 17 2 16 5 14 6 11 9 15 13 20 19 18 
student 338: 12 2 8 9 20 6 17 15 1 11 16 10 3 5 4 14 18 7 13 19 
student 339: 9 3 8 5 10 2 7 6 1 18 20 19 4 12 16 15 17 11 13 14 
student 340: 19 9 14 11 15 1 6 17 5 18 2 13 10 3 8 12 20 7 4 16 
student 341: 11 7 10 1 16 13 6 20 5 12 14 4 3 2 8 15 19 9 17 18 
student 342: 8 6 10 4 9 2 19 16 1 15 17 3 5 18 14 11 20 12 13 7 
student 343: 19 1 18 7 14 2 6 16 3 11 20 8 4 13 10 15 9 5 17 12 
student 344: 16 6 11 9 15 3 12 19 4 7 18 13 1 14 5 8 17 2 10 20 
student 345: 19 6 8 16 13 2 7 18 1 15 14 10 3 12 5 17 20 4 11 9 
student 346: 10 13 8 3 12 1 6 15 4 17 14 9 2 11 7 20 19 5 18 16 
student 347: 3 4 17 8 14 1 5 6 2 18 19 20 7 11 9 13 15 10 16 12 
student 348: 19 8 4 5 2 1 3 17 6 18 13 20 7 9 16 11 14 12 15 10 
student 349: 8 6 19 18 17 4 1 15 5 16 14 10 7 9 12 13 20 3 11 2 
student 350: 9 8 11 13 19 1 3 15 2 12 20 16 4 10 5 18 14 17 7 6 
student 351: 18 5 3 10 19 2 9 20 4 17 15 6 1 12 8 14 16 11 13 7 
student 352: 14 11 5 1 6 7 9 19 2 17 18 4 8 20 3 13 15 10 16 12 
student 353: 4 7 9 1 20 13 3 5 6 16 8 12 2 10 11 17 18 14 19 15 
student 354: 7 2 12 10 16 6 4 20 1 5 19 14 3 9 8 15 13 18 11 17 
student 355: 18 11 3 14 4 7 8 17 1 20 19 16 2 6 9 15 12 5 10 13 
student 356: 11 2 13 4 10 1 14 19 7 15 18 9 6 3 8 12 17 5 16 20 
student 357: 4 8 13 18 19 3 6 17 2 7 20 16 1 10 11 14 12 9 15 5 
student 358: 4 12 8 7 6 2 9 20 14 17 11 3 1 15 5 13 18 10 16 19 
student 359: 7 9 4 10 12 5 6 16 2 15 20 13 8 17 1 18 14 3 19 11 
student 360: 4 6 10 18 12 3 2 16 11 13 15 20 7 17 1 14 19 9 8 5 
student 361: 11 4 6 8 14 3 10 16 1 13 18 9 5 7 12 19 17 15 20 2 
student 362: 13 3 12 1 19 2 8 18 5 9 20 15 7 4 14 11 16 6 17 10 
student 363: 18 6 9 10 15 5 17 20 2 12 13 14 3 1 7 8 19 4 16 11 
student 364: 14 5 13 15 19 3 7 10 6 11 20 18 1 8 4 17 16 9 12 2 
student 365: 7 11 10 4 17 1 3 16 2 19 20 12 5 15 8 18 14 6 9 13 
student 366: 14 4 11 10 8 3 2 13 12 20 16 6 9 7 17 1 15 5 19 18 
student 367: 14 6 16 8 15 3 7 12 2 17 13 5 1 11 9 10 20 4 19 18 
student 368: 12 4 15 7 9 5 6 18 3 14 10 13 1 11 8 16 17 2 19 20 
student 369: 9 11 4 1 13 10 6 8 3 20 19 7 2 17 12 14 15 16 18 5 
student 370: 9 8 6 13 20 2 5 16 3 10 7 18 1 15 17 12 14 4 19 11 
student 371: 14 5 11 4 2 1 10 16 7 15 19 13 8 12 6 3 17 9 20 18 
student 372: 11 5 9 8 12 6 1 17 3 14 20 16 7 10 4 19 18 2 13 15 
student 373: 18 9 10 2 13 1 3 16 8 11 14 6 5 12 4 19 20 7 17 15 
student 374: 17 7 6 4 20 3 5 10 1 16 18 14 8 12 2 9 19 13 11 15 
student 375: 17 2 9 10 11 4 5 18 7 16 14 1 8 13 12 20 19 6 15 3 
student 376: 3 2 8 14 10 7 13 6 4 18 20 16 1 15 5 19 17 11 12 9 
student 377: 20 2 10 12 9 1 7 18 4 15 19 6 8 5 11 14 16 3 13 17 
student 378: 8 14 12 1 10 13 19 17 2 16 11 5 4 6 3 18 20 7 15 9 
student 379: 7 8 19 6 16 4 11 20 3 14 15 9 2 5 1 18 17 10 13 12 
student 380: 12 9 6 16 11 3 7 20 1 13 19 8 2 4 5 18 17 14 10 15 
student 381: 15 6 1 10 16 7 5 20 2 17 18 3 4 9 8 14 19 11 12 13 
student 382: 8 1 19 10 15 4 7 20 2 17 14 13 5 9 11 16 6 3 18 12 
student 383: 10 1 9 3 12 4 11 20 2 13 17 8 6 18 7 14 19 5 16 15 
student 384: 13 3 10 9 11 5 7 16 2 20 18 6 4 1 14 17 19 8 15 12 
student 385: 17 4 2 7 13 1 12 10 3 19 14 9 5 20 8 18 15 6 16 11 
student 386: 13 2 5 4 14 10 8 20 1 18 16 15 3 12 9 6 17 11 7 19 
student 387: 7 20 5 13 18 2 1 19 6 12 10 4 8 16 9 11 14 3 15 17 
student 388: 7 3 9 8 10 4 11 18 2 17 16 14 5 12 6 15 20 1 19 13 
student 389: 20 8 10 12 16 1 5 9 3 15 17 18 4 13 7 6 19 2 14 11 
student 390: 7 2 5 9 15 1 8 12 3 13 19 10 6 17 11 16 20 4 18 14 
student 391: 11 5 9 3 10 6 2 18 1 20 17 7 4 14 12 15 19 8 16 13 
student 392: 12 4 2 13 20 6 15 17 1 14 18 3 5 7 10 11 16 8 19 9 
student 393: 8 11 5 6 18 1 4 15 3 13 20 10 2 12 9 14 17 7 19 16 
student 394: 18 10 5 2 13 4 1 11 12 20 19 8 6 16 3 14 17 7 15 9 
student 395: 7 5 12 9 6 3 10 20 2 19 14 17 8 4 11 16 13 1 15 18 
student 396: 11 4 2 9 17 6 14 15 1 18 13 10 7 8 3 20 19 5 16 12 
student 397: 18 4 10 6 7 9 1 16 2 17 13 5 11 3 15 14 19 12 20 8 
student 398: 11 4 7 5 17 1 6 18 2 16 20 10 8 9 13 15 12 3 19 14 
student 399: 14 6 11 5 18 2 4 19 1 17 12 10 3 16 9 15 20 7 13 8 
student 400: 8 4 15 6 19 1 3 11 10 16 20 7 12 14 2 13 18 5 17 9 
student 401: 11 3 9 7 19 4 6 15 2 14 18 17 1 5 10 20 13 8 16 12 
student 402: 8 3 7 6 14 1 17 20 2 15 19 13 4 9 5 12 16 11 18 10 
student 403: 13 1 5 4 12 8 11 20 6 19 16 9 3 15 7 14 17 10 18 2 
student 404: 13 5 3 9 15 2 7 18 1 14 19 11 4 6 12 17 16 8 20 10 
student 405: 10 11 8 19 9 3 4 18 1 14 16 7 2 6 13 20 17 5 15 12 
student 406: 15 5 17 9 18 2 8 12 1 19 20 11 3 4 14 16 13 6 10 7 
student 407: 16 3 10 7 18 4 6 17 1 20 12 13 2 11 5 15 19 8 14 9 
student 408: 15 4 8 3 18 10 9 13 6 17 19 14 1 7 2 16 20 12 11 5 
student 409: 9 5 14 11 13 2 12 19 1 15 18 20 3 6 4 16 17 7 8 10 
student 410: 16 2 9 6 13 3 10 18 4 19 17 7 5 8 20 1 14 11 15 12 
student 411: 18 1 2 9 10 12 5 15 4 19 20 6 11 7 3 13 14 8 16 17 
student 412: 12 3 7 2 20 5 9 14 10 18 16 11 1 8 17 15 13 4 19 6 
student 413: 11 1 12 5 16 4 3 19 2 14 18 10 6 8 9 17 20 7 15 13 
student 414: 10 3 7 9 12 4 6 19 5 20 17 14 2 8 11 13 16 1 18 15 
student 415: 11 6 9 4 14 1 3 17 7 19 16 12 2 10 5 20 18 8 15 13 
student 416: 10 1 2 3 12 4 8 17 6 19 20 7 14 5 13 18 16 9 11 15 
student 417: 13 9 10 7 11 2 5 16 4 8 19 20 1 14 3 15 18 6 17 12 
student 418: 4 1 10 9 17 2 8 15 5 19 20 11 3 14 7 18 16 6 12 13 
student 419: 12 3 10 7 8 4 11 16 1 15 14 5 9 6 2 19 20 17 13 18 
student 420: 5 7 18 14 15 4 6 19 2 20 11 1 3 8 9 10 16 12 17 13 
student 421: 8 15 16 4 13 2 5 12 1 18 19 6 10 17 14 9 20 3 7 11 
student 422: 20 5 8 4 14 2 16 17 3 15 19 10 1 13 6 7 18 11 9 12 
student 423: 5 10 6 2 13 4 11 16 3 20 18 12 1 7 8 15 14 9 17 19 
student 424: 15 5 6 8 14 3 2 18 1 19 20 11 13 10 9 17 16 4 7 12 
student 425: 6 2 11 12 13 3 10 18 4 17 20 9 1 8 7 15 19 5 16 14 
student 426: 17 4 12 1 16 9 5 15 10 18 20 8 6 3 7 13 11 2 19 14 
student 427: 11 3 12 10 9 17 6 15 1 16 20 7 4 5 8 18 13 2 14 19 
student 428: 19 14 6 4 9 1 5 13 3 17 16 7 2 20 15 12 18 11 10 8 
student 429: 13 7 11 6 17 2 4 14 1 16 18 12 3 8 9 19 20 5 10 15 
student 430: 5 6 13 11 2 8 4 12 1 19 16 10 3 9 7 18 15 17 20 14 
student 431: 6 8 1 4 17 3 2 19 5 13 14 12 10 7 11 20 18 16 15 9 
student 432: 11 9 4 12 6 1 7 18 2 16 15 19 3 5 13 17 20 10 8 14 
student 433: 1 4 11 9 10 2 3 13 6 20 19 16 7 14 15 17 18 8 12 5 
student 434: 19 11 7 6 13 4 8 18 2 10 15 9 3 17 1 20 12 16 14 5 
student 435: 11 8 9 6 17 2 4 18 1 15 20 10 3 12 7 19 16 5 13 14 
student 436: 10 3 2 4 14 8 1 13 9 20 17 12 5 6 7 19 18 15 11 16 
student 437: 11 9 10 1 17 4 2 14 8 7 18 13 12 5 3 16 19 6 15 20 
student 438: 7 13 20 14 6 8 11 19 5 17 16 10 4 1 2 15 18 9 3 12 
student 439: 14 6 12 8 13 2 3 19 7 18 20 9 1 16 5 15 17 10 4 11 
student 440: 11 5 9 8 13 6 4 20 2 16 17 3 7 12 1 19 18 10 15 14 
student 441: 10 6 9 2 15 3 7 18 1 12 16 4 5 17 11 19 20 8 14 13 
student 442: 9 3 6 10 14 2 1 20 8 18 19 5 12 16 4 13 17 7 15 11 
student 443: 18 5 14 10 8 1 4 17 2 13 20 16 3 9 6 19 15 7 11 12 
student 444: 19 10 13 6 9 2 11 18 1 17 16 3 5 8 7 14 15 4 12 20 
student 445: 7 2 12 4 14 3 8 17 5 15 20 10 6 9 1 18 16 19 13 11 
student 446: 6 3 4 7 14 8 12 18 5 15 20 9 2 1 10 19 16 17 11 13 
student 447: 11 18 13 7 14 2 8 19 3 16 17 12 9 10 5 6 15 4 20 1 
student 448: 14 8 10 11 9 4 1 15 2 3 17 16 5 13 18 20 19 7 12 6 
student 449: 12 1 19 6 15 5 3 14 2 17 20 11 8 7 9 13 18 4 10 16 
student 450: 13 1 8 4 16 6 14 17 2 18 20 9 5 12 3 7 19 10 11 15 
student 451: 3 6 12 9 20 5 7 19 4 10 18 13 2 11 1 17 15 8 16 14 
student 452: 8 1 17 3 13 4 12 19 2 16 20 11 5 6 7 9 18 10 15 14 
student 453: 16 7 14 12 6 10 3 11 9 18 19 5 1 4 8 15 20 2 13 17 
student 454: 8 6 3 4 16 2 9 17 7 13 14 19 1 18 12 11 15 10 5 20 
student 455: 9 7 11 17 19 1 3 20 4 6 16 10 2 5 14 18 15 8 12 13 
student 456: 10 6 7 3 16 2 5 15 8 13 19 11 14 17 9 18 20 1 4 12 
student 457: 7 3 10 5 14 16 2 18 8 15 17 19 4 12 6 11 20 1 9 13 
student 458: 10 5 16 7 18 11 6 17 4 15 20 12 1 8 9 3 14 2 19 13 
student 459: 17 2 10 9 16 3 5 19 1 13 20 8 6 4 11 12 14 7 18 15 
student 460: 4 5 14 9 17 6 3 11 2 16 20 1 10 13 12 15 19 7 8 18 
student 461: 7 2 12 15 14 1 4 17 8 10 18 13 11 3 5 20 19 6 16 9 
student 462: 12 1 9 5 10 4 8 16 7 13 20 19 3 2 6 18 17 11 14 15 
student 463: 16 1 6 4 14 8 7 19 3 15 18 13 11 9 5 17 20 2 10 12 
student 464: 15 9 10 8 19 2 5 14 3 6 18 17 7 11 1 12 20 4 16 13 
student 465: 10 1 8 6 14 12 7 19 3 11 20 9 5 2 15 16 18 4 13 17 
student 466: 15 7 5 4 16 2 10 8 1 17 20 9 6 14 11 19 18 3 12 13 
student 467: 11 4 2 3 13 8 7 18 1 19 16 10 5 12 9 17 20 6 15 14 
student 468: 14 11 8 12 13 2 4 20 1 18 19 6 5 10 3 15 17 7 16 9 
student 469: 10 15 13 11 18 2 3 19 1 17 20 12 5 16 8 14 9 4 7 6 
student 470: 20 6 5 10 14 1 3 4 19 16 17 11 2 7 12 15 18 9 13 8 
student 471: 16 6 12 4 14 7 2 20 1 11 17 15 10 8 3 19 5 13 18 9 
student 472: 15 5 6 10 18 3 4 16 8 19 20 9 7 11 2 13 17 1 14 12 
student 473: 10 3 9 14 18 2 6 8 5 11 17 16 1 20 7 19 15 4 13 12 
student 474: 4 8 6 15 9 5 11 19 2 16 20 7 1 17 10 12 18 3 13 14 
student 475: 11 20 8 6 12 4 5 14 2 16 17 3 10 1 7 9 19 13 18 15 
student 476: 6 1 5 10 19 4 2 20 3 18 8 15 12 11 9 16 17 7 14 13 
student 477: 12 4 10 7 13 6 1 15 17 19 18 8 2 5 9 20 14 3 11 16 
student 478: 6 11 10 9 5 8 4 14 1 20 18 19 3 7 16 12 15 2 13 17 
student 479: 16 3 12 10 20 5 11 14 1 19 9 6 2 8 4 18 17 7 15 13 
student 480: 7 5 12 13 14 3 1 18 11 8 20 10 2 9 6 16 15 4 19 17 
student 481: 8 9 15 13 14 4 5 18 1 12 20 6 7 2 10 16 19 3 11 17 
student 482: 10 3 13 5 16 8 2 11 1 9 19 7 15 6 17 14 20 4 18 12 
student 483: 19 8 12 6 15 5 4 17 1 20 16 11 2 10 7 14 18 3 9 13 
student 484: 11 5 8 6 13 3 1 19 4 18 20 10 9 2 14 17 12 7 15 16 
student 485: 9 5 8 10 17 1 6 19 4 18 20 11 3 7 15 14 16 2 12 13 
student 486: 12 8 10 1 17 7 4 20 2 14 18 11 3 9 19 15 16 5 6 13 
student 487: 12 3 10 9 14 5 4 20 1 19 15 7 2 11 6 13 18 8 17 16 
student 488: 7 1 5 12 13 9 8 15 4 17 16 3 2 6 10 19 20 18 11 14 
student 489: 8 4 7 14 16 5 1 20 3 19 15 13 2 10 6 17 18 9 12 11 
student 490: 10 7 14 3 18 1 4 16 6 19 17 12 2 8 5 15 20 9 13 11 
student 491: 3 4 5 8 7 2 14 15 1 16 20 13 9 10 17 12 18 6 19 11 
student 492: 6 2 14 10 9 1 7 17 5 19 20 8 11 12 4 15 18 3 16 13 
student 493: 11 3 7 6 9 8 5 17 1 20 16 14 4 15 2 12 19 10 18 13 
student 494: 6 15 16 12 10 4 7 13 1 19 20 5 2 11 8 14 18 3 9 17 
student 495: 13 5 3 1 19 16 10 20 2 6 14 18 8 12 11 17 15 7 9 4 
student 496: 19 4 11 5 12 2 3 20 9 15 18 8 1 10 7 16 14 17 13 6 
student 497: 19 9 11 3 18 7 6 16 5 20 14 13 4 1 10 12 15 8 17 2 
student 498: 20 7 3 5 6 1 8 19 2 18 10 13 4 16 15 14 12 11 9 17 
student 499: 2 8 10 6 13 4 3 19 1 16 20 11 7 12 9 17 18 5 15 14 
student 500: 8 2 18 3 7 6 5 16 1 19 15 13 11 17 4 12 20 10 14 9 
student 501: 8 5 12 15 11 6 4 14 3 16 19 9 7 2 1 20 18 10 13 17 
student 502: 4 8 9 3 17 2 7 13 6 12 19 16 1 5 14 11 20 10 18 15 
student 503: 1 2 10 8 15 4 7 16 5 17 20 11 3 6 13 19 18 9 14 12 
student 504: 11 16 18 13 2 4 7 20 12 10 17 8 5 6 1 15 19 3 14 9 
student 505: 3 1 15 14 4 7 5 20 2 18 19 6 11 9 13 16 12 10 17 8 
student 506: 13 3 11 4 14 5 7 18 2 8 20 6 1 12 9 17 19 10 16 15 
student 507: 5 3 13 2 14 1 6 17 12 18 20 11 9 10 4 16 19 7 15 8 
student 508: 19 6 1 13 17 7 5 16 2 18 9 10 3 11 4 14 20 8 12 15 
student 509: 16 5 3 9 17 4 8 18 1 20 2 13 6 12 11 10 19 7 14 15 
student 510: 12 5 3 6 20 1 13 11 8 17 14 7 4 2 10 15 19 9 16 18 
student 511: 14 8 10 5 13 4 1 20 3 18 15 11 9 6 7 17 19 2 16 12 
student 512: 12 8 16 10 18 5 3 20 7 17 19 11 1 6 4 14 15 9 13 2 
student 513: 14 6 10 7 12 5 4 20 1 15 16 9 2 11 3 13 19 8 17 18 
student 514: 9 3 18 13 4 2 8 17 6 19 20 5 10 16 7 12 15 11 1 14 
student 515: 9 2 5 3 12 7 10 15 8 18 20 16 1 4 14 11 19 6 17 13 
student 516: 12 5 6 7 3 4 9 16 2 13 18 19 1 14 8 17 20 10 15 11 
student 517: 12 4 9 3 18 1 2 7 6 16 14 13 5 11 10 17 19 8 20 15 
student 518: 14 2 11 7 16 4 3 17 5 19 18 8 1 12 9 15 20 6 10 13 
student 519: 6 9 8 4 20 7 10 12 1 18 19 15 2 16 5 11 13 3 17 14 
student 520: 14 6 11 1 13 5 4 20 2 15 17 8 7 10 9 19 18 3 16 12 
student 521: 17 7 12 8 19 5 6 13 4 20 15 3 2 18 9 11 16 10 1 14 
student 522: 11 12 2 10 6 1 3 9 5 19 15 4 7 8 13 14 20 16 17 18 
student 523: 13 7 5 4 18 1 2 17 11 16 19 6 3 8 14 15 20 12 9 10 
student 524: 10 2 6 9 13 1 12 18 7 16 20 8 3 5 11 19 17 4 14 15 
student 525: 15 1 13 5 14 3 9 16 2 17 18 8 7 11 10 12 19 4 20 6 
student 526: 14 3 4 12 9 7 6 20 2 15 18 5 10 13 1 19 17 11 16 8 
student 527: 16 3 9 7 18 1 6 19 2 15 8 11 10 5 4 17 20 13 12 14 
student 528: 13 4 2 5 11 9 6 18 3 16 12 19 1 8 10 15 17 20 14 7 
student 529: 11 2 12 7 20 3 6 18 1 13 15 16 4 9 14 17 19 10 5 8 
student 530: 8 2 5 16 18 10 6 12 1 14 19 9 11 7 3 20 17 4 13 15 
student 531: 11 3 4 9 15 6 19 7 5 16 18 8 1 10 2 14 20 12 17 13 
student 532: 7 8 15 10 11 3 2 19 4 20 9 16 5 12 1 18 14 6 13 17 
student 533: 7 13 11 17 10 5 8 2 4 12 15 1 6 16 9 18 20 3 19 14 
student 534: 15 1 5 3 12 7 16 20 4 13 9 11 2 14 6 18 17 10 8 19 
student 535: 6 8 15 3 13 14 10 17 1 4 18 7 2 20 5 11 19 9 16 12 
student 536: 17 10 13 12 6 1 8 19 7 2 18 14 3 15 9 20 11 4 5 16 
student 537: 11 3 9 1 16 4 5 18 7 12 19 13 2 10 6 17 15 8 20 14 
student 538: 14 5 17 10 15 2 12 11 3 18 19 16 4 13 7 9 20 8 6 1 
student 539: 9 17 10 13 18 5 7 16 4 12 19 3 1 14 6 20 15 2 8 11 
student 540: 9 5 11 7 20 2 6 18 3 15 19 10 4 17 8 14 13 1 16 12 
student 541: 15 6 12 8 11 1 7 20 5 18 13 10 4 17 3 16 19 2 9 14 
student 542: 14 2 12 5 11 6 18 15 3 17 20 9 1 4 10 8 19 7 16 13 
student 543: 8 10 16 4 19 3 1 13 5 12 20 7 9 17 18 11 15 14 6 2 
student 544: 7 1 13 2 16 3 8 20 5 12 19 14 9 4 10 18 15 6 11 17 
student 545: 17 5 14 2 12 3 9 19 8 15 20 10 1 7 13 4 18 6 16 11 
student 546: 11 2 14 9 12 1 7 4 8 18 13 15 5 6 3 20 19 10 17 16 
student 547: 16 1 8 19 18 5 4 17 7 20 9 6 10 11 3 13 12 2 15 14 
student 548: 10 8 9 12 5 6 2 17 7 19 20 11 1 13 3 14 16 4 18 15 
student 549: 6 10 16 14 12 3 11 19 1 15 18 9 5 4 7 13 17 2 8 20 
student 550: 17 3 18 13 10 2 11 19 4 15 9 5 1 7 12 16 20 6 8 14 
student 551: 13 1 17 10 8 4 5 9 3 16 18 14 6 12 7 11 19 2 15 20 
student 552: 10 8 2 17 12 6 9 16 1 14 19 11 3 5 13 20 15 4 18 7 
student 553: 12 9 10 7 15 6 4 20 1 18 19 13 2 3 8 14 16 5 11 17 
student 554: 8 12 7 14 17 6 1 19 2 15 10 5 4 16 11 18 20 3 9 13 
student 555: 17 3 12 2 5 8 1 14 6 19 15 13 7 10 4 18 16 11 9 20 
student 556: 9 5 7 11 17 8 13 18 2 20 14 4 3 1 12 15 19 6 16 10 
student 557: 14 8 10 6 13 4 9 15 3 19 11 2 7 12 1 20 18 16 17 5 
student 558: 4 2 6 10 14 1 5 17 8 15 20 7 3 9 13 18 19 12 16 11 
student 559: 10 5 9 2 15 4 6 17 13 18 20 12 3 8 7 19 11 1 14 16 
student 560: 15 2 19 8 16 12 4 6 1 13 7 5 11 9 18 14 10 3 20 17 
student 561: 8 2 13 10 17 6 3 20 1 18 15 16 4 7 9 11 19 5 12 14 
student 562: 19 8 2 9 7 4 1 15 10 12 20 17 5 13 11 18 16 14 6 3 
student 563: 7 8 4 9 18 5 6 19 2 11 14 10 1 16 15 13 20 3 17 12 
student 564: 16 7 4 9 2 3 6 19 5 18 15 14 1 10 13 12 17 11 8 20 
student 565: 4 7 2 18 10 1 6 20 5 13 19 3 8 11 17 15 14 9 12 16 
student 566: 16 8 11 10 13 1 4 18 2 17 20 9 5 7 6 15 19 3 14 12 
student 567: 16 3 9 5 10 6 7 19 1 20 13 4 2 8 18 15 17 11 12 14 
student 568: 17 4 13 7 15 2 3 11 1 6 5 14 9 12 10 20 19 8 18 16 
student 569: 20 2 10 9 13 6 5 11 1 18 19 4 8 3 7 15 14 16 17 12 
student 570: 13 6 7 4 12 1 2 20 3 17 18 8 11 10 5 14 19 9 16 15 
student 571: 8 1 5 4 19 6 9 10 2 17 18 15 7 11 13 14 20 3 16 12 
student 572: 19 10 14 7 20 1 5 15 2 9 18 17 6 3 13 8 4 12 16 11 
student 573: 7 2 18 4 10 6 8 20 1 15 19 17 9 12 3 11 14 5 16 13 
student 574: 13 4 3 11 15 9 5 20 8 17 18 7 2 12 10 16 6 1 14 19 
student 575: 17 6 19 14 7 1 5 13 8 9 20 4 3 15 2 16 18 10 11 12 
student 576: 6 4 10 16 14 3 7 18 5 13 17 8 2 1 11 15 20 9 19 12 
student 577: 6 2 8 15 20 3 5 13 1 14 18 12 4 11 7 9 19 16 10 17 
student 578: 18 2 14 10 15 5 6 20 1 12 13 8 4 11 3 16 19 7 9 17 
student 579: 12 5 16 4 7 3 10 18 1 19 14 6 2 11 9 13 20 8 17 15 
student 580: 13 2 8 17 11 3 15 12 1 10 14 9 6 20 4 19 18 16 7 5 
student 581: 17 7 1 13 10 4 5 20 3 9 12 8 2 16 15 11 18 6 14 19 
student 582: 18 5 7 6 4 1 13 20 2 15 12 14 9 10 8 17 16 11 19 3 
student 583: 13 5 3 16 15 6 7 8 2 18 20 11 4 12 1 17 19 9 14 10 
student 584: 19 7 9 12 18 4 1 15 3 13 17 8 5 2 6 10 16 11 14 20 
student 585: 7 4 9 2 13 3 6 17 1 16 20 14 5 10 8 15 18 11 12 19 
student 586: 12 8 7 5 14 2 3 15 1 20 19 11 4 6 18 17 13 9 10 16 
student 587: 13 4 6 2 15 5 7 11 3 16 18 14 1 8 10 17 19 12 20 9 
student 588: 20 10 5 1 12 4 19 15 2 14 16 9 3 8 11 18 17 7 13 6 
student 589: 8 4 11 6 15 1 2 14 5 19 18 13 3 9 10 17 20 7 12 16 
student 590: 11 9 10 6 17 13 1 20 7 12 15 5 3 2 8 19 18 4 14 16 
student 591: 5 3 11 9 13 4 6 20 1 15 18 2 7 12 8 17 16 10 19 14 
student 592: 15 2 6 4 12 1 5 16 3 14 17 9 10 13 8 7 18 11 20 19 
student 593: 6 10 11 4 12 2 1 18 8 14 20 13 3 7 19 15 17 5 16 9 
student 594: 12 3 2 7 17 4 13 20 1 16 19 15 5 10 8 14 18 6 11 9 
student 595: 14 8 11 12 18 6 20 16 2 4 9 10 3 7 1 13 17 5 19 15 
student 596: 14 1 5 8 12 2 15 17 3 9 19 11 6 4 13 20 18 7 16 10 
student 597: 7 4 14 1 13 8 15 17 2 10 20 5 12 9 3 11 18 6 16 19 
student 598: 14 6 2 13 16 4 7 12 1 18 19 11 8 5 9 17 20 3 15 10 
student 599: 18 5 3 8 7 1 6 15 12 9 20 4 2 13 10 17 19 11 16 14 
student 600: 5 8 12 6 13 3 1 17 4 14 19 11 9 16 7 15 18 2 20 10 
student 601: 14 5 6 10 3 7 4 18 2 12 20 13 1 8 15 17 16 9 19 11 
student 602: 12 5 7 4 19 3 2 9 6 13 11 14 1 8 15 20 18 16 10 17 
student 603: 8 4 19 6 13 3 12 15 1 16 17 7 2 11 10 18 20 9 14 5 
student 604: 15 5 9 1 16 3 7 10 2 18 20 11 4 8 6 13 19 12 17 14 
student 605: 19 2 7 14 20 3 1 16 4 15 17 8 9 6 5 18 13 12 10 11 
student 606: 14 7 18 8 16 2 11 13 3 17 15 10 4 9 5 12 19 1 6 20 
student 607: 10 3 11 13 16 2 1 8 6 17 20 9 5 19 12 15 18 4 7 14 
student 608: 9 2 19 20 4 5 7 10 11 15 17 14 13 1 3 16 18 6 8 12 
student 609: 11 15 9 4 13 2 1 19 3 16 18 5 6 7 8 12 20 10 17 14 
student 610: 13 6 16 1 2 3 10 14 5 18 19 4 15 7 11 9 20 8 12 17 
student 611: 12 7 6 14 20 2 13 16 1 10 18 3 5 8 11 15 17 4 19 9 
student 612: 11 3 1 9 10 2 6 19 17 15 18 13 4 5 12 14 20 7 16 8 
student 613: 15 2 14 11 16 3 13 20 1 12 19 5 6 4 7 18 17 10 9 8 
student 614: 10 11 13 2 17 5 1 18 7 3 6 16 4 9 12 14 19 8 20 15 
student 615: 10 2 4 8 17 11 7 6 1 12 9 14 3 18 13 15 20 5 19 16 
student 616: 17 2 9 3 15 1 6 11 7 14 20 13 5 4 16 18 19 8 12 10 
student 617: 13 4 6 5 15 8 1 20 10 12 19 17 11 9 3 16 14 2 18 7 
student 618: 12 8 10 7 18 4 9 19 2 14 20 5 15 11 3 6 16 1 13 17 
student 619: 13 5 6 11 14 1 2 18 3 15 19 12 4 10 7 17 20 8 9 16 
student 620: 16 1 7 19 15 4 9 14 2 17 11 10 6 20 3 12 13 8 18 5 
student 621: 10 4 8 14 15 12 11 9 3 20 19 18 1 17 13 16 2 5 6 7 
student 622: 17 2 15 5 11 1 8 19 6 12 14 13 3 16 9 10 18 4 7 20 
student 623: 11 3 1 10 16 2 9 19 6 18 20 15 4 5 12 14 7 8 13 17 
student 624: 4 6 10 2 13 7 1 17 9 20 12 16 5 3 11 8 18 14 15 19 
student 625: 12 8 6 3 16 5 7 19 1 18 20 11 2 10 9 15 17 4 13 14 
student 626: 9 2 7 11 20 3 1 16 12 18 15 13 5 8 4 17 19 6 10 14 
student 627: 15 8 11 14 13 1 4 12 2 17 19 7 5 6 9 16 20 3 10 18 
student 628: 11 13 3 20 18 2 1 6 4 17 19 10 8 5 9 15 16 12 7 14 
student 629: 6 10 12 1 15 5 7 9 4 20 14 16 2 3 17 18 19 8 11 13 
student 630: 13 11 10 7 16 5 8 15 4 18 19 6 3 9 2 17 20 1 12 14 
student 631: 15 4 19 6 13 7 5 18 1 9 20 8 3 12 11 10 16 2 17 14 
student 632: 11 6 16 5 15 14 4 20 1 10 19 3 12 8 7 13 17 2 18 9 
student 633: 14 4 6 8 9 3 2 13 1 18 20 7 5 11 12 16 19 10 17 15 
student 634: 9 13 5 19 11 2 3 16 4 18 20 7 1 15 10 14 17 8 12 6 
student 635: 17 6 2 11 10 4 7 12 1 18 19 16 3 20 14 9 13 8 15 5 
student 636: 11 15 6 10 9 1 3 17 2 20 13 16 8 5 4 19 14 12 18 7 
student 637: 12 7 10 3 13 1 8 18 9 17 19 11 4 5 2 20 15 6 14 16 
student 638: 15 9 11 7 18 1 12 16 3 20 13 6 17 2 5 14 19 4 10 8 
student 639: 7 4 9 10 13 1 6 16 2 20 17 15 5 14 3 11 19 8 18 12 
student 640: 9 5 14 7 11 4 16 13 6 12 18 8 3 2 19 10 17 1 15 20 
student 641: 13 5 9 10 15 2 4 12 1 20 3 16 8 11 14 18 19 7 17 6 
student 642: 20 4 3 10 5 1 7 14 6 19 16 15 2 12 9 17 18 8 11 13 
student 643: 15 4 1 8 6 2 11 19 7 12 16 17 3 5 9 13 18 10 14 20 
student 644: 15 4 10 8 12 1 11 3 7 17 16 6 2 14 13 18 20 5 19 9 
student 645: 7 9 10 5 8 1 4 19 2 18 16 13 3 12 11 17 20 6 15 14 
student 646: 15 1 12 6 13 4 5 19 2 20 16 8 9 10 7 18 17 3 14 11 
student 647: 15 2 12 8 17 1 7 13 3 9 19 16 4 5 6 20 18 11 10 14 
student 648: 15 8 3 2 13 1 7 18 4 14 20 10 6 9 11 17 19 5 16 12 
student 649: 13 2 4 12 16 1 3 9 7 20 17 11 8 5 6 18 14 10 19 15 
student 650: 15 4 17 14 12 2 9 18 1 20 11 10 5 8 7 16 19 3 6 13 
student 651: 15 3 13 7 8 4 5 17 1 14 16 12 2 9 11 19 20 6 10 18 
student 652: 17 1 8 3 14 7 4 13 2 19 20 10 12 9 6 18 16 5 15 11 
student 653: 19 9 3 6 15 14 5 17 1 16 7 12 2 8 11 18 20 4 10 13 
student 654: 8 10 6 16 19 2 7 18 5 15 13 4 1 12 9 14 20 3 17 11 
student 655: 12 4 7 11 13 3 1 20 8 18 14 9 2 5 6 10 19 16 17 15 
student 656: 12 3 4 8 16 2 10 20 1 13 18 11 7 5 14 17 19 6 9 15 
student 657: 16 1 10 5 11 3 7 12 6 19 17 4 2 8 15 18 20 13 9 14 
student 658: 11 8 6 9 13 2 7 17 1 10 20 4 3 18 16 19 15 5 14 12 
student 659: 15 9 10 5 11 2 6 17 1 14 19 12 3 8 4 13 16 7 20 18 
student 660: 11 1 2 7 13 4 12 18 3 17 10 14 5 6 8 9 19 16 15 20 
student 661: 12 11 7 4 16 2 1 6 5 17 20 10 3 13 9 18 19 8 15 14 
student 662: 9 11 13 10 12 1 2 15 4 14 20 8 5 7 6 18 16 3 19 17 
student 663: 6 5 8 10 16 3 9 7 2 15 19 12 1 14 11 18 17 4 20 13 
student 664: 16 12 1 8 9 15 3 17 5 20 19 7 4 2 6 14 18 10 13 11 
student 665: 16 4 13 17 14 2 3 12 1 20 19 6 9 8 7 15 18 5 10 11 
student 666: 6 3 7 11 15 8 4 17 1 13 18 5 2 12 9 19 20 10 16 14 
student 667: 9 5 2 7 19 4 3 20 1 13 17 16 8 11 14 12 18 6 10 15 
student 668: 18 3 9 7 15 1 5 14 2 20 17 11 6 10 8 19 16 4 12 13 
student 669: 4 2 14 8 18 3 6 12 7 19 20 9 1 16 11 17 15 5 13 10 
student 670: 8 10 6 14 11 2 1 16 5 20 17 7 4 12 9 19 18 3 13 15 
student 671: 19 16 7 1 20 2 4 12 10 18 9 8 3 11 6 14 15 5 17 13 
student 672: 7 5 14 8 19 4 10 13 3 18 20 6 1 11 9 17 16 2 12 15 
student 673: 6 3 11 5 10 1 4 15 16 18 19 7 2 13 12 14 20 9 17 8 
student 674: 14 6 15 1 12 2 4 11 5 18 19 16 7 13 8 9 20 3 10 17 
student 675: 10 1 15 9 12 2 3 13 8 14 19 6 7 11 4 20 18 5 16 17 
student 676: 15 8 2 9 16 3 12 20 4 10 19 5 1 14 13 18 17 7 6 11 
student 677: 17 6 15 10 11 4 7 18 9 19 20 12 3 2 1 5 14 8 16 13 
student 678: 16 7 9 13 10 6 1 14 8 18 17 3 5 2 15 19 20 11 12 4 
student 679: 20 7 8 9 18 4 1 10 13 16 19 15 2 12 6 14 3 5 11 17 
student 680: 14 3 9 2 13 8 1 16 4 15 19 7 5 10 18 20 17 6 12 11 
student 681: 9 2 7 10 13 1 6 19 3 18 12 15 5 11 4 17 20 14 16 8 
student 682: 15 7 11 14 17 3 4 19 1 13 18 9 2 8 10 20 16 6 12 5 
student 683: 9 12 2 3 8 17 11 15 5 16 18 6 10 4 7 14 20 1 13 19 
student 684: 12 8 11 9 3 6 4 17 1 16 19 18 7 14 13 15 20 2 10 5 
student 685: 10 9 11 7 14 1 5 18 2 13 16 8 4 17 6 19 15 3 12 20 
student 686: 10 5 13 8 14 4 2 18 6 19 20 7 1 3 11 16 15 9 12 17 
student 687: 9 7 18 4 11 6 8 17 2 10 14 12 3 15 5 13 20 1 19 16 
student 688: 10 15 9 8 7 5 4 16 2 19 18 20 1 3 13 11 17 6 14 12 
student 689: 13 10 9 6 14 15 2 19 3 17 18 16 1 4 7 12 20 5 11 8 
student 690: 5 4 8 7 16 15 6 17 1 18 12 11 9 3 2 14 19 13 20 10 
student 691: 11 4 6 10 17 7 5 18 1 16 9 20 3 8 2 19 15 13 14 12 
student 692: 13 2 8 5 19 12 10 9 1 20 18 6 11 7 15 14 16 4 3 17 
student 693: 9 16 20 4 12 3 1 10 5 14 17 7 2 8 15 18 19 6 11 13 
student 694: 18 4 14 6 8 2 7 13 1 16 17 3 12 9 11 15 20 10 19 5 
student 695: 13 11 12 2 16 1 4 18 7 9 5 14 15 6 10 20 17 3 8 19 
student 696: 12 5 20 6 11 7 14 19 1 18 17 15 3 9 8 16 10 4 13 2 
student 697: 7 4 17 11 19 1 8 14 2 12 20 6 3 5 10 16 18 9 13 15 
student 698: 5 1 9 12 8 13 3 19 11 20 16 14 4 6 2 10 18 7 15 17 
student 699: 11 5 15 7 6 4 2 18 1 19 13 17 9 10 3 14 16 12 8 20 
student 700: 7 4 8 15 16 6 2 14 1 13 18 12 11 5 3 17 19 10 9 20 
student 701: 11 3 4 2 13 9 10 17 7 16 20 1 6 19 5 15 12 8 14 18 
student 702: 3 1 13 11 9 8 6 17 4 18 16 2 10 5 15 19 20 12 7 14 
student 703: 9 6 7 8 17 2 4 19 1 15 16 11 3 10 12 14 20 5 18 13 
student 704: 13 1 9 11 12 4 3 15 6 20 18 14 5 7 8 16 19 10 17 2 
student 705: 11 8 13 9 12 1 6 18 7 17 19 4 2 5 10 15 20 3 16 14 
student 706: 8 3 5 1 19 2 14 20 10 6 9 15 7 17 18 12 11 4 16 13 
student 707: 8 3 20 13 7 5 11 14 1 15 16 12 2 9 10 19 18 6 17 4 
student 708: 8 4 2 5 12 6 10 16 1 15 18 7 3 9 17 14 19 20 11 13 
student 709: 13 11 9 4 14 3 1 20 8 17 15 10 2 6 7 16 19 12 5 18 
student 710: 9 5 7 6 14 3 1 18 4 20 17 12 2 10 11 16 19 8 15 13 
student 711: 5 1 8 6 17 10 7 20 4 15 16 9 2 11 19 18 14 3 12 13 
student 712: 14 4 8 5 12 1 6 18 3 15 19 9 16 13 7 10 17 2 20 11 
student 713: 6 5 13 10 18 1 3 11 2 15 19 4 7 16 9 8 20 17 14 12 
student 714: 10 4 11 17 15 1 7 5 2 14 9 12 6 18 3 16 20 8 19 13 
student 715: 13 2 9 10 19 5 8 14 3 18 17 6 1 12 15 11 20 4 7 16 
student 716: 13 1 11 8 15 5 2 9 4 14 18 19 6 12 3 20 16 10 17 7 
student 717: 10 6 13 4 12 5 2 14 1 18 15 11 7 9 8 19 20 3 17 16 
student 718: 11 12 9 2 20 1 7 8 5 17 15 16 3 6 4 18 14 10 19 13 
student 719: 2 4 9 8 18 3 7 17 1 20 13 11 10 14 6 12 16 5 19 15 
student 720: 6 3 10 11 1 4 15 20 5 13 18 14 2 7 12 9 19 8 17 16 
student 721: 11 3 17 13 8 6 2 18 4 15 20 14 1 7 5 12 16 9 10 19 
student 722: 13 11 12 7 14 2 4 18 1 15 16 10 3 8 6 17 19 5 20 9 
student 723: 1 5 12 10 14 4 6 15 7 2 19 11 9 8 13 16 20 3 18 17 
student 724: 14 8 12 4 6 1 10 20 2 19 15 17 3 9 5 18 16 7 13 11 
student 725: 14 2 12 6 16 13 7 17 5 9 20 18 1 11 3 15 19 4 8 10 
student 726: 14 12 10 4 16 6 1 20 2 5 19 18 7 13 8 15 17 9 3 11 
student 727: 12 2 8 9 15 4 11 18 1 17 16 6 3 10 7 13 20 14 19 5 
student 728: 20 5 7 8 15 9 4 14 1 19 11 16 2 3 12 18 17 6 13 10 
student 729: 12 3 4 19 18 2 8 20 5 17 15 13 16 9 11 10 14 1 6 7 
student 730: 13 6 11 14 18 4 8 15 1 12 20 7 2 3 5 9 17 10 19 16 
student 731: 2 3 15 10 14 4 6 17 5 12 18 9 1 19 8 11 20 7 13 16 
student 732: 7 12 10 2 16 5 1 14 9 17 15 4 19 8 3 11 18 20 13 6 
student 733: 11 5 12 1 13 7 4 16 2 18 20 9 8 3 10 19 17 6 14 15 
student 734: 13 18 3 7 8 9 4 16 11 17 5 6 1 14 10 15 20 2 19 12 
student 735: 11 3 7 10 14 1 4 20 2 13 17 15 8 12 5 9 19 6 16 18 
student 736: 14 9 13 15 3 5 1 19 7 4 17 11 8 2 12 10 18 6 20 16 
student 737: 15 14 7 11 19 3 13 16 2 20 12 9 1 6 10 5 8 4 18 17 
student 738: 20 3 8 5 15 9 7 16 4 10 13 14 1 11 6 18 19 2 17 12 
student 739: 14 4 13 8 20 1 5 19 3 10 11 12 2 16 9 18 17 6 15 7 
student 740: 9 5 20 10 8 1 4 11 2 19 3 16 14 6 15 12 18 7 13 17 
student 741: 14 3 10 5 15 11 6 13 2 18 20 12 17 1 4 9 19 7 8 16 
student 742: 10 4 14 12 20 1 3 18 2 15 19 7 5 9 11 16 17 6 8 13 
student 743: 10 1 3 2 12 5 6 17 4 20 18 7 16 8 11 14 19 9 13 15 
student 744: 6 4 20 13 10 2 16 18 3 19 17 12 1 15 11 14 7 9 5 8 
student 745: 9 3 4 12 17 1 7 15 2 11 16 6 5 10 19 20 13 8 18 14 
student 746: 20 4 12 10 16 1 7 13 2 19 18 15 5 11 9 14 17 6 8 3 
student 747: 15 12 17 14 11 1 4 19 3 13 16 5 2 7 6 20 18 10 8 9 
student 748: 12 3 17 13 16 1 5 20 6 19 18 9 2 7 4 15 8 10 11 14 
student 749: 13 3 6 5 11 2 14 15 8 19 17 16 1 7 12 9 20 4 10 18 
student 750: 15 6 1 5 20 3 8 16 4 18 12 10 2 9 13 7 17 11 19 14 
student 751: 9 8 5 10 19 1 2 17 6 18 11 4 3 14 7 15 20 12 13 16 
student 752: 12 1 8 9 11 2 5 20 7 15 16 19 6 10 4 17 13 3 14 18 
student 753: 14 6 15 11 9 2 4 13 5 1 20 8 3 10 19 16 18 7 12 17 
student 754: 13 3 1 12 4 9 6 14 5 19 15 11 8 2 10 17 20 7 16 18 
student 755: 8 14 10 1 13 4 2 15 12 17 20 9 6 3 7 19 16 5 11 18 
student 756: 17 5 11 3 6 2 7 19 4 12 20 16 1 13 10 14 15 8 9 18 
student 757: 17 3 7 8 10 2 4 19 6 20 5 14 1 11 15 13 16 9 18 12 
student 758: 20 9 11 14 3 2 5 18 4 16 12 15 8 13 1 6 19 7 10 17 
student 759: 17 8 14 7 12 5 6 20 4 19 13 9 2 11 10 15 18 3 16 1 
student 760: 15 2 4 19 12 3 1 17 5 9 14 16 7 18 13 11 20 6 8 10 
student 761: 11 1 9 12 13 2 5 10 3 20 17 15 7 6 14 19 16 8 18 4 
student 762: 7 2 9 4 12 8 6 19 1 14 17 5 3 16 11 15 18 10 13 20 
student 763: 12 6 9 4 13 2 16 20 3 14 19 10 8 5 1 15 17 7 18 11 
student 764: 17 6 4 9 13 5 12 10 3 19 18 11 8 7 1 16 20 2 14 15 
student 765: 9 6 10 4 18 7 5 15 1 12 17 11 3 8 19 13 20 2 16 14 
student 766: 10 3 19 5 11 7 4 9 1 12 16 14 8 15 6 17 13 2 18 20 
student 767: 7 11 1 9 10 5 2 12 3 14 19 18 4 17 16 20 15 6 8 13 
student 768: 15 1 10 9 5 3 7 13 2 17 20 18 4 11 12 6 19 8 14 16 
student 769: 10 4 17 16 12 3 9 15 6 18 13 8 2 11 5 7 19 14 20 1 
student 770: 16 12 13 9 7 11 5 20 1 17 10 19 3 8 4 15 18 6 14 2 
student 771: 13 8 2 12 14 3 7 16 9 19 15 10 5 4 1 17 20 6 11 18 
student 772: 13 5 7 4 11 3 1 18 2 14 17 12 8 9 6 16 20 10 15 19 
student 773: 7 6 5 12 13 2 9 16 1 11 20 14 4 3 10 18 19 8 17 15 
student 774: 14 2 16 3 10 4 12 11 5 9 19 7 1 17 8 13 20 6 15 18 
student 775: 12 8 3 7 17 11 2 19 1 10 14 9 4 20 13 18 15 5 16 6 
student 776: 13 2 17 4 11 8 7 18 3 12 19 15 6 1 10 5 16 20 9 14 
student 777: 20 4 7 6 11 2 9 14 1 18 17 12 3 10 8 19 15 16 13 5 
student 778: 15 2 12 5 8 4 7 19 11 9 20 10 3 13 1 17 16 6 18 14 
student 779: 20 4 13 7 12 3 10 18 6 16 19 17 5 15 2 9 1 14 11 8 
student 780: 12 4 13 5 8 1 2 20 6 11 18 16 9 14 10 7 17 3 15 19 
student 781: 8 12 6 5 9 7 3 18 2 20 15 17 10 11 14 4 19 13 16 1 
student 782: 12 14 9 1 17 5 4 20 2 18 16 8 3 11 7 10 19 6 15 13 
student 783: 20 9 1 19 13 4 12 8 2 16 17 14 6 10 3 7 11 5 15 18 
student 784: 14 6 4 12 11 5 8 19 7 15 18 1 3 9 13 10 20 2 17 16 
student 785: 10 1 8 7 14 2 16 15 9 20 17 12 6 5 3 11 19 4 18 13 
student 786: 9 2 6 14 20 4 17 12 1 13 16 11 8 5 3 15 18 7 19 10 
student 787: 9 2 3 5 14 1 10 16 13 11 20 4 7 12 8 19 18 6 17 15 
student 788: 7 4 14 10 19 1 17 15 3 16 18 9 5 8 6 12 20 11 13 2 
student 789: 6 1 7 8 19 13 4 15 3 10 20 12 2 11 14 9 17 18 5 16 
student 790: 15 5 6 4 13 1 7 17 3 10 19 9 2 14 11 12 18 8 16 20 
student 791: 19 5 7 6 16 3 4 20 2 8 17 13 1 15 9 18 14 10 12 11 
student 792: 14 7 8 4 18 9 2 20 3 10 13 5 1 12 11 16 17 15 6 19 
student 793: 10 4 8 9 13 7 5 20 3 14 15 11 2 12 1 17 18 6 16 19 
student 794: 11 2 5 1 9 14 10 13 6 17 20 16 3 4 8 15 19 7 12 18 
student 795: 13 6 3 8 11 2 5 15 16 18 20 12 4 7 10 19 14 1 9 17 
student 796: 10 11 8 4 13 6 15 19 2 18 17 5 3 9 12 14 7 1 16 20 
student 797: 14 3 16 5 6 2 10 15 1 8 19 7 4 20 11 13 17 9 18 12 
student 798: 4 1 10 9 13 7 2 17 3 15 20 14 5 11 8 19 18 6 16 12 
student 799: 18 1 9 5 15 11 2 8 3 16 10 13 14 20 6 7 19 4 12 17 
