student 0: 16 9 6 19 17 20 11 5 3 12 13 4 15 2 8 1 18 14 10 7 
student 1: 14 9 4 17 16 19 13 5 6 11 8 3 18 7 2 1 20 15 10 12 
student 2: 9 15 7 16 17 14 19 3 6 1 13 4 20 11 5 2 18 10 8 12 
student 3: 7 15 6 18 13 20 16 9 2 4 3 10 19 5 1 8 17 14 11 12 
student 4: 16 20 7 19 15 13 11 9 3 2 1 12 5 4 10 6 17 18 14 8 
student 5: 4 12 7 20 18 13 17 3 6 2 16 1 9 10 5 8 14 19 15 11 
student 6: 1 9 10 16 12 15 19 3 2 8 5 4 17 20 6 7 13 18 11 14 
student 7: 3 8 9 18 17 20 12 4 2 1 11 6 14 19 7 5 13 15 10 16 
student 8: 6 19 7 15 12 18 16 3 2 1 9 8 20 17 11 5 10 14 4 13 
student 9: 17 6 9 19 11 18 1 7 2 8 3 4 14 13 5 16 15 10 12 20 
student 10: 7 13 6 15 14 19 9 2 1 3 11 10 20 5 8 4 12 16 17 18 
student 11: 13 9 6 18 12 20 14 7 3 4 10 17 19 5 1 2 16 15 11 8 
student 12: 16 12 19 18 14 17 9 5 1 6 15 7 13 4 3 2 11 20 8 10 
student 13: 10 11 7 20 18 16 15 2 6 8 14 3 17 13 5 1 19 12 4 9 
student 14: 2 20 3 13 18 17 19 5 14 7 11 4 15 16 6 1 12 10 9 8 
student 15: 11 7 10 20 16 9 18 8 3 2 6 5 15 4 19 1 13 14 17 12 
student 16: 13 17 6 11 19 20 15 4 1 2 14 5 10 9 8 3 16 18 7 12 
student 17: 16 19 11 7 18 17 14 4 1 2 3 6 20 5 9 13 10 15 8 12 
student 18: 12 7 6 9 18 19 5 1 2 3 11 4 15 16 13 8 17 14 10 20 
student 19: 6 15 10 14 20 19 4 11 3 7 9 8 1 17 5 2 13 12 16 18 
student 20: 1 6 3 20 18 17 14 8 2 7 16 4 19 11 5 9 15 13 10 12 
student 21: 15 13 2 18 8 20 19 4 5 3 9 6 14 11 1 7 17 10 12 16 
student 22: 9 5 8 18 13 19 17 3 2 1 6 4 20 11 12 16 15 10 14 7 
student 23: 14 12 3 15 18 19 11 16 1 5 10 6 17 7 4 2 9 20 8 13 
student 24: 6 13 14 16 20 9 19 4 7 2 1 8 18 5 12 3 17 15 10 11 
student 25: 18 15 19 20 16 12 13 2 3 5 7 10 9 11 1 4 17 14 6 8 
student 26: 14 10 8 17 12 18 15 4 13 1 11 6 20 7 9 2 19 3 5 16 
student 27: 18 1 5 19 16 17 20 6 3 7 4 8 15 13 10 9 12 14 11 2 
student 28: 13 15 5 11 17 16 18 4 3 2 20 8 14 7 19 6 9 1 10 12 
student 29: 13 5 12 18 15 19 17 6 3 1 16 2 4 8 10 7 20 9 11 14 
student 30: 14 7 4 19 20 15 18 8 1 6 9 3 5 16 10 2 17 13 12 11 
student 31: 13 14 12 18 20 16 19 3 7 2 8 9 17 5 4 1 15 11 6 10 
student 32: 19 18 9 16 17 15 8 2 11 4 3 7 12 1 6 5 14 13 20 10 
student 33: 18 9 4 17 20 13 15 3 2 1 16 7 19 12 6 8 11 14 10 5 
student 34: 20 3 5 19 12 10 13 4 1 2 15 6 18 9 8 7 17 14 16 11 
student 35: 13 9 7 17 19 16 15 6 3 4 12 1 18 10 8 2 11 5 14 20 
student 36: 14 6 11 17 10 18 8 13 5 3 12 4 15 16 1 9 19 2 20 7 
student 37: 11 18 3 14 20 17 12 2 1 7 4 6 19 13 9 8 15 10 16 5 
student 38: 15 9 3 18 20 17 7 5 2 8 19 4 16 10 6 1 11 12 13 14 
student 39: 13 14 2 18 16 20 15 6 3 1 7 11 19 12 5 4 10 9 8 17 
student 40: 9 17 3 13 19 12 10 5 7 1 4 16 20 15 6 2 11 18 8 14 
student 41: 8 2 1 15 11 17 20 9 6 3 12 7 13 5 10 4 18 19 14 16 
student 42: 13 19 3 17 10 16 8 9 1 2 6 12 4 11 5 15 18 7 20 14 
student 43: 9 13 17 20 19 15 11 4 8 1 2 5 16 10 6 7 18 14 3 12 
student 44: 14 11 17 20 13 19 9 8 1 10 2 5 6 7 4 3 15 18 16 12 
student 45: 20 16 15 12 17 14 13 2 10 5 19 4 18 7 8 1 11 3 6 9 
student 46: 12 9 20 18 11 17 5 4 1 3 14 10 6 8 19 2 13 7 15 16 
student 47: 1 15 2 12 7 19 18 10 8 11 13 5 20 6 3 9 16 14 4 17 
student 48: 20 11 5 13 9 19 7 6 1 2 8 4 18 12 10 3 17 15 14 16 
student 49: 18 1 4 20 19 14 10 15 2 8 12 3 16 5 9 7 17 13 11 6 
student 50: 8 18 2 19 17 20 13 5 7 9 4 1 14 12 6 10 3 16 11 15 
student 51: 12 15 9 14 17 18 11 6 4 1 3 2 19 13 8 7 10 5 16 20 
student 52: 16 15 10 19 11 17 13 6 1 5 3 2 20 12 7 4 14 18 8 9 
student 53: 14 4 9 20 15 11 17 10 3 1 16 2 19 18 7 5 8 12 13 6 
student 54: 6 11 7 18 19 20 13 5 3 2 9 1 16 12 8 4 14 15 10 17 
student 55: 17 10 8 12 18 14 9 11 3 4 2 7 16 5 6 1 19 20 15 13 
student 56: 7 18 5 17 20 13 9 6 3 2 12 8 15 4 10 1 11 16 14 19 
student 57: 2 16 13 14 18 19 10 11 20 1 4 3 8 9 5 7 17 12 6 15 
student 58: 9 12 10 16 14 18 19 5 4 2 7 3 17 6 8 1 13 20 15 11 
student 59: 12 20 9 17 18 7 14 3 8 1 11 6 15 13 5 2 16 19 4 10 
student 60: 11 10 6 17 20 15 16 3 7 5 8 1 12 13 9 4 14 19 2 18 
student 61: 1 14 13 18 5 17 19 8 7 10 11 4 16 15 2 9 6 20 3 12 
student 62: 8 4 6 19 14 20 17 7 3 10 13 2 12 15 1 5 18 11 16 9 
student 63: 16 11 4 20 17 13 19 6 2 5 7 1 15 10 8 3 18 12 9 14 
student 64: 14 3 18 20 19 11 15 5 7 4 6 10 17 8 1 2 9 12 13 16 
student 65: 3 13 9 12 14 18 19 2 8 7 4 1 15 5 10 6 17 11 16 20 
student 66: 8 7 3 13 16 19 20 6 4 5 1 9 11 12 15 2 18 17 10 14 
student 67: 8 2 3 18 17 20 6 4 1 5 16 9 19 10 13 7 14 12 15 11 
student 68: 19 9 5 13 14 18 10 12 3 2 15 7 11 8 6 1 20 17 4 16 
student 69: 5 11 8 20 15 17 16 7 9 3 10 4 19 13 6 1 18 14 12 2 
student 70: 14 11 6 15 19 16 20 4 2 1 10 3 18 5 12 7 17 13 9 8 
student 71: 5 8 7 20 19 16 15 2 1 6 10 3 17 11 9 4 18 14 12 13 
student 72: 14 17 8 11 16 19 12 3 1 5 10 6 20 4 9 2 15 13 7 18 
student 73: 14 13 5 19 15 20 11 2 1 4 10 8 16 18 17 3 9 12 7 6 
student 74: 12 16 13 20 14 8 18 11 1 5 9 2 17 15 4 3 6 19 10 7 
student 75: 10 8 3 19 14 17 13 15 2 1 6 4 12 16 7 5 20 9 18 11 
student 76: 6 7 15 14 17 18 16 4 1 3 5 11 20 13 9 2 19 12 10 8 
student 77: 12 11 2 18 13 20 15 6 4 9 10 5 14 3 8 1 19 17 7 16 
student 78: 12 14 8 19 17 18 7 3 2 1 10 11 20 5 9 6 15 16 4 13 
student 79: 10 4 8 20 18 13 9 6 2 1 3 7 19 15 11 5 16 17 12 14 
student 80: 9 13 11 1 20 18 12 3 2 10 5 8 19 6 7 4 17 16 14 15 
student 81: 13 12 6 14 17 15 19 3 2 1 4 5 16 8 11 7 20 9 10 18 
student 82: 20 14 18 17 7 15 11 3 4 1 9 8 19 2 13 5 6 16 12 10 
student 83: 10 16 4 14 8 18 13 7 6 5 9 3 20 1 11 2 19 17 12 15 
student 84: 13 7 11 18 16 15 9 4 2 1 6 5 17 8 12 3 19 10 20 14 
student 85: 13 19 1 15 20 17 18 7 5 2 8 9 14 11 6 4 12 3 10 16 
student 86: 18 1 13 19 5 17 16 9 2 20 6 3 10 11 8 7 14 12 4 15 
student 87: 8 11 9 20 10 18 12 3 2 5 6 4 16 7 17 1 13 19 14 15 
student 88: 9 2 7 15 14 20 18 4 11 3 5 1 17 13 8 6 10 12 16 19 
student 89: 15 10 6 17 12 18 19 1 5 3 8 4 20 11 9 2 14 13 7 16 
student 90: 14 17 15 19 20 18 10 2 4 1 6 8 16 9 5 3 12 13 7 11 
student 91: 11 7 8 18 16 17 13 10 1 3 5 4 20 6 9 2 14 15 12 19 
student 92: 11 9 6 13 16 17 14 2 1 3 8 5 18 7 4 10 20 19 12 15 
student 93: 9 7 15 5 13 12 4 10 1 2 8 6 20 17 3 11 19 18 16 14 
student 94: 11 6 8 18 17 19 12 2 3 7 9 10 15 14 4 5 13 16 1 20 
student 95: 7 19 9 13 16 20 15 1 8 5 4 11 12 6 2 10 17 18 14 3 
student 96: 10 12 1 18 5 20 14 7 2 4 8 3 15 11 9 6 19 17 13 16 
student 97: 10 13 1 18 17 15 19 8 9 7 4 2 20 12 5 3 16 11 6 14 
student 98: 9 8 3 15 14 19 16 4 1 2 10 6 18 11 7 5 13 20 17 12 
student 99: 6 13 12 20 19 8 18 2 7 1 4 3 17 5 10 9 14 16 11 15 
student 100: 8 10 2 20 15 19 14 3 4 1 9 6 17 16 7 11 18 5 12 13 
student 101: 8 14 9 17 19 20 12 6 1 4 7 3 18 5 10 2 16 15 11 13 
student 102: 12 11 9 17 15 19 18 7 1 3 5 2 13 4 8 6 20 10 16 14 
student 103: 19 12 3 11 17 20 16 6 4 1 9 10 18 13 2 5 7 15 14 8 
student 104: 14 7 8 11 20 19 15 6 1 4 10 3 18 13 9 2 16 5 17 12 
student 105: 13 12 2 20 16 18 6 10 1 4 3 8 17 15 9 11 5 19 7 14 
student 106: 15 10 13 19 18 20 3 17 4 1 7 11 9 12 5 6 8 2 16 14 
student 107: 8 11 9 10 15 19 20 4 1 2 17 5 6 7 13 3 18 14 16 12 
student 108: 4 9 2 20 19 18 17 7 5 1 3 12 15 8 10 6 16 14 13 11 
student 109: 12 3 8 14 18 16 17 4 2 11 6 5 13 10 7 1 9 20 15 19 
student 110: 10 8 14 19 5 15 12 1 3 4 13 11 16 6 7 2 17 20 9 18 
student 111: 8 14 7 17 19 16 18 6 3 1 20 4 12 10 9 5 2 13 11 15 
student 112: 16 13 8 15 11 17 12 9 2 1 5 14 18 7 4 3 20 19 10 6 
student 113: 16 15 3 12 14 19 13 8 2 6 9 10 18 7 4 1 5 11 20 17 
student 114: 8 12 2 14 18 19 16 6 1 7 3 15 17 4 5 10 20 13 11 9 
student 115: 15 9 10 17 20 16 18 1 8 4 3 6 14 7 2 5 19 13 11 12 
student 116: 16 10 3 19 13 8 9 7 2 4 11 5 14 12 6 1 15 20 17 18 
student 117: 13 7 10 19 18 17 15 5 4 3 9 8 11 6 2 1 20 14 12 16 
student 118: 14 2 5 17 20 8 19 7 9 1 10 3 16 13 6 11 15 12 4 18 
student 119: 13 5 12 15 14 20 6 2 8 9 10 7 19 3 4 1 18 17 16 11 
student 120: 10 7 5 18 13 20 14 1 2 8 4 12 19 9 6 3 16 15 11 17 
student 121: 11 1 8 19 18 20 17 4 7 3 6 5 16 10 12 2 15 14 13 9 
student 122: 4 10 3 19 17 20 18 5 1 9 11 6 15 13 8 2 7 14 16 12 
student 123: 5 6 10 20 16 14 9 7 4 2 11 3 18 13 12 1 17 15 8 19 
student 124: 20 6 9 19 18 17 5 8 1 3 11 10 15 7 12 4 16 13 14 2 
student 125: 14 13 2 16 19 18 8 6 1 4 20 7 17 10 5 3 15 11 9 12 
student 126: 4 11 2 16 14 17 12 6 7 1 9 18 15 10 8 3 20 13 5 19 
student 127: 11 10 7 15 19 20 18 13 9 2 6 5 16 4 1 3 8 14 17 12 
student 128: 13 5 1 15 20 16 19 8 9 4 12 2 14 10 6 3 18 17 11 7 
student 129: 6 12 7 19 18 17 14 5 9 2 11 13 20 8 10 1 15 16 4 3 
student 130: 8 9 2 20 19 18 15 6 5 3 12 17 13 7 4 1 14 16 10 11 
student 131: 12 16 18 14 15 17 19 5 2 10 9 3 13 7 4 1 20 8 6 11 
student 132: 13 6 4 20 16 19 15 11 7 8 2 3 18 12 1 5 17 14 9 10 
student 133: 10 2 5 19 20 17 11 14 3 1 4 6 18 8 15 7 16 13 9 12 
student 134: 6 2 13 19 20 18 14 3 9 4 15 5 17 11 8 10 12 16 7 1 
student 135: 8 12 13 20 14 16 4 9 5 6 2 10 11 3 7 1 19 15 18 17 
student 136: 1 8 6 17 15 12 13 5 3 2 10 9 20 16 7 4 19 18 11 14 
student 137: 15 5 6 12 10 16 20 13 7 4 1 2 19 14 3 8 17 11 9 18 
student 138: 19 8 11 17 13 20 15 10 9 2 12 3 16 5 6 7 14 18 4 1 
student 139: 17 15 11 19 18 9 13 6 1 3 2 8 16 7 4 5 10 14 12 20 
student 140: 11 6 2 18 17 15 10 14 3 5 20 4 13 7 8 1 16 19 12 9 
student 141: 11 2 16 20 13 15 18 5 1 4 7 6 14 12 8 3 19 10 17 9 
student 142: 13 6 12 17 16 19 14 4 2 7 10 1 15 5 9 3 20 18 8 11 
student 143: 8 20 5 16 13 19 17 6 1 4 10 9 12 2 14 3 11 7 18 15 
student 144: 11 6 15 17 13 19 14 1 5 7 8 3 18 10 4 9 20 16 12 2 
student 145: 15 4 2 19 18 10 17 12 8 6 9 3 5 7 11 1 20 14 13 16 
student 146: 18 17 1 15 14 20 12 6 2 13 7 4 11 3 5 9 19 16 10 8 
student 147: 7 14 2 9 17 19 11 12 3 8 5 1 20 6 10 4 18 16 13 15 
student 148: 14 2 9 15 20 18 11 3 6 1 10 5 19 4 8 7 17 16 12 13 
student 149: 12 3 15 13 20 19 17 8 1 2 6 5 10 11 4 7 18 14 16 9 
student 150: 17 14 5 20 8 18 10 2 1 9 6 7 11 12 3 4 19 13 16 15 
student 151: 11 13 5 18 17 20 15 6 2 1 10 19 4 3 16 7 14 12 9 8 
student 152: 18 12 4 19 17 20 16 5 1 2 7 9 8 10 11 3 13 14 6 15 
student 153: 6 12 8 19 17 20 10 4 1 2 5 13 14 9 3 7 15 18 16 11 
student 154: 2 12 4 19 16 20 10 13 7 3 5 8 11 9 6 1 18 17 14 15 
student 155: 14 12 1 16 18 20 15 2 4 7 5 8 19 3 9 13 11 17 10 6 
student 156: 9 8 18 20 12 19 3 10 1 2 14 15 13 11 7 4 16 17 6 5 
student 157: 16 17 7 20 13 19 11 5 1 2 6 3 12 10 9 4 15 14 18 8 
student 158: 10 4 9 14 17 19 16 1 7 2 11 12 20 3 8 6 13 18 15 5 
student 159: 15 16 7 20 9 13 10 1 2 8 12 5 19 3 11 4 18 17 14 6 
student 160: 2 10 17 20 14 13 15 12 1 5 3 16 19 9 6 8 11 18 7 4 
student 161: 9 12 8 14 5 16 13 17 1 11 18 3 20 10 6 2 19 7 4 15 
student 162: 7 15 1 9 19 18 10 6 2 3 4 11 14 12 16 5 20 17 13 8 
student 163: 6 5 9 15 17 18 20 2 1 4 19 11 14 12 3 7 16 13 10 8 
student 164: 6 18 4 19 16 13 5 14 9 2 10 15 20 12 17 3 11 1 7 8 
student 165: 12 8 1 14 15 19 20 5 4 2 3 10 6 9 11 7 18 17 13 16 
student 166: 12 14 3 15 13 18 19 4 1 5 10 7 20 9 8 2 11 17 6 16 
student 167: 8 12 13 19 20 10 18 4 2 7 3 5 9 14 6 1 17 16 11 15 
student 168: 7 11 18 16 19 20 14 3 4 1 6 2 17 8 9 5 12 15 13 10 
student 169: 12 3 5 14 19 20 17 8 9 4 11 1 13 7 6 2 18 10 15 16 
student 170: 14 12 2 19 17 20 3 4 1 9 6 5 16 8 11 7 18 15 10 13 
student 171: 12 2 8 15 16 20 13 6 4 1 7 5 19 14 3 9 10 18 11 17 
student 172: 17 6 3 19 20 2 15 4 7 9 8 10 13 5 14 1 16 12 18 11 
student 173: 15 14 2 13 19 20 18 7 1 3 11 8 4 5 10 6 9 16 12 17 
student 174: 19 8 15 17 12 20 13 2 4 1 11 6 16 10 7 5 14 3 9 18 
student 175: 12 11 14 19 7 20 16 6 1 2 8 9 18 13 3 5 10 4 17 15 
student 176: 13 8 6 19 16 20 15 5 9 1 7 3 18 4 12 2 17 14 10 11 
student 177: 15 9 11 12 20 2 8 1 5 6 7 3 18 19 10 4 17 14 13 16 
student 178: 6 8 5 17 16 13 14 4 2 1 7 10 18 9 12 3 20 19 11 15 
student 179: 11 8 12 9 16 15 5 1 2 3 6 13 14 7 4 10 20 18 17 19 
student 180: 10 20 5 14 16 15 9 3 1 4 7 11 19 8 6 2 18 13 17 12 
student 181: 10 8 3 20 6 18 13 12 2 5 9 16 15 7 1 4 17 19 14 11 
student 182: 16 12 15 17 14 20 10 3 1 7 4 2 13 11 9 6 18 8 5 19 
student 183: 11 10 9 15 19 20 18 8 1 3 4 2 14 7 5 6 13 16 12 17 
student 184: 11 14 2 20 17 19 15 6 3 8 9 10 18 5 7 1 16 13 12 4 
student 185: 11 13 1 18 19 20 8 6 2 4 7 12 14 10 5 3 17 15 16 9 
student 186: 8 6 5 20 15 18 14 4 3 7 1 10 16 9 11 2 19 17 13 12 
student 187: 4 6 9 19 15 17 11 3 2 18 10 14 16 1 5 8 20 12 7 13 
student 188: 12 11 9 17 20 4 16 3 6 8 13 1 19 10 7 2 14 18 5 15 
student 189: 5 19 6 15 17 16 12 4 3 2 11 1 18 8 7 10 20 9 13 14 
student 190: 6 17 3 16 18 19 11 5 2 12 1 7 10 9 13 4 8 20 14 15 
student 191: 12 7 13 20 19 17 6 8 2 3 9 4 5 18 10 1 16 14 11 15 
student 192: 5 13 8 14 20 16 11 17 1 2 3 6 10 4 9 7 15 19 18 12 
student 193: 6 18 5 17 20 11 15 4 1 2 10 3 8 13 9 7 16 19 12 14 
student 194: 9 11 2 13 18 19 16 14 1 4 12 15 7 17 8 3 20 10 5 6 
student 195: 13 12 5 7 17 18 15 9 1 2 3 8 20 10 6 4 11 19 16 14 
student 196: 13 8 5 15 16 14 11 7 4 2 9 10 18 1 6 3 19 17 12 20 
student 197: 9 13 8 12 16 18 19 5 1 3 6 7 4 2 14 10 17 20 15 11 
student 198: 12 2 7 15 20 17 13 6 14 1 5 3 19 10 8 4 16 11 18 9 
student 199: 12 7 4 13 17 6 3 19 9 5 8 1 18 15 10 2 20 16 11 14 
student 200: 8 7 6 19 18 20 14 1 2 3 10 13 4 12 9 5 15 17 11 16 
student 201: 20 2 6 15 12 19 13 8 1 3 7 11 16 10 9 5 17 18 14 4 
student 202: 10 8 6 16 14 20 11 4 2 3 1 5 17 18 9 7 15 13 19 12 
student 203: 11 7 4 17 15 19 10 6 1 2 14 8 16 5 9 3 20 18 12 13 
student 204: 11 9 5 20 16 18 13 4 3 2 12 14 19 10 6 1 17 15 7 8 
student 205: 8 10 4 16 11 14 18 6 3 5 7 2 12 9 15 1 20 13 17 19 
student 206: 10 16 7 18 19 15 14 8 3 12 4 1 11 5 6 2 20 17 9 13 
student 207: 17 11 13 6 20 19 15 1 7 9 8 4 18 16 5 10 12 3 2 14 
student 208: 3 9 8 16 17 15 14 4 6 1 10 5 20 13 7 2 19 18 12 11 
student 209: 3 9 2 18 19 17 15 10 7 11 4 6 20 16 13 1 14 12 5 8 
student 210: 11 13 6 20 19 9 12 3 14 1 5 18 17 8 2 4 16 15 10 7 
student 211: 12 15 6 10 18 13 16 4 1 3 7 5 20 11 9 2 19 8 14 17 
student 212: 11 3 5 16 17 19 13 12 1 8 9 4 15 7 6 2 20 10 14 18 
student 213: 10 11 9 14 18 20 16 2 4 6 5 3 13 15 1 8 19 17 12 7 
student 214: 19 7 5 16 20 14 17 1 2 12 11 6 8 9 10 3 4 18 15 13 
student 215: 9 12 8 20 18 19 13 5 10 2 6 1 14 4 7 3 16 15 17 11 
student 216: 12 15 4 19 13 7 17 2 9 11 18 6 16 10 3 1 20 5 8 14 
student 217: 3 13 5 17 20 19 15 4 2 6 7 8 18 12 9 1 11 16 10 14 
student 218: 17 6 7 13 9 20 15 3 8 1 11 4 14 16 5 2 18 19 12 10 
student 219: 13 6 5 19 8 17 15 3 2 4 12 16 18 11 7 1 14 20 10 9 
student 220: 9 11 4 15 20 16 14 7 3 2 8 1 13 10 6 5 18 17 12 19 
student 221: 5 6 7 20 8 15 18 3 1 9 16 4 19 14 13 2 12 17 10 11 
student 222: 18 10 6 15 19 20 14 4 1 7 9 8 11 5 2 3 16 17 12 13 
student 223: 7 15 2 18 20 13 5 9 16 3 4 8 19 10 14 1 12 17 11 6 
student 224: 12 18 8 15 7 17 16 4 2 5 11 1 19 10 6 3 14 13 9 20 
student 225: 8 13 6 11 18 19 17 3 1 5 10 4 15 20 7 2 14 9 12 16 
student 226: 9 19 6 12 13 20 18 3 2 4 11 1 14 17 7 5 16 15 8 10 
student 227: 9 2 8 16 10 18 13 14 1 3 7 4 17 19 5 12 20 11 6 15 
student 228: 17 15 4 16 19 20 12 2 3 6 11 1 8 5 7 10 18 14 13 9 
student 229: 16 10 15 5 20 18 13 1 8 3 2 7 17 11 4 9 19 14 12 6 
student 230: 13 10 6 19 18 17 8 2 12 5 15 3 14 7 4 1 11 16 9 20 
student 231: 14 6 3 16 15 18 19 11 2 4 7 8 20 9 5 1 13 12 17 10 
student 232: 9 10 1 15 17 18 14 3 2 11 7 8 20 13 4 5 16 19 6 12 
student 233: 8 7 4 19 17 20 18 5 2 1 12 10 15 3 6 13 9 11 14 16 
student 234: 10 8 4 17 11 16 18 7 2 1 12 3 20 9 5 6 19 13 14 15 
student 235: 8 14 5 15 17 20 12 6 2 1 3 7 18 9 13 4 16 19 10 11 
student 236: 13 11 5 19 12 20 16 4 9 2 3 7 18 10 8 6 14 17 15 1 
student 237: 18 10 11 19 13 20 16 7 2 5 15 9 17 3 1 4 12 6 8 14 
student 238: 2 11 1 16 17 19 18 8 3 5 7 13 9 14 4 6 12 20 15 10 
student 239: 15 12 6 17 18 11 20 3 2 4 9 5 19 8 7 1 13 16 14 10 
student 240: 12 3 15 17 13 18 7 11 1 6 10 9 20 2 8 5 14 19 4 16 
student 241: 19 7 10 18 20 13 14 4 1 3 12 6 16 8 5 2 15 17 9 11 
student 242: 14 10 15 7 17 19 16 1 2 6 4 8 20 13 9 5 12 18 11 3 
student 243: 16 9 4 17 20 13 18 1 5 2 6 8 14 12 15 7 10 11 19 3 
student 244: 13 12 4 17 16 20 7 6 3 5 8 2 9 10 14 1 11 19 18 15 
student 245: 12 19 5 20 18 16 7 10 4 2 8 6 14 13 1 11 9 17 3 15 
student 246: 7 15 11 20 16 17 18 1 5 2 3 8 19 6 4 13 10 14 12 9 
student 247: 5 12 6 20 3 19 9 8 4 1 17 2 14 7 10 13 16 18 11 15 
student 248: 12 6 11 19 18 20 8 3 7 1 9 5 17 13 2 4 16 15 14 10 
student 249: 9 6 2 17 18 19 13 7 14 3 5 1 8 12 10 4 20 15 11 16 
student 250: 8 6 10 15 17 18 11 9 2 4 5 7 20 16 14 1 19 13 3 12 
student 251: 10 9 13 16 18 19 14 4 2 7 8 1 17 6 5 3 20 15 11 12 
student 252: 16 4 8 19 15 20 14 5 1 7 11 2 17 6 3 9 10 18 13 12 
student 253: 9 17 10 18 16 20 15 3 7 4 1 5 14 6 2 11 13 12 8 19 
student 254: 11 7 10 16 17 15 9 2 4 1 8 3 18 5 13 6 12 14 19 20 
student 255: 12 13 7 16 19 18 20 1 5 2 6 3 15 11 14 4 9 17 8 10 
student 256: 12 4 3 13 15 20 18 10 6 2 8 1 17 19 9 5 14 11 7 16 
student 257: 15 12 7 18 17 19 8 13 1 4 10 3 14 20 2 6 5 16 9 11 
student 258: 13 8 3 16 20 18 15 1 2 7 9 4 11 6 17 5 14 19 12 10 
student 259: 8 18 5 16 10 17 13 1 3 4 6 2 19 9 11 12 14 20 15 7 
student 260: 12 9 16 15 19 17 7 14 1 3 2 5 20 8 6 4 13 18 10 11 
student 261: 10 7 6 19 17 15 16 2 3 13 5 9 8 12 4 1 14 20 11 18 
student 262: 12 11 5 16 20 19 10 7 3 2 6 1 13 17 8 4 15 14 9 18 
student 263: 19 14 6 18 17 10 15 11 1 2 5 3 20 8 4 9 16 7 12 13 
student 264: 10 14 4 13 19 20 16 5 1 9 2 12 11 6 7 3 17 15 18 8 
student 265: 14 6 5 15 18 19 13 3 2 4 12 8 16 7 10 1 17 20 11 9 
student 266: 12 11 7 18 20 17 15 5 1 3 8 6 16 9 4 2 19 10 13 14 
student 267: 11 15 3 14 19 20 8 2 9 1 13 6 16 7 18 5 17 12 4 10 
student 268: 9 6 10 20 19 8 14 3 4 11 13 2 15 5 7 1 16 18 17 12 
student 269: 10 1 6 13 20 15 14 7 2 8 16 4 19 17 5 3 18 12 11 9 
student 270: 10 7 12 18 15 17 6 1 4 2 19 8 20 11 5 3 14 16 9 13 
student 271: 11 4 3 20 12 18 13 6 1 16 14 7 15 10 5 2 19 8 9 17 
student 272: 13 10 11 20 18 17 16 5 7 1 9 6 19 2 12 8 14 15 3 4 
student 273: 11 10 6 19 16 15 9 5 1 2 13 4 20 8 7 3 18 12 14 17 
student 274: 17 18 1 8 20 13 15 6 2 7 11 9 19 10 4 3 14 16 12 5 
student 275: 10 15 12 13 20 18 7 1 9 11 8 6 14 2 3 4 19 5 17 16 
student 276: 12 20 2 17 13 19 18 4 3 7 1 8 14 11 9 5 6 15 10 16 
student 277: 18 11 10 20 19 14 17 2 5 1 8 6 13 9 7 3 4 15 16 12 
student 278: 11 6 2 20 13 15 18 12 1 5 16 4 19 9 7 3 17 14 8 10 
student 279: 6 20 9 17 13 19 15 1 7 3 10 11 12 18 5 4 8 16 14 2 
student 280: 12 6 5 13 20 19 14 11 3 1 15 2 16 9 8 10 17 18 7 4 
student 281: 9 12 13 17 18 14 11 8 2 4 10 3 20 6 19 1 16 5 7 15 
student 282: 15 10 3 11 18 19 12 14 1 2 6 20 17 8 4 5 13 16 7 9 
student 283: 10 19 5 20 16 15 18 1 4 2 6 13 17 12 7 3 14 11 8 9 
student 284: 7 17 10 19 12 20 16 13 1 2 3 5 9 6 8 4 15 14 11 18 
student 285: 11 8 6 16 20 2 15 4 3 5 12 7 18 14 9 1 19 17 13 10 
student 286: 15 7 10 14 19 18 16 3 8 5 13 2 6 1 4 9 17 20 11 12 
student 287: 12 5 1 19 15 18 17 3 6 2 14 7 16 9 4 8 10 20 11 13 
student 288: 10 14 16 20 19 18 9 2 4 6 3 1 13 5 8 7 12 15 11 17 
student 289: 11 14 6 18 17 20 9 2 5 1 7 4 8 13 12 3 19 16 10 15 
student 290: 10 13 11 20 14 16 5 7 4 1 3 17 6 2 8 12 18 19 9 15 
student 291: 17 8 9 18 19 20 14 2 5 7 11 4 12 15 3 1 16 6 10 13 
student 292: 12 8 17 18 19 16 20 2 1 3 7 4 14 10 5 6 15 13 9 11 
student 293: 12 11 9 16 14 18 20 5 2 4 17 6 15 3 10 8 19 13 1 7 
student 294: 6 17 11 13 19 20 15 7 2 5 9 3 12 14 4 1 18 8 10 16 
student 295: 12 10 7 20 19 15 14 3 1 4 17 8 13 6 5 9 18 16 2 11 
student 296: 16 11 7 19 10 20 18 6 1 5 8 4 13 3 15 2 14 9 17 12 
student 297: 2 15 10 17 19 20 18 6 7 9 4 8 14 13 1 3 5 12 16 11 
student 298: 5 18 12 16 14 20 13 9 2 4 8 1 17 11 10 7 19 15 6 3 
student 299: 9 4 5 17 6 19 18 3 1 8 11 15 13 14 10 2 7 12 20 16 
student 300: 6 7 10 16 20 17 19 4 3 2 9 5 18 15 8 1 13 14 12 11 
student 301: 12 16 10 18 17 19 7 9 3 11 6 2 15 14 4 1 13 20 5 8 
student 302: 9 8 4 16 18 19 13 3 1 2 10 7 14 6 20 5 12 11 15 17 
student 303: 12 9 4 19 15 16 13 20 2 1 5 6 11 3 8 7 14 18 10 17 
student 304: 7 8 9 19 18 20 12 3 1 2 11 10 16 13 6 4 17 15 14 5 
student 305: 11 10 6 17 14 19 13 5 1 7 3 4 18 12 20 2 8 16 9 15 
student 306: 13 1 11 20 19 16 10 5 3 4 14 7 18 12 8 9 15 17 2 6 
student 307: 11 8 3 20 16 19 15 4 12 1 6 5 17 10 7 2 13 18 14 9 
student 308: 19 7 5 17 13 20 12 3 1 4 11 16 18 8 6 2 9 15 14 10 
student 309: 9 11 2 20 15 19 18 4 8 1 7 5 17 3 12 6 10 16 13 14 
student 310: 2 5 1 17 19 10 20 16 4 3 6 7 15 13 9 11 12 14 8 18 
student 311: 6 7 2 16 19 20 17 4 1 3 11 5 18 12 10 9 15 14 8 13 
student 312: 12 15 6 20 19 18 14 13 4 5 11 2 10 9 7 1 17 3 16 8 
student 313: 18 17 4 15 19 20 9 2 12 5 8 13 7 10 16 1 14 3 11 6 
student 314: 10 7 5 9 14 17 16 20 3 1 13 8 19 2 4 11 18 12 15 6 
student 315: 16 15 2 13 17 19 8 9 5 1 4 10 20 3 11 7 14 6 12 18 
student 316: 14 4 6 12 19 20 13 2 11 1 5 10 15 7 9 3 17 18 8 16 
student 317: 13 10 12 20 17 18 16 9 2 5 4 6 19 7 3 1 8 14 11 15 
student 318: 10 11 9 15 18 20 14 17 7 6 4 2 13 8 3 1 5 16 12 19 
student 319: 7 14 10 17 20 18 16 8 5 2 6 3 12 13 9 1 19 15 11 4 
student 320: 9 4 2 18 19 16 11 8 1 5 17 7 14 12 20 6 10 13 3 15 
student 321: 13 7 2 17 19 15 18 9 8 1 3 4 20 12 6 5 16 10 11 14 
student 322: 13 5 6 19 20 12 14 4 10 1 9 2 18 3 7 8 16 15 11 17 
student 323: 12 9 5 19 17 20 8 4 3 2 16 7 15 11 10 1 18 14 13 6 
student 324: 15 5 9 16 12 19 20 10 3 4 7 2 17 13 11 6 18 8 1 14 
student 325: 12 10 13 15 8 20 17 11 1 3 4 9 18 7 5 6 19 14 2 16 
student 326: 15 14 12 17 11 20 6 1 2 4 10 8 3 9 5 7 19 18 13 16 
student 327: 13 1 7 17 12 20 18 2 4 5 8 9 19 10 6 3 16 11 14 15 
student 328: 7 6 9 16 19 15 13 2 1 5 12 8 20 10 4 3 14 17 11 18 
student 329: 2 18 3 13 20 17 5 11 1 7 9 4 14 10 12 6 15 16 19 8 
student 330: 15 13 5 19 17 16 18 2 7 1 12 10 20 4 8 3 14 6 9 11 
student 331: 9 14 7 12 18 20 17 2 1 3 5 8 19 11 4 6 13 16 10 15 
student 332: 17 1 7 18 15 19 12 3 2 6 16 13 11 9 8 4 10 14 5 20 
student 333: 7 15 12 17 16 18 6 9 4 5 2 14 13 3 8 1 19 11 20 10 
student 334: 16 11 12 19 4 18 15 1 3 5 2 6 17 10 20 7 13 14 9 8 
student 335: 6 11 7 18 13 20 15 8 3 1 5 12 14 9 10 4 19 17 2 16 
student 336: 6 12 8 19 15 20 11 4 1 2 10 3 17 13 5 7 16 18 9 14 
student 337: 14 9 2 15 7 20 18 5 3 4 11 6 19 16 13 1 17 12 8 10 
student 338: 11 8 10 18 17 19 15 2 4 7 6 3 16 5 9 1 14 20 12 13 
student 339: 11 10 7 14 17 18 19 2 4 13 12 5 20 8 9 3 1 6 15 16 
student 340: 10 11 7 17 20 19 14 6 5 1 8 4 18 9 12 2 15 16 3 13 
student 341: 18 5 13 20 19 16 10 3 7 4 12 2 14 11 6 17 15 8 1 9 
student 342: 18 12 5 10 19 16 15 6 1 3 14 9 7 2 11 4 20 13 17 8 
student 343: 9 6 3 20 17 18 12 7 1 2 10 8 11 5 14 4 15 13 16 19 
student 344: 10 9 4 18 16 15 13 8 1 5 17 3 20 2 11 7 12 19 6 14 
student 345: 4 1 10 19 17 20 18 2 7 8 12 14 13 6 3 5 11 16 15 9 
student 346: 6 5 8 17 11 18 15 10 2 7 1 3 16 12 14 4 19 13 20 9 
student 347: 12 15 8 7 19 10 13 1 5 2 18 4 14 11 6 3 9 16 17 20 
student 348: 14 17 5 19 20 16 8 4 2 1 12 3 11 10 6 13 9 15 18 7 
student 349: 14 16 6 12 20 18 8 1 2 5 15 13 11 3 10 4 7 17 19 9 
student 350: 9 13 12 16 19 20 17 8 2 3 6 7 18 4 5 1 15 11 10 14 
student 351: 8 5 11 13 16 17 12 4 6 3 9 2 15 7 19 1 14 20 18 10 
student 352: 9 5 3 14 18 20 10 8 6 15 7 1 12 4 13 2 19 16 11 17 
student 353: 5 14 15 12 18 17 10 4 9 1 3 2 19 8 7 6 20 16 11 13 
student 354: 8 20 4 15 14 17 13 5 1 10 11 19 7 9 3 6 18 12 16 2 
student 355: 18 12 1 16 19 13 8 6 3 10 4 14 9 2 11 5 20 15 17 7 
student 356: 10 1 8 20 15 18 14 6 2 5 9 11 17 7 4 3 16 19 13 12 
student 357: 18 8 9 20 16 19 15 3 11 4 13 12 17 7 5 1 14 2 10 6 
student 358: 10 4 20 17 14 18 16 7 5 1 6 8 13 12 3 2 19 15 11 9 
student 359: 14 16 7 18 20 19 17 4 6 3 11 5 9 8 13 1 12 10 15 2 
student 360: 10 9 7 20 16 18 11 4 5 1 8 6 13 12 3 2 19 14 15 17 
student 361: 15 6 8 20 13 19 16 14 1 2 3 7 18 11 5 4 17 12 9 10 
student 362: 10 2 8 16 15 18 20 9 13 1 7 5 14 12 6 3 11 4 17 19 
student 363: 5 10 6 15 14 18 16 4 1 9 8 3 20 13 11 2 17 7 12 19 
student 364: 10 16 8 17 12 19 13 4 1 2 11 5 20 7 3 6 15 14 18 9 
student 365: 11 12 9 20 19 15 3 6 2 10 13 8 18 4 7 1 5 17 14 16 
student 366: 2 6 9 16 14 17 10 8 1 3 13 5 19 15 12 4 20 18 7 11 
student 367: 9 1 16 19 13 18 15 6 2 3 5 7 20 12 11 4 10 17 8 14 
student 368: 10 9 3 18 20 19 16 7 5 14 2 4 15 6 17 1 12 13 8 11 
student 369: 10 18 4 19 14 20 12 5 1 3 11 2 16 9 7 6 15 17 13 8 
student 370: 16 5 4 11 15 19 18 6 2 7 8 1 13 3 12 10 20 17 14 9 
student 371: 9 17 4 12 15 18 13 2 3 5 6 10 19 7 8 1 16 14 20 11 
student 372: 9 18 8 17 6 19 13 4 7 3 1 5 10 14 16 2 15 12 20 11 
student 373: 9 4 7 20 19 17 18 10 1 3 12 8 16 14 15 6 2 5 11 13 
student 374: 12 10 3 11 19 17 16 2 4 5 9 8 18 15 6 7 13 20 1 14 
student 375: 14 5 8 15 18 20 12 7 3 1 2 4 17 9 10 6 13 16 19 11 
student 376: 13 1 15 12 14 20 9 3 4 5 16 10 17 7 8 2 6 19 11 18 
student 377: 11 18 3 17 20 19 15 8 6 2 10 1 16 9 4 5 14 7 13 12 
student 378: 14 5 6 18 20 17 16 4 1 2 7 3 12 8 11 15 19 9 10 13 
student 379: 6 15 2 10 16 19 20 11 13 3 7 4 18 8 1 5 12 9 17 14 
student 380: 3 11 13 19 7 16 20 5 6 1 8 4 18 10 9 2 14 12 17 15 
student 381: 17 8 10 20 15 14 11 3 13 1 4 5 19 6 16 2 12 18 7 9 
student 382: 2 11 8 20 19 7 14 10 1 4 9 5 16 13 6 3 17 12 18 15 
student 383: 12 10 8 17 20 19 14 1 9 5 4 7 18 2 6 3 15 13 11 16 
student 384: 4 12 14 13 10 19 16 3 2 1 17 5 11 9 7 6 15 18 20 8 
student 385: 11 5 8 16 14 18 17 3 2 12 15 1 13 10 6 4 20 7 19 9 
student 386: 13 10 7 20 19 16 17 1 2 4 5 6 15 8 11 3 14 18 12 9 
student 387: 8 19 3 18 17 16 6 7 12 4 15 9 14 10 2 5 11 1 13 20 
student 388: 11 6 1 19 17 13 15 4 3 10 7 12 18 14 5 2 20 16 9 8 
student 389: 1 16 14 13 8 20 5 19 3 7 6 10 9 12 4 2 17 15 18 11 
student 390: 19 15 9 17 16 12 14 2 4 6 7 1 18 8 3 5 20 10 11 13 
student 391: 10 9 13 20 19 16 15 2 1 8 3 4 12 6 7 5 18 14 11 17 
student 392: 12 11 6 14 17 19 20 9 4 2 13 10 15 16 7 8 3 5 1 18 
student 393: 10 4 8 19 16 14 15 9 3 5 6 17 18 2 7 1 20 13 11 12 
student 394: 12 10 17 16 20 19 14 3 13 5 7 2 15 1 4 9 6 18 8 11 
student 395: 18 9 14 16 17 20 15 4 3 1 2 5 19 12 6 8 11 10 7 13 
student 396: 14 1 3 15 19 18 16 6 2 4 9 8 17 5 11 7 12 10 20 13 
student 397: 7 1 3 10 9 20 13 6 8 16 2 5 14 11 4 12 19 18 15 17 
student 398: 13 15 12 14 17 20 11 1 5 3 4 6 19 2 7 8 18 16 9 10 
student 399: 9 5 4 18 19 20 16 10 12 1 3 11 17 6 7 2 15 14 8 13 
student 400: 19 12 6 13 20 17 15 3 2 1 16 4 10 8 5 7 11 18 9 14 
student 401: 19 10 9 17 15 18 14 1 2 4 7 3 20 13 11 5 16 8 6 12 
student 402: 14 9 12 15 20 18 5 7 2 1 4 6 11 8 19 3 13 17 16 10 
student 403: 1 8 2 20 19 10 14 12 11 4 15 5 13 6 3 7 16 18 9 17 
student 404: 12 9 1 18 17 20 14 6 2 3 10 8 7 11 5 4 19 16 13 15 
student 405: 13 7 14 18 20 19 11 4 1 2 6 8 15 9 10 3 17 5 16 12 
student 406: 6 1 7 15 8 20 12 3 17 11 5 10 16 2 9 4 18 14 13 19 
student 407: 9 17 4 18 14 20 19 3 5 2 12 6 15 7 10 1 8 13 11 16 
student 408: 12 9 10 8 20 16 14 7 2 4 1 3 13 15 5 6 19 11 18 17 
student 409: 12 9 4 20 3 11 16 5 10 1 18 7 15 6 17 2 19 14 8 13 
student 410: 16 13 9 7 19 18 15 4 5 3 2 10 14 11 6 1 20 17 12 8 
student 411: 7 11 4 13 10 16 18 17 1 3 6 2 19 8 9 5 12 20 14 15 
student 412: 12 4 5 17 15 20 18 11 1 3 13 7 2 8 6 9 14 19 10 16 
student 413: 6 9 12 18 15 14 4 1 3 2 16 8 17 11 10 5 20 7 13 19 
student 414: 2 1 6 17 14 18 20 7 3 4 5 9 12 13 15 10 19 16 11 8 
student 415: 6 7 13 12 18 20 14 5 3 10 9 2 16 4 17 1 15 8 19 11 
student 416: 17 12 6 16 15 20 13 2 4 3 11 5 18 9 8 1 7 14 19 10 
student 417: 12 9 3 10 11 16 7 6 2 5 8 4 20 13 17 1 14 15 18 19 
student 418: 11 9 7 19 17 12 16 13 5 1 6 3 20 10 8 2 15 18 14 4 
student 419: 18 11 12 10 19 16 8 5 1 2 4 15 13 9 3 6 14 20 17 7 
student 420: 9 10 7 16 15 6 12 1 2 5 11 3 19 18 8 4 14 17 13 20 
student 421: 14 12 6 8 19 17 4 13 2 11 5 1 7 18 9 3 20 16 10 15 
student 422: 10 4 13 15 14 11 17 9 8 6 2 1 18 7 5 3 20 16 12 19 
student 423: 8 11 4 18 20 19 14 2 1 12 9 15 13 6 7 3 17 16 10 5 
student 424: 16 13 5 12 20 19 11 6 3 1 10 4 14 9 2 7 18 17 8 15 
student 425: 13 16 8 15 20 19 17 2 5 4 3 7 14 9 6 1 12 18 11 10 
student 426: 17 13 7 20 9 19 6 10 1 8 4 5 11 3 2 12 16 18 14 15 
student 427: 10 20 9 17 15 12 11 1 3 7 6 2 13 8 4 5 19 14 16 18 
student 428: 19 12 10 20 15 16 11 1 2 5 6 4 18 14 9 3 7 8 17 13 
student 429: 8 14 3 15 10 19 20 6 1 2 4 7 12 9 13 5 11 18 16 17 
student 430: 9 15 5 16 19 13 17 6 7 4 3 2 12 8 18 1 20 11 10 14 
student 431: 10 14 18 11 7 17 13 6 1 16 3 4 20 5 2 12 15 9 19 8 
student 432: 10 12 9 17 16 18 19 11 2 1 7 3 6 4 5 8 13 20 15 14 
student 433: 12 7 9 18 14 20 11 1 4 8 2 6 15 5 16 3 19 17 13 10 
student 434: 15 5 10 18 20 19 13 2 1 3 8 4 17 9 12 7 16 11 6 14 
student 435: 9 6 15 19 17 20 11 10 1 4 12 8 5 3 7 2 14 16 13 18 
student 436: 15 6 7 18 11 19 20 1 2 3 12 4 17 14 8 5 16 13 10 9 
student 437: 7 1 6 19 18 17 12 13 3 2 8 5 20 16 11 4 15 9 14 10 
student 438: 7 10 9 16 20 17 14 5 2 1 4 6 8 13 18 3 12 19 11 15 
student 439: 13 6 2 10 20 16 14 4 5 12 8 7 15 11 1 3 19 17 9 18 
student 440: 18 13 4 17 20 15 11 7 9 2 5 1 19 8 12 3 16 6 10 14 
student 441: 6 14 2 15 19 18 13 7 1 5 9 3 17 11 8 4 12 16 10 20 
student 442: 13 7 11 15 20 19 4 6 1 9 8 3 16 5 12 2 10 14 18 17 
student 443: 15 10 8 16 19 20 11 2 1 6 14 5 17 7 3 4 12 18 9 13 
student 444: 19 6 10 15 11 16 20 9 1 3 4 18 13 5 8 2 7 17 12 14 
student 445: 7 11 6 17 20 19 13 8 3 4 2 1 16 9 10 5 15 18 12 14 
student 446: 5 11 7 17 13 14 10 8 1 2 4 12 19 15 9 3 20 18 16 6 
student 447: 15 9 2 10 19 20 4 8 5 1 11 7 18 12 13 3 16 17 6 14 
student 448: 6 15 11 20 17 19 18 3 10 2 12 5 13 4 14 1 9 7 8 16 
student 449: 10 12 4 17 15 14 13 8 1 3 6 5 20 11 7 9 2 18 16 19 
student 450: 7 19 5 20 8 15 12 4 1 6 11 3 18 13 9 2 17 16 10 14 
student 451: 11 13 10 16 18 20 14 4 3 2 6 1 19 9 7 5 15 8 17 12 
student 452: 12 16 3 17 10 20 11 6 2 1 7 4 18 15 8 5 19 9 14 13 
student 453: 17 12 1 18 20 13 11 5 2 4 7 6 14 9 3 8 16 19 10 15 
student 454: 5 8 2 20 16 18 7 4 3 11 9 12 19 17 13 1 14 15 6 10 
student 455: 5 12 4 20 18 13 16 10 3 6 11 2 8 15 14 9 17 7 19 1 
student 456: 15 6 8 19 12 20 13 2 4 3 1 11 18 10 7 16 17 9 5 14 
student 457: 6 8 5 16 19 17 13 7 2 1 20 11 10 9 4 3 18 15 14 12 
student 458: 2 9 7 19 18 17 15 8 1 3 5 6 20 12 10 4 16 14 11 13 
student 459: 20 13 7 15 19 16 17 11 1 2 8 5 9 12 4 3 18 14 6 10 
student 460: 7 10 11 15 17 19 6 3 8 1 5 14 16 18 2 9 20 4 12 13 
student 461: 18 1 14 19 15 17 3 8 4 10 7 5 11 6 12 2 13 20 16 9 
student 462: 12 6 9 18 15 20 14 1 8 4 3 7 19 2 5 11 17 16 13 10 
student 463: 7 14 2 18 15 20 13 1 9 6 5 4 16 10 3 8 19 17 11 12 
student 464: 9 19 2 12 17 18 20 11 1 6 4 3 10 14 7 8 15 13 5 16 
student 465: 7 14 6 20 11 17 19 2 10 1 4 3 16 5 8 9 13 12 15 18 
student 466: 11 7 5 20 19 17 12 3 4 2 13 8 15 6 9 1 18 16 10 14 
student 467: 12 11 7 19 17 18 9 6 2 1 8 14 20 5 10 3 13 15 16 4 
student 468: 9 7 10 20 16 19 15 4 2 3 18 6 14 8 1 17 13 11 5 12 
student 469: 14 6 5 17 20 19 12 8 4 7 15 1 13 3 9 2 16 18 11 10 
student 470: 14 5 10 19 13 18 8 2 1 4 16 7 20 6 15 3 17 12 11 9 
student 471: 16 11 5 19 17 20 15 2 6 3 13 4 18 7 8 1 14 10 12 9 
student 472: 16 9 1 20 19 18 15 3 14 4 8 5 10 13 2 11 12 6 7 17 
student 473: 11 5 7 9 20 18 19 17 1 3 8 10 15 13 6 2 16 12 4 14 
student 474: 11 12 3 20 18 19 16 6 4 13 9 1 8 10 5 2 15 17 14 7 
student 475: 11 6 9 14 19 20 15 18 4 1 13 12 17 2 5 3 8 10 7 16 
student 476: 11 15 9 17 7 14 16 5 1 3 13 4 6 10 8 2 19 12 18 20 
student 477: 11 10 5 19 20 18 8 4 13 1 14 6 15 9 7 3 17 16 12 2 
student 478: 11 10 6 19 13 17 14 9 1 5 8 4 20 7 3 2 16 12 18 15 
student 479: 8 6 12 18 16 19 20 14 2 4 1 9 10 5 7 3 17 15 11 13 
student 480: 9 19 18 13 17 16 12 8 3 4 6 5 20 7 1 2 10 15 14 11 
student 481: 7 11 3 17 13 18 20 10 5 6 12 2 16 15 4 1 9 19 14 8 
student 482: 9 20 3 18 19 11 8 5 1 2 6 4 14 12 10 7 13 15 17 16 
student 483: 5 10 3 20 17 18 13 11 8 6 15 1 16 4 7 2 12 19 14 9 
student 484: 11 8 10 20 17 19 16 1 2 4 5 9 18 12 3 6 14 13 15 7 
student 485: 18 5 7 15 16 19 12 8 6 3 4 1 20 13 10 2 14 11 17 9 
student 486: 18 9 6 20 10 12 11 5 3 4 7 1 19 16 8 2 17 13 14 15 
student 487: 13 17 8 16 19 15 11 6 4 1 5 7 14 18 3 2 12 20 9 10 
student 488: 1 15 9 10 20 19 5 2 6 8 4 7 13 14 11 3 17 16 18 12 
student 489: 14 11 3 18 12 20 13 7 1 5 9 4 19 10 8 2 16 17 6 15 
student 490: 9 15 4 12 20 18 17 6 1 5 8 10 14 16 13 2 19 7 11 3 
student 491: 11 8 10 19 6 20 16 4 3 2 9 1 17 13 7 5 15 18 14 12 
student 492: 15 10 3 12 18 19 17 5 2 1 13 7 9 8 11 6 4 20 16 14 
student 493: 15 4 5 17 20 16 12 3 13 1 8 6 19 9 10 2 18 7 14 11 
student 494: 8 7 9 20 15 10 19 1 2 3 6 14 13 18 5 4 16 17 11 12 
student 495: 12 15 13 18 16 19 14 4 1 3 8 6 17 10 5 2 20 9 11 7 
student 496: 10 13 2 18 19 20 12 5 6 3 16 7 15 9 8 1 17 14 4 11 
student 497: 8 4 9 14 20 19 17 18 1 3 7 5 16 11 2 6 12 10 15 13 
student 498: 15 9 7 18 17 20 3 11 8 1 5 4 19 12 10 6 16 2 13 14 
student 499: 5 16 10 19 13 15 6 1 4 2 11 7 14 8 9 3 17 20 12 18 
student 500: 7 10 5 19 16 20 3 2 4 6 9 8 18 17 15 1 14 13 11 12 
student 501: 12 15 1 11 20 13 19 4 8 10 5 2 7 6 3 14 9 18 17 16 
student 502: 14 12 10 17 19 20 18 5 3 1 8 2 11 9 7 6 13 4 16 15 
student 503: 15 10 12 20 7 14 17 3 18 1 8 5 13 9 6 2 19 16 11 4 
student 504: 18 9 11 16 15 20 3 7 2 4 14 1 19 12 6 5 13 17 10 8 
student 505: 14 13 4 16 17 19 18 2 6 1 11 3 12 10 5 8 20 9 15 7 
student 506: 11 5 4 20 15 17 13 2 1 3 7 8 16 10 14 6 18 19 9 12 
student 507: 13 10 8 12 17 20 11 5 1 2 3 14 16 6 9 4 18 15 7 19 
student 508: 11 13 6 19 18 17 16 1 3 2 14 7 20 5 4 10 12 9 8 15 
student 509: 10 17 3 13 19 20 14 2 5 7 6 9 12 16 8 1 11 15 18 4 
student 510: 17 13 9 19 6 20 16 3 2 1 4 5 18 8 10 12 15 14 11 7 
student 511: 14 10 4 11 18 19 20 12 1 3 7 9 15 13 5 2 17 16 6 8 
student 512: 10 5 7 20 12 19 17 13 3 1 4 6 14 8 9 2 16 18 15 11 
student 513: 15 9 3 19 16 17 8 5 2 1 11 7 10 6 14 13 20 18 4 12 
student 514: 18 17 1 19 15 20 13 5 7 6 8 4 16 12 2 10 11 3 14 9 
student 515: 7 4 6 11 15 16 13 5 3 2 19 9 20 17 8 1 18 14 12 10 
student 516: 14 20 15 13 16 17 19 3 1 7 9 4 8 12 2 6 10 11 5 18 
student 517: 7 5 4 19 8 20 16 14 1 2 10 9 17 13 3 6 15 18 11 12 
student 518: 14 12 2 20 19 17 15 6 1 13 4 9 18 8 5 3 16 10 7 11 
student 519: 9 14 3 15 10 19 18 8 1 5 11 2 20 7 6 4 16 12 17 13 
student 520: 9 13 7 12 15 16 20 1 10 4 5 6 17 2 8 19 18 3 14 11 
student 521: 19 9 12 20 13 18 17 3 2 1 4 6 5 14 10 7 8 16 11 15 
student 522: 6 9 8 18 19 20 17 2 4 7 1 3 12 13 11 5 14 16 10 15 
student 523: 10 11 16 15 18 20 14 6 4 5 8 2 19 12 9 7 3 17 1 13 
student 524: 13 7 4 19 17 14 20 5 1 3 11 10 16 8 2 6 9 18 15 12 
student 525: 10 11 3 16 14 20 9 8 6 2 7 1 18 17 5 4 19 12 15 13 
student 526: 5 14 7 20 16 18 12 11 2 4 9 6 15 8 1 3 17 19 13 10 
student 527: 15 10 9 16 20 17 19 3 1 5 7 6 14 4 8 2 13 18 12 11 
student 528: 20 10 7 13 12 15 18 1 5 6 9 14 3 11 4 2 19 17 8 16 
student 529: 12 9 5 19 20 13 16 7 3 1 2 4 18 10 6 8 17 14 11 15 
student 530: 11 14 8 20 19 15 12 10 5 2 4 9 18 1 7 3 16 13 6 17 
student 531: 12 10 8 16 20 19 4 7 3 2 15 6 18 11 5 1 9 13 14 17 
student 532: 16 15 9 4 20 17 12 2 8 1 7 3 14 11 5 13 18 19 10 6 
student 533: 10 13 5 17 20 18 15 1 2 4 12 8 16 7 9 3 19 14 6 11 
student 534: 20 17 4 19 15 16 13 5 3 1 18 2 14 11 7 6 10 9 8 12 
student 535: 9 10 12 16 17 19 15 2 5 1 8 11 18 6 4 3 13 20 7 14 
student 536: 9 8 1 11 17 20 6 12 2 3 7 10 4 13 19 5 15 16 18 14 
student 537: 10 8 3 20 19 15 9 5 4 1 6 2 14 7 11 12 18 13 16 17 
student 538: 18 9 7 17 12 15 19 5 3 10 2 4 14 1 16 8 20 13 11 6 
student 539: 10 7 5 19 18 20 11 3 4 2 6 13 15 14 9 1 17 12 8 16 
student 540: 13 6 10 20 12 18 3 2 8 11 7 14 17 5 9 1 19 15 16 4 
student 541: 9 20 5 19 17 18 11 1 2 3 15 6 14 7 10 4 13 12 8 16 
student 542: 18 12 6 15 14 19 17 3 1 2 5 7 11 10 4 8 20 13 9 16 
student 543: 10 7 11 15 9 19 13 2 4 8 5 6 17 12 1 3 20 16 18 14 
student 544: 10 15 6 16 14 20 8 12 3 1 7 4 19 9 5 2 18 11 17 13 
student 545: 10 9 6 18 19 20 14 4 1 3 8 7 12 11 13 2 17 5 15 16 
student 546: 10 6 5 19 18 20 2 8 7 9 1 3 16 12 14 4 17 13 11 15 
student 547: 12 10 17 14 13 20 5 1 7 3 8 4 16 11 6 2 19 15 18 9 
student 548: 7 11 6 20 16 17 12 2 3 1 5 4 14 9 15 10 18 13 19 8 
student 549: 8 10 5 13 20 18 17 4 1 2 6 7 16 9 15 3 12 19 11 14 
student 550: 20 13 6 16 14 19 9 1 7 11 10 4 18 3 2 5 12 17 8 15 
student 551: 16 7 8 20 15 18 17 4 3 10 1 2 14 13 5 11 9 19 12 6 
student 552: 14 8 11 20 13 19 18 10 2 1 5 3 12 4 9 7 16 17 6 15 
student 553: 11 6 12 19 18 7 13 4 9 1 5 2 20 14 10 3 16 17 8 15 
student 554: 16 9 10 18 12 19 20 1 5 3 13 2 14 6 7 4 15 8 11 17 
student 555: 15 11 13 16 14 17 3 6 1 4 7 9 19 8 12 2 18 20 10 5 
student 556: 15 10 6 19 14 12 5 17 11 8 4 2 16 9 3 1 13 7 18 20 
student 557: 5 15 1 12 16 20 13 9 7 3 10 11 6 14 4 2 19 17 18 8 
student 558: 12 5 1 19 20 17 18 10 6 2 7 16 15 3 11 9 13 8 4 14 
student 559: 14 11 1 10 16 20 17 7 4 2 8 9 19 13 3 5 15 18 6 12 
student 560: 10 17 9 11 18 19 14 16 1 6 4 2 15 13 8 3 20 5 12 7 
student 561: 10 2 7 8 18 20 17 6 1 3 12 4 16 13 11 5 9 19 15 14 
student 562: 13 6 5 12 19 18 10 8 2 3 20 14 16 4 9 1 15 17 11 7 
student 563: 8 11 9 16 20 19 17 4 7 3 6 12 15 1 5 2 14 18 10 13 
student 564: 15 8 18 14 17 20 11 1 9 2 4 6 16 7 5 3 13 19 10 12 
student 565: 14 10 11 20 19 12 9 2 1 3 15 4 18 7 13 6 8 17 16 5 
student 566: 12 9 17 15 11 20 14 13 6 1 8 10 18 4 7 3 2 19 5 16 
student 567: 19 10 6 20 11 18 14 5 3 1 12 9 16 13 8 2 17 7 15 4 
student 568: 12 8 5 19 20 14 11 2 1 4 9 6 18 10 7 3 16 15 13 17 
student 569: 7 10 9 18 20 15 12 1 3 4 6 2 16 11 8 5 17 14 19 13 
student 570: 12 20 3 18 14 19 13 4 1 2 6 8 17 7 16 5 15 9 10 11 
student 571: 18 15 3 16 19 20 14 5 8 1 7 2 17 10 4 9 13 12 6 11 
student 572: 6 10 4 15 20 16 14 5 3 7 11 2 19 17 8 1 18 9 12 13 
student 573: 8 11 5 17 10 20 16 7 6 3 18 2 14 13 4 1 15 12 19 9 
student 574: 10 8 7 20 18 16 17 2 4 12 11 3 15 13 5 1 14 19 6 9 
student 575: 7 14 4 9 18 20 16 6 1 2 3 13 17 12 11 5 15 8 10 19 
student 576: 20 5 12 19 11 13 4 7 1 2 17 10 6 15 9 3 16 18 8 14 
student 577: 12 14 11 19 16 17 15 4 3 9 10 1 18 8 7 2 20 13 5 6 
student 578: 6 14 5 20 19 15 1 10 2 3 8 4 18 11 9 7 12 13 17 16 
student 579: 13 11 6 17 15 20 19 7 4 2 9 8 14 1 5 3 10 18 16 12 
student 580: 3 12 9 19 11 17 20 7 5 1 2 6 10 14 4 8 18 16 15 13 
student 581: 15 17 2 20 18 19 8 6 1 4 10 7 16 9 3 5 13 11 12 14 
student 582: 14 4 6 18 20 16 10 3 8 2 9 5 15 11 1 17 12 13 7 19 
student 583: 18 14 6 19 7 17 8 4 1 3 9 2 20 11 5 10 16 15 13 12 
student 584: 10 7 8 15 19 18 20 2 3 5 14 13 16 4 1 9 11 17 12 6 
student 585: 19 14 18 17 16 6 12 9 2 5 1 7 20 3 10 4 13 11 15 8 
student 586: 19 15 5 20 14 18 11 1 8 4 2 6 12 16 10 3 17 13 7 9 
student 587: 10 4 18 12 19 17 15 5 1 2 6 3 16 11 9 8 13 20 7 14 
student 588: 15 20 4 10 19 18 16 8 5 6 2 7 11 9 3 1 13 17 14 12 
student 589: 7 3 10 15 18 19 9 1 2 8 11 14 20 13 5 12 17 16 4 6 
student 590: 9 19 7 16 17 14 12 10 3 4 5 1 18 20 11 2 6 15 13 8 
student 591: 6 20 7 14 19 16 18 1 4 2 11 5 15 10 9 3 12 17 8 13 
student 592: 19 13 6 9 16 18 4 12 2 7 10 8 14 11 20 1 5 17 3 15 
student 593: 17 6 9 13 20 18 5 8 4 2 14 12 19 7 3 1 11 16 10 15 
student 594: 11 16 6 20 14 15 18 1 3 10 8 5 12 2 7 4 19 17 13 9 
student 595: 5 4 2 19 16 17 12 3 1 13 6 18 10 7 20 8 14 15 9 11 
student 596: 9 17 7 14 18 20 12 4 1 3 15 6 13 8 5 2 19 10 16 11 
student 597: 13 5 10 20 14 15 11 8 3 1 16 4 9 6 7 2 18 19 12 17 
student 598: 8 16 2 18 15 19 14 6 1 4 13 3 9 7 17 5 20 11 10 12 
student 599: 10 5 9 18 16 12 13 7 2 3 11 15 19 8 1 4 20 17 14 6 
student 600: 12 5 4 18 15 20 9 11 1 3 6 2 13 14 8 7 10 16 17 19 
student 601: 6 2 3 16 19 20 12 7 4 10 18 5 14 13 11 1 17 9 8 15 
student 602: 6 10 8 19 16 20 17 1 7 9 4 2 18 3 12 11 5 13 14 15 
student 603: 14 20 11 15 18 19 17 4 1 6 3 5 9 8 7 2 12 10 16 13 
student 604: 2 5 7 13 18 15 12 10 8 6 14 1 16 3 11 4 20 19 9 17 
student 605: 11 17 2 19 15 12 16 7 5 3 4 9 20 6 1 8 10 13 14 18 
student 606: 10 13 6 16 15 18 12 4 1 3 8 7 20 14 5 2 11 19 17 9 
student 607: 6 8 5 19 20 11 15 2 1 3 13 7 18 4 9 12 14 16 17 10 
student 608: 18 7 11 15 13 20 16 1 2 5 10 4 6 12 8 3 19 17 14 9 
student 609: 18 10 13 20 9 16 11 2 1 8 5 3 19 6 4 7 17 15 12 14 
student 610: 11 7 5 16 13 20 19 8 3 10 1 9 14 12 2 6 17 15 18 4 
student 611: 15 8 2 14 20 19 18 4 3 10 11 1 17 9 5 7 13 12 16 6 
student 612: 5 8 4 19 15 20 12 6 2 14 13 7 18 1 10 3 9 17 11 16 
student 613: 15 10 13 7 20 16 17 14 2 4 18 6 19 8 1 3 5 9 11 12 
student 614: 2 14 10 20 13 9 11 5 7 6 15 8 18 19 12 3 17 4 16 1 
student 615: 14 3 6 20 19 10 16 12 2 1 7 4 15 11 5 9 13 18 8 17 
student 616: 12 16 9 20 18 19 15 4 1 3 2 7 17 10 13 5 6 8 14 11 
student 617: 6 13 10 18 20 19 15 8 1 4 11 5 17 14 3 2 16 9 7 12 
student 618: 12 7 5 15 17 18 19 2 1 8 13 3 10 4 11 9 20 6 14 16 
student 619: 16 5 9 17 15 19 11 1 6 2 7 3 18 4 12 14 8 10 13 20 
student 620: 6 16 11 20 13 19 8 5 7 1 10 3 18 12 4 2 14 15 17 9 
student 621: 19 6 10 20 18 13 17 3 4 1 15 7 11 9 2 8 14 16 12 5 
student 622: 6 9 14 10 16 20 15 3 5 2 11 4 18 1 8 7 19 17 13 12 
student 623: 3 14 8 13 9 19 18 15 10 1 4 2 20 6 12 7 16 11 5 17 
student 624: 13 10 2 11 17 18 16 7 6 1 8 5 19 9 14 4 12 20 15 3 
student 625: 15 12 5 16 19 18 20 2 7 1 8 3 6 9 14 4 17 10 11 13 
student 626: 8 17 2 20 18 14 13 4 1 7 10 11 9 6 5 3 16 12 19 15 
student 627: 9 12 6 19 18 20 5 11 3 4 7 8 15 1 10 2 17 13 14 16 
student 628: 7 11 3 20 12 18 13 16 5 1 2 6 19 15 8 4 17 14 9 10 
student 629: 8 15 5 13 12 20 19 3 1 2 9 6 16 7 4 10 14 18 17 11 
student 630: 9 2 13 20 10 6 12 7 4 5 14 3 17 11 8 1 16 18 15 19 
student 631: 13 11 9 20 18 19 4 5 2 1 6 10 15 8 7 3 17 14 12 16 
student 632: 8 20 5 19 12 18 17 9 1 3 7 2 14 10 4 11 13 15 6 16 
student 633: 7 10 8 15 12 20 18 1 5 2 9 4 13 19 6 3 17 11 14 16 
student 634: 20 13 9 17 10 8 15 2 5 1 4 11 16 18 6 3 19 14 7 12 
student 635: 12 9 10 15 19 20 14 4 7 2 6 8 17 11 3 1 16 18 5 13 
student 636: 16 9 5 20 17 19 14 3 2 12 6 10 15 7 1 8 18 13 4 11 
student 637: 7 9 11 17 15 14 19 3 5 8 2 12 13 6 4 1 18 20 10 16 
student 638: 8 12 2 18 20 17 19 6 3 1 7 5 16 11 10 9 13 4 14 15 
student 639: 15 14 7 17 12 18 20 11 2 3 9 8 19 13 10 4 6 5 1 16 
student 640: 12 8 15 17 11 20 4 14 1 10 7 5 16 9 6 3 19 18 2 13 
student 641: 17 7 5 15 14 20 1 2 6 10 16 4 19 9 8 3 13 11 18 12 
student 642: 10 2 3 19 17 18 15 8 5 4 7 13 16 9 6 1 14 20 12 11 
student 643: 14 8 7 20 19 17 16 12 1 5 10 6 11 9 3 2 18 15 4 13 
student 644: 15 5 10 19 20 17 13 6 9 2 7 1 12 8 4 3 11 18 16 14 
student 645: 6 18 9 16 12 20 11 1 3 10 2 8 15 17 5 4 19 14 7 13 
student 646: 4 15 7 18 12 17 13 3 6 1 10 2 20 11 14 8 19 16 9 5 
student 647: 10 4 5 19 18 20 13 2 1 6 11 9 17 14 8 3 16 15 7 12 
student 648: 11 8 4 19 1 20 14 5 12 6 10 2 15 17 7 3 16 18 9 13 
student 649: 18 17 10 16 15 13 8 4 3 6 9 1 12 14 7 2 20 11 5 19 
student 650: 10 14 5 16 19 20 12 4 1 2 13 6 7 3 8 17 9 11 15 18 
student 651: 8 6 9 18 2 17 4 10 11 1 13 7 15 5 14 3 19 12 16 20 
student 652: 15 9 6 17 16 19 13 4 1 3 7 5 18 14 11 2 12 20 10 8 
student 653: 14 11 5 19 10 20 18 6 3 1 12 4 16 9 7 2 8 15 13 17 
student 654: 10 2 1 17 18 19 12 3 8 7 4 11 13 16 5 6 15 14 9 20 
student 655: 19 5 4 10 17 20 14 12 2 1 18 7 13 9 8 3 6 15 11 16 
student 656: 11 7 8 14 20 18 16 3 4 1 13 5 17 10 2 6 15 12 9 19 
student 657: 10 3 14 16 20 19 13 1 11 8 12 4 18 5 7 2 15 17 9 6 
student 658: 12 7 9 19 17 18 15 8 3 1 10 5 14 11 4 6 20 16 13 2 
student 659: 19 14 13 15 18 20 12 6 11 2 17 5 10 1 4 8 16 9 7 3 
student 660: 10 13 5 19 18 17 7 4 3 1 8 6 16 20 12 2 9 15 14 11 
student 661: 11 18 6 20 9 17 13 2 5 3 15 14 19 10 8 7 16 12 1 4 
student 662: 9 7 5 19 13 18 16 10 4 1 14 2 11 3 8 6 15 17 20 12 
student 663: 19 8 4 20 11 18 14 9 1 2 7 3 12 10 6 5 17 16 13 15 
student 664: 15 8 7 11 19 12 20 1 4 3 2 5 17 16 10 6 18 14 13 9 
student 665: 11 12 15 20 18 19 5 2 7 3 10 8 14 6 4 1 17 13 9 16 
student 666: 20 4 2 19 14 15 17 5 1 10 3 8 18 7 6 13 16 12 9 11 
student 667: 10 19 2 16 13 20 18 7 12 3 1 4 11 5 6 8 9 17 15 14 
student 668: 13 3 8 16 14 18 15 6 1 4 17 9 12 5 7 2 11 19 10 20 
student 669: 8 17 5 19 18 20 10 7 1 2 9 3 15 6 12 4 16 14 11 13 
student 670: 11 17 4 19 18 15 10 8 1 12 5 6 7 9 3 2 20 14 13 16 
student 671: 14 12 7 10 19 18 20 5 1 4 13 2 15 11 6 3 17 16 9 8 
student 672: 8 6 7 14 19 20 13 2 1 3 9 5 17 11 12 4 10 18 16 15 
student 673: 16 10 3 2 19 18 14 8 5 1 4 7 15 9 12 6 17 20 11 13 
student 674: 12 20 4 19 9 17 10 3 8 2 11 1 13 5 6 7 16 18 15 14 
student 675: 12 17 4 20 13 19 6 5 2 1 8 7 18 10 9 3 11 14 15 16 
student 676: 12 5 8 18 20 19 11 1 4 9 3 6 17 10 7 2 15 16 14 13 
student 677: 13 10 4 15 19 20 16 3 7 9 11 8 18 6 5 2 1 17 12 14 
student 678: 8 16 5 19 15 18 14 4 11 1 3 9 17 7 10 2 12 20 6 13 
student 679: 1 6 13 9 20 19 17 2 3 4 11 12 18 7 5 10 15 8 14 16 
student 680: 16 5 6 19 20 15 14 9 4 2 3 1 18 12 7 8 17 13 11 10 
student 681: 8 10 2 14 19 17 18 4 1 7 13 3 16 9 5 12 20 15 11 6 
student 682: 14 2 5 11 16 20 19 6 8 7 4 3 18 12 10 1 13 17 9 15 
student 683: 11 14 9 13 8 17 15 3 4 1 6 7 16 10 5 2 12 20 19 18 
student 684: 12 5 6 18 11 17 15 1 2 3 19 7 10 9 8 13 20 16 4 14 
student 685: 12 11 4 20 19 17 14 7 3 8 10 1 15 18 9 2 16 13 5 6 
student 686: 10 7 9 20 17 19 12 1 6 3 11 5 15 8 4 2 14 16 18 13 
student 687: 10 2 9 16 19 20 14 5 1 7 12 4 15 13 6 8 11 18 17 3 
student 688: 20 14 2 15 11 19 13 6 3 4 10 5 18 9 7 1 12 8 16 17 
student 689: 11 10 9 16 17 20 18 4 1 2 12 8 19 7 3 6 13 5 14 15 
student 690: 9 13 5 16 19 10 15 7 2 11 4 3 20 6 8 1 18 17 14 12 
student 691: 16 7 6 20 17 19 15 5 1 3 9 4 10 12 8 11 18 2 13 14 
student 692: 11 5 8 15 20 19 9 4 7 1 13 12 17 16 3 2 14 6 18 10 
student 693: 10 7 12 18 16 19 14 4 5 1 8 6 11 9 15 3 20 17 13 2 
student 694: 7 15 13 16 14 19 20 3 2 6 8 9 5 10 11 1 4 17 18 12 
student 695: 15 13 9 18 20 19 16 12 2 1 7 4 11 5 3 6 14 17 10 8 
student 696: 7 18 13 20 17 19 10 5 3 4 9 12 16 1 6 2 14 15 11 8 
student 697: 7 12 2 16 19 20 18 10 1 4 3 6 15 13 11 8 14 17 9 5 
student 698: 9 2 10 20 17 16 13 7 1 3 5 8 11 19 6 4 14 18 15 12 
student 699: 10 14 1 20 11 18 19 2 5 4 9 15 13 3 6 8 16 17 7 12 
student 700: 12 11 7 17 19 20 2 8 9 5 10 16 15 3 4 1 18 13 14 6 
student 701: 14 13 8 4 19 15 20 1 9 5 11 3 12 7 6 2 16 18 10 17 
student 702: 8 5 9 16 14 17 19 2 4 3 20 11 15 1 7 6 12 18 10 13 
student 703: 13 10 4 16 18 20 17 5 3 1 9 6 19 7 8 2 12 15 11 14 
student 704: 12 8 6 20 17 18 10 5 2 4 9 3 7 15 11 1 19 16 13 14 
student 705: 7 17 12 13 14 9 5 6 1 3 8 4 15 2 19 20 10 18 11 16 
student 706: 12 9 5 19 16 18 10 2 3 6 17 4 13 8 7 1 11 14 20 15 
student 707: 7 4 8 20 19 18 17 13 1 9 6 3 14 11 5 2 16 12 10 15 
student 708: 16 6 2 20 10 19 14 9 1 3 5 8 13 7 4 11 12 17 18 15 
student 709: 15 10 4 16 17 19 8 2 1 3 18 11 20 6 5 9 12 14 13 7 
student 710: 11 6 7 15 18 17 9 5 13 4 1 8 16 2 10 3 20 14 12 19 
student 711: 8 1 12 5 11 13 15 9 7 2 17 3 20 10 16 6 19 18 4 14 
student 712: 12 17 8 20 19 18 13 5 3 7 6 2 15 9 4 1 16 14 10 11 
student 713: 6 10 7 20 12 19 14 5 2 8 9 13 17 4 3 1 18 15 16 11 
student 714: 8 10 3 13 15 11 9 4 7 12 6 1 17 5 19 2 20 18 14 16 
student 715: 13 9 12 15 11 20 10 4 2 8 1 6 19 7 5 3 17 18 14 16 
student 716: 7 6 8 14 15 18 10 13 1 2 16 3 17 19 4 5 11 20 12 9 
student 717: 5 8 3 20 15 19 17 9 4 1 2 12 18 10 6 7 13 14 11 16 
student 718: 14 13 6 17 10 18 8 12 1 7 2 9 20 16 3 4 15 19 5 11 
student 719: 12 10 5 20 14 18 15 2 1 4 9 7 19 13 6 3 17 16 11 8 
student 720: 8 17 6 18 20 12 13 9 3 7 10 1 11 14 5 2 4 15 16 19 
student 721: 17 14 5 18 20 19 4 10 3 1 6 7 12 11 2 8 16 9 15 13 
student 722: 11 10 6 19 18 20 5 3 4 8 14 2 17 12 9 1 7 16 15 13 
student 723: 11 6 5 15 20 13 17 8 2 9 12 4 19 1 10 3 7 18 16 14 
student 724: 10 13 7 16 20 9 14 4 1 2 8 3 18 15 5 6 17 12 19 11 
student 725: 5 9 7 13 19 20 14 10 3 1 8 2 15 4 12 11 16 18 6 17 
student 726: 3 10 4 17 20 15 19 8 1 6 2 5 18 7 9 13 14 16 11 12 
student 727: 13 8 11 20 12 17 19 3 2 1 6 7 18 10 5 4 9 16 15 14 
student 728: 12 9 6 16 19 14 15 10 2 1 8 7 18 5 4 3 20 17 11 13 
student 729: 10 13 3 20 19 12 15 4 11 2 6 5 18 8 7 1 16 17 9 14 
student 730: 9 10 5 18 14 19 17 20 3 2 1 7 12 8 6 4 13 16 11 15 
student 731: 15 7 6 16 20 11 14 2 1 3 10 9 19 8 18 5 17 4 12 13 
student 732: 9 10 11 17 19 20 18 7 2 1 3 6 15 12 13 5 8 16 4 14 
student 733: 15 12 5 18 11 13 9 10 8 1 6 3 19 7 4 2 16 20 17 14 
student 734: 13 10 9 19 18 20 14 3 1 11 4 2 15 6 8 5 7 17 16 12 
student 735: 10 3 9 14 20 15 19 5 1 4 16 8 12 11 7 2 13 17 18 6 
student 736: 12 14 2 18 13 11 10 8 9 3 6 4 20 17 5 1 16 7 15 19 
student 737: 16 7 9 20 19 18 1 3 11 6 10 4 14 2 8 5 12 13 15 17 
student 738: 18 3 1 19 20 17 11 10 4 7 8 5 15 6 9 2 14 13 16 12 
student 739: 2 6 7 18 20 15 12 9 3 1 10 5 8 16 11 4 19 14 13 17 
student 740: 9 5 7 12 18 17 16 11 13 3 1 6 19 8 2 4 15 20 14 10 
student 741: 10 18 4 17 20 19 13 8 3 1 9 7 15 6 12 2 16 14 5 11 
student 742: 3 10 4 17 16 20 12 2 1 8 14 7 18 9 6 13 15 19 11 5 
student 743: 7 9 13 15 17 20 12 2 1 3 11 6 14 10 4 5 18 19 8 16 
student 744: 14 2 10 18 13 19 16 6 7 9 3 8 20 11 4 5 12 17 1 15 
student 745: 10 20 9 19 15 18 16 2 1 8 5 4 17 12 6 7 11 14 3 13 
student 746: 19 6 7 11 20 17 10 12 3 4 13 2 15 8 5 9 18 16 1 14 
student 747: 16 14 2 13 9 20 15 4 3 7 11 6 12 10 1 5 18 19 17 8 
student 748: 8 15 2 19 17 14 7 5 1 13 16 9 20 6 4 3 10 11 18 12 
student 749: 6 3 14 15 20 12 4 18 9 5 16 11 19 8 17 2 13 7 1 10 
student 750: 15 14 11 20 16 17 8 18 1 5 9 3 19 7 4 10 13 12 6 2 
student 751: 20 9 5 16 15 14 11 8 1 2 13 10 12 6 7 4 19 18 3 17 
student 752: 10 17 11 9 18 15 14 3 4 1 13 5 16 7 6 2 12 20 8 19 
student 753: 17 13 15 12 14 18 11 7 5 2 6 3 19 9 4 1 20 10 16 8 
student 754: 5 9 13 19 18 20 7 12 2 3 4 6 14 8 11 1 10 17 15 16 
student 755: 7 17 6 20 14 18 9 10 2 4 11 3 16 13 5 1 19 15 8 12 
student 756: 13 14 4 19 15 17 20 9 2 7 3 10 8 6 11 5 16 18 1 12 
student 757: 9 10 3 8 16 19 20 5 2 12 14 7 18 13 6 1 4 11 15 17 
student 758: 10 8 4 19 14 17 15 9 2 3 12 6 20 16 7 1 13 5 18 11 
student 759: 10 15 7 11 16 19 14 2 4 5 8 12 18 1 13 6 20 17 3 9 
student 760: 9 20 7 13 15 19 10 3 2 4 17 14 12 8 5 1 11 16 18 6 
student 761: 8 7 4 16 19 17 10 13 1 2 12 3 18 5 6 9 15 20 11 14 
student 762: 1 15 3 20 17 12 19 4 8 2 5 14 18 7 9 6 11 13 16 10 
student 763: 20 15 3 17 18 19 14 6 1 5 8 4 16 9 7 2 13 12 11 10 
student 764: 12 10 4 19 18 20 6 5 2 1 7 3 11 8 13 9 17 16 15 14 
student 765: 13 9 7 20 12 19 16 5 2 3 1 8 18 15 11 6 17 4 14 10 
student 766: 2 13 7 17 10 20 15 3 1 8 14 6 11 9 4 5 18 12 19 16 
student 767: 4 9 2 10 15 19 11 5 6 1 17 13 14 7 16 8 20 3 12 18 
student 768: 16 18 1 11 9 20 17 7 4 5 3 2 19 8 12 6 15 13 14 10 
student 769: 19 8 5 12 13 16 11 10 1 4 6 3 18 15 7 9 2 14 20 17 
student 770: 12 9 2 18 20 19 16 7 3 1 6 4 13 10 11 5 8 17 14 15 
student 771: 4 12 11 18 15 20 17 6 7 1 3 2 14 8 16 5 10 13 19 9 
student 772: 11 19 4 18 17 16 12 1 3 2 5 9 20 10 7 6 14 13 15 8 
student 773: 11 12 6 16 18 20 15 5 3 2 4 7 17 9 10 1 13 19 14 8 
student 774: 8 6 7 14 20 11 15 13 1 4 10 3 19 9 5 2 18 16 12 17 
student 775: 15 4 3 18 17 19 20 5 11 1 13 6 14 12 7 8 10 9 2 16 
student 776: 11 9 13 20 17 14 19 15 2 1 10 5 16 12 4 3 8 18 6 7 
student 777: 14 7 13 18 10 20 9 6 3 4 2 5 19 17 1 12 16 15 8 11 
student 778: 7 10 12 17 19 18 16 1 6 3 5 2 20 11 4 8 15 14 9 13 
student 779: 10 9 1 18 20 19 15 5 3 4 7 11 16 8 2 6 13 17 14 12 
student 780: 13 15 5 17 19 20 7 10 11 4 9 1 16 3 8 2 18 14 6 12 
student 781: 11 7 10 15 13 17 19 3 4 1 9 8 16 5 14 2 20 18 12 6 
student 782: 17 6 3 19 9 12 7 10 1 2 13 5 11 15 18 4 16 20 8 14 
student 783: 17 5 2 19 8 15 18 12 7 10 6 9 3 4 11 1 16 14 20 13 
student 784: 10 5 9 18 19 14 13 6 2 4 8 3 16 7 11 1 20 17 15 12 
student 785: 15 7 9 18 20 12 16 4 3 2 6 1 17 5 10 8 19 13 14 11 
student 786: 13 14 9 19 18 20 10 4 2 8 3 7 16 11 12 5 15 17 6 1 
student 787: 15 11 3 13 19 17 20 7 6 1 9 2 10 18 12 4 16 14 5 8 
student 788: 11 10 4 16 17 19 13 7 1 2 12 3 6 8 9 5 18 20 14 15 
student 789: 4 16 8 14 18 12 17 6 2 7 9 3 20 5 11 10 13 15 1 19 
student 790: 13 9 6 14 19 20 17 2 7 3 11 1 5 15 10 4 16 12 8 18 
student 791: 8 10 11 17 14 20 16 9 2 1 4 13 19 5 7 3 12 6 18 15 
student 792: 5 15 12 18 20 19 16 2 1 11 6 4 17 3 14 9 8 13 7 10 
student 793: 13 6 2 19 18 20 12 4 9 3 11 5 14 8 7 1 16 10 17 15 
student 794: 18 11 6 19 16 20 9 5 2 1 13 4 14 3 7 10 17 15 12 8 
student 795: 9 14 5 15 18 20 12 1 3 2 11 6 16 7 4 8 19 17 10 13 
student 796: 15 13 2 17 16 19 6 5 12 3 7 4 11 9 10 1 8 20 14 18 
student 797: 12 10 6 9 18 20 13 3 1 15 17 8 11 7 5 2 19 16 4 14 
student 798: 5 2 16 17 19 20 13 7 1 3 9 8 18 12 6 4 10 15 14 11 
student 799: 17 18 3 15 16 20 10 6 4 5 8 1 13 11 7 2 12 19 9 14 
