student 0: 5 11 20 8 10 14 13 6 18 17 19 12 3 16 9 2 4 7 1 15 
student 1: 19 13 15 3 18 7 8 1 17 11 9 12 10 16 4 5 6 14 2 20 
student 2: 14 10 15 1 17 11 19 5 16 6 18 12 8 13 9 7 2 3 4 20 
student 3: 15 8 17 3 19 11 20 2 18 12 4 16 1 7 13 6 10 9 5 14 
student 4: 12 13 18 2 17 10 8 6 4 15 14 19 1 11 16 5 7 9 3 20 
student 5: 15 12 20 3 9 14 16 5 13 19 7 11 1 18 8 4 10 6 2 17 
student 6: 19 6 20 4 10 11 18 2 8 17 12 15 14 13 9 5 1 7 3 16 
student 7: 17 4 15 5 19 9 18 3 20 12 8 14 6 16 13 1 2 10 7 11 
student 8: 11 4 20 5 14 12 18 8 16 15 6 13 1 10 17 9 2 7 3 19 
student 9: 16 2 20 5 19 12 15 4 18 13 8 11 1 9 14 7 6 10 3 17 
student 10: 20 2 15 6 11 14 19 4 16 5 9 10 12 18 7 8 3 17 1 13 
student 11: 18 4 20 3 14 6 19 12 15 10 9 13 5 17 7 1 2 11 8 16 
student 12: 14 2 12 1 19 15 20 11 16 6 13 18 9 17 8 7 5 4 3 10 
student 13: 14 13 17 8 19 6 20 4 5 16 7 11 15 12 18 1 3 9 2 10 
student 14: 18 19 14 1 12 7 16 11 17 9 4 20 5 10 13 6 3 8 2 15 
student 15: 10 2 18 5 9 7 20 12 14 16 11 17 3 8 13 6 4 15 1 19 
student 16: 11 5 19 1 17 9 14 8 15 2 10 20 3 12 18 6 7 16 4 13 
student 17: 12 2 15 3 11 9 20 7 19 6 17 5 1 14 18 8 10 13 4 16 
student 18: 14 1 19 8 15 3 18 9 11 7 10 16 2 17 20 5 6 4 12 13 
student 19: 18 5 19 10 9 14 11 1 12 4 17 20 15 13 8 3 7 6 2 16 
student 20: 17 12 11 1 19 9 18 5 16 10 13 20 4 14 15 3 7 8 2 6 
student 21: 11 20 16 1 19 9 18 15 14 5 10 12 4 7 13 3 8 6 2 17 
student 22: 18 4 17 2 16 7 19 10 11 13 12 20 8 15 14 3 5 6 1 9 
student 23: 7 5 20 1 16 13 18 8 12 11 9 19 10 14 15 3 6 4 2 17 
student 24: 17 9 7 5 14 6 19 15 13 8 12 20 11 10 18 2 4 3 1 16 
student 25: 20 2 19 5 17 4 18 11 6 7 10 16 9 15 13 8 3 14 1 12 
student 26: 19 13 18 2 17 5 20 15 8 16 7 11 1 3 10 6 9 12 4 14 
student 27: 15 2 19 5 9 4 8 7 14 16 6 17 12 10 20 3 11 1 13 18 
student 28: 18 12 20 2 14 9 17 15 11 1 13 16 8 10 5 7 4 3 6 19 
student 29: 16 17 19 1 20 5 10 3 14 6 8 12 4 15 13 7 11 9 2 18 
student 30: 15 16 20 11 8 7 17 4 19 10 2 18 5 13 12 1 3 6 9 14 
student 31: 16 9 20 8 18 2 11 4 15 14 12 7 19 13 1 6 10 5 3 17 
student 32: 17 6 16 1 14 2 19 15 10 11 7 13 18 5 12 9 8 4 3 20 
student 33: 16 15 20 1 9 12 13 8 4 19 6 18 5 14 17 7 3 2 11 10 
student 34: 10 8 18 6 13 12 19 11 9 17 16 15 3 20 5 2 4 7 1 14 
student 35: 14 12 20 3 17 7 19 5 10 2 11 15 16 13 9 6 4 8 1 18 
student 36: 17 8 18 3 15 7 19 13 12 16 10 6 5 9 14 2 4 11 1 20 
student 37: 19 5 18 1 10 17 20 6 16 15 11 7 4 14 13 3 8 2 9 12 
student 38: 18 11 20 1 16 5 19 8 15 14 12 7 9 4 13 3 2 6 10 17 
student 39: 18 13 15 1 14 12 16 4 17 10 6 19 5 20 8 11 2 9 7 3 
student 40: 17 15 19 2 13 18 20 4 10 11 9 12 5 14 6 8 16 1 3 7 
student 41: 17 6 10 3 16 20 8 7 14 5 15 18 11 12 13 1 2 9 4 19 
student 42: 12 8 18 1 11 6 19 14 20 7 16 13 4 10 17 2 5 9 3 15 
student 43: 19 11 16 7 13 10 15 5 18 12 6 20 1 9 14 8 3 2 4 17 
student 44: 17 16 20 4 14 8 19 3 7 10 12 5 2 13 15 1 11 9 6 18 
student 45: 17 9 20 1 16 12 4 11 15 13 14 18 5 8 6 10 3 7 2 19 
student 46: 18 11 16 3 20 15 19 5 14 10 13 12 6 9 8 2 1 7 4 17 
student 47: 14 10 17 2 16 15 19 7 12 9 6 8 5 20 11 4 3 18 1 13 
student 48: 11 8 18 6 20 19 17 14 10 9 1 12 7 16 13 5 3 2 4 15 
student 49: 17 7 20 3 14 15 19 5 13 12 10 18 4 16 11 1 2 6 8 9 
student 50: 5 6 20 1 18 11 13 10 9 12 14 15 4 16 7 17 3 2 8 19 
student 51: 20 19 18 2 13 9 17 7 14 5 8 12 4 10 16 1 3 6 11 15 
student 52: 20 7 15 3 18 10 14 13 5 16 17 2 1 8 12 19 9 6 4 11 
student 53: 16 11 20 13 10 6 19 4 15 7 8 12 5 9 14 1 2 18 3 17 
student 54: 20 8 19 2 14 11 18 1 15 10 13 17 9 16 5 4 6 7 3 12 
student 55: 18 3 20 13 10 16 17 7 15 5 9 14 2 8 19 1 4 12 6 11 
student 56: 17 18 19 3 7 5 15 2 16 11 6 10 4 13 14 8 12 9 1 20 
student 57: 17 3 18 4 12 6 20 9 10 15 14 7 2 11 16 8 5 13 1 19 
student 58: 13 4 15 1 20 6 19 8 16 14 9 18 10 17 7 3 2 12 5 11 
student 59: 17 6 19 4 14 7 20 5 8 13 11 16 15 3 10 2 9 12 1 18 
student 60: 11 13 20 5 14 10 17 7 12 9 8 15 3 19 18 6 2 4 1 16 
student 61: 10 8 20 1 15 12 16 11 17 14 7 18 6 9 13 4 2 3 5 19 
student 62: 18 7 20 4 16 14 6 11 13 15 8 17 12 10 9 1 2 5 3 19 
student 63: 17 10 15 6 16 18 19 1 8 11 9 14 3 13 12 4 2 7 5 20 
student 64: 6 5 20 4 18 9 17 7 16 11 3 15 8 10 14 2 12 13 1 19 
student 65: 18 1 19 10 20 13 9 2 7 12 6 11 16 14 15 8 4 5 3 17 
student 66: 15 17 20 4 19 7 18 2 14 11 10 12 6 9 13 3 5 8 1 16 
student 67: 13 12 19 5 17 7 18 8 16 10 9 14 3 15 11 6 1 4 2 20 
student 68: 15 7 19 2 20 9 16 8 5 13 12 17 6 14 11 3 1 10 4 18 
student 69: 20 9 17 2 12 7 15 8 16 10 11 5 1 18 14 6 4 13 3 19 
student 70: 14 11 16 6 18 19 13 3 17 9 12 8 4 15 10 2 5 7 1 20 
student 71: 18 12 20 5 17 4 14 6 13 3 11 7 8 9 15 10 2 16 1 19 
student 72: 18 14 13 2 11 19 20 4 16 7 15 17 1 5 9 3 10 6 8 12 
student 73: 19 5 15 1 20 13 16 11 18 4 14 17 7 10 8 6 2 3 9 12 
student 74: 17 11 19 9 20 2 16 5 12 8 10 15 1 6 14 3 4 13 7 18 
student 75: 19 13 20 2 14 7 15 8 17 10 12 11 6 18 9 1 5 3 4 16 
student 76: 18 8 19 7 14 6 20 10 13 15 12 17 3 11 9 2 1 5 4 16 
student 77: 18 3 15 1 20 7 13 14 17 16 10 12 4 9 6 2 8 5 11 19 
student 78: 14 18 15 1 16 8 19 4 12 9 10 11 3 7 13 6 2 17 5 20 
student 79: 17 14 20 2 13 6 19 3 9 11 10 16 12 8 15 1 4 5 7 18 
student 80: 8 6 20 4 19 11 13 5 14 12 16 17 10 15 9 3 2 7 1 18 
student 81: 15 9 19 2 20 17 18 1 13 11 7 14 5 12 10 4 6 3 8 16 
student 82: 19 14 10 8 15 13 9 12 3 4 20 18 2 11 17 6 7 5 1 16 
student 83: 16 4 18 17 14 9 13 8 12 7 11 20 2 6 15 5 3 10 1 19 
student 84: 18 7 17 10 16 20 19 8 5 12 6 11 4 15 13 2 3 14 1 9 
student 85: 15 2 18 3 13 12 17 20 14 10 6 7 16 8 11 4 1 5 9 19 
student 86: 20 14 18 3 2 10 17 1 12 6 7 16 15 4 19 13 5 9 8 11 
student 87: 19 4 20 7 14 10 16 5 17 8 12 13 15 11 9 2 1 6 3 18 
student 88: 7 19 16 13 17 10 12 4 11 14 9 3 8 18 15 6 2 5 1 20 
student 89: 17 8 18 1 14 9 15 19 5 16 11 12 6 10 13 4 3 7 2 20 
student 90: 10 6 20 1 15 17 18 3 16 13 7 12 9 11 8 4 5 19 2 14 
student 91: 14 15 17 3 13 1 20 9 11 5 19 12 10 6 4 18 8 7 2 16 
student 92: 17 12 20 4 13 11 14 5 7 8 16 19 9 3 18 10 2 6 1 15 
student 93: 11 5 20 7 16 17 15 6 18 14 9 12 10 2 13 8 1 4 3 19 
student 94: 20 8 17 7 19 4 13 6 16 14 3 15 2 18 12 10 5 1 9 11 
student 95: 11 4 16 3 19 8 20 5 13 15 10 12 14 7 17 2 6 9 1 18 
student 96: 18 14 9 5 19 6 13 3 17 7 8 16 12 10 15 4 2 11 1 20 
student 97: 13 15 20 1 14 8 19 5 17 16 6 12 9 18 11 3 7 4 2 10 
student 98: 20 7 16 2 15 4 19 8 12 13 17 9 1 18 10 6 5 11 3 14 
student 99: 14 3 19 1 17 2 20 13 18 7 9 11 8 10 15 4 6 12 5 16 
student 100: 15 6 17 3 12 5 20 2 4 13 11 10 18 14 19 9 8 1 7 16 
student 101: 14 11 19 2 15 12 18 10 20 17 16 5 3 9 13 4 8 7 6 1 
student 102: 13 5 17 6 15 8 18 4 9 12 16 10 11 19 14 3 2 7 1 20 
student 103: 17 8 20 1 18 10 7 9 14 19 13 11 5 12 15 6 3 2 4 16 
student 104: 18 8 20 4 16 2 12 13 15 11 10 17 7 9 14 5 3 1 6 19 
student 105: 17 14 12 1 20 7 19 6 15 3 8 11 16 9 13 2 5 4 10 18 
student 106: 16 12 17 3 18 10 19 4 9 14 11 6 2 13 15 8 5 7 1 20 
student 107: 20 14 19 5 13 18 17 16 15 10 2 11 12 6 7 1 8 4 3 9 
student 108: 10 13 20 1 12 11 19 6 15 16 8 17 2 4 14 5 9 7 3 18 
student 109: 18 9 17 7 2 8 20 6 19 11 10 15 3 5 12 4 1 14 13 16 
student 110: 14 2 20 3 19 17 18 4 12 16 11 15 5 8 13 6 10 7 1 9 
student 111: 8 11 1 5 16 6 20 2 12 13 9 18 17 15 10 4 7 14 3 19 
student 112: 13 2 16 1 17 5 18 8 10 15 14 19 11 9 12 3 6 4 7 20 
student 113: 14 20 18 2 16 19 17 5 15 11 8 13 1 6 9 3 7 10 4 12 
student 114: 12 10 19 5 18 15 17 3 9 7 1 20 6 11 16 8 4 13 2 14 
student 115: 13 7 15 3 18 10 20 4 8 16 9 12 6 14 17 5 2 11 1 19 
student 116: 14 19 16 2 9 5 18 7 15 6 12 10 4 17 13 11 3 8 1 20 
student 117: 15 3 18 1 20 4 16 11 14 19 10 17 13 9 12 2 7 8 5 6 
student 118: 14 10 15 2 18 16 8 17 13 6 5 11 7 12 20 1 3 9 4 19 
student 119: 19 12 17 1 14 7 10 2 18 6 16 20 11 8 9 5 4 13 3 15 
student 120: 16 6 17 4 15 11 12 2 19 9 10 14 8 13 20 3 7 1 5 18 
student 121: 14 6 19 12 16 17 20 5 8 13 10 15 1 9 7 11 3 2 4 18 
student 122: 16 10 19 3 15 7 17 8 9 11 20 14 4 12 13 6 1 5 2 18 
student 123: 17 2 16 12 15 3 18 11 7 19 6 10 13 14 9 4 1 5 8 20 
student 124: 14 10 9 5 19 11 18 4 17 15 1 16 2 7 13 8 12 6 3 20 
student 125: 19 13 20 6 12 5 14 7 9 18 10 15 3 11 17 2 4 8 1 16 
student 126: 18 11 17 7 19 6 20 3 13 5 10 12 9 16 14 2 1 8 4 15 
student 127: 16 4 19 5 15 7 12 3 17 6 11 14 18 13 10 9 2 8 1 20 
student 128: 18 1 16 3 14 7 20 8 17 9 10 12 4 15 19 5 6 11 2 13 
student 129: 17 2 19 6 18 8 20 5 9 14 10 11 4 16 12 1 13 7 3 15 
student 130: 17 7 14 11 15 1 19 4 13 8 6 18 10 16 12 3 5 9 2 20 
student 131: 17 11 14 1 16 9 19 6 12 3 4 13 5 15 20 10 2 8 7 18 
student 132: 15 5 20 2 16 7 14 4 12 9 10 13 17 11 19 8 3 6 1 18 
student 133: 16 6 20 3 17 10 19 11 15 18 12 14 1 8 5 7 4 9 2 13 
student 134: 9 8 17 3 16 11 20 6 15 13 2 18 10 12 14 4 7 1 5 19 
student 135: 17 16 12 7 9 2 20 5 11 13 18 15 1 3 4 14 8 6 10 19 
student 136: 19 9 20 1 14 8 17 15 12 13 10 18 2 16 7 4 11 5 3 6 
student 137: 15 5 20 4 14 9 16 8 19 11 7 13 1 17 12 2 6 10 3 18 
student 138: 18 5 16 4 20 3 19 7 13 12 10 9 6 11 15 14 1 8 2 17 
student 139: 20 13 18 2 15 1 19 16 7 4 14 6 11 5 9 10 8 12 3 17 
student 140: 12 9 18 3 17 2 19 10 14 8 16 15 4 7 11 13 1 6 5 20 
student 141: 13 4 20 1 16 17 19 6 14 9 7 15 2 11 12 8 5 10 3 18 
student 142: 18 11 20 10 16 8 12 7 19 14 13 3 1 6 15 2 5 9 4 17 
student 143: 18 6 20 7 14 13 19 9 15 12 5 11 4 10 16 1 3 8 2 17 
student 144: 5 6 20 8 11 4 18 2 10 12 13 17 1 16 9 14 3 15 7 19 
student 145: 10 8 20 1 15 7 18 2 14 12 17 16 5 4 6 9 11 13 3 19 
student 146: 15 8 17 4 18 19 14 11 9 12 7 16 5 10 13 2 3 6 1 20 
student 147: 19 13 8 4 20 12 18 5 15 6 7 10 11 17 14 9 1 3 2 16 
student 148: 13 6 20 7 19 8 14 12 1 9 18 11 15 5 16 3 10 4 2 17 
student 149: 20 5 19 2 9 13 17 8 14 12 11 15 1 10 16 3 6 7 4 18 
student 150: 19 10 9 1 18 7 17 8 14 13 20 15 3 12 16 5 4 6 2 11 
student 151: 17 3 19 6 20 10 16 7 14 15 12 18 5 11 13 4 1 9 2 8 
student 152: 20 3 11 4 18 12 17 10 6 13 15 19 7 8 9 2 14 5 1 16 
student 153: 17 2 20 10 12 13 18 5 6 8 9 16 11 19 14 7 4 3 1 15 
student 154: 20 12 14 8 18 11 17 6 7 16 9 13 10 15 5 1 2 4 3 19 
student 155: 18 8 15 4 17 2 19 9 11 13 10 12 1 16 7 3 6 20 5 14 
student 156: 11 12 14 6 17 13 19 10 20 15 7 16 2 18 8 5 4 3 1 9 
student 157: 19 5 17 3 18 12 20 6 15 11 10 16 7 8 13 1 4 9 2 14 
student 158: 18 15 17 1 13 10 16 2 8 14 5 9 3 4 12 7 19 11 6 20 
student 159: 15 7 19 4 20 6 16 3 11 10 14 12 2 13 17 5 8 9 1 18 
student 160: 3 1 15 4 20 6 13 19 18 9 12 14 7 8 10 11 5 16 2 17 
student 161: 15 11 18 1 13 19 17 9 12 10 6 14 7 8 20 3 5 4 2 16 
student 162: 19 15 17 4 20 7 12 8 9 10 16 18 2 11 14 5 6 3 1 13 
student 163: 11 3 20 1 16 15 17 7 9 10 8 19 12 6 18 5 4 13 2 14 
student 164: 17 8 16 6 13 15 20 1 12 10 7 19 2 14 9 5 11 3 4 18 
student 165: 19 9 18 8 17 11 15 10 16 4 12 14 5 6 13 1 7 3 2 20 
student 166: 7 5 19 1 16 13 18 3 15 10 12 20 6 14 4 8 9 17 2 11 
student 167: 15 7 18 5 12 6 20 3 8 14 9 13 11 17 16 2 4 10 1 19 
student 168: 20 6 18 11 8 13 19 4 16 10 12 17 5 14 15 1 3 7 2 9 
student 169: 17 2 20 1 12 5 18 6 19 13 11 10 9 15 7 4 16 8 3 14 
student 170: 5 9 13 6 20 14 11 12 15 4 19 18 1 10 17 3 7 8 2 16 
student 171: 16 14 18 7 10 5 19 4 6 15 2 8 13 17 20 3 12 9 1 11 
student 172: 18 9 19 2 13 11 16 6 8 12 20 17 4 14 10 5 3 7 1 15 
student 173: 5 4 19 13 17 1 18 9 8 16 2 11 7 20 14 3 15 10 6 12 
student 174: 14 11 19 1 9 7 15 13 17 16 12 18 6 2 10 4 8 5 3 20 
student 175: 16 9 15 1 17 4 7 11 20 19 18 13 2 5 6 8 12 10 3 14 
student 176: 14 5 18 7 12 1 20 13 16 4 9 8 2 15 11 3 6 19 10 17 
student 177: 20 8 18 1 19 7 17 9 15 10 3 16 13 11 4 6 5 14 2 12 
student 178: 12 6 19 5 20 7 16 13 8 15 3 17 10 11 18 2 4 9 1 14 
student 179: 19 9 11 2 14 5 13 6 10 15 4 16 3 20 8 1 12 17 7 18 
student 180: 18 17 20 3 11 10 19 6 13 8 5 16 1 15 12 9 7 4 2 14 
student 181: 16 7 19 5 12 10 18 4 13 3 11 20 6 9 14 15 2 8 1 17 
student 182: 19 10 16 2 15 14 18 20 8 6 11 13 7 9 12 1 4 3 5 17 
student 183: 17 8 7 2 11 18 16 1 19 6 10 9 12 5 20 3 4 15 13 14 
student 184: 18 9 14 3 12 16 17 7 15 6 11 20 13 10 8 1 5 2 4 19 
student 185: 13 18 20 7 17 10 19 4 12 14 6 11 3 8 15 2 5 9 1 16 
student 186: 19 16 12 11 10 7 20 5 9 6 8 17 3 14 15 1 2 13 4 18 
student 187: 19 7 20 6 17 3 18 12 11 4 9 15 10 5 16 2 8 13 1 14 
student 188: 5 6 18 2 16 8 19 11 13 17 12 15 1 14 20 7 9 10 3 4 
student 189: 18 8 20 3 17 9 19 5 11 10 6 15 4 7 12 1 13 14 2 16 
student 190: 20 3 18 9 14 16 15 5 11 12 8 13 2 10 17 4 7 6 1 19 
student 191: 9 13 18 7 16 8 17 3 19 12 6 10 1 14 11 2 5 4 15 20 
student 192: 17 9 19 5 18 7 20 6 13 11 8 16 2 10 3 4 14 12 1 15 
student 193: 18 10 20 3 13 16 19 7 17 15 1 9 5 8 14 2 6 11 4 12 
student 194: 19 10 14 6 15 7 20 5 13 17 3 12 2 9 16 4 1 11 8 18 
student 195: 17 8 19 3 7 14 16 10 15 13 12 20 9 11 1 5 6 4 2 18 
student 196: 13 6 17 3 7 2 11 5 16 12 15 14 4 19 8 1 10 18 9 20 
student 197: 14 17 15 1 20 4 18 9 5 6 13 12 8 10 19 7 3 16 2 11 
student 198: 12 10 14 8 16 6 18 5 19 1 7 20 15 11 13 9 2 3 4 17 
student 199: 13 9 20 10 15 12 19 14 7 17 16 8 6 11 4 2 5 3 1 18 
student 200: 15 10 20 1 16 12 18 7 19 5 6 11 8 17 13 4 2 9 3 14 
student 201: 19 10 16 8 17 3 15 2 11 5 18 20 9 14 12 4 7 6 1 13 
student 202: 11 9 20 4 15 13 18 5 12 14 16 19 6 8 10 2 1 7 3 17 
student 203: 17 4 18 3 11 9 20 5 13 19 15 16 7 8 10 2 14 6 1 12 
student 204: 17 7 14 8 19 9 18 5 13 20 11 4 6 12 16 1 2 10 3 15 
student 205: 13 14 20 1 12 15 19 10 16 5 8 17 9 11 7 4 6 2 3 18 
student 206: 13 5 17 1 16 8 20 2 12 18 14 10 9 15 19 11 3 6 7 4 
student 207: 13 2 20 3 15 9 19 5 14 11 10 16 4 6 17 1 8 12 7 18 
student 208: 18 10 16 13 15 12 19 2 8 11 4 7 9 17 14 3 6 1 5 20 
student 209: 13 6 19 3 16 14 15 7 11 4 20 18 10 12 17 5 2 9 1 8 
student 210: 15 2 20 3 18 5 17 6 10 16 9 19 12 13 14 4 7 11 1 8 
student 211: 18 10 16 6 9 12 20 3 15 4 14 17 5 19 8 13 1 2 7 11 
student 212: 8 14 19 1 13 4 16 11 5 12 17 18 2 10 15 9 7 3 6 20 
student 213: 2 7 13 6 19 10 9 5 18 16 17 8 4 20 11 14 1 15 3 12 
student 214: 20 10 13 6 7 8 15 5 11 16 12 17 14 18 4 9 3 2 1 19 
student 215: 14 17 13 11 20 9 18 2 16 10 5 19 4 12 15 7 1 3 8 6 
student 216: 17 4 20 5 19 9 18 10 14 7 6 12 2 16 11 1 8 15 3 13 
student 217: 7 3 19 8 20 10 11 9 14 13 12 18 5 15 17 4 2 6 1 16 
student 218: 9 7 11 2 18 13 15 1 19 17 12 16 4 8 14 6 5 10 3 20 
student 219: 15 7 19 5 17 16 20 2 9 8 10 13 12 14 4 3 1 11 6 18 
student 220: 15 3 20 4 18 14 19 2 10 16 7 1 8 12 17 9 5 13 6 11 
student 221: 18 10 16 4 20 12 13 8 14 9 11 17 6 2 15 5 1 7 3 19 
student 222: 8 7 19 2 18 6 15 17 11 9 14 16 1 5 12 13 4 10 3 20 
student 223: 11 5 10 3 15 8 16 4 6 20 13 19 9 14 17 2 12 7 1 18 
student 224: 20 13 19 4 16 12 15 7 10 18 6 14 1 3 9 8 5 11 2 17 
student 225: 9 1 17 3 20 10 18 7 13 11 15 19 5 6 12 4 14 2 8 16 
student 226: 10 4 18 17 20 12 16 6 7 11 13 15 1 8 14 5 9 3 2 19 
student 227: 20 9 18 2 15 12 8 1 6 11 16 14 5 17 19 4 3 10 13 7 
student 228: 15 18 17 2 13 10 20 5 14 16 8 12 1 11 7 4 3 9 6 19 
student 229: 19 1 16 3 13 9 7 5 12 17 14 20 15 10 18 8 6 4 2 11 
student 230: 17 6 20 1 18 10 19 8 13 11 9 16 3 12 14 2 5 7 4 15 
student 231: 10 3 17 2 15 1 12 7 19 18 4 20 16 14 13 5 8 6 9 11 
student 232: 19 14 16 6 17 3 15 1 5 13 7 18 8 11 12 9 2 10 4 20 
student 233: 15 9 20 1 17 7 19 8 11 10 6 13 3 16 14 4 2 12 5 18 
student 234: 17 9 11 2 18 14 19 6 20 13 7 10 1 15 16 3 8 4 5 12 
student 235: 14 11 13 15 12 20 8 4 6 18 16 10 5 2 19 1 7 9 3 17 
student 236: 18 4 19 1 14 13 15 7 8 10 17 16 6 11 9 2 5 12 3 20 
student 237: 10 8 19 9 5 6 17 3 13 20 11 14 2 15 7 4 12 16 1 18 
student 238: 17 1 19 7 15 5 6 14 18 16 9 11 13 20 10 8 2 4 3 12 
student 239: 16 4 14 3 17 10 20 5 19 12 13 18 2 15 6 7 8 9 1 11 
student 240: 12 9 20 1 14 7 18 4 10 19 5 16 11 15 13 8 6 3 2 17 
student 241: 17 13 20 1 19 9 12 2 7 6 8 15 14 11 16 3 10 5 4 18 
student 242: 18 7 20 15 5 12 17 3 13 6 14 16 4 11 9 2 1 8 10 19 
student 243: 18 8 20 5 15 4 16 9 10 12 7 13 19 17 14 2 6 11 1 3 
student 244: 16 9 17 4 10 13 20 6 12 15 11 7 8 19 14 2 1 5 3 18 
student 245: 19 15 20 6 14 3 17 8 11 18 13 12 4 10 5 2 7 9 1 16 
student 246: 11 12 16 4 17 7 14 8 9 10 1 19 5 15 13 3 18 6 2 20 
student 247: 18 7 9 11 16 13 19 3 12 8 20 15 2 14 10 4 1 6 5 17 
student 248: 19 8 18 3 13 11 20 5 17 10 7 14 4 2 16 15 12 6 1 9 
student 249: 18 11 16 1 15 13 19 3 17 6 5 12 9 7 14 8 10 2 4 20 
student 250: 11 5 17 4 10 2 19 12 16 14 9 3 7 15 20 6 8 13 1 18 
student 251: 18 8 20 5 16 2 19 6 17 7 11 12 13 10 15 1 4 9 3 14 
student 252: 17 16 19 1 10 11 18 7 15 20 9 13 5 6 12 2 3 4 8 14 
student 253: 19 1 14 6 18 8 20 13 17 7 5 11 9 12 15 10 3 4 2 16 
student 254: 19 14 20 3 15 7 12 11 5 10 4 17 13 16 9 1 2 6 8 18 
student 255: 3 10 14 5 18 12 20 6 16 4 17 19 7 8 13 11 2 9 1 15 
student 256: 20 6 19 3 15 1 17 7 12 9 11 13 4 16 18 8 2 5 10 14 
student 257: 6 9 17 3 20 15 18 7 14 13 5 8 4 12 19 10 1 11 2 16 
student 258: 16 9 19 1 8 13 20 6 17 11 15 14 4 10 12 7 2 5 3 18 
student 259: 10 16 20 2 7 15 19 5 18 14 11 6 4 13 17 9 3 8 1 12 
student 260: 20 9 17 6 18 12 10 1 8 11 7 16 4 13 15 5 14 2 3 19 
student 261: 10 5 18 1 13 3 12 15 11 17 14 20 9 19 6 8 7 4 2 16 
student 262: 18 3 11 5 15 7 20 2 19 14 9 10 6 16 17 1 13 8 4 12 
student 263: 7 14 18 3 16 8 17 19 20 12 2 9 4 11 5 6 13 10 1 15 
student 264: 15 2 20 7 16 8 17 12 14 11 10 1 3 19 6 5 9 13 4 18 
student 265: 20 12 17 1 18 9 13 8 2 10 6 16 7 15 11 4 5 3 14 19 
student 266: 10 1 12 2 11 16 5 7 18 3 14 19 4 17 15 9 6 8 13 20 
student 267: 19 14 7 4 16 8 18 2 13 15 11 17 3 12 1 6 5 10 9 20 
student 268: 18 12 17 6 20 4 8 1 14 7 10 5 9 15 16 2 11 19 3 13 
student 269: 20 18 16 1 13 2 15 4 19 17 10 14 5 11 9 8 7 6 3 12 
student 270: 16 9 20 5 18 11 19 10 13 6 12 15 1 3 14 7 2 8 4 17 
student 271: 18 13 19 3 17 10 20 4 14 11 16 15 2 6 9 8 12 5 1 7 
student 272: 11 8 19 2 16 10 15 5 18 9 17 12 6 20 13 4 1 7 3 14 
student 273: 14 7 9 3 18 10 16 2 15 11 6 20 12 13 17 1 5 8 4 19 
student 274: 7 13 20 1 19 11 18 10 16 12 14 15 8 6 3 4 5 9 2 17 
student 275: 14 7 20 6 19 15 17 2 16 9 12 11 4 8 13 1 5 10 3 18 
student 276: 12 17 14 6 20 10 13 5 9 11 3 18 2 16 15 8 1 7 4 19 
student 277: 14 11 15 2 12 13 20 8 19 3 16 18 4 9 7 10 1 6 5 17 
student 278: 19 7 20 1 11 4 18 12 14 10 5 8 3 13 2 17 6 16 9 15 
student 279: 13 6 15 1 12 11 14 2 18 16 9 20 3 17 10 7 4 8 5 19 
student 280: 17 3 18 2 11 13 14 15 10 6 16 20 7 12 9 1 4 8 5 19 
student 281: 10 12 19 4 17 13 14 3 5 8 15 11 6 16 18 7 2 9 1 20 
student 282: 12 16 20 6 14 7 17 13 19 9 11 8 4 10 18 1 3 5 2 15 
student 283: 17 6 15 5 11 14 20 8 16 13 4 12 7 19 9 1 3 10 2 18 
student 284: 16 7 18 4 20 3 19 13 10 9 12 17 8 15 14 1 6 5 2 11 
student 285: 16 10 19 5 13 11 14 6 18 8 12 9 3 15 17 1 4 7 2 20 
student 286: 13 11 20 18 15 8 17 10 9 12 2 16 3 6 14 7 5 4 1 19 
student 287: 12 3 8 2 13 9 17 14 18 6 5 15 10 20 11 7 19 4 1 16 
student 288: 13 3 19 4 16 10 20 15 17 6 11 14 5 12 7 9 2 8 1 18 
student 289: 19 4 11 3 17 16 18 5 15 8 6 14 7 12 13 1 10 9 2 20 
student 290: 7 10 20 4 11 15 16 17 14 12 5 19 6 9 1 8 3 13 2 18 
student 291: 9 2 18 8 20 12 19 7 15 13 14 17 3 10 16 1 5 4 6 11 
student 292: 16 9 17 2 11 4 20 6 15 19 5 10 8 14 13 7 12 1 3 18 
student 293: 18 8 12 4 20 2 7 5 9 15 10 17 1 16 11 14 6 13 3 19 
student 294: 18 8 19 1 13 7 20 5 14 9 11 15 6 12 10 3 4 16 2 17 
student 295: 18 7 17 3 20 19 16 2 12 8 13 10 14 15 9 1 4 6 5 11 
student 296: 20 6 17 2 14 11 16 1 8 12 7 15 4 19 10 5 13 9 3 18 
student 297: 13 2 16 6 12 7 20 4 8 19 10 18 5 14 11 3 9 17 1 15 
student 298: 13 7 16 5 17 12 19 1 10 20 11 18 6 14 2 8 3 9 4 15 
student 299: 15 9 20 2 7 13 12 3 14 8 11 19 10 16 18 1 4 5 6 17 
student 300: 17 3 16 10 19 18 20 6 11 14 8 13 5 9 15 4 2 7 1 12 
student 301: 16 8 20 11 10 7 17 13 15 12 9 18 4 14 5 1 3 6 2 19 
student 302: 14 3 17 8 20 9 18 4 7 19 11 15 6 16 13 2 5 10 1 12 
student 303: 19 4 16 3 13 15 17 12 18 9 6 11 1 14 20 5 10 7 2 8 
student 304: 17 9 19 1 14 5 18 8 16 10 3 13 2 12 7 15 4 11 6 20 
student 305: 18 6 12 2 20 4 14 5 8 11 9 13 16 15 19 3 1 7 10 17 
student 306: 20 7 17 1 16 12 19 4 11 9 10 13 2 18 14 6 5 8 3 15 
student 307: 20 5 18 7 16 10 17 4 14 15 11 19 12 9 6 1 3 8 2 13 
student 308: 20 9 15 4 19 12 17 8 18 14 5 11 2 10 16 6 7 3 1 13 
student 309: 16 9 15 3 10 7 18 12 11 14 1 17 6 8 13 4 5 20 2 19 
student 310: 11 8 18 3 9 5 14 7 19 15 16 13 6 12 20 4 1 10 2 17 
student 311: 16 9 15 14 12 10 18 7 13 19 11 20 3 8 5 1 2 4 6 17 
student 312: 18 6 19 1 13 3 20 4 16 10 15 7 9 12 11 5 2 14 8 17 
student 313: 16 4 20 2 11 9 19 3 10 15 7 6 14 18 13 1 12 5 8 17 
student 314: 12 17 20 1 16 14 19 7 13 15 9 10 5 8 6 2 3 4 11 18 
student 315: 10 9 20 4 17 1 18 7 15 6 16 14 11 12 13 3 2 8 5 19 
student 316: 17 10 12 2 9 6 19 5 7 15 11 20 8 16 18 3 4 13 1 14 
student 317: 20 5 19 9 17 6 18 11 16 10 7 15 2 13 14 1 4 8 3 12 
student 318: 19 13 20 5 11 6 16 3 18 10 2 12 1 14 15 7 8 9 4 17 
student 319: 15 3 18 1 14 12 9 20 6 13 10 11 2 8 17 7 5 16 4 19 
student 320: 17 4 20 5 18 13 12 3 16 15 1 19 7 10 6 2 11 8 9 14 
student 321: 19 12 18 4 13 8 15 2 20 10 1 14 11 17 6 5 7 9 3 16 
student 322: 15 4 20 6 11 9 17 1 18 12 10 14 8 16 13 3 2 5 7 19 
student 323: 18 7 16 1 13 14 19 4 15 3 17 8 2 9 12 6 11 5 10 20 
student 324: 18 5 15 2 19 4 17 6 13 12 10 14 11 16 8 7 3 9 1 20 
student 325: 13 12 8 4 10 11 9 7 20 16 15 17 5 19 14 2 3 6 1 18 
student 326: 16 6 17 2 20 11 19 7 14 10 9 13 5 8 15 3 4 12 1 18 
student 327: 15 7 18 16 19 13 20 10 17 11 6 12 1 8 14 4 3 5 2 9 
student 328: 18 6 16 1 17 13 19 2 7 10 15 14 3 12 11 5 8 9 4 20 
student 329: 13 6 14 9 20 16 19 3 18 10 8 11 2 12 15 1 4 5 7 17 
student 330: 19 8 14 1 12 9 16 6 18 13 17 15 3 11 10 5 4 7 2 20 
student 331: 13 11 18 3 14 15 8 7 4 17 12 20 6 16 10 2 5 9 1 19 
student 332: 14 16 19 5 13 18 20 7 11 6 9 17 12 1 8 2 3 10 4 15 
student 333: 19 8 10 3 16 14 1 7 13 18 4 11 9 12 15 5 6 17 2 20 
student 334: 11 13 20 4 15 17 14 2 12 8 9 18 16 7 10 1 5 6 3 19 
student 335: 14 8 18 1 17 13 20 7 10 19 11 15 2 16 4 9 3 12 6 5 
student 336: 20 15 10 3 9 13 17 7 16 4 6 19 11 8 12 5 14 2 1 18 
student 337: 20 10 12 1 19 5 18 8 15 6 11 17 9 14 4 7 13 2 3 16 
student 338: 15 6 18 4 9 7 20 5 19 8 10 14 3 12 11 2 13 17 1 16 
student 339: 15 5 18 7 20 6 19 8 10 14 3 11 1 16 12 4 9 13 2 17 
student 340: 12 14 20 4 18 7 19 10 16 8 15 9 6 17 11 3 2 5 1 13 
student 341: 20 3 11 5 17 9 19 4 12 18 10 16 1 14 8 7 13 6 15 2 
student 342: 18 10 17 4 3 11 20 19 16 13 1 7 5 12 14 6 9 8 2 15 
student 343: 19 13 20 2 15 5 17 8 18 14 7 16 11 12 6 1 9 10 3 4 
student 344: 14 3 20 1 15 6 18 7 5 16 13 19 12 10 11 2 4 9 8 17 
student 345: 8 13 20 3 15 19 4 16 7 14 10 17 6 12 11 5 2 9 1 18 
student 346: 9 13 20 6 5 15 18 3 17 14 8 19 10 4 11 1 7 12 2 16 
student 347: 17 5 20 15 14 7 16 3 4 11 8 18 10 13 12 1 2 6 9 19 
student 348: 18 5 14 1 17 9 19 8 10 11 12 16 4 15 13 2 6 7 3 20 
student 349: 18 3 16 6 13 4 14 9 10 12 5 17 7 11 20 2 15 8 1 19 
student 350: 13 2 18 3 16 5 11 7 19 15 8 17 12 20 14 1 4 10 9 6 
student 351: 11 7 20 5 15 14 16 19 13 12 8 18 10 17 9 3 4 6 1 2 
student 352: 18 13 19 5 16 17 10 6 1 9 3 12 7 15 14 8 2 11 4 20 
student 353: 9 6 18 2 17 7 16 8 15 11 12 14 4 19 13 10 3 5 1 20 
student 354: 18 19 13 3 17 14 20 8 16 11 6 7 2 15 9 4 1 5 10 12 
student 355: 16 10 18 4 14 20 17 6 19 15 11 13 2 9 12 1 5 7 3 8 
student 356: 19 5 20 2 7 16 17 12 15 18 9 10 3 11 13 1 8 6 4 14 
student 357: 13 4 17 2 14 11 19 3 12 16 7 20 6 10 9 5 15 8 1 18 
student 358: 16 10 20 2 17 9 11 5 18 12 13 1 8 19 7 6 4 15 3 14 
student 359: 12 7 20 11 16 9 17 4 19 5 1 15 2 14 13 6 10 8 3 18 
student 360: 12 8 15 10 11 16 18 3 7 9 14 19 13 5 17 2 4 6 1 20 
student 361: 14 9 18 3 19 20 17 6 16 10 7 8 5 13 11 12 1 4 2 15 
student 362: 15 5 19 7 13 4 18 2 10 14 6 16 11 12 20 1 9 8 3 17 
student 363: 16 14 19 2 10 1 8 6 18 17 11 13 9 20 3 7 15 5 4 12 
student 364: 20 4 16 7 14 13 17 9 12 19 11 18 10 6 5 8 1 3 2 15 
student 365: 20 9 12 3 11 19 15 4 16 7 10 5 2 13 14 17 1 8 6 18 
student 366: 15 9 17 8 16 1 20 2 18 10 19 7 6 14 12 5 4 13 3 11 
student 367: 19 7 15 1 18 2 12 5 16 10 11 20 8 13 14 3 6 9 4 17 
student 368: 16 12 19 10 18 7 17 2 9 14 13 11 1 8 15 4 5 6 3 20 
student 369: 14 4 19 6 9 11 20 3 13 12 17 16 2 10 7 5 8 15 1 18 
student 370: 15 4 18 20 12 8 19 2 9 14 13 17 7 11 10 1 3 5 6 16 
student 371: 14 8 16 1 19 9 20 15 2 12 5 17 6 7 18 10 4 3 13 11 
student 372: 17 3 16 6 12 4 19 2 15 8 9 18 1 10 11 14 13 7 5 20 
student 373: 17 12 20 1 13 10 18 8 19 14 7 16 3 11 4 2 6 9 5 15 
student 374: 14 9 19 2 20 10 15 8 4 11 16 17 5 13 12 3 6 7 1 18 
student 375: 14 2 19 5 13 12 17 1 10 16 9 20 6 18 8 3 7 15 4 11 
student 376: 17 7 16 4 14 2 19 5 15 9 12 13 3 18 11 1 6 8 10 20 
student 377: 19 8 20 4 13 10 16 5 15 6 14 12 3 11 18 2 7 9 1 17 
student 378: 12 4 20 1 16 19 13 2 8 5 15 18 10 7 14 6 11 9 3 17 
student 379: 15 2 19 5 18 9 20 7 14 10 8 17 12 13 11 1 4 6 3 16 
student 380: 18 13 20 2 16 7 17 5 12 6 9 15 3 11 14 4 1 10 8 19 
student 381: 13 2 15 8 5 12 18 4 20 16 7 6 9 19 14 3 10 11 1 17 
student 382: 17 8 19 1 9 12 16 2 20 10 14 15 4 11 13 6 7 3 5 18 
student 383: 17 3 18 6 12 10 20 5 16 2 11 14 1 13 9 7 15 8 4 19 
student 384: 12 11 16 1 14 7 20 10 13 9 15 18 4 17 3 2 8 5 6 19 
student 385: 9 2 19 11 14 5 18 12 13 7 4 15 16 8 17 6 1 10 3 20 
student 386: 19 13 20 2 17 15 18 3 12 16 9 14 5 6 8 1 10 4 7 11 
student 387: 15 7 18 2 19 9 6 3 11 14 10 16 8 13 20 4 1 12 5 17 
student 388: 6 7 13 10 20 17 19 2 16 12 5 14 3 15 9 1 4 8 11 18 
student 389: 18 11 9 5 15 14 19 6 17 10 3 16 7 8 12 1 4 13 2 20 
student 390: 20 14 19 5 17 15 11 13 6 2 18 12 3 8 10 1 7 9 4 16 
student 391: 20 7 19 10 16 4 17 3 15 14 12 9 13 11 8 2 6 5 1 18 
student 392: 15 18 6 2 13 9 12 10 17 7 16 19 3 14 11 4 8 5 1 20 
student 393: 18 8 17 10 19 3 16 9 14 12 5 15 11 7 13 4 1 6 2 20 
student 394: 7 17 19 2 16 14 18 13 20 12 3 15 6 8 11 9 1 5 4 10 
student 395: 18 7 20 2 16 11 19 5 15 14 10 13 6 12 9 3 4 8 1 17 
student 396: 7 10 17 16 13 8 20 5 14 11 6 15 2 19 12 3 4 9 1 18 
student 397: 20 3 19 4 13 7 17 9 18 12 11 16 6 15 2 5 8 10 1 14 
student 398: 14 9 17 3 13 15 20 10 16 1 11 19 7 12 8 5 2 6 4 18 
student 399: 20 18 16 3 9 6 11 5 13 7 4 19 15 12 8 1 14 10 2 17 
student 400: 14 7 19 2 13 16 11 12 17 6 15 8 3 10 9 18 4 1 5 20 
student 401: 18 5 17 9 15 10 20 7 14 12 11 13 4 19 8 6 3 1 2 16 
student 402: 19 3 20 1 2 12 14 9 16 7 11 17 10 18 13 4 5 8 6 15 
student 403: 17 9 19 4 14 1 18 10 16 7 5 20 8 13 11 3 6 12 2 15 
student 404: 3 1 19 14 15 10 18 12 16 13 9 4 6 11 20 8 2 5 7 17 
student 405: 14 7 18 10 19 11 17 3 15 5 8 6 13 16 9 4 2 12 1 20 
student 406: 18 6 16 4 19 2 20 8 15 1 14 12 7 9 11 3 10 13 5 17 
student 407: 20 7 18 2 17 16 15 6 12 10 8 13 14 9 11 4 3 5 1 19 
student 408: 14 10 19 4 15 6 13 7 18 1 20 12 3 11 17 8 5 9 2 16 
student 409: 18 11 20 5 17 6 19 2 16 12 7 10 9 14 3 1 8 15 4 13 
student 410: 15 9 16 1 11 12 10 4 20 18 13 17 3 14 8 5 2 7 6 19 
student 411: 18 4 14 2 17 6 19 3 11 16 10 9 8 12 13 5 7 15 1 20 
student 412: 10 3 18 4 20 6 16 12 19 13 14 11 5 8 15 7 2 9 1 17 
student 413: 10 9 19 4 18 7 16 8 15 11 14 17 6 12 1 5 2 13 3 20 
student 414: 20 2 18 9 12 14 19 7 17 8 13 6 5 15 3 1 10 11 4 16 
student 415: 20 15 16 5 11 2 18 4 8 13 7 12 1 17 10 6 9 3 14 19 
student 416: 16 6 20 9 15 10 13 8 12 14 19 17 5 7 11 2 4 1 3 18 
student 417: 16 11 20 5 17 4 18 6 2 13 15 7 10 19 12 3 9 8 1 14 
student 418: 11 5 20 10 9 6 14 17 19 13 3 8 12 15 18 1 4 7 2 16 
student 419: 14 9 16 5 20 10 19 3 17 11 1 15 4 12 13 7 2 6 8 18 
student 420: 14 5 19 2 18 12 17 6 15 13 10 16 9 7 11 3 4 8 1 20 
student 421: 20 10 19 4 16 7 18 8 5 12 9 13 1 11 14 17 3 2 6 15 
student 422: 20 19 16 7 5 11 17 10 9 6 12 13 3 15 18 2 4 8 1 14 
student 423: 7 5 16 2 10 9 19 4 13 14 11 20 3 15 12 17 8 6 1 18 
student 424: 19 5 20 1 11 9 18 8 17 12 14 16 4 15 10 2 3 6 7 13 
student 425: 15 3 16 1 13 14 12 4 19 11 2 5 10 20 9 8 7 17 6 18 
student 426: 13 10 20 3 18 9 11 4 17 15 2 16 12 7 6 1 8 19 5 14 
student 427: 12 8 13 6 18 7 19 3 14 15 10 20 4 9 11 2 5 16 1 17 
student 428: 11 13 12 1 15 18 20 2 8 10 14 6 9 4 16 19 5 7 3 17 
student 429: 19 3 18 8 14 5 17 12 10 11 6 16 2 7 15 1 9 13 4 20 
student 430: 13 16 8 6 17 2 18 5 11 7 10 19 9 12 14 4 1 15 3 20 
student 431: 14 5 18 4 15 13 16 6 17 9 8 20 3 11 12 2 10 1 7 19 
student 432: 19 9 20 3 17 15 18 5 13 12 11 14 4 10 6 8 2 7 1 16 
student 433: 20 13 15 3 16 12 9 2 1 8 19 5 6 14 18 10 4 11 7 17 
student 434: 16 14 19 8 13 10 20 2 17 15 6 4 7 12 11 3 1 9 5 18 
student 435: 14 2 15 1 7 20 19 8 18 9 13 12 6 4 16 3 11 10 5 17 
student 436: 16 8 20 2 10 11 19 12 17 5 14 15 4 13 3 7 9 6 1 18 
student 437: 18 1 7 3 15 17 19 8 14 9 4 16 10 11 12 2 6 13 5 20 
student 438: 15 2 19 3 11 10 12 7 9 8 14 17 6 13 18 5 4 16 1 20 
student 439: 14 10 20 1 19 15 12 9 16 7 13 18 5 8 11 4 2 6 3 17 
student 440: 18 9 20 1 10 11 19 13 15 8 6 17 3 5 14 2 7 4 12 16 
student 441: 17 8 10 1 14 12 16 6 20 3 15 13 5 18 11 9 4 7 2 19 
student 442: 15 5 20 2 11 12 19 18 14 10 6 16 7 13 9 3 4 8 1 17 
student 443: 13 7 17 3 16 18 19 9 20 12 11 14 6 8 10 1 2 5 4 15 
student 444: 12 7 19 2 17 9 18 11 14 15 13 16 5 3 10 4 6 8 1 20 
student 445: 11 5 20 2 16 13 19 10 18 3 17 15 4 12 9 7 6 8 1 14 
student 446: 16 8 17 3 12 10 19 9 7 2 20 11 13 15 14 4 6 5 1 18 
student 447: 15 11 16 5 6 12 20 4 17 18 1 10 9 7 19 2 8 14 3 13 
student 448: 14 3 18 9 17 10 20 6 15 7 11 16 5 8 12 19 1 4 2 13 
student 449: 18 10 19 11 17 13 8 3 14 6 15 16 2 9 12 1 7 4 5 20 
student 450: 18 15 11 5 8 13 20 12 9 14 6 10 3 16 17 4 1 7 2 19 
student 451: 15 6 20 5 19 14 16 8 3 12 9 18 10 17 13 1 4 11 2 7 
student 452: 19 1 17 3 16 5 20 8 11 15 7 10 4 13 12 9 18 6 2 14 
student 453: 15 13 20 7 19 8 18 16 14 2 10 9 5 12 11 1 3 6 4 17 
student 454: 11 9 15 1 20 16 12 6 17 8 3 19 5 10 14 4 7 13 2 18 
student 455: 11 10 9 1 16 14 17 7 18 13 5 12 3 20 15 2 6 8 4 19 
student 456: 16 1 19 3 20 11 13 5 15 7 14 12 2 18 10 17 9 4 6 8 
student 457: 14 12 19 2 20 11 18 5 9 10 7 15 6 16 13 1 8 3 4 17 
student 458: 18 14 20 10 9 12 19 5 8 4 7 15 3 13 16 11 2 6 1 17 
student 459: 16 2 19 8 14 3 15 10 17 6 9 20 4 11 13 5 7 12 1 18 
student 460: 10 18 17 14 16 12 20 13 5 6 8 15 9 2 11 7 3 1 4 19 
student 461: 12 10 19 7 20 14 18 1 16 15 3 11 8 9 17 4 6 5 2 13 
student 462: 17 8 20 9 12 10 16 14 6 19 15 3 2 13 5 11 1 7 4 18 
student 463: 16 14 20 3 11 2 19 8 17 15 9 12 7 13 4 1 6 5 10 18 
student 464: 11 17 4 2 16 1 20 6 14 12 7 18 5 13 9 3 10 19 8 15 
student 465: 13 8 20 7 16 3 19 10 14 17 5 12 9 6 11 15 1 4 2 18 
student 466: 18 11 20 10 16 4 15 5 14 13 8 17 19 6 9 2 7 1 3 12 
student 467: 17 7 19 1 16 11 20 6 18 13 9 15 4 12 8 2 10 3 5 14 
student 468: 11 10 20 3 19 1 16 15 6 4 17 18 13 8 7 5 12 14 2 9 
student 469: 14 20 10 2 18 15 19 6 1 11 12 7 4 13 17 3 8 5 9 16 
student 470: 16 7 18 12 15 6 17 4 11 5 20 10 2 14 13 8 3 9 1 19 
student 471: 15 10 16 2 13 4 20 8 12 11 7 18 6 14 17 3 1 9 5 19 
student 472: 20 11 19 3 9 5 16 4 17 13 7 12 6 18 14 2 10 8 1 15 
student 473: 20 19 6 7 16 2 17 8 13 18 5 14 1 9 4 3 10 11 12 15 
student 474: 15 5 19 8 12 14 18 1 17 4 20 11 6 2 3 13 10 9 7 16 
student 475: 15 16 19 2 17 10 18 5 11 14 8 13 4 7 9 12 6 3 1 20 
student 476: 18 3 20 4 7 8 15 2 16 14 6 19 13 17 9 5 11 10 1 12 
student 477: 19 18 15 4 13 7 16 3 12 9 17 20 5 8 10 11 1 6 2 14 
student 478: 12 1 17 7 20 8 19 6 4 11 13 14 5 16 18 2 10 9 3 15 
student 479: 13 9 20 4 16 12 19 6 17 11 7 14 5 15 8 3 1 10 2 18 
student 480: 19 7 18 4 11 6 17 2 15 16 12 13 3 20 9 5 10 8 1 14 
student 481: 19 12 15 1 13 8 20 6 16 18 14 17 9 11 10 4 5 7 2 3 
student 482: 17 20 18 7 19 10 13 2 16 11 12 6 8 15 14 5 3 4 1 9 
student 483: 16 3 20 2 13 5 17 9 14 19 12 18 7 11 15 6 1 10 4 8 
student 484: 18 16 11 3 7 12 20 8 4 10 14 15 1 13 19 6 9 2 5 17 
student 485: 18 9 17 4 16 7 20 8 15 12 6 19 3 11 14 1 2 5 10 13 
student 486: 18 15 19 1 9 13 17 2 14 10 12 11 7 20 6 3 8 4 5 16 
student 487: 10 11 20 7 12 14 19 6 9 15 17 18 4 13 5 8 2 1 3 16 
student 488: 20 8 19 5 17 6 18 11 10 12 9 14 7 13 16 1 4 3 2 15 
student 489: 20 11 15 9 12 13 16 2 14 18 5 1 4 17 8 7 6 10 3 19 
student 490: 13 6 20 5 12 11 19 8 14 15 7 17 18 16 10 3 2 9 1 4 
student 491: 14 4 20 7 16 8 18 19 9 12 11 17 3 10 15 2 1 6 5 13 
student 492: 18 6 20 4 17 16 14 15 10 11 8 19 13 7 2 5 1 9 3 12 
student 493: 18 9 15 2 16 12 19 6 13 10 8 17 11 14 4 1 7 5 3 20 
student 494: 13 3 5 1 20 11 19 2 12 9 16 18 15 14 7 4 8 6 10 17 
student 495: 19 1 18 2 15 10 17 8 14 3 20 9 6 12 13 5 11 7 4 16 
student 496: 11 7 17 2 16 1 9 8 13 18 4 20 14 19 12 5 6 10 3 15 
student 497: 15 11 19 5 14 1 20 6 16 12 10 2 4 17 8 7 9 13 3 18 
student 498: 18 11 12 1 16 9 20 3 14 4 10 15 6 13 17 2 8 7 5 19 
student 499: 15 1 19 3 13 14 20 9 11 12 7 8 6 16 10 17 5 4 2 18 
student 500: 18 8 15 4 13 14 17 10 3 9 7 19 2 16 12 1 6 11 5 20 
student 501: 17 9 16 4 6 5 18 10 3 13 12 14 8 19 11 7 15 2 1 20 
student 502: 14 4 18 12 15 19 20 6 16 7 5 9 3 10 17 11 2 8 1 13 
student 503: 19 10 20 1 18 5 17 12 11 4 15 13 2 14 8 3 7 9 6 16 
student 504: 17 7 19 4 18 9 20 13 6 11 12 14 5 16 8 2 1 10 3 15 
student 505: 11 5 19 3 8 15 12 18 10 20 9 13 2 14 7 1 17 6 4 16 
student 506: 15 8 19 3 7 9 20 6 16 17 11 18 5 14 10 1 4 12 2 13 
student 507: 19 8 18 4 15 12 16 11 20 9 17 5 6 14 13 3 1 7 2 10 
student 508: 18 11 20 5 16 6 13 4 12 14 10 17 2 15 9 3 1 7 8 19 
student 509: 20 9 18 3 15 12 6 7 8 13 10 19 5 14 16 4 2 11 1 17 
student 510: 20 18 17 14 15 9 19 7 2 16 12 10 4 8 3 6 5 11 1 13 
student 511: 20 8 17 4 12 7 19 1 18 16 10 15 9 11 14 5 2 6 3 13 
student 512: 20 13 17 4 18 12 9 5 3 15 10 16 2 11 19 7 1 14 6 8 
student 513: 6 7 20 5 15 10 18 1 14 12 16 4 13 19 11 3 9 2 8 17 
student 514: 14 4 18 8 17 10 5 3 16 9 11 13 15 7 20 6 2 12 1 19 
student 515: 15 17 20 5 16 3 19 11 7 12 4 18 8 10 13 14 2 6 1 9 
student 516: 10 19 20 3 9 12 17 7 13 8 16 15 5 1 18 2 6 14 4 11 
student 517: 17 15 16 1 18 6 19 14 9 3 13 20 2 4 12 10 5 8 7 11 
student 518: 15 8 20 6 18 7 19 4 17 12 14 16 9 13 10 5 11 2 1 3 
student 519: 15 20 18 13 9 6 10 3 14 17 11 19 2 12 7 4 1 5 8 16 
student 520: 19 7 10 4 15 13 11 5 9 8 17 14 12 20 6 3 1 16 2 18 
student 521: 20 9 14 1 11 8 18 4 16 17 15 13 7 12 10 2 5 6 3 19 
student 522: 9 6 20 5 12 4 17 2 14 13 7 18 3 19 16 8 10 11 1 15 
student 523: 18 8 17 7 20 9 16 12 14 6 15 11 4 10 13 5 2 3 1 19 
student 524: 19 11 18 1 13 3 20 9 17 14 7 10 5 4 15 6 8 12 2 16 
student 525: 1 12 20 2 17 5 14 8 13 9 16 18 4 6 15 3 7 10 11 19 
student 526: 7 6 20 3 19 11 18 1 15 12 5 9 14 17 8 4 13 10 2 16 
student 527: 17 10 20 5 13 14 16 9 19 12 11 15 1 4 7 8 6 3 2 18 
student 528: 18 7 14 4 16 8 17 10 19 13 12 20 9 6 11 2 5 3 1 15 
student 529: 2 10 16 4 17 18 9 5 15 12 3 19 8 7 14 11 13 6 1 20 
student 530: 14 3 18 4 12 11 20 7 13 19 10 16 2 8 15 5 9 6 1 17 
student 531: 11 12 17 1 18 8 16 7 13 5 9 19 6 15 10 14 4 2 3 20 
student 532: 19 7 20 2 14 8 13 3 12 11 16 6 5 17 10 4 15 9 1 18 
student 533: 15 8 17 7 14 6 19 5 4 9 16 13 20 12 3 2 10 11 1 18 
student 534: 18 10 14 8 15 3 13 19 7 11 20 17 5 9 12 4 1 6 2 16 
student 535: 14 5 20 4 12 17 18 7 19 13 9 15 2 8 10 1 3 11 6 16 
student 536: 20 7 19 5 18 9 16 4 14 12 8 15 3 10 11 13 1 6 2 17 
student 537: 15 7 18 1 14 6 17 5 13 12 10 11 4 8 9 2 16 19 3 20 
student 538: 13 12 15 1 20 10 18 7 16 9 5 14 11 19 6 3 8 4 2 17 
student 539: 14 5 17 1 20 12 16 18 19 9 13 11 6 7 15 4 2 3 8 10 
student 540: 18 4 2 7 16 13 19 10 12 9 14 17 3 11 15 1 8 6 5 20 
student 541: 14 7 19 1 12 9 15 8 17 4 11 18 6 16 13 2 10 5 3 20 
student 542: 20 12 15 4 6 16 13 3 18 8 11 17 10 14 9 7 2 5 1 19 
student 543: 13 8 10 7 18 11 20 12 9 5 4 16 1 14 17 3 6 15 2 19 
student 544: 20 8 18 1 14 9 17 2 11 5 6 19 7 10 13 4 16 3 12 15 
student 545: 10 6 18 2 16 11 20 12 17 8 13 14 7 9 15 5 4 1 3 19 
student 546: 13 10 20 1 17 14 18 6 4 8 16 2 12 9 19 5 3 7 11 15 
student 547: 16 9 20 5 17 6 15 2 14 7 12 11 19 8 13 1 10 4 3 18 
student 548: 14 4 20 2 15 3 16 13 7 17 10 19 11 5 12 6 8 9 1 18 
student 549: 16 3 15 2 9 10 20 6 18 14 12 17 13 7 11 1 5 8 4 19 
student 550: 9 3 15 2 19 4 20 13 14 6 10 17 8 16 18 5 1 12 7 11 
student 551: 16 5 7 1 14 11 20 9 12 15 18 17 2 13 10 6 3 8 4 19 
student 552: 15 6 18 4 17 13 20 7 12 10 19 8 1 14 11 5 9 2 3 16 
student 553: 17 18 19 6 20 8 16 5 14 11 9 15 7 3 12 4 1 13 2 10 
student 554: 15 4 17 3 19 13 20 2 14 10 9 16 11 12 6 8 5 7 1 18 
student 555: 19 3 7 2 16 9 18 1 13 14 10 20 5 8 12 17 4 15 6 11 
student 556: 15 10 20 2 17 5 19 4 11 14 12 18 6 13 16 3 1 9 8 7 
student 557: 19 3 18 4 14 13 20 2 7 16 12 11 8 15 10 6 1 9 5 17 
student 558: 20 8 16 12 9 13 17 2 7 14 3 19 4 18 15 11 6 5 1 10 
student 559: 19 15 20 2 17 10 11 6 8 13 12 16 1 18 14 3 9 7 5 4 
student 560: 20 17 13 3 16 2 12 5 10 9 19 14 8 11 6 1 4 7 15 18 
student 561: 14 2 20 4 18 8 19 15 9 6 7 13 11 3 10 1 5 17 12 16 
student 562: 19 4 20 2 8 14 17 10 18 11 15 13 12 9 7 6 3 5 1 16 
student 563: 19 12 16 2 17 11 18 7 9 14 6 20 4 15 8 1 10 13 3 5 
student 564: 15 13 20 7 18 9 17 16 5 8 2 12 3 10 11 4 14 6 1 19 
student 565: 19 9 20 2 12 1 17 6 15 8 14 11 3 4 10 18 13 7 5 16 
student 566: 17 10 20 1 9 11 12 15 18 6 14 19 4 7 8 13 2 5 3 16 
student 567: 19 8 20 1 11 16 15 3 18 7 14 6 5 4 17 2 13 10 9 12 
student 568: 17 1 14 4 20 12 18 11 15 9 10 6 7 8 13 5 3 16 2 19 
student 569: 18 4 20 2 15 10 14 1 17 9 11 13 8 5 19 3 6 16 7 12 
student 570: 11 12 18 3 14 10 15 5 19 8 20 16 4 7 13 6 2 9 1 17 
student 571: 18 7 19 6 17 12 20 8 10 11 9 14 5 15 4 3 13 2 1 16 
student 572: 10 14 15 3 16 17 13 7 18 9 6 19 8 11 12 4 1 5 2 20 
student 573: 18 11 19 1 14 17 20 5 8 15 10 12 4 7 16 3 13 9 2 6 
student 574: 15 13 19 2 17 1 20 4 14 9 10 5 6 16 12 8 7 11 3 18 
student 575: 18 7 17 5 3 8 19 1 6 9 13 11 12 20 14 4 10 15 2 16 
student 576: 13 15 18 9 11 1 19 2 16 17 4 10 5 8 20 7 6 12 3 14 
student 577: 7 6 16 4 13 10 14 5 11 12 18 19 1 9 15 3 2 17 8 20 
student 578: 15 10 14 1 9 13 20 2 17 18 7 6 8 3 16 4 5 12 11 19 
student 579: 16 8 20 5 17 11 15 1 19 3 10 12 6 13 9 2 4 18 7 14 
student 580: 17 9 15 2 7 10 19 4 12 20 11 16 13 8 14 3 5 6 1 18 
student 581: 17 9 5 6 14 1 19 13 18 7 3 16 12 11 10 2 8 20 4 15 
student 582: 19 3 20 1 10 9 14 6 18 16 7 17 5 11 12 8 2 13 4 15 
student 583: 11 8 17 5 12 9 20 1 10 14 16 19 2 4 18 6 13 7 3 15 
student 584: 12 9 19 4 14 6 20 17 10 8 18 15 5 11 3 7 1 13 2 16 
student 585: 18 12 19 1 14 3 17 8 10 16 9 6 5 13 15 2 7 11 4 20 
student 586: 14 16 18 6 11 13 19 2 10 17 8 20 7 12 9 1 3 5 4 15 
student 587: 19 11 15 2 20 8 17 5 12 9 7 13 14 16 10 4 1 3 6 18 
student 588: 13 10 19 3 14 11 20 5 16 7 2 17 1 12 15 6 8 9 4 18 
student 589: 16 10 18 4 17 9 20 5 14 12 3 15 1 13 11 6 7 8 2 19 
student 590: 13 16 14 10 9 3 17 4 19 12 18 11 5 7 15 2 8 6 1 20 
student 591: 19 14 15 1 18 2 17 4 10 9 13 12 5 6 16 7 11 8 3 20 
student 592: 18 5 16 3 14 6 20 10 15 17 2 11 9 19 12 1 8 7 4 13 
student 593: 19 10 18 7 15 2 20 11 16 3 12 14 8 17 9 1 6 4 5 13 
student 594: 20 13 19 2 18 8 15 4 17 16 14 10 7 9 12 6 1 3 5 11 
student 595: 20 10 18 1 11 9 17 7 16 13 12 3 5 19 4 2 6 8 15 14 
student 596: 19 4 14 1 16 12 17 8 13 11 10 5 7 9 20 6 2 15 3 18 
student 597: 11 5 15 3 14 16 19 6 12 2 17 9 8 10 20 1 4 13 7 18 
student 598: 11 7 20 1 19 6 17 2 12 9 14 15 3 18 13 5 10 8 4 16 
student 599: 16 14 17 1 3 4 20 6 11 5 12 13 10 19 18 9 2 8 7 15 
student 600: 20 10 17 2 14 5 19 7 15 9 11 12 8 16 13 4 3 6 1 18 
student 601: 6 15 19 11 12 17 20 10 16 7 9 18 4 2 1 8 3 13 5 14 
student 602: 20 12 19 10 17 5 18 4 15 9 8 13 6 7 14 2 3 11 1 16 
student 603: 15 1 19 3 10 16 20 12 17 11 14 9 7 8 13 5 6 4 2 18 
student 604: 13 11 18 4 15 5 20 2 10 19 17 16 6 8 14 7 9 3 1 12 
student 605: 18 3 17 6 15 9 10 11 14 12 2 19 8 13 16 4 5 7 1 20 
student 606: 9 10 20 1 17 12 11 7 16 8 5 18 2 15 14 3 6 4 13 19 
student 607: 14 9 20 4 19 18 16 1 17 3 13 8 2 12 11 7 6 10 5 15 
student 608: 17 8 20 2 18 11 16 5 15 14 7 12 4 9 19 3 6 10 1 13 
student 609: 20 2 19 1 7 8 17 6 15 10 11 16 5 13 14 3 9 12 4 18 
student 610: 19 13 20 2 15 9 18 4 11 3 12 17 1 10 5 8 14 7 6 16 
student 611: 15 18 16 1 20 14 19 8 13 10 4 17 2 11 9 6 7 3 5 12 
student 612: 18 5 20 7 15 6 19 10 8 12 11 13 1 14 16 2 3 4 9 17 
student 613: 20 4 3 16 13 8 18 5 19 17 11 14 1 9 10 7 2 12 6 15 
student 614: 16 13 20 4 18 12 19 2 8 10 14 9 7 15 1 6 5 11 3 17 
student 615: 17 2 19 1 12 8 13 9 15 14 18 20 7 11 10 5 3 4 6 16 
student 616: 15 6 19 1 17 10 18 7 16 13 8 12 9 20 4 2 11 5 3 14 
student 617: 17 9 20 7 19 11 18 15 16 8 4 14 3 10 12 2 5 6 1 13 
student 618: 19 2 9 5 8 13 17 6 16 20 11 15 3 12 14 7 1 10 4 18 
student 619: 17 8 18 6 14 7 11 5 4 9 15 20 3 19 12 1 10 13 2 16 
student 620: 17 7 19 14 15 8 16 3 13 10 9 20 2 12 11 5 6 1 4 18 
student 621: 17 13 20 6 14 9 11 8 10 7 15 12 5 18 19 1 3 4 2 16 
student 622: 12 10 20 2 19 7 16 3 14 17 15 8 13 9 11 1 5 4 6 18 
student 623: 17 8 16 3 18 7 20 4 13 12 9 10 11 15 14 2 1 5 6 19 
student 624: 12 9 16 3 6 17 20 2 19 13 15 18 8 10 11 7 4 1 5 14 
student 625: 20 11 18 1 5 10 19 4 16 8 14 13 6 15 12 2 9 7 3 17 
student 626: 18 4 13 2 15 14 20 5 10 8 9 19 12 7 11 6 3 17 1 16 
student 627: 18 12 20 4 10 6 16 7 9 3 5 14 15 13 17 1 11 8 2 19 
student 628: 20 18 17 1 12 7 15 6 14 9 8 16 2 11 13 3 5 10 4 19 
student 629: 16 11 19 1 14 8 17 7 15 12 6 13 9 10 20 2 3 5 4 18 
student 630: 16 8 20 9 3 14 4 12 13 18 15 19 6 5 10 2 7 11 1 17 
student 631: 11 7 20 2 14 19 16 5 15 13 4 12 9 18 8 10 6 3 1 17 
student 632: 14 15 19 4 13 5 17 8 3 7 12 16 9 10 18 6 1 11 2 20 
student 633: 18 9 17 1 19 11 6 5 7 10 8 15 4 12 14 13 16 3 2 20 
student 634: 9 8 19 13 12 5 17 16 15 18 4 14 10 6 11 1 2 3 7 20 
student 635: 14 9 19 1 13 4 20 7 17 8 16 10 2 15 12 5 3 11 6 18 
student 636: 11 9 16 8 20 1 19 4 18 12 3 6 15 13 14 2 5 10 7 17 
student 637: 17 9 18 1 15 3 20 6 16 14 11 13 8 12 10 7 5 4 2 19 
student 638: 19 8 18 3 17 11 20 6 16 2 12 13 5 7 15 4 9 10 1 14 
student 639: 15 6 19 3 20 18 11 9 4 8 5 13 2 16 14 12 1 10 7 17 
student 640: 18 9 19 3 17 11 20 8 10 15 12 13 5 6 16 4 2 7 1 14 
student 641: 16 14 17 6 7 12 10 4 15 8 13 20 2 11 18 1 5 9 3 19 
student 642: 16 5 18 3 13 4 17 8 19 9 10 12 6 20 14 11 1 2 7 15 
student 643: 5 1 15 7 20 8 6 11 16 3 19 9 12 14 18 10 4 2 13 17 
student 644: 7 6 17 11 14 10 20 4 18 3 8 19 5 15 9 13 2 12 1 16 
student 645: 19 5 20 3 18 7 17 2 9 14 10 13 4 15 11 8 6 12 1 16 
student 646: 18 5 15 2 7 14 19 3 17 10 13 16 9 12 4 8 6 20 1 11 
student 647: 9 7 19 6 17 10 18 12 16 20 13 11 2 5 15 1 8 4 3 14 
student 648: 15 4 20 1 7 10 18 8 13 6 19 16 5 9 12 3 11 17 2 14 
student 649: 16 2 18 6 13 7 20 5 19 15 8 17 11 10 14 4 3 12 1 9 
student 650: 18 3 20 2 12 15 17 8 19 4 10 13 9 11 14 6 5 7 1 16 
student 651: 11 13 20 4 10 15 19 6 12 8 2 18 9 16 5 1 7 3 14 17 
student 652: 17 1 20 5 10 6 9 8 18 15 14 16 3 11 13 4 7 12 2 19 
student 653: 12 6 15 5 18 7 14 9 10 20 16 11 8 19 13 3 1 4 2 17 
student 654: 12 11 20 6 18 10 16 8 15 14 9 17 7 5 13 2 3 4 1 19 
student 655: 14 10 12 8 19 11 9 2 18 15 6 17 5 13 16 1 4 7 3 20 
student 656: 16 14 15 6 13 9 20 11 12 7 10 8 3 17 19 1 4 5 2 18 
student 657: 13 11 19 4 18 5 14 6 12 8 10 16 9 15 20 2 3 7 1 17 
student 658: 19 13 17 1 10 8 18 4 14 16 12 20 9 7 11 2 6 5 3 15 
student 659: 5 11 20 4 19 12 14 1 10 6 8 17 2 16 13 7 15 9 3 18 
student 660: 11 12 18 2 16 20 19 4 13 7 10 14 9 8 15 1 3 6 5 17 
student 661: 16 7 8 1 18 14 20 4 12 15 11 19 9 6 13 2 3 5 10 17 
student 662: 11 9 17 2 20 13 19 5 15 16 8 12 7 1 10 3 6 18 4 14 
student 663: 16 8 18 4 17 6 20 12 11 2 13 15 10 9 14 1 5 7 3 19 
student 664: 4 16 20 3 1 12 19 5 18 14 13 9 8 10 15 6 7 11 2 17 
student 665: 19 14 15 2 18 6 13 5 12 9 8 20 4 16 11 3 10 7 1 17 
student 666: 7 6 19 13 18 12 20 5 14 10 2 9 11 17 15 1 3 4 8 16 
student 667: 16 18 17 6 19 14 20 1 9 12 8 13 2 11 4 5 3 10 7 15 
student 668: 16 12 20 3 8 1 11 14 18 5 10 15 6 13 17 4 9 7 2 19 
student 669: 19 15 16 4 17 8 6 13 5 9 10 18 7 14 11 2 1 20 3 12 
student 670: 9 11 20 3 16 17 19 13 15 5 18 10 4 14 8 2 6 7 1 12 
student 671: 10 2 17 5 16 20 18 7 11 14 19 13 4 9 15 1 6 8 3 12 
student 672: 12 13 20 2 15 7 17 3 18 16 6 11 4 14 10 1 8 9 5 19 
student 673: 18 4 16 3 20 19 15 9 14 6 7 11 10 8 12 2 5 17 1 13 
student 674: 13 2 20 8 17 5 16 1 18 14 7 12 3 15 11 10 6 9 4 19 
student 675: 18 17 16 1 20 8 19 2 10 11 9 15 13 6 12 7 4 5 3 14 
student 676: 2 7 18 9 20 5 19 16 14 10 12 8 1 13 15 4 6 11 3 17 
student 677: 12 1 19 3 20 7 16 10 17 14 9 8 4 11 15 5 18 6 2 13 
student 678: 16 9 18 3 20 10 19 7 17 13 14 15 5 8 2 1 6 11 4 12 
student 679: 12 8 15 7 4 11 16 3 18 10 17 19 1 14 20 6 2 5 9 13 
student 680: 14 2 15 9 11 18 16 7 13 19 10 17 8 12 1 4 5 6 3 20 
student 681: 19 7 10 1 14 8 18 2 15 12 9 16 6 13 11 4 3 5 17 20 
student 682: 20 14 12 2 17 8 18 9 11 13 5 15 6 10 19 3 4 7 1 16 
student 683: 4 3 11 1 19 5 18 7 16 14 8 20 6 12 17 10 9 13 2 15 
student 684: 20 5 18 1 7 11 19 14 10 4 12 13 16 17 9 6 2 8 3 15 
student 685: 6 11 19 3 13 8 17 5 15 9 12 14 7 16 18 10 1 4 2 20 
student 686: 19 7 15 1 12 6 20 3 17 13 8 18 2 10 16 4 14 9 5 11 
student 687: 13 12 18 4 11 14 19 7 10 15 8 17 9 16 1 2 5 6 3 20 
student 688: 7 11 20 6 16 9 15 8 10 17 19 14 2 18 13 3 1 4 5 12 
student 689: 11 5 16 10 18 12 15 3 9 14 13 19 2 8 20 7 4 6 1 17 
student 690: 11 13 19 6 5 3 18 4 17 20 15 14 2 16 7 9 10 12 1 8 
student 691: 20 6 18 5 14 9 13 7 19 10 12 17 3 15 8 2 4 11 1 16 
student 692: 18 5 11 1 17 10 20 13 14 12 19 16 9 4 8 6 7 3 2 15 
student 693: 14 3 20 2 9 6 19 8 17 13 16 7 1 15 12 10 4 11 5 18 
student 694: 6 11 20 3 18 13 19 5 17 4 16 9 2 15 14 8 7 12 1 10 
student 695: 15 4 13 2 20 14 19 1 17 16 9 11 6 10 8 12 5 7 3 18 
student 696: 18 9 13 3 7 12 19 10 20 14 4 15 11 8 16 2 5 6 1 17 
student 697: 20 13 17 2 18 3 16 6 14 8 11 10 5 4 15 1 9 12 7 19 
student 698: 5 13 17 3 18 6 11 1 15 16 10 20 9 8 14 2 12 7 4 19 
student 699: 13 6 15 1 8 11 19 2 7 18 17 16 5 12 4 14 10 3 9 20 
student 700: 17 12 19 1 2 18 11 8 14 15 7 16 10 5 9 4 13 6 3 20 
student 701: 18 8 20 1 13 10 15 16 12 14 2 17 6 11 9 5 3 7 4 19 
student 702: 19 10 7 2 14 17 20 4 9 6 5 15 3 16 13 1 11 12 8 18 
student 703: 14 8 20 13 15 3 18 2 17 16 6 1 7 11 12 5 10 9 4 19 
student 704: 11 9 18 1 15 5 20 3 16 2 13 14 7 17 12 8 6 10 4 19 
student 705: 13 8 18 9 20 11 16 3 15 12 10 17 2 19 7 1 6 4 5 14 
student 706: 19 10 20 1 16 7 13 3 11 6 14 12 4 18 15 9 2 8 5 17 
student 707: 16 8 19 3 20 7 18 11 10 6 17 14 5 4 13 1 2 15 9 12 
student 708: 20 8 17 5 16 7 19 4 14 13 9 12 6 10 11 3 2 18 1 15 
student 709: 17 15 13 4 8 6 20 1 12 7 14 16 5 11 10 2 9 18 3 19 
student 710: 18 9 20 2 8 6 14 10 19 7 5 17 13 11 16 3 12 4 1 15 
student 711: 20 4 18 1 9 6 17 12 8 7 13 19 5 14 15 2 3 11 10 16 
student 712: 7 6 19 10 17 2 18 3 11 16 12 13 15 9 14 1 5 4 8 20 
student 713: 17 9 10 3 20 7 19 1 12 8 6 13 4 16 18 15 5 11 2 14 
student 714: 13 8 14 2 15 12 19 9 18 7 20 5 11 17 10 6 4 3 1 16 
student 715: 12 2 17 3 20 8 13 5 16 18 15 7 11 14 19 6 9 10 1 4 
student 716: 17 1 5 9 19 3 7 12 10 15 13 11 8 18 16 2 6 14 4 20 
student 717: 10 8 19 1 12 11 14 4 15 18 13 17 5 3 20 9 7 6 2 16 
student 718: 15 10 16 1 11 8 13 3 18 17 9 7 2 19 20 14 6 5 4 12 
student 719: 17 9 18 1 4 11 20 6 14 12 10 15 2 16 19 7 3 8 5 13 
student 720: 18 9 20 5 15 11 6 14 13 16 4 17 1 10 12 7 2 8 3 19 
student 721: 17 7 15 1 20 9 19 8 13 16 5 14 3 6 11 4 10 12 2 18 
student 722: 15 12 20 3 18 14 16 5 8 17 13 11 1 7 10 4 9 6 2 19 
student 723: 18 5 20 6 4 9 17 8 14 13 10 16 2 15 12 7 3 11 1 19 
student 724: 5 8 20 10 15 14 18 6 19 16 11 17 9 13 4 3 2 7 1 12 
student 725: 15 4 16 2 12 8 19 6 20 13 9 17 7 11 10 1 5 14 3 18 
student 726: 20 5 13 2 19 10 12 4 17 15 9 11 1 6 18 7 14 8 3 16 
student 727: 17 14 18 4 16 15 9 5 12 7 1 19 11 13 10 6 2 8 3 20 
student 728: 19 12 5 3 18 4 20 1 17 16 14 11 10 7 15 9 6 8 2 13 
student 729: 13 5 19 3 8 9 10 4 16 12 7 20 6 15 14 2 1 17 11 18 
student 730: 16 18 17 4 9 10 13 5 7 14 12 20 15 11 6 2 3 8 1 19 
student 731: 17 11 20 3 19 9 14 4 8 13 5 15 2 18 12 7 10 1 6 16 
student 732: 14 18 12 4 13 10 20 3 16 2 11 8 9 17 19 7 5 6 1 15 
student 733: 18 5 20 1 9 12 17 3 13 19 15 16 4 6 8 11 7 10 2 14 
student 734: 16 6 13 3 8 9 20 5 18 17 12 11 4 14 15 7 2 10 1 19 
student 735: 18 1 20 3 13 11 19 6 14 2 7 9 10 16 15 5 4 8 12 17 
student 736: 10 12 19 1 8 5 15 13 18 17 7 9 3 14 20 2 6 11 4 16 
student 737: 14 13 20 3 8 7 12 6 18 9 17 15 5 10 16 1 4 11 2 19 
student 738: 17 4 12 1 20 8 19 3 18 7 11 16 9 6 15 2 10 14 5 13 
student 739: 18 17 19 1 13 10 16 7 11 4 9 14 3 15 12 2 6 8 5 20 
student 740: 18 6 20 2 14 4 19 8 15 7 10 17 11 12 13 9 1 3 5 16 
student 741: 15 11 20 2 17 8 18 4 13 10 12 14 9 3 16 7 6 5 1 19 
student 742: 14 8 19 4 20 11 18 1 12 9 10 15 3 13 16 6 7 2 5 17 
student 743: 16 7 17 3 18 8 20 2 6 12 13 14 5 19 10 11 9 1 4 15 
student 744: 11 1 15 4 19 16 20 6 10 9 12 14 7 5 17 8 2 18 3 13 
student 745: 19 3 14 1 12 18 20 10 16 9 11 17 5 15 8 2 4 7 6 13 
student 746: 20 10 16 3 13 12 18 7 6 9 14 8 5 11 17 2 4 19 1 15 
student 747: 18 2 12 15 9 20 16 7 13 19 6 17 8 11 10 3 1 5 4 14 
student 748: 16 7 20 18 14 4 15 11 8 9 10 12 3 19 13 2 1 6 5 17 
student 749: 15 7 17 2 19 9 14 11 6 18 8 16 12 13 10 1 4 5 3 20 
student 750: 17 4 16 3 20 6 13 7 10 11 8 14 18 12 5 2 9 15 1 19 
student 751: 14 8 20 4 13 10 19 2 15 9 17 11 5 16 12 1 6 7 3 18 
student 752: 14 10 17 3 16 4 19 11 9 12 8 18 6 13 15 7 5 1 2 20 
student 753: 6 9 20 2 15 12 19 14 10 13 7 16 8 4 17 1 5 11 3 18 
student 754: 14 13 19 3 17 6 7 8 20 10 9 18 2 16 11 1 5 12 4 15 
student 755: 19 5 17 13 18 4 10 7 11 3 20 15 6 9 12 2 8 14 1 16 
student 756: 15 8 20 3 14 9 19 5 17 7 13 18 12 1 16 4 11 6 2 10 
student 757: 5 16 13 3 19 8 14 2 12 17 7 11 6 15 20 9 4 10 1 18 
student 758: 15 6 20 5 12 1 19 7 8 16 13 17 3 9 14 4 10 11 2 18 
student 759: 17 15 16 1 14 6 20 5 19 8 9 12 3 11 13 2 4 10 7 18 
student 760: 16 12 20 8 18 6 19 5 14 10 9 15 4 11 13 2 3 7 1 17 
student 761: 20 13 19 2 18 11 15 9 14 7 8 16 6 10 17 5 12 3 1 4 
student 762: 16 13 20 9 15 6 17 3 11 19 10 12 2 14 7 5 1 8 4 18 
student 763: 18 8 15 4 19 11 20 5 9 12 10 16 6 13 14 2 3 7 1 17 
student 764: 15 2 17 1 19 14 10 9 16 7 3 8 12 18 13 11 6 4 5 20 
student 765: 16 10 18 1 19 6 14 3 7 17 8 11 4 12 15 2 13 5 9 20 
student 766: 17 7 19 4 18 9 11 3 13 20 8 15 6 16 10 2 5 12 1 14 
student 767: 6 14 16 7 13 5 15 1 9 11 12 17 4 18 19 3 8 10 2 20 
student 768: 14 10 17 4 9 12 20 5 7 16 13 15 2 18 11 3 8 6 1 19 
student 769: 20 9 19 1 10 12 17 14 16 4 11 18 6 3 15 7 5 8 2 13 
student 770: 17 15 7 1 13 5 20 9 14 16 3 18 11 10 12 4 6 8 2 19 
student 771: 19 11 10 2 16 7 20 4 14 15 6 13 9 17 12 1 3 8 5 18 
student 772: 7 4 18 2 20 6 14 16 17 10 13 19 12 9 11 5 3 15 1 8 
student 773: 18 5 19 2 12 7 16 1 15 11 9 8 20 6 13 3 14 10 4 17 
student 774: 14 15 17 4 12 20 19 7 13 11 10 16 6 3 8 2 9 1 5 18 
student 775: 16 5 20 2 19 3 12 4 9 14 11 10 1 17 15 7 13 8 6 18 
student 776: 16 9 19 1 4 13 17 8 14 6 10 18 5 20 12 7 3 11 2 15 
student 777: 14 6 19 3 13 20 18 10 9 17 4 15 7 11 12 5 2 8 1 16 
student 778: 3 11 13 5 15 7 12 2 18 19 14 16 4 10 17 6 8 9 1 20 
student 779: 17 9 16 3 18 10 19 1 12 20 14 15 7 13 6 4 5 8 2 11 
student 780: 19 6 20 1 13 7 18 2 10 15 12 11 4 17 14 3 9 5 8 16 
student 781: 7 2 18 1 14 15 17 9 11 4 10 16 6 8 19 13 5 3 12 20 
student 782: 19 7 20 2 13 15 17 4 11 9 12 16 6 18 10 5 3 8 1 14 
student 783: 17 4 20 2 16 14 10 11 12 7 13 15 5 19 9 3 6 8 1 18 
student 784: 20 16 17 2 15 8 18 12 7 19 3 14 5 13 11 1 6 9 4 10 
student 785: 12 7 20 4 18 10 16 9 13 14 6 19 3 17 5 8 2 11 1 15 
student 786: 14 7 20 3 13 15 17 10 12 8 16 18 5 11 9 4 1 2 6 19 
student 787: 13 11 20 2 12 10 5 6 19 7 16 17 4 8 18 3 9 15 1 14 
student 788: 6 5 14 8 18 9 17 11 13 16 12 19 3 7 2 4 10 15 1 20 
student 789: 9 5 17 4 14 15 19 11 12 1 8 13 20 10 16 2 3 7 6 18 
student 790: 14 10 19 3 17 11 20 1 6 4 9 16 12 13 15 5 7 2 8 18 
student 791: 14 11 19 3 20 8 15 5 18 10 12 13 4 17 9 1 7 6 2 16 
student 792: 15 5 20 8 16 6 18 4 7 17 10 14 3 13 12 1 11 2 9 19 
student 793: 16 3 20 1 12 10 15 5 11 6 17 8 4 18 14 2 9 13 7 19 
student 794: 19 13 15 1 16 2 12 11 14 4 10 18 5 8 17 7 9 6 3 20 
student 795: 18 11 19 3 20 10 7 2 15 17 16 9 8 12 14 1 5 4 6 13 
student 796: 14 16 18 1 12 10 15 5 20 19 11 17 3 13 4 6 7 9 2 8 
student 797: 18 2 20 7 12 13 17 11 19 16 6 8 10 5 3 9 4 14 1 15 
student 798: 15 3 20 2 10 9 18 1 11 13 7 19 12 14 17 6 5 8 4 16 
student 799: 20 11 19 1 15 2 16 7 17 4 14 18 9 12 10 6 5 13 3 8 
