student 0: 1 16 5 12 9 10 17 20 6 3 15 14 7 19 13 4 11 8 2 18 
student 1: 4 14 5 19 18 15 12 17 2 7 6 8 3 16 13 1 10 11 9 20 
student 2: 1 18 11 19 10 9 8 16 4 2 17 12 7 15 14 3 13 5 6 20 
student 3: 7 13 6 20 18 3 16 8 17 4 10 9 5 15 11 1 14 12 2 19 
student 4: 7 10 8 19 13 12 9 18 11 4 2 16 3 15 20 1 14 5 6 17 
student 5: 2 10 15 19 14 6 8 5 12 4 3 16 7 11 17 9 20 13 1 18 
student 6: 5 19 2 15 7 8 17 11 13 4 14 10 12 20 9 3 18 6 1 16 
student 7: 11 20 13 2 9 8 18 14 6 7 15 17 1 12 19 3 10 4 5 16 
student 8: 2 19 14 16 8 6 10 15 5 4 11 12 3 18 13 1 17 9 7 20 
student 9: 1 20 4 14 9 13 12 17 3 6 5 11 7 18 16 10 19 8 2 15 
student 10: 4 19 12 20 13 15 18 10 7 2 3 16 8 14 11 1 6 9 5 17 
student 11: 13 16 6 14 9 11 10 19 5 3 7 15 8 20 17 1 12 4 2 18 
student 12: 8 14 7 16 17 4 12 20 6 2 15 11 5 18 13 3 9 1 10 19 
student 13: 4 14 9 15 11 8 13 17 7 12 5 19 1 18 10 2 16 6 3 20 
student 14: 3 16 17 13 20 18 10 11 4 8 7 1 2 14 5 6 15 9 12 19 
student 15: 5 14 10 16 8 11 9 18 4 13 7 15 1 20 17 6 12 3 2 19 
student 16: 2 11 1 17 5 13 19 20 12 4 10 14 6 18 3 7 16 8 9 15 
student 17: 4 18 12 19 16 9 13 20 10 6 5 8 1 14 11 3 17 7 2 15 
student 18: 1 16 11 18 2 15 13 17 7 6 8 14 5 19 9 3 10 12 4 20 
student 19: 1 16 12 13 8 20 6 9 10 5 7 18 2 15 11 3 14 19 4 17 
student 20: 9 18 6 15 1 16 13 11 2 5 4 10 8 19 17 3 20 12 7 14 
student 21: 2 12 5 20 4 9 18 17 14 7 3 8 16 19 11 1 15 10 6 13 
student 22: 2 13 11 19 8 7 14 20 1 6 9 12 5 18 16 3 17 10 4 15 
student 23: 4 20 18 16 3 9 7 19 10 5 6 11 1 15 13 2 17 8 14 12 
student 24: 1 20 18 19 6 10 14 13 8 5 4 17 9 16 15 2 11 3 7 12 
student 25: 12 16 7 20 3 15 17 14 4 2 8 10 1 19 13 6 11 9 5 18 
student 26: 1 20 10 18 9 12 13 11 3 4 2 14 7 17 15 6 16 8 5 19 
student 27: 9 13 6 19 7 15 2 14 12 1 4 18 11 16 10 3 17 5 8 20 
student 28: 1 14 9 18 17 8 11 12 2 6 7 19 3 20 13 4 10 5 15 16 
student 29: 4 17 12 10 13 9 11 16 8 3 1 7 15 20 14 2 19 5 6 18 
student 30: 15 20 10 11 6 9 5 14 2 1 13 18 4 16 19 3 7 12 8 17 
student 31: 5 1 10 17 11 14 7 15 4 2 13 12 8 20 18 3 19 9 6 16 
student 32: 2 17 6 15 10 13 8 18 4 5 7 16 12 20 14 3 11 9 1 19 
student 33: 1 17 7 6 13 11 14 20 5 2 16 15 10 12 3 4 18 8 9 19 
student 34: 11 17 12 16 10 8 9 20 4 1 7 13 3 15 14 2 18 5 6 19 
student 35: 3 16 11 8 14 5 15 17 6 2 12 19 4 13 18 1 10 7 9 20 
student 36: 2 20 8 15 10 11 12 16 9 3 4 14 7 19 18 1 17 6 5 13 
student 37: 1 19 13 18 8 10 16 17 14 3 4 9 7 15 5 2 11 12 6 20 
student 38: 1 14 10 18 11 12 19 17 8 4 5 13 6 20 15 9 7 3 2 16 
student 39: 5 15 8 20 1 2 19 17 11 3 12 13 9 16 18 4 10 6 7 14 
student 40: 4 20 10 15 13 16 19 1 9 8 2 17 5 14 11 6 12 7 3 18 
student 41: 4 20 2 13 14 15 11 7 3 5 8 12 6 17 19 1 16 9 10 18 
student 42: 3 15 8 14 1 20 11 17 12 4 6 9 5 16 13 2 18 7 10 19 
student 43: 1 19 8 13 14 12 17 15 5 7 2 6 3 18 11 4 16 9 10 20 
student 44: 4 20 11 12 17 7 5 14 10 6 9 16 2 18 8 3 13 19 1 15 
student 45: 5 16 9 20 7 12 13 14 6 1 3 10 4 17 19 2 18 8 11 15 
student 46: 1 14 13 17 5 3 19 18 11 9 12 6 7 16 10 4 15 8 2 20 
student 47: 5 8 7 12 17 10 20 6 9 1 15 14 4 13 16 3 19 11 2 18 
student 48: 7 19 11 17 12 1 14 15 3 6 2 5 13 20 16 4 10 8 9 18 
student 49: 3 17 15 19 11 12 10 18 5 9 7 13 4 8 16 6 14 1 2 20 
student 50: 3 17 1 19 11 14 10 6 9 7 12 18 4 15 16 2 13 5 8 20 
student 51: 5 16 3 17 9 6 15 18 8 2 11 13 7 10 14 12 20 4 1 19 
student 52: 2 19 7 20 16 13 18 14 5 8 1 12 3 10 17 6 11 9 4 15 
student 53: 2 4 1 20 13 10 12 15 3 11 7 17 8 18 14 6 16 9 5 19 
student 54: 8 15 2 17 14 18 9 5 13 3 10 12 7 20 16 4 1 6 11 19 
student 55: 5 2 10 7 13 19 15 18 1 3 14 4 12 11 17 6 16 8 9 20 
student 56: 5 19 9 17 12 10 15 13 6 1 4 7 8 14 18 2 16 11 3 20 
student 57: 8 17 2 16 9 10 12 14 6 7 1 15 4 18 13 3 11 20 5 19 
student 58: 1 17 7 18 9 14 11 15 2 12 8 10 4 16 19 5 13 6 3 20 
student 59: 1 19 13 16 18 10 15 17 5 4 6 14 8 12 7 2 11 9 3 20 
student 60: 6 19 4 16 10 14 12 17 1 11 5 9 8 18 15 2 13 3 7 20 
student 61: 1 14 5 19 11 7 20 15 2 3 12 13 4 17 16 6 10 8 9 18 
student 62: 1 18 13 14 5 9 10 17 12 2 4 6 11 19 16 8 15 7 3 20 
student 63: 2 15 17 4 18 11 9 16 1 5 14 10 13 8 12 3 20 6 7 19 
student 64: 2 16 10 17 3 12 5 19 1 6 14 8 9 20 11 4 13 18 7 15 
student 65: 9 19 10 20 4 12 13 14 2 6 3 8 7 16 11 1 17 5 15 18 
student 66: 7 20 6 16 15 8 11 12 14 2 10 9 4 17 18 1 19 3 5 13 
student 67: 1 19 5 18 10 13 15 12 8 11 6 9 3 20 14 2 17 7 4 16 
student 68: 3 18 7 17 12 13 10 14 19 8 9 5 2 15 11 1 16 6 4 20 
student 69: 1 17 8 19 13 11 14 12 3 6 4 18 7 16 10 5 9 2 15 20 
student 70: 18 8 14 15 9 7 20 19 5 2 10 6 3 16 11 4 12 17 1 13 
student 71: 1 15 7 19 11 13 18 17 2 10 4 12 3 20 8 14 9 5 6 16 
student 72: 3 15 9 19 13 14 11 16 5 7 2 17 10 12 20 6 18 8 1 4 
student 73: 5 16 8 15 10 13 11 12 7 4 17 9 3 19 18 2 14 6 1 20 
student 74: 1 13 12 3 6 15 5 18 14 7 11 10 8 17 16 9 19 4 2 20 
student 75: 2 13 5 9 12 8 17 20 4 1 10 19 3 16 15 7 11 14 6 18 
student 76: 4 19 12 7 14 11 16 20 3 5 6 9 10 8 17 2 18 13 1 15 
student 77: 8 19 9 16 5 11 15 12 4 1 2 7 10 17 18 3 14 13 6 20 
student 78: 6 11 19 9 4 5 15 16 3 1 13 14 2 20 18 10 7 12 8 17 
student 79: 1 16 3 18 20 17 9 7 2 4 5 12 10 13 14 6 11 15 8 19 
student 80: 3 12 17 16 15 1 9 18 8 5 6 14 4 19 10 7 11 13 2 20 
student 81: 16 20 7 18 13 10 12 15 11 2 6 8 5 14 17 1 9 4 3 19 
student 82: 5 18 4 13 7 19 12 17 9 8 11 16 2 3 6 1 15 14 10 20 
student 83: 1 17 6 13 7 19 15 14 10 9 3 12 4 20 8 2 18 11 5 16 
student 84: 2 20 3 15 11 8 16 18 9 12 7 10 5 17 13 1 14 6 4 19 
student 85: 3 17 9 13 11 6 16 12 2 1 5 15 7 19 18 4 10 8 14 20 
student 86: 1 16 7 14 12 20 10 18 6 2 9 19 3 17 13 5 11 8 4 15 
student 87: 2 17 4 16 10 11 15 19 3 7 12 5 8 20 14 13 6 9 1 18 
student 88: 15 20 5 14 11 13 18 19 6 1 10 9 7 17 8 2 12 4 3 16 
student 89: 7 17 8 20 11 13 10 14 3 16 9 15 1 18 5 2 12 4 6 19 
student 90: 2 13 12 17 10 8 18 16 4 3 15 9 6 20 14 1 7 5 11 19 
student 91: 3 20 7 9 10 18 15 5 1 6 8 16 13 19 17 2 12 4 11 14 
student 92: 2 17 7 16 10 8 11 20 9 6 15 14 1 19 13 3 12 5 4 18 
student 93: 2 14 12 17 7 6 15 16 5 13 8 11 3 20 10 1 18 9 4 19 
student 94: 1 19 4 16 7 12 15 13 9 10 2 14 5 18 6 3 11 8 20 17 
student 95: 5 18 11 10 12 4 17 13 3 6 8 15 7 20 9 1 14 16 2 19 
student 96: 6 4 9 20 14 15 11 19 3 2 10 8 13 16 18 5 17 7 1 12 
student 97: 11 17 1 12 10 9 14 20 6 2 5 13 7 18 15 4 16 8 3 19 
student 98: 1 19 10 13 8 12 20 17 3 6 9 15 5 11 14 7 16 4 2 18 
student 99: 1 17 9 13 10 15 16 11 4 8 7 12 6 18 19 3 14 2 5 20 
student 100: 1 13 15 16 9 6 10 20 12 4 5 8 3 19 17 2 18 11 7 14 
student 101: 1 19 6 18 9 10 14 12 8 11 7 15 3 20 16 4 17 5 2 13 
student 102: 4 17 6 15 8 13 11 19 9 5 3 10 2 16 14 1 18 7 12 20 
student 103: 1 20 9 16 15 11 13 6 8 4 7 18 10 14 12 2 17 5 3 19 
student 104: 9 18 3 19 8 2 17 7 13 1 10 12 11 14 15 6 16 4 5 20 
student 105: 2 12 6 15 4 14 11 20 19 3 10 16 5 17 9 1 13 8 7 18 
student 106: 3 19 15 12 10 13 14 16 4 5 9 6 8 20 11 1 17 7 2 18 
student 107: 2 19 13 17 15 11 8 18 9 4 12 10 5 16 7 1 6 14 3 20 
student 108: 8 14 5 4 12 10 15 20 19 7 11 13 2 16 17 6 3 9 1 18 
student 109: 6 16 2 10 15 11 18 19 12 9 5 17 3 20 8 7 13 1 4 14 
student 110: 2 18 4 12 8 13 10 14 6 5 1 16 15 20 17 7 11 9 3 19 
student 111: 6 10 12 13 17 11 18 16 9 2 8 4 3 14 20 1 19 7 5 15 
student 112: 6 18 13 19 4 11 16 5 10 7 8 12 1 15 14 2 20 9 3 17 
student 113: 8 16 18 10 14 3 12 13 7 1 5 15 2 6 19 4 20 9 11 17 
student 114: 2 14 16 11 6 13 18 10 12 7 5 15 3 20 17 1 4 8 9 19 
student 115: 6 14 15 13 12 5 11 18 4 2 9 16 10 7 17 3 20 8 1 19 
student 116: 2 19 4 14 8 6 10 16 3 5 13 15 9 20 12 1 11 7 17 18 
student 117: 1 13 7 8 15 12 20 18 4 6 9 11 3 14 16 2 19 10 5 17 
student 118: 5 18 11 17 7 8 13 16 4 15 12 10 2 20 6 1 14 9 3 19 
student 119: 4 17 9 20 5 18 10 14 8 1 7 11 2 19 16 3 13 6 12 15 
student 120: 6 20 10 19 9 16 17 11 8 3 12 13 5 18 14 1 2 7 4 15 
student 121: 3 15 16 13 11 2 9 20 8 10 18 12 5 19 6 4 14 1 7 17 
student 122: 1 17 9 11 10 15 13 18 3 5 6 12 7 19 14 4 16 8 2 20 
student 123: 8 16 10 9 13 11 14 17 3 1 5 19 4 18 15 6 12 7 2 20 
student 124: 1 20 11 15 9 17 12 16 6 2 8 5 7 18 13 4 14 10 3 19 
student 125: 1 14 11 16 13 2 17 19 8 4 6 15 5 18 9 3 12 10 7 20 
student 126: 1 19 13 14 12 17 8 16 2 3 7 10 5 15 20 6 9 4 11 18 
student 127: 2 17 6 5 20 16 8 14 18 15 1 13 4 11 10 7 12 9 3 19 
student 128: 5 16 15 17 8 3 12 19 7 1 6 14 2 20 10 4 13 11 9 18 
student 129: 3 19 12 15 11 13 9 17 5 2 6 16 7 20 8 1 14 10 4 18 
student 130: 4 18 8 19 17 12 9 14 3 13 6 15 2 20 10 1 11 7 5 16 
student 131: 1 14 11 17 10 13 6 19 5 3 8 16 2 15 18 7 12 9 4 20 
student 132: 2 20 7 10 11 18 12 13 5 3 16 8 6 15 9 1 14 17 4 19 
student 133: 7 11 14 16 10 13 3 8 2 4 9 12 15 18 17 1 20 6 5 19 
student 134: 9 16 15 17 8 5 14 18 3 7 2 12 6 19 13 1 10 11 4 20 
student 135: 1 19 12 20 7 14 13 9 2 5 4 11 8 16 17 6 18 10 3 15 
student 136: 1 11 6 8 13 15 14 19 10 3 4 20 2 17 16 5 9 12 7 18 
student 137: 7 19 3 15 14 11 16 10 8 6 13 12 2 17 18 1 9 5 4 20 
student 138: 7 13 18 15 8 9 11 14 3 2 1 10 6 19 12 4 17 16 5 20 
student 139: 10 14 8 15 3 13 2 16 7 1 6 11 5 20 19 9 17 4 12 18 
student 140: 4 17 6 18 8 12 10 11 1 3 13 19 5 14 16 9 15 2 7 20 
student 141: 1 17 6 14 18 11 2 16 3 7 10 13 8 19 12 9 15 4 5 20 
student 142: 4 15 9 16 6 20 13 12 5 1 10 8 19 14 17 2 7 11 3 18 
student 143: 3 16 2 13 20 8 17 7 15 1 9 11 5 14 12 4 10 18 6 19 
student 144: 9 19 11 18 8 12 20 7 4 2 16 6 5 14 15 10 13 1 3 17 
student 145: 2 20 16 12 13 7 10 15 9 8 3 11 5 17 14 1 18 6 4 19 
student 146: 9 18 13 17 14 5 19 15 6 4 2 10 3 20 16 1 11 8 7 12 
student 147: 2 19 1 20 4 7 9 15 5 10 16 11 8 17 12 6 14 13 3 18 
student 148: 6 9 1 20 11 8 15 19 3 2 14 12 5 10 17 4 16 7 13 18 
student 149: 2 13 5 16 9 19 11 4 3 8 20 15 7 18 14 6 17 12 1 10 
student 150: 2 15 8 13 1 7 19 11 20 4 18 14 12 17 5 6 16 9 3 10 
student 151: 6 17 9 8 14 13 20 15 10 7 12 11 5 18 2 1 4 16 3 19 
student 152: 3 19 12 10 14 9 13 16 11 1 7 15 6 20 18 4 2 17 5 8 
student 153: 2 18 7 16 20 14 8 15 4 11 10 17 6 19 12 1 13 5 3 9 
student 154: 2 14 18 12 3 9 16 10 7 13 8 11 15 17 20 1 6 5 4 19 
student 155: 7 18 14 12 6 13 19 16 5 10 3 15 8 9 20 4 11 1 2 17 
student 156: 10 20 11 15 12 2 8 18 5 9 6 14 1 19 4 7 16 3 13 17 
student 157: 8 19 10 14 17 11 7 15 9 4 12 1 6 13 16 3 20 5 2 18 
student 158: 4 13 1 14 16 12 11 18 8 3 15 10 9 20 19 6 5 2 7 17 
student 159: 2 17 11 13 3 14 9 18 5 7 10 20 1 19 15 6 16 12 4 8 
student 160: 1 12 2 11 17 8 7 10 15 14 16 6 19 20 13 4 9 5 3 18 
student 161: 8 3 6 17 14 9 18 20 2 4 19 12 5 10 13 7 16 11 1 15 
student 162: 1 16 10 18 5 9 12 20 11 3 7 13 4 14 8 2 17 6 15 19 
student 163: 8 19 9 14 1 16 20 18 12 10 7 11 3 17 4 5 13 6 2 15 
student 164: 5 19 6 18 14 17 9 16 4 2 12 8 7 15 13 10 11 3 1 20 
student 165: 2 20 4 9 3 10 6 15 13 14 11 8 12 17 18 1 16 5 7 19 
student 166: 4 17 19 11 16 12 14 13 10 3 6 7 1 18 20 9 5 8 2 15 
student 167: 6 16 11 18 4 10 15 17 3 7 8 12 9 14 5 1 20 2 19 13 
student 168: 1 19 6 14 4 7 11 15 16 13 5 18 8 20 10 2 12 9 3 17 
student 169: 1 9 6 14 11 19 7 17 10 2 5 20 3 15 18 8 16 4 12 13 
student 170: 2 14 10 16 11 4 8 19 5 13 7 9 1 18 17 3 15 6 12 20 
student 171: 1 17 9 15 11 8 12 20 6 2 5 13 4 19 14 3 16 10 7 18 
student 172: 4 12 8 17 6 7 11 18 3 1 10 9 5 16 20 2 19 14 13 15 
student 173: 7 17 14 19 6 2 11 5 16 8 9 3 12 20 10 4 15 13 1 18 
student 174: 6 16 12 15 9 13 17 19 7 4 11 1 5 20 8 3 14 2 10 18 
student 175: 1 19 8 12 9 15 16 18 7 3 13 11 10 20 5 2 17 6 4 14 
student 176: 1 18 7 16 5 8 20 12 4 3 10 19 9 14 6 11 15 13 2 17 
student 177: 8 15 18 20 6 7 10 11 4 2 5 12 3 17 16 1 13 14 9 19 
student 178: 6 13 17 11 8 5 9 10 16 7 12 4 2 14 15 1 19 18 3 20 
student 179: 3 20 4 18 9 15 13 14 2 8 1 12 7 11 17 6 16 10 5 19 
student 180: 1 11 14 18 8 9 10 17 6 5 7 15 13 12 19 2 16 4 3 20 
student 181: 11 20 15 18 10 12 9 19 5 1 6 17 7 4 13 2 14 8 3 16 
student 182: 5 17 11 20 3 13 12 16 8 1 10 7 2 14 15 4 18 9 6 19 
student 183: 1 20 5 11 9 2 6 19 3 8 18 17 13 15 12 4 14 10 7 16 
student 184: 7 20 11 18 15 3 14 19 10 4 6 12 2 16 8 5 17 9 1 13 
student 185: 7 16 3 19 17 20 6 13 12 9 8 14 4 15 5 2 11 1 10 18 
student 186: 5 17 10 19 7 13 15 14 1 3 6 16 4 18 8 11 9 12 2 20 
student 187: 4 18 11 19 10 15 17 13 2 3 6 16 9 12 14 1 8 7 5 20 
student 188: 2 13 1 16 8 14 15 19 7 9 12 4 6 20 17 3 10 5 11 18 
student 189: 2 18 14 15 6 3 16 20 1 5 7 8 4 17 19 9 11 13 12 10 
student 190: 18 17 10 19 16 3 9 14 8 4 1 13 7 20 11 2 12 5 6 15 
student 191: 9 20 6 14 13 10 8 15 2 7 4 19 3 16 12 11 17 5 1 18 
student 192: 11 18 15 19 4 6 2 13 5 1 10 7 16 17 12 3 14 8 9 20 
student 193: 5 8 11 12 17 15 10 20 14 4 2 9 7 13 16 1 18 3 6 19 
student 194: 10 16 9 12 4 5 13 17 18 1 11 15 7 8 19 3 14 2 6 20 
student 195: 6 16 12 17 9 13 19 14 1 2 4 8 7 20 15 3 10 11 5 18 
student 196: 8 20 1 13 14 9 15 11 4 2 6 5 7 17 18 3 19 10 12 16 
student 197: 7 19 8 18 4 9 12 14 2 1 15 16 3 20 10 5 13 11 6 17 
student 198: 1 8 12 15 9 13 17 19 11 4 5 14 7 16 18 2 10 6 3 20 
student 199: 6 17 7 15 9 10 16 14 12 3 2 19 4 11 13 8 20 5 1 18 
student 200: 6 15 19 20 13 3 9 16 2 10 11 8 1 17 7 4 14 12 5 18 
student 201: 2 15 8 12 11 14 16 18 7 3 6 19 4 1 9 5 17 13 10 20 
student 202: 3 16 5 19 11 12 8 20 1 10 6 15 9 18 13 2 14 7 4 17 
student 203: 8 18 5 20 10 7 12 15 11 2 14 9 3 19 16 1 6 13 4 17 
student 204: 2 20 4 17 18 13 15 16 3 8 7 14 5 19 11 1 10 12 6 9 
student 205: 6 18 8 19 11 13 14 16 9 4 7 10 2 20 17 5 15 12 1 3 
student 206: 4 19 3 17 15 7 11 13 10 6 2 9 1 20 18 5 12 16 8 14 
student 207: 4 16 7 19 10 15 6 17 8 3 9 18 1 13 12 2 14 11 5 20 
student 208: 1 20 13 9 10 8 12 18 6 5 11 19 2 16 14 7 15 4 3 17 
student 209: 1 19 4 20 7 15 12 17 9 5 11 13 2 18 16 6 8 3 10 14 
student 210: 1 16 5 13 8 12 15 18 7 3 14 10 6 19 11 2 17 9 4 20 
student 211: 2 19 12 11 10 9 14 15 6 8 5 17 3 16 4 1 18 7 13 20 
student 212: 1 18 5 11 8 15 13 17 2 3 16 7 9 14 19 6 10 12 4 20 
student 213: 2 17 5 9 15 10 16 19 3 8 7 12 6 20 11 1 13 14 4 18 
student 214: 1 19 5 13 7 17 14 16 8 2 4 12 6 20 11 9 15 10 3 18 
student 215: 2 16 17 11 10 20 4 14 7 1 19 9 6 15 3 12 18 8 5 13 
student 216: 5 18 9 10 12 16 17 14 4 6 2 15 7 20 11 1 13 8 3 19 
student 217: 4 19 5 16 8 12 18 11 9 1 10 17 7 15 14 2 6 13 3 20 
student 218: 4 17 15 16 5 13 10 19 1 8 6 9 7 18 20 2 11 12 3 14 
student 219: 6 14 9 20 8 3 5 16 2 4 12 18 10 17 13 1 19 11 7 15 
student 220: 3 13 4 17 6 18 15 10 14 5 11 7 9 20 16 2 12 19 1 8 
student 221: 13 17 1 14 15 3 18 19 8 7 10 9 11 20 16 5 12 2 4 6 
student 222: 3 20 10 14 13 7 16 17 5 8 4 12 6 18 11 1 19 9 2 15 
student 223: 9 20 14 15 5 13 16 8 6 4 7 19 1 18 11 2 12 10 3 17 
student 224: 2 17 14 8 18 6 15 12 4 3 7 10 9 16 5 1 19 13 11 20 
student 225: 4 17 11 14 5 10 12 13 2 1 6 20 3 18 16 7 19 8 9 15 
student 226: 7 17 6 13 12 20 10 16 3 8 2 14 4 18 11 5 15 1 9 19 
student 227: 1 20 12 14 11 4 17 13 3 9 8 10 7 18 15 2 16 5 6 19 
student 228: 8 15 14 6 18 9 11 16 12 3 2 5 10 20 4 1 19 13 7 17 
student 229: 10 15 16 17 8 11 18 13 19 5 4 9 1 20 2 7 12 6 3 14 
student 230: 2 17 3 19 11 5 14 13 9 8 10 12 16 18 6 4 15 7 1 20 
student 231: 5 16 12 15 7 17 6 20 8 1 13 14 4 18 19 3 10 11 2 9 
student 232: 4 18 9 16 7 6 12 11 1 5 20 13 8 19 17 2 15 10 3 14 
student 233: 15 17 3 20 16 7 11 13 14 10 6 8 5 18 12 4 2 9 1 19 
student 234: 10 11 8 9 6 17 16 14 12 4 3 7 5 19 15 1 18 13 2 20 
student 235: 1 20 11 16 12 13 8 18 9 5 4 10 6 19 15 2 14 7 3 17 
student 236: 7 12 9 13 11 14 16 8 6 4 10 20 1 17 15 3 19 5 2 18 
student 237: 8 9 1 7 11 17 19 14 5 4 10 15 18 13 6 2 20 12 3 16 
student 238: 3 19 10 17 14 5 13 16 2 6 4 15 1 18 12 7 20 11 9 8 
student 239: 1 20 13 17 10 14 4 18 9 6 7 11 5 16 15 2 12 8 3 19 
student 240: 2 18 9 16 10 17 13 20 8 4 11 14 5 15 12 1 7 6 3 19 
student 241: 9 13 8 15 11 14 7 16 5 4 6 12 1 19 18 2 20 3 10 17 
student 242: 2 17 6 10 11 16 15 13 4 1 5 18 7 14 12 3 19 9 8 20 
student 243: 1 19 8 12 14 9 17 18 2 6 10 4 5 20 7 3 15 13 11 16 
student 244: 14 10 16 20 6 5 17 13 2 8 11 1 7 15 12 4 19 9 3 18 
student 245: 3 15 10 18 9 8 17 19 6 2 4 7 13 20 12 1 11 16 5 14 
student 246: 6 18 4 10 15 2 13 17 14 3 7 12 8 16 19 1 5 11 9 20 
student 247: 5 12 15 20 8 13 11 3 7 1 16 10 6 17 9 2 19 4 14 18 
student 248: 5 19 8 20 10 11 18 13 17 1 16 7 9 14 6 3 12 4 2 15 
student 249: 13 17 4 11 9 19 12 8 5 1 2 10 6 18 20 3 15 7 16 14 
student 250: 1 19 3 18 6 7 15 10 13 4 5 14 8 20 16 2 12 9 11 17 
student 251: 1 14 13 10 12 5 8 17 7 9 11 15 6 19 16 3 18 4 2 20 
student 252: 3 18 1 8 11 20 10 7 6 4 9 16 17 15 13 2 14 5 12 19 
student 253: 5 11 14 19 8 18 17 16 4 3 2 7 9 10 13 1 20 12 6 15 
student 254: 6 15 18 19 12 4 16 17 14 8 1 5 11 20 7 2 13 3 9 10 
student 255: 2 17 6 20 10 4 15 14 3 8 9 16 11 19 13 1 12 7 5 18 
student 256: 12 19 5 13 6 8 11 15 4 1 7 10 9 18 16 3 20 14 2 17 
student 257: 3 15 1 13 14 18 9 20 8 4 11 17 6 19 12 5 10 7 2 16 
student 258: 8 12 17 14 20 15 18 9 4 2 5 10 6 16 11 1 13 7 3 19 
student 259: 4 13 8 19 11 9 20 17 7 1 16 12 3 18 14 6 5 2 10 15 
student 260: 4 20 14 19 7 3 9 18 5 2 12 15 8 17 10 1 13 11 6 16 
student 261: 1 20 9 16 17 11 12 19 14 2 10 6 5 18 13 3 15 7 4 8 
student 262: 4 18 13 14 5 10 9 12 2 3 11 15 8 19 16 1 6 20 7 17 
student 263: 10 15 7 17 9 8 11 13 5 4 16 14 6 18 12 1 19 3 2 20 
student 264: 12 19 13 16 10 8 9 18 15 3 2 17 6 5 14 1 20 7 4 11 
student 265: 1 16 5 17 3 19 15 7 2 11 4 14 8 18 10 6 12 13 9 20 
student 266: 4 2 13 5 9 12 16 18 7 1 10 17 6 15 14 3 19 11 8 20 
student 267: 1 13 10 15 9 5 19 11 6 2 16 14 12 20 8 3 17 4 7 18 
student 268: 4 17 13 18 6 5 12 15 3 1 16 11 7 19 10 2 14 9 8 20 
student 269: 5 8 14 18 1 13 16 4 11 6 12 2 15 7 20 9 19 3 10 17 
student 270: 3 19 10 20 11 6 9 16 13 4 1 15 7 17 14 2 12 8 5 18 
student 271: 7 17 10 15 4 16 9 11 5 3 2 19 6 18 12 1 13 14 8 20 
student 272: 10 14 1 12 8 11 18 19 4 2 7 15 3 16 9 5 13 17 6 20 
student 273: 3 19 2 20 15 13 10 16 4 11 7 12 8 17 18 1 5 9 6 14 
student 274: 3 18 10 1 6 9 13 15 7 2 5 12 14 20 16 4 19 8 11 17 
student 275: 8 20 11 16 12 14 15 10 9 1 13 6 3 17 2 4 18 7 5 19 
student 276: 11 10 4 19 12 8 15 20 3 2 9 5 7 18 16 6 17 14 1 13 
student 277: 6 11 15 18 17 10 7 16 12 1 14 13 5 20 2 3 8 4 9 19 
student 278: 4 17 14 12 10 11 8 20 1 2 9 13 5 19 15 7 16 6 3 18 
student 279: 6 15 13 11 9 16 14 12 7 5 3 10 8 19 17 2 18 4 1 20 
student 280: 4 16 14 15 19 10 9 12 3 1 7 13 6 20 8 2 17 11 5 18 
student 281: 4 19 1 13 9 18 11 16 7 8 6 10 2 15 20 3 12 17 5 14 
student 282: 6 18 10 13 11 15 9 17 7 1 5 16 4 20 14 3 12 8 2 19 
student 283: 3 16 2 15 8 10 13 20 7 5 4 12 1 14 19 6 18 9 11 17 
student 284: 2 16 9 20 5 12 15 13 6 3 14 7 11 17 10 4 19 8 1 18 
student 285: 2 19 8 20 6 4 13 14 5 10 1 11 3 12 16 7 17 15 9 18 
student 286: 7 18 8 13 14 11 12 16 9 3 10 17 5 19 15 2 4 1 6 20 
student 287: 19 17 7 15 9 8 13 18 1 3 6 12 4 20 14 2 16 11 10 5 
student 288: 13 11 12 18 14 10 16 6 1 2 7 9 4 20 17 3 19 8 5 15 
student 289: 1 18 10 14 8 12 17 20 6 5 11 16 9 13 7 4 15 2 3 19 
student 290: 4 17 9 20 7 15 10 12 3 5 6 13 1 14 11 2 18 8 16 19 
student 291: 1 19 5 18 11 8 13 16 7 2 9 3 14 15 17 4 12 10 6 20 
student 292: 3 20 14 11 7 12 13 16 10 5 4 15 1 19 18 2 8 9 6 17 
student 293: 6 9 8 19 4 10 11 20 3 1 13 18 7 16 17 5 14 12 2 15 
student 294: 2 7 8 18 14 15 19 5 4 1 11 9 10 12 20 6 17 13 3 16 
student 295: 1 19 2 16 8 20 11 15 3 5 7 13 10 18 12 6 14 4 9 17 
student 296: 16 19 15 13 4 8 10 9 6 5 3 18 17 12 11 7 20 2 1 14 
student 297: 1 2 10 13 8 5 12 19 7 4 6 3 17 18 20 11 16 15 14 9 
student 298: 3 17 8 15 18 2 7 14 9 5 4 10 6 16 12 1 13 11 19 20 
student 299: 7 13 10 20 11 18 14 15 4 3 6 19 5 12 16 1 8 9 2 17 
student 300: 7 18 6 17 9 15 12 14 13 3 5 11 2 19 16 1 10 8 4 20 
student 301: 3 19 7 16 17 8 12 18 11 4 13 9 6 15 14 1 20 5 2 10 
student 302: 2 18 8 11 12 9 14 16 10 6 3 15 1 19 13 5 20 7 4 17 
student 303: 3 18 19 13 8 2 10 14 7 6 9 20 12 16 15 1 11 5 4 17 
student 304: 6 20 1 11 12 2 14 17 13 7 4 16 9 19 5 10 18 3 8 15 
student 305: 5 7 12 20 8 13 16 19 4 1 11 15 9 18 17 3 14 2 6 10 
student 306: 2 18 9 15 7 11 17 14 13 5 1 6 12 10 16 4 19 3 8 20 
student 307: 5 18 7 13 8 14 4 12 6 1 11 10 9 19 16 3 20 17 2 15 
student 308: 4 15 12 6 7 14 8 16 5 3 10 1 9 19 17 2 20 13 11 18 
student 309: 3 17 14 18 9 6 11 19 13 12 8 15 1 10 16 2 5 4 7 20 
student 310: 8 20 6 15 13 11 19 3 2 9 5 14 7 16 12 4 17 10 1 18 
student 311: 2 20 11 14 15 5 6 16 7 4 3 17 10 18 9 1 12 13 8 19 
student 312: 10 12 6 14 9 18 11 16 8 1 3 7 13 19 15 5 17 4 2 20 
student 313: 7 15 11 14 18 9 16 12 10 2 1 4 3 20 17 6 13 8 5 19 
student 314: 5 14 12 11 17 6 7 20 8 1 13 10 3 19 15 4 18 9 2 16 
student 315: 3 14 8 10 12 13 15 18 2 5 20 17 9 16 11 1 6 7 4 19 
student 316: 3 17 8 13 5 1 15 20 6 10 18 9 11 19 14 2 12 7 4 16 
student 317: 6 16 15 17 9 12 1 11 3 7 8 14 5 18 13 4 19 10 2 20 
student 318: 9 15 6 20 12 11 8 16 5 2 10 13 1 19 17 4 14 7 3 18 
student 319: 4 19 13 11 14 18 17 1 9 2 3 16 10 15 8 6 7 12 5 20 
student 320: 2 18 11 10 3 4 9 20 19 5 14 15 7 12 16 1 13 6 8 17 
student 321: 4 12 6 19 1 15 13 20 18 10 7 8 14 16 11 2 9 3 5 17 
student 322: 8 18 5 16 2 11 13 14 9 1 4 12 6 19 17 7 15 10 3 20 
student 323: 1 18 7 17 13 15 9 14 8 4 6 19 2 20 12 3 10 11 5 16 
student 324: 4 16 6 17 10 18 7 19 9 2 8 14 5 11 12 1 20 15 3 13 
student 325: 6 18 5 11 9 20 12 16 7 8 13 10 4 17 14 2 15 1 3 19 
student 326: 6 19 8 12 15 7 9 13 5 2 3 11 4 20 14 18 17 1 10 16 
student 327: 1 20 12 10 13 6 19 15 7 3 4 17 9 18 11 5 16 8 2 14 
student 328: 3 18 1 14 11 5 19 16 7 12 4 10 6 13 15 2 17 8 9 20 
student 329: 2 19 6 15 9 16 14 18 11 5 3 10 4 20 8 1 12 13 7 17 
student 330: 4 20 8 14 9 10 11 17 2 3 19 12 7 16 13 5 15 6 1 18 
student 331: 7 20 5 15 9 18 11 14 10 4 3 16 12 17 19 2 8 6 1 13 
student 332: 3 16 10 14 18 13 15 19 9 7 17 6 11 20 12 2 1 5 4 8 
student 333: 2 18 8 7 14 13 15 17 4 5 3 9 11 19 16 1 12 6 10 20 
student 334: 1 16 9 13 8 20 11 18 5 2 4 15 3 19 12 7 14 10 6 17 
student 335: 1 12 10 18 13 15 9 14 11 5 8 7 6 16 19 3 17 4 2 20 
student 336: 17 16 10 15 12 11 18 14 4 3 8 13 2 9 6 5 20 7 1 19 
student 337: 2 15 6 16 10 11 9 19 14 12 8 13 4 18 7 1 17 5 3 20 
student 338: 5 20 16 13 4 9 14 18 1 8 11 10 7 15 12 2 17 6 3 19 
student 339: 1 12 4 14 2 10 16 20 17 3 5 13 7 19 15 6 11 9 8 18 
student 340: 4 19 5 13 15 10 3 18 8 2 11 12 9 16 14 1 17 7 6 20 
student 341: 3 19 4 17 11 6 14 18 9 7 8 16 5 15 13 1 10 12 2 20 
student 342: 9 6 5 19 12 14 8 16 10 2 4 20 3 18 13 1 11 17 7 15 
student 343: 4 11 19 15 9 12 14 10 5 8 13 17 1 18 7 6 2 16 3 20 
student 344: 2 17 19 20 5 6 14 7 3 13 8 16 4 15 10 1 12 11 9 18 
student 345: 7 18 9 16 17 5 20 3 14 4 6 10 2 15 13 1 11 12 8 19 
student 346: 1 17 6 20 7 13 9 15 10 2 11 12 5 18 16 3 8 14 4 19 
student 347: 4 16 10 18 12 5 6 11 8 3 9 14 2 20 15 1 19 13 7 17 
student 348: 1 20 10 18 9 7 4 14 11 3 15 16 8 19 5 2 13 12 6 17 
student 349: 3 17 6 15 4 14 18 20 9 7 8 11 2 19 5 1 13 10 12 16 
student 350: 5 20 13 10 7 11 19 16 3 6 9 12 2 18 17 1 15 8 4 14 
student 351: 4 19 9 8 20 11 16 7 3 1 5 13 12 14 6 2 18 10 15 17 
student 352: 4 5 11 16 9 10 19 13 7 2 15 14 6 18 17 1 3 8 12 20 
student 353: 2 20 12 15 13 11 19 16 1 4 5 8 6 18 14 3 10 7 9 17 
student 354: 2 14 9 19 10 17 18 8 3 7 4 12 13 20 11 5 15 1 6 16 
student 355: 3 12 14 16 2 5 19 1 9 4 11 7 15 17 18 8 13 10 6 20 
student 356: 4 18 14 17 1 7 11 13 5 8 3 12 10 19 9 2 15 16 6 20 
student 357: 3 19 10 16 8 13 14 15 4 2 17 1 7 18 9 6 12 11 5 20 
student 358: 5 4 9 14 15 6 13 17 8 10 1 18 11 12 16 2 19 7 3 20 
student 359: 4 19 17 13 7 20 6 18 14 2 8 12 9 11 10 3 15 1 5 16 
student 360: 4 18 11 12 14 8 15 16 7 3 1 9 10 19 13 5 17 2 6 20 
student 361: 4 15 9 14 12 17 8 19 5 6 3 10 7 11 13 2 16 20 1 18 
student 362: 9 4 1 16 19 20 14 13 17 5 10 6 2 18 8 3 12 11 7 15 
student 363: 13 20 9 19 6 18 10 12 3 2 11 8 4 16 14 1 15 7 5 17 
student 364: 2 15 11 17 8 6 14 19 4 1 5 16 13 20 10 3 9 7 12 18 
student 365: 3 14 5 15 10 6 18 19 13 7 1 12 2 20 11 4 17 9 8 16 
student 366: 1 14 6 18 11 13 10 17 12 5 7 16 4 19 15 2 8 9 3 20 
student 367: 4 20 6 11 16 12 13 14 9 7 10 15 5 18 17 2 8 3 1 19 
student 368: 4 14 8 13 1 11 12 20 2 7 9 15 16 17 19 6 10 3 5 18 
student 369: 6 19 5 17 11 13 7 12 10 1 18 14 4 16 9 3 15 8 2 20 
student 370: 1 19 12 16 10 7 18 3 14 2 17 13 4 11 6 5 15 8 9 20 
student 371: 6 14 10 19 20 9 12 13 4 5 16 1 3 18 15 2 11 7 8 17 
student 372: 1 17 4 19 8 10 13 20 15 5 9 12 6 11 7 3 14 16 2 18 
student 373: 3 20 10 19 12 15 13 6 1 9 7 11 5 17 14 2 18 8 4 16 
student 374: 8 20 16 15 14 6 13 17 5 1 2 10 4 19 7 3 12 11 9 18 
student 375: 3 20 15 8 4 5 14 13 9 2 10 16 6 19 12 1 17 11 7 18 
student 376: 7 20 5 17 12 19 8 18 13 1 3 6 10 14 4 2 11 16 9 15 
student 377: 4 20 6 15 7 18 8 16 2 1 3 17 9 13 11 10 14 19 5 12 
student 378: 3 15 7 19 10 12 13 18 2 4 11 6 5 17 16 1 14 9 8 20 
student 379: 6 17 19 11 9 8 12 4 7 1 5 13 10 18 16 2 14 15 3 20 
student 380: 8 12 15 10 6 18 13 16 11 1 4 7 2 19 9 5 14 17 3 20 
student 381: 8 19 9 16 11 15 7 17 6 4 10 5 3 14 13 1 18 2 12 20 
student 382: 1 20 3 17 12 6 15 16 10 11 5 2 8 4 14 7 19 13 18 9 
student 383: 3 17 9 12 7 19 10 13 5 1 6 16 8 18 14 2 15 11 4 20 
student 384: 3 19 7 14 9 11 10 16 5 1 13 15 2 17 6 4 20 8 12 18 
student 385: 8 14 6 18 11 10 13 16 1 4 9 17 5 15 19 2 12 7 3 20 
student 386: 4 18 10 16 15 9 17 13 5 6 7 14 3 19 12 2 11 8 1 20 
student 387: 17 7 20 18 4 3 9 13 8 6 5 11 2 14 19 1 16 12 10 15 
student 388: 3 4 10 19 9 15 11 18 6 5 7 17 12 8 16 1 13 14 2 20 
student 389: 4 19 3 12 11 14 17 15 9 2 16 5 7 13 18 1 6 10 8 20 
student 390: 4 19 6 17 8 20 10 15 11 3 9 14 5 13 12 1 16 2 7 18 
student 391: 1 18 5 8 15 17 9 14 13 7 10 16 4 20 11 2 6 12 3 19 
student 392: 2 19 7 18 17 10 20 11 1 5 3 12 9 16 13 4 15 6 8 14 
student 393: 19 16 7 20 6 11 12 17 4 3 10 15 8 18 1 2 14 5 9 13 
student 394: 1 14 15 19 7 20 8 9 4 11 6 13 5 12 16 2 17 10 3 18 
student 395: 1 20 6 17 12 14 9 16 3 5 13 10 8 18 7 2 15 11 4 19 
student 396: 7 15 2 19 9 17 10 20 6 16 8 4 3 14 11 5 18 12 1 13 
student 397: 8 18 14 13 11 4 15 17 7 12 9 10 5 19 6 3 16 2 1 20 
student 398: 10 18 7 19 9 6 16 20 8 1 5 4 2 11 17 3 12 13 14 15 
student 399: 3 20 10 13 11 12 9 17 7 1 6 18 16 15 5 2 19 8 4 14 
student 400: 9 18 4 16 7 13 14 19 2 8 6 12 5 20 15 3 11 10 1 17 
student 401: 1 18 4 17 8 16 14 20 6 2 12 5 7 15 11 3 13 10 9 19 
student 402: 1 19 9 18 8 12 16 17 4 7 11 10 3 14 13 5 15 6 2 20 
student 403: 3 17 11 14 7 8 13 16 2 4 5 20 10 15 9 1 18 12 6 19 
student 404: 2 13 5 20 8 7 16 18 3 9 10 14 6 17 12 1 15 11 4 19 
student 405: 6 15 8 20 5 11 13 17 3 12 1 14 7 10 18 4 19 9 2 16 
student 406: 10 17 13 18 16 5 19 15 9 1 14 11 2 6 8 3 4 12 7 20 
student 407: 4 12 6 18 7 13 10 14 8 1 9 19 3 17 16 2 11 15 5 20 
student 408: 2 17 10 12 15 13 6 16 9 4 3 18 8 19 7 1 14 5 11 20 
student 409: 4 11 15 16 8 6 7 20 12 2 10 14 9 18 13 1 17 3 5 19 
student 410: 3 19 10 17 11 13 14 15 1 7 16 12 6 18 4 2 5 9 8 20 
student 411: 2 18 11 16 9 7 19 17 8 6 15 1 4 12 10 5 20 14 3 13 
student 412: 2 18 9 19 13 14 15 11 6 8 7 10 4 20 17 3 12 5 1 16 
student 413: 4 17 3 11 16 12 9 10 18 5 8 14 1 19 15 2 13 7 6 20 
student 414: 1 17 8 15 12 16 11 20 7 2 10 9 6 19 14 5 13 4 3 18 
student 415: 1 16 9 11 6 12 13 17 18 3 4 15 5 19 14 2 7 8 10 20 
student 416: 2 14 5 17 20 10 13 15 3 6 11 12 8 19 16 1 7 9 4 18 
student 417: 2 20 9 13 6 8 16 14 12 3 5 11 1 18 17 10 19 7 4 15 
student 418: 1 19 12 15 11 14 13 17 3 4 6 10 7 9 20 2 16 8 5 18 
student 419: 17 11 7 14 5 16 13 20 9 3 2 8 4 10 18 1 19 6 15 12 
student 420: 7 20 5 12 13 11 16 17 9 2 15 6 4 19 8 3 14 10 1 18 
student 421: 6 9 2 20 11 4 7 17 3 15 12 14 1 19 16 5 18 8 13 10 
student 422: 10 13 6 15 3 16 8 19 12 5 7 14 1 17 20 2 9 4 11 18 
student 423: 4 12 11 17 10 13 15 20 6 7 3 14 5 18 8 1 16 9 2 19 
student 424: 3 19 10 17 9 12 11 16 15 5 6 8 1 18 13 2 14 4 7 20 
student 425: 3 17 8 12 14 5 16 15 13 6 9 20 4 18 11 1 7 2 10 19 
student 426: 4 8 2 13 6 10 17 16 11 5 9 14 7 20 19 3 15 12 1 18 
student 427: 2 18 12 16 17 9 19 20 3 1 13 6 5 14 11 8 10 4 7 15 
student 428: 1 18 7 14 5 16 17 13 11 6 8 12 4 20 10 3 9 15 2 19 
student 429: 2 16 1 15 9 10 12 20 8 7 3 5 6 18 13 4 14 17 11 19 
student 430: 1 20 10 16 13 6 14 12 3 4 2 7 8 18 15 9 19 11 5 17 
student 431: 1 12 6 19 8 9 14 18 15 3 11 13 5 20 10 2 16 7 4 17 
student 432: 5 15 3 14 11 10 17 9 8 4 7 12 6 18 19 1 13 2 16 20 
student 433: 1 10 11 20 9 18 12 13 8 6 7 17 4 19 16 3 14 2 5 15 
student 434: 1 19 6 16 17 12 18 13 7 10 8 5 3 15 14 2 11 9 4 20 
student 435: 7 20 9 14 12 10 13 18 5 3 2 16 6 19 15 1 11 8 4 17 
student 436: 3 17 12 11 14 6 18 13 8 5 4 9 2 16 15 1 20 10 7 19 
student 437: 4 18 14 17 3 16 15 13 9 5 11 12 6 20 8 2 19 1 7 10 
student 438: 1 13 5 18 8 11 14 7 9 6 3 12 4 20 15 10 17 16 2 19 
student 439: 7 18 10 20 3 16 11 8 17 2 5 12 1 15 4 6 14 13 9 19 
student 440: 5 14 10 16 17 7 15 13 18 3 9 8 4 19 11 2 12 6 1 20 
student 441: 3 18 11 16 13 10 17 8 7 4 6 12 2 20 14 9 15 1 5 19 
student 442: 1 14 7 15 8 17 9 16 3 6 12 18 2 10 11 5 20 13 4 19 
student 443: 6 16 4 14 10 17 9 15 1 7 8 2 5 11 18 3 12 20 13 19 
student 444: 1 15 9 17 7 8 11 14 13 2 18 12 3 20 16 4 10 5 6 19 
student 445: 9 12 5 19 17 7 20 14 4 8 1 10 3 15 18 6 13 11 2 16 
student 446: 4 20 6 19 11 9 15 18 5 7 8 12 3 13 14 1 17 10 2 16 
student 447: 9 18 7 14 13 4 15 16 5 2 3 8 6 19 12 1 17 11 10 20 
student 448: 1 20 8 15 13 9 6 14 12 7 3 10 11 18 17 2 5 16 4 19 
student 449: 1 11 9 19 8 13 16 18 7 2 6 14 5 17 15 4 12 10 3 20 
student 450: 2 20 3 12 10 4 8 18 16 7 13 14 9 19 11 1 15 5 6 17 
student 451: 4 19 5 15 6 8 11 17 16 1 3 12 10 14 13 2 20 9 7 18 
student 452: 1 17 11 19 10 15 18 16 6 2 8 7 4 20 13 5 12 9 3 14 
student 453: 1 12 13 17 8 14 16 11 7 2 6 10 4 19 15 9 18 3 5 20 
student 454: 5 19 9 18 12 11 20 15 10 1 14 13 2 16 7 4 8 3 6 17 
student 455: 1 17 15 18 13 14 4 11 3 5 2 6 9 19 10 7 16 8 12 20 
student 456: 5 16 8 20 11 7 4 13 10 1 3 15 9 18 14 12 17 6 2 19 
student 457: 7 14 12 6 11 15 20 13 4 3 9 1 8 16 18 2 17 10 5 19 
student 458: 4 9 7 12 16 14 2 20 11 3 5 18 8 15 17 1 13 6 10 19 
student 459: 4 19 1 20 9 12 11 14 5 13 8 10 7 18 15 2 16 6 3 17 
student 460: 4 15 2 19 12 14 18 17 1 6 11 13 8 20 10 3 5 7 9 16 
student 461: 3 18 8 14 9 4 11 17 5 13 15 10 6 16 19 1 12 7 2 20 
student 462: 8 19 13 20 3 6 2 17 5 1 11 10 9 16 18 7 14 12 4 15 
student 463: 2 16 6 20 13 9 15 10 5 3 8 17 4 14 12 7 11 19 1 18 
student 464: 3 14 4 16 10 11 19 17 5 2 6 12 8 20 7 1 18 9 13 15 
student 465: 1 20 17 14 13 9 15 10 19 8 5 16 4 18 6 3 11 7 2 12 
student 466: 4 13 1 15 10 5 16 12 17 7 3 9 8 14 11 2 18 6 19 20 
student 467: 1 18 13 20 15 7 14 10 4 2 6 8 9 19 16 3 17 5 11 12 
student 468: 9 20 14 18 5 8 13 6 16 2 11 17 1 12 4 3 15 7 10 19 
student 469: 2 19 12 16 5 9 18 4 8 1 10 11 6 20 14 7 15 13 3 17 
student 470: 9 17 6 13 7 4 10 16 20 11 3 19 15 8 12 1 14 5 2 18 
student 471: 6 18 15 20 10 8 12 16 1 3 11 5 14 17 9 2 19 4 7 13 
student 472: 8 18 10 19 11 9 14 17 6 4 7 15 2 12 5 1 16 13 3 20 
student 473: 5 16 6 20 15 8 12 19 13 4 7 9 3 17 14 1 11 10 2 18 
student 474: 4 17 14 20 13 7 16 19 1 9 6 10 8 11 12 2 15 5 3 18 
student 475: 9 15 11 19 16 12 5 13 6 2 14 8 4 20 7 1 10 18 3 17 
student 476: 4 19 8 18 7 20 9 16 11 6 5 12 14 13 3 2 17 15 1 10 
student 477: 3 19 4 15 14 11 6 18 12 2 8 16 9 17 13 1 10 5 7 20 
student 478: 1 17 10 13 7 16 8 15 11 2 4 18 5 20 12 3 19 9 6 14 
student 479: 6 19 12 15 10 5 16 20 14 4 3 9 7 17 11 2 13 1 8 18 
student 480: 8 15 16 13 11 6 10 18 9 1 14 7 5 17 12 2 19 4 3 20 
student 481: 11 10 1 15 12 18 17 19 8 2 6 13 4 20 9 3 16 5 7 14 
student 482: 6 18 13 14 3 5 12 16 9 2 17 10 7 19 15 1 11 8 4 20 
student 483: 3 19 4 11 12 8 5 18 16 1 7 10 6 20 14 2 13 15 9 17 
student 484: 4 17 9 20 8 11 15 13 7 3 6 16 5 19 18 1 14 10 2 12 
student 485: 2 14 15 13 8 10 11 17 3 1 4 18 12 20 16 9 6 7 5 19 
student 486: 1 17 5 14 15 6 10 7 3 9 18 11 2 16 12 13 20 4 8 19 
student 487: 5 19 6 13 17 14 11 12 4 3 9 18 7 20 8 2 16 10 1 15 
student 488: 8 16 10 14 13 11 9 18 5 1 7 15 4 12 20 2 17 6 3 19 
student 489: 9 16 8 10 15 12 11 13 5 2 3 14 4 18 17 6 19 1 7 20 
student 490: 5 19 12 20 7 14 13 15 6 1 3 10 2 16 8 4 18 11 9 17 
student 491: 7 18 9 8 20 11 13 14 5 6 16 10 3 15 12 1 17 4 2 19 
student 492: 1 10 9 14 7 8 20 12 11 2 6 19 5 18 13 3 15 16 4 17 
student 493: 1 15 12 18 3 7 8 20 5 10 6 13 11 17 16 4 14 9 2 19 
student 494: 7 17 11 14 18 12 15 4 16 3 1 8 5 9 19 6 13 10 2 20 
student 495: 5 19 8 16 17 12 18 10 1 6 7 9 2 13 15 4 14 11 3 20 
student 496: 6 12 16 14 8 10 18 17 2 5 7 11 3 19 20 1 15 9 4 13 
student 497: 6 16 1 20 11 12 14 10 3 4 8 13 2 18 15 5 19 9 7 17 
student 498: 3 14 1 20 18 16 17 8 9 4 10 13 7 12 5 2 11 6 15 19 
student 499: 5 15 11 16 6 12 13 17 3 2 7 10 8 18 14 4 20 9 1 19 
student 500: 7 17 14 12 13 4 11 15 3 9 1 16 2 18 20 6 10 5 8 19 
student 501: 4 12 6 17 3 13 16 15 9 1 14 11 7 19 10 8 2 18 5 20 
student 502: 4 15 12 14 9 13 11 18 3 6 7 10 5 20 8 1 16 2 17 19 
student 503: 3 17 8 15 11 5 6 18 4 7 9 10 14 20 16 1 19 2 13 12 
student 504: 6 13 4 9 7 8 17 19 2 3 18 20 16 12 14 1 11 10 5 15 
student 505: 14 17 4 11 13 8 20 15 3 1 7 5 9 19 16 12 6 10 2 18 
student 506: 3 15 18 8 10 12 5 17 11 4 1 16 2 14 13 7 20 9 6 19 
student 507: 5 19 2 11 8 6 9 18 13 14 1 12 20 15 7 4 17 3 10 16 
student 508: 1 13 11 8 14 15 17 18 9 7 10 20 3 16 12 4 5 2 6 19 
student 509: 3 20 17 19 7 14 15 16 2 5 6 10 1 9 12 4 18 13 8 11 
student 510: 1 14 9 7 10 18 12 20 11 2 5 13 8 17 16 3 4 15 6 19 
student 511: 3 20 16 12 10 2 15 6 11 7 9 13 5 19 8 1 18 14 4 17 
student 512: 1 14 9 17 5 16 11 15 6 4 8 12 10 19 7 3 18 13 2 20 
student 513: 8 17 7 16 10 12 14 13 3 11 18 15 4 20 6 1 9 5 2 19 
student 514: 9 14 2 15 7 19 16 17 1 3 8 11 4 18 10 6 12 13 5 20 
student 515: 2 17 12 8 13 18 14 19 6 5 16 10 3 15 9 1 11 7 4 20 
student 516: 5 18 12 16 14 2 11 15 9 4 8 7 10 20 6 1 19 13 3 17 
student 517: 4 20 12 16 9 13 11 19 7 2 6 10 3 14 18 1 17 8 5 15 
student 518: 1 16 7 17 12 3 18 13 14 5 20 11 4 19 6 9 15 10 2 8 
student 519: 3 14 9 15 18 2 13 17 5 1 6 11 4 20 12 8 19 10 7 16 
student 520: 2 19 11 6 14 10 4 15 7 3 13 18 9 20 16 1 17 8 5 12 
student 521: 10 16 2 7 9 14 3 18 8 4 11 13 6 20 15 1 17 12 5 19 
student 522: 4 19 1 15 6 14 7 10 12 9 3 16 8 13 18 2 20 5 11 17 
student 523: 9 15 12 17 1 13 14 16 8 3 10 7 2 19 11 5 20 4 6 18 
student 524: 6 11 18 8 13 7 12 16 3 5 2 10 17 20 9 15 14 4 1 19 
student 525: 2 19 7 20 17 9 12 16 1 3 6 15 10 14 11 8 13 4 5 18 
student 526: 1 14 10 18 7 16 9 13 8 2 11 12 6 20 17 3 15 4 5 19 
student 527: 2 14 10 12 16 3 13 17 7 5 6 18 1 15 20 9 11 8 4 19 
student 528: 1 19 7 18 4 10 20 14 12 8 5 6 2 16 13 3 17 15 11 9 
student 529: 2 10 5 18 16 20 7 8 4 3 19 12 11 17 14 1 13 6 9 15 
student 530: 9 18 3 15 6 12 19 13 5 2 10 14 7 20 17 4 8 1 11 16 
student 531: 4 15 10 19 5 9 20 13 2 6 18 8 12 14 11 1 16 3 7 17 
student 532: 8 17 2 15 16 14 19 7 12 9 5 4 1 20 6 3 11 13 10 18 
student 533: 6 19 3 17 5 11 13 16 1 2 8 12 9 15 18 7 14 10 4 20 
student 534: 4 17 3 15 7 16 11 18 14 1 12 13 2 20 8 9 19 5 6 10 
student 535: 3 19 10 12 4 7 14 16 6 2 5 15 9 20 11 1 13 18 8 17 
student 536: 3 20 9 10 12 11 13 14 6 5 2 17 8 18 15 4 16 7 1 19 
student 537: 2 15 10 19 16 9 14 12 3 11 6 18 13 17 5 4 8 7 1 20 
student 538: 11 18 10 19 6 5 13 16 4 1 12 14 3 20 9 8 15 7 2 17 
student 539: 3 20 10 5 9 19 15 12 7 1 4 11 16 14 13 2 17 6 8 18 
student 540: 8 18 2 13 5 4 15 20 7 6 9 14 10 16 12 1 17 11 3 19 
student 541: 4 15 10 14 9 17 11 16 12 5 2 20 1 18 7 3 13 6 8 19 
student 542: 5 10 12 17 13 14 19 18 4 8 9 16 1 15 3 6 7 11 2 20 
student 543: 1 8 5 10 16 6 19 15 14 11 12 17 4 18 13 2 7 3 9 20 
student 544: 8 12 5 19 2 16 7 14 3 4 9 13 11 15 6 1 17 20 10 18 
student 545: 3 16 17 14 13 20 15 11 4 5 10 7 2 18 8 1 12 6 9 19 
student 546: 4 16 10 18 6 11 8 13 1 2 15 12 9 19 14 3 17 5 7 20 
student 547: 3 19 11 18 1 4 6 10 2 9 20 15 5 14 13 8 16 7 12 17 
student 548: 3 13 7 16 8 14 2 17 18 4 5 15 9 19 12 6 11 10 1 20 
student 549: 5 12 4 20 10 7 8 17 14 15 3 9 1 16 13 2 18 11 6 19 
student 550: 7 10 3 15 13 11 18 19 5 2 6 17 12 20 9 1 8 14 4 16 
student 551: 6 19 16 18 8 3 7 14 5 1 2 13 12 17 20 10 11 9 4 15 
student 552: 2 18 3 11 7 6 15 14 13 1 8 12 5 19 16 4 20 10 9 17 
student 553: 1 15 16 20 8 11 12 18 7 3 10 17 6 9 13 2 4 14 5 19 
student 554: 2 10 15 17 7 5 12 9 16 1 6 14 13 20 19 3 8 11 4 18 
student 555: 3 19 11 20 10 5 12 17 4 1 7 16 2 18 13 6 14 9 8 15 
student 556: 10 19 8 16 5 6 12 14 4 3 9 11 1 17 15 7 13 18 2 20 
student 557: 7 20 15 16 14 9 19 6 11 1 3 18 5 10 17 4 12 8 2 13 
student 558: 1 20 10 19 13 15 12 16 7 2 9 6 8 18 11 4 14 3 5 17 
student 559: 2 17 9 15 16 5 14 18 3 7 8 10 6 19 12 1 13 11 4 20 
student 560: 2 19 9 17 7 14 11 12 10 3 16 8 5 18 13 1 15 4 6 20 
student 561: 1 17 7 19 2 15 12 16 14 3 10 9 13 20 11 4 8 6 5 18 
student 562: 3 10 7 18 8 12 17 19 11 6 5 13 1 16 9 2 20 4 14 15 
student 563: 12 16 8 13 11 4 19 17 5 1 6 7 9 20 10 2 15 18 3 14 
student 564: 1 18 5 15 11 13 8 20 2 6 10 17 7 16 9 3 4 12 14 19 
student 565: 8 10 6 18 12 7 20 14 4 3 11 15 9 16 13 5 17 1 2 19 
student 566: 2 17 6 14 4 11 18 15 10 9 13 16 8 20 12 3 7 5 1 19 
student 567: 5 17 9 16 8 10 13 19 11 3 6 15 4 20 14 1 12 7 2 18 
student 568: 2 7 10 16 13 20 15 11 8 1 9 12 5 19 17 4 6 14 3 18 
student 569: 9 12 8 20 1 19 10 17 2 18 6 13 7 16 4 5 15 14 3 11 
student 570: 4 12 8 20 5 14 18 11 9 7 16 6 13 19 15 3 10 1 2 17 
student 571: 2 15 9 17 11 13 12 19 4 6 20 10 1 14 8 3 16 7 5 18 
student 572: 2 14 3 19 7 13 12 17 9 1 10 11 5 20 15 4 16 6 8 18 
student 573: 6 10 11 17 3 9 14 20 5 4 1 16 8 19 18 7 12 15 2 13 
student 574: 3 15 9 16 10 20 6 12 7 4 1 13 18 19 11 2 14 8 5 17 
student 575: 2 20 1 12 14 9 10 18 8 6 4 11 13 16 17 5 15 3 7 19 
student 576: 6 5 12 4 3 7 13 18 14 9 8 17 11 16 15 1 19 2 10 20 
student 577: 1 19 4 10 8 14 15 18 7 2 3 17 5 20 13 12 16 9 6 11 
student 578: 3 15 9 16 6 12 14 17 2 1 11 10 7 18 19 4 8 13 5 20 
student 579: 6 17 4 13 18 7 16 9 11 2 8 10 3 14 19 1 20 12 5 15 
student 580: 3 17 7 16 9 12 13 14 11 4 6 20 8 18 19 1 15 5 2 10 
student 581: 20 18 9 12 11 10 8 15 7 3 6 13 1 16 14 5 19 4 2 17 
student 582: 1 14 9 20 10 17 5 12 8 2 7 11 6 16 18 3 19 15 4 13 
student 583: 5 14 9 20 11 12 13 15 3 2 10 6 4 16 18 1 17 8 7 19 
student 584: 1 15 11 20 14 2 8 16 10 6 9 7 5 19 13 3 12 17 4 18 
student 585: 8 16 7 18 12 1 14 11 5 15 4 13 2 19 10 6 17 9 3 20 
student 586: 2 20 19 10 1 17 16 18 11 13 5 7 8 15 14 3 4 6 9 12 
student 587: 1 18 12 15 9 16 10 14 8 3 6 11 7 19 13 4 17 5 2 20 
student 588: 2 16 9 18 19 12 13 17 1 4 8 14 6 11 10 3 15 7 5 20 
student 589: 2 18 8 14 9 15 12 19 10 4 7 11 3 20 6 1 16 13 5 17 
student 590: 2 18 4 15 7 20 5 17 3 1 8 11 6 16 13 12 14 10 9 19 
student 591: 2 13 12 17 10 15 16 4 11 1 19 5 3 18 20 7 14 8 6 9 
student 592: 2 18 11 17 15 9 20 14 6 5 13 7 3 10 12 1 16 8 4 19 
student 593: 1 18 6 17 8 9 19 13 7 11 15 14 2 20 10 3 12 5 4 16 
student 594: 3 19 7 15 9 13 14 17 1 5 6 8 11 20 18 2 12 4 10 16 
student 595: 5 16 8 15 11 19 6 14 2 4 9 12 10 17 20 7 13 1 3 18 
student 596: 10 18 8 13 15 11 17 9 4 2 3 14 6 19 16 12 7 5 1 20 
student 597: 2 18 6 19 14 9 12 16 7 5 8 10 3 13 17 1 15 4 11 20 
student 598: 1 14 6 11 7 12 10 18 5 2 15 9 13 17 16 8 20 4 3 19 
student 599: 1 17 11 20 2 16 15 18 9 5 10 12 3 19 13 6 14 8 4 7 
student 600: 5 19 2 16 13 10 6 15 1 7 11 9 8 17 18 4 14 12 3 20 
student 601: 3 16 6 18 7 11 20 14 5 4 10 8 13 17 12 1 15 9 2 19 
student 602: 3 17 7 8 11 12 14 15 9 5 2 20 6 18 16 4 10 13 1 19 
student 603: 6 18 7 3 1 16 13 20 5 2 10 9 11 15 19 8 14 12 4 17 
student 604: 4 20 13 19 10 5 12 15 8 9 16 6 11 17 18 1 14 2 3 7 
student 605: 3 17 6 13 12 16 10 18 9 2 4 14 5 19 11 1 15 8 7 20 
student 606: 1 20 10 17 8 6 13 12 15 5 7 11 3 19 14 4 16 9 2 18 
student 607: 2 19 9 16 5 4 15 18 14 10 7 12 11 6 17 8 13 1 3 20 
student 608: 3 19 17 11 10 14 8 20 9 1 5 6 4 18 16 2 13 15 7 12 
student 609: 1 5 10 18 8 14 16 17 3 7 6 13 2 20 11 4 15 12 9 19 
student 610: 1 16 12 20 17 7 14 15 8 3 2 5 4 18 13 9 11 10 6 19 
student 611: 11 18 9 16 2 8 15 17 10 3 1 13 7 14 6 5 19 12 4 20 
student 612: 4 18 12 16 11 13 14 10 2 3 9 7 6 19 20 1 17 8 5 15 
student 613: 4 16 3 19 6 14 10 17 15 9 5 13 2 11 12 1 18 7 8 20 
student 614: 1 19 9 18 14 10 15 16 6 13 7 12 2 8 11 3 17 5 4 20 
student 615: 2 11 9 17 6 20 13 15 1 3 10 8 4 19 14 5 7 16 12 18 
student 616: 1 14 5 20 16 18 13 19 9 8 10 7 4 12 17 3 11 6 2 15 
student 617: 4 15 13 14 8 11 12 20 10 9 7 6 2 16 19 3 17 5 1 18 
student 618: 6 18 9 13 12 8 15 17 1 2 10 14 4 20 7 3 16 5 11 19 
student 619: 3 17 6 13 14 7 18 11 2 5 4 8 12 16 9 19 20 10 1 15 
student 620: 1 17 7 18 6 12 10 15 8 2 5 14 9 19 13 3 20 11 4 16 
student 621: 6 18 15 19 12 9 13 11 8 3 7 14 1 20 17 4 10 2 5 16 
student 622: 8 16 3 11 10 12 13 20 1 7 15 14 2 18 9 6 17 4 5 19 
student 623: 1 20 11 17 8 2 9 18 16 13 7 10 14 15 4 5 12 3 6 19 
student 624: 10 13 5 14 7 12 18 20 1 2 6 15 3 19 11 8 16 9 4 17 
student 625: 1 20 15 18 10 5 12 11 2 7 3 19 6 17 13 8 14 4 9 16 
student 626: 5 17 14 20 16 18 12 8 15 3 11 13 2 10 4 1 6 9 7 19 
student 627: 1 20 16 18 19 5 12 17 4 2 9 10 8 11 14 6 7 15 3 13 
student 628: 10 16 3 15 5 11 12 17 4 2 14 9 6 20 19 1 8 7 18 13 
student 629: 1 12 9 17 8 13 15 19 4 14 2 11 3 5 20 7 16 6 10 18 
student 630: 5 14 19 16 17 9 7 11 13 3 12 6 8 18 10 1 15 2 4 20 
student 631: 2 17 9 8 5 11 16 19 7 6 14 13 3 20 12 1 15 10 4 18 
student 632: 3 17 5 15 10 8 19 16 7 4 14 9 6 18 12 1 13 11 2 20 
student 633: 7 17 3 18 5 2 12 16 1 6 9 10 19 14 15 4 13 8 11 20 
student 634: 5 19 9 13 10 4 18 17 6 1 3 11 8 20 14 2 16 15 7 12 
student 635: 1 19 15 17 8 7 9 11 4 2 6 14 5 13 16 3 20 10 12 18 
student 636: 4 15 6 14 3 16 9 19 5 8 2 10 13 18 17 1 12 7 11 20 
student 637: 7 19 5 10 13 14 2 16 11 8 6 18 1 15 12 3 17 9 4 20 
student 638: 4 12 20 13 5 10 17 8 16 2 6 9 11 14 19 7 15 1 3 18 
student 639: 10 18 14 12 16 5 9 7 6 4 11 15 2 19 17 8 13 3 1 20 
student 640: 5 20 12 13 14 16 15 10 6 1 3 2 11 19 9 7 17 4 8 18 
student 641: 7 10 17 12 14 3 16 18 8 2 11 20 4 13 15 6 9 5 1 19 
student 642: 19 17 5 1 8 6 13 14 20 9 7 11 4 18 16 2 12 10 3 15 
student 643: 8 17 9 16 13 12 18 19 10 3 6 5 11 14 1 2 15 7 4 20 
student 644: 3 18 16 19 6 15 17 14 11 4 7 9 2 10 13 8 12 1 5 20 
student 645: 1 7 11 19 15 16 20 12 5 6 9 18 3 14 2 4 13 10 8 17 
student 646: 1 19 7 15 8 10 16 12 3 5 11 14 6 18 17 2 9 13 4 20 
student 647: 3 17 1 14 10 15 12 20 4 7 6 8 16 19 11 5 13 9 2 18 
student 648: 13 17 11 9 14 12 8 16 5 1 15 7 2 18 10 6 19 3 4 20 
student 649: 1 20 15 17 19 7 10 18 9 4 5 13 6 11 16 2 12 3 8 14 
student 650: 2 19 17 16 8 10 13 3 6 7 11 12 14 15 5 1 9 18 4 20 
student 651: 2 19 8 20 1 5 7 15 9 10 14 11 4 17 13 6 18 12 3 16 
student 652: 10 11 8 15 9 7 12 13 6 19 4 14 5 17 18 2 16 1 3 20 
student 653: 2 18 12 19 7 13 10 9 16 1 5 11 6 14 17 4 15 3 8 20 
student 654: 4 16 7 13 11 18 10 8 15 2 9 17 6 19 14 3 12 5 1 20 
student 655: 3 16 2 17 13 9 15 20 4 6 5 14 10 19 7 1 11 12 8 18 
student 656: 6 18 11 13 8 14 19 16 1 3 9 4 7 20 12 2 15 10 5 17 
student 657: 1 13 14 12 8 11 15 9 17 3 6 16 10 4 19 2 18 7 5 20 
student 658: 1 17 10 16 9 11 15 19 2 3 5 6 8 18 13 4 14 7 12 20 
student 659: 10 15 6 16 4 8 19 12 2 1 9 14 5 20 17 3 13 11 7 18 
student 660: 3 13 8 16 12 17 9 19 7 4 5 15 6 14 10 1 18 11 2 20 
student 661: 1 18 6 15 7 9 8 14 17 4 11 13 5 16 10 3 19 12 2 20 
student 662: 2 19 7 20 11 9 15 17 8 5 1 10 12 16 14 3 13 6 4 18 
student 663: 2 17 8 19 11 14 16 4 7 1 9 10 18 20 15 3 13 5 6 12 
student 664: 2 20 17 15 13 8 18 16 6 3 9 11 4 19 12 1 10 7 5 14 
student 665: 1 14 11 17 15 6 13 16 10 4 20 12 8 18 9 3 7 2 5 19 
student 666: 7 18 8 14 13 5 20 3 9 2 6 15 4 19 17 1 10 12 11 16 
student 667: 2 20 11 14 8 6 15 19 7 16 12 13 3 18 10 1 5 9 4 17 
student 668: 7 20 10 16 8 12 17 15 5 1 19 9 2 18 11 3 13 4 6 14 
student 669: 7 19 14 12 9 15 18 16 13 3 11 5 6 17 8 2 10 1 4 20 
student 670: 3 15 16 13 8 2 12 9 7 6 10 17 4 20 19 1 14 11 5 18 
student 671: 2 16 6 20 15 19 8 11 10 3 14 7 12 1 18 5 13 9 4 17 
student 672: 4 15 9 6 12 13 18 2 10 5 3 14 11 16 17 1 20 8 7 19 
student 673: 5 17 10 20 16 12 11 14 9 7 18 15 4 13 1 2 8 3 6 19 
student 674: 6 2 12 18 1 5 14 19 3 9 7 15 10 20 17 8 16 13 4 11 
student 675: 2 16 19 20 13 11 12 18 5 3 6 4 9 17 15 1 14 8 7 10 
student 676: 1 15 9 14 17 18 10 16 6 3 4 11 5 19 13 2 12 7 8 20 
student 677: 6 16 5 17 8 9 15 10 4 14 12 11 1 13 19 2 18 7 3 20 
student 678: 1 20 10 19 12 7 18 9 8 3 5 11 6 14 15 4 17 13 2 16 
student 679: 1 9 15 18 5 13 14 2 12 3 8 6 4 11 17 7 19 16 10 20 
student 680: 1 18 7 20 4 9 14 15 13 5 2 8 10 19 11 3 16 12 6 17 
student 681: 4 18 15 10 2 5 17 19 6 9 7 13 3 14 8 1 16 12 11 20 
student 682: 2 15 8 19 10 7 13 14 5 1 11 17 9 18 12 4 16 3 6 20 
student 683: 2 6 16 17 9 13 15 20 7 12 8 14 4 5 10 1 19 11 3 18 
student 684: 1 7 17 18 14 10 8 12 6 3 2 16 5 19 15 11 9 13 4 20 
student 685: 1 20 11 10 12 18 17 15 5 9 6 7 8 16 13 3 14 4 2 19 
student 686: 2 18 11 7 20 16 12 15 5 3 9 14 4 17 10 8 1 13 6 19 
student 687: 4 18 19 17 10 9 14 11 16 3 5 8 1 20 12 2 13 6 7 15 
student 688: 10 13 18 11 7 6 20 16 2 8 3 9 1 15 14 4 17 5 12 19 
student 689: 4 20 10 11 12 14 9 13 3 5 7 16 6 15 19 1 18 8 2 17 
student 690: 2 18 10 6 17 4 14 15 11 3 7 12 8 20 13 1 16 9 5 19 
student 691: 1 13 18 12 3 11 19 14 6 4 9 8 10 16 20 2 15 5 7 17 
student 692: 5 15 12 20 11 10 9 13 6 8 3 16 14 7 17 1 19 2 4 18 
student 693: 5 20 10 16 13 17 8 12 3 2 7 14 6 19 18 1 11 9 4 15 
student 694: 5 10 6 20 1 9 13 15 7 2 11 16 8 17 19 3 14 12 4 18 
student 695: 4 12 10 17 1 13 15 18 5 6 9 11 8 20 16 2 14 7 3 19 
student 696: 1 20 12 19 6 10 16 14 13 2 9 15 8 17 11 3 5 4 7 18 
student 697: 1 15 9 17 19 14 18 12 6 5 11 10 7 20 2 3 13 8 4 16 
student 698: 3 17 7 14 16 13 15 18 9 10 1 8 2 20 12 4 11 5 6 19 
student 699: 3 16 2 19 14 15 12 13 7 1 11 8 6 9 17 4 18 10 5 20 
student 700: 2 19 9 15 17 5 11 14 7 1 10 13 4 20 16 3 12 8 6 18 
student 701: 7 15 13 20 17 19 6 12 5 8 1 10 3 14 16 4 11 9 2 18 
student 702: 2 19 1 12 10 3 16 14 5 8 7 6 9 20 11 4 18 17 15 13 
student 703: 1 5 4 18 7 9 14 12 10 2 19 13 6 17 16 11 15 8 3 20 
student 704: 3 18 7 17 14 2 8 19 5 6 11 12 9 16 15 1 13 10 4 20 
student 705: 5 14 7 16 4 10 6 13 17 1 11 18 9 20 15 19 8 2 3 12 
student 706: 6 17 1 16 13 10 9 19 5 4 11 15 8 18 14 3 12 7 2 20 
student 707: 9 19 11 18 10 16 13 15 3 1 5 8 6 20 14 2 17 12 4 7 
student 708: 5 19 13 17 3 16 11 20 2 8 10 6 9 18 12 4 14 7 1 15 
student 709: 2 15 10 18 7 8 9 13 6 5 3 14 11 12 19 1 17 16 4 20 
student 710: 8 18 9 16 15 10 12 13 5 7 2 11 4 14 19 1 17 6 3 20 
student 711: 1 16 6 11 17 18 14 15 4 10 5 7 9 20 8 2 12 13 3 19 
student 712: 8 19 1 15 10 11 18 9 4 6 3 14 7 20 12 2 16 17 5 13 
student 713: 4 16 11 20 10 12 15 17 7 3 5 8 6 18 13 1 9 14 2 19 
student 714: 7 8 9 14 20 4 6 13 12 11 5 18 3 17 10 1 19 15 2 16 
student 715: 7 16 9 15 11 12 18 13 3 1 4 6 2 20 14 5 17 10 8 19 
student 716: 8 17 10 19 4 6 15 13 18 1 2 7 14 16 11 3 5 12 9 20 
student 717: 16 13 11 12 2 8 18 20 10 6 15 3 5 19 9 1 14 7 4 17 
student 718: 1 18 16 14 6 13 9 15 4 2 7 17 5 20 12 3 11 10 8 19 
student 719: 13 19 14 15 6 10 11 12 4 3 8 7 1 20 18 2 17 5 9 16 
student 720: 3 12 5 18 15 14 11 16 10 4 7 6 9 19 13 1 17 8 2 20 
student 721: 3 17 11 5 16 13 10 15 7 6 4 18 8 19 12 1 9 14 2 20 
student 722: 1 19 15 12 8 10 14 3 7 6 9 18 4 13 16 5 17 2 11 20 
student 723: 3 15 13 20 12 16 11 19 5 6 10 7 1 17 9 2 14 8 4 18 
student 724: 7 16 3 11 14 13 18 6 10 4 12 17 1 19 5 9 15 8 2 20 
student 725: 4 17 7 15 12 10 16 13 14 5 8 11 6 20 1 3 18 2 9 19 
student 726: 19 15 3 11 10 12 5 17 7 1 4 13 2 18 8 6 14 9 16 20 
student 727: 8 19 13 17 12 7 11 15 5 6 9 4 3 20 16 1 14 10 2 18 
student 728: 13 18 10 19 4 8 15 17 11 1 5 14 3 20 9 6 16 7 2 12 
student 729: 6 20 5 19 14 13 15 11 4 2 7 8 9 12 10 1 17 16 3 18 
student 730: 1 14 6 15 11 10 16 17 5 2 9 12 4 13 19 7 20 8 3 18 
student 731: 3 8 11 15 12 7 13 20 16 1 10 9 5 19 17 2 14 4 6 18 
student 732: 1 18 7 20 17 12 14 11 3 5 4 8 13 16 10 2 15 6 9 19 
student 733: 3 19 5 17 12 10 11 6 4 2 14 9 8 16 18 7 15 13 1 20 
student 734: 9 14 5 20 17 1 13 15 12 3 11 8 10 18 7 6 16 4 2 19 
student 735: 2 19 8 20 9 7 16 15 10 3 13 6 5 18 11 1 17 4 12 14 
student 736: 9 15 10 6 17 12 8 19 5 7 1 13 4 16 14 2 20 11 3 18 
student 737: 9 18 15 14 7 8 11 16 4 5 6 17 2 19 13 1 12 3 10 20 
student 738: 6 14 8 18 17 10 11 16 7 3 9 2 5 19 13 4 15 12 1 20 
student 739: 7 16 13 19 6 10 11 15 2 9 4 17 8 18 12 5 14 3 1 20 
student 740: 5 7 6 17 10 16 18 13 8 14 3 1 12 15 9 4 19 11 2 20 
student 741: 3 20 16 11 13 4 10 17 2 6 7 9 1 18 19 5 12 14 8 15 
student 742: 13 18 9 19 2 15 10 11 12 6 14 1 7 17 4 3 20 5 8 16 
student 743: 2 18 15 17 11 10 13 16 7 4 3 6 8 20 14 1 12 9 5 19 
student 744: 2 19 16 18 11 7 20 6 9 5 4 14 3 17 13 1 12 10 8 15 
student 745: 4 18 5 15 9 12 13 20 1 8 10 14 6 19 7 2 16 11 3 17 
student 746: 4 19 6 12 9 11 13 14 1 3 7 15 5 16 20 2 18 10 8 17 
student 747: 4 13 19 11 3 10 14 15 6 2 9 16 5 17 12 1 18 8 7 20 
student 748: 5 14 4 19 6 13 10 8 1 11 18 9 12 17 16 2 15 3 7 20 
student 749: 4 17 15 16 12 13 8 10 6 1 11 20 7 18 14 2 9 5 3 19 
student 750: 4 17 16 20 5 7 10 14 11 2 12 15 9 18 19 1 6 8 3 13 
student 751: 3 16 15 13 4 11 19 18 7 2 1 9 5 20 14 6 8 10 12 17 
student 752: 2 20 7 11 12 10 19 14 1 8 9 13 4 17 15 3 16 6 5 18 
student 753: 2 20 10 18 9 17 15 12 7 6 3 8 5 16 11 1 13 14 4 19 
student 754: 1 20 12 18 8 13 15 11 6 5 4 10 2 17 16 3 19 7 9 14 
student 755: 1 9 14 15 3 11 12 19 8 2 5 13 4 17 16 7 18 6 10 20 
student 756: 1 18 10 17 7 12 11 15 9 6 20 13 2 16 14 4 5 3 8 19 
student 757: 8 17 2 12 15 3 19 16 6 7 10 13 1 14 18 4 11 9 5 20 
student 758: 1 19 15 10 9 14 12 13 3 2 5 11 8 20 16 4 17 7 6 18 
student 759: 6 17 5 15 13 14 12 20 1 2 4 3 11 19 10 8 16 9 7 18 
student 760: 5 8 7 14 10 13 18 17 12 3 1 15 6 16 9 2 20 11 4 19 
student 761: 4 18 7 17 12 10 13 16 5 8 9 15 3 20 11 1 14 6 2 19 
student 762: 2 15 4 19 8 12 17 16 9 7 11 10 5 18 14 3 13 1 6 20 
student 763: 3 18 13 19 10 16 12 11 6 1 7 15 8 14 2 9 17 5 4 20 
student 764: 3 17 14 18 13 15 9 10 2 4 6 16 8 20 11 1 12 7 5 19 
student 765: 2 20 7 15 4 12 13 19 5 6 1 11 8 16 17 9 14 10 3 18 
student 766: 5 20 4 17 15 7 10 11 2 1 16 19 9 18 13 8 12 3 6 14 
student 767: 2 11 13 15 8 12 10 18 7 1 9 16 6 17 20 3 14 4 5 19 
student 768: 7 13 4 11 16 15 18 14 9 6 10 19 2 12 17 3 5 1 8 20 
student 769: 5 11 13 18 15 12 19 14 8 2 4 6 7 17 16 1 9 3 20 10 
student 770: 2 18 13 14 15 12 6 10 8 4 17 7 3 11 16 1 9 5 20 19 
student 771: 2 17 6 18 12 11 8 16 9 1 7 10 5 20 15 14 13 4 3 19 
student 772: 3 18 12 5 2 15 14 19 8 20 9 13 4 11 16 1 7 10 6 17 
student 773: 13 19 16 12 14 11 8 15 6 1 10 17 4 9 18 2 5 7 3 20 
student 774: 3 13 11 15 16 18 9 19 7 6 14 20 4 12 10 2 8 5 1 17 
student 775: 2 8 3 13 6 15 11 19 17 4 9 10 1 20 12 7 16 14 5 18 
student 776: 10 16 14 12 3 6 19 15 4 1 7 11 9 18 20 2 8 13 5 17 
student 777: 3 16 14 5 7 10 20 15 9 8 2 4 13 12 18 11 6 19 1 17 
student 778: 20 11 14 17 7 12 15 1 9 3 13 8 2 16 10 4 19 6 5 18 
student 779: 4 15 12 18 16 17 11 10 7 2 8 5 9 13 14 1 20 6 3 19 
student 780: 2 20 10 11 6 9 14 18 5 7 4 19 15 17 13 3 8 12 1 16 
student 781: 1 10 11 20 8 15 12 16 6 5 2 13 3 14 18 9 19 7 4 17 
student 782: 1 7 12 20 6 5 10 13 4 17 11 19 9 18 16 2 14 15 3 8 
student 783: 1 16 5 18 7 13 14 20 2 9 4 10 8 15 11 3 17 6 12 19 
student 784: 2 15 20 13 9 11 10 16 4 8 6 1 7 19 12 5 17 14 3 18 
student 785: 11 15 3 12 16 9 5 19 6 1 13 18 8 20 10 4 14 7 2 17 
student 786: 8 15 7 20 6 11 13 19 2 1 5 16 4 9 10 3 18 12 14 17 
student 787: 8 14 12 11 4 9 13 15 7 1 2 17 19 18 10 6 16 3 5 20 
student 788: 1 18 4 20 19 12 10 14 11 3 13 15 2 9 8 7 16 5 6 17 
student 789: 3 8 17 20 12 15 18 19 11 4 5 13 6 7 14 1 16 10 2 9 
student 790: 4 13 7 18 19 12 11 15 1 9 3 8 10 16 14 5 20 6 2 17 
student 791: 1 20 11 18 12 13 15 14 4 2 7 8 6 19 17 9 16 5 3 10 
student 792: 2 13 5 19 10 9 12 17 3 1 4 11 8 16 15 7 20 18 6 14 
student 793: 3 18 8 17 10 9 15 13 7 1 12 14 5 19 16 2 11 6 4 20 
student 794: 5 16 7 18 17 11 15 13 2 1 3 6 10 20 14 9 12 8 4 19 
student 795: 4 20 14 7 1 8 12 10 6 15 9 19 3 17 16 11 13 2 5 18 
student 796: 10 20 17 15 18 11 12 13 4 5 1 16 3 14 9 2 19 8 6 7 
student 797: 4 15 9 17 7 6 18 12 1 3 13 10 20 16 8 2 14 11 5 19 
student 798: 2 12 11 20 13 14 16 9 8 5 7 15 4 18 10 1 17 6 3 19 
student 799: 5 19 6 16 13 15 10 9 7 4 3 11 8 20 18 1 14 12 2 17 
