student 0: 11 10 16 18 19 7 12 8 15 1 17 9 4 13 6 20 2 14 3 5 
student 1: 7 15 14 17 19 4 16 18 9 8 12 6 11 10 5 20 3 13 2 1 
student 2: 2 14 18 15 20 11 10 6 7 5 4 17 13 19 3 16 8 12 1 9 
student 3: 2 7 18 20 15 13 10 14 17 6 4 8 1 19 12 16 3 11 9 5 
student 4: 3 19 18 15 16 11 9 12 14 7 13 17 10 6 5 20 4 8 2 1 
student 5: 12 17 20 19 10 13 18 15 14 6 1 11 8 2 5 16 7 9 4 3 
student 6: 2 13 18 15 19 9 14 8 17 6 10 7 5 12 16 20 4 11 3 1 
student 7: 2 17 20 12 19 18 15 7 16 1 10 9 5 14 8 13 6 11 4 3 
student 8: 8 19 14 18 15 11 16 1 4 7 13 5 9 17 6 20 10 12 3 2 
student 9: 2 6 16 17 15 11 20 14 13 10 8 12 3 18 5 19 7 9 1 4 
student 10: 17 20 18 14 15 4 7 13 6 5 9 10 16 12 3 19 8 11 1 2 
student 11: 1 8 15 12 10 11 13 16 20 2 7 3 17 19 4 18 14 9 5 6 
student 12: 5 10 18 19 17 13 14 11 16 2 15 12 1 7 8 20 6 9 4 3 
student 13: 3 1 8 16 10 13 18 14 20 12 6 7 11 17 5 15 2 19 9 4 
student 14: 12 14 15 18 17 9 10 19 13 3 5 11 7 8 1 20 4 16 6 2 
student 15: 5 18 20 12 14 9 7 10 16 4 3 17 2 13 15 19 8 11 6 1 
student 16: 2 12 18 15 6 5 16 9 20 8 10 7 17 14 11 19 3 13 4 1 
student 17: 8 9 16 19 14 18 15 2 13 6 12 10 11 20 1 17 7 4 3 5 
student 18: 2 7 13 19 11 1 9 10 16 12 15 18 14 8 5 20 3 17 4 6 
student 19: 5 18 17 19 20 13 16 15 14 3 9 10 6 11 7 12 1 2 4 8 
student 20: 1 7 15 19 18 14 16 13 20 3 6 10 4 17 11 8 5 12 9 2 
student 21: 1 13 4 11 20 12 16 15 19 3 5 17 8 14 9 18 6 7 10 2 
student 22: 6 14 17 18 16 12 13 11 19 3 10 2 8 15 7 20 5 9 4 1 
student 23: 2 15 18 19 16 11 13 8 17 5 1 7 10 14 3 20 6 9 12 4 
student 24: 4 13 10 16 20 14 8 12 19 9 6 17 2 7 3 15 5 11 1 18 
student 25: 3 4 16 20 18 7 12 19 15 8 14 11 9 10 2 17 6 13 5 1 
student 26: 19 11 16 17 15 12 14 20 9 5 8 7 2 13 6 18 10 3 4 1 
student 27: 5 4 7 17 19 10 11 13 15 8 14 12 1 9 16 18 6 20 3 2 
student 28: 3 13 17 15 19 10 14 11 18 7 6 16 2 5 9 20 1 12 4 8 
student 29: 4 15 17 18 19 7 12 20 16 3 2 11 9 10 13 14 8 6 5 1 
student 30: 1 19 11 14 13 15 20 18 9 8 6 12 5 3 4 16 10 17 2 7 
student 31: 2 14 13 20 17 10 15 12 19 8 7 16 4 11 9 18 1 5 6 3 
student 32: 10 15 12 13 16 19 6 14 17 8 7 5 1 3 9 20 2 18 11 4 
student 33: 1 15 12 20 19 9 18 7 17 8 11 4 10 16 2 6 13 14 3 5 
student 34: 4 14 20 17 18 3 15 12 16 7 5 11 9 13 8 19 2 10 6 1 
student 35: 7 18 16 17 19 11 14 13 12 6 5 3 9 2 8 20 10 15 4 1 
student 36: 6 15 10 11 14 18 7 2 19 9 13 5 16 17 8 20 4 12 1 3 
student 37: 2 6 20 19 18 7 15 5 13 8 11 9 10 14 3 16 17 12 4 1 
student 38: 1 15 12 19 20 2 6 10 18 7 11 16 4 14 9 17 8 13 3 5 
student 39: 4 13 12 18 17 10 16 14 19 1 9 3 6 15 7 20 8 11 5 2 
student 40: 5 20 6 19 17 12 18 10 15 14 2 11 9 13 8 7 4 16 3 1 
student 41: 4 17 11 15 14 16 12 1 18 9 19 10 8 13 3 20 7 6 2 5 
student 42: 2 13 18 19 17 11 15 12 20 8 10 14 5 9 4 16 1 6 7 3 
student 43: 10 8 13 18 19 4 12 6 17 16 9 11 7 15 5 20 3 14 2 1 
student 44: 6 13 16 20 15 10 14 5 17 19 3 2 11 9 4 18 8 12 7 1 
student 45: 2 13 19 16 18 6 11 4 15 5 8 17 10 9 7 12 14 20 1 3 
student 46: 7 18 20 17 12 16 15 6 11 5 14 13 4 10 9 19 2 8 1 3 
student 47: 3 15 11 18 20 13 17 8 16 6 7 14 9 10 5 19 2 12 1 4 
student 48: 6 14 16 13 20 10 17 5 19 2 18 7 9 8 11 15 4 12 3 1 
student 49: 4 9 15 20 14 7 12 11 13 5 6 16 10 18 3 19 2 17 1 8 
student 50: 1 6 17 19 20 11 16 10 18 7 8 14 9 13 5 12 2 15 3 4 
student 51: 1 11 16 20 15 4 13 12 17 3 9 10 8 18 6 19 5 14 7 2 
student 52: 5 4 18 19 16 10 17 13 15 12 9 2 11 14 6 20 7 8 1 3 
student 53: 2 9 20 11 14 6 16 5 18 3 12 13 8 15 10 17 4 19 7 1 
student 54: 8 14 17 19 16 10 12 11 18 9 4 6 13 15 2 20 5 3 1 7 
student 55: 5 10 13 17 14 9 16 19 12 15 8 4 2 18 6 20 7 11 1 3 
student 56: 5 10 13 20 19 12 18 3 16 8 9 7 4 17 6 15 11 14 2 1 
student 57: 8 15 14 13 18 5 16 6 19 9 10 11 7 17 1 20 2 12 3 4 
student 58: 3 8 10 19 18 16 12 7 20 14 6 17 11 9 2 13 4 15 1 5 
student 59: 4 5 13 17 14 8 16 15 12 7 9 1 6 20 11 19 10 18 2 3 
student 60: 2 18 12 20 5 3 6 11 15 10 17 16 9 13 8 19 7 14 4 1 
student 61: 1 12 7 19 13 11 15 18 10 8 3 16 20 14 9 17 6 4 2 5 
student 62: 4 20 19 18 13 6 17 2 15 8 10 11 9 16 1 14 5 12 7 3 
student 63: 1 9 12 19 18 7 13 17 14 6 11 8 2 16 3 20 15 5 10 4 
student 64: 3 17 11 18 12 15 14 1 20 9 10 5 6 16 7 19 2 13 8 4 
student 65: 3 13 12 20 15 9 19 18 10 17 11 7 4 14 6 16 2 8 5 1 
student 66: 6 20 16 9 15 7 18 2 19 8 12 3 10 14 1 17 13 5 11 4 
student 67: 3 16 17 12 13 14 19 10 15 1 5 8 9 11 7 20 6 18 4 2 
student 68: 5 12 18 7 17 10 16 15 13 8 6 11 4 14 9 20 2 19 1 3 
student 69: 5 14 18 20 15 8 16 10 13 6 9 17 12 1 7 19 2 11 4 3 
student 70: 1 12 17 19 20 9 16 14 6 10 7 11 8 18 4 13 5 15 3 2 
student 71: 8 15 16 19 18 10 13 12 14 9 3 4 11 2 6 20 17 7 5 1 
student 72: 4 19 16 18 14 8 15 7 12 9 5 11 10 17 6 20 3 13 2 1 
student 73: 8 5 18 15 14 11 9 12 19 6 4 16 10 17 7 20 3 13 1 2 
student 74: 4 10 17 18 13 15 20 9 8 5 12 16 7 11 2 14 6 19 3 1 
student 75: 1 9 16 19 18 7 15 6 14 5 11 17 8 13 10 20 3 12 4 2 
student 76: 4 8 17 18 20 6 19 7 16 10 9 11 12 13 5 15 3 14 1 2 
student 77: 1 13 16 19 18 6 15 11 17 8 4 7 12 14 10 20 2 9 5 3 
student 78: 11 14 18 20 8 16 7 6 17 13 5 15 12 10 4 19 2 9 1 3 
student 79: 2 13 5 17 19 20 11 7 12 14 1 16 10 8 6 15 9 18 3 4 
student 80: 3 15 20 19 18 6 13 10 16 11 1 12 4 9 7 17 5 14 2 8 
student 81: 4 10 14 17 19 2 13 18 16 11 8 15 9 12 6 20 1 7 5 3 
student 82: 6 16 20 18 15 9 11 7 19 5 10 4 2 12 8 17 1 13 14 3 
student 83: 2 13 18 7 20 12 10 14 15 11 6 9 8 16 1 17 5 19 3 4 
student 84: 1 13 19 11 6 9 17 18 16 8 3 10 7 15 4 20 5 14 2 12 
student 85: 6 18 16 17 9 7 20 13 19 11 4 14 8 12 5 10 1 15 3 2 
student 86: 8 16 15 20 13 14 5 1 19 3 10 2 7 11 6 18 17 9 12 4 
student 87: 4 1 15 20 18 2 17 9 16 7 13 12 11 6 3 19 10 14 8 5 
student 88: 8 9 5 20 11 14 18 10 7 16 3 6 13 15 12 19 4 17 1 2 
student 89: 2 10 20 16 14 7 17 12 18 11 5 8 6 15 9 19 3 13 4 1 
student 90: 4 12 17 16 19 10 13 2 18 8 9 14 7 15 5 20 6 11 3 1 
student 91: 1 18 11 15 19 13 20 5 16 4 6 12 7 14 10 17 8 9 3 2 
student 92: 4 6 19 20 15 7 16 8 18 2 5 13 12 17 9 14 1 11 10 3 
student 93: 1 11 10 13 18 14 17 8 5 3 12 16 7 20 15 19 6 4 9 2 
student 94: 4 6 18 13 16 14 19 12 15 11 8 17 5 20 9 10 3 7 1 2 
student 95: 6 16 15 20 17 7 5 13 14 9 12 3 11 18 10 19 2 8 1 4 
student 96: 3 14 15 17 19 4 13 10 16 2 6 7 9 20 5 18 11 8 1 12 
student 97: 9 19 15 17 10 5 13 11 20 4 2 7 16 12 6 18 1 8 14 3 
student 98: 2 15 18 11 20 10 17 6 16 1 8 13 7 12 5 19 3 9 14 4 
student 99: 3 7 18 14 9 2 13 6 16 5 4 11 15 12 10 20 17 19 8 1 
student 100: 3 16 19 20 9 13 15 11 18 2 7 6 8 17 1 12 14 5 4 10 
student 101: 1 14 18 10 12 9 16 17 11 8 4 13 7 19 3 5 20 15 2 6 
student 102: 1 6 16 12 20 11 14 17 18 3 8 4 13 19 7 15 9 10 2 5 
student 103: 2 18 20 16 15 7 12 14 13 5 10 6 19 11 4 17 8 9 1 3 
student 104: 5 11 17 18 20 9 12 6 16 4 13 8 7 19 1 14 15 10 2 3 
student 105: 13 14 18 15 17 9 10 11 4 8 6 16 7 12 5 19 3 20 1 2 
student 106: 3 5 14 16 17 13 20 12 18 7 10 11 4 15 6 19 9 8 1 2 
student 107: 2 12 15 16 11 9 6 8 20 7 1 18 14 13 4 17 5 19 3 10 
student 108: 4 12 7 13 15 20 11 10 17 2 16 6 3 8 14 18 19 9 5 1 
student 109: 4 8 17 16 20 15 12 2 19 5 13 7 9 11 10 18 3 14 6 1 
student 110: 4 12 18 19 15 14 8 13 10 6 9 5 7 17 11 20 3 16 1 2 
student 111: 5 10 6 20 19 8 18 17 16 3 11 15 7 14 9 12 2 13 1 4 
student 112: 8 13 18 19 17 7 15 9 16 5 14 11 6 12 3 20 2 10 1 4 
student 113: 3 1 15 18 14 9 17 10 13 7 4 12 6 19 5 20 11 16 8 2 
student 114: 9 15 19 17 18 16 10 11 5 14 6 3 2 20 4 12 13 7 8 1 
student 115: 6 20 19 14 16 5 15 7 8 3 17 10 13 9 12 18 2 11 4 1 
student 116: 3 19 12 16 17 14 8 11 13 4 7 18 6 20 2 15 9 10 5 1 
student 117: 1 12 19 17 18 11 14 13 20 9 8 16 10 15 4 6 5 3 7 2 
student 118: 6 16 11 18 20 5 12 15 14 3 7 19 9 10 2 17 8 13 4 1 
student 119: 5 17 18 15 19 7 20 10 11 3 9 16 8 13 1 14 2 6 12 4 
student 120: 5 12 20 19 16 7 14 10 17 4 8 9 3 15 2 18 13 11 6 1 
student 121: 9 11 17 16 20 6 19 13 14 2 10 5 15 7 12 18 1 8 3 4 
student 122: 4 11 20 6 17 10 16 8 18 9 2 15 14 12 3 19 5 13 1 7 
student 123: 4 15 14 20 18 6 16 13 17 5 7 12 1 8 3 19 11 9 2 10 
student 124: 6 14 18 12 7 11 16 2 20 5 10 17 9 8 15 19 3 13 4 1 
student 125: 5 15 17 16 20 7 9 11 19 3 14 13 10 18 6 8 2 12 1 4 
student 126: 6 13 16 18 17 7 8 20 15 10 1 12 4 11 9 19 3 14 2 5 
student 127: 4 15 18 19 20 14 13 9 17 12 3 11 1 6 5 16 8 10 2 7 
student 128: 3 19 17 13 9 7 1 6 20 8 12 18 10 15 2 16 11 14 4 5 
student 129: 8 15 11 20 18 1 16 12 10 6 9 14 7 19 4 17 2 13 5 3 
student 130: 1 5 17 19 13 9 15 12 11 6 10 16 3 18 2 20 7 14 8 4 
student 131: 1 8 15 17 16 12 20 6 14 7 5 13 3 9 11 19 2 18 4 10 
student 132: 1 15 20 14 10 13 17 7 18 8 3 12 6 9 5 16 4 11 19 2 
student 133: 10 11 20 17 12 13 18 9 7 5 6 15 4 14 2 19 8 16 3 1 
student 134: 5 10 20 19 18 11 15 17 16 7 6 4 8 12 9 14 2 13 1 3 
student 135: 3 19 18 17 15 5 14 6 20 8 9 13 4 10 7 16 2 12 11 1 
student 136: 1 15 12 18 20 10 13 16 17 4 7 11 6 19 2 14 9 8 5 3 
student 137: 2 10 19 16 12 4 14 11 18 1 7 15 9 17 3 8 13 20 6 5 
student 138: 1 15 18 14 20 2 16 10 13 7 11 17 9 12 5 19 4 8 3 6 
student 139: 7 13 17 16 20 4 19 8 9 15 2 11 10 14 3 18 6 12 1 5 
student 140: 1 18 20 13 17 14 11 5 12 9 3 16 10 15 6 19 7 8 2 4 
student 141: 3 11 9 20 14 8 13 5 17 4 10 12 18 19 2 16 15 7 1 6 
student 142: 2 3 20 18 14 12 16 8 11 10 9 19 4 13 6 17 1 15 5 7 
student 143: 2 11 17 19 20 9 15 10 16 13 8 7 14 12 3 18 5 6 4 1 
student 144: 1 2 20 17 13 14 11 9 12 8 15 19 10 16 7 18 6 3 5 4 
student 145: 5 14 15 17 18 19 20 13 12 6 7 8 9 11 3 10 4 16 2 1 
student 146: 3 12 17 20 10 15 9 11 14 13 16 6 8 18 5 19 2 7 4 1 
student 147: 3 5 12 16 18 11 13 10 20 7 8 17 14 9 2 19 6 15 1 4 
student 148: 2 5 18 20 17 16 4 12 15 11 10 8 9 14 3 19 7 13 6 1 
student 149: 8 14 5 19 13 2 18 4 10 9 11 16 17 12 1 20 6 15 7 3 
student 150: 10 3 20 1 19 6 14 16 18 8 15 17 4 13 7 11 12 9 2 5 
student 151: 2 20 15 19 18 3 14 7 13 9 5 11 6 16 1 17 8 12 10 4 
student 152: 8 15 17 20 16 11 13 10 19 3 6 12 5 14 2 18 7 4 9 1 
student 153: 8 17 11 13 15 18 9 7 20 10 2 14 5 12 1 19 6 16 4 3 
student 154: 2 15 20 16 12 10 17 7 18 11 6 5 3 9 4 19 13 14 1 8 
student 155: 2 7 16 17 18 9 20 11 14 3 8 12 5 15 4 13 1 19 10 6 
student 156: 8 15 11 17 18 9 20 10 19 4 7 12 3 14 2 16 5 13 6 1 
student 157: 5 4 14 20 16 11 15 10 18 13 8 17 3 12 1 19 6 2 7 9 
student 158: 3 8 18 20 19 9 4 12 17 13 6 10 2 16 11 15 1 14 5 7 
student 159: 1 13 18 19 16 5 17 14 8 7 12 10 9 15 6 20 4 11 3 2 
student 160: 9 11 19 17 13 6 8 2 18 3 12 10 1 16 14 20 7 15 4 5 
student 161: 1 16 11 19 15 7 18 14 13 4 17 8 6 10 5 20 9 12 2 3 
student 162: 2 19 3 17 15 1 9 5 12 16 6 20 7 11 4 18 10 14 13 8 
student 163: 3 16 20 13 14 15 9 7 18 8 2 10 11 12 1 17 5 19 6 4 
student 164: 1 11 20 17 13 19 15 9 12 4 8 10 6 3 7 18 2 16 5 14 
student 165: 4 14 17 16 18 8 13 19 15 3 9 10 5 12 7 20 11 2 1 6 
student 166: 3 14 15 19 11 12 18 10 17 1 6 13 9 7 5 20 2 16 8 4 
student 167: 4 3 18 19 13 15 8 14 17 10 12 7 11 16 9 20 2 6 5 1 
student 168: 6 11 18 20 15 9 12 13 16 3 8 17 2 14 5 19 4 10 7 1 
student 169: 1 14 20 16 12 5 17 8 13 18 9 10 7 11 3 19 15 6 4 2 
student 170: 10 5 17 19 14 7 20 16 18 3 12 11 4 13 9 15 2 6 8 1 
student 171: 5 10 20 19 18 1 17 15 11 3 8 7 6 16 9 14 12 13 2 4 
student 172: 2 11 17 19 13 12 15 16 18 5 8 14 7 10 9 20 3 4 6 1 
student 173: 4 16 14 19 12 9 13 15 18 6 3 17 11 10 5 20 7 8 2 1 
student 174: 1 11 18 19 9 3 16 15 17 8 10 13 4 7 12 20 6 14 2 5 
student 175: 1 18 7 17 13 3 10 11 19 12 16 14 6 15 8 20 4 5 9 2 
student 176: 3 11 18 16 20 8 14 10 15 2 9 17 1 12 7 19 5 13 4 6 
student 177: 1 11 18 17 16 10 13 12 15 3 6 5 9 14 4 19 20 8 7 2 
student 178: 4 6 17 19 16 5 11 14 13 3 10 8 12 15 7 20 9 18 1 2 
student 179: 1 20 15 17 10 4 19 14 12 7 2 13 11 16 6 18 8 9 3 5 
student 180: 11 17 14 19 16 6 12 7 10 9 13 2 8 18 4 20 5 15 1 3 
student 181: 5 14 13 18 20 7 15 19 16 4 8 12 3 11 2 17 9 10 6 1 
student 182: 1 13 19 12 16 4 17 20 18 10 2 7 9 14 8 15 6 11 3 5 
student 183: 5 13 18 19 17 8 12 10 20 3 9 14 7 11 6 15 2 16 4 1 
student 184: 2 8 15 14 20 16 9 7 11 12 5 19 17 18 3 13 6 10 4 1 
student 185: 3 15 14 11 19 4 13 10 17 1 9 7 16 20 8 18 6 12 2 5 
student 186: 11 19 12 17 18 7 9 14 10 3 15 8 5 16 2 20 6 13 4 1 
student 187: 4 13 18 14 20 2 16 11 19 8 10 12 9 15 1 17 7 5 6 3 
student 188: 2 19 17 18 11 14 13 7 8 6 15 20 9 10 5 12 4 16 1 3 
student 189: 5 12 19 9 16 18 20 8 15 13 10 7 3 14 6 11 2 17 4 1 
student 190: 4 12 20 16 18 9 11 10 3 6 5 13 14 17 7 19 2 15 1 8 
student 191: 1 4 15 19 12 9 17 10 7 8 5 14 2 18 3 20 6 16 13 11 
student 192: 1 20 17 19 16 8 18 14 13 5 6 10 4 11 3 15 12 9 2 7 
student 193: 5 11 14 20 15 7 16 6 13 4 12 10 2 17 3 18 8 19 9 1 
student 194: 2 18 10 9 7 6 19 13 20 4 16 15 8 17 14 12 1 11 3 5 
student 195: 7 12 20 19 17 9 18 4 15 8 1 11 13 14 3 16 5 10 2 6 
student 196: 2 18 20 17 19 7 16 11 15 3 9 5 10 14 8 12 6 13 1 4 
student 197: 5 12 20 17 15 16 13 1 14 4 8 10 7 18 11 19 6 9 3 2 
student 198: 2 9 20 19 15 12 14 17 13 6 1 5 10 3 11 18 7 8 16 4 
student 199: 5 10 18 16 15 20 17 2 19 14 9 4 7 8 3 13 11 6 12 1 
student 200: 13 14 15 18 19 4 16 7 11 3 5 2 8 17 12 20 10 9 1 6 
student 201: 4 11 16 20 19 14 2 17 13 6 9 10 8 15 5 18 7 12 1 3 
student 202: 5 3 20 15 11 13 14 12 19 17 9 4 7 10 8 18 2 16 6 1 
student 203: 5 7 3 17 16 9 19 10 20 14 11 13 2 18 8 12 6 15 4 1 
student 204: 1 16 17 15 13 14 18 10 19 8 12 7 9 11 2 20 3 6 5 4 
student 205: 4 13 16 19 8 5 10 12 14 7 9 17 11 20 6 18 3 15 1 2 
student 206: 2 5 16 17 18 14 8 11 12 6 10 7 13 20 9 19 3 15 4 1 
student 207: 2 6 17 18 11 12 13 15 14 5 8 10 9 20 4 19 7 16 3 1 
student 208: 12 1 20 16 9 14 15 4 11 6 10 18 13 8 7 19 3 17 5 2 
student 209: 1 20 18 17 12 8 16 5 9 4 6 14 13 15 3 19 11 10 2 7 
student 210: 7 12 15 17 20 3 11 5 14 16 8 13 6 19 1 18 10 9 2 4 
student 211: 2 17 18 19 16 1 13 15 14 7 8 11 10 9 5 20 12 4 6 3 
student 212: 2 13 18 20 19 9 10 6 16 8 5 12 15 17 4 14 7 11 1 3 
student 213: 2 20 13 10 18 14 17 7 16 5 6 9 11 15 8 19 3 12 4 1 
student 214: 3 19 11 15 18 8 20 7 10 4 5 9 14 17 12 16 1 13 6 2 
student 215: 3 20 15 17 13 7 19 9 12 4 16 8 2 14 6 18 1 10 5 11 
student 216: 4 9 16 18 19 11 14 20 7 12 3 8 17 10 5 15 13 6 1 2 
student 217: 1 8 19 20 7 6 15 4 13 5 11 14 10 16 9 17 12 18 3 2 
student 218: 1 11 19 17 8 16 18 7 14 12 9 10 6 3 4 20 5 15 13 2 
student 219: 3 7 12 9 1 13 16 14 18 10 11 15 8 20 5 17 2 19 6 4 
student 220: 5 12 19 16 20 11 13 14 18 4 7 8 9 1 10 15 3 17 2 6 
student 221: 13 7 18 14 15 4 11 16 17 10 3 9 5 12 1 20 19 8 6 2 
student 222: 1 13 11 19 17 3 6 12 16 14 8 5 9 15 10 20 4 18 2 7 
student 223: 4 14 16 17 20 8 15 10 19 7 13 11 18 1 6 9 3 12 5 2 
student 224: 1 5 12 18 15 13 19 17 8 7 11 16 10 14 3 20 6 9 2 4 
student 225: 3 12 17 15 20 8 9 4 18 14 11 7 5 13 10 19 2 16 6 1 
student 226: 6 10 17 15 20 7 18 5 16 1 9 11 12 13 8 19 4 14 3 2 
student 227: 7 11 18 15 14 13 19 4 16 1 17 8 3 10 12 20 6 9 2 5 
student 228: 2 19 15 20 17 1 11 10 7 14 5 12 9 18 6 13 4 16 3 8 
student 229: 1 10 14 19 20 5 4 8 18 3 15 12 13 16 2 17 7 11 9 6 
student 230: 5 17 20 16 19 1 15 12 14 8 6 10 13 9 7 18 3 11 4 2 
student 231: 3 9 18 13 19 17 8 15 14 7 12 16 4 10 1 20 5 6 11 2 
student 232: 3 18 19 10 16 7 2 14 12 13 15 6 5 11 9 20 8 17 1 4 
student 233: 19 18 20 17 13 9 16 8 15 1 5 10 6 11 3 14 4 12 7 2 
student 234: 4 14 12 17 18 9 15 11 16 6 7 1 10 13 5 20 8 19 3 2 
student 235: 4 14 19 11 15 17 8 12 18 3 13 7 6 16 2 20 9 10 5 1 
student 236: 5 19 12 14 6 13 10 17 7 1 16 8 15 11 9 18 2 20 3 4 
student 237: 6 15 11 14 17 5 13 16 12 2 1 9 4 19 20 18 8 7 3 10 
student 238: 1 12 11 19 16 6 15 9 14 5 10 13 4 18 3 20 17 7 2 8 
student 239: 2 15 18 8 16 19 14 10 11 1 12 6 9 17 3 20 7 13 4 5 
student 240: 2 5 18 19 12 10 11 13 6 4 8 15 17 14 7 20 1 16 3 9 
student 241: 2 13 20 19 10 8 15 4 17 3 7 12 5 16 9 18 11 14 6 1 
student 242: 15 8 20 18 12 6 9 10 16 5 7 4 14 11 3 17 2 19 13 1 
student 243: 1 17 16 18 8 3 19 13 20 5 12 14 6 10 4 11 7 15 2 9 
student 244: 5 16 14 18 20 13 15 8 17 2 4 11 1 9 7 19 6 10 3 12 
student 245: 10 2 9 15 18 16 17 7 19 4 6 12 1 13 11 20 5 14 8 3 
student 246: 4 19 20 14 7 2 9 5 12 15 18 17 13 6 1 16 10 11 8 3 
student 247: 3 10 15 18 13 17 14 6 20 2 9 16 8 7 5 19 1 12 4 11 
student 248: 2 17 14 13 12 7 15 9 20 18 4 10 5 19 3 16 8 11 6 1 
student 249: 3 15 16 18 20 4 13 9 12 6 14 7 10 17 11 19 8 5 1 2 
student 250: 7 8 20 17 18 5 11 9 16 12 4 13 15 10 1 19 2 14 6 3 
student 251: 3 9 17 20 14 11 10 8 18 7 6 12 2 13 16 15 4 19 5 1 
student 252: 2 7 18 19 17 4 15 13 16 9 8 12 10 6 11 20 5 14 3 1 
student 253: 3 14 17 19 15 5 10 13 16 4 12 8 11 20 6 18 2 9 7 1 
student 254: 7 5 11 10 8 13 17 12 14 1 19 16 9 18 15 20 2 3 6 4 
student 255: 5 11 20 18 17 7 15 9 12 6 10 19 1 14 8 16 3 13 4 2 
student 256: 14 11 18 7 16 8 5 13 17 3 4 15 20 12 2 19 6 10 1 9 
student 257: 1 16 15 20 18 9 19 6 10 17 5 4 2 12 13 11 8 14 7 3 
student 258: 9 13 20 18 14 7 10 8 19 12 11 15 17 16 2 5 3 6 4 1 
student 259: 3 12 13 19 17 7 16 14 15 6 18 11 9 10 4 20 1 8 5 2 
student 260: 6 14 16 15 18 13 17 5 10 20 7 12 11 9 4 19 3 8 2 1 
student 261: 1 19 9 20 15 11 10 13 18 7 12 5 8 14 2 17 4 16 6 3 
student 262: 5 16 18 19 4 9 20 17 12 3 7 8 13 11 6 14 10 15 1 2 
student 263: 15 5 16 10 6 12 11 19 18 17 20 13 9 8 1 14 7 4 2 3 
student 264: 17 13 6 16 19 11 15 14 20 12 9 5 1 18 10 8 2 4 3 7 
student 265: 1 11 19 14 16 15 12 9 17 13 6 2 4 8 7 20 3 18 10 5 
student 266: 3 16 18 6 15 8 12 11 17 9 1 14 10 13 5 20 4 19 2 7 
student 267: 13 11 14 17 20 10 19 7 12 8 3 15 5 18 4 16 2 9 6 1 
student 268: 1 7 20 19 18 4 17 12 15 13 9 14 8 11 10 16 3 2 6 5 
student 269: 3 10 12 17 19 9 16 14 18 13 15 7 4 11 5 20 8 6 1 2 
student 270: 5 14 8 16 17 6 7 13 18 1 9 19 4 20 12 15 11 10 2 3 
student 271: 3 15 19 7 18 1 10 9 17 8 13 14 6 12 16 20 11 4 5 2 
student 272: 3 16 19 18 20 1 5 12 11 7 4 14 2 10 17 15 9 8 6 13 
student 273: 2 3 11 20 15 8 13 6 18 9 12 10 17 19 7 16 1 14 4 5 
student 274: 4 19 20 8 18 2 17 6 13 9 7 16 14 11 3 15 1 12 10 5 
student 275: 1 17 19 18 20 9 14 7 16 11 8 12 6 13 5 15 3 10 4 2 
student 276: 7 12 17 18 19 14 16 2 20 3 11 9 8 13 4 15 5 1 10 6 
student 277: 2 16 15 20 12 8 18 14 17 4 1 10 7 19 3 11 9 13 6 5 
student 278: 10 8 19 20 17 6 16 4 14 13 7 12 3 9 15 18 2 11 5 1 
student 279: 5 12 11 17 18 14 16 15 20 13 6 10 9 8 3 19 4 2 1 7 
student 280: 2 5 12 20 19 8 15 16 10 7 14 17 3 18 6 13 4 9 11 1 
student 281: 1 17 16 20 13 15 14 10 19 6 5 8 12 18 4 11 3 9 2 7 
student 282: 6 13 4 19 15 10 16 17 9 5 8 12 20 11 18 7 2 14 1 3 
student 283: 5 7 15 19 14 8 12 10 16 18 9 11 6 13 4 20 1 17 2 3 
student 284: 2 9 16 15 12 11 19 8 10 3 6 18 17 14 1 13 4 20 5 7 
student 285: 2 14 15 20 16 8 12 6 17 10 4 9 7 13 3 18 11 19 1 5 
student 286: 1 16 7 18 5 13 15 9 17 4 12 19 10 20 6 14 2 11 3 8 
student 287: 7 14 20 9 19 8 15 12 16 4 11 10 13 17 1 18 2 6 3 5 
student 288: 1 5 20 12 19 10 13 14 16 4 18 2 9 11 6 8 3 17 15 7 
student 289: 17 15 18 19 14 6 13 10 16 4 7 12 8 11 5 20 2 9 1 3 
student 290: 1 9 14 20 18 3 13 11 12 6 8 15 7 17 10 16 5 19 4 2 
student 291: 3 13 11 17 20 1 16 12 18 5 9 15 8 7 4 19 14 10 6 2 
student 292: 11 6 18 20 16 12 19 9 14 3 10 13 1 8 2 17 7 15 5 4 
student 293: 2 10 15 20 18 9 17 5 16 6 8 14 7 12 3 19 13 11 4 1 
student 294: 5 19 20 11 18 15 2 14 16 4 6 9 7 10 8 17 12 13 3 1 
student 295: 8 7 18 11 17 1 19 10 16 13 9 15 4 14 2 20 6 12 3 5 
student 296: 2 11 18 16 15 7 19 14 17 5 6 10 8 9 3 20 13 12 4 1 
student 297: 8 1 10 15 18 16 14 19 9 3 6 13 5 7 17 12 4 20 11 2 
student 298: 4 12 16 20 18 11 1 15 17 7 8 19 9 13 6 10 2 14 5 3 
student 299: 12 9 18 20 16 15 6 17 10 2 13 4 5 7 11 19 3 14 1 8 
student 300: 18 15 19 8 17 4 10 7 13 12 11 16 5 9 2 20 6 14 1 3 
student 301: 1 12 20 13 9 6 18 17 15 8 3 7 11 14 4 16 5 19 10 2 
student 302: 1 9 18 20 13 15 10 8 12 5 17 14 6 11 3 19 7 16 2 4 
student 303: 3 13 15 19 16 5 20 4 17 7 2 9 11 14 12 18 1 10 8 6 
student 304: 1 15 6 20 18 12 14 4 19 5 16 9 11 13 10 17 3 8 2 7 
student 305: 7 14 20 19 18 6 16 8 2 9 12 10 1 17 13 15 5 11 4 3 
student 306: 3 18 10 16 12 1 9 15 14 13 7 17 19 11 4 20 6 8 5 2 
student 307: 3 5 17 20 12 18 19 15 11 8 13 9 14 7 2 16 4 10 6 1 
student 308: 3 13 17 16 8 12 7 1 15 9 6 18 10 19 11 20 5 14 4 2 
student 309: 4 16 20 18 14 11 17 3 12 9 1 10 8 15 7 19 6 13 5 2 
student 310: 3 11 17 9 16 13 6 15 12 14 10 7 8 18 1 20 5 19 2 4 
student 311: 8 3 18 20 13 7 12 4 14 1 5 19 17 16 6 15 11 9 10 2 
student 312: 2 11 16 19 18 12 13 15 17 6 8 9 7 14 5 20 4 10 3 1 
student 313: 8 15 7 18 11 10 16 5 13 12 14 19 6 17 2 9 4 20 3 1 
student 314: 2 15 19 13 20 10 18 9 12 5 8 11 7 14 3 17 4 16 6 1 
student 315: 3 15 12 19 20 7 16 5 17 13 6 14 8 4 10 18 1 11 9 2 
student 316: 7 13 20 18 10 15 16 17 14 5 9 19 4 12 3 11 8 6 1 2 
student 317: 5 9 11 13 17 8 15 16 10 3 14 12 6 18 7 19 4 20 2 1 
student 318: 7 10 17 18 16 11 12 15 14 13 6 9 5 2 8 19 20 4 1 3 
student 319: 1 15 17 16 11 12 13 9 18 4 6 19 3 10 8 20 5 14 7 2 
student 320: 1 10 17 13 14 8 12 20 15 16 5 6 18 11 3 19 4 7 2 9 
student 321: 8 17 19 20 14 9 11 16 12 7 4 18 3 5 1 15 10 13 6 2 
student 322: 4 16 12 14 13 15 17 20 8 7 9 10 6 11 19 18 3 5 1 2 
student 323: 4 14 19 16 15 5 12 3 17 13 8 11 2 18 10 20 1 7 9 6 
student 324: 1 16 13 19 14 6 18 11 9 8 15 10 3 20 4 17 5 12 2 7 
student 325: 7 17 19 10 18 13 20 8 15 9 6 5 11 12 2 14 1 16 4 3 
student 326: 8 11 19 9 14 13 18 20 16 17 5 10 6 7 4 15 3 12 1 2 
student 327: 4 13 17 15 18 10 20 6 16 12 2 11 8 14 5 19 9 7 1 3 
student 328: 10 5 13 19 17 16 18 12 15 11 4 14 7 6 8 20 1 9 2 3 
student 329: 8 18 19 17 15 12 14 7 16 9 10 13 2 5 3 20 6 11 4 1 
student 330: 9 13 20 18 19 4 12 16 11 10 3 15 8 17 5 14 6 1 2 7 
student 331: 3 4 14 20 19 2 18 13 9 7 12 6 16 15 10 17 5 11 8 1 
student 332: 2 15 16 19 18 13 14 1 12 9 10 8 6 17 5 20 3 11 7 4 
student 333: 8 5 11 17 20 10 14 3 12 6 19 13 9 15 7 18 1 4 16 2 
student 334: 2 13 18 20 14 10 15 17 16 5 11 9 6 8 1 19 7 12 3 4 
student 335: 3 8 20 16 6 14 19 12 18 9 11 13 10 7 5 17 4 15 1 2 
student 336: 3 14 18 17 10 4 12 13 19 6 15 11 8 16 5 20 1 9 2 7 
student 337: 4 19 18 20 14 3 16 15 17 13 8 11 6 10 5 12 7 9 2 1 
student 338: 9 13 12 20 15 16 18 10 19 3 5 14 7 11 4 17 2 6 8 1 
student 339: 6 10 11 18 7 14 16 8 17 2 15 19 4 20 3 12 13 9 5 1 
student 340: 2 13 15 20 17 4 16 10 11 12 8 7 5 19 9 18 6 14 1 3 
student 341: 1 6 17 7 15 13 11 5 20 3 4 9 14 19 8 18 16 12 2 10 
student 342: 6 13 14 17 19 11 18 16 10 4 2 9 8 7 5 20 1 15 12 3 
student 343: 7 15 12 16 20 9 8 11 17 3 14 18 10 13 6 19 2 4 5 1 
student 344: 8 13 19 17 10 6 18 9 11 3 14 12 7 16 5 20 4 15 1 2 
student 345: 3 11 18 19 20 8 10 17 14 13 1 12 5 15 4 16 9 6 7 2 
student 346: 8 10 18 19 17 9 15 4 20 1 3 12 6 13 5 16 14 11 7 2 
student 347: 6 10 17 16 11 1 13 3 15 12 5 18 19 14 8 20 4 9 7 2 
student 348: 2 13 18 19 16 9 14 8 17 4 10 11 7 12 6 20 3 15 5 1 
student 349: 3 14 19 17 16 8 11 15 18 2 7 9 4 12 10 20 5 13 6 1 
student 350: 5 7 19 14 16 6 13 15 17 2 12 20 4 11 3 18 1 10 9 8 
student 351: 6 15 17 18 14 7 19 13 9 4 12 8 16 10 3 20 11 5 2 1 
student 352: 1 18 10 20 9 4 16 3 15 7 14 12 11 13 8 19 5 17 2 6 
student 353: 6 5 12 20 11 16 4 19 1 2 13 15 8 14 7 18 3 10 9 17 
student 354: 2 8 19 20 17 7 10 14 15 12 1 18 11 9 4 16 5 13 3 6 
student 355: 1 12 18 14 15 13 16 6 10 5 7 4 19 8 9 20 2 17 11 3 
student 356: 2 7 19 13 15 8 16 5 14 1 17 11 12 10 3 20 9 18 6 4 
student 357: 6 14 8 18 19 12 17 3 13 9 10 11 7 16 1 20 2 15 5 4 
student 358: 2 1 14 16 19 3 20 7 17 10 9 11 18 15 8 13 5 12 6 4 
student 359: 7 20 17 10 15 9 14 13 6 3 2 8 12 19 16 11 4 18 5 1 
student 360: 1 10 18 19 20 13 12 7 11 9 16 15 2 17 4 14 3 8 5 6 
student 361: 2 11 14 12 19 4 10 20 17 8 16 6 3 18 7 15 1 13 5 9 
student 362: 3 11 14 20 16 18 19 1 8 4 9 6 10 13 12 15 17 7 2 5 
student 363: 1 9 17 12 15 11 13 6 10 18 19 20 16 8 4 14 7 5 2 3 
student 364: 1 15 17 13 16 11 18 12 19 8 2 6 9 14 10 20 4 7 5 3 
student 365: 12 5 16 18 13 7 8 3 19 11 17 15 1 9 6 20 4 14 10 2 
student 366: 1 13 11 12 16 20 10 14 15 7 6 9 4 18 3 19 8 17 5 2 
student 367: 4 15 18 19 16 8 7 10 20 6 2 12 13 17 5 14 11 3 1 9 
student 368: 2 19 13 17 20 7 11 9 15 10 14 12 8 4 5 16 3 18 6 1 
student 369: 2 17 20 19 6 15 11 10 18 8 13 16 7 4 9 5 12 14 3 1 
student 370: 4 14 19 18 13 7 5 9 17 8 12 10 3 15 6 20 1 16 11 2 
student 371: 1 17 11 20 19 5 9 14 13 6 16 12 7 18 4 8 2 15 3 10 
student 372: 5 3 20 13 15 8 16 17 12 14 19 11 6 9 2 18 4 10 1 7 
student 373: 3 5 18 20 17 1 13 7 15 2 16 9 11 14 8 19 10 12 4 6 
student 374: 3 11 19 10 18 14 16 4 20 6 7 15 9 17 12 13 5 1 2 8 
student 375: 9 15 20 1 12 19 10 7 16 5 17 14 6 11 13 18 4 8 2 3 
student 376: 5 18 13 20 17 11 7 10 8 3 4 12 2 15 14 19 9 16 6 1 
student 377: 2 6 16 14 19 10 8 15 18 12 9 4 3 17 5 20 13 11 1 7 
student 378: 1 4 13 19 17 11 20 12 18 10 5 14 7 15 8 16 3 6 9 2 
student 379: 3 9 14 17 16 5 20 12 11 8 10 6 1 15 7 19 4 18 13 2 
student 380: 1 2 11 18 15 10 12 19 20 6 14 7 8 16 4 13 3 17 5 9 
student 381: 7 13 19 20 14 1 6 12 15 2 11 16 5 18 4 17 9 10 8 3 
student 382: 5 7 16 20 13 10 14 11 17 3 8 12 9 15 2 19 1 18 6 4 
student 383: 3 13 14 20 15 10 16 8 19 7 9 12 2 17 5 18 4 11 6 1 
student 384: 1 15 20 17 11 8 18 7 6 10 13 14 12 16 2 19 4 9 5 3 
student 385: 8 9 19 15 12 10 20 2 17 6 14 13 7 18 5 16 3 11 1 4 
student 386: 1 14 19 20 18 8 16 9 11 4 13 15 7 10 12 17 6 2 5 3 
student 387: 7 8 16 17 18 15 19 11 12 9 13 5 10 6 2 20 4 14 1 3 
student 388: 4 14 16 19 15 13 20 11 17 7 6 10 8 12 3 18 5 9 1 2 
student 389: 11 8 14 18 13 10 17 16 12 3 9 19 4 15 6 20 1 7 5 2 
student 390: 3 16 17 19 12 9 11 6 18 7 4 8 10 15 14 20 2 13 5 1 
student 391: 1 12 19 18 15 13 20 4 10 8 7 9 14 16 2 11 5 17 6 3 
student 392: 3 18 12 10 6 4 9 13 19 8 7 14 16 11 5 17 2 15 20 1 
student 393: 5 6 18 17 16 7 11 4 13 9 20 15 2 8 10 19 14 12 3 1 
student 394: 6 15 10 20 19 14 13 8 12 5 2 3 1 17 9 16 11 18 7 4 
student 395: 3 5 14 17 4 8 12 11 19 16 6 20 2 9 13 18 7 15 10 1 
student 396: 2 12 18 20 16 13 14 8 19 6 5 17 7 10 3 11 4 15 9 1 
student 397: 4 17 19 14 20 11 9 12 10 7 8 15 5 13 2 18 6 16 1 3 
student 398: 2 16 19 20 17 14 10 11 12 9 6 15 4 8 13 18 5 3 7 1 
student 399: 5 12 20 18 19 15 14 1 17 3 10 7 13 16 6 9 2 11 8 4 
student 400: 5 14 13 18 17 8 16 15 4 12 19 10 7 9 6 20 3 1 11 2 
student 401: 4 13 19 17 3 11 16 14 18 10 1 9 5 15 6 20 2 12 7 8 
student 402: 13 17 11 19 16 14 15 9 10 5 12 18 7 8 6 20 1 4 3 2 
student 403: 1 17 18 16 10 4 20 14 9 5 6 8 7 15 3 19 11 12 13 2 
student 404: 8 4 16 13 19 9 18 17 12 3 6 20 5 10 7 14 15 11 2 1 
student 405: 1 19 20 11 18 12 15 10 14 5 8 13 2 4 9 16 6 17 7 3 
student 406: 6 17 20 19 18 10 13 12 11 3 8 15 7 14 5 16 2 9 4 1 
student 407: 2 15 20 13 19 8 17 4 10 11 12 14 18 16 5 6 9 7 1 3 
student 408: 20 12 18 17 19 5 11 10 16 1 3 9 4 14 8 7 2 15 13 6 
student 409: 2 11 12 18 17 8 20 5 15 7 6 10 4 13 1 19 14 9 3 16 
student 410: 1 7 18 20 17 14 10 5 16 6 13 15 12 9 11 19 4 8 3 2 
student 411: 2 15 19 20 16 7 12 13 17 11 18 14 3 4 8 9 10 5 1 6 
student 412: 9 12 19 20 11 10 16 14 13 7 3 2 6 5 15 18 17 8 4 1 
student 413: 4 16 7 12 8 6 2 3 15 17 11 14 5 18 9 19 10 20 13 1 
student 414: 10 16 19 18 17 4 12 7 14 13 9 5 3 15 6 20 2 8 11 1 
student 415: 4 18 19 9 16 8 13 14 20 3 6 7 10 11 5 15 2 17 1 12 
student 416: 3 10 19 18 20 5 9 12 4 14 8 16 7 15 11 17 6 13 2 1 
student 417: 2 19 16 20 14 15 10 4 9 5 12 7 18 8 11 17 6 13 3 1 
student 418: 4 14 19 20 13 12 16 10 18 1 6 8 9 15 7 17 5 11 3 2 
student 419: 11 17 13 16 9 10 18 14 20 4 2 8 7 19 3 12 1 5 15 6 
student 420: 4 8 14 19 18 5 20 11 15 6 3 12 10 17 13 16 2 9 7 1 
student 421: 7 3 5 20 16 12 19 2 18 11 14 13 10 17 8 9 6 15 4 1 
student 422: 8 13 10 20 19 14 15 16 17 2 12 9 11 1 4 5 7 18 6 3 
student 423: 5 9 17 12 13 15 16 3 14 19 18 4 7 11 2 20 10 8 1 6 
student 424: 5 18 12 16 14 4 13 8 20 11 10 9 3 15 6 19 7 17 2 1 
student 425: 2 10 16 11 17 5 15 9 20 6 19 7 13 14 8 18 3 12 4 1 
student 426: 1 10 17 19 8 12 14 20 11 16 13 6 7 18 2 15 5 9 4 3 
student 427: 4 12 18 19 14 9 20 7 15 1 5 10 17 13 6 16 2 11 8 3 
student 428: 2 14 16 20 19 8 11 15 6 1 5 9 13 17 10 18 4 12 7 3 
student 429: 4 19 18 17 11 7 14 12 15 2 9 13 5 10 6 16 1 20 8 3 
student 430: 1 6 18 19 17 4 20 14 13 7 10 16 5 12 8 15 11 9 3 2 
student 431: 3 12 18 13 19 14 15 10 7 20 5 11 6 16 4 17 9 2 1 8 
student 432: 9 15 16 20 14 12 19 18 13 10 5 8 3 11 6 17 2 7 1 4 
student 433: 9 10 15 19 18 5 20 12 17 8 2 13 7 16 1 4 6 14 11 3 
student 434: 1 7 19 20 16 5 9 8 17 15 2 11 12 13 4 18 10 14 6 3 
student 435: 6 14 17 7 13 11 16 8 15 10 2 5 12 18 9 20 1 19 3 4 
student 436: 9 10 14 19 20 1 11 15 16 4 6 7 5 12 17 18 3 8 13 2 
student 437: 6 17 19 20 18 13 16 9 8 10 12 5 7 14 3 15 2 11 1 4 
student 438: 3 13 16 19 20 8 14 12 17 6 7 10 5 11 9 18 2 15 4 1 
student 439: 3 9 20 19 14 15 8 18 16 1 13 5 4 10 6 17 7 12 11 2 
student 440: 6 7 18 9 15 17 14 3 16 10 8 13 11 12 1 19 5 20 2 4 
student 441: 4 16 17 20 15 13 9 7 18 10 11 5 1 12 2 19 3 14 8 6 
student 442: 9 5 8 18 19 13 14 20 7 11 3 12 4 16 6 17 2 15 10 1 
student 443: 3 19 16 12 17 10 18 5 13 1 11 8 9 15 6 20 4 14 2 7 
student 444: 2 11 20 19 18 15 16 6 14 5 8 12 10 13 9 17 4 7 1 3 
student 445: 3 7 18 19 16 9 13 5 14 6 12 10 15 17 2 20 4 11 8 1 
student 446: 11 15 20 17 18 8 6 14 13 3 12 5 7 10 1 9 19 16 4 2 
student 447: 4 5 18 19 12 14 17 6 16 13 1 7 8 15 11 20 3 9 2 10 
student 448: 5 14 20 16 15 19 17 9 7 11 10 13 12 4 6 18 1 8 2 3 
student 449: 11 2 5 19 20 13 14 9 15 8 6 17 7 18 4 10 12 16 1 3 
student 450: 7 18 20 1 11 10 17 16 19 6 8 9 12 13 4 14 2 15 3 5 
student 451: 5 10 19 20 16 13 17 8 15 1 4 9 7 12 14 18 6 11 3 2 
student 452: 7 15 16 18 17 9 6 14 12 11 8 10 2 20 4 19 1 13 5 3 
student 453: 4 14 9 18 19 15 13 10 20 7 8 12 11 16 1 17 6 3 5 2 
student 454: 3 11 20 17 16 10 14 15 19 4 6 1 8 13 5 18 7 12 9 2 
student 455: 4 12 16 8 20 19 18 9 15 14 7 13 3 11 10 17 5 6 2 1 
student 456: 1 18 15 17 19 10 12 5 11 8 9 14 13 16 3 20 2 6 4 7 
student 457: 5 15 16 20 19 9 7 6 17 12 13 18 1 10 4 11 8 14 3 2 
student 458: 7 11 14 18 17 12 19 6 15 4 9 13 3 20 8 10 5 16 2 1 
student 459: 2 11 17 19 10 13 14 3 18 12 8 16 1 15 7 20 4 9 6 5 
student 460: 2 15 17 18 11 6 19 12 16 4 7 13 1 14 5 20 8 10 3 9 
student 461: 1 8 16 19 17 4 5 15 10 12 13 11 7 14 3 20 2 18 9 6 
student 462: 2 7 19 15 11 8 17 14 10 3 16 9 12 20 4 18 6 13 5 1 
student 463: 1 16 9 20 18 11 13 17 10 8 15 19 6 3 12 14 5 7 4 2 
student 464: 4 11 15 19 17 6 10 3 20 14 1 8 12 13 16 18 9 7 5 2 
student 465: 11 16 19 20 5 15 14 9 17 3 6 12 8 10 4 18 13 2 7 1 
student 466: 2 18 13 20 16 15 19 12 9 7 6 10 3 8 5 17 1 14 4 11 
student 467: 2 17 10 18 11 8 19 12 16 7 5 6 4 20 13 15 9 14 1 3 
student 468: 4 8 19 20 10 18 11 7 16 17 6 12 1 13 5 15 3 14 9 2 
student 469: 2 15 19 16 20 6 13 14 17 5 10 11 7 12 1 18 4 9 3 8 
student 470: 7 5 20 15 14 10 16 9 12 3 11 19 4 8 17 18 13 6 2 1 
student 471: 3 17 19 20 14 1 12 4 16 8 9 7 10 5 13 18 6 15 11 2 
student 472: 3 14 17 20 16 7 13 11 18 8 12 10 6 9 4 19 5 15 1 2 
student 473: 1 12 20 16 18 9 11 15 10 14 2 8 7 13 6 19 5 17 3 4 
student 474: 10 13 17 15 16 3 14 8 20 2 11 4 6 18 9 19 5 12 1 7 
student 475: 4 11 18 15 13 1 19 10 8 12 7 14 6 17 9 16 2 20 3 5 
student 476: 6 14 19 17 8 1 4 18 15 9 5 13 7 16 11 20 2 12 10 3 
student 477: 3 13 18 20 15 5 16 10 14 4 9 11 2 17 6 19 8 12 7 1 
student 478: 4 6 17 18 3 2 16 7 19 10 14 12 13 15 1 20 8 9 11 5 
student 479: 10 12 20 18 17 14 11 7 15 6 3 19 5 16 4 9 8 13 1 2 
student 480: 7 14 11 15 20 18 9 17 16 1 5 10 8 13 6 19 4 12 3 2 
student 481: 3 10 16 20 17 11 6 13 18 9 8 15 7 14 5 19 4 12 2 1 
student 482: 8 3 15 19 17 11 12 10 16 7 4 1 18 14 2 20 6 13 5 9 
student 483: 13 7 19 11 16 9 18 15 20 10 5 12 8 4 2 14 1 17 6 3 
student 484: 3 18 15 12 20 6 17 10 14 5 8 13 16 9 11 7 2 19 4 1 
student 485: 2 18 4 17 5 15 20 9 14 8 13 6 1 16 11 19 10 12 7 3 
student 486: 1 6 18 19 20 8 15 10 12 13 7 11 4 16 9 17 2 14 5 3 
student 487: 2 15 12 20 19 6 7 5 10 17 13 9 4 16 11 14 3 18 1 8 
student 488: 2 14 12 19 10 11 17 18 1 7 9 8 15 13 3 20 4 16 6 5 
student 489: 2 15 14 11 20 4 19 7 17 12 5 8 16 9 3 18 6 13 10 1 
student 490: 4 13 19 18 15 17 14 7 9 5 8 10 3 16 2 20 6 12 1 11 
student 491: 1 17 18 16 20 4 14 6 15 9 7 11 12 10 2 19 8 13 3 5 
student 492: 17 6 20 16 12 9 15 8 7 19 1 3 4 14 13 18 5 10 11 2 
student 493: 4 12 17 20 16 8 13 11 19 3 6 10 9 15 5 18 7 14 1 2 
student 494: 5 4 14 18 19 15 20 9 13 7 11 8 6 16 10 17 12 1 2 3 
student 495: 5 6 17 19 14 15 20 12 11 8 1 13 4 16 7 18 9 10 2 3 
student 496: 2 17 11 18 9 10 13 8 12 5 7 16 6 15 3 20 14 19 4 1 
student 497: 2 17 16 20 8 15 12 9 19 5 7 11 10 14 4 18 1 13 3 6 
student 498: 2 11 13 12 19 10 8 16 18 7 3 14 9 17 4 20 5 15 6 1 
student 499: 2 19 20 16 14 11 9 7 17 8 4 13 10 18 6 15 5 12 1 3 
student 500: 1 9 19 13 18 14 12 11 17 8 7 16 10 15 5 20 3 6 4 2 
student 501: 3 5 16 17 19 9 13 14 18 6 4 11 10 15 2 20 7 12 8 1 
student 502: 8 5 16 20 19 9 13 15 18 4 7 11 12 6 1 14 2 17 10 3 
student 503: 3 17 19 16 20 7 9 15 10 4 14 12 1 13 8 18 6 11 2 5 
student 504: 4 14 12 17 18 8 19 7 15 2 9 11 5 13 10 20 6 16 1 3 
student 505: 6 7 20 18 9 12 17 11 19 15 8 16 10 14 1 5 3 13 2 4 
student 506: 4 12 16 14 10 9 15 8 18 2 5 11 6 17 20 19 3 13 7 1 
student 507: 2 17 13 19 14 12 16 15 11 6 7 10 9 8 3 20 5 18 4 1 
student 508: 7 19 18 16 15 11 10 6 14 4 3 13 12 17 2 20 5 8 9 1 
student 509: 2 10 15 17 19 8 16 13 20 12 4 9 7 14 5 18 6 11 3 1 
student 510: 1 10 19 18 15 12 14 11 16 2 3 6 9 20 7 17 8 13 5 4 
student 511: 3 7 17 14 18 10 13 11 19 4 6 12 2 16 8 20 5 15 1 9 
student 512: 2 16 17 14 20 15 12 19 11 7 13 9 5 10 6 18 4 8 3 1 
student 513: 2 12 15 19 13 6 11 8 16 14 1 17 10 18 7 20 4 9 3 5 
student 514: 2 14 15 20 10 4 11 6 12 17 8 9 18 16 13 19 3 7 5 1 
student 515: 4 14 20 17 11 10 15 7 18 5 8 13 1 19 2 16 12 9 3 6 
student 516: 1 13 16 12 20 9 10 3 17 5 8 11 14 15 6 19 18 7 4 2 
student 517: 10 16 18 19 17 8 15 13 11 7 4 9 3 12 5 20 2 14 1 6 
student 518: 4 9 20 17 19 5 14 8 12 3 10 11 7 15 6 18 16 13 2 1 
student 519: 1 10 16 19 18 11 17 8 15 4 14 12 3 13 6 20 7 9 5 2 
student 520: 6 17 9 20 18 11 13 7 12 2 10 15 16 14 1 19 5 8 4 3 
student 521: 1 7 17 20 18 13 15 2 14 11 12 8 9 16 10 19 6 4 5 3 
student 522: 4 12 18 14 20 9 15 13 16 5 6 7 8 17 10 19 1 11 2 3 
student 523: 3 6 17 20 16 12 15 11 18 5 8 9 10 14 4 19 2 13 1 7 
student 524: 2 12 13 19 18 10 15 7 11 4 17 9 6 14 8 20 5 16 3 1 
student 525: 2 19 18 14 20 15 5 16 10 6 7 12 8 13 4 11 1 17 3 9 
student 526: 3 13 18 20 11 14 10 19 16 5 8 17 7 9 6 12 4 15 1 2 
student 527: 1 8 19 14 17 2 10 18 16 4 13 15 9 5 11 20 12 6 7 3 
student 528: 4 10 18 19 16 2 11 6 14 15 7 8 3 13 5 17 12 20 1 9 
student 529: 3 14 18 16 19 9 12 8 17 10 6 11 7 15 2 20 5 13 4 1 
student 530: 1 10 11 13 15 9 16 20 19 6 8 7 12 14 5 18 3 17 4 2 
student 531: 2 17 12 19 20 9 14 11 16 4 5 10 3 15 6 13 1 18 8 7 
student 532: 7 10 18 19 15 9 16 13 14 5 6 8 17 11 2 20 3 12 4 1 
student 533: 11 4 9 16 13 7 17 10 20 6 5 12 3 18 19 14 8 15 2 1 
student 534: 9 16 13 18 11 2 19 8 17 7 6 14 20 4 3 10 15 12 5 1 
student 535: 3 17 16 19 14 15 18 4 1 11 12 13 8 9 6 20 5 10 2 7 
student 536: 1 7 17 19 14 11 16 6 15 12 10 18 13 9 4 20 2 5 8 3 
student 537: 1 9 11 17 18 10 20 13 14 12 8 15 7 5 6 19 3 16 2 4 
student 538: 4 9 18 12 19 13 14 15 11 7 6 16 8 2 1 20 10 17 5 3 
student 539: 8 9 17 18 16 7 14 15 20 6 10 11 1 13 5 19 2 12 4 3 
student 540: 3 11 19 16 18 8 15 9 14 7 12 6 1 17 5 20 10 13 4 2 
student 541: 1 13 15 16 19 11 9 12 20 4 14 7 6 17 5 18 10 8 2 3 
student 542: 6 3 15 16 19 7 13 18 17 9 12 14 4 10 1 20 2 11 5 8 
student 543: 1 18 20 19 15 5 12 2 14 10 6 17 4 13 7 16 3 11 8 9 
student 544: 5 20 17 18 19 11 13 9 16 4 1 10 3 14 6 15 8 12 2 7 
student 545: 2 12 17 20 16 7 19 14 18 4 13 5 9 15 3 11 10 8 6 1 
student 546: 7 10 19 20 14 16 13 3 5 2 11 9 8 17 6 18 1 15 12 4 
student 547: 5 18 16 20 17 2 14 13 8 12 11 4 7 15 10 19 6 9 3 1 
student 548: 11 6 20 18 16 1 13 19 15 2 8 14 10 7 3 17 5 12 9 4 
student 549: 3 15 17 20 12 10 18 7 16 2 9 13 6 14 8 19 4 11 5 1 
student 550: 4 19 13 12 20 15 11 14 18 2 17 10 5 9 6 16 3 7 8 1 
student 551: 7 11 17 13 19 12 20 2 8 9 14 6 15 10 5 18 4 16 3 1 
student 552: 1 20 10 18 16 3 13 4 14 5 12 11 7 17 6 19 2 15 9 8 
student 553: 7 17 14 20 13 12 19 18 16 2 4 9 8 11 6 15 1 10 5 3 
student 554: 10 14 18 7 13 11 17 8 16 9 6 12 15 20 3 19 4 5 2 1 
student 555: 10 15 19 20 14 13 9 8 17 6 2 11 7 16 5 18 3 12 4 1 
student 556: 2 20 17 18 16 6 15 7 8 5 12 10 3 14 9 19 11 13 4 1 
student 557: 3 17 19 20 16 11 14 9 13 5 6 4 7 12 8 18 1 10 15 2 
student 558: 5 16 19 14 6 9 15 13 18 4 11 12 7 17 8 10 3 20 2 1 
student 559: 8 3 17 20 15 10 16 18 13 1 9 12 6 14 5 19 7 11 2 4 
student 560: 1 16 14 19 12 17 20 9 11 4 6 15 8 18 5 7 10 13 3 2 
student 561: 1 11 6 17 16 19 10 8 15 12 13 14 3 5 2 18 4 20 7 9 
student 562: 1 9 19 16 20 4 18 6 15 5 10 13 14 12 3 17 8 11 2 7 
student 563: 10 14 15 13 16 9 11 17 19 2 18 8 5 12 6 20 3 7 4 1 
student 564: 3 18 19 9 12 10 15 14 20 7 17 16 8 5 6 13 4 11 2 1 
student 565: 5 14 8 16 19 4 18 13 20 6 11 7 3 15 1 17 10 12 9 2 
student 566: 1 17 8 19 18 20 16 15 12 9 4 6 5 11 7 13 14 10 2 3 
student 567: 4 11 20 19 16 10 15 6 18 7 3 13 5 14 1 17 2 12 8 9 
student 568: 4 17 19 16 20 15 13 5 10 1 7 8 14 9 2 18 12 11 6 3 
student 569: 4 10 11 18 19 8 15 13 16 6 3 12 9 7 17 20 1 14 2 5 
student 570: 14 11 19 18 17 4 12 13 16 15 2 9 1 8 5 20 7 6 10 3 
student 571: 9 18 10 19 16 8 15 11 13 3 5 7 17 14 2 20 4 12 6 1 
student 572: 4 2 20 17 15 8 16 3 9 7 13 14 1 18 10 19 12 6 5 11 
student 573: 1 8 17 16 10 11 20 15 7 4 9 18 13 19 6 12 3 14 5 2 
student 574: 6 18 20 17 16 15 11 19 5 13 7 10 9 1 3 14 4 12 8 2 
student 575: 2 6 19 20 18 10 13 15 9 12 11 1 17 8 3 16 4 14 5 7 
student 576: 6 7 20 18 16 5 15 11 8 1 9 14 2 12 10 17 13 19 4 3 
student 577: 1 16 15 17 11 9 19 3 10 7 4 12 14 13 5 20 8 18 6 2 
student 578: 2 11 15 16 20 10 9 6 17 7 14 4 18 13 8 19 3 12 5 1 
student 579: 6 10 15 20 19 9 5 18 12 4 3 11 13 2 1 16 8 14 7 17 
student 580: 3 18 12 5 17 13 14 11 15 6 9 16 1 20 4 19 8 10 7 2 
student 581: 1 19 16 17 15 7 2 11 3 4 20 14 12 9 6 18 5 13 8 10 
student 582: 5 10 17 18 20 16 13 7 14 1 6 8 9 12 4 19 3 15 2 11 
student 583: 5 16 18 15 11 13 19 8 17 1 6 9 10 20 2 14 3 12 7 4 
student 584: 2 11 14 18 15 13 19 7 20 5 9 10 6 16 3 17 8 12 4 1 
student 585: 1 10 12 19 20 8 17 6 18 11 13 14 5 15 7 16 2 9 3 4 
student 586: 9 14 16 17 20 5 18 4 13 6 10 11 2 12 7 19 8 15 3 1 
student 587: 4 15 20 18 10 19 5 3 8 11 12 9 14 17 2 16 7 13 6 1 
student 588: 1 14 13 16 12 7 15 9 20 5 4 11 6 17 3 19 10 18 8 2 
student 589: 12 18 10 13 17 3 20 2 6 1 9 19 5 11 4 14 16 7 15 8 
student 590: 2 9 19 17 11 12 20 13 7 5 6 15 3 18 1 10 8 16 14 4 
student 591: 3 12 18 20 19 5 2 13 15 8 10 16 11 14 6 17 1 9 7 4 
student 592: 6 7 17 18 20 10 16 12 19 11 8 9 5 15 3 13 2 14 1 4 
student 593: 10 8 15 17 20 4 19 12 14 7 11 13 9 16 5 18 2 6 3 1 
student 594: 5 18 20 15 19 6 16 2 13 12 7 11 3 17 9 14 8 10 4 1 
student 595: 11 15 19 20 13 5 10 17 16 4 7 14 6 12 2 18 8 9 3 1 
student 596: 5 10 19 18 13 3 12 6 16 9 11 14 8 15 17 20 2 7 1 4 
student 597: 5 4 17 20 16 15 10 7 13 12 11 8 2 3 1 19 14 18 9 6 
student 598: 2 14 15 18 13 9 16 7 20 3 8 11 4 6 12 19 1 10 17 5 
student 599: 3 5 10 16 15 1 18 13 11 7 14 2 17 9 8 19 12 20 6 4 
student 600: 1 15 16 18 14 9 2 7 19 11 17 10 6 13 5 20 12 8 3 4 
student 601: 3 7 15 20 17 8 18 9 16 6 12 11 10 19 4 13 5 14 2 1 
student 602: 2 10 20 16 19 9 6 15 18 11 13 8 5 12 4 17 7 14 3 1 
student 603: 13 15 4 14 19 20 17 10 18 12 7 16 9 8 5 11 3 6 2 1 
student 604: 2 15 16 20 12 7 18 9 11 4 1 19 14 17 6 13 3 10 5 8 
student 605: 3 18 19 11 15 8 13 9 10 2 6 7 17 14 12 16 4 20 1 5 
student 606: 1 6 18 20 15 14 17 10 19 9 7 13 12 11 4 16 5 8 3 2 
student 607: 7 12 16 18 11 4 15 8 14 9 10 13 6 19 2 20 5 17 3 1 
student 608: 3 14 19 13 15 12 9 20 16 7 8 10 5 17 4 18 6 11 1 2 
student 609: 3 17 20 19 14 2 16 11 13 9 8 12 7 15 4 18 1 10 6 5 
student 610: 6 15 20 17 14 7 13 16 18 4 11 10 5 9 8 19 3 12 2 1 
student 611: 5 16 20 11 12 13 18 9 17 2 6 8 4 15 10 19 7 14 3 1 
student 612: 7 3 13 8 15 10 20 2 18 9 19 4 12 5 14 17 11 16 6 1 
student 613: 7 13 11 17 16 6 18 12 20 4 3 9 1 14 2 19 10 15 8 5 
student 614: 3 15 19 6 17 7 16 9 13 18 2 11 1 14 5 20 4 12 10 8 
student 615: 6 15 12 17 19 13 16 4 14 3 7 10 9 18 5 20 2 11 8 1 
student 616: 1 7 14 9 20 12 5 16 18 10 11 17 4 8 3 19 6 13 15 2 
student 617: 2 5 19 20 11 18 15 13 6 4 10 12 1 16 7 17 9 14 8 3 
student 618: 3 15 18 17 14 1 13 9 16 8 19 11 7 10 12 20 5 4 6 2 
student 619: 8 5 19 20 17 18 16 7 13 10 3 6 15 12 2 9 11 14 1 4 
student 620: 5 11 19 20 18 2 15 13 16 10 14 12 3 9 1 17 7 6 8 4 
student 621: 3 13 16 20 15 5 9 10 18 1 8 14 12 19 6 17 4 11 7 2 
student 622: 2 13 18 19 20 8 15 4 12 5 14 11 9 10 16 17 7 6 3 1 
student 623: 5 11 19 17 14 8 10 12 16 6 3 13 4 15 7 18 9 20 1 2 
student 624: 2 10 14 16 13 11 20 12 17 8 18 3 6 9 4 19 15 7 5 1 
student 625: 19 6 14 18 20 4 12 10 17 16 5 2 15 11 3 13 8 9 7 1 
student 626: 6 8 15 17 20 3 13 14 9 12 10 11 7 16 1 19 18 5 2 4 
student 627: 2 12 16 19 15 5 20 6 18 11 14 9 13 10 7 17 8 4 3 1 
student 628: 1 9 19 8 16 20 14 11 17 5 6 10 4 15 2 18 12 13 3 7 
student 629: 4 16 19 18 13 3 9 15 17 1 6 12 10 14 5 20 8 11 2 7 
student 630: 2 14 19 17 16 7 15 9 18 4 12 8 10 13 11 20 5 6 3 1 
student 631: 1 18 13 17 14 3 20 8 10 9 2 12 5 15 11 19 6 16 4 7 
student 632: 1 8 19 10 18 12 13 7 6 14 4 11 15 17 3 20 9 16 5 2 
student 633: 9 10 19 16 13 1 14 15 17 3 6 7 11 12 5 20 8 18 4 2 
student 634: 1 14 19 20 9 18 17 10 8 13 4 12 6 11 7 15 5 16 3 2 
student 635: 2 12 16 17 20 9 15 10 7 5 8 13 6 11 14 19 3 18 1 4 
student 636: 4 12 15 19 18 5 14 9 11 3 8 16 10 13 7 20 6 17 2 1 
student 637: 18 9 16 15 11 14 19 8 17 6 7 12 4 13 2 20 3 10 1 5 
student 638: 10 12 18 17 20 8 4 14 16 13 2 6 7 15 3 19 5 11 9 1 
student 639: 8 9 18 16 20 6 12 7 17 14 3 11 4 13 5 19 10 15 2 1 
student 640: 1 13 15 6 16 18 17 8 20 10 11 9 5 19 7 14 4 12 3 2 
student 641: 6 7 18 17 20 13 16 11 19 12 4 1 10 14 3 9 5 15 8 2 
student 642: 10 7 19 20 13 2 16 8 6 15 5 14 12 9 1 18 11 17 3 4 
student 643: 9 12 14 20 17 2 15 7 16 3 11 13 6 10 8 18 5 19 4 1 
student 644: 1 2 18 17 19 12 15 13 16 6 11 9 8 14 4 20 3 10 7 5 
student 645: 3 20 16 13 11 10 19 15 9 6 8 4 2 17 7 18 14 12 5 1 
student 646: 11 13 14 20 18 8 17 15 19 1 12 9 4 6 7 16 3 10 5 2 
student 647: 1 10 16 19 17 9 12 8 14 5 7 18 15 13 6 20 2 11 3 4 
student 648: 1 17 16 14 20 10 11 13 15 4 9 8 2 12 5 18 7 19 6 3 
student 649: 2 11 16 19 13 5 12 18 20 9 10 8 6 15 3 14 7 17 4 1 
student 650: 5 17 19 20 18 11 16 3 14 13 2 9 12 15 7 10 8 4 1 6 
student 651: 3 9 19 17 10 5 14 6 18 7 4 16 11 12 1 20 2 15 8 13 
student 652: 2 15 20 14 18 9 19 10 12 6 1 11 4 17 7 16 5 13 3 8 
student 653: 4 16 17 13 18 11 19 15 10 5 8 12 7 14 2 20 6 9 1 3 
student 654: 1 10 17 20 19 11 16 8 13 5 6 15 14 9 3 18 7 12 2 4 
student 655: 7 13 18 17 11 3 5 9 19 14 12 6 4 20 15 16 1 10 2 8 
student 656: 6 17 14 16 20 9 8 3 15 11 13 10 4 7 18 19 2 12 5 1 
student 657: 2 13 15 20 18 3 14 5 6 10 17 7 1 16 8 19 4 12 11 9 
student 658: 9 14 16 19 17 3 13 12 18 8 7 6 10 15 4 20 2 11 5 1 
student 659: 18 10 20 16 11 1 15 9 2 8 7 14 19 12 6 13 5 17 4 3 
student 660: 9 8 17 16 11 10 15 6 19 13 7 18 3 12 1 20 5 14 4 2 
student 661: 1 20 12 15 8 6 11 19 2 10 7 13 5 14 3 17 4 16 18 9 
student 662: 1 12 18 13 15 16 11 17 14 4 10 8 9 5 2 20 7 19 6 3 
student 663: 7 12 18 20 14 16 19 5 13 8 1 4 15 10 3 17 2 11 9 6 
student 664: 1 14 17 11 18 13 15 9 16 6 10 12 3 5 8 20 4 19 2 7 
student 665: 6 14 4 20 16 10 17 11 18 3 8 1 9 15 13 19 7 2 5 12 
student 666: 2 17 18 20 10 13 19 8 16 3 6 9 14 7 5 12 4 15 11 1 
student 667: 3 18 13 17 14 10 20 7 9 2 11 4 12 15 6 19 5 16 1 8 
student 668: 8 12 11 20 10 7 14 13 18 4 9 6 17 19 1 16 5 2 3 15 
student 669: 5 9 12 20 17 7 18 8 14 1 3 10 16 15 13 19 6 11 2 4 
student 670: 3 8 12 20 19 15 16 13 17 10 7 6 1 9 11 18 2 14 5 4 
student 671: 5 7 8 16 18 2 20 9 11 10 13 15 6 19 12 14 4 17 1 3 
student 672: 11 10 13 18 15 4 19 17 9 5 12 14 6 8 7 20 3 16 2 1 
student 673: 4 19 20 17 6 14 15 11 13 3 7 12 18 10 5 16 9 8 1 2 
student 674: 18 10 20 19 16 5 12 2 14 11 13 3 4 6 8 17 1 7 15 9 
student 675: 2 13 20 14 19 11 15 6 9 4 18 7 3 16 12 17 8 10 5 1 
student 676: 1 12 20 17 14 10 13 7 5 11 2 9 6 19 8 15 18 16 3 4 
student 677: 11 17 14 20 7 6 16 13 19 2 9 5 10 3 12 15 8 18 1 4 
student 678: 4 8 20 17 16 1 10 15 13 14 3 6 2 18 7 19 12 9 5 11 
student 679: 2 17 15 16 12 3 14 19 20 4 10 8 7 5 13 18 1 11 9 6 
student 680: 1 18 20 19 16 9 12 14 10 6 8 4 7 15 3 17 2 11 13 5 
student 681: 3 18 19 13 16 17 14 9 15 2 8 6 4 12 10 20 5 11 7 1 
student 682: 6 13 17 19 16 3 14 18 15 12 8 7 4 11 9 20 5 10 1 2 
student 683: 8 16 12 17 14 10 13 18 15 3 6 9 2 20 7 19 4 11 5 1 
student 684: 4 16 18 19 11 7 13 15 17 9 6 1 14 12 3 20 8 10 5 2 
student 685: 6 12 11 19 17 13 20 14 10 1 2 15 9 4 3 16 8 18 7 5 
student 686: 3 12 5 16 13 10 9 20 18 4 15 17 8 14 7 19 6 11 1 2 
student 687: 3 2 13 20 14 11 19 9 18 10 6 12 1 17 7 15 8 16 5 4 
student 688: 3 10 20 16 18 17 19 2 13 5 9 11 7 15 1 14 6 8 4 12 
student 689: 5 14 17 20 10 6 15 11 13 7 12 9 8 18 4 19 2 16 3 1 
student 690: 8 15 18 19 13 17 9 3 11 4 6 12 16 14 5 20 10 7 2 1 
student 691: 1 16 20 14 19 11 15 10 17 7 2 13 6 12 9 18 8 4 5 3 
student 692: 3 7 20 11 17 5 12 13 10 4 9 19 16 8 1 18 15 14 6 2 
student 693: 6 18 15 11 20 5 14 9 19 1 2 10 8 16 12 13 17 7 3 4 
student 694: 3 16 19 18 9 10 11 8 15 6 12 14 7 13 4 20 5 17 1 2 
student 695: 18 11 14 17 13 8 15 12 16 3 9 10 19 20 4 7 5 2 1 6 
student 696: 7 13 15 16 14 8 17 20 4 10 6 12 9 3 19 18 2 11 5 1 
student 697: 2 12 14 20 18 9 17 6 16 3 11 15 19 10 4 13 1 8 7 5 
student 698: 3 19 10 18 14 11 15 2 16 12 8 9 5 13 7 20 1 17 6 4 
student 699: 2 4 16 15 17 12 18 13 20 3 7 11 10 9 6 19 14 5 8 1 
student 700: 2 17 19 20 16 7 11 12 10 9 1 14 8 18 3 15 5 13 4 6 
student 701: 3 13 16 20 8 7 14 15 17 9 6 10 12 18 2 19 5 11 4 1 
student 702: 6 2 16 20 17 15 18 11 14 7 9 12 5 13 4 19 3 10 1 8 
student 703: 6 14 9 20 18 12 15 8 13 4 11 5 10 19 7 17 1 16 2 3 
student 704: 2 16 19 15 14 3 17 6 12 8 10 11 5 18 1 20 4 13 9 7 
student 705: 3 13 20 16 17 5 11 15 18 4 12 19 2 8 10 6 9 14 7 1 
student 706: 1 5 16 19 15 9 14 7 17 4 18 11 13 8 6 12 10 20 3 2 
student 707: 11 8 15 17 18 6 20 16 19 1 3 14 10 13 4 12 9 5 7 2 
student 708: 4 10 18 17 19 7 14 9 13 2 12 15 11 8 6 16 3 20 5 1 
student 709: 2 12 14 20 18 4 15 5 17 6 9 10 13 11 8 19 7 16 1 3 
student 710: 7 1 17 6 20 8 15 13 16 4 18 11 10 12 5 19 3 14 9 2 
student 711: 2 20 17 19 16 5 10 6 13 3 4 7 12 14 8 15 11 18 1 9 
student 712: 6 20 18 16 8 3 17 5 12 9 11 4 15 14 2 19 7 13 10 1 
student 713: 8 14 16 19 13 1 20 10 17 5 7 11 4 6 12 18 9 15 2 3 
student 714: 6 9 16 14 20 8 18 3 17 10 12 11 7 15 4 19 2 13 1 5 
student 715: 3 14 19 15 17 11 16 7 18 2 10 12 9 13 6 20 4 1 5 8 
student 716: 1 11 19 12 20 5 7 13 17 14 8 16 2 18 10 15 6 9 3 4 
student 717: 2 18 17 19 7 6 9 5 16 13 3 14 11 15 8 20 10 12 1 4 
student 718: 20 7 19 17 16 8 9 1 18 2 5 10 3 15 12 11 6 13 14 4 
student 719: 1 8 5 17 18 13 11 14 12 7 9 20 6 19 10 15 4 16 2 3 
student 720: 2 8 20 9 15 4 14 10 19 11 12 18 3 13 7 17 16 5 6 1 
student 721: 1 9 14 17 13 6 15 2 20 4 3 10 11 18 16 19 7 12 5 8 
student 722: 3 18 6 20 17 10 12 8 11 4 14 9 7 15 2 19 16 13 5 1 
student 723: 8 19 17 20 13 9 6 18 12 5 4 15 1 3 11 16 2 14 10 7 
student 724: 4 8 13 19 17 5 6 14 20 1 16 11 9 12 15 18 10 7 3 2 
student 725: 3 14 13 15 20 2 12 10 11 18 6 5 8 19 16 17 4 9 1 7 
student 726: 1 18 9 15 20 14 17 7 19 4 5 12 3 8 10 16 11 13 6 2 
student 727: 3 14 12 18 20 4 13 1 19 11 17 7 9 15 6 16 8 10 5 2 
student 728: 2 3 19 15 17 9 8 7 16 13 14 11 12 20 10 18 6 5 4 1 
student 729: 8 18 17 19 13 16 11 15 20 3 4 9 10 14 2 7 1 12 5 6 
student 730: 5 13 12 15 19 4 18 2 20 8 10 7 11 17 3 16 9 14 6 1 
student 731: 2 14 16 17 19 13 15 11 18 7 6 9 4 10 3 20 8 12 1 5 
student 732: 6 13 20 17 18 14 11 7 16 3 10 12 9 15 4 19 5 8 1 2 
student 733: 3 16 19 9 15 14 20 8 18 17 11 10 6 12 1 13 5 4 2 7 
student 734: 7 13 16 18 15 2 19 6 17 1 10 14 4 11 12 20 9 8 5 3 
student 735: 5 20 14 19 16 3 15 4 13 2 10 8 1 18 12 17 7 11 6 9 
student 736: 3 13 20 17 18 7 19 8 10 4 5 16 2 12 14 15 6 9 1 11 
student 737: 3 6 20 15 9 10 14 17 19 4 11 12 8 13 16 7 1 18 2 5 
student 738: 11 16 6 15 20 14 17 12 18 3 7 13 5 19 8 10 2 9 4 1 
student 739: 1 10 12 19 18 15 13 8 14 20 3 9 11 16 4 17 2 5 7 6 
student 740: 1 14 19 18 16 7 12 13 17 3 6 10 8 4 11 20 15 9 2 5 
student 741: 2 15 18 19 16 6 12 17 20 4 3 13 5 9 11 7 10 14 1 8 
student 742: 1 15 18 17 20 16 9 6 8 7 10 14 11 13 5 12 3 19 4 2 
student 743: 3 18 16 19 20 17 15 13 7 2 9 11 5 10 1 14 6 12 8 4 
student 744: 2 6 12 10 17 14 18 19 9 7 15 3 16 13 11 20 5 8 4 1 
student 745: 9 11 14 20 19 4 15 13 18 12 2 5 7 16 6 10 8 17 3 1 
student 746: 4 7 14 19 13 16 17 9 18 11 3 5 10 12 8 20 6 15 1 2 
student 747: 1 5 18 11 19 20 14 10 13 17 15 4 7 6 2 16 12 9 8 3 
student 748: 1 13 14 18 19 8 5 15 17 4 11 6 12 16 9 20 7 10 3 2 
student 749: 6 18 10 16 14 7 19 5 20 13 1 3 12 15 11 17 9 8 4 2 
student 750: 18 19 13 10 15 12 8 11 3 4 17 1 20 9 7 16 6 14 5 2 
student 751: 6 5 15 19 18 7 16 13 9 17 4 14 1 12 8 20 11 10 3 2 
student 752: 3 14 17 19 16 7 15 10 11 4 18 2 9 13 8 20 1 12 6 5 
student 753: 8 18 20 14 11 9 13 19 15 7 4 2 17 12 1 16 6 10 5 3 
student 754: 1 18 2 20 15 4 14 12 16 9 10 17 11 8 5 19 7 13 6 3 
student 755: 3 15 20 19 18 10 11 13 16 5 7 14 12 8 2 17 1 9 6 4 
student 756: 12 7 17 15 16 4 18 14 19 11 2 10 13 20 6 9 5 8 1 3 
student 757: 2 14 19 16 20 7 18 13 11 3 8 9 5 15 6 17 1 12 10 4 
student 758: 10 11 18 20 13 2 16 12 15 5 7 14 3 9 6 19 1 17 4 8 
student 759: 3 9 18 15 20 5 13 14 19 1 6 11 8 12 10 16 4 17 2 7 
student 760: 3 10 18 20 15 6 17 14 13 4 11 8 12 7 9 19 5 16 1 2 
student 761: 2 10 18 17 19 6 14 13 20 7 16 11 1 12 9 15 3 8 5 4 
student 762: 10 14 17 18 20 6 11 4 16 3 7 9 5 15 13 19 1 12 8 2 
student 763: 1 14 17 19 10 11 18 4 20 7 16 9 6 13 8 15 5 12 2 3 
student 764: 2 12 9 19 18 4 15 11 16 7 10 8 5 17 13 20 6 14 3 1 
student 765: 5 13 17 20 11 7 12 6 15 14 8 16 2 18 4 19 9 10 1 3 
student 766: 4 11 15 18 17 6 19 3 16 8 5 14 10 12 9 20 7 13 1 2 
student 767: 5 9 20 16 8 2 14 6 19 10 7 18 13 17 3 12 11 15 4 1 
student 768: 10 2 20 16 18 8 9 17 14 5 13 12 11 15 4 19 7 1 6 3 
student 769: 3 7 18 14 20 9 19 10 15 6 11 17 12 13 16 4 2 8 5 1 
student 770: 4 6 9 19 16 11 13 1 17 18 8 15 7 5 3 20 14 10 12 2 
student 771: 7 9 19 12 13 15 20 10 17 4 16 11 5 8 6 18 2 14 3 1 
student 772: 3 14 17 19 16 9 18 11 20 8 6 13 10 12 7 15 5 4 2 1 
student 773: 5 12 13 18 15 19 16 4 20 11 6 10 8 14 3 17 1 7 9 2 
student 774: 1 9 20 18 16 7 19 14 12 13 5 10 6 15 4 17 8 11 3 2 
student 775: 8 17 19 14 13 4 16 7 18 6 15 11 5 10 12 20 2 9 3 1 
student 776: 2 13 9 14 19 8 20 7 12 5 16 17 11 10 6 18 4 15 3 1 
student 777: 3 14 17 18 19 8 16 15 12 11 7 9 5 10 6 20 2 13 4 1 
student 778: 6 16 20 17 13 7 11 12 15 10 8 3 14 19 4 9 5 18 2 1 
student 779: 11 13 14 18 17 16 15 12 20 3 7 1 9 10 5 19 8 6 2 4 
student 780: 1 17 19 20 18 5 14 12 16 4 9 10 11 13 7 15 2 8 6 3 
student 781: 4 11 17 16 12 8 15 6 18 10 9 14 7 13 5 19 1 20 2 3 
student 782: 2 12 8 18 20 9 16 3 19 1 13 14 7 15 6 17 11 10 5 4 
student 783: 2 13 20 16 18 9 17 11 19 5 10 14 8 12 7 15 6 4 1 3 
student 784: 2 17 18 14 12 9 19 13 20 3 8 16 10 6 5 15 4 11 1 7 
student 785: 10 9 14 18 19 1 12 8 16 4 2 15 7 13 11 20 17 5 3 6 
student 786: 8 3 12 20 11 2 17 16 19 6 13 7 5 14 4 15 1 18 9 10 
student 787: 5 14 20 17 15 11 19 10 16 8 9 2 13 12 4 18 6 7 3 1 
student 788: 3 12 17 19 20 8 9 11 16 7 4 13 10 18 1 15 6 14 5 2 
student 789: 3 16 15 17 19 12 10 6 18 8 11 13 2 9 7 14 5 20 4 1 
student 790: 5 14 18 16 13 8 20 9 17 10 6 12 4 15 7 19 1 11 3 2 
student 791: 6 4 19 20 12 11 1 16 18 3 15 14 10 17 7 9 13 8 2 5 
student 792: 4 17 18 20 19 11 15 12 13 5 7 10 1 16 9 14 6 8 3 2 
student 793: 5 17 18 7 19 11 13 14 1 3 6 12 10 15 9 20 2 8 16 4 
student 794: 2 10 18 20 16 7 13 15 9 11 14 12 4 17 8 19 5 6 3 1 
student 795: 1 12 20 19 18 11 17 4 13 5 7 10 6 14 15 9 8 16 3 2 
student 796: 2 12 20 19 18 15 17 7 14 3 5 11 4 13 9 10 1 6 16 8 
student 797: 1 12 19 18 11 10 15 13 17 6 7 14 8 16 2 20 5 9 4 3 
student 798: 4 6 19 18 20 1 14 13 16 8 7 11 12 17 9 15 5 10 3 2 
student 799: 3 18 19 20 9 7 16 12 14 5 8 4 11 13 17 15 1 10 6 2 
