student 0: 13 7 16 17 20 10 18 14 2 9 3 6 11 1 5 4 8 19 12 15 
student 1: 11 3 12 13 16 6 8 4 2 17 9 7 15 1 5 20 10 19 14 18 
student 2: 8 14 5 20 15 7 10 1 2 18 13 4 12 9 3 16 6 19 11 17 
student 3: 16 11 4 9 14 6 12 13 2 19 15 3 18 5 1 17 8 20 7 10 
student 4: 8 7 12 19 15 3 16 11 1 17 4 6 2 5 9 13 10 20 14 18 
student 5: 18 14 9 19 12 13 11 8 6 17 4 1 15 2 7 20 5 10 3 16 
student 6: 19 7 6 15 13 10 2 5 3 8 1 11 18 4 9 16 12 20 14 17 
student 7: 11 9 12 18 16 4 8 5 10 19 7 3 20 1 6 17 2 14 13 15 
student 8: 10 7 5 16 20 4 11 8 2 19 9 3 18 12 1 17 6 15 14 13 
student 9: 20 1 15 17 10 2 6 14 5 13 4 8 16 9 7 19 11 3 18 12 
student 10: 11 10 17 16 12 9 5 3 2 8 14 1 20 4 6 19 18 15 7 13 
student 11: 7 9 5 20 13 16 17 6 2 15 8 3 18 1 4 19 14 12 10 11 
student 12: 14 6 12 16 18 8 20 5 4 15 10 11 19 3 9 13 1 17 2 7 
student 13: 14 6 15 19 9 12 13 5 2 16 8 3 11 1 7 10 4 20 17 18 
student 14: 16 8 10 17 12 7 14 9 3 13 6 2 20 4 1 19 5 18 11 15 
student 15: 17 3 15 20 2 7 18 14 10 12 6 5 19 1 8 4 9 16 11 13 
student 16: 16 2 3 9 19 10 13 4 5 20 11 7 15 1 8 14 6 17 18 12 
student 17: 11 10 8 14 18 4 17 5 1 16 9 7 15 2 3 19 13 20 6 12 
student 18: 8 17 4 11 19 14 10 1 6 20 12 2 16 7 3 5 13 18 9 15 
student 19: 20 7 12 14 15 9 6 5 1 13 2 18 19 10 8 16 3 17 4 11 
student 20: 14 19 6 10 16 5 13 8 2 20 11 1 18 7 9 3 4 15 12 17 
student 21: 11 16 10 17 19 12 3 13 4 15 7 1 20 5 6 18 2 14 9 8 
student 22: 16 6 10 12 1 13 14 11 4 19 8 2 15 7 9 17 5 20 3 18 
student 23: 13 12 10 16 20 4 7 3 5 18 1 6 19 11 2 14 8 15 9 17 
student 24: 19 10 14 15 20 8 12 1 6 9 2 3 16 5 7 18 11 17 13 4 
student 25: 11 10 8 12 17 7 16 15 5 19 9 4 20 2 3 18 1 13 6 14 
student 26: 16 13 11 12 17 8 10 2 3 19 9 7 18 14 6 4 1 5 15 20 
student 27: 11 2 6 14 16 7 9 4 5 19 10 1 18 15 8 13 3 20 17 12 
student 28: 9 13 10 5 14 7 12 11 2 19 4 8 16 3 1 15 6 20 17 18 
student 29: 15 11 20 12 19 3 8 10 7 17 6 4 18 2 5 9 1 16 13 14 
student 30: 13 9 18 20 11 1 2 7 5 14 10 6 16 4 8 19 15 3 17 12 
student 31: 9 14 7 10 20 2 8 6 3 11 16 4 17 5 1 19 13 18 12 15 
student 32: 2 11 14 17 10 5 15 8 7 12 3 6 19 4 1 20 9 16 13 18 
student 33: 10 9 14 8 18 1 17 7 5 11 6 3 19 2 16 12 4 20 15 13 
student 34: 20 10 12 16 17 8 11 6 1 19 7 4 15 3 2 18 5 13 9 14 
student 35: 17 3 15 13 18 5 7 4 1 9 6 14 20 11 2 16 12 19 8 10 
student 36: 12 11 13 4 14 20 10 7 1 15 9 2 17 3 6 16 5 19 8 18 
student 37: 9 7 15 13 19 6 16 10 1 20 14 3 18 2 12 17 4 11 5 8 
student 38: 15 14 8 20 11 3 6 9 2 16 5 4 17 7 12 18 1 13 19 10 
student 39: 16 1 3 6 19 2 9 10 5 15 11 14 20 7 8 17 4 12 13 18 
student 40: 15 7 11 17 13 4 10 8 5 16 6 18 19 1 9 14 3 20 2 12 
student 41: 8 17 12 16 10 11 15 5 4 19 14 2 13 1 3 20 9 18 7 6 
student 42: 6 9 16 18 10 13 17 7 1 14 19 4 15 2 3 20 8 5 12 11 
student 43: 16 1 11 12 20 6 18 17 5 13 2 7 15 3 4 10 9 19 8 14 
student 44: 7 9 16 18 15 14 12 3 1 20 2 6 19 4 5 8 10 13 11 17 
student 45: 6 4 12 19 14 9 16 11 3 17 1 2 18 5 7 20 8 15 10 13 
student 46: 2 11 15 16 20 8 19 5 3 14 9 1 17 6 4 18 7 13 12 10 
student 47: 13 6 18 12 16 3 7 1 4 19 10 5 20 8 2 17 9 14 15 11 
student 48: 11 1 2 18 19 10 8 3 7 14 12 9 16 4 15 20 6 17 5 13 
student 49: 17 16 7 12 14 8 18 11 1 13 9 3 15 4 2 19 5 20 6 10 
student 50: 10 7 11 13 15 6 9 1 2 18 19 4 16 5 3 17 8 20 12 14 
student 51: 14 6 13 19 16 3 18 1 4 15 12 2 20 5 9 11 7 17 8 10 
student 52: 11 6 10 17 20 16 7 4 2 19 13 3 18 1 9 15 5 14 8 12 
student 53: 11 13 6 19 14 16 8 2 4 9 5 7 20 1 3 18 10 17 15 12 
student 54: 14 12 15 13 16 20 6 3 9 19 1 4 17 7 2 8 5 18 10 11 
student 55: 9 10 1 5 16 3 15 13 4 19 14 7 11 6 8 12 2 17 20 18 
student 56: 6 9 11 13 16 10 12 19 7 14 1 2 18 4 3 17 5 20 15 8 
student 57: 17 4 12 14 10 9 13 2 1 19 11 6 20 8 3 15 7 18 16 5 
student 58: 13 6 18 8 20 5 12 9 4 17 10 1 19 3 2 15 11 16 14 7 
student 59: 14 7 17 11 20 3 19 4 6 13 9 12 16 1 2 18 5 15 10 8 
student 60: 6 18 9 15 13 12 7 2 3 17 4 5 19 1 11 16 8 20 10 14 
student 61: 13 8 9 17 14 4 18 15 5 19 3 2 16 1 6 10 7 20 12 11 
student 62: 13 7 5 17 16 3 12 10 6 19 9 1 20 4 8 18 2 14 11 15 
student 63: 8 16 7 15 18 9 14 6 5 10 1 11 20 2 4 17 3 19 13 12 
student 64: 5 12 13 20 16 3 8 10 6 19 11 7 17 2 1 18 15 9 14 4 
student 65: 5 11 12 19 16 3 13 6 1 17 2 18 15 4 8 14 7 20 10 9 
student 66: 14 7 4 17 20 5 8 16 1 15 13 6 19 2 3 18 10 9 11 12 
student 67: 16 15 10 12 19 1 7 11 4 14 3 5 20 9 8 18 2 13 6 17 
student 68: 13 3 12 14 17 1 9 11 2 19 8 10 20 4 5 18 7 16 6 15 
student 69: 16 7 11 18 19 4 12 1 15 20 9 8 14 3 2 10 5 13 6 17 
student 70: 6 16 13 18 1 3 19 9 8 20 7 4 14 5 2 15 12 11 10 17 
student 71: 20 13 7 14 11 3 10 8 6 19 9 16 17 1 4 18 5 15 2 12 
student 72: 11 15 14 17 8 4 10 6 3 20 13 12 16 2 5 19 1 18 7 9 
student 73: 16 10 1 13 17 6 12 8 3 15 9 19 18 5 4 14 2 20 7 11 
student 74: 11 20 12 6 16 5 10 3 1 14 19 9 17 4 7 13 15 18 2 8 
student 75: 12 6 10 7 17 11 18 2 3 13 5 1 14 15 4 19 9 16 8 20 
student 76: 13 6 17 19 16 8 7 2 5 18 3 12 15 14 1 11 4 9 20 10 
student 77: 18 8 14 13 20 9 17 11 2 19 10 4 15 1 3 16 5 12 7 6 
student 78: 11 6 10 19 7 13 17 9 3 16 2 14 12 1 8 20 4 15 5 18 
student 79: 14 10 7 4 15 3 13 5 6 19 9 12 20 11 2 18 1 16 8 17 
student 80: 11 13 12 15 9 6 4 8 20 14 10 5 17 1 7 18 2 16 3 19 
student 81: 19 5 13 11 7 1 16 8 9 17 10 3 18 4 2 20 12 14 15 6 
student 82: 16 8 11 9 18 7 12 10 2 20 3 1 14 6 5 19 4 13 15 17 
student 83: 14 20 9 7 17 4 12 11 5 18 6 8 13 10 1 16 2 19 3 15 
student 84: 17 15 12 16 2 10 11 4 7 20 6 3 19 1 5 14 8 18 9 13 
student 85: 13 9 11 16 17 8 12 3 1 20 2 7 18 6 4 19 5 15 10 14 
student 86: 9 11 20 15 10 6 7 3 2 17 13 1 19 8 5 12 4 18 14 16 
student 87: 10 9 6 13 16 12 7 1 2 18 15 3 17 4 5 14 8 20 11 19 
student 88: 16 7 13 14 9 1 17 8 6 15 12 4 20 5 11 19 2 18 3 10 
student 89: 14 8 1 18 19 2 17 13 6 16 10 4 20 7 5 15 3 11 12 9 
student 90: 17 10 14 13 15 11 9 6 7 18 8 5 20 4 1 12 3 19 2 16 
student 91: 16 12 13 17 14 7 8 11 4 20 2 6 15 9 1 19 5 18 3 10 
student 92: 9 12 10 14 17 13 8 11 5 20 1 3 19 2 7 18 4 16 6 15 
student 93: 10 19 13 7 16 12 15 3 5 4 11 9 14 1 8 18 2 17 6 20 
student 94: 13 7 6 11 16 9 8 3 2 17 5 1 19 10 4 18 14 20 12 15 
student 95: 4 10 6 14 11 8 17 15 3 20 13 5 19 18 2 16 1 12 7 9 
student 96: 15 8 11 17 13 2 5 6 4 10 12 3 20 9 7 19 1 14 16 18 
student 97: 10 4 20 18 12 11 13 6 1 19 17 9 5 8 2 14 7 16 3 15 
student 98: 9 20 5 11 13 6 12 19 1 15 4 3 16 10 2 8 7 18 17 14 
student 99: 16 10 12 7 20 5 9 1 11 13 3 6 19 2 8 17 4 18 15 14 
student 100: 19 6 8 12 17 13 10 7 4 20 9 5 16 2 1 15 3 14 11 18 
student 101: 16 8 14 5 19 15 18 4 7 6 13 9 12 2 3 20 1 10 11 17 
student 102: 12 18 2 13 16 3 20 11 6 14 4 7 15 5 1 17 8 19 10 9 
student 103: 14 17 9 10 19 6 5 15 1 18 11 4 20 2 3 7 13 16 8 12 
student 104: 17 13 12 10 15 6 8 7 2 16 4 3 20 1 5 18 9 19 11 14 
student 105: 15 14 5 8 13 4 9 11 2 16 3 1 20 12 10 18 6 19 7 17 
student 106: 5 12 9 16 18 10 8 1 2 19 7 4 17 11 3 15 6 20 13 14 
student 107: 13 14 8 17 20 3 18 5 2 11 6 1 19 4 7 9 12 15 10 16 
student 108: 14 10 6 7 18 4 12 8 3 17 20 11 16 2 5 13 1 15 9 19 
student 109: 7 12 13 10 18 3 15 9 1 20 11 2 19 4 5 17 6 16 14 8 
student 110: 19 2 15 11 16 5 18 10 1 17 6 8 20 3 7 12 9 14 13 4 
student 111: 6 7 10 14 15 5 17 11 8 9 3 4 20 1 2 18 12 19 13 16 
student 112: 13 1 10 19 12 9 11 8 2 17 14 5 18 7 3 16 6 20 4 15 
student 113: 13 12 8 19 18 11 10 6 1 16 9 3 17 7 2 15 4 20 14 5 
student 114: 14 5 9 11 20 2 13 6 3 18 12 7 17 4 10 15 1 16 8 19 
student 115: 10 18 11 14 6 2 13 15 9 17 4 3 19 5 7 20 1 16 8 12 
student 116: 14 3 7 8 15 11 16 5 1 20 9 4 12 6 2 13 10 19 17 18 
student 117: 18 3 17 14 15 4 13 19 9 12 11 5 20 1 7 16 2 8 6 10 
student 118: 10 8 15 13 16 1 9 11 2 18 6 5 17 4 7 20 3 19 14 12 
student 119: 19 16 3 11 15 9 12 14 2 17 1 7 20 4 5 10 8 6 18 13 
student 120: 15 14 6 8 13 5 12 3 9 17 7 4 19 1 11 18 2 16 10 20 
student 121: 16 2 12 18 15 5 14 6 3 19 17 1 20 8 4 11 9 13 7 10 
student 122: 4 9 13 5 12 6 10 11 1 17 3 16 18 2 8 15 7 19 14 20 
student 123: 6 14 4 15 16 12 7 5 13 18 3 1 19 9 2 8 10 20 11 17 
student 124: 20 5 14 17 7 4 11 1 6 16 3 13 19 2 12 9 8 18 10 15 
student 125: 16 9 8 10 18 6 11 7 3 19 15 2 17 4 1 20 5 14 12 13 
student 126: 4 15 13 18 12 5 11 16 2 10 8 3 20 1 6 19 7 14 9 17 
student 127: 12 2 5 16 18 4 14 11 6 20 7 3 19 9 1 8 10 15 13 17 
student 128: 9 12 16 14 20 5 11 7 2 18 8 6 19 4 1 15 3 17 10 13 
student 129: 10 7 11 13 12 5 16 9 4 18 8 14 20 2 3 19 6 15 1 17 
student 130: 8 7 11 15 17 5 18 6 2 20 12 13 14 4 1 19 3 10 9 16 
student 131: 13 8 10 18 14 15 19 7 1 11 4 6 20 2 5 17 3 16 9 12 
student 132: 10 13 15 4 20 9 17 11 2 18 6 7 19 5 1 16 3 14 12 8 
student 133: 13 3 15 5 14 1 12 17 4 18 7 10 19 2 8 11 6 16 9 20 
student 134: 13 5 15 20 6 10 4 7 9 18 3 1 12 8 14 16 2 19 11 17 
student 135: 10 12 13 16 19 2 11 17 5 14 4 6 20 3 1 15 7 18 8 9 
student 136: 13 10 20 19 4 8 6 7 11 18 14 3 15 1 5 17 2 16 9 12 
student 137: 15 12 6 16 19 8 11 9 2 18 13 1 20 4 5 17 7 14 3 10 
student 138: 11 8 16 14 18 10 6 3 2 20 1 12 15 4 5 17 7 19 9 13 
student 139: 10 13 8 11 18 14 9 5 2 19 3 6 20 7 4 16 1 12 17 15 
student 140: 15 10 6 17 8 12 14 2 11 16 9 3 19 1 4 7 5 18 13 20 
student 141: 10 11 9 19 14 6 15 1 4 16 12 3 18 2 5 20 7 17 8 13 
student 142: 17 11 3 7 19 9 14 8 2 12 10 1 20 4 6 18 5 16 15 13 
student 143: 10 19 17 13 11 5 3 9 2 14 6 4 15 8 7 20 1 18 16 12 
student 144: 3 1 8 14 20 7 17 11 6 19 4 12 15 2 5 18 9 16 13 10 
student 145: 15 14 8 13 17 11 12 9 5 20 4 3 16 2 1 18 6 19 7 10 
student 146: 12 1 8 15 19 4 16 14 2 20 7 6 18 3 9 11 5 17 10 13 
student 147: 20 8 15 17 6 11 12 13 2 16 4 9 18 1 3 7 5 19 10 14 
student 148: 15 10 11 17 9 4 18 7 3 12 8 13 20 5 1 14 2 16 6 19 
student 149: 6 13 8 17 11 5 15 10 1 19 12 9 18 4 2 16 3 20 7 14 
student 150: 9 2 19 13 14 3 11 15 4 16 8 5 18 1 6 12 7 20 10 17 
student 151: 12 4 10 18 16 13 7 15 3 19 2 9 20 1 11 6 17 14 5 8 
student 152: 6 12 7 15 17 8 11 16 3 20 13 5 18 1 4 19 2 10 9 14 
student 153: 4 1 15 13 19 10 12 14 5 17 8 7 18 6 3 16 2 20 9 11 
student 154: 15 2 8 12 11 4 10 1 5 19 14 6 20 3 7 17 9 18 13 16 
student 155: 6 3 13 15 16 14 10 12 11 18 5 1 20 2 9 19 7 17 4 8 
student 156: 13 8 9 15 17 7 11 5 4 19 1 2 20 3 6 14 10 12 18 16 
student 157: 17 11 15 14 13 5 20 12 2 16 9 7 19 4 1 18 10 6 8 3 
student 158: 11 6 17 2 9 5 13 7 1 19 4 15 16 8 12 18 3 20 10 14 
student 159: 12 14 13 18 9 6 15 2 3 20 8 5 19 1 4 11 7 17 10 16 
student 160: 19 13 6 17 11 5 12 1 3 14 10 2 18 7 8 16 4 20 15 9 
student 161: 14 15 10 7 17 2 13 11 9 12 8 3 19 1 6 18 5 16 4 20 
student 162: 15 8 13 16 14 4 7 9 1 19 10 3 17 2 5 20 6 18 11 12 
student 163: 7 6 4 14 15 9 19 8 2 20 11 5 17 1 3 18 10 16 12 13 
student 164: 15 4 13 14 19 1 18 10 7 16 12 8 17 9 3 5 6 20 2 11 
student 165: 9 12 7 19 15 6 20 10 4 14 2 11 17 1 3 18 8 16 5 13 
student 166: 2 9 16 10 13 6 18 5 3 19 11 7 12 4 1 17 8 20 15 14 
student 167: 18 13 9 20 16 7 10 6 1 19 8 2 17 4 3 15 5 12 11 14 
student 168: 11 15 8 16 20 1 10 7 9 17 6 5 19 4 2 3 12 18 13 14 
student 169: 14 12 8 15 17 11 6 3 4 19 5 1 16 13 2 20 7 9 18 10 
student 170: 10 18 9 12 16 7 5 11 1 19 8 3 20 6 2 15 4 17 14 13 
student 171: 17 9 12 14 16 1 6 5 10 18 13 7 20 2 8 19 4 15 3 11 
student 172: 19 11 12 15 9 6 7 8 2 20 14 4 13 10 5 18 1 3 16 17 
student 173: 11 15 12 20 6 7 16 8 5 10 13 3 17 1 2 14 4 19 18 9 
student 174: 16 11 10 1 15 14 18 7 5 20 6 4 12 3 2 17 8 19 9 13 
student 175: 17 9 4 20 14 10 12 2 1 18 5 6 16 8 3 11 7 19 13 15 
student 176: 13 1 12 15 16 3 7 17 2 19 6 9 11 4 5 14 10 20 8 18 
student 177: 10 6 7 14 15 2 8 9 4 17 5 11 20 3 1 16 12 19 13 18 
student 178: 4 13 11 12 18 5 14 9 3 20 19 6 16 2 1 8 7 15 10 17 
student 179: 12 13 15 11 17 2 9 6 3 19 7 1 14 4 5 20 8 16 10 18 
student 180: 8 9 10 15 16 7 12 5 3 20 6 4 19 1 13 14 2 18 11 17 
student 181: 10 19 3 15 20 8 12 7 2 16 9 4 18 6 1 17 5 14 11 13 
student 182: 2 7 11 16 15 10 12 8 1 14 18 5 19 3 6 20 4 17 9 13 
student 183: 8 10 15 16 17 9 7 12 3 18 5 2 19 1 6 20 13 11 14 4 
student 184: 17 15 19 20 16 7 5 6 1 10 14 11 18 2 3 13 4 8 12 9 
student 185: 7 10 16 20 15 9 6 8 2 17 11 1 14 3 4 13 5 19 12 18 
student 186: 15 8 6 16 10 13 14 1 3 11 12 9 7 4 2 20 5 19 17 18 
student 187: 12 1 2 18 6 9 13 11 8 19 5 7 17 10 3 15 4 20 14 16 
student 188: 12 7 2 11 13 3 10 6 9 20 5 18 19 15 8 17 1 16 4 14 
student 189: 15 10 11 18 14 9 7 12 2 17 5 8 20 3 4 13 1 16 6 19 
student 190: 13 6 11 16 17 5 10 2 4 19 3 1 15 8 7 18 9 14 12 20 
student 191: 13 3 11 2 19 6 12 10 4 20 18 15 14 1 5 16 9 7 8 17 
student 192: 18 7 20 16 19 6 11 1 2 15 10 5 17 3 4 12 8 14 9 13 
student 193: 17 13 10 5 18 8 12 4 1 15 6 2 16 3 7 19 9 20 14 11 
student 194: 8 10 7 16 13 2 17 11 1 19 14 9 18 3 4 12 5 20 6 15 
student 195: 4 7 16 17 20 12 9 2 1 19 10 6 13 5 3 15 8 18 11 14 
student 196: 12 4 7 20 16 5 14 9 6 19 8 2 1 3 10 18 11 17 13 15 
student 197: 7 12 19 17 9 10 15 13 3 16 8 6 20 1 2 11 4 5 14 18 
student 198: 6 5 19 15 12 7 17 4 2 20 11 10 14 1 3 16 8 18 9 13 
student 199: 12 14 11 10 19 3 13 7 1 18 9 4 17 6 2 16 5 20 8 15 
student 200: 10 6 18 9 15 7 13 8 3 19 12 2 11 1 5 20 4 17 14 16 
student 201: 10 9 14 13 18 11 6 8 4 15 3 1 17 5 7 20 2 16 12 19 
student 202: 8 17 14 12 19 11 10 6 5 15 7 1 20 2 4 18 13 3 9 16 
student 203: 14 2 18 12 15 7 11 8 3 20 13 6 16 1 5 17 4 19 10 9 
student 204: 16 5 13 12 8 6 17 11 3 4 15 7 18 1 2 19 10 20 14 9 
student 205: 16 15 12 19 10 1 11 8 3 20 2 4 17 9 6 13 5 18 14 7 
student 206: 14 1 5 15 11 4 6 7 2 19 16 9 20 10 8 18 13 17 3 12 
student 207: 20 10 9 14 15 7 11 8 1 18 17 5 19 2 3 13 4 16 6 12 
student 208: 11 16 13 15 12 4 3 9 5 19 10 7 18 6 8 20 1 17 14 2 
student 209: 2 12 7 14 6 9 17 11 1 20 4 10 19 5 3 18 8 15 16 13 
student 210: 7 8 16 13 6 5 17 10 3 18 14 4 19 1 11 15 2 20 12 9 
student 211: 13 7 12 17 18 9 10 2 1 19 8 4 20 5 3 15 11 6 14 16 
student 212: 15 11 13 5 17 6 9 7 1 20 2 4 14 10 8 19 3 16 12 18 
student 213: 16 11 12 19 15 6 8 7 4 9 2 10 18 1 5 14 3 20 17 13 
student 214: 13 6 14 5 17 15 16 4 2 18 19 8 20 1 10 9 3 12 7 11 
student 215: 17 9 16 15 20 7 11 8 4 12 14 2 18 5 1 19 3 13 6 10 
student 216: 15 11 12 9 16 7 14 10 3 17 5 1 19 2 6 20 4 13 8 18 
student 217: 17 8 11 15 18 13 14 7 2 19 9 1 20 3 4 12 5 16 10 6 
student 218: 12 8 9 19 17 2 14 1 5 18 10 6 20 4 13 16 3 15 7 11 
student 219: 14 8 1 5 17 3 9 11 7 20 16 2 19 4 13 10 6 18 12 15 
student 220: 17 9 5 14 13 8 18 1 3 11 15 7 16 2 4 6 10 20 12 19 
student 221: 11 9 14 18 20 19 10 5 4 13 6 2 17 1 7 16 3 15 12 8 
student 222: 13 17 7 14 18 10 12 6 5 15 4 9 11 2 8 16 3 20 1 19 
student 223: 13 18 12 14 17 8 9 6 2 7 11 3 19 4 1 20 5 16 10 15 
student 224: 13 10 6 11 14 4 12 7 3 17 16 8 18 1 2 19 5 20 9 15 
student 225: 17 10 7 18 15 6 13 8 1 16 5 9 20 2 3 19 4 14 11 12 
student 226: 11 20 6 12 15 9 17 5 1 16 7 4 19 2 3 14 8 18 10 13 
student 227: 20 9 10 13 18 8 12 17 7 1 6 5 19 2 4 15 3 16 14 11 
student 228: 16 8 12 17 14 5 6 2 3 18 10 9 20 1 7 11 4 19 13 15 
student 229: 9 15 10 17 14 5 6 4 1 19 3 8 18 7 2 16 11 20 12 13 
student 230: 13 10 4 5 12 14 15 2 6 20 9 1 16 7 8 17 11 18 3 19 
student 231: 16 15 6 8 14 10 17 2 1 18 12 5 19 3 7 13 4 20 9 11 
student 232: 16 19 9 12 20 1 8 4 3 14 6 7 17 5 2 11 18 13 15 10 
student 233: 12 19 9 20 18 13 15 4 1 16 7 2 11 8 5 10 3 17 14 6 
student 234: 7 18 17 10 12 9 20 1 3 14 4 16 19 8 2 15 5 13 6 11 
student 235: 10 7 12 16 13 6 9 20 1 19 15 8 18 3 5 17 2 14 4 11 
student 236: 12 9 11 19 18 3 15 7 4 17 6 5 16 1 10 20 2 8 14 13 
student 237: 13 12 15 14 7 1 16 10 2 18 4 6 11 3 5 17 8 20 9 19 
student 238: 8 6 7 17 16 13 19 15 1 9 3 11 18 2 4 20 5 14 10 12 
student 239: 20 16 7 15 17 3 13 5 12 11 19 6 18 9 1 4 10 2 14 8 
student 240: 15 12 17 7 5 1 11 9 2 20 8 4 19 3 10 16 6 14 18 13 
student 241: 9 1 20 19 12 7 5 16 2 18 6 14 17 3 4 11 13 8 10 15 
student 242: 12 15 14 19 13 9 10 8 1 3 5 7 18 4 2 16 6 20 11 17 
student 243: 6 8 11 14 17 5 13 12 3 19 7 9 20 1 2 10 15 18 4 16 
student 244: 10 17 8 16 18 14 11 1 2 7 4 9 12 5 6 15 3 20 13 19 
student 245: 18 7 10 19 13 6 20 9 1 15 8 5 16 4 2 12 3 17 11 14 
student 246: 13 10 16 9 18 14 11 3 4 19 12 6 20 2 1 17 5 15 7 8 
student 247: 11 8 14 5 16 9 10 4 2 18 12 7 20 3 6 19 1 17 13 15 
student 248: 14 12 17 6 13 3 9 5 4 18 16 8 19 7 1 15 2 10 11 20 
student 249: 19 4 6 18 13 1 15 11 2 17 12 5 20 9 3 8 7 14 10 16 
student 250: 13 6 7 12 14 3 10 5 1 17 19 9 18 8 4 20 2 15 11 16 
student 251: 12 9 7 15 17 13 14 5 4 11 10 2 19 1 6 18 3 20 8 16 
student 252: 20 10 16 12 5 8 14 13 1 19 4 2 9 3 11 17 7 15 6 18 
student 253: 8 11 14 13 15 9 17 6 2 16 5 1 18 7 3 20 4 19 10 12 
student 254: 12 18 5 14 15 10 11 6 1 17 4 2 20 3 7 16 8 19 9 13 
student 255: 13 12 14 6 17 7 5 15 2 18 9 8 20 1 4 16 3 19 10 11 
student 256: 4 15 7 19 9 6 12 17 1 18 8 3 10 2 11 16 14 20 5 13 
student 257: 8 12 6 17 13 5 14 11 2 19 10 7 20 3 1 15 18 16 4 9 
student 258: 17 15 11 9 20 8 1 10 3 19 13 5 12 4 2 16 6 18 14 7 
student 259: 9 20 7 14 12 2 10 11 1 16 3 8 15 5 4 19 18 17 6 13 
student 260: 14 5 13 15 10 8 20 11 1 12 3 6 19 2 7 17 4 18 9 16 
student 261: 17 14 4 7 20 15 12 9 1 19 3 6 18 2 13 10 8 11 5 16 
student 262: 16 15 9 13 17 4 10 12 3 18 5 6 20 2 7 14 1 11 8 19 
student 263: 10 4 9 19 11 20 8 6 2 13 15 1 18 5 3 14 12 17 7 16 
student 264: 3 4 18 15 13 5 11 10 1 19 8 7 20 2 6 16 14 17 9 12 
student 265: 16 12 13 10 9 14 5 2 7 15 11 1 20 3 6 18 8 19 4 17 
student 266: 17 10 6 16 14 15 11 5 2 19 8 12 20 1 4 18 3 7 9 13 
student 267: 5 10 7 18 14 11 16 8 4 17 12 6 20 3 1 2 9 15 13 19 
student 268: 8 6 14 19 17 10 13 3 1 18 4 9 15 5 2 20 7 16 12 11 
student 269: 19 2 13 14 17 3 15 4 12 18 6 1 20 10 7 9 5 16 11 8 
student 270: 13 4 8 16 11 10 12 5 7 20 1 2 15 9 6 18 3 19 17 14 
student 271: 11 4 10 18 12 3 13 7 14 19 16 2 20 1 5 17 6 9 8 15 
student 272: 7 12 8 19 15 5 16 4 11 17 14 2 20 6 1 10 3 18 13 9 
student 273: 13 6 3 16 17 1 12 10 2 20 5 8 18 4 7 14 15 19 9 11 
student 274: 12 5 3 18 15 6 2 10 4 16 9 8 20 19 1 14 11 17 13 7 
student 275: 8 6 11 15 18 9 7 5 4 20 12 1 19 3 10 13 2 14 16 17 
student 276: 12 3 10 16 18 7 13 4 6 9 5 1 19 2 8 17 14 20 15 11 
student 277: 4 14 7 16 20 2 6 5 1 17 13 3 15 10 19 12 8 9 18 11 
student 278: 12 7 8 13 15 4 6 19 2 20 9 5 16 3 10 14 1 18 17 11 
student 279: 15 17 5 11 13 9 8 12 4 19 6 10 20 1 2 18 7 16 14 3 
student 280: 13 12 20 8 17 5 6 10 2 14 11 9 16 3 1 15 7 19 4 18 
student 281: 7 2 13 16 15 6 4 11 5 20 10 9 19 1 8 14 3 18 17 12 
student 282: 13 5 8 19 16 7 15 14 1 20 11 3 12 2 9 18 4 17 6 10 
student 283: 15 4 10 20 16 7 14 5 8 3 11 1 17 2 6 9 13 12 18 19 
student 284: 14 10 13 17 12 2 8 6 9 18 7 3 20 1 5 15 4 19 11 16 
student 285: 10 1 14 16 15 12 18 6 3 13 7 2 19 4 8 17 5 20 11 9 
student 286: 16 12 4 14 10 3 6 11 2 18 8 7 20 5 9 19 1 17 15 13 
student 287: 8 14 7 18 17 5 13 4 1 19 12 3 20 2 10 16 6 11 15 9 
student 288: 11 8 13 12 16 2 14 7 1 20 5 4 17 3 6 15 9 18 10 19 
student 289: 13 15 6 16 11 14 3 4 8 18 7 5 19 1 9 12 2 17 10 20 
student 290: 6 4 17 12 20 10 15 5 3 16 14 2 18 8 1 13 7 19 11 9 
student 291: 12 5 9 15 16 13 4 7 6 17 11 2 20 1 10 19 3 18 8 14 
student 292: 19 5 12 13 14 10 6 11 1 17 8 9 20 4 3 18 2 15 7 16 
student 293: 9 1 14 13 17 6 15 10 2 19 11 8 16 7 5 3 4 20 12 18 
student 294: 6 15 13 16 19 9 18 5 2 17 8 3 20 12 1 11 4 7 10 14 
student 295: 19 9 14 11 15 2 8 6 3 13 12 7 20 4 1 18 5 16 10 17 
student 296: 14 5 9 10 20 6 11 13 4 16 3 1 17 2 7 19 15 18 8 12 
student 297: 10 17 19 12 11 4 15 7 2 14 8 5 13 3 1 18 6 20 16 9 
student 298: 20 12 16 10 13 2 19 6 5 18 3 1 17 4 8 14 9 11 7 15 
student 299: 18 1 10 6 15 9 13 8 2 17 19 5 20 7 3 14 4 11 12 16 
student 300: 7 6 10 12 17 11 19 5 3 20 13 4 14 1 2 15 8 18 16 9 
student 301: 20 7 11 17 16 4 1 15 2 19 10 8 13 9 5 18 3 14 6 12 
student 302: 10 5 16 17 18 9 6 15 2 20 8 3 12 7 1 11 13 19 14 4 
student 303: 16 14 12 19 17 10 15 5 7 20 13 2 11 1 3 18 4 8 9 6 
student 304: 10 7 6 9 16 5 15 2 1 8 20 4 19 13 3 17 11 18 12 14 
student 305: 7 12 14 10 17 9 11 6 3 18 2 1 20 4 5 16 8 15 13 19 
student 306: 5 8 15 17 18 2 10 3 1 16 7 9 12 6 11 20 4 19 13 14 
student 307: 4 17 11 15 19 13 10 6 12 20 2 7 14 5 9 16 3 18 1 8 
student 308: 13 14 5 9 17 2 12 3 1 18 4 7 20 6 8 11 15 19 10 16 
student 309: 10 11 7 14 18 6 17 13 1 16 9 2 19 3 4 15 5 20 8 12 
student 310: 18 11 20 12 14 4 17 6 1 19 9 5 16 2 3 13 7 15 8 10 
student 311: 15 7 10 12 18 13 11 4 3 19 8 5 16 2 1 20 9 17 6 14 
student 312: 15 3 11 12 5 9 13 14 2 20 8 6 17 7 1 18 4 19 10 16 
student 313: 17 8 13 20 14 4 15 11 7 10 5 3 18 2 1 16 6 19 9 12 
student 314: 16 11 13 12 15 8 9 6 3 19 4 5 18 10 2 20 1 17 7 14 
student 315: 17 8 10 19 12 3 16 7 2 18 5 13 20 9 4 14 1 11 6 15 
student 316: 10 5 17 13 16 8 9 6 1 12 15 3 11 2 4 20 18 19 14 7 
student 317: 8 11 10 17 13 18 12 6 3 16 5 7 20 1 4 14 2 19 15 9 
student 318: 7 6 5 20 16 4 14 8 2 15 12 9 18 3 1 17 11 13 10 19 
student 319: 14 8 10 13 15 3 12 5 9 16 6 2 18 1 4 19 11 17 7 20 
student 320: 17 20 11 18 3 1 12 13 4 16 7 2 19 5 10 6 8 15 9 14 
student 321: 14 7 20 11 12 9 18 1 2 19 5 3 13 4 8 15 10 17 6 16 
student 322: 14 9 15 13 16 6 11 10 2 7 18 12 19 5 1 17 4 20 8 3 
student 323: 9 3 7 20 12 15 14 11 1 17 2 13 19 6 5 18 4 10 8 16 
student 324: 8 16 10 14 13 4 15 9 2 20 7 1 17 3 6 18 5 19 11 12 
student 325: 8 9 13 11 20 6 14 12 2 15 10 5 19 7 1 17 4 3 16 18 
student 326: 9 10 15 14 19 5 1 11 7 18 20 4 13 2 3 12 8 16 6 17 
student 327: 8 5 17 9 13 2 18 6 1 16 10 3 19 4 7 12 11 14 15 20 
student 328: 17 9 10 18 20 3 11 6 2 16 7 4 8 1 5 13 15 19 14 12 
student 329: 12 15 7 14 6 9 16 4 8 17 13 10 18 3 2 19 1 20 5 11 
student 330: 9 7 11 16 6 5 19 10 17 18 1 12 15 2 3 20 4 14 8 13 
student 331: 13 2 17 16 8 6 12 9 4 15 14 5 20 3 1 19 7 11 10 18 
student 332: 13 10 5 15 17 6 16 11 2 19 12 4 7 1 3 18 8 20 9 14 
student 333: 19 7 9 4 14 2 13 3 1 17 12 15 20 8 6 11 5 18 16 10 
student 334: 16 8 3 15 11 5 10 2 4 13 7 14 20 1 6 17 18 19 9 12 
student 335: 10 15 16 12 20 2 19 3 7 18 11 5 14 6 9 17 1 8 4 13 
student 336: 15 13 9 14 17 7 2 6 5 19 11 4 20 3 1 12 8 18 10 16 
student 337: 10 13 19 17 7 1 12 9 8 11 3 4 16 2 5 18 14 20 6 15 
student 338: 13 2 12 17 20 7 15 4 16 18 6 1 8 9 3 19 5 10 11 14 
student 339: 16 8 6 12 15 10 11 7 5 17 14 1 9 4 3 13 2 20 18 19 
student 340: 18 9 10 16 13 2 14 8 1 20 4 12 11 6 5 15 3 19 7 17 
student 341: 6 13 11 17 14 5 12 4 1 20 7 9 10 2 3 18 16 19 15 8 
student 342: 10 20 9 15 17 5 6 7 1 16 8 2 11 3 4 18 12 19 13 14 
student 343: 9 5 17 16 19 7 6 10 12 14 8 1 20 2 3 15 4 11 13 18 
student 344: 8 10 17 12 15 6 11 7 2 19 5 1 16 4 9 18 3 20 14 13 
student 345: 9 8 11 14 18 2 1 15 3 19 12 7 17 10 5 20 6 13 4 16 
student 346: 20 1 5 14 10 4 8 6 2 19 9 13 16 3 7 15 11 18 17 12 
student 347: 11 9 7 14 18 8 13 12 2 16 5 3 19 15 1 10 4 20 6 17 
student 348: 13 8 6 16 15 4 12 7 1 14 20 5 19 2 3 18 10 17 9 11 
student 349: 10 20 17 3 12 8 18 4 1 15 11 9 19 2 7 16 6 14 5 13 
student 350: 19 9 2 18 11 1 10 5 4 17 6 7 20 3 13 15 8 14 16 12 
student 351: 10 12 14 15 19 11 20 5 1 18 13 7 17 2 6 16 3 4 8 9 
student 352: 11 14 7 20 10 2 16 12 13 19 8 3 15 5 4 18 1 17 6 9 
student 353: 15 7 13 6 17 10 18 16 3 11 9 4 14 2 8 20 5 19 1 12 
student 354: 16 17 10 20 13 4 12 6 5 18 11 14 7 2 3 15 1 19 9 8 
student 355: 7 13 1 18 14 12 17 3 6 15 5 11 19 10 9 20 4 16 2 8 
student 356: 14 11 8 6 15 4 9 5 7 17 12 3 20 10 1 19 2 18 13 16 
student 357: 12 11 2 16 14 8 13 6 1 18 9 5 19 4 3 10 7 15 17 20 
student 358: 17 4 9 14 12 1 11 10 2 18 7 3 19 5 6 15 8 20 13 16 
student 359: 10 14 7 16 20 3 8 6 4 18 9 17 15 5 1 12 2 19 11 13 
student 360: 11 5 12 8 18 13 9 3 2 14 10 6 17 7 1 20 4 19 15 16 
student 361: 10 12 4 13 17 5 9 7 2 19 11 1 20 16 8 14 3 6 18 15 
student 362: 6 18 16 15 12 2 17 10 4 14 7 3 20 13 5 11 8 19 9 1 
student 363: 8 14 2 16 11 3 13 12 1 19 9 10 18 4 6 20 7 17 5 15 
student 364: 20 10 13 16 15 7 12 8 1 19 11 4 14 3 2 17 5 18 9 6 
student 365: 5 11 7 18 16 3 8 14 4 2 12 9 19 6 1 17 13 20 15 10 
student 366: 8 15 9 16 18 4 13 10 2 20 5 3 17 1 12 11 6 14 19 7 
student 367: 6 12 17 8 15 1 14 7 2 16 11 3 20 5 4 10 9 18 13 19 
student 368: 19 7 9 18 12 4 10 8 3 20 2 5 13 1 6 16 15 14 11 17 
student 369: 19 9 8 14 17 12 16 6 1 18 7 4 20 3 2 15 5 13 10 11 
student 370: 11 9 15 18 1 8 13 6 2 17 20 5 19 7 3 16 4 10 12 14 
student 371: 12 8 4 11 18 6 7 2 3 17 9 5 15 10 1 19 14 20 13 16 
student 372: 11 5 10 15 18 1 16 4 2 14 17 6 19 3 7 20 8 12 9 13 
student 373: 13 12 5 10 19 3 15 1 8 9 11 2 18 4 6 20 7 17 14 16 
student 374: 15 3 10 16 5 14 18 6 9 19 2 4 12 8 1 20 13 17 7 11 
student 375: 9 11 12 16 17 6 3 7 2 19 13 4 14 5 1 10 20 18 8 15 
student 376: 13 14 6 17 8 10 1 9 3 18 15 2 20 4 5 19 7 12 11 16 
student 377: 16 11 12 15 7 3 14 10 1 18 8 5 19 2 6 13 9 20 4 17 
student 378: 12 4 10 18 15 9 11 17 1 16 7 5 20 6 2 19 3 14 8 13 
student 379: 9 11 6 13 17 2 14 12 8 19 4 1 20 7 5 18 3 16 10 15 
student 380: 16 11 7 13 10 9 17 8 1 19 2 4 20 6 15 14 5 12 3 18 
student 381: 9 17 20 12 15 7 11 4 2 10 5 3 18 8 1 19 6 16 13 14 
student 382: 15 9 3 19 18 5 13 10 7 11 12 4 20 6 8 17 1 16 2 14 
student 383: 13 14 12 16 20 7 15 6 1 18 17 10 19 3 2 5 4 8 9 11 
student 384: 5 6 11 13 12 9 4 20 3 18 1 2 14 10 19 16 8 17 7 15 
student 385: 17 11 8 9 12 6 13 7 2 20 10 3 14 1 5 19 4 15 18 16 
student 386: 15 10 2 9 11 5 13 6 3 16 19 7 12 1 14 20 8 18 4 17 
student 387: 5 8 16 20 17 13 9 3 1 19 11 4 18 2 6 14 7 12 15 10 
student 388: 13 4 19 20 15 11 8 10 5 16 12 2 6 3 1 14 7 17 9 18 
student 389: 6 7 14 17 20 12 1 13 3 11 10 5 16 2 4 18 9 19 8 15 
student 390: 11 10 18 5 19 3 8 9 2 7 13 1 20 12 4 15 6 16 14 17 
student 391: 11 8 10 13 12 6 15 9 5 16 3 2 14 7 1 20 4 17 18 19 
student 392: 12 7 17 16 20 14 10 4 8 15 6 2 18 1 3 13 5 19 9 11 
student 393: 17 9 12 19 15 6 13 14 8 7 3 5 10 1 4 18 2 20 16 11 
student 394: 14 10 11 20 12 2 13 1 5 17 7 6 19 3 4 16 8 18 9 15 
student 395: 9 4 17 19 16 6 5 12 1 14 8 7 20 2 3 11 15 13 10 18 
student 396: 5 9 14 15 8 16 12 18 3 19 6 1 20 4 2 13 11 7 10 17 
student 397: 10 7 13 17 18 3 14 4 2 19 8 6 20 5 11 12 1 15 9 16 
student 398: 19 6 9 10 11 7 5 13 4 20 14 3 17 1 2 12 15 18 8 16 
student 399: 9 1 18 12 16 13 19 3 2 10 11 8 14 4 7 17 5 20 6 15 
student 400: 4 5 3 12 11 7 15 10 1 20 13 8 19 18 2 16 6 17 14 9 
student 401: 15 3 6 14 20 8 5 11 1 17 13 2 18 10 4 16 7 19 12 9 
student 402: 14 17 19 11 13 5 10 7 2 18 12 9 15 1 6 20 3 4 8 16 
student 403: 15 16 5 8 17 9 11 13 2 12 6 7 14 1 4 18 10 20 3 19 
student 404: 16 14 20 17 13 11 12 2 5 9 7 6 18 10 8 19 1 3 4 15 
student 405: 8 14 12 17 16 9 6 11 1 20 10 5 19 3 4 13 7 18 2 15 
student 406: 18 13 10 16 17 9 5 6 11 15 8 2 14 4 1 7 3 19 12 20 
student 407: 13 2 7 14 15 9 3 16 4 20 12 6 19 1 5 10 8 18 11 17 
student 408: 12 15 11 17 13 7 10 4 6 14 8 5 19 1 2 20 3 18 9 16 
student 409: 4 12 6 10 19 1 14 7 3 15 11 8 20 2 5 17 9 18 13 16 
student 410: 5 14 9 17 8 7 12 1 2 19 3 13 18 11 10 16 4 20 6 15 
student 411: 15 10 11 18 13 7 12 1 6 19 8 5 17 2 3 20 4 16 9 14 
student 412: 17 6 11 18 16 5 10 4 1 15 8 7 20 2 3 13 9 19 12 14 
student 413: 10 16 7 14 11 4 12 9 2 19 15 6 20 5 8 13 1 17 3 18 
student 414: 12 10 16 17 11 6 15 9 2 20 8 3 18 1 5 13 4 19 7 14 
student 415: 7 3 19 18 15 1 17 5 9 16 12 2 20 11 4 14 8 13 10 6 
student 416: 7 12 9 13 14 10 17 11 1 19 3 18 15 5 4 20 2 16 8 6 
student 417: 16 19 12 13 17 5 4 8 11 18 10 7 20 2 3 14 6 15 1 9 
student 418: 18 10 7 8 14 11 15 4 1 16 13 3 19 5 2 20 6 17 9 12 
student 419: 17 11 9 5 19 10 18 4 2 14 8 3 20 1 6 13 7 12 16 15 
student 420: 15 7 11 13 19 4 6 12 2 10 3 9 14 1 8 20 5 16 17 18 
student 421: 11 8 5 13 18 7 12 15 2 16 4 9 6 19 1 17 3 20 10 14 
student 422: 12 7 1 13 15 10 20 2 5 18 11 8 19 6 4 16 9 17 3 14 
student 423: 11 5 10 19 15 18 12 6 4 9 3 2 16 8 1 17 7 20 13 14 
student 424: 15 5 11 16 19 6 12 9 1 18 10 7 20 2 3 14 8 17 4 13 
student 425: 9 4 12 16 19 13 5 7 3 8 11 6 20 2 1 17 10 18 14 15 
student 426: 8 14 10 12 4 3 19 5 1 15 17 2 20 7 11 9 6 18 13 16 
student 427: 13 6 5 18 16 2 8 7 12 17 10 1 20 4 3 19 9 15 11 14 
student 428: 9 4 16 10 8 20 3 12 1 14 2 7 18 13 6 15 11 17 19 5 
student 429: 13 6 18 17 19 4 20 16 1 14 5 8 10 2 3 9 7 15 12 11 
student 430: 15 8 14 10 19 9 13 17 6 12 3 5 4 2 7 20 16 1 11 18 
student 431: 3 5 11 17 16 10 13 12 9 19 15 7 20 2 4 8 14 18 1 6 
student 432: 18 4 7 13 19 2 9 10 3 20 5 8 17 14 1 16 6 15 11 12 
student 433: 15 6 14 13 11 7 4 10 3 17 12 9 18 5 1 20 2 16 19 8 
student 434: 13 4 14 20 16 3 9 1 6 19 15 8 7 2 12 17 11 18 10 5 
student 435: 14 12 3 20 2 9 10 11 1 19 6 5 15 4 8 17 7 16 13 18 
student 436: 5 11 13 10 14 8 3 1 7 20 2 16 17 9 15 19 6 18 4 12 
student 437: 18 10 7 17 20 6 9 2 4 19 8 5 12 1 3 14 13 15 16 11 
student 438: 20 9 13 19 6 7 14 8 3 18 16 1 17 4 2 12 5 11 15 10 
student 439: 12 8 9 11 18 10 15 20 1 19 6 4 16 3 2 14 7 17 5 13 
student 440: 15 8 11 16 12 10 14 13 2 20 7 3 18 4 6 17 5 19 9 1 
student 441: 16 15 14 12 9 7 19 3 2 6 20 5 17 13 4 11 1 18 10 8 
student 442: 4 9 13 17 16 10 15 11 5 20 12 7 18 1 8 19 3 2 6 14 
student 443: 10 2 6 4 15 12 14 18 7 20 9 3 17 5 8 11 19 16 13 1 
student 444: 11 7 13 15 14 2 19 4 1 16 6 18 20 5 10 17 3 9 12 8 
student 445: 11 3 8 20 15 2 10 6 5 13 12 4 19 1 7 17 16 18 9 14 
student 446: 13 8 12 20 16 11 1 5 4 18 6 7 19 2 3 17 9 15 14 10 
student 447: 3 6 12 19 15 9 10 5 8 18 13 11 20 1 4 16 2 14 7 17 
student 448: 10 7 16 13 9 4 11 8 1 20 14 6 18 5 2 17 3 19 15 12 
student 449: 12 2 18 13 20 6 7 9 3 15 4 5 17 1 10 16 8 19 11 14 
student 450: 14 13 3 20 19 7 17 1 2 15 12 4 18 9 6 11 5 10 8 16 
student 451: 6 14 19 5 12 7 18 1 8 16 11 4 17 3 2 20 9 13 15 10 
student 452: 10 12 8 16 13 7 14 4 6 18 19 1 17 3 2 15 11 20 5 9 
student 453: 17 8 12 18 13 10 1 7 6 15 9 3 20 5 2 14 4 16 19 11 
student 454: 11 14 9 15 19 7 17 5 6 8 16 12 10 1 4 13 2 20 3 18 
student 455: 12 10 4 19 14 7 8 17 2 15 5 6 18 3 1 9 11 20 13 16 
student 456: 12 17 19 13 16 9 14 6 4 18 10 5 20 7 1 8 2 11 15 3 
student 457: 6 9 4 17 19 1 12 7 3 16 11 8 20 2 13 10 5 15 14 18 
student 458: 12 5 8 14 19 7 17 4 2 20 18 9 11 13 6 16 10 1 3 15 
student 459: 11 7 10 14 19 6 8 1 13 20 16 4 17 2 12 3 5 15 18 9 
student 460: 12 18 1 15 17 8 4 7 3 19 10 6 2 13 9 16 5 20 11 14 
student 461: 1 11 16 19 20 5 2 4 8 18 9 7 17 12 3 14 6 15 10 13 
student 462: 13 5 12 14 15 6 9 11 4 17 10 2 16 7 1 20 3 19 8 18 
student 463: 17 11 2 10 14 9 13 12 5 18 6 3 20 4 7 16 8 19 1 15 
student 464: 13 12 15 14 20 8 11 19 3 17 6 5 18 10 1 4 9 7 2 16 
student 465: 8 14 11 9 17 7 18 6 3 20 10 5 16 1 2 13 4 15 12 19 
student 466: 6 11 14 16 10 4 12 5 2 20 9 18 17 1 7 13 3 19 8 15 
student 467: 12 14 16 5 19 2 10 7 6 18 9 8 20 3 1 17 4 15 11 13 
student 468: 6 3 16 15 10 11 8 12 7 17 5 2 20 4 13 19 1 9 18 14 
student 469: 9 5 8 19 15 10 14 6 2 13 12 11 17 4 1 16 3 20 7 18 
student 470: 7 2 13 14 11 8 19 9 1 17 12 6 16 3 5 18 4 20 10 15 
student 471: 15 4 10 16 20 3 11 5 1 12 13 8 17 7 6 19 2 18 14 9 
student 472: 17 15 11 20 8 12 3 10 2 18 6 4 19 9 1 14 7 16 5 13 
student 473: 11 12 16 13 14 2 15 10 5 18 4 1 20 9 8 19 3 17 6 7 
student 474: 17 6 12 20 13 5 10 9 1 18 16 2 19 3 8 14 7 15 4 11 
student 475: 14 10 18 16 11 7 6 1 3 12 2 5 19 4 15 13 9 17 8 20 
student 476: 10 9 8 17 3 7 15 6 1 19 2 5 16 4 14 20 11 13 12 18 
student 477: 18 9 14 19 12 20 15 10 1 17 6 3 13 4 2 11 5 16 7 8 
student 478: 15 7 11 12 20 2 18 10 9 8 16 4 14 5 3 13 1 6 17 19 
student 479: 15 10 13 12 17 7 8 9 4 16 2 1 18 5 11 19 6 20 3 14 
student 480: 8 14 19 18 11 6 12 9 4 16 7 2 17 3 1 15 5 20 13 10 
student 481: 10 5 12 11 15 6 16 2 3 18 7 1 14 13 4 20 8 19 9 17 
student 482: 14 5 11 9 18 1 12 6 3 19 10 13 15 2 8 20 17 16 7 4 
student 483: 16 10 12 14 17 9 8 4 5 20 11 1 19 6 2 13 3 18 7 15 
student 484: 12 13 3 16 20 2 10 6 1 18 8 5 7 4 14 17 15 19 11 9 
student 485: 17 9 10 13 15 7 16 12 1 20 8 4 19 3 2 18 5 14 6 11 
student 486: 14 9 3 20 16 8 17 5 7 15 12 4 19 1 6 18 2 11 10 13 
student 487: 4 7 17 14 12 6 20 5 1 15 8 9 18 2 3 16 11 19 10 13 
student 488: 15 10 8 19 12 7 4 5 13 18 11 2 20 1 6 17 3 16 14 9 
student 489: 6 17 18 12 15 10 20 16 1 11 14 4 13 5 2 9 3 8 7 19 
student 490: 16 12 13 19 11 5 8 7 2 17 10 1 20 3 6 14 4 18 15 9 
student 491: 14 11 13 16 20 3 6 7 2 15 9 8 19 5 1 17 4 18 10 12 
student 492: 15 7 13 17 12 11 14 6 3 8 10 2 20 4 1 19 5 18 9 16 
student 493: 8 11 12 3 13 7 20 9 1 17 10 5 19 2 4 18 6 15 14 16 
student 494: 15 11 6 18 19 2 10 1 7 20 14 5 16 4 8 12 9 17 3 13 
student 495: 15 10 1 8 12 13 5 11 2 19 17 3 16 4 6 18 7 20 14 9 
student 496: 13 14 7 16 19 4 8 10 2 18 11 1 17 6 3 9 5 20 12 15 
student 497: 9 13 8 11 16 10 12 6 4 17 2 5 20 14 1 19 3 18 7 15 
student 498: 5 9 8 20 10 1 11 13 6 14 4 15 19 3 2 17 7 16 12 18 
student 499: 14 10 8 9 19 15 1 11 3 20 5 4 17 7 2 13 6 16 12 18 
student 500: 5 7 9 20 12 10 16 8 13 19 4 1 18 2 3 17 15 14 6 11 
student 501: 16 13 9 20 15 5 19 10 3 12 7 2 18 1 6 14 4 17 8 11 
student 502: 13 10 1 7 15 4 12 8 2 17 6 9 20 5 3 18 14 19 11 16 
student 503: 8 9 15 19 16 13 6 12 2 20 14 4 18 7 5 11 1 17 3 10 
student 504: 9 11 14 20 12 16 13 8 4 17 2 5 18 3 7 10 6 15 1 19 
student 505: 14 4 9 17 15 10 13 2 1 16 11 6 20 3 7 19 8 5 18 12 
student 506: 17 10 11 16 20 9 14 5 3 18 13 6 19 4 2 7 1 12 15 8 
student 507: 7 13 2 12 14 6 16 15 1 18 10 5 17 4 3 19 9 20 11 8 
student 508: 16 10 15 13 5 3 8 12 1 20 11 7 19 2 6 18 4 9 14 17 
student 509: 18 7 19 11 15 2 10 13 1 17 8 5 20 3 6 16 4 14 9 12 
student 510: 11 15 13 17 14 4 5 9 10 8 6 7 16 3 2 19 1 18 12 20 
student 511: 10 3 11 18 15 7 12 9 1 17 8 5 20 2 4 16 6 19 13 14 
student 512: 10 12 9 13 19 14 8 7 2 11 3 1 18 4 5 20 6 16 15 17 
student 513: 10 11 12 14 13 8 18 6 2 19 9 7 20 3 1 15 5 16 4 17 
student 514: 18 4 3 17 11 10 15 6 2 20 7 19 16 1 5 9 13 12 8 14 
student 515: 13 12 5 11 14 7 10 3 2 18 9 1 15 17 8 16 6 19 4 20 
student 516: 13 11 10 3 14 7 9 16 4 15 12 6 19 5 2 17 8 18 1 20 
student 517: 12 20 2 14 17 4 10 9 1 15 5 8 19 7 11 18 6 16 3 13 
student 518: 10 11 12 19 16 8 13 6 1 20 9 4 18 2 3 17 7 14 5 15 
student 519: 17 16 13 4 14 15 2 7 3 19 18 9 11 5 6 20 1 12 8 10 
student 520: 14 1 9 20 18 8 6 7 2 11 17 5 15 4 13 12 3 16 10 19 
student 521: 15 16 17 14 19 7 11 9 2 20 8 4 13 6 3 18 1 12 5 10 
student 522: 8 14 17 12 20 3 6 15 1 18 7 4 11 2 5 13 9 19 10 16 
student 523: 18 19 6 8 17 10 12 9 3 15 5 2 14 7 1 16 4 13 11 20 
student 524: 12 5 14 15 18 3 13 9 7 19 11 4 17 1 2 16 6 20 8 10 
student 525: 6 11 14 18 17 12 10 7 3 15 5 1 20 2 8 16 4 19 9 13 
student 526: 6 13 1 9 15 10 11 8 4 18 17 5 19 7 2 20 3 16 14 12 
student 527: 11 3 10 15 17 8 12 4 5 18 7 6 19 2 9 14 1 20 13 16 
student 528: 12 9 14 13 11 3 5 10 2 16 6 4 18 15 1 19 7 17 20 8 
student 529: 12 2 8 18 15 7 16 1 3 19 4 14 13 5 10 17 11 20 9 6 
student 530: 19 8 7 12 17 5 14 11 13 20 6 2 16 1 10 18 3 15 4 9 
student 531: 9 10 1 20 19 6 4 13 3 16 8 5 17 7 2 18 14 11 12 15 
student 532: 7 9 14 16 15 8 10 1 6 17 3 11 19 4 2 18 5 13 20 12 
student 533: 14 8 10 12 11 4 7 17 2 19 5 13 9 1 6 18 3 16 15 20 
student 534: 7 10 13 16 20 8 14 1 2 18 6 5 15 4 3 9 12 17 11 19 
student 535: 12 8 16 14 19 11 10 2 1 20 5 4 17 3 6 13 9 15 7 18 
student 536: 10 8 14 17 6 5 18 4 9 20 11 2 16 3 1 13 7 15 12 19 
student 537: 12 8 17 5 14 10 9 2 1 20 4 19 13 6 7 15 3 18 11 16 
student 538: 14 12 4 15 20 10 8 1 2 17 9 3 18 6 5 19 7 16 11 13 
student 539: 10 16 12 14 7 1 8 13 3 19 4 9 18 2 6 17 11 15 5 20 
student 540: 16 3 5 7 14 2 17 4 1 18 9 13 20 6 11 15 8 19 12 10 
student 541: 14 10 8 12 16 5 11 6 7 13 15 3 18 2 1 17 4 20 19 9 
student 542: 15 8 20 19 4 6 11 1 2 17 5 9 18 7 3 14 12 13 16 10 
student 543: 13 2 8 16 15 14 20 4 1 18 11 7 5 9 3 19 6 17 10 12 
student 544: 18 9 19 17 12 6 20 7 5 16 14 1 15 3 4 11 2 13 8 10 
student 545: 16 10 18 19 12 6 17 11 1 20 9 4 15 2 3 14 8 13 5 7 
student 546: 13 7 4 15 16 12 8 6 5 20 3 11 19 2 1 18 10 14 9 17 
student 547: 16 7 9 17 19 8 12 14 3 10 4 2 20 1 6 18 5 15 13 11 
student 548: 10 11 15 8 14 5 12 9 1 20 7 3 17 2 6 19 4 18 13 16 
student 549: 14 18 12 9 19 11 10 8 4 3 7 6 20 5 1 17 2 16 13 15 
student 550: 14 13 11 19 10 1 4 8 9 16 6 12 20 5 2 17 3 18 7 15 
student 551: 8 13 10 15 20 3 19 7 2 18 6 1 17 9 5 14 4 16 11 12 
student 552: 4 7 20 14 15 10 9 12 1 17 6 5 18 3 8 19 2 16 13 11 
student 553: 20 7 4 10 9 5 11 18 2 19 12 6 16 3 1 14 15 17 8 13 
student 554: 15 18 9 8 12 6 13 11 1 17 4 7 19 3 2 14 5 10 20 16 
student 555: 12 6 13 16 14 1 10 4 2 18 8 7 17 3 9 15 5 20 11 19 
student 556: 17 11 4 9 16 10 12 3 1 18 8 5 19 2 6 14 7 13 15 20 
student 557: 13 10 2 15 17 6 11 8 3 16 9 1 20 18 7 4 5 19 12 14 
student 558: 14 7 15 16 10 6 8 3 4 12 9 2 20 1 11 17 5 18 13 19 
student 559: 17 9 10 3 11 1 12 14 2 20 5 6 7 4 8 16 19 15 13 18 
student 560: 9 13 4 14 18 6 5 3 7 19 16 2 20 11 1 15 8 10 12 17 
student 561: 19 9 14 18 17 5 15 11 20 3 6 1 16 2 7 12 8 13 10 4 
student 562: 8 10 12 18 6 4 15 16 2 14 9 11 20 3 1 13 7 19 5 17 
student 563: 13 9 10 11 17 12 14 6 3 15 8 7 18 5 4 16 1 19 2 20 
student 564: 17 12 11 3 15 7 14 1 2 16 10 13 8 4 6 19 9 18 5 20 
student 565: 19 10 14 18 17 4 11 12 1 2 8 7 20 6 9 13 3 16 5 15 
student 566: 12 14 6 13 18 4 7 10 1 17 9 3 19 11 2 8 5 20 15 16 
student 567: 13 11 9 16 18 1 3 14 4 17 5 2 12 6 7 15 8 20 19 10 
student 568: 10 7 13 19 15 11 6 3 4 20 8 2 18 14 1 17 5 16 9 12 
student 569: 14 9 5 18 13 3 12 2 7 20 1 8 17 4 10 11 6 19 15 16 
student 570: 18 10 14 12 13 4 11 3 5 16 6 8 20 9 2 17 1 15 7 19 
student 571: 11 12 10 20 13 9 16 5 4 18 6 8 19 7 1 17 2 14 3 15 
student 572: 5 15 18 7 20 4 19 9 2 8 11 6 10 1 14 16 3 13 17 12 
student 573: 3 15 20 13 18 6 8 11 5 12 7 2 19 1 4 17 14 16 9 10 
student 574: 12 10 3 18 15 2 8 9 1 16 14 6 20 4 5 17 7 13 11 19 
student 575: 20 12 4 15 18 8 7 10 3 16 6 2 14 1 9 17 5 19 13 11 
student 576: 12 11 9 15 18 7 10 4 13 8 5 6 20 3 1 16 2 17 19 14 
student 577: 11 13 15 5 14 2 16 3 1 19 6 10 20 8 9 7 4 17 12 18 
student 578: 10 13 15 20 19 5 14 12 7 18 11 2 9 6 1 4 3 17 8 16 
student 579: 14 6 16 7 13 9 11 2 4 20 5 8 19 3 1 15 18 17 10 12 
student 580: 19 8 20 14 15 2 12 6 3 16 5 1 18 7 13 11 4 17 9 10 
student 581: 13 9 10 14 16 7 8 6 2 18 11 5 15 1 4 19 3 20 17 12 
student 582: 18 16 3 14 15 6 9 13 8 17 11 5 20 4 1 19 2 12 7 10 
student 583: 16 6 9 17 12 4 13 8 3 19 5 2 20 11 1 15 7 18 14 10 
student 584: 10 7 16 18 12 11 9 8 2 15 14 5 17 6 4 13 3 20 1 19 
student 585: 11 9 12 10 13 15 16 2 3 18 8 6 14 4 1 17 5 19 7 20 
student 586: 12 11 9 5 16 6 15 7 3 14 17 1 20 4 2 19 8 10 18 13 
student 587: 7 18 12 16 14 4 8 9 1 13 5 3 19 2 6 17 11 20 15 10 
student 588: 11 12 8 18 13 6 9 4 2 17 10 3 19 5 1 16 7 20 14 15 
student 589: 8 2 5 13 17 6 11 15 3 20 10 9 19 4 7 14 1 16 12 18 
student 590: 2 12 11 13 20 6 10 9 3 16 7 1 17 4 8 14 5 18 15 19 
student 591: 8 18 3 10 20 4 12 17 1 19 13 5 15 2 7 6 9 14 11 16 
student 592: 12 9 15 16 20 13 19 2 4 14 5 10 18 8 1 17 7 6 3 11 
student 593: 12 15 6 19 18 7 14 10 4 20 16 1 13 3 2 11 5 17 8 9 
student 594: 16 8 7 13 20 11 12 5 2 15 6 4 17 1 3 18 14 19 9 10 
student 595: 11 5 6 13 15 3 20 16 1 19 12 7 17 2 9 18 8 10 4 14 
student 596: 10 5 8 11 15 14 6 4 1 18 13 9 19 2 7 17 3 16 12 20 
student 597: 12 4 11 8 16 2 15 5 13 17 9 6 20 1 3 18 7 19 10 14 
student 598: 8 11 5 17 15 9 14 10 3 16 7 4 13 2 1 20 18 6 12 19 
student 599: 12 5 16 18 8 3 17 2 1 13 7 9 20 4 11 14 6 19 15 10 
student 600: 16 11 7 20 12 9 14 2 1 8 4 3 13 6 10 17 5 15 18 19 
student 601: 19 6 7 14 12 20 8 5 11 18 3 9 16 4 1 17 2 15 10 13 
student 602: 12 15 11 16 19 9 8 4 6 17 10 2 18 3 5 7 1 20 14 13 
student 603: 9 17 18 13 6 3 14 10 7 19 16 1 20 4 2 8 12 11 5 15 
student 604: 14 5 7 17 10 3 13 15 4 16 8 2 20 11 1 19 6 18 9 12 
student 605: 18 7 15 16 12 11 10 4 3 19 6 14 17 1 5 9 2 20 8 13 
student 606: 19 16 10 15 13 8 11 2 3 12 7 9 20 4 6 18 1 17 5 14 
student 607: 13 9 11 12 16 3 15 2 1 18 6 10 20 4 5 14 7 17 19 8 
student 608: 11 6 16 10 14 2 9 15 3 18 7 4 20 8 1 12 5 13 17 19 
student 609: 14 6 13 10 11 3 17 9 1 12 2 7 19 4 5 16 8 18 15 20 
student 610: 9 6 11 10 12 1 19 4 5 15 7 14 20 3 2 13 8 17 16 18 
student 611: 16 15 11 18 17 5 3 10 4 14 8 2 20 7 13 19 1 12 9 6 
student 612: 7 19 14 16 9 3 13 20 1 17 10 6 15 2 8 11 5 18 4 12 
student 613: 10 20 9 16 17 5 3 6 1 15 7 11 13 4 8 14 2 18 12 19 
student 614: 9 17 15 13 19 6 10 11 3 16 5 1 18 7 2 14 4 20 8 12 
student 615: 15 6 10 13 19 7 18 4 9 20 8 3 16 1 5 14 2 17 11 12 
student 616: 6 16 9 15 17 8 12 2 7 19 5 3 20 4 1 14 11 18 13 10 
student 617: 4 8 10 16 14 12 18 15 5 13 3 9 20 1 2 19 7 17 11 6 
student 618: 13 12 1 8 9 10 18 7 2 17 6 11 20 4 5 16 3 19 15 14 
student 619: 16 8 10 18 14 7 4 11 1 20 9 2 19 6 3 15 5 17 12 13 
student 620: 7 11 13 14 15 5 12 9 1 17 6 2 16 8 4 10 3 19 18 20 
student 621: 6 7 12 10 11 8 14 4 1 13 9 5 19 3 16 17 2 18 15 20 
student 622: 17 16 14 11 15 9 13 3 8 19 4 2 20 1 10 7 12 18 5 6 
student 623: 8 11 12 16 13 10 18 14 1 20 2 6 17 3 5 19 4 9 7 15 
student 624: 15 8 11 13 18 5 10 7 1 20 6 2 16 3 12 17 14 19 9 4 
student 625: 17 14 15 12 3 16 8 11 1 19 7 4 20 2 10 18 5 9 6 13 
student 626: 20 15 13 18 10 6 14 8 4 17 7 2 11 3 5 19 1 16 9 12 
student 627: 13 8 11 16 17 3 15 7 1 10 9 5 20 4 6 18 2 19 12 14 
student 628: 15 4 10 19 13 7 11 5 8 16 9 6 18 2 1 17 3 20 14 12 
student 629: 17 9 13 7 20 3 18 6 8 12 16 5 19 4 2 15 1 14 10 11 
student 630: 19 13 17 14 10 4 15 12 5 20 11 2 18 9 1 16 3 8 6 7 
student 631: 11 15 9 20 13 10 14 6 1 17 3 2 18 7 4 16 5 19 8 12 
student 632: 20 17 7 5 19 4 9 2 6 18 12 13 16 3 1 10 11 15 14 8 
student 633: 10 4 11 15 18 13 20 6 1 17 9 2 16 7 3 5 8 19 14 12 
student 634: 9 4 13 15 19 3 11 7 5 20 14 2 18 6 8 17 1 12 10 16 
student 635: 12 10 19 15 17 8 14 3 7 6 11 4 20 2 5 18 1 16 9 13 
student 636: 19 11 9 17 13 8 12 6 1 14 4 3 20 15 5 2 7 16 10 18 
student 637: 7 3 13 18 17 11 12 1 5 19 9 10 20 6 8 15 4 14 2 16 
student 638: 16 6 10 17 14 13 12 5 3 18 7 20 19 9 2 11 1 15 4 8 
student 639: 12 8 7 15 17 4 19 13 10 20 3 1 18 2 5 14 6 16 11 9 
student 640: 3 16 18 14 20 12 13 10 6 19 11 7 15 2 1 9 8 17 5 4 
student 641: 14 11 8 15 17 16 13 12 1 10 20 2 19 7 3 6 5 18 9 4 
student 642: 16 7 6 14 12 5 18 8 2 19 9 13 20 3 1 11 4 17 10 15 
student 643: 12 8 11 14 16 5 10 7 1 20 9 4 17 2 3 19 15 18 6 13 
student 644: 15 6 10 12 14 2 20 1 7 19 11 5 16 3 4 13 8 18 9 17 
student 645: 13 10 17 11 12 8 15 5 3 20 7 2 19 6 1 16 4 18 9 14 
student 646: 10 5 18 11 12 2 9 6 1 20 7 4 16 3 8 17 14 19 15 13 
student 647: 16 7 19 17 12 5 6 8 3 15 9 2 20 4 11 10 1 18 13 14 
student 648: 13 9 12 18 17 3 5 6 4 1 8 15 16 10 2 20 7 19 11 14 
student 649: 13 11 5 12 18 10 7 14 1 15 9 6 20 3 4 17 8 19 2 16 
student 650: 13 6 15 19 18 2 17 8 7 11 3 1 20 10 5 9 4 16 12 14 
student 651: 4 11 15 13 17 1 7 14 8 12 3 10 20 2 18 16 5 19 6 9 
student 652: 20 4 13 19 14 15 11 9 5 10 12 7 17 1 6 18 2 16 3 8 
student 653: 15 9 14 10 18 2 4 7 6 20 8 12 16 1 5 13 11 19 3 17 
student 654: 15 9 10 16 3 12 14 5 1 13 8 7 19 4 2 17 6 20 11 18 
student 655: 8 12 9 13 14 4 7 3 2 20 5 10 18 6 1 16 11 19 17 15 
student 656: 10 19 12 13 16 1 11 4 2 20 9 6 18 5 14 17 3 15 8 7 
student 657: 10 14 11 13 12 5 3 8 7 18 4 9 19 6 1 15 2 20 16 17 
student 658: 15 4 12 11 18 8 9 1 5 19 6 2 20 3 16 14 13 7 10 17 
student 659: 12 8 16 17 18 1 15 11 3 14 6 4 20 7 2 13 5 10 9 19 
student 660: 14 6 8 5 16 2 20 19 3 18 7 1 17 13 11 15 4 10 12 9 
student 661: 9 6 14 16 18 15 8 7 5 17 13 11 12 4 1 19 2 20 3 10 
student 662: 16 4 12 15 19 6 10 18 7 17 9 3 20 5 2 14 8 13 1 11 
student 663: 13 10 2 14 17 5 12 7 4 18 11 1 20 9 8 16 3 19 6 15 
student 664: 14 13 7 15 17 12 8 4 1 20 10 9 16 5 3 18 6 19 2 11 
student 665: 15 12 8 7 14 5 9 17 6 13 18 2 20 3 1 19 4 16 11 10 
student 666: 9 15 14 17 20 8 13 10 3 16 7 2 12 5 1 18 4 19 11 6 
student 667: 8 12 14 9 19 3 7 10 2 16 17 11 20 1 4 6 13 18 15 5 
student 668: 17 2 12 16 18 8 7 14 1 13 9 6 15 4 5 20 3 19 11 10 
student 669: 11 12 10 15 8 17 13 4 2 20 7 6 19 1 3 18 5 16 9 14 
student 670: 16 12 6 11 19 3 15 1 8 7 18 4 14 10 13 17 5 20 9 2 
student 671: 9 18 3 7 16 8 6 4 5 19 13 2 20 1 10 15 11 17 14 12 
student 672: 10 8 11 15 17 3 13 7 5 16 4 1 20 14 9 12 2 19 6 18 
student 673: 9 11 15 20 14 7 13 4 2 12 8 5 19 1 3 17 6 16 18 10 
student 674: 15 5 10 9 17 6 11 7 12 19 8 4 18 1 2 14 3 20 16 13 
student 675: 8 9 16 11 18 13 10 15 1 17 3 5 20 4 2 12 7 14 6 19 
student 676: 13 12 6 20 17 8 5 11 1 14 10 4 18 2 3 19 7 16 15 9 
student 677: 4 17 10 11 16 6 8 9 3 20 7 2 15 1 5 14 18 19 13 12 
student 678: 9 12 11 5 16 3 14 18 6 19 8 7 15 1 2 13 4 17 10 20 
student 679: 17 5 14 11 16 2 18 4 3 20 7 9 12 6 8 19 1 13 10 15 
student 680: 18 8 6 10 19 4 13 11 1 20 7 3 17 2 5 15 16 14 12 9 
student 681: 20 12 6 15 10 9 16 11 1 18 7 3 19 4 2 8 5 17 13 14 
student 682: 17 7 14 11 12 2 6 5 1 16 13 9 10 4 3 19 8 18 20 15 
student 683: 14 1 7 18 9 5 3 16 2 12 13 6 19 10 8 11 15 20 4 17 
student 684: 14 15 2 11 8 3 19 7 1 16 13 12 20 6 4 18 10 17 9 5 
student 685: 11 4 15 18 14 9 10 8 5 16 7 3 19 2 6 20 1 13 12 17 
student 686: 16 15 10 19 12 14 17 3 1 18 8 7 9 2 4 11 5 20 6 13 
student 687: 10 7 9 13 15 5 19 12 4 18 8 6 20 1 3 17 2 14 11 16 
student 688: 14 11 19 13 17 5 4 10 1 20 12 7 15 2 8 18 6 16 9 3 
student 689: 18 9 5 10 14 16 11 8 3 17 7 4 19 1 13 12 15 20 6 2 
student 690: 17 16 11 19 5 4 10 7 2 13 9 6 20 3 1 15 12 18 8 14 
student 691: 9 12 6 13 17 3 10 8 2 19 4 16 14 15 7 18 1 20 5 11 
student 692: 9 4 10 15 13 1 11 3 7 20 8 14 18 2 6 17 12 19 16 5 
student 693: 16 11 8 6 18 1 5 3 9 2 10 14 15 4 12 13 7 20 19 17 
student 694: 10 7 12 13 15 6 16 5 8 19 4 2 20 3 1 18 14 17 9 11 
student 695: 8 10 13 18 14 5 7 9 3 17 11 6 20 1 2 16 4 19 12 15 
student 696: 20 16 4 12 13 15 3 5 6 18 9 2 19 1 11 14 7 10 17 8 
student 697: 19 15 18 20 5 8 12 1 4 16 10 2 14 6 3 13 7 17 11 9 
student 698: 13 11 12 14 15 16 18 7 2 20 4 5 6 1 3 19 9 10 8 17 
student 699: 11 12 6 13 10 5 15 7 2 17 9 4 18 3 1 19 8 20 14 16 
student 700: 16 9 10 12 17 5 11 6 2 19 8 1 20 7 3 15 14 18 13 4 
student 701: 5 8 12 4 14 10 15 18 3 17 9 7 20 2 6 16 1 19 11 13 
student 702: 15 6 9 12 16 13 7 11 5 19 8 3 17 1 2 14 4 20 10 18 
student 703: 3 13 17 6 19 5 15 14 1 10 8 4 11 2 7 18 12 20 9 16 
student 704: 14 2 11 10 18 15 16 3 13 5 9 12 20 8 4 17 1 7 6 19 
student 705: 6 11 14 15 7 12 20 2 3 17 13 1 19 8 4 18 5 9 10 16 
student 706: 4 3 10 11 15 6 18 13 8 19 2 7 20 5 1 17 12 16 9 14 
student 707: 15 13 18 14 10 2 4 9 12 17 8 3 16 1 6 20 7 19 5 11 
student 708: 11 6 8 19 20 4 17 12 3 18 13 5 15 1 2 7 9 16 14 10 
student 709: 15 7 8 18 4 11 9 16 5 19 6 2 10 1 3 20 12 17 14 13 
student 710: 13 16 10 18 12 4 5 3 2 19 8 11 20 6 1 15 7 17 14 9 
student 711: 9 10 12 16 15 1 14 4 6 18 2 7 20 11 5 19 3 17 8 13 
student 712: 13 12 11 19 9 2 17 4 1 8 7 10 14 3 5 16 6 20 15 18 
student 713: 17 12 10 15 19 4 14 5 2 13 11 1 18 7 3 16 6 20 8 9 
student 714: 10 6 15 12 19 11 9 8 5 14 3 1 20 2 4 16 13 18 7 17 
student 715: 8 18 10 12 15 5 4 11 7 20 17 3 13 2 1 16 6 19 9 14 
student 716: 11 19 7 15 14 6 8 9 1 16 12 10 18 4 3 17 2 20 5 13 
student 717: 15 14 9 12 3 2 17 10 1 11 7 6 19 5 4 18 8 16 13 20 
student 718: 17 9 20 14 19 6 12 3 2 4 16 5 15 7 1 8 10 18 13 11 
student 719: 6 11 13 16 14 1 19 5 7 20 2 9 10 3 4 15 8 17 12 18 
student 720: 6 9 15 11 8 3 17 10 7 18 16 5 20 2 1 13 4 19 12 14 
student 721: 9 13 19 16 11 8 6 3 1 18 10 5 20 7 2 15 4 17 12 14 
student 722: 15 1 5 17 12 9 11 2 18 16 3 6 20 4 7 14 8 19 10 13 
student 723: 17 7 13 18 11 2 10 6 16 20 9 5 19 1 4 15 8 3 12 14 
student 724: 11 10 14 7 18 3 13 5 8 19 2 6 20 4 1 12 9 15 16 17 
student 725: 10 13 12 20 15 5 18 6 1 14 4 8 17 3 2 16 7 9 19 11 
student 726: 10 13 14 6 11 12 18 3 2 9 8 5 17 1 4 16 7 20 15 19 
student 727: 9 7 11 19 14 3 13 10 6 16 4 2 18 1 5 15 8 20 12 17 
student 728: 13 4 7 16 10 9 8 1 3 15 14 18 20 5 2 17 6 12 19 11 
student 729: 9 6 7 18 13 8 10 20 3 11 16 4 19 1 5 17 2 15 14 12 
student 730: 6 1 15 20 10 4 17 8 2 16 14 9 11 7 3 13 5 19 12 18 
student 731: 11 7 15 18 16 4 14 13 3 17 1 2 20 6 5 10 8 19 9 12 
student 732: 7 13 14 16 17 2 6 3 1 20 12 10 19 8 4 9 5 18 15 11 
student 733: 10 6 14 15 20 11 12 3 1 17 7 5 16 4 8 18 2 13 9 19 
student 734: 2 5 12 18 15 14 11 8 7 16 13 10 20 9 4 19 3 6 17 1 
student 735: 16 5 7 17 12 11 8 10 2 20 14 3 18 1 4 15 9 19 6 13 
student 736: 18 12 9 14 20 8 13 1 2 16 11 3 15 6 7 4 5 10 17 19 
student 737: 10 8 15 11 20 1 13 9 5 17 2 6 18 3 4 16 7 19 12 14 
student 738: 7 10 6 14 12 5 18 11 3 19 9 1 20 4 15 13 2 16 8 17 
student 739: 12 6 13 17 20 9 8 3 15 19 4 2 14 16 1 11 7 18 10 5 
student 740: 12 10 16 17 11 6 13 5 1 19 8 3 20 4 2 14 7 18 15 9 
student 741: 20 16 8 17 18 7 10 15 5 19 4 3 14 1 2 11 9 13 6 12 
student 742: 10 7 2 16 19 15 3 4 1 11 12 9 17 6 8 20 5 18 13 14 
student 743: 20 12 8 14 6 1 15 2 7 13 3 4 19 16 5 9 11 17 10 18 
student 744: 19 6 8 12 20 9 14 4 3 16 18 1 15 5 7 13 2 17 11 10 
student 745: 20 7 12 8 17 9 13 5 1 16 10 4 19 2 3 14 18 15 6 11 
student 746: 10 12 16 15 17 3 13 11 2 5 7 4 19 6 1 18 9 14 8 20 
student 747: 9 5 12 20 7 4 15 2 8 14 6 3 11 1 10 18 13 17 19 16 
student 748: 6 17 13 7 16 10 14 15 9 18 8 2 19 1 4 12 11 20 5 3 
student 749: 14 12 13 17 20 7 15 10 2 11 5 3 19 1 4 9 6 18 8 16 
student 750: 6 10 11 12 4 17 13 7 1 16 9 8 19 5 2 15 3 18 14 20 
student 751: 14 12 10 16 18 6 20 5 3 15 11 4 9 8 1 19 2 17 7 13 
student 752: 15 10 12 16 13 9 7 2 1 19 18 5 17 4 8 14 6 20 3 11 
student 753: 12 4 16 20 15 8 18 7 2 13 10 3 17 1 9 19 6 14 11 5 
student 754: 6 7 4 18 11 10 12 17 3 19 5 9 15 8 1 13 2 16 20 14 
student 755: 12 6 7 14 13 3 18 19 1 17 11 9 10 2 4 16 8 5 15 20 
student 756: 15 8 9 5 18 13 12 3 1 19 7 10 20 4 6 16 2 17 11 14 
student 757: 5 11 12 14 10 19 15 13 9 18 3 2 20 1 6 17 4 16 7 8 
student 758: 9 15 16 13 17 8 20 12 2 4 10 1 18 3 5 7 11 19 14 6 
student 759: 12 3 7 19 17 1 6 8 2 11 10 5 18 9 4 13 16 14 15 20 
student 760: 8 18 12 11 7 9 6 13 2 10 15 4 19 3 5 16 1 17 14 20 
student 761: 7 4 14 11 20 13 9 3 2 18 6 1 17 10 12 16 8 15 5 19 
student 762: 12 2 11 20 19 7 16 14 1 18 5 4 13 6 9 15 3 10 8 17 
student 763: 7 9 16 19 13 14 4 3 6 18 2 5 20 1 11 17 8 12 15 10 
student 764: 20 9 8 15 17 3 7 5 1 19 6 11 13 4 18 12 2 16 10 14 
student 765: 19 6 9 14 10 15 8 4 2 5 13 11 18 1 3 20 7 17 12 16 
student 766: 17 9 7 20 13 12 15 8 3 16 5 6 19 2 4 11 1 18 14 10 
student 767: 9 3 11 14 17 18 7 2 6 19 8 1 20 4 12 13 5 16 15 10 
student 768: 15 9 19 16 8 6 13 7 5 17 11 1 20 4 2 10 14 12 3 18 
student 769: 5 13 11 16 18 7 12 8 6 19 3 9 20 1 14 17 4 10 2 15 
student 770: 15 10 16 19 12 2 9 8 7 20 6 5 17 4 1 13 3 18 11 14 
student 771: 16 10 11 17 8 6 19 5 1 15 3 12 13 4 2 14 7 20 9 18 
student 772: 14 9 13 10 18 16 8 3 6 12 11 7 19 5 4 2 1 15 17 20 
student 773: 14 5 11 17 10 9 18 6 8 20 2 4 16 3 1 13 7 19 12 15 
student 774: 18 13 4 16 12 6 9 11 2 19 1 8 15 7 3 20 10 17 5 14 
student 775: 11 13 4 19 17 7 8 18 5 16 1 3 20 2 10 15 12 9 14 6 
student 776: 18 16 9 5 20 12 15 3 1 14 7 8 10 2 4 17 6 19 13 11 
student 777: 11 16 7 20 14 5 8 1 4 17 10 6 18 2 3 19 9 15 12 13 
student 778: 8 10 11 13 16 5 7 14 6 17 19 2 20 1 4 18 3 12 9 15 
student 779: 12 8 11 20 19 2 14 1 3 18 9 6 10 5 4 13 7 16 17 15 
student 780: 19 14 7 16 12 3 13 4 2 6 8 10 20 5 9 17 1 18 11 15 
student 781: 7 12 10 17 16 11 8 9 1 15 5 2 19 6 4 18 3 13 20 14 
student 782: 11 7 14 16 19 3 15 9 8 17 5 4 12 6 1 20 2 10 18 13 
student 783: 8 11 19 9 14 10 5 4 1 20 18 7 17 3 2 16 6 12 15 13 
student 784: 14 5 12 19 10 8 16 6 7 20 11 4 15 1 2 9 3 18 13 17 
student 785: 11 7 9 15 17 4 19 5 2 20 10 8 18 1 13 12 3 16 6 14 
student 786: 8 9 10 13 14 11 18 2 4 17 6 3 19 1 15 20 5 12 7 16 
student 787: 15 10 13 20 19 9 12 8 3 16 6 4 17 1 2 11 7 18 5 14 
student 788: 10 2 3 18 1 11 7 8 9 20 14 5 12 15 6 19 17 13 4 16 
student 789: 16 6 10 13 19 4 12 9 2 18 11 5 14 8 1 17 7 15 3 20 
student 790: 15 10 11 17 14 6 20 8 4 18 7 2 19 12 5 3 1 9 16 13 
student 791: 18 7 17 15 14 4 11 2 1 12 13 10 19 5 3 16 6 20 8 9 
student 792: 13 12 17 14 11 3 5 2 1 15 6 4 18 10 7 19 9 16 8 20 
student 793: 7 14 18 20 6 10 12 1 4 17 5 2 19 3 9 13 8 15 11 16 
student 794: 14 11 17 13 16 9 8 7 5 20 6 3 15 2 1 19 4 18 12 10 
student 795: 17 16 6 20 14 11 10 9 2 15 3 8 19 5 4 12 7 18 1 13 
student 796: 7 9 12 15 16 5 10 11 1 17 13 2 20 6 3 18 4 19 8 14 
student 797: 8 17 11 19 15 2 12 6 5 3 14 10 18 7 4 20 1 16 13 9 
student 798: 6 8 13 14 19 7 1 9 3 17 2 5 20 11 4 15 10 18 16 12 
student 799: 9 10 7 18 20 3 13 6 4 19 5 1 17 8 2 11 12 16 15 14 
