student 0: 3 10 4 17 14 5 19 20 7 12 16 13 18 2 9 8 1 6 15 11 
student 1: 1 14 4 13 5 10 17 15 8 9 18 6 20 3 19 11 7 16 2 12 
student 2: 11 4 2 18 12 10 17 19 5 14 20 13 7 6 8 1 3 16 9 15 
student 3: 2 8 1 19 3 9 16 6 7 11 17 18 20 12 14 4 5 15 10 13 
student 4: 2 6 3 12 13 7 11 20 10 14 15 5 18 4 9 1 8 17 19 16 
student 5: 8 5 1 11 14 4 3 20 7 17 18 13 10 6 16 2 9 19 12 15 
student 6: 5 7 2 13 14 6 20 11 4 12 18 10 15 3 9 1 8 17 19 16 
student 7: 6 10 1 17 7 9 16 19 3 14 18 12 20 2 11 5 4 13 15 8 
student 8: 6 12 14 9 8 11 19 13 4 10 15 1 17 2 16 5 18 20 7 3 
student 9: 4 7 9 18 5 3 10 14 6 12 17 13 11 2 20 1 16 19 15 8 
student 10: 5 8 1 13 2 4 16 18 10 6 19 7 20 3 12 17 9 15 14 11 
student 11: 1 4 2 19 9 11 10 20 5 13 17 7 18 3 14 8 6 16 15 12 
student 12: 3 14 1 16 9 5 13 18 8 11 19 12 15 4 20 7 6 2 17 10 
student 13: 2 11 3 10 15 6 16 13 9 20 14 17 19 1 4 8 5 18 12 7 
student 14: 3 10 4 15 2 11 18 17 7 9 20 12 19 1 8 6 5 16 13 14 
student 15: 11 4 7 10 12 5 17 20 2 8 16 18 15 3 19 1 14 9 13 6 
student 16: 4 8 2 18 11 9 6 20 7 13 17 10 19 5 14 3 1 15 16 12 
student 17: 6 12 4 15 7 3 16 11 1 13 17 8 20 9 14 2 19 18 5 10 
student 18: 7 8 11 15 2 12 13 19 9 3 17 1 20 4 16 5 10 18 6 14 
student 19: 2 8 1 19 9 11 20 18 5 16 15 7 14 4 17 3 6 13 12 10 
student 20: 6 7 1 16 10 3 19 20 2 17 14 5 11 9 12 4 8 18 15 13 
student 21: 8 9 2 16 12 5 17 14 4 6 11 10 19 3 15 1 7 20 18 13 
student 22: 4 11 5 19 14 3 17 15 10 8 20 6 16 1 9 2 7 13 12 18 
student 23: 3 11 1 17 9 7 15 19 6 14 20 13 18 4 12 2 5 8 16 10 
student 24: 8 6 5 18 11 3 12 13 10 7 20 9 16 4 15 1 17 14 19 2 
student 25: 6 17 1 3 16 9 14 19 7 10 20 8 15 2 12 4 5 13 18 11 
student 26: 8 3 13 12 9 5 17 16 7 11 20 4 18 2 19 1 6 15 10 14 
student 27: 11 14 10 18 5 8 20 15 3 7 16 6 17 2 19 1 4 12 13 9 
student 28: 5 12 15 14 10 7 19 8 3 16 20 6 18 4 17 1 9 2 11 13 
student 29: 5 14 3 9 12 7 11 19 2 10 18 17 13 4 8 1 6 20 16 15 
student 30: 7 11 1 14 2 8 13 16 6 10 20 9 18 4 12 3 5 19 17 15 
student 31: 3 16 7 20 6 8 19 15 13 5 11 17 18 1 4 2 9 12 10 14 
student 32: 6 16 1 20 13 7 12 10 2 19 18 3 14 17 9 4 5 15 11 8 
student 33: 3 6 1 15 4 2 19 18 12 9 20 11 17 8 13 7 5 16 14 10 
student 34: 12 8 2 9 6 3 10 17 1 11 20 7 18 4 16 5 13 19 14 15 
student 35: 8 11 3 4 9 6 13 16 18 10 17 5 20 1 15 2 7 14 19 12 
student 36: 7 10 5 12 11 9 19 17 2 14 20 6 15 1 8 3 4 16 18 13 
student 37: 2 14 3 5 7 18 11 20 1 12 19 10 16 4 9 6 8 17 15 13 
student 38: 6 9 1 4 13 12 20 14 2 16 15 7 19 5 8 3 10 17 18 11 
student 39: 4 20 8 18 6 3 17 13 10 12 14 11 19 2 16 1 5 15 7 9 
student 40: 2 12 1 15 7 10 13 16 9 4 20 11 19 8 18 6 3 5 17 14 
student 41: 4 10 3 2 17 6 16 8 9 13 20 7 18 1 15 5 12 19 14 11 
student 42: 7 17 4 13 10 8 16 11 12 6 20 15 19 2 18 3 1 14 9 5 
student 43: 1 9 8 17 5 11 16 20 4 12 19 6 18 2 13 3 7 15 14 10 
student 44: 2 12 9 11 10 1 16 13 5 4 20 8 18 6 17 3 7 14 19 15 
student 45: 10 16 6 20 1 11 15 13 7 5 17 3 19 4 18 2 14 8 9 12 
student 46: 2 20 4 12 7 9 14 18 8 5 17 16 15 1 11 6 3 19 13 10 
student 47: 1 7 8 10 17 3 20 16 5 12 18 15 19 4 13 2 6 14 11 9 
student 48: 2 9 3 20 19 10 12 16 11 5 18 7 8 15 13 1 4 17 6 14 
student 49: 18 13 4 9 15 6 20 14 3 1 17 5 7 11 12 2 8 16 10 19 
student 50: 8 15 9 7 2 5 11 20 4 13 18 12 17 1 6 3 10 16 19 14 
student 51: 1 14 2 11 9 5 20 15 4 10 18 8 19 3 17 6 7 16 13 12 
student 52: 1 10 9 14 8 4 19 20 7 13 15 11 3 2 12 5 6 16 17 18 
student 53: 5 2 3 7 11 10 16 15 6 14 19 12 13 1 17 4 8 20 9 18 
student 54: 3 11 2 17 8 9 13 20 6 14 15 10 19 5 16 1 7 18 4 12 
student 55: 6 11 2 15 9 7 18 17 5 4 19 10 20 1 14 3 8 16 13 12 
student 56: 5 13 10 11 12 7 16 20 8 9 18 1 17 6 2 3 4 15 19 14 
student 57: 5 13 7 17 4 9 8 14 10 11 20 3 19 1 12 2 6 16 18 15 
student 58: 2 4 1 8 5 7 20 6 16 9 19 11 17 10 12 3 15 14 18 13 
student 59: 3 9 8 2 14 12 17 19 5 11 20 1 18 6 15 7 13 16 10 4 
student 60: 2 1 6 18 15 11 13 17 12 5 20 7 10 9 8 4 3 19 14 16 
student 61: 3 13 6 15 12 5 20 17 8 10 18 2 19 11 16 1 7 14 4 9 
student 62: 3 13 1 12 2 7 20 16 4 9 19 5 17 6 18 10 8 15 14 11 
student 63: 5 12 3 11 7 1 16 19 2 13 18 6 20 8 14 4 17 10 9 15 
student 64: 5 14 1 16 7 6 18 20 11 10 12 9 13 3 17 2 4 19 8 15 
student 65: 10 5 2 4 15 18 16 12 3 20 19 7 17 8 11 1 9 14 13 6 
student 66: 4 6 12 14 13 11 20 10 1 16 19 5 17 3 15 7 2 18 8 9 
student 67: 6 14 2 17 10 7 20 19 5 13 16 9 18 3 4 1 8 11 15 12 
student 68: 4 16 1 15 9 8 12 13 6 20 19 7 14 5 11 2 3 17 10 18 
student 69: 4 16 8 18 19 10 20 15 1 3 17 7 11 12 9 2 6 14 5 13 
student 70: 9 10 2 11 7 6 19 12 4 18 20 3 15 5 16 1 8 14 13 17 
student 71: 1 12 2 8 10 14 16 20 4 15 17 11 18 9 19 6 3 13 5 7 
student 72: 2 8 9 15 12 4 20 14 5 3 19 6 16 7 13 1 10 17 18 11 
student 73: 15 11 6 14 3 4 18 19 7 12 16 1 17 2 10 5 8 20 9 13 
student 74: 2 9 8 14 4 3 17 19 5 6 20 12 18 10 13 1 7 11 15 16 
student 75: 1 8 5 7 11 3 19 16 13 10 20 17 18 6 14 2 4 12 15 9 
student 76: 11 15 14 13 9 5 12 19 6 10 8 2 20 7 16 3 1 18 17 4 
student 77: 9 10 5 16 14 13 20 17 4 12 19 7 18 1 8 3 2 15 11 6 
student 78: 11 7 3 9 10 13 15 16 5 4 20 18 17 2 6 1 12 14 19 8 
student 79: 10 16 4 15 7 13 18 20 8 17 14 12 19 2 3 1 5 6 9 11 
student 80: 6 11 4 18 9 12 8 19 10 16 20 5 17 13 14 1 3 2 15 7 
student 81: 10 2 8 1 13 11 20 19 5 15 14 7 17 12 18 6 3 4 16 9 
student 82: 2 14 3 18 13 5 17 20 7 15 16 1 12 9 8 4 6 19 11 10 
student 83: 8 5 3 19 6 12 18 16 2 10 13 4 17 7 20 1 9 11 14 15 
student 84: 10 5 15 13 4 1 19 18 9 3 16 8 20 7 11 6 2 17 14 12 
student 85: 10 12 1 14 4 5 18 17 11 15 20 7 9 2 16 6 3 19 8 13 
student 86: 5 3 7 17 11 8 12 16 9 1 18 14 20 10 15 4 6 19 13 2 
student 87: 1 9 3 16 7 14 19 15 6 12 18 8 20 2 13 4 5 17 11 10 
student 88: 8 13 2 18 9 15 17 12 4 6 16 11 20 3 14 1 5 19 7 10 
student 89: 3 7 6 18 10 1 13 11 4 14 20 8 19 2 12 9 5 15 16 17 
student 90: 2 10 3 17 8 18 15 14 7 13 12 9 19 6 5 1 4 20 11 16 
student 91: 6 17 2 15 16 18 20 10 4 8 14 5 12 3 19 1 11 7 9 13 
student 92: 8 15 3 19 13 5 18 17 10 16 14 1 20 9 12 4 2 7 6 11 
student 93: 10 9 4 11 7 12 5 18 6 13 17 15 20 2 1 8 3 19 16 14 
student 94: 8 17 5 13 3 4 20 18 12 15 19 10 16 2 11 6 1 14 7 9 
student 95: 8 13 9 10 6 3 17 15 5 12 14 7 20 4 16 2 11 19 18 1 
student 96: 7 5 1 18 16 2 10 17 8 12 14 13 15 4 11 3 9 20 19 6 
student 97: 4 8 1 20 7 3 11 18 5 12 14 10 15 2 16 17 6 13 19 9 
student 98: 2 8 9 19 11 12 16 18 10 5 13 4 17 7 6 1 3 20 14 15 
student 99: 10 7 6 12 15 14 17 13 5 9 16 3 19 4 18 1 8 20 2 11 
student 100: 1 13 11 19 7 4 14 16 9 8 18 5 17 2 10 6 3 20 15 12 
student 101: 5 18 3 12 2 13 16 15 8 11 19 10 14 7 6 1 4 17 20 9 
student 102: 5 16 2 12 18 4 7 14 6 9 15 11 13 3 19 1 8 17 20 10 
student 103: 6 17 1 14 9 7 19 15 10 3 20 8 16 4 13 2 5 11 12 18 
student 104: 1 6 5 14 8 3 4 19 10 7 20 13 16 9 15 2 11 17 18 12 
student 105: 1 10 16 9 12 11 18 15 6 5 17 8 19 3 13 2 7 20 4 14 
student 106: 10 11 6 3 17 9 14 5 13 8 18 7 19 4 20 1 2 15 16 12 
student 107: 10 13 3 12 4 6 17 8 9 5 20 16 18 1 11 2 7 14 15 19 
student 108: 3 8 2 18 4 5 17 11 10 6 20 12 16 1 19 7 9 15 14 13 
student 109: 4 9 7 15 2 3 16 17 5 12 18 6 20 10 13 1 8 19 14 11 
student 110: 5 8 2 19 9 4 18 13 3 7 20 15 17 11 12 1 10 14 16 6 
student 111: 11 10 4 14 8 12 20 9 3 7 13 6 16 5 15 2 1 17 18 19 
student 112: 10 7 1 16 11 5 17 19 4 15 20 8 14 3 9 2 6 18 12 13 
student 113: 2 11 8 14 1 5 13 20 4 12 19 9 18 3 17 7 6 15 16 10 
student 114: 10 18 3 17 5 2 15 19 11 9 20 13 16 8 14 6 1 4 7 12 
student 115: 7 4 3 17 12 14 11 20 2 15 18 6 9 1 5 8 10 19 13 16 
student 116: 1 16 6 8 11 2 19 13 9 15 17 4 20 7 18 3 10 5 12 14 
student 117: 2 9 4 13 17 6 10 19 5 14 20 8 16 1 12 3 7 18 15 11 
student 118: 5 8 2 20 6 10 16 11 1 13 19 14 18 3 9 4 7 17 15 12 
student 119: 4 11 2 15 7 13 17 12 9 10 19 6 16 1 14 8 3 20 18 5 
student 120: 4 7 1 14 13 5 15 20 10 16 19 6 17 3 12 2 8 18 9 11 
student 121: 14 10 5 7 4 1 20 19 11 6 15 8 17 3 12 2 9 13 18 16 
student 122: 4 14 1 15 8 16 20 18 9 17 19 6 11 2 10 3 5 13 12 7 
student 123: 18 9 2 12 7 6 14 19 1 8 17 11 15 4 10 5 3 13 16 20 
student 124: 9 18 1 19 7 5 3 10 12 16 14 11 20 4 17 2 6 15 8 13 
student 125: 2 20 7 13 11 8 15 16 17 4 19 9 18 5 10 1 6 3 14 12 
student 126: 4 17 1 16 6 3 13 10 9 7 19 12 15 2 8 11 5 18 20 14 
student 127: 6 3 1 17 15 8 20 10 5 4 16 14 19 7 9 2 18 13 12 11 
student 128: 13 5 2 19 7 10 14 16 4 11 20 6 18 1 12 3 9 8 15 17 
student 129: 4 10 2 18 7 1 20 19 8 17 13 9 12 5 14 3 6 16 11 15 
student 130: 2 20 3 10 13 6 16 17 8 15 18 11 19 4 14 1 5 12 7 9 
student 131: 3 20 1 8 5 9 17 13 6 11 19 7 18 14 10 2 4 16 15 12 
student 132: 4 11 1 17 2 14 19 10 7 9 15 8 18 5 13 3 6 16 20 12 
student 133: 2 11 5 17 9 4 18 19 8 20 15 1 14 16 10 3 6 12 13 7 
student 134: 17 10 4 12 7 3 15 16 9 8 20 2 19 11 6 1 13 18 14 5 
student 135: 9 11 2 16 5 6 18 15 13 8 19 4 20 3 10 1 7 12 17 14 
student 136: 4 5 3 20 10 8 14 17 13 18 12 2 16 15 11 1 6 7 19 9 
student 137: 3 11 13 18 7 8 17 20 15 6 16 2 14 4 12 1 5 19 10 9 
student 138: 4 15 10 19 20 3 14 7 8 13 16 2 18 1 5 12 6 11 9 17 
student 139: 9 10 1 14 6 7 18 12 4 17 20 8 16 5 15 3 2 19 11 13 
student 140: 8 9 7 10 11 19 16 13 2 12 20 5 18 4 6 3 1 17 15 14 
student 141: 1 13 5 19 6 9 20 18 8 11 16 4 14 2 17 3 10 12 15 7 
student 142: 10 3 1 12 5 2 19 16 17 11 20 6 14 4 9 15 7 13 18 8 
student 143: 1 8 2 13 11 6 18 19 10 9 20 7 16 5 12 4 3 17 15 14 
student 144: 16 13 6 10 7 8 19 11 1 17 20 5 15 4 9 2 3 18 14 12 
student 145: 6 7 3 18 14 4 19 17 12 13 20 11 10 1 16 5 2 15 8 9 
student 146: 4 10 3 12 5 14 20 13 8 19 18 6 15 7 16 1 2 17 11 9 
student 147: 9 11 4 16 3 6 20 13 19 5 15 8 14 7 12 2 10 18 1 17 
student 148: 4 9 6 20 3 15 18 17 13 16 12 19 14 2 10 5 7 11 8 1 
student 149: 3 14 7 13 11 6 17 19 8 16 18 5 20 1 10 2 4 15 12 9 
student 150: 8 15 1 17 16 13 14 18 6 10 5 7 19 3 9 2 4 11 12 20 
student 151: 9 12 4 11 13 1 19 15 7 6 20 18 16 3 17 2 5 8 14 10 
student 152: 8 14 13 11 1 6 20 18 5 12 19 10 15 9 16 3 2 7 17 4 
student 153: 2 7 1 16 11 14 17 12 4 13 20 6 18 3 10 5 8 19 15 9 
student 154: 2 9 5 19 11 13 20 14 12 10 17 7 15 6 4 1 3 16 18 8 
student 155: 15 3 12 17 16 8 5 18 2 9 19 11 20 7 6 1 13 4 14 10 
student 156: 7 8 1 17 16 6 12 11 3 10 19 9 18 4 15 2 5 20 13 14 
student 157: 12 15 2 17 6 4 14 11 13 7 19 20 10 3 18 1 5 9 16 8 
student 158: 1 15 5 11 3 8 16 10 13 9 20 7 12 4 18 2 6 19 17 14 
student 159: 5 4 2 16 17 15 14 10 1 12 18 6 11 3 13 7 19 20 9 8 
student 160: 3 11 4 13 1 5 16 18 8 19 20 7 15 9 10 2 12 14 17 6 
student 161: 1 5 2 14 10 6 7 16 13 9 18 12 19 8 15 3 4 20 17 11 
student 162: 1 11 2 16 12 7 13 20 6 9 18 3 17 14 10 5 4 19 15 8 
student 163: 8 15 2 17 7 3 13 20 16 14 19 10 18 1 12 4 6 9 11 5 
student 164: 3 9 1 10 13 5 17 14 7 2 16 11 20 12 6 4 8 18 19 15 
student 165: 9 11 3 15 17 10 16 14 6 18 19 4 20 5 13 1 2 7 12 8 
student 166: 1 9 2 12 13 7 16 14 10 11 18 4 19 8 15 3 5 20 6 17 
student 167: 9 15 2 16 8 11 19 14 4 6 20 7 13 3 10 1 5 18 17 12 
student 168: 6 12 3 15 13 2 14 16 7 8 20 18 17 1 9 5 4 11 19 10 
student 169: 15 10 2 16 9 8 7 18 6 11 17 5 14 12 4 1 3 19 20 13 
student 170: 3 13 1 18 9 5 20 11 4 8 17 16 15 7 14 6 2 19 10 12 
student 171: 11 6 16 14 3 20 18 13 17 19 9 5 8 1 12 2 4 7 15 10 
student 172: 12 11 4 15 7 8 20 19 9 3 17 5 13 1 14 2 6 18 10 16 
student 173: 2 6 8 17 18 7 12 20 11 10 15 5 19 3 13 4 1 14 16 9 
student 174: 3 11 2 16 8 7 18 17 1 10 20 9 19 5 12 4 6 15 14 13 
student 175: 1 11 2 18 9 10 16 17 7 8 15 6 13 4 14 3 5 20 19 12 
student 176: 3 15 7 16 4 5 13 17 11 12 20 1 19 9 6 2 14 10 18 8 
student 177: 8 10 1 16 6 14 11 15 9 20 13 2 17 4 12 3 5 19 7 18 
student 178: 3 10 7 19 9 14 15 16 6 8 18 4 17 2 11 1 5 20 13 12 
student 179: 1 13 6 14 4 9 19 17 5 12 18 7 20 16 11 2 3 10 15 8 
student 180: 9 8 11 13 7 4 18 17 6 15 20 10 1 3 16 2 5 14 19 12 
student 181: 3 10 2 15 17 8 19 14 4 6 16 13 20 7 11 1 5 9 18 12 
student 182: 1 9 5 19 8 4 17 20 3 12 14 2 10 6 16 7 15 13 18 11 
student 183: 6 13 1 15 10 9 16 20 8 4 17 3 18 5 12 2 19 11 7 14 
student 184: 6 8 1 16 3 7 18 17 9 12 20 13 19 4 14 2 5 11 15 10 
student 185: 1 7 8 20 5 12 15 16 9 6 17 3 19 18 13 4 10 2 14 11 
student 186: 17 12 5 13 8 7 15 18 3 14 16 2 20 10 11 4 1 6 19 9 
student 187: 4 11 3 13 15 9 17 7 8 10 19 6 18 5 14 2 16 20 12 1 
student 188: 2 12 4 15 11 6 5 19 3 14 20 8 18 9 10 7 1 17 13 16 
student 189: 3 11 2 15 16 4 20 14 1 13 18 5 17 9 8 6 19 12 10 7 
student 190: 5 11 4 12 9 2 19 16 17 13 20 7 14 1 18 3 6 15 10 8 
student 191: 7 13 10 15 8 6 9 20 14 1 18 12 17 2 19 5 11 3 4 16 
student 192: 2 7 1 13 8 5 16 20 6 15 17 10 19 3 14 11 4 18 9 12 
student 193: 10 6 4 2 18 8 11 15 12 9 20 5 16 3 17 1 14 13 7 19 
student 194: 3 7 1 13 6 12 19 15 4 16 18 17 9 2 11 8 10 20 14 5 
student 195: 3 13 1 16 14 5 18 15 7 8 20 12 11 2 9 4 6 19 17 10 
student 196: 3 15 7 17 2 9 19 20 13 12 8 11 16 6 14 5 4 18 1 10 
student 197: 3 6 8 15 5 12 19 13 1 9 18 7 14 10 11 4 2 20 16 17 
student 198: 8 14 4 7 20 12 18 16 6 3 11 13 17 2 15 1 5 19 9 10 
student 199: 2 3 11 18 10 7 14 16 4 15 19 9 13 8 12 5 1 20 17 6 
student 200: 3 19 4 16 7 10 18 20 12 9 15 6 14 1 8 2 5 13 17 11 
student 201: 16 13 3 5 7 14 20 8 2 9 15 6 12 10 17 1 4 19 18 11 
student 202: 2 16 1 8 9 3 15 17 18 10 20 14 19 11 7 4 12 13 5 6 
student 203: 7 8 5 14 13 3 18 15 2 12 20 10 19 1 11 4 16 9 17 6 
student 204: 4 17 2 14 11 10 16 13 9 18 20 6 19 3 8 1 5 15 12 7 
student 205: 2 1 6 19 14 8 18 17 7 9 16 11 20 3 13 4 5 12 15 10 
student 206: 3 6 5 19 7 8 16 13 18 12 11 4 20 2 9 1 10 17 15 14 
student 207: 5 11 3 20 16 14 10 18 6 8 15 12 13 2 17 1 7 19 9 4 
student 208: 9 7 2 14 1 10 19 18 5 13 17 11 15 3 12 4 6 8 20 16 
student 209: 10 7 4 19 6 5 15 17 2 13 18 8 20 1 11 3 14 16 12 9 
student 210: 3 9 6 13 7 8 19 17 10 11 20 5 18 4 15 2 1 16 12 14 
student 211: 7 13 1 12 3 2 19 9 14 11 15 5 20 6 8 4 10 17 16 18 
student 212: 1 11 2 13 3 7 15 16 6 10 20 8 17 4 9 12 5 18 14 19 
student 213: 9 5 7 19 4 1 3 18 11 8 17 10 14 6 20 2 13 12 16 15 
student 214: 9 18 1 13 12 6 14 20 4 7 16 11 17 2 15 3 5 19 10 8 
student 215: 4 7 3 16 1 9 17 14 8 12 20 11 19 6 5 2 10 18 15 13 
student 216: 8 6 7 15 14 5 4 18 9 10 19 11 17 2 16 1 3 13 12 20 
student 217: 7 11 3 15 8 5 20 16 2 4 10 9 19 1 12 18 6 17 14 13 
student 218: 10 13 2 16 5 8 9 18 4 11 20 3 19 1 6 12 7 14 15 17 
student 219: 3 12 1 14 11 5 15 16 7 8 20 9 17 4 13 2 6 18 19 10 
student 220: 3 11 1 13 10 4 18 16 8 6 20 7 19 2 15 5 9 17 14 12 
student 221: 3 4 8 16 12 7 11 18 9 10 19 1 15 5 14 2 6 13 20 17 
student 222: 3 11 2 10 6 15 18 8 1 9 20 16 19 5 13 7 12 14 17 4 
student 223: 4 7 10 13 20 1 17 18 8 15 19 9 12 2 14 6 3 11 16 5 
student 224: 5 4 7 19 6 15 18 2 10 11 20 8 17 3 16 1 9 14 13 12 
student 225: 5 9 3 1 12 8 17 18 6 19 15 14 13 2 4 7 16 20 11 10 
student 226: 3 8 1 12 17 10 18 16 6 19 20 14 11 2 7 5 4 13 9 15 
student 227: 4 14 3 9 10 7 17 19 6 11 20 12 18 13 15 2 1 16 5 8 
student 228: 2 16 1 11 10 3 17 19 5 9 20 7 13 4 14 8 6 18 12 15 
student 229: 7 12 2 17 9 10 20 15 4 14 19 11 18 8 5 1 3 13 6 16 
student 230: 2 17 4 20 11 5 8 18 10 14 19 15 16 7 6 1 3 13 12 9 
student 231: 8 3 1 11 10 6 18 17 7 13 9 4 19 12 14 5 2 16 15 20 
student 232: 4 15 3 14 11 6 13 17 5 8 12 9 19 1 10 2 7 20 18 16 
student 233: 11 12 3 16 5 4 19 8 17 9 20 7 14 1 15 10 6 13 18 2 
student 234: 9 15 2 13 11 5 14 20 3 6 19 8 16 1 12 4 10 17 7 18 
student 235: 4 19 6 17 11 18 14 12 7 8 20 9 16 1 5 3 2 13 15 10 
student 236: 8 15 4 3 2 12 16 18 6 10 19 7 20 5 13 1 9 17 11 14 
student 237: 6 8 14 10 20 15 12 16 3 5 19 7 18 1 13 4 2 11 17 9 
student 238: 12 5 11 18 14 9 19 17 3 13 6 15 16 4 1 2 8 20 10 7 
student 239: 4 16 6 17 15 3 12 8 11 2 18 10 20 7 14 1 9 19 13 5 
student 240: 4 20 5 16 7 14 11 17 3 13 18 6 19 1 8 10 9 12 2 15 
student 241: 6 9 1 19 7 11 14 20 4 15 18 16 17 5 12 2 3 8 13 10 
student 242: 4 10 1 7 9 5 17 16 8 13 18 3 20 2 15 6 12 19 14 11 
student 243: 5 8 3 11 10 7 20 9 6 19 18 12 15 1 16 2 4 17 13 14 
student 244: 8 14 2 18 5 11 20 16 12 6 19 4 13 3 15 1 9 17 10 7 
student 245: 9 16 3 11 7 6 20 14 10 2 19 8 18 1 17 5 4 13 15 12 
student 246: 1 6 8 19 12 11 18 9 3 13 20 4 17 7 15 2 5 10 14 16 
student 247: 3 15 7 11 8 12 14 20 5 10 18 4 17 2 16 1 6 13 9 19 
student 248: 1 7 4 18 17 14 15 20 5 13 16 6 19 12 9 3 2 11 10 8 
student 249: 7 12 1 17 9 4 18 19 3 11 20 16 8 5 15 6 2 10 14 13 
student 250: 1 4 3 9 14 2 13 18 8 15 19 12 20 7 16 6 11 17 5 10 
student 251: 9 3 2 7 13 8 20 16 4 19 15 11 18 5 14 1 10 6 17 12 
student 252: 2 7 6 16 13 5 19 9 3 11 20 10 18 4 8 1 15 17 14 12 
student 253: 2 19 3 8 10 6 16 13 9 11 17 7 15 1 14 4 5 20 18 12 
student 254: 13 11 3 20 2 8 14 12 18 17 16 5 19 4 15 1 10 9 7 6 
student 255: 1 10 6 18 11 7 16 19 4 9 3 8 14 15 20 17 2 13 12 5 
student 256: 12 9 2 14 7 6 18 11 5 19 10 3 17 1 16 13 4 15 20 8 
student 257: 11 6 5 12 8 9 16 20 4 15 17 2 14 1 7 13 3 18 19 10 
student 258: 8 14 11 16 7 5 18 12 2 3 9 15 20 4 10 1 6 17 19 13 
student 259: 1 17 8 15 9 5 11 14 6 12 20 3 18 2 19 7 4 16 10 13 
student 260: 5 12 2 19 11 14 9 18 7 13 17 3 15 4 16 1 8 6 20 10 
student 261: 11 13 3 19 9 5 16 8 6 7 20 10 18 1 15 4 2 17 14 12 
student 262: 8 19 5 15 6 12 17 20 1 4 16 13 18 7 9 2 3 14 11 10 
student 263: 8 11 2 18 3 13 7 14 6 15 17 12 16 4 20 1 5 19 9 10 
student 264: 3 6 2 18 10 12 19 17 9 8 20 5 15 7 14 1 11 13 16 4 
student 265: 10 5 7 11 1 16 15 14 4 2 18 12 17 6 19 3 13 8 20 9 
student 266: 10 4 5 11 8 6 20 17 12 18 15 9 19 2 16 3 1 14 13 7 
student 267: 8 14 2 10 9 11 18 16 3 13 15 7 20 4 6 5 1 19 17 12 
student 268: 2 3 8 4 7 17 18 16 6 11 12 15 13 1 9 5 10 19 14 20 
student 269: 5 9 6 11 7 8 19 20 4 10 17 13 14 1 12 2 3 18 16 15 
student 270: 3 1 5 12 10 14 18 20 8 7 17 4 19 11 13 2 6 15 9 16 
student 271: 2 8 6 14 3 13 19 18 15 17 16 4 11 10 20 1 7 9 12 5 
student 272: 5 8 4 13 17 14 16 15 6 9 11 3 20 1 12 2 7 19 18 10 
student 273: 9 7 2 14 6 3 15 18 11 8 19 10 17 4 20 5 1 16 13 12 
student 274: 9 4 8 16 5 11 15 18 13 3 14 2 20 10 1 6 7 17 19 12 
student 275: 1 11 2 15 8 10 19 12 16 13 20 5 14 4 18 6 3 17 7 9 
student 276: 5 13 3 16 10 1 15 18 6 14 12 7 20 9 11 8 4 19 2 17 
student 277: 9 18 10 17 7 1 19 11 6 12 13 4 20 14 2 3 8 16 15 5 
student 278: 1 5 9 16 17 10 14 12 7 15 20 8 19 6 13 2 4 18 11 3 
student 279: 8 4 3 17 7 1 20 19 11 18 12 16 10 2 9 5 13 15 6 14 
student 280: 6 1 2 9 10 19 18 14 8 15 20 7 13 3 11 4 5 16 17 12 
student 281: 13 8 6 16 12 5 20 19 4 2 18 9 10 7 14 3 1 11 17 15 
student 282: 3 16 1 12 5 6 11 15 7 8 17 10 20 2 9 14 4 19 18 13 
student 283: 6 9 14 4 10 8 17 15 7 11 20 18 19 1 5 2 3 13 16 12 
student 284: 2 10 4 19 13 9 14 3 8 1 18 5 20 7 12 6 11 16 17 15 
student 285: 4 12 7 13 8 11 16 19 5 9 20 2 18 3 17 1 6 15 10 14 
student 286: 3 5 6 16 10 7 18 8 1 12 20 11 19 4 14 2 9 17 15 13 
student 287: 1 7 4 8 6 11 17 15 14 18 13 12 10 3 19 5 2 16 20 9 
student 288: 4 11 2 12 14 13 15 20 1 3 6 8 18 7 17 5 9 19 16 10 
student 289: 6 12 7 17 9 18 15 10 5 3 16 8 19 4 13 2 1 20 14 11 
student 290: 8 2 1 15 11 6 20 13 5 10 17 9 19 7 14 4 3 16 18 12 
student 291: 10 15 1 19 2 12 16 13 6 9 17 5 20 4 7 3 11 8 14 18 
student 292: 2 8 4 12 10 9 20 15 6 13 14 3 18 1 16 5 7 17 11 19 
student 293: 12 6 9 13 16 5 20 10 3 11 17 8 19 1 15 4 2 7 18 14 
student 294: 9 8 5 20 7 14 17 16 10 1 19 6 13 3 15 2 4 18 12 11 
student 295: 2 16 3 11 17 1 13 10 12 7 15 8 20 5 19 4 9 18 14 6 
student 296: 5 6 2 16 9 14 19 17 7 8 10 12 18 3 15 1 4 20 11 13 
student 297: 1 16 4 14 18 13 19 12 11 5 15 3 10 2 8 6 7 17 9 20 
student 298: 1 7 3 19 10 4 18 16 5 8 17 6 20 12 13 9 2 14 15 11 
student 299: 6 15 1 13 8 14 19 16 11 12 18 5 20 2 10 4 9 17 7 3 
student 300: 6 10 1 16 13 17 14 19 3 7 18 9 20 5 2 4 8 11 12 15 
student 301: 4 12 2 16 10 11 18 17 6 14 20 8 19 3 15 1 7 5 13 9 
student 302: 6 10 1 14 18 7 17 12 11 8 20 2 19 9 3 4 13 16 15 5 
student 303: 1 18 3 9 13 7 16 19 5 12 20 8 15 4 10 2 6 17 14 11 
student 304: 1 11 8 4 19 3 20 15 6 13 14 7 16 10 9 2 12 18 17 5 
student 305: 1 18 8 14 11 5 17 16 4 12 20 6 19 7 9 2 3 13 10 15 
student 306: 9 13 8 18 7 1 6 10 12 14 16 4 11 3 15 2 5 19 17 20 
student 307: 8 14 2 17 12 7 15 20 4 9 18 13 11 3 10 1 6 19 16 5 
student 308: 5 7 2 19 9 3 20 16 13 12 8 17 18 11 4 1 6 15 14 10 
student 309: 11 12 5 17 9 8 10 18 3 15 19 6 7 1 13 2 4 14 16 20 
student 310: 2 19 3 7 9 4 12 8 13 10 20 16 14 5 17 1 11 18 15 6 
student 311: 3 8 9 1 11 5 2 17 7 18 15 4 20 12 16 6 10 19 14 13 
student 312: 5 10 9 16 8 4 20 12 11 13 15 7 17 6 19 2 3 1 14 18 
student 313: 10 13 2 15 7 11 20 12 5 8 18 6 19 3 17 1 4 16 14 9 
student 314: 8 13 2 16 7 10 20 17 3 1 19 18 14 9 11 5 4 6 15 12 
student 315: 5 9 2 18 6 7 16 20 15 10 14 8 19 1 13 3 4 12 17 11 
student 316: 1 13 3 12 11 4 18 15 10 9 19 8 20 5 6 2 7 16 17 14 
student 317: 2 15 3 5 17 13 6 10 9 18 14 12 20 4 16 1 8 11 19 7 
student 318: 3 13 4 17 9 6 20 12 7 14 18 8 15 2 16 1 5 10 19 11 
student 319: 3 5 2 17 12 10 19 16 9 11 20 4 18 1 15 6 8 13 14 7 
student 320: 2 6 1 15 10 13 18 14 9 17 19 20 16 4 11 3 7 12 8 5 
student 321: 11 7 1 8 17 6 19 14 4 13 20 10 16 2 9 5 3 12 18 15 
student 322: 6 14 2 16 13 5 18 20 4 10 19 8 17 3 12 11 1 7 15 9 
student 323: 7 9 3 15 1 8 16 12 6 14 19 5 20 4 18 10 11 2 13 17 
student 324: 5 4 12 18 3 1 13 15 10 7 20 2 19 16 8 17 9 6 14 11 
student 325: 5 6 4 18 2 7 20 13 8 11 19 10 17 3 15 1 9 16 12 14 
student 326: 10 8 13 17 5 1 18 12 6 15 20 7 19 9 2 4 3 11 16 14 
student 327: 6 11 4 9 10 12 5 8 3 14 18 13 17 7 15 2 1 20 16 19 
student 328: 6 12 5 18 9 3 19 15 10 7 17 11 14 1 16 2 4 20 13 8 
student 329: 3 12 10 15 5 8 20 16 4 19 14 6 18 1 11 9 7 13 17 2 
student 330: 1 10 3 14 5 4 8 11 9 7 20 16 19 15 12 2 6 17 18 13 
student 331: 5 2 4 14 9 1 15 17 7 10 20 11 18 3 13 6 8 19 16 12 
student 332: 4 15 3 14 7 6 17 20 12 13 18 5 19 2 11 1 8 9 16 10 
student 333: 2 9 3 16 12 10 20 11 7 17 18 13 19 1 6 5 4 15 8 14 
student 334: 7 1 3 16 11 15 9 19 5 20 17 4 18 14 13 2 12 6 10 8 
student 335: 5 14 4 18 7 9 13 20 11 15 17 6 12 1 19 8 2 10 3 16 
student 336: 10 12 3 11 6 2 14 20 7 17 19 5 1 4 8 9 16 15 18 13 
student 337: 6 9 5 15 3 11 20 19 4 13 10 2 16 8 17 7 1 18 12 14 
student 338: 8 12 2 7 11 6 16 20 4 10 19 5 17 3 15 1 9 18 14 13 
student 339: 14 3 1 13 11 5 15 19 2 10 20 6 16 9 12 4 8 18 17 7 
student 340: 2 5 6 15 10 11 9 4 13 3 20 18 16 7 19 8 1 12 14 17 
student 341: 3 11 1 20 10 8 18 16 14 17 19 4 13 2 6 5 7 15 9 12 
student 342: 2 9 10 7 11 6 15 18 5 13 20 12 19 4 8 1 3 17 16 14 
student 343: 8 17 12 15 5 1 19 14 3 11 20 4 18 2 6 7 9 16 13 10 
student 344: 7 8 2 12 3 6 13 18 14 15 9 10 20 5 11 1 4 19 17 16 
student 345: 1 12 2 13 11 5 15 9 6 7 14 10 18 8 17 4 3 16 20 19 
student 346: 5 15 1 13 10 7 18 14 6 9 20 8 19 2 12 3 4 16 11 17 
student 347: 7 5 4 20 16 9 14 15 6 13 19 8 17 3 12 1 10 11 2 18 
student 348: 7 11 2 16 12 9 13 17 3 8 18 5 15 4 14 1 6 20 19 10 
student 349: 3 9 2 10 12 7 20 16 5 18 19 8 13 4 11 1 6 14 15 17 
student 350: 2 5 10 17 3 16 19 18 6 11 13 4 9 7 12 1 8 20 15 14 
student 351: 8 6 5 16 3 4 15 17 11 12 18 19 10 1 13 7 2 20 14 9 
student 352: 10 13 3 16 2 5 17 19 6 9 20 15 14 11 7 1 4 8 18 12 
student 353: 7 6 3 10 13 5 14 15 16 20 18 1 17 8 9 2 4 19 12 11 
student 354: 5 17 3 11 9 7 14 10 6 16 19 12 20 2 8 1 4 18 13 15 
student 355: 1 14 2 18 9 8 20 16 4 5 12 13 15 3 17 7 10 19 11 6 
student 356: 5 10 12 18 8 2 15 11 14 13 20 6 19 1 9 3 7 17 4 16 
student 357: 8 1 6 18 5 3 20 17 11 14 16 10 15 9 13 2 4 19 12 7 
student 358: 4 9 2 18 15 10 14 16 5 12 20 6 13 3 19 8 1 7 17 11 
student 359: 4 11 6 9 8 2 1 17 19 12 18 10 16 3 15 5 14 7 20 13 
student 360: 1 12 3 19 15 14 16 11 8 20 4 10 17 2 18 5 6 9 13 7 
student 361: 10 11 1 12 16 6 7 13 5 8 20 15 18 2 19 3 9 17 14 4 
student 362: 7 5 4 11 15 3 18 19 13 10 20 14 17 2 8 12 1 16 9 6 
student 363: 8 10 1 16 9 6 19 12 11 7 20 4 17 5 14 2 3 18 15 13 
student 364: 7 15 5 13 4 9 14 18 6 20 19 12 16 1 8 2 11 10 17 3 
student 365: 1 9 4 11 13 8 18 16 2 12 17 7 19 3 15 6 5 14 20 10 
student 366: 8 14 4 15 13 6 16 17 7 10 20 3 19 2 12 1 9 18 11 5 
student 367: 4 5 15 16 8 14 12 20 11 17 18 2 19 6 7 1 3 13 9 10 
student 368: 4 16 6 15 5 7 10 20 1 12 18 13 17 3 14 2 11 9 8 19 
student 369: 6 19 1 14 11 8 16 7 13 3 10 15 17 4 9 5 2 12 18 20 
student 370: 2 15 11 19 10 5 14 9 3 8 20 6 18 1 16 4 7 17 13 12 
student 371: 3 8 1 12 16 2 18 19 7 10 20 9 13 5 17 4 6 14 11 15 
student 372: 9 8 1 18 10 2 12 5 14 15 7 11 13 6 16 4 3 20 19 17 
student 373: 11 5 9 18 16 4 2 17 8 6 20 7 15 1 12 3 10 19 14 13 
student 374: 5 11 4 9 18 1 20 14 8 12 17 6 19 2 10 3 7 13 16 15 
student 375: 5 17 4 16 8 18 11 10 6 7 12 1 19 2 14 3 13 20 15 9 
student 376: 4 12 3 17 8 10 16 7 2 6 15 11 19 1 14 5 9 18 13 20 
student 377: 10 16 1 19 9 7 15 20 17 6 14 12 5 3 8 11 4 18 13 2 
student 378: 4 14 3 1 13 6 20 19 8 15 17 9 18 5 11 2 7 16 10 12 
student 379: 7 5 3 20 2 8 17 14 1 10 15 11 19 6 4 12 16 18 9 13 
student 380: 9 11 4 19 7 5 20 2 8 15 18 14 16 3 13 1 6 10 17 12 
student 381: 3 14 6 19 8 16 17 12 5 11 18 1 20 9 15 4 7 2 13 10 
student 382: 1 12 2 16 7 10 14 20 6 13 17 3 19 4 8 11 9 18 5 15 
student 383: 5 17 1 13 9 8 15 16 4 19 20 7 18 2 3 11 6 14 12 10 
student 384: 11 5 9 14 3 8 16 19 6 12 20 10 17 1 18 2 4 15 13 7 
student 385: 1 9 4 19 7 6 11 20 2 8 17 14 18 5 13 3 12 16 15 10 
student 386: 6 14 3 19 12 5 18 16 7 10 20 4 9 2 15 1 11 13 8 17 
student 387: 7 10 3 13 1 16 17 18 6 14 19 20 9 2 11 4 5 15 12 8 
student 388: 4 12 8 20 14 3 17 16 11 5 18 7 19 6 9 1 2 13 10 15 
student 389: 2 13 3 7 11 9 16 10 4 17 18 8 20 6 12 1 5 19 15 14 
student 390: 7 6 1 8 12 9 14 13 5 19 15 4 17 11 16 2 3 18 10 20 
student 391: 2 7 3 19 9 5 16 18 8 10 17 11 20 6 13 1 4 15 14 12 
student 392: 1 6 10 18 2 16 17 14 8 3 20 9 15 7 5 4 13 19 11 12 
student 393: 8 10 1 15 9 7 18 20 5 14 17 4 19 6 16 2 12 3 13 11 
student 394: 8 9 6 17 7 1 16 19 5 11 20 12 18 4 10 3 15 14 13 2 
student 395: 1 11 5 18 13 6 19 15 4 9 20 12 17 2 16 7 8 14 10 3 
student 396: 7 5 6 13 1 10 20 18 19 16 12 8 17 2 11 4 3 14 9 15 
student 397: 4 9 3 10 19 5 17 12 2 11 14 7 20 8 16 18 6 15 1 13 
student 398: 2 8 1 17 16 12 20 14 4 13 19 9 18 6 11 5 3 7 15 10 
student 399: 4 11 3 16 14 7 19 15 8 13 20 5 17 6 12 2 9 10 1 18 
student 400: 3 15 8 12 2 5 20 10 11 9 13 7 18 6 14 1 4 16 17 19 
student 401: 2 11 6 10 12 5 19 15 3 13 17 9 4 7 14 1 8 16 18 20 
student 402: 6 19 4 18 12 15 11 10 8 3 14 7 16 5 17 1 2 20 9 13 
student 403: 3 13 1 11 7 12 15 18 5 20 17 9 19 4 14 2 6 16 8 10 
student 404: 3 2 13 16 5 11 15 19 6 10 14 7 17 4 12 1 8 18 20 9 
student 405: 12 13 5 10 16 4 20 18 7 17 14 11 19 6 15 1 2 3 8 9 
student 406: 4 11 1 7 10 5 8 20 19 9 18 6 14 2 15 3 12 17 16 13 
student 407: 4 15 3 18 2 11 20 6 5 16 17 7 13 10 14 1 9 19 12 8 
student 408: 1 8 4 14 18 3 16 17 9 13 15 10 19 5 11 2 6 20 7 12 
student 409: 6 7 1 15 5 3 14 19 12 9 16 20 17 2 10 8 4 18 13 11 
student 410: 4 6 1 14 20 5 13 12 7 9 19 11 15 2 10 17 3 18 16 8 
student 411: 12 6 3 19 8 9 17 10 16 11 15 2 20 7 13 1 4 5 14 18 
student 412: 3 20 2 13 8 5 14 16 9 19 15 11 18 10 12 1 4 17 7 6 
student 413: 5 9 2 15 4 8 20 13 7 12 19 6 18 3 14 1 10 16 17 11 
student 414: 5 15 3 7 12 6 16 19 13 4 20 10 18 1 2 9 8 11 14 17 
student 415: 7 12 1 15 4 8 19 10 2 11 18 5 20 9 16 3 14 17 6 13 
student 416: 2 13 1 14 9 10 11 20 6 7 19 8 18 3 16 4 5 17 15 12 
student 417: 19 5 7 11 8 4 15 20 2 9 17 3 18 6 12 1 16 14 13 10 
student 418: 2 8 7 14 11 4 6 17 9 16 19 12 13 3 10 5 1 18 20 15 
student 419: 4 11 14 10 3 8 18 19 2 6 16 7 20 1 12 13 5 17 15 9 
student 420: 1 19 2 15 3 9 10 20 5 6 14 4 17 7 11 8 12 18 16 13 
student 421: 1 12 6 17 16 3 20 11 7 9 19 8 15 2 13 5 4 18 14 10 
student 422: 5 17 16 15 9 4 10 14 3 7 20 8 18 1 11 2 6 12 19 13 
student 423: 4 18 1 13 7 10 20 16 3 11 15 5 19 6 14 8 2 17 9 12 
student 424: 9 10 1 20 7 8 17 13 12 11 18 3 14 5 15 2 6 19 16 4 
student 425: 11 12 1 10 8 2 20 16 7 9 18 4 19 5 13 6 3 14 17 15 
student 426: 2 6 9 15 3 8 17 16 10 13 18 5 11 1 20 4 7 19 14 12 
student 427: 5 9 6 8 7 11 20 16 12 10 17 1 19 3 15 2 4 18 13 14 
student 428: 4 5 3 20 12 10 18 13 6 8 17 19 15 9 16 1 7 11 14 2 
student 429: 6 9 2 17 3 12 16 18 8 10 13 5 20 4 19 1 7 11 14 15 
student 430: 1 11 4 7 8 5 20 15 12 10 16 6 19 2 13 3 9 14 17 18 
student 431: 5 6 1 13 11 8 15 20 9 12 19 7 16 3 14 2 4 17 18 10 
student 432: 3 7 2 14 6 10 19 18 5 8 17 11 20 1 9 4 13 15 12 16 
student 433: 1 19 4 14 7 11 6 20 10 8 15 12 13 9 18 2 3 16 5 17 
student 434: 1 13 9 14 8 11 16 19 4 3 17 6 20 18 10 2 5 15 7 12 
student 435: 7 6 2 13 8 9 15 18 4 14 20 10 19 1 16 3 5 17 11 12 
student 436: 8 13 6 10 12 5 17 14 7 3 18 16 19 1 9 4 2 20 15 11 
student 437: 8 18 2 20 15 7 16 17 5 11 19 10 9 3 12 1 4 6 14 13 
student 438: 2 8 1 18 7 6 19 14 4 16 17 3 15 5 9 12 10 11 20 13 
student 439: 13 8 7 18 5 14 16 15 1 11 12 4 20 3 9 2 6 17 19 10 
student 440: 1 10 2 18 4 6 20 14 8 13 19 12 16 3 9 11 5 17 15 7 
student 441: 4 14 3 5 8 6 16 11 2 12 19 9 18 1 13 7 10 17 15 20 
student 442: 4 3 2 12 11 5 14 15 7 6 20 17 16 1 13 9 10 18 8 19 
student 443: 2 1 6 15 7 4 8 16 11 10 20 9 18 12 13 3 5 17 14 19 
student 444: 10 13 4 14 7 9 19 6 3 5 12 11 15 8 17 2 1 20 18 16 
student 445: 7 9 3 13 2 15 19 17 5 10 20 6 16 4 12 1 8 18 11 14 
student 446: 9 1 14 15 7 10 17 12 8 5 20 3 19 6 11 2 4 16 13 18 
student 447: 1 6 10 13 9 5 17 20 18 3 19 14 12 2 15 7 4 16 11 8 
student 448: 7 12 3 10 6 4 15 17 1 16 20 5 18 2 9 8 11 19 14 13 
student 449: 5 13 1 14 12 7 19 16 4 9 15 20 17 3 8 2 10 18 6 11 
student 450: 8 11 9 16 10 2 12 15 5 20 19 4 18 6 17 3 1 7 14 13 
student 451: 1 7 5 18 4 6 17 14 8 10 15 11 16 3 9 2 12 19 13 20 
student 452: 2 3 5 15 4 10 19 17 14 9 18 6 20 11 7 1 8 13 16 12 
student 453: 2 13 1 20 8 11 16 15 7 9 18 5 17 10 12 4 3 14 19 6 
student 454: 8 18 9 10 12 14 15 19 4 13 16 5 17 1 11 3 7 2 20 6 
student 455: 6 5 1 13 9 2 18 15 14 20 19 4 17 7 11 10 3 16 12 8 
student 456: 5 13 4 18 12 6 16 14 3 7 20 11 19 2 1 10 8 17 9 15 
student 457: 1 13 2 16 12 5 10 14 18 7 19 9 17 3 20 15 6 4 11 8 
student 458: 3 19 1 15 7 5 18 17 9 12 14 6 20 11 10 4 2 16 13 8 
student 459: 8 5 1 12 7 18 19 14 9 11 15 6 17 2 16 3 4 20 10 13 
student 460: 9 6 7 17 12 10 16 11 15 13 18 3 19 1 14 2 4 5 20 8 
student 461: 3 12 2 18 9 11 16 15 5 8 19 10 7 1 17 4 6 14 20 13 
student 462: 13 9 1 11 14 8 20 16 6 18 19 10 15 4 3 2 7 5 17 12 
student 463: 13 11 5 18 8 4 20 17 6 3 9 1 19 10 15 2 14 12 16 7 
student 464: 8 17 3 16 4 5 14 12 10 11 20 2 13 1 19 6 9 18 15 7 
student 465: 14 5 1 11 9 13 20 16 4 10 12 18 3 6 19 2 8 15 7 17 
student 466: 12 7 5 14 20 8 18 16 11 9 17 13 19 2 15 1 3 10 6 4 
student 467: 5 9 4 18 12 2 17 16 7 15 20 10 19 6 8 1 3 13 11 14 
student 468: 7 17 4 16 5 9 18 11 3 8 15 14 20 2 13 1 6 19 12 10 
student 469: 15 18 9 16 2 11 20 8 17 5 14 1 19 4 12 3 7 13 10 6 
student 470: 3 18 8 20 6 9 17 10 13 19 11 7 14 2 12 1 5 16 15 4 
student 471: 7 11 10 16 12 5 19 17 1 15 18 2 20 3 13 4 8 6 14 9 
student 472: 5 10 1 15 8 3 12 9 4 7 18 11 20 6 13 2 17 19 14 16 
student 473: 1 7 2 13 8 12 18 20 4 14 16 6 19 5 11 10 15 17 3 9 
student 474: 17 13 5 11 12 6 18 16 10 19 20 4 15 7 14 2 1 3 8 9 
student 475: 10 7 2 16 12 6 4 19 13 11 17 9 20 3 8 5 1 18 14 15 
student 476: 4 14 8 18 6 5 13 15 3 10 11 9 17 7 19 1 2 20 12 16 
student 477: 8 6 5 17 13 4 18 19 10 1 20 9 16 3 12 2 7 15 14 11 
student 478: 9 4 8 13 3 15 16 17 5 7 6 19 18 2 11 1 20 14 10 12 
student 479: 3 7 5 20 12 6 19 16 11 13 17 10 18 4 8 2 1 9 14 15 
student 480: 5 9 3 14 1 8 20 19 2 18 17 6 12 4 16 10 7 11 15 13 
student 481: 12 5 1 16 4 7 13 10 3 14 20 6 17 8 18 9 2 19 15 11 
student 482: 2 15 3 12 5 10 9 16 11 6 19 14 13 8 17 1 4 20 18 7 
student 483: 5 11 6 12 17 8 16 18 2 14 20 7 4 1 10 3 9 15 13 19 
student 484: 2 3 7 14 1 9 13 16 4 6 19 17 18 12 20 5 8 15 10 11 
student 485: 4 11 2 19 8 13 17 15 1 10 16 7 20 3 14 5 9 18 6 12 
student 486: 5 12 9 8 10 6 7 19 2 14 15 11 17 1 13 4 3 20 18 16 
student 487: 4 9 11 20 7 12 16 8 6 17 18 2 15 5 19 3 1 14 13 10 
student 488: 5 4 12 19 8 3 11 16 10 20 14 6 17 2 15 1 13 9 7 18 
student 489: 2 12 3 13 7 10 16 17 1 11 18 9 20 4 6 5 8 14 15 19 
student 490: 4 13 1 6 11 3 16 12 9 17 10 2 18 7 8 5 19 20 15 14 
student 491: 6 10 2 18 4 11 14 20 12 7 19 1 13 8 17 3 9 5 16 15 
student 492: 4 7 2 9 19 8 12 13 18 14 20 5 17 1 10 11 3 16 15 6 
student 493: 4 6 1 12 17 5 18 14 8 13 20 7 19 3 16 2 9 10 15 11 
student 494: 7 14 3 13 11 4 16 17 9 12 20 8 19 5 6 1 2 18 15 10 
student 495: 3 5 9 18 10 4 19 16 15 17 13 6 20 2 7 11 1 12 14 8 
student 496: 14 4 2 15 18 6 19 3 8 11 20 7 17 5 9 1 10 13 16 12 
student 497: 6 15 5 16 10 8 20 17 3 12 11 9 18 2 7 1 4 19 14 13 
student 498: 3 8 6 15 14 5 19 7 17 18 20 4 13 1 9 2 11 16 12 10 
student 499: 11 15 1 12 8 4 18 17 3 20 19 2 16 6 9 5 7 13 14 10 
student 500: 2 17 3 6 14 10 13 12 7 20 18 11 16 5 9 1 4 15 19 8 
student 501: 6 14 10 15 3 8 19 17 12 11 18 13 20 2 9 1 4 16 7 5 
student 502: 3 15 9 11 5 6 16 19 1 13 12 7 17 14 10 2 4 20 18 8 
student 503: 3 4 7 20 6 2 16 15 11 12 17 9 10 1 14 13 8 18 19 5 
student 504: 8 14 4 20 2 11 13 10 7 15 18 6 12 3 19 1 5 16 17 9 
student 505: 10 5 6 9 8 4 20 15 1 7 17 16 19 3 18 2 12 14 11 13 
student 506: 15 11 4 18 9 7 14 8 5 10 20 3 17 6 19 1 2 16 12 13 
student 507: 4 10 2 15 9 7 13 19 3 12 20 6 11 8 17 1 5 18 14 16 
student 508: 4 3 7 9 13 10 11 19 5 6 16 17 20 14 8 2 1 15 12 18 
student 509: 6 10 2 18 12 8 16 20 5 13 14 9 19 1 15 7 4 3 17 11 
student 510: 2 8 4 19 7 5 17 11 3 13 18 14 15 6 16 1 9 20 12 10 
student 511: 7 2 8 15 18 12 19 16 4 13 17 10 6 11 9 3 1 20 14 5 
student 512: 13 3 11 14 9 7 19 15 2 6 18 8 20 4 16 1 5 17 12 10 
student 513: 1 11 12 19 13 10 18 14 4 6 16 5 20 8 15 3 2 17 9 7 
student 514: 11 17 1 12 13 7 18 20 19 14 15 16 9 3 6 4 10 8 2 5 
student 515: 1 15 4 12 13 6 19 20 8 10 17 2 18 7 9 5 3 16 14 11 
student 516: 10 7 1 19 13 3 14 18 12 11 15 2 20 6 17 9 4 8 16 5 
student 517: 4 8 9 13 12 11 18 20 5 14 19 6 2 3 7 10 1 15 16 17 
student 518: 5 16 8 14 9 4 15 18 3 11 20 6 17 1 13 2 7 10 12 19 
student 519: 5 13 8 9 4 6 15 20 10 14 17 12 19 2 16 3 1 18 11 7 
student 520: 5 6 2 19 7 16 17 15 13 11 18 10 20 3 8 4 1 9 14 12 
student 521: 2 18 7 11 6 4 17 19 3 12 20 8 15 5 16 1 9 14 13 10 
student 522: 2 8 4 12 7 11 17 16 10 20 9 14 15 18 6 1 3 13 19 5 
student 523: 5 14 1 17 7 6 16 10 15 11 20 4 18 2 19 3 8 12 13 9 
student 524: 4 12 1 20 9 10 15 14 6 18 13 5 16 8 2 3 17 19 7 11 
student 525: 1 9 5 18 2 13 17 12 10 6 19 8 15 4 11 7 3 20 16 14 
student 526: 7 19 6 15 11 4 12 20 5 9 17 8 18 2 13 1 3 14 10 16 
student 527: 1 14 3 16 5 2 18 17 11 9 13 7 20 19 6 4 12 10 8 15 
student 528: 4 5 1 16 7 6 18 17 13 11 20 19 14 12 8 3 2 10 15 9 
student 529: 3 11 5 13 4 7 14 18 8 12 20 9 15 2 17 1 6 16 19 10 
student 530: 3 5 9 17 10 12 14 19 8 6 18 4 15 7 16 1 2 13 20 11 
student 531: 5 12 4 9 13 7 16 11 3 18 19 20 15 6 10 1 2 17 14 8 
student 532: 2 9 4 14 5 11 19 15 6 16 20 7 17 3 8 1 13 18 12 10 
student 533: 6 7 1 14 5 4 20 18 13 16 10 12 19 3 8 2 9 11 15 17 
student 534: 4 9 11 14 12 8 19 16 5 6 20 10 15 3 18 1 2 13 7 17 
student 535: 2 11 4 15 5 10 16 17 6 9 14 7 20 8 19 3 1 18 12 13 
student 536: 6 2 3 20 11 7 8 16 10 18 14 4 19 1 13 5 15 17 9 12 
student 537: 1 19 4 17 7 5 18 12 6 3 20 9 15 8 10 2 13 14 16 11 
student 538: 1 9 2 16 13 12 15 18 7 10 14 8 20 3 5 6 4 19 11 17 
student 539: 2 14 3 12 7 11 19 16 5 15 6 8 20 10 9 1 4 18 13 17 
student 540: 5 19 1 13 20 2 12 16 3 11 15 7 4 9 8 10 18 17 14 6 
student 541: 8 4 2 11 3 14 20 19 12 13 17 1 18 9 7 6 15 16 10 5 
student 542: 3 13 6 12 8 7 16 19 9 10 17 1 18 2 11 4 5 14 20 15 
student 543: 3 10 14 11 13 7 19 18 8 6 20 1 17 2 12 4 5 16 15 9 
student 544: 5 18 17 20 8 2 13 19 7 10 16 6 14 3 9 1 4 15 11 12 
student 545: 1 8 6 14 5 7 19 9 4 15 11 10 20 2 12 3 17 16 18 13 
student 546: 12 5 6 17 9 4 10 15 8 7 19 1 18 3 16 2 13 20 11 14 
student 547: 7 8 6 12 3 9 20 18 10 14 16 2 17 4 11 15 5 19 13 1 
student 548: 9 5 6 10 12 11 18 13 7 3 20 2 16 14 15 4 1 19 17 8 
student 549: 8 1 5 17 12 7 16 14 9 20 19 15 11 2 13 3 4 18 10 6 
student 550: 2 17 3 19 12 11 18 14 10 7 16 8 15 1 6 4 5 13 20 9 
student 551: 1 11 4 17 12 13 18 7 6 10 9 8 20 5 19 2 3 14 15 16 
student 552: 2 19 10 14 12 9 17 15 3 11 20 6 16 4 8 1 5 13 18 7 
student 553: 6 13 2 17 8 5 15 19 4 10 20 12 18 1 14 9 7 3 16 11 
student 554: 10 6 3 13 9 5 17 15 12 18 20 16 19 1 8 2 4 11 14 7 
student 555: 1 9 13 16 8 4 17 7 3 11 15 12 20 5 10 2 6 19 14 18 
student 556: 9 6 4 19 13 1 20 15 3 10 18 7 16 2 11 8 5 14 17 12 
student 557: 3 13 5 4 14 9 12 18 11 15 19 6 16 1 10 7 2 17 20 8 
student 558: 5 10 6 16 9 1 20 18 2 8 15 11 19 3 17 4 7 14 12 13 
student 559: 16 9 6 15 5 4 17 12 8 7 18 14 20 2 11 1 3 19 13 10 
student 560: 7 17 5 15 6 1 12 8 10 9 19 13 18 3 14 2 4 20 16 11 
student 561: 1 11 4 6 18 8 17 9 10 7 20 5 16 15 12 3 2 14 19 13 
student 562: 10 5 3 18 16 7 11 20 13 9 14 4 8 6 17 2 1 12 15 19 
student 563: 9 17 4 16 6 1 20 14 12 2 10 11 19 5 15 3 8 18 13 7 
student 564: 5 18 8 20 13 4 19 11 3 16 17 7 12 10 15 2 6 14 9 1 
student 565: 3 9 1 16 7 4 14 19 5 20 17 13 18 12 10 2 6 8 11 15 
student 566: 1 2 9 19 7 8 11 5 6 16 18 12 20 10 17 4 3 15 14 13 
student 567: 5 3 2 13 7 11 17 15 6 8 14 9 19 20 12 1 4 18 16 10 
student 568: 2 12 1 16 20 8 15 19 6 13 14 7 9 5 10 3 11 17 18 4 
student 569: 3 6 5 19 9 2 18 11 8 14 15 4 20 7 10 1 13 17 12 16 
student 570: 14 10 3 13 8 16 20 19 2 5 15 6 12 4 7 1 18 17 9 11 
student 571: 1 18 5 17 4 16 15 9 3 13 11 10 19 7 2 6 12 20 8 14 
student 572: 11 1 5 13 12 3 18 19 8 16 20 7 10 6 9 2 4 15 17 14 
student 573: 5 19 1 17 4 2 18 12 8 14 20 7 16 13 11 3 6 9 15 10 
student 574: 1 14 4 17 6 11 19 20 9 16 15 12 18 2 8 10 3 13 5 7 
student 575: 9 10 1 7 8 15 18 12 4 6 20 11 19 14 13 2 3 17 16 5 
student 576: 2 7 1 11 6 10 15 16 9 12 20 13 18 3 14 4 5 17 8 19 
student 577: 3 2 13 20 11 9 8 18 10 12 17 6 19 5 15 1 4 14 16 7 
student 578: 5 9 2 11 4 1 7 16 8 17 20 6 14 13 19 3 10 15 12 18 
student 579: 9 8 1 20 7 11 19 17 4 12 15 6 10 5 14 2 3 16 13 18 
student 580: 5 11 4 6 9 8 12 19 14 13 20 10 15 1 16 2 3 17 18 7 
student 581: 16 1 14 13 15 5 12 20 3 8 17 7 19 2 18 4 9 6 11 10 
student 582: 2 6 12 7 17 4 18 16 5 11 20 3 14 13 8 1 10 9 19 15 
student 583: 9 17 2 11 14 7 18 12 5 13 8 10 20 4 15 1 3 19 16 6 
student 584: 6 7 12 20 19 1 15 10 11 9 16 3 17 4 14 2 13 18 8 5 
student 585: 1 3 7 13 12 9 20 8 5 14 15 18 11 6 19 4 2 16 17 10 
student 586: 5 15 7 16 8 2 13 11 3 10 20 1 17 4 12 14 18 19 9 6 
student 587: 5 8 3 9 6 13 19 17 4 12 18 7 20 14 10 2 1 16 15 11 
student 588: 3 5 2 12 20 4 19 18 16 9 17 8 13 10 14 1 6 15 7 11 
student 589: 3 6 8 20 2 11 17 19 4 16 13 14 18 5 15 1 9 12 10 7 
student 590: 15 17 2 10 7 5 19 14 1 6 18 12 20 3 9 8 4 13 11 16 
student 591: 2 17 13 12 11 5 19 10 18 8 20 3 15 7 14 1 4 6 9 16 
student 592: 5 9 4 14 7 11 19 15 8 16 20 2 18 3 10 6 1 17 13 12 
student 593: 2 10 1 9 11 3 16 14 5 12 20 7 17 8 18 4 6 19 15 13 
student 594: 7 2 5 16 13 8 19 17 11 6 20 9 18 1 15 3 10 14 12 4 
student 595: 8 4 3 16 6 1 13 14 9 7 19 10 20 15 17 2 5 12 18 11 
student 596: 1 16 2 17 10 4 18 15 5 14 19 11 20 13 9 3 6 12 8 7 
student 597: 3 8 1 10 4 5 19 14 7 12 20 13 18 2 15 6 9 17 11 16 
student 598: 2 7 4 9 6 12 16 13 1 18 19 10 20 8 11 3 5 17 15 14 
student 599: 7 3 2 14 15 5 13 17 18 11 12 9 19 1 16 4 6 20 8 10 
student 600: 1 8 7 19 13 9 4 20 5 10 17 11 16 3 15 2 6 18 14 12 
student 601: 3 7 9 20 11 8 19 13 4 12 17 15 14 1 5 2 6 18 16 10 
student 602: 5 4 1 9 12 10 15 3 7 11 20 13 18 2 19 8 6 17 16 14 
student 603: 4 12 5 17 10 7 16 19 6 14 20 9 18 8 15 1 2 11 3 13 
student 604: 1 18 7 20 6 5 15 13 8 10 19 12 9 2 16 4 3 14 17 11 
student 605: 9 4 2 17 5 8 18 19 10 11 20 6 12 16 15 1 3 14 13 7 
student 606: 4 5 14 18 11 1 3 17 10 8 19 12 15 9 7 2 6 20 13 16 
student 607: 5 8 1 14 12 7 19 20 4 15 18 10 6 11 16 2 3 13 9 17 
student 608: 3 11 1 16 10 6 13 8 5 14 18 7 19 2 9 4 12 17 15 20 
student 609: 3 9 1 12 10 5 18 16 11 6 20 4 17 8 15 2 7 14 13 19 
student 610: 1 3 4 19 12 8 18 14 5 16 15 9 13 6 17 2 7 11 20 10 
student 611: 2 13 10 17 9 5 14 19 4 6 20 7 15 8 12 3 1 18 16 11 
student 612: 7 9 12 14 17 5 16 18 8 6 10 4 19 1 13 2 3 15 20 11 
student 613: 9 3 12 13 4 8 14 17 16 11 19 6 20 5 7 1 2 10 15 18 
student 614: 5 19 3 11 17 15 10 16 13 9 20 7 18 4 12 2 1 14 6 8 
student 615: 5 17 1 18 9 8 20 19 10 4 6 11 12 2 15 3 7 13 16 14 
student 616: 5 8 2 17 7 10 19 16 4 9 20 14 18 3 15 1 6 13 12 11 
student 617: 3 9 2 6 7 12 20 8 4 18 19 11 17 1 14 5 10 15 16 13 
student 618: 6 4 1 14 13 11 8 17 12 10 19 9 18 3 20 2 7 15 5 16 
student 619: 9 13 1 12 7 8 19 18 6 11 15 10 20 3 5 2 4 17 16 14 
student 620: 6 12 4 9 19 13 17 16 8 5 18 10 20 2 7 3 1 15 11 14 
student 621: 1 5 11 9 14 10 12 20 13 4 16 2 19 3 8 6 7 15 17 18 
student 622: 8 3 2 12 6 9 14 18 5 13 16 19 15 7 10 1 4 17 11 20 
student 623: 5 14 4 11 12 3 16 20 6 15 17 10 19 2 13 1 7 18 8 9 
student 624: 1 15 3 13 14 5 19 18 2 20 17 10 16 4 9 6 7 12 8 11 
student 625: 4 9 1 14 3 10 20 16 6 12 18 7 17 5 8 2 19 11 13 15 
student 626: 2 9 5 20 8 11 14 12 1 17 19 15 18 3 10 4 7 16 13 6 
student 627: 8 9 1 14 7 5 15 19 2 10 18 11 17 6 20 3 4 16 13 12 
student 628: 3 15 8 11 9 7 18 17 6 10 19 5 12 2 14 1 4 20 16 13 
student 629: 2 11 5 16 12 9 15 19 7 8 17 10 20 6 13 1 4 18 14 3 
student 630: 2 11 14 17 1 3 7 16 8 12 15 5 20 10 18 4 6 19 9 13 
student 631: 1 8 3 17 10 6 20 19 4 12 14 9 15 5 7 2 11 16 18 13 
student 632: 14 6 1 12 2 11 18 17 5 19 15 10 20 4 9 3 7 16 13 8 
student 633: 5 14 2 7 9 6 12 20 10 13 19 11 18 4 16 1 3 17 15 8 
student 634: 3 15 5 11 6 14 19 12 7 13 18 8 9 1 16 4 2 20 10 17 
student 635: 3 11 8 20 2 6 16 9 7 12 19 13 18 4 15 1 5 17 10 14 
student 636: 3 5 2 13 16 8 15 11 12 9 14 4 19 6 17 1 10 18 20 7 
student 637: 6 5 4 15 16 1 17 14 8 9 20 10 18 2 13 3 7 19 12 11 
student 638: 3 15 9 13 2 8 18 17 10 11 16 4 19 1 12 6 5 20 7 14 
student 639: 7 6 5 10 17 12 19 18 1 8 20 4 16 3 9 2 13 14 15 11 
student 640: 4 10 2 17 6 8 11 18 3 13 12 16 19 9 14 5 7 15 1 20 
student 641: 6 12 1 11 15 9 20 17 2 4 19 3 18 14 5 8 13 16 7 10 
student 642: 2 16 1 11 14 17 19 20 6 3 18 10 15 8 12 5 4 13 9 7 
student 643: 4 6 3 8 11 9 16 17 7 20 18 10 19 2 12 1 5 13 15 14 
student 644: 2 3 5 13 6 7 11 18 14 16 19 8 15 1 20 10 4 17 9 12 
student 645: 6 17 9 15 2 7 19 14 1 16 12 11 20 5 10 3 4 13 18 8 
student 646: 1 11 3 18 6 5 17 19 2 8 14 9 20 12 13 4 7 15 16 10 
student 647: 5 16 3 13 9 8 15 18 7 10 20 12 19 1 4 2 6 14 17 11 
student 648: 1 5 4 16 12 15 8 20 17 6 13 9 18 7 10 3 2 19 14 11 
student 649: 4 18 2 10 13 8 16 9 5 6 19 11 20 3 7 1 17 14 15 12 
student 650: 9 16 3 10 11 5 20 17 6 8 19 7 18 4 13 2 1 15 12 14 
student 651: 9 1 8 16 6 20 19 2 15 4 14 7 17 3 12 18 5 10 11 13 
student 652: 6 7 10 20 12 17 15 2 8 5 9 13 18 4 11 1 3 16 14 19 
student 653: 2 19 1 9 6 10 11 18 7 12 14 16 20 3 13 4 5 15 17 8 
student 654: 4 6 3 14 13 9 20 15 5 12 18 7 16 10 17 2 1 19 8 11 
student 655: 2 7 1 15 10 13 8 11 3 14 18 12 16 4 19 9 6 20 5 17 
student 656: 11 1 10 14 7 12 5 19 9 13 18 4 16 8 15 2 6 20 17 3 
student 657: 3 11 2 14 5 13 18 20 10 16 9 8 7 4 17 6 1 15 12 19 
student 658: 18 11 2 13 9 6 7 16 5 12 20 1 19 10 17 3 4 8 15 14 
student 659: 12 9 3 13 8 7 19 16 2 10 14 15 6 4 11 1 5 18 20 17 
student 660: 5 9 2 16 6 12 19 18 15 13 20 3 11 7 10 1 4 8 14 17 
student 661: 12 1 6 19 7 2 20 17 16 15 13 9 18 3 8 5 4 11 14 10 
student 662: 9 8 7 15 6 14 20 19 2 11 18 16 17 5 12 4 1 10 13 3 
student 663: 14 5 3 13 10 8 19 11 12 18 16 2 9 4 1 6 7 20 17 15 
student 664: 1 20 4 3 19 8 7 11 6 13 17 12 14 9 18 2 5 15 10 16 
student 665: 12 7 18 8 6 2 11 17 9 10 15 19 20 4 14 1 3 16 13 5 
student 666: 2 11 1 16 3 8 19 14 9 13 20 10 17 7 15 6 4 18 12 5 
student 667: 4 16 1 20 11 10 12 8 13 18 19 7 14 3 9 2 5 15 17 6 
student 668: 8 15 2 11 18 5 17 13 7 4 19 1 16 10 14 3 6 20 12 9 
student 669: 1 12 5 14 13 20 16 18 10 8 6 11 17 2 3 4 7 15 9 19 
student 670: 6 13 3 11 10 9 15 18 7 2 19 16 12 4 20 1 8 17 14 5 
student 671: 2 15 3 17 7 4 20 18 8 6 19 14 16 5 9 1 13 11 12 10 
student 672: 4 12 1 17 6 15 19 14 8 16 20 7 18 2 3 5 10 11 13 9 
student 673: 11 9 1 13 3 5 20 18 2 15 19 7 10 6 14 16 8 17 12 4 
student 674: 2 14 4 11 10 3 15 13 5 7 20 8 17 1 12 6 9 19 18 16 
student 675: 9 8 3 20 15 6 18 11 1 5 19 12 16 7 14 4 10 13 17 2 
student 676: 7 9 4 13 8 5 17 15 16 18 12 6 20 10 11 2 1 14 19 3 
student 677: 2 16 4 10 9 11 18 15 8 13 19 12 20 7 5 3 1 17 6 14 
student 678: 8 9 3 19 11 7 16 17 2 12 18 4 20 6 14 1 5 15 10 13 
student 679: 10 8 3 19 11 4 14 20 5 16 18 7 15 2 17 9 6 12 13 1 
student 680: 9 7 11 17 6 3 18 19 10 5 20 1 16 4 8 2 13 15 12 14 
student 681: 7 12 8 14 13 10 11 19 2 16 18 6 15 4 5 3 1 20 17 9 
student 682: 2 9 6 15 5 16 20 17 3 19 14 4 18 10 11 7 1 13 12 8 
student 683: 11 10 6 14 13 16 18 19 5 2 9 7 20 17 8 4 3 15 12 1 
student 684: 5 14 2 19 7 3 15 11 9 4 17 12 20 8 10 1 6 18 13 16 
student 685: 10 3 1 13 2 4 15 17 8 12 18 19 20 5 11 16 6 14 7 9 
student 686: 10 9 3 14 15 11 13 18 5 2 20 8 19 1 6 4 7 12 17 16 
student 687: 9 6 4 18 12 3 16 11 13 15 20 7 14 2 8 1 5 17 10 19 
student 688: 2 10 1 17 6 5 11 19 7 8 18 12 20 14 9 3 4 13 15 16 
student 689: 3 7 1 10 12 9 20 17 2 5 19 11 15 4 16 6 14 13 8 18 
student 690: 6 9 4 17 8 2 16 20 3 11 19 10 18 5 15 1 7 13 12 14 
student 691: 8 9 6 12 2 11 17 15 16 14 10 5 20 1 7 3 4 18 19 13 
student 692: 2 5 3 20 4 11 17 13 9 19 18 10 15 7 12 6 1 8 14 16 
student 693: 8 14 1 13 6 10 17 19 3 4 20 12 18 2 16 7 15 9 5 11 
student 694: 3 6 1 12 10 11 18 17 4 5 16 19 15 7 20 2 8 14 13 9 
student 695: 4 13 5 11 9 16 20 19 7 10 18 6 12 2 1 8 17 14 15 3 
student 696: 8 10 1 17 3 6 16 19 13 15 20 12 5 2 11 4 9 18 14 7 
student 697: 11 12 2 16 5 8 18 20 3 10 15 7 19 1 9 4 6 13 17 14 
student 698: 7 5 3 11 8 9 19 18 10 12 20 1 16 4 14 2 6 17 15 13 
student 699: 9 19 2 5 8 11 13 20 3 15 14 4 16 7 18 6 1 12 17 10 
student 700: 4 11 1 14 9 7 17 19 5 12 20 8 16 3 18 2 6 15 13 10 
student 701: 10 6 2 16 14 9 20 18 11 3 19 5 17 1 13 4 7 15 12 8 
student 702: 11 12 4 17 1 16 13 8 6 7 20 5 15 3 14 2 10 18 19 9 
student 703: 10 7 1 11 5 9 19 8 3 6 16 17 12 4 14 18 13 15 20 2 
student 704: 7 18 4 14 11 3 13 19 5 20 9 8 15 2 1 6 10 17 12 16 
student 705: 13 15 4 19 9 3 18 12 7 8 20 6 16 2 10 1 5 14 17 11 
student 706: 6 13 3 19 1 7 20 18 2 12 15 11 17 8 9 4 5 14 10 16 
student 707: 14 12 2 11 8 6 13 9 3 16 18 19 20 4 7 1 5 17 10 15 
student 708: 5 9 1 12 20 10 11 13 6 3 18 2 14 4 7 16 8 19 15 17 
student 709: 12 10 1 19 4 5 20 18 14 9 16 6 17 8 11 2 7 15 3 13 
student 710: 3 14 5 17 11 8 15 18 6 12 20 10 16 2 9 1 4 19 7 13 
student 711: 5 1 2 6 10 3 19 16 15 12 13 11 20 7 17 4 8 18 14 9 
student 712: 7 9 1 13 12 16 19 11 4 8 20 5 15 3 18 2 10 17 6 14 
student 713: 7 6 2 17 8 1 4 15 5 16 11 12 10 13 14 9 3 18 20 19 
student 714: 5 16 10 19 6 4 13 20 7 14 17 8 11 3 12 1 2 18 9 15 
student 715: 19 10 1 20 6 8 15 5 7 13 11 14 18 16 3 4 2 9 17 12 
student 716: 7 10 4 14 16 8 17 20 3 6 18 9 19 5 11 1 2 15 13 12 
student 717: 2 4 15 10 6 12 20 14 3 13 17 8 19 9 16 1 5 18 11 7 
student 718: 3 9 11 12 7 4 18 16 10 6 19 2 20 5 15 8 1 17 14 13 
student 719: 1 9 3 18 11 4 14 10 6 17 19 8 20 7 12 2 5 15 13 16 
student 720: 6 8 2 14 13 12 16 19 10 18 20 4 15 3 9 7 5 17 1 11 
student 721: 2 15 4 20 12 8 13 19 5 16 17 10 18 3 9 1 14 7 6 11 
student 722: 11 18 3 19 6 5 14 17 7 8 20 9 16 2 13 1 4 10 15 12 
student 723: 7 6 4 12 13 11 10 18 8 15 20 2 17 1 14 3 5 16 9 19 
student 724: 4 13 3 17 18 8 9 14 5 19 20 7 16 1 11 2 6 15 10 12 
student 725: 7 20 5 8 16 11 18 10 3 6 17 9 14 4 19 1 2 15 13 12 
student 726: 2 14 3 7 6 4 18 20 13 9 15 8 19 5 16 1 11 17 12 10 
student 727: 9 12 6 14 10 5 19 15 4 13 18 1 20 2 17 8 7 3 16 11 
student 728: 3 2 4 7 8 17 16 15 10 11 20 5 18 12 14 1 6 13 19 9 
student 729: 11 19 3 7 13 9 10 17 6 15 20 5 14 1 8 4 2 18 12 16 
student 730: 1 12 6 18 14 3 20 17 8 13 19 5 11 2 16 4 7 15 9 10 
student 731: 14 4 2 19 16 6 9 10 7 11 20 12 18 3 5 1 8 17 15 13 
student 732: 1 18 8 10 13 5 19 15 14 12 20 17 16 7 3 11 2 4 9 6 
student 733: 3 17 6 20 4 8 9 16 18 7 19 10 13 5 15 1 11 12 2 14 
student 734: 3 16 12 7 14 8 18 9 5 4 17 6 19 2 15 1 13 20 10 11 
student 735: 19 13 1 18 7 5 11 6 9 10 15 8 12 4 17 3 2 20 14 16 
student 736: 4 17 2 14 18 11 8 15 7 12 16 9 20 1 10 3 5 13 6 19 
student 737: 9 15 5 7 4 8 17 20 14 12 10 3 19 1 18 6 2 13 16 11 
student 738: 5 11 2 16 10 6 17 18 1 13 20 8 19 4 14 7 12 15 3 9 
student 739: 2 8 1 15 13 10 17 3 11 12 7 6 16 9 18 4 5 20 19 14 
student 740: 5 4 2 8 17 10 14 12 3 6 19 13 16 9 20 1 7 11 18 15 
student 741: 3 18 2 19 12 7 17 13 6 9 14 8 16 1 15 4 5 20 10 11 
student 742: 6 10 4 12 15 8 14 20 13 7 16 1 19 2 5 3 17 11 9 18 
student 743: 9 13 6 5 12 7 16 20 3 8 10 17 18 4 14 2 1 19 11 15 
student 744: 8 14 2 17 9 11 18 1 10 19 20 7 16 3 12 4 5 13 15 6 
student 745: 7 19 1 17 9 3 13 14 6 8 20 12 16 5 4 2 10 18 11 15 
student 746: 13 11 5 16 1 6 12 19 3 8 20 18 17 7 14 4 2 9 15 10 
student 747: 3 13 1 15 11 5 18 17 6 12 19 7 20 2 16 4 8 9 10 14 
student 748: 9 8 7 6 4 13 20 14 16 11 15 5 18 3 1 2 12 19 17 10 
student 749: 13 14 1 17 9 12 18 15 4 10 16 2 20 8 7 6 3 19 11 5 
student 750: 4 8 1 16 15 9 18 19 3 2 20 6 14 10 13 17 7 11 5 12 
student 751: 7 12 2 15 14 8 18 17 6 5 20 4 11 1 19 3 9 13 16 10 
student 752: 4 9 2 15 6 16 18 14 11 10 17 5 20 3 19 1 7 13 12 8 
student 753: 4 2 1 20 11 5 15 14 10 13 19 7 17 3 12 6 8 9 18 16 
student 754: 5 9 3 8 12 10 19 16 7 15 14 20 17 1 11 6 4 18 13 2 
student 755: 7 9 2 20 11 3 19 15 5 12 17 10 16 14 18 8 1 6 13 4 
student 756: 5 12 1 17 6 4 3 19 7 13 11 10 20 9 18 2 8 16 15 14 
student 757: 11 16 3 13 7 10 17 15 5 14 19 8 20 2 18 4 1 9 6 12 
student 758: 5 10 4 13 6 15 19 12 11 9 17 7 14 8 16 1 2 20 3 18 
student 759: 5 11 3 16 9 6 20 19 15 10 18 7 17 4 8 1 2 13 14 12 
student 760: 5 12 1 16 3 9 18 8 10 14 15 7 13 2 4 6 11 20 19 17 
student 761: 1 8 4 15 9 18 14 17 16 10 19 6 12 13 11 7 3 2 5 20 
student 762: 3 18 1 15 13 5 12 16 10 4 17 8 20 2 9 6 14 19 11 7 
student 763: 5 12 1 13 11 10 20 18 6 7 19 8 16 3 14 2 4 15 17 9 
student 764: 7 9 2 15 14 4 13 18 10 16 20 8 17 1 6 5 3 11 12 19 
student 765: 3 7 2 15 11 12 19 14 8 10 17 9 20 4 18 1 6 13 16 5 
student 766: 12 16 4 17 7 3 13 14 1 9 18 5 20 2 19 6 11 15 8 10 
student 767: 1 10 4 7 9 6 18 19 3 17 16 11 20 8 12 5 2 15 13 14 
student 768: 6 10 3 16 12 1 8 17 14 13 20 7 19 4 9 2 5 15 18 11 
student 769: 13 8 4 18 20 6 3 16 7 15 19 11 14 1 10 2 5 17 9 12 
student 770: 9 1 6 14 8 2 16 17 5 11 20 10 19 18 3 4 12 15 7 13 
student 771: 14 11 9 16 5 15 19 13 6 12 20 8 18 2 4 1 10 17 3 7 
student 772: 2 14 9 18 6 12 13 16 8 15 20 10 11 4 19 1 5 3 17 7 
student 773: 6 12 4 18 9 17 16 8 2 13 19 15 20 3 1 5 10 14 11 7 
student 774: 4 7 5 14 12 10 20 19 6 9 18 8 16 2 13 1 3 15 17 11 
student 775: 3 9 2 19 6 12 20 17 8 10 11 5 18 4 15 1 7 16 13 14 
student 776: 5 13 4 16 11 9 12 17 8 10 15 7 19 1 20 2 3 14 6 18 
student 777: 6 19 1 16 13 5 20 17 4 7 18 10 14 11 9 3 15 8 12 2 
student 778: 11 7 4 18 9 3 14 10 12 8 19 6 17 2 15 1 5 20 16 13 
student 779: 2 11 7 9 4 10 18 13 6 17 19 8 16 1 14 3 5 20 15 12 
student 780: 10 1 3 12 15 7 18 17 4 16 13 6 20 2 11 5 8 19 9 14 
student 781: 2 9 4 16 14 8 17 20 5 12 15 11 13 3 7 1 10 19 18 6 
student 782: 11 12 2 20 5 7 9 14 1 6 17 3 18 8 13 4 10 16 19 15 
student 783: 2 10 6 15 9 8 19 1 7 12 17 11 20 5 14 3 4 18 16 13 
student 784: 2 9 1 14 4 5 17 20 13 8 18 16 6 10 11 3 7 15 19 12 
student 785: 1 12 6 2 8 11 15 14 4 13 19 9 10 7 5 3 16 18 20 17 
student 786: 4 11 5 12 9 6 14 16 7 13 18 10 20 3 17 1 2 19 8 15 
student 787: 6 8 5 11 17 4 19 18 3 10 14 16 20 7 9 2 1 12 15 13 
student 788: 3 16 1 15 4 13 14 10 17 8 20 6 18 5 9 7 2 19 12 11 
student 789: 5 11 3 12 8 7 17 20 15 6 19 9 18 4 16 1 2 10 14 13 
student 790: 5 10 12 18 14 7 16 13 6 9 17 2 20 3 11 1 4 19 15 8 
student 791: 6 12 1 13 4 17 11 18 7 9 20 2 19 3 14 5 8 10 15 16 
student 792: 1 17 5 20 15 4 12 18 8 6 7 2 10 14 19 3 13 11 16 9 
student 793: 8 9 3 11 7 6 1 19 10 12 20 5 15 2 17 4 13 18 16 14 
student 794: 12 9 7 10 5 2 20 19 6 18 15 8 16 1 17 4 3 11 13 14 
student 795: 6 5 1 9 10 11 18 16 4 3 19 7 12 8 14 2 13 20 17 15 
student 796: 9 14 2 16 8 6 11 20 10 13 19 4 15 5 12 1 3 17 18 7 
student 797: 14 16 1 19 6 12 17 11 8 7 20 4 5 9 10 3 2 18 13 15 
student 798: 6 11 1 13 7 9 20 19 8 12 18 5 17 3 16 4 2 15 10 14 
student 799: 5 8 2 20 11 4 19 16 15 7 17 10 14 3 18 1 6 13 9 12 
