student 0: 7 5 2 6 3 9 19 15 12 18 20 8 10 1 17 11 13 4 16 14 
student 1: 11 5 8 20 3 14 18 16 2 19 17 6 9 10 15 7 4 1 12 13 
student 2: 7 4 1 8 2 3 16 17 13 12 19 9 10 15 11 18 14 5 20 6 
student 3: 6 5 2 15 1 11 17 4 12 16 18 10 3 9 19 14 13 8 20 7 
student 4: 9 15 2 14 1 3 16 20 10 11 19 13 5 4 6 8 18 7 17 12 
student 5: 10 2 5 12 1 11 14 17 9 16 20 4 3 6 19 13 18 7 8 15 
student 6: 19 2 1 16 4 13 18 11 17 20 15 14 3 9 12 6 8 7 10 5 
student 7: 5 2 3 4 1 9 19 16 10 15 20 6 12 7 13 14 18 11 17 8 
student 8: 7 5 2 8 6 9 15 20 11 16 19 14 1 13 18 17 12 3 4 10 
student 9: 6 3 5 8 1 13 10 15 4 18 16 14 19 7 20 12 11 2 17 9 
student 10: 5 1 3 9 10 2 17 18 7 14 16 11 8 6 12 19 13 15 20 4 
student 11: 9 1 3 16 2 4 17 19 5 20 15 10 6 8 11 12 18 7 14 13 
student 12: 19 2 5 10 3 4 12 16 11 13 20 15 7 18 8 17 14 6 1 9 
student 13: 9 1 2 11 6 15 10 18 8 19 20 16 4 5 17 14 7 3 13 12 
student 14: 5 1 4 7 10 2 18 19 9 20 14 12 16 11 17 15 13 3 8 6 
student 15: 11 1 3 12 7 6 14 19 8 9 20 10 5 2 16 15 17 4 18 13 
student 16: 16 3 6 11 4 1 13 15 8 20 14 9 10 2 12 19 17 7 18 5 
student 17: 12 1 2 15 6 11 8 17 7 18 20 19 4 9 14 5 13 3 16 10 
student 18: 15 4 7 19 1 2 13 16 6 20 12 10 14 9 18 11 3 8 17 5 
student 19: 8 2 4 10 1 5 13 16 9 17 20 19 11 6 18 12 7 3 15 14 
student 20: 4 2 10 14 1 6 20 17 12 19 18 11 13 5 7 9 15 3 16 8 
student 21: 6 1 4 7 13 15 5 16 8 12 14 10 9 2 19 20 18 3 11 17 
student 22: 14 2 3 11 1 4 8 17 9 18 20 5 10 13 19 7 16 6 15 12 
student 23: 3 10 4 9 14 1 19 15 2 20 17 11 6 16 13 18 7 5 12 8 
student 24: 2 7 5 19 18 12 20 16 10 13 17 4 6 3 15 14 8 9 11 1 
student 25: 11 1 3 10 7 5 8 16 6 14 15 12 9 2 19 13 20 4 18 17 
student 26: 9 4 20 12 3 7 17 18 5 15 14 16 1 6 13 11 10 2 19 8 
student 27: 10 2 6 15 5 7 17 19 9 20 16 14 4 3 12 13 11 1 18 8 
student 28: 13 7 5 8 2 12 15 16 9 19 20 11 6 3 14 18 4 1 10 17 
student 29: 6 2 5 18 1 3 13 17 9 19 20 11 8 4 16 15 7 12 14 10 
student 30: 17 5 15 4 18 3 14 19 12 16 20 2 13 1 11 8 7 6 10 9 
student 31: 10 1 6 8 2 12 15 18 4 17 20 14 7 3 11 9 13 19 16 5 
student 32: 10 7 5 6 1 8 18 19 9 20 15 13 11 3 16 17 14 4 2 12 
student 33: 10 2 1 3 4 7 14 18 6 15 17 13 11 8 16 20 9 5 19 12 
student 34: 13 1 7 11 3 2 18 17 6 19 20 12 10 9 15 16 14 4 8 5 
student 35: 14 7 1 6 4 3 12 18 13 16 20 10 5 9 11 15 17 2 8 19 
student 36: 12 3 5 7 2 8 16 17 10 18 20 19 4 11 9 13 1 6 15 14 
student 37: 13 1 2 10 7 4 12 16 9 18 19 11 3 8 15 6 17 5 20 14 
student 38: 20 4 1 16 5 10 17 7 3 8 18 14 13 2 19 6 15 9 11 12 
student 39: 18 3 5 7 1 6 19 11 16 14 20 8 2 10 17 13 15 9 12 4 
student 40: 15 11 1 17 6 2 10 9 12 20 14 13 8 5 18 16 19 3 7 4 
student 41: 12 3 5 17 6 4 15 1 7 11 19 16 8 9 14 20 13 2 18 10 
student 42: 8 3 1 6 5 7 19 20 13 17 14 15 4 12 18 2 16 10 9 11 
student 43: 10 4 19 16 1 12 14 11 7 15 20 13 9 5 6 3 17 2 18 8 
student 44: 18 2 4 10 14 3 9 15 5 16 19 12 7 8 20 17 11 1 13 6 
student 45: 7 14 9 8 2 6 18 19 5 20 1 15 10 3 12 13 11 4 16 17 
student 46: 9 1 11 4 3 15 17 18 8 12 19 6 20 2 10 16 5 7 14 13 
student 47: 2 4 14 10 12 5 7 20 6 18 19 17 9 3 16 15 13 1 11 8 
student 48: 10 1 2 19 5 3 14 18 9 20 17 13 4 7 12 16 15 11 6 8 
student 49: 11 2 1 6 8 4 20 16 7 10 15 19 12 9 18 5 14 3 17 13 
student 50: 3 1 2 5 10 4 16 19 12 9 20 17 7 14 15 11 8 6 18 13 
student 51: 10 2 8 12 1 4 20 16 5 19 18 13 7 11 14 3 15 17 9 6 
student 52: 11 1 3 14 8 4 16 17 9 18 20 7 5 10 15 13 12 2 19 6 
student 53: 18 3 5 9 2 1 19 14 15 20 17 7 4 11 13 8 12 6 16 10 
student 54: 12 4 1 9 2 8 18 6 14 19 20 7 3 11 15 13 10 5 17 16 
student 55: 8 6 1 12 3 10 19 20 11 2 13 14 16 5 18 17 9 7 15 4 
student 56: 7 2 6 8 15 5 16 17 3 14 11 19 10 12 9 20 13 4 18 1 
student 57: 9 4 1 12 5 6 8 19 3 18 14 15 10 2 16 17 13 7 11 20 
student 58: 15 2 6 5 1 7 19 4 9 16 20 11 14 10 17 12 18 3 13 8 
student 59: 10 3 2 18 8 4 16 14 6 15 20 5 7 1 11 17 13 12 19 9 
student 60: 7 6 9 11 1 4 16 20 3 18 14 10 12 2 19 17 15 5 13 8 
student 61: 9 5 2 14 1 6 18 11 7 3 19 17 10 8 13 16 15 4 12 20 
student 62: 7 1 5 10 2 4 19 20 3 16 14 9 18 17 15 11 12 6 13 8 
student 63: 16 15 4 20 2 7 17 14 3 19 18 1 5 8 12 9 11 6 13 10 
student 64: 8 2 3 14 5 20 12 17 6 19 13 10 9 7 15 16 1 4 18 11 
student 65: 13 3 2 7 6 10 15 20 4 19 18 17 1 16 14 9 8 5 12 11 
student 66: 8 15 6 11 3 2 9 19 4 17 20 16 1 10 18 14 12 5 13 7 
student 67: 6 3 1 17 2 10 16 13 7 18 20 14 4 5 12 11 19 8 15 9 
student 68: 16 1 3 17 9 5 14 20 8 10 15 11 13 4 7 19 12 6 18 2 
student 69: 8 4 5 15 6 14 10 17 3 19 18 13 2 7 16 12 11 1 20 9 
student 70: 8 3 2 16 5 7 11 17 10 18 20 13 6 1 19 14 9 4 15 12 
student 71: 2 1 3 6 4 9 16 10 8 20 17 13 14 7 19 15 18 5 12 11 
student 72: 19 6 2 15 11 9 17 10 7 20 14 12 8 1 18 3 13 5 16 4 
student 73: 8 9 6 13 5 1 20 18 3 10 14 12 4 11 19 2 16 15 17 7 
student 74: 3 1 10 11 7 6 5 16 15 18 12 9 8 17 20 19 4 2 13 14 
student 75: 6 7 2 8 1 4 17 15 12 19 20 9 14 5 18 11 16 10 13 3 
student 76: 13 9 1 14 6 5 16 20 2 11 4 7 15 12 8 17 19 10 3 18 
student 77: 10 3 5 11 4 2 18 17 7 16 19 12 8 6 20 15 13 9 14 1 
student 78: 7 2 1 11 5 10 13 20 3 18 15 17 8 6 14 19 16 4 12 9 
student 79: 5 3 2 9 11 1 16 18 7 19 17 15 13 4 12 14 6 8 20 10 
student 80: 10 3 1 8 4 5 19 13 17 14 20 11 6 12 18 16 7 2 15 9 
student 81: 8 4 1 13 3 7 16 17 10 19 20 11 9 6 15 14 18 5 12 2 
student 82: 5 4 1 11 6 8 20 13 9 14 12 18 19 3 15 16 7 2 10 17 
student 83: 9 6 4 10 1 8 20 15 11 12 19 18 7 5 17 14 16 2 13 3 
student 84: 6 7 5 8 13 2 15 17 4 19 20 16 11 3 18 14 12 1 9 10 
student 85: 17 2 3 10 7 5 18 11 8 19 20 15 4 6 16 9 12 13 1 14 
student 86: 4 8 3 10 2 1 17 19 9 15 20 11 7 6 16 14 12 5 18 13 
student 87: 17 2 1 4 6 3 15 20 9 13 18 12 16 8 7 10 14 5 11 19 
student 88: 10 2 9 19 3 5 18 20 8 7 15 16 13 1 12 11 17 4 14 6 
student 89: 13 7 8 9 5 2 20 14 12 17 18 11 16 1 10 4 19 6 15 3 
student 90: 11 1 9 14 3 2 17 19 5 10 18 15 6 4 20 12 8 7 13 16 
student 91: 6 2 11 12 3 1 14 20 15 19 17 16 5 9 10 13 7 4 18 8 
student 92: 13 1 18 14 3 9 19 8 2 11 20 6 16 5 12 17 7 4 15 10 
student 93: 6 3 1 13 2 4 16 20 8 18 19 5 14 7 17 12 11 9 15 10 
student 94: 9 7 3 10 5 1 20 2 4 19 15 11 17 8 12 18 6 13 16 14 
student 95: 17 8 15 10 4 9 13 18 1 11 19 14 12 5 16 3 6 2 20 7 
student 96: 9 2 7 12 6 4 17 18 8 14 19 13 1 5 15 20 16 3 10 11 
student 97: 6 4 7 8 2 1 15 19 5 20 13 11 16 3 10 17 12 18 9 14 
student 98: 7 3 8 11 4 1 16 19 5 20 17 13 10 2 18 14 12 6 15 9 
student 99: 13 10 4 11 1 7 19 17 8 20 14 5 6 2 18 16 12 3 15 9 
student 100: 12 4 8 10 6 5 19 17 3 15 20 18 11 9 2 7 13 1 14 16 
student 101: 10 1 3 16 13 6 12 20 4 18 19 11 7 2 17 8 15 5 14 9 
student 102: 1 2 3 16 7 6 19 15 13 20 18 14 10 4 12 17 8 9 11 5 
student 103: 9 1 12 16 4 3 20 11 7 18 19 6 2 13 17 15 10 5 14 8 
student 104: 6 1 5 9 3 2 12 19 11 20 14 15 4 7 17 16 18 10 13 8 
student 105: 5 3 8 7 1 6 16 19 14 18 17 20 11 9 15 10 2 4 13 12 
student 106: 7 2 6 10 1 13 20 17 5 18 19 15 8 4 14 9 12 3 16 11 
student 107: 14 1 6 13 4 7 12 15 11 20 17 8 10 9 19 18 16 2 5 3 
student 108: 11 3 7 12 6 8 18 20 4 1 13 16 14 10 5 19 9 2 17 15 
student 109: 11 3 4 13 1 6 9 14 2 15 18 8 7 5 17 12 19 10 16 20 
student 110: 16 7 1 19 11 2 15 18 8 20 13 9 4 5 10 12 17 3 14 6 
student 111: 12 5 2 3 10 1 7 19 9 8 14 4 11 20 6 17 16 13 18 15 
student 112: 7 1 2 4 3 16 18 17 12 20 19 10 8 6 11 13 15 14 5 9 
student 113: 5 1 8 14 10 3 13 20 9 16 17 4 11 12 15 19 18 6 2 7 
student 114: 12 11 8 6 1 5 18 9 3 17 20 13 10 7 19 15 14 2 16 4 
student 115: 5 6 2 1 3 10 17 13 11 18 20 12 9 4 14 15 19 7 16 8 
student 116: 12 1 7 5 13 11 19 6 3 17 20 10 9 4 14 15 16 2 18 8 
student 117: 6 4 5 10 7 13 14 19 1 16 20 11 15 2 9 18 12 3 17 8 
student 118: 12 1 2 10 3 7 16 19 5 17 20 11 6 8 18 15 13 4 14 9 
student 119: 10 5 3 11 2 4 17 15 9 18 19 6 7 8 20 13 12 1 16 14 
student 120: 11 3 2 10 1 14 9 12 6 16 19 8 15 4 18 13 20 5 17 7 
student 121: 12 4 2 6 7 19 20 10 3 8 13 16 5 1 15 17 18 11 14 9 
student 122: 16 2 8 15 3 11 19 20 5 14 18 13 12 4 7 10 6 1 17 9 
student 123: 10 2 4 12 1 11 14 16 5 20 19 17 6 7 15 8 9 3 18 13 
student 124: 12 2 6 14 5 1 8 17 10 15 19 9 4 7 20 16 13 3 18 11 
student 125: 9 4 3 19 1 2 16 18 7 17 20 5 13 6 15 12 10 14 11 8 
student 126: 16 11 2 7 1 5 12 18 4 15 20 10 6 8 19 13 9 3 14 17 
student 127: 3 2 6 12 1 4 17 13 7 18 20 5 9 10 15 8 19 11 16 14 
student 128: 8 2 4 1 3 10 13 16 14 15 18 11 7 9 17 20 12 5 6 19 
student 129: 11 4 15 17 9 5 10 20 6 14 12 13 7 2 18 19 8 1 16 3 
student 130: 8 4 1 12 2 3 17 20 9 18 19 10 6 14 11 15 16 5 13 7 
student 131: 7 8 3 15 2 9 12 16 6 11 20 14 4 1 19 17 10 5 18 13 
student 132: 12 4 3 11 2 6 14 16 1 18 20 7 5 9 15 19 17 8 13 10 
student 133: 12 6 4 11 2 1 18 8 3 19 20 15 5 7 17 14 16 9 10 13 
student 134: 2 1 3 11 9 4 18 15 17 5 20 12 10 8 19 13 14 6 16 7 
student 135: 9 3 6 12 1 2 7 19 8 18 17 11 13 5 16 15 14 4 20 10 
student 136: 3 13 4 15 1 7 19 11 2 20 17 14 10 5 9 12 16 8 18 6 
student 137: 10 1 5 14 2 6 16 20 4 17 15 12 18 7 11 19 9 3 13 8 
student 138: 8 5 2 7 10 4 9 18 17 19 20 13 3 14 16 15 11 1 12 6 
student 139: 3 1 4 7 2 6 13 19 16 17 20 15 12 5 18 10 14 9 11 8 
student 140: 3 2 11 8 10 1 17 18 4 16 20 14 9 5 19 13 6 7 15 12 
student 141: 1 3 2 6 7 12 16 8 5 19 18 11 14 9 20 15 10 4 17 13 
student 142: 12 9 14 6 5 3 11 16 7 20 17 8 2 18 19 13 15 1 4 10 
student 143: 17 1 14 15 3 6 4 10 16 12 20 19 9 8 13 11 5 2 18 7 
student 144: 12 5 1 17 2 7 10 13 15 20 16 8 9 3 19 18 14 4 11 6 
student 145: 5 4 1 13 3 6 18 17 7 19 20 11 10 9 8 14 12 2 16 15 
student 146: 4 5 3 10 2 9 15 20 11 18 19 16 1 8 13 17 14 6 12 7 
student 147: 1 6 3 15 2 10 13 4 9 17 20 8 11 7 18 19 12 5 16 14 
student 148: 9 5 8 10 1 4 20 18 6 14 19 15 11 2 16 13 17 7 12 3 
student 149: 13 3 8 16 4 6 14 19 7 20 15 17 5 2 18 9 10 1 11 12 
student 150: 1 2 10 14 7 9 18 17 3 20 15 8 12 4 13 19 5 6 16 11 
student 151: 6 1 4 9 2 3 14 15 7 20 18 10 8 5 16 13 19 12 11 17 
student 152: 8 1 3 13 2 7 15 20 6 19 17 4 11 14 16 18 12 5 10 9 
student 153: 5 2 1 17 6 4 18 13 9 16 14 20 8 3 10 19 15 7 12 11 
student 154: 13 2 4 11 7 3 20 16 6 17 18 15 5 12 10 19 9 1 14 8 
student 155: 12 5 10 11 2 3 13 19 8 20 15 17 1 14 18 6 9 4 7 16 
student 156: 7 13 11 17 2 8 18 19 5 14 20 9 15 4 10 1 12 3 16 6 
student 157: 19 2 5 9 4 7 11 15 3 17 16 20 10 1 12 14 13 8 18 6 
student 158: 9 4 2 12 3 10 19 14 8 17 16 20 5 13 15 11 6 1 18 7 
student 159: 11 3 2 13 7 5 17 8 9 16 19 12 6 4 20 10 14 1 18 15 
student 160: 5 2 6 11 3 9 15 19 7 17 18 20 10 1 14 13 12 4 16 8 
student 161: 5 4 20 12 2 6 19 18 1 16 17 11 3 7 10 14 8 9 13 15 
student 162: 5 4 1 18 3 6 12 19 9 14 20 13 11 15 7 8 16 2 17 10 
student 163: 13 1 2 6 4 17 14 16 7 20 19 15 11 5 18 12 9 3 10 8 
student 164: 14 1 2 8 6 10 19 17 7 13 20 9 11 12 5 16 15 3 18 4 
student 165: 20 3 6 10 4 7 15 18 9 5 17 16 11 12 19 13 8 2 14 1 
student 166: 3 10 5 7 2 6 16 19 1 18 12 14 17 9 15 11 13 4 20 8 
student 167: 5 10 2 14 8 1 18 11 12 15 17 13 9 3 16 20 19 6 4 7 
student 168: 11 3 2 15 1 5 18 13 6 20 17 8 19 4 14 7 9 10 12 16 
student 169: 20 1 2 7 3 8 15 18 9 19 14 10 12 11 17 13 16 6 4 5 
student 170: 8 2 7 19 13 3 16 20 5 15 18 14 11 6 10 4 12 1 9 17 
student 171: 13 1 6 15 10 9 18 20 4 19 12 11 7 8 17 3 14 2 5 16 
student 172: 8 6 7 4 3 14 10 16 2 18 20 5 9 1 15 11 17 13 19 12 
student 173: 14 3 6 11 1 7 15 18 4 19 20 12 8 5 13 9 16 2 17 10 
student 174: 9 4 2 6 7 3 18 19 12 17 20 13 5 1 16 14 15 11 8 10 
student 175: 6 2 1 13 18 7 15 8 5 19 17 12 9 4 20 14 16 3 11 10 
student 176: 9 5 6 11 18 2 7 20 1 13 17 15 8 3 14 19 16 4 12 10 
student 177: 7 5 2 15 14 3 16 13 6 20 18 12 8 17 11 19 1 4 9 10 
student 178: 14 5 7 6 9 1 18 19 12 17 20 2 15 4 16 13 10 8 11 3 
student 179: 5 2 6 11 4 7 12 16 8 18 20 13 1 19 10 15 14 3 17 9 
student 180: 3 1 4 18 8 5 17 20 6 16 19 11 12 13 15 10 14 2 9 7 
student 181: 5 7 4 16 2 6 17 11 9 20 18 13 1 3 19 10 14 8 15 12 
student 182: 9 1 5 15 4 11 18 19 10 20 13 6 14 17 7 16 3 2 8 12 
student 183: 16 2 8 13 6 3 12 11 1 15 20 18 7 9 17 5 19 4 14 10 
student 184: 13 9 6 8 5 1 16 15 3 18 19 2 11 14 17 20 10 4 7 12 
student 185: 13 1 3 6 4 2 16 5 17 18 19 14 7 10 11 8 15 9 20 12 
student 186: 5 10 1 20 11 15 12 3 9 16 18 19 13 6 8 7 14 4 17 2 
student 187: 8 1 9 19 2 12 20 15 10 18 17 11 3 4 16 14 5 6 13 7 
student 188: 5 4 10 9 6 7 16 17 15 18 20 13 1 3 19 14 11 2 8 12 
student 189: 9 7 2 13 3 4 16 19 5 18 14 15 8 12 17 20 10 1 6 11 
student 190: 13 4 10 16 2 6 15 18 11 19 20 1 14 9 5 17 12 3 8 7 
student 191: 11 1 10 9 3 7 19 20 8 6 15 12 5 2 18 16 14 4 13 17 
student 192: 10 3 2 13 6 9 12 20 5 18 19 15 4 1 16 8 11 7 14 17 
student 193: 16 8 12 3 9 4 18 11 17 19 20 6 1 2 15 13 14 7 10 5 
student 194: 13 7 4 3 5 6 16 18 2 17 20 15 11 9 19 8 12 1 14 10 
student 195: 11 2 16 8 3 7 20 15 5 18 19 6 10 9 17 13 1 4 14 12 
student 196: 8 2 1 9 6 10 16 13 5 17 20 12 4 7 19 15 14 3 18 11 
student 197: 8 4 1 18 11 9 14 16 2 12 20 19 6 7 10 15 17 3 13 5 
student 198: 13 1 2 7 17 4 19 18 8 3 20 12 11 9 10 15 14 6 16 5 
student 199: 4 7 2 13 1 3 19 18 6 9 15 14 12 10 17 20 11 5 16 8 
student 200: 13 10 1 12 3 2 15 20 4 19 17 8 7 5 18 14 9 6 11 16 
student 201: 11 1 10 12 13 2 16 17 4 18 20 15 9 5 6 8 14 3 7 19 
student 202: 8 2 13 7 4 1 16 20 5 18 19 14 11 3 10 12 17 6 15 9 
student 203: 11 2 8 10 3 1 20 15 7 19 16 5 4 6 17 13 14 9 18 12 
student 204: 6 1 7 17 4 3 18 13 11 19 20 2 14 5 12 16 10 15 9 8 
student 205: 15 2 3 18 6 5 19 11 1 14 10 16 12 9 20 4 17 8 13 7 
student 206: 13 3 7 14 4 8 18 12 10 20 17 15 11 2 19 16 5 1 9 6 
student 207: 17 2 9 3 8 4 12 14 10 20 19 6 13 7 5 15 18 1 11 16 
student 208: 6 1 11 15 5 10 3 19 4 17 13 12 7 2 20 14 8 16 18 9 
student 209: 6 3 7 11 1 8 17 19 12 15 20 14 4 2 16 5 18 10 13 9 
student 210: 9 6 3 12 5 1 14 17 8 19 16 15 4 2 10 20 7 13 18 11 
student 211: 5 2 6 10 1 18 12 20 3 17 13 8 7 4 14 15 16 11 19 9 
student 212: 4 7 1 16 5 3 20 15 2 17 18 9 6 8 19 14 12 10 11 13 
student 213: 12 4 6 18 1 10 13 14 7 17 19 5 2 11 16 15 20 3 9 8 
student 214: 12 2 7 15 3 1 20 9 5 18 19 8 10 6 16 14 11 4 17 13 
student 215: 8 1 2 5 4 3 19 18 6 20 16 13 12 7 15 11 10 9 14 17 
student 216: 3 2 7 10 1 4 11 16 20 15 19 12 8 13 18 17 6 5 14 9 
student 217: 10 5 7 3 13 2 9 18 6 15 4 14 17 8 16 20 1 12 19 11 
student 218: 15 1 8 7 2 3 16 9 18 20 14 5 12 11 10 17 19 6 4 13 
student 219: 9 6 2 13 8 4 3 17 5 19 18 12 7 10 20 11 14 1 15 16 
student 220: 15 1 4 10 2 6 19 11 3 18 17 20 5 8 14 9 12 7 16 13 
student 221: 20 2 3 10 4 16 11 19 6 12 13 15 9 8 17 7 5 1 18 14 
student 222: 3 1 12 20 2 13 17 11 5 18 16 6 19 7 10 8 15 4 14 9 
student 223: 12 2 3 9 14 11 17 10 1 18 15 7 4 5 13 8 16 6 20 19 
student 224: 12 1 6 7 2 4 13 17 5 16 15 18 20 3 9 11 10 8 19 14 
student 225: 7 3 5 2 9 11 19 18 16 10 20 14 6 1 17 13 15 4 12 8 
student 226: 8 4 7 14 2 5 3 19 9 12 20 18 15 6 16 17 1 11 10 13 
student 227: 9 1 10 11 5 6 19 14 8 16 18 4 2 12 20 7 17 3 15 13 
student 228: 8 4 3 9 2 16 12 11 20 19 14 6 1 5 17 10 15 13 18 7 
student 229: 2 10 3 8 5 1 19 17 6 16 18 4 11 7 15 14 20 9 13 12 
student 230: 11 1 13 8 3 10 16 19 2 17 18 12 4 5 15 14 6 20 9 7 
student 231: 14 7 3 12 2 8 17 19 4 18 20 16 10 1 15 13 11 9 5 6 
student 232: 9 3 5 15 2 10 19 13 12 20 1 17 11 8 7 14 6 4 18 16 
student 233: 13 2 8 14 3 1 6 5 16 19 17 12 9 7 20 15 18 4 11 10 
student 234: 8 1 10 11 4 2 17 14 7 20 19 13 6 3 16 9 12 5 18 15 
student 235: 13 1 5 16 3 6 12 14 4 18 20 9 2 19 15 17 8 7 11 10 
student 236: 9 4 3 13 2 5 16 11 6 19 20 1 12 14 8 15 17 18 7 10 
student 237: 7 3 6 12 1 2 17 10 5 19 20 14 9 11 18 15 8 4 16 13 
student 238: 4 3 7 10 5 17 11 13 8 16 20 12 19 6 15 2 18 1 14 9 
student 239: 5 8 15 10 1 4 6 12 9 14 20 19 7 2 17 11 18 3 16 13 
student 240: 13 5 3 4 1 8 15 17 19 18 20 14 6 2 12 9 7 10 16 11 
student 241: 10 4 2 13 1 5 16 12 8 17 19 14 9 11 18 15 6 3 20 7 
student 242: 14 1 4 10 5 7 13 15 8 17 18 11 9 3 20 16 12 6 19 2 
student 243: 9 1 3 11 2 6 20 18 5 15 8 17 12 4 16 14 19 7 13 10 
student 244: 12 5 6 13 1 7 16 11 10 19 14 15 3 8 18 17 20 2 9 4 
student 245: 2 6 1 5 19 3 12 16 9 20 18 13 4 8 17 14 7 10 15 11 
student 246: 14 1 6 5 17 11 15 18 3 19 20 8 9 2 16 12 7 4 10 13 
student 247: 13 3 7 16 4 8 18 15 2 20 19 5 1 6 12 14 9 10 17 11 
student 248: 14 5 4 11 15 7 16 12 3 18 20 8 9 2 17 13 10 1 19 6 
student 249: 2 3 7 10 9 8 20 16 1 18 19 15 6 4 12 14 17 5 13 11 
student 250: 8 1 2 11 10 7 19 15 3 13 20 5 4 6 18 16 17 9 14 12 
student 251: 11 2 4 16 3 5 19 12 6 14 13 9 1 8 15 10 18 7 17 20 
student 252: 11 2 4 3 1 12 15 16 19 20 17 7 9 6 18 13 14 5 8 10 
student 253: 4 3 7 11 1 8 20 13 2 14 18 17 12 9 19 6 16 5 15 10 
student 254: 8 1 9 2 3 10 13 17 7 19 15 18 11 6 14 5 12 4 16 20 
student 255: 3 1 2 7 5 8 13 9 6 15 20 16 10 4 14 17 11 18 19 12 
student 256: 3 13 5 15 1 2 16 17 6 18 20 9 8 19 12 14 11 10 7 4 
student 257: 7 13 8 19 3 1 20 18 10 16 14 11 6 2 12 17 5 4 15 9 
student 258: 3 9 8 10 5 4 15 19 6 20 12 11 17 14 16 18 1 13 2 7 
student 259: 8 9 1 15 12 10 16 18 3 20 14 13 5 19 2 11 7 6 17 4 
student 260: 7 5 13 6 2 9 16 14 11 17 18 12 8 3 15 19 4 10 20 1 
student 261: 3 4 6 16 1 2 17 14 11 15 19 20 5 7 18 8 13 12 9 10 
student 262: 11 4 5 14 1 3 19 16 7 18 20 9 2 6 13 8 17 10 15 12 
student 263: 2 4 1 16 3 7 19 14 8 18 20 11 10 5 17 15 13 9 12 6 
student 264: 5 1 8 9 13 2 20 18 10 14 17 7 6 4 16 3 11 15 12 19 
student 265: 13 2 9 10 6 7 17 15 1 14 18 5 8 19 20 11 16 3 12 4 
student 266: 4 6 10 5 2 7 16 19 11 18 17 14 15 8 13 9 20 3 1 12 
student 267: 4 1 3 5 9 6 17 20 7 16 18 14 13 11 10 15 19 2 8 12 
student 268: 13 2 14 17 10 1 12 19 6 20 15 11 5 4 18 16 7 3 8 9 
student 269: 13 1 8 14 2 6 17 11 16 19 20 3 7 12 9 18 10 4 15 5 
student 270: 4 7 3 13 1 8 12 14 2 16 18 17 9 5 11 19 15 6 20 10 
student 271: 10 2 4 5 12 8 15 16 13 18 20 17 3 6 11 9 19 1 14 7 
student 272: 7 4 9 18 2 1 17 16 3 20 19 10 5 14 13 12 11 8 15 6 
student 273: 6 1 9 10 4 2 16 3 7 15 18 20 13 14 19 12 11 5 17 8 
student 274: 8 3 6 15 5 7 11 13 2 19 20 10 9 1 12 17 16 4 14 18 
student 275: 10 3 4 11 1 2 12 18 6 17 5 20 7 13 14 19 16 8 15 9 
student 276: 12 4 9 17 8 2 20 19 1 18 16 14 7 10 15 13 6 3 11 5 
student 277: 6 2 5 7 4 13 20 3 10 8 18 11 14 9 17 19 15 1 16 12 
student 278: 15 1 12 17 4 2 19 14 5 18 20 10 6 11 16 13 8 3 7 9 
student 279: 10 1 3 5 12 6 15 20 8 16 18 2 9 7 19 17 14 11 13 4 
student 280: 10 5 2 7 14 9 20 19 3 13 17 11 15 6 8 16 4 1 12 18 
student 281: 12 6 2 14 1 3 18 15 7 16 13 10 11 8 9 20 19 5 17 4 
student 282: 10 1 11 7 2 5 17 12 9 20 18 19 4 6 15 16 13 3 14 8 
student 283: 3 7 1 6 5 10 14 19 2 15 20 12 11 4 18 17 13 8 16 9 
student 284: 9 3 7 6 1 2 10 16 8 20 15 11 4 5 18 13 14 12 17 19 
student 285: 10 1 4 16 3 8 17 18 6 20 19 9 13 7 14 15 11 2 5 12 
student 286: 9 1 3 19 2 5 17 8 6 14 20 10 16 4 18 13 12 7 15 11 
student 287: 8 5 1 7 2 13 10 16 4 12 18 15 6 11 17 20 19 3 14 9 
student 288: 15 7 4 17 2 1 16 20 5 18 13 8 10 6 19 14 12 3 11 9 
student 289: 2 3 5 10 1 7 19 20 13 12 18 4 14 6 8 16 15 9 17 11 
student 290: 11 1 3 10 2 5 16 18 6 14 19 9 17 4 7 13 15 8 20 12 
student 291: 20 1 4 5 3 7 6 13 2 17 15 11 14 12 18 16 8 9 19 10 
student 292: 7 5 9 8 4 3 16 19 2 14 17 6 18 12 20 13 11 1 10 15 
student 293: 5 2 4 15 8 3 20 18 7 19 14 16 6 9 12 11 1 10 17 13 
student 294: 5 9 2 18 7 12 15 17 8 4 16 11 3 1 14 13 19 10 20 6 
student 295: 7 1 5 13 2 3 20 17 11 18 19 10 8 6 16 14 12 4 15 9 
student 296: 13 3 11 9 1 5 17 10 12 14 20 15 6 4 16 8 19 2 18 7 
student 297: 12 1 6 7 3 8 11 18 4 20 19 15 14 2 13 9 10 5 16 17 
student 298: 9 1 3 13 8 6 17 20 11 19 15 4 7 10 14 12 5 2 16 18 
student 299: 5 15 6 17 2 7 18 1 4 12 20 19 9 13 14 8 16 3 10 11 
student 300: 7 1 5 16 13 3 17 14 6 19 20 10 9 4 11 8 18 2 15 12 
student 301: 9 5 11 16 3 7 20 19 10 15 14 8 12 4 18 6 2 1 17 13 
student 302: 10 13 4 9 2 3 16 18 5 17 19 12 6 1 20 15 14 8 11 7 
student 303: 9 2 10 13 11 3 17 12 5 19 15 7 4 8 18 14 16 1 6 20 
student 304: 7 6 4 9 5 1 20 18 2 16 19 11 14 8 3 10 17 12 13 15 
student 305: 4 1 10 9 12 7 15 20 5 19 17 13 8 3 18 14 11 2 16 6 
student 306: 10 2 8 7 1 4 17 11 5 12 20 16 6 14 9 13 18 3 19 15 
student 307: 6 1 2 7 3 11 20 14 16 19 18 10 4 12 8 9 13 5 17 15 
student 308: 11 2 1 17 5 4 7 15 3 19 18 6 8 10 16 13 20 12 14 9 
student 309: 11 3 1 6 8 4 20 18 12 13 17 16 7 10 14 9 5 15 19 2 
student 310: 6 4 7 10 1 9 16 14 12 17 19 15 5 2 13 18 20 3 8 11 
student 311: 9 1 14 19 6 3 12 17 8 18 20 4 7 5 11 15 13 2 10 16 
student 312: 11 8 2 10 1 4 15 17 3 16 19 12 9 5 20 13 14 7 18 6 
student 313: 5 13 8 7 3 2 9 14 16 15 20 10 19 1 11 17 4 12 18 6 
student 314: 8 7 4 11 10 1 17 20 3 2 14 18 9 5 13 16 15 12 19 6 
student 315: 16 2 3 17 4 10 20 14 13 9 15 12 18 5 19 8 7 1 11 6 
student 316: 2 1 5 11 3 4 13 20 10 15 14 16 9 12 8 6 17 7 19 18 
student 317: 16 5 1 2 4 3 14 19 7 17 18 8 20 11 13 9 12 15 10 6 
student 318: 7 1 2 15 3 11 18 20 9 14 16 8 4 5 19 12 13 10 17 6 
student 319: 6 1 4 13 2 3 15 18 12 17 9 14 11 5 19 10 20 8 16 7 
student 320: 11 1 7 13 9 10 18 8 2 20 19 14 3 6 16 12 15 4 17 5 
student 321: 12 1 9 3 2 6 16 18 15 19 20 5 7 4 13 8 11 14 10 17 
student 322: 8 2 1 9 5 10 16 17 3 13 18 11 6 7 20 15 12 4 19 14 
student 323: 8 1 2 19 6 3 16 12 20 14 17 9 10 5 18 15 7 13 11 4 
student 324: 5 1 3 16 2 9 19 14 18 11 20 6 12 13 17 7 15 4 8 10 
student 325: 14 2 5 11 4 7 19 12 10 20 15 16 9 3 17 1 13 6 18 8 
student 326: 10 8 12 5 3 2 17 19 4 20 18 13 6 7 15 14 1 9 16 11 
student 327: 8 2 1 7 4 9 20 13 5 17 18 16 6 3 15 14 12 10 19 11 
student 328: 15 2 3 7 6 5 20 12 10 18 19 14 4 8 17 16 1 9 13 11 
student 329: 7 14 3 8 2 11 17 15 4 20 18 19 5 6 12 9 10 1 16 13 
student 330: 10 2 4 11 9 3 19 14 1 16 20 5 15 8 18 7 13 6 17 12 
student 331: 4 11 3 7 1 2 18 20 10 14 19 13 9 12 6 15 17 8 16 5 
student 332: 7 4 2 15 5 8 3 18 1 12 20 17 11 13 16 9 19 6 14 10 
student 333: 8 3 4 18 1 13 15 14 5 16 20 11 10 2 12 17 19 7 9 6 
student 334: 10 1 3 9 2 8 16 19 5 18 12 11 6 4 20 14 13 7 17 15 
student 335: 5 2 11 8 4 1 13 18 7 19 9 12 10 15 16 17 14 3 20 6 
student 336: 13 8 2 12 1 9 20 17 10 15 19 11 14 5 18 16 7 4 6 3 
student 337: 10 17 4 15 3 7 14 19 1 18 20 12 11 2 9 8 16 5 13 6 
student 338: 13 1 2 9 3 8 12 15 5 17 14 16 10 7 19 11 6 18 20 4 
student 339: 6 2 3 11 7 5 17 13 8 19 20 9 10 4 16 18 14 1 15 12 
student 340: 14 1 10 20 7 4 19 15 3 13 17 8 11 2 16 12 18 9 5 6 
student 341: 4 2 9 5 6 7 11 16 12 20 17 18 8 10 15 13 1 3 19 14 
student 342: 4 7 3 12 1 5 13 15 9 17 19 14 6 8 20 16 18 2 10 11 
student 343: 7 2 3 5 9 1 17 16 8 20 19 18 11 6 12 14 10 4 15 13 
student 344: 15 1 2 11 4 16 17 20 10 19 18 9 7 8 14 6 12 3 13 5 
student 345: 4 5 2 9 1 3 15 20 7 17 19 14 10 6 11 18 12 8 16 13 
student 346: 1 2 12 7 6 4 16 19 9 20 15 18 13 5 10 17 14 3 11 8 
student 347: 4 2 1 5 6 8 16 15 3 19 20 12 9 7 18 14 13 11 17 10 
student 348: 10 6 5 18 4 1 11 20 8 15 16 3 13 7 17 9 14 2 19 12 
student 349: 6 3 4 17 1 11 13 20 5 15 18 10 14 2 9 7 19 8 16 12 
student 350: 6 8 12 10 1 15 9 20 4 19 17 11 5 2 18 7 13 3 16 14 
student 351: 7 1 2 13 14 6 19 16 5 15 20 17 18 4 11 3 12 9 10 8 
student 352: 13 1 2 3 5 7 17 19 4 20 15 11 12 6 18 10 16 8 14 9 
student 353: 8 2 3 15 6 11 12 19 1 20 14 16 5 7 18 13 9 4 17 10 
student 354: 12 1 4 13 2 8 15 19 7 18 20 6 10 5 16 17 11 9 14 3 
student 355: 5 1 6 7 2 18 14 15 12 17 20 16 8 3 13 11 9 4 19 10 
student 356: 10 3 8 14 4 7 18 16 5 20 17 13 11 9 15 19 12 2 1 6 
student 357: 13 2 5 3 1 10 18 6 8 16 20 15 11 12 7 17 4 9 14 19 
student 358: 7 2 5 14 1 15 12 20 8 4 19 16 17 6 11 9 13 10 18 3 
student 359: 11 3 7 19 1 6 16 8 4 18 20 5 12 15 17 10 9 2 14 13 
student 360: 7 2 3 20 1 5 16 17 4 10 19 14 18 6 11 13 8 15 9 12 
student 361: 13 2 4 12 1 5 16 19 9 18 11 14 6 3 20 15 10 8 17 7 
student 362: 9 1 4 15 3 5 18 16 8 12 20 11 10 6 19 14 7 2 13 17 
student 363: 10 6 4 8 1 9 13 20 5 18 2 12 17 7 19 16 14 3 15 11 
student 364: 9 1 6 19 2 13 16 17 3 20 15 10 8 4 14 18 11 7 12 5 
student 365: 9 6 1 14 5 7 18 19 4 17 20 12 8 3 16 13 11 2 15 10 
student 366: 4 15 3 10 6 8 5 20 13 19 16 17 7 9 18 1 11 2 12 14 
student 367: 9 1 3 19 2 4 12 16 6 17 18 14 8 13 11 20 10 5 15 7 
student 368: 12 10 6 9 2 3 16 17 8 18 14 20 1 4 19 11 7 5 13 15 
student 369: 7 8 10 5 1 2 19 17 6 15 20 16 9 3 18 13 14 12 4 11 
student 370: 4 1 3 20 2 8 12 13 17 18 19 6 16 7 9 15 11 5 14 10 
student 371: 8 1 2 11 3 9 15 19 13 18 20 14 17 6 16 7 12 5 4 10 
student 372: 13 1 5 20 9 7 4 19 8 18 15 11 6 17 16 14 12 3 10 2 
student 373: 3 4 7 14 1 2 18 20 6 19 13 10 16 5 15 11 12 9 17 8 
student 374: 4 5 11 2 1 8 17 19 20 16 18 12 9 7 14 13 6 3 15 10 
student 375: 10 1 5 13 4 7 17 18 3 14 15 11 8 6 12 19 9 2 20 16 
student 376: 4 1 6 13 8 10 15 11 3 20 18 9 12 14 17 16 19 2 7 5 
student 377: 19 4 3 13 1 11 10 14 15 9 17 6 12 8 16 18 20 5 7 2 
student 378: 6 4 11 12 7 8 20 14 3 17 18 13 10 2 15 5 19 1 9 16 
student 379: 14 3 15 4 1 7 20 17 5 9 10 16 11 8 19 18 6 2 12 13 
student 380: 14 3 1 10 4 9 13 16 8 17 20 15 5 2 19 11 18 6 7 12 
student 381: 16 3 8 12 7 6 13 15 9 19 14 5 2 4 17 20 18 1 10 11 
student 382: 5 7 6 11 1 9 10 18 4 19 16 17 3 8 15 13 14 2 20 12 
student 383: 4 9 3 13 2 12 20 18 5 16 19 15 1 6 8 17 11 7 14 10 
student 384: 6 7 10 3 9 8 20 14 11 18 17 16 13 19 2 12 5 1 15 4 
student 385: 7 2 6 14 3 5 18 19 1 17 20 10 8 4 16 15 11 13 12 9 
student 386: 12 1 3 19 2 5 8 17 9 11 16 18 10 4 13 15 20 7 6 14 
student 387: 1 13 2 9 4 8 18 20 3 15 16 11 5 6 17 12 19 10 14 7 
student 388: 5 1 7 11 4 6 16 19 3 20 18 12 15 10 14 8 13 2 17 9 
student 389: 10 1 5 12 2 9 6 17 4 11 18 13 8 7 20 19 16 3 15 14 
student 390: 8 2 4 7 6 1 16 18 5 19 20 17 10 3 14 15 11 9 13 12 
student 391: 9 2 5 8 7 3 16 19 14 13 20 10 12 6 11 4 15 1 18 17 
student 392: 8 1 5 14 11 2 9 20 7 17 13 12 4 3 18 16 15 10 19 6 
student 393: 5 1 4 14 10 6 13 18 2 19 20 15 7 8 16 11 9 3 17 12 
student 394: 16 2 3 1 4 15 8 18 10 17 19 13 9 6 14 12 11 7 20 5 
student 395: 8 3 2 12 5 7 14 20 6 16 18 17 10 1 19 9 13 4 15 11 
student 396: 8 1 2 12 5 9 18 15 13 20 17 19 3 7 10 11 14 4 16 6 
student 397: 9 10 4 6 1 3 17 20 16 5 12 14 18 15 8 19 11 7 13 2 
student 398: 5 1 2 13 11 9 16 20 10 18 19 6 8 3 12 7 14 4 15 17 
student 399: 8 1 9 12 3 2 11 15 4 20 19 14 10 7 16 5 18 6 13 17 
student 400: 10 2 4 18 3 1 14 20 5 16 19 9 7 6 17 11 12 13 8 15 
student 401: 7 1 5 15 4 9 17 18 10 19 20 3 12 6 8 16 14 2 13 11 
student 402: 11 4 3 18 6 15 20 17 7 19 13 10 12 5 16 2 8 1 14 9 
student 403: 13 3 6 14 4 7 19 8 10 18 20 15 1 9 17 16 12 11 5 2 
student 404: 2 1 20 13 16 3 17 12 15 19 18 6 10 4 9 8 7 5 11 14 
student 405: 17 7 1 13 10 5 19 20 4 15 18 11 9 2 14 8 12 3 16 6 
student 406: 11 1 6 9 2 8 18 19 13 16 20 14 3 4 7 17 5 10 15 12 
student 407: 6 2 3 9 8 7 17 18 5 16 14 15 10 4 13 20 19 1 11 12 
student 408: 14 7 5 16 2 8 11 15 3 19 20 4 9 6 10 17 12 1 18 13 
student 409: 19 5 3 17 8 1 18 12 7 20 13 14 11 4 15 6 16 2 10 9 
student 410: 7 6 3 13 1 5 19 16 4 20 14 17 10 9 11 15 2 8 18 12 
student 411: 13 10 7 14 1 3 19 8 11 20 4 12 16 5 17 18 15 2 9 6 
student 412: 11 4 8 12 6 5 1 13 3 17 20 14 7 9 19 18 10 2 15 16 
student 413: 6 1 14 15 3 5 13 19 4 9 17 10 20 11 18 12 16 2 8 7 
student 414: 16 1 4 11 3 5 12 14 6 19 18 17 15 8 10 13 9 2 20 7 
student 415: 8 14 2 13 3 10 19 20 6 5 18 17 11 4 12 9 16 7 15 1 
student 416: 13 2 3 18 4 1 16 6 7 17 20 11 8 9 19 12 10 5 15 14 
student 417: 7 8 5 3 2 9 17 20 6 11 18 15 13 1 10 14 19 4 16 12 
student 418: 1 9 5 13 3 11 19 17 12 18 20 4 10 6 15 16 8 7 14 2 
student 419: 13 1 3 7 4 9 15 18 10 20 19 11 16 6 12 8 17 2 14 5 
student 420: 13 1 3 16 2 7 10 19 8 20 14 12 6 5 18 17 15 4 9 11 
student 421: 13 1 5 11 3 6 15 14 9 20 19 8 7 2 18 10 12 4 17 16 
student 422: 11 1 2 3 9 8 16 20 4 17 19 12 5 10 14 13 15 7 18 6 
student 423: 14 1 3 11 6 10 19 18 2 16 20 9 7 4 17 13 8 5 15 12 
student 424: 18 3 7 9 2 1 16 17 5 19 14 13 6 11 20 12 15 4 10 8 
student 425: 6 2 3 10 1 5 13 19 7 17 20 9 16 4 15 14 18 11 12 8 
student 426: 11 2 6 10 5 17 12 19 8 16 18 9 1 3 20 14 13 4 15 7 
student 427: 8 1 7 10 4 12 20 15 3 13 19 11 14 2 18 9 5 6 17 16 
student 428: 11 1 3 10 6 2 17 19 4 13 20 16 14 5 9 12 18 8 15 7 
student 429: 14 3 1 17 5 2 16 15 10 20 18 8 6 9 19 13 12 7 11 4 
student 430: 11 5 3 13 2 4 15 20 7 8 17 10 9 6 19 16 18 1 12 14 
student 431: 8 7 5 9 1 3 19 17 13 4 20 16 6 2 18 11 15 12 14 10 
student 432: 19 1 13 16 2 3 8 18 6 12 20 14 10 11 17 9 15 4 7 5 
student 433: 15 1 4 14 3 7 12 11 9 19 18 10 2 8 20 17 13 5 16 6 
student 434: 10 6 3 15 7 2 19 18 4 20 17 12 13 9 14 16 8 1 11 5 
student 435: 14 7 1 11 2 6 19 17 8 20 13 9 4 12 18 15 5 3 10 16 
student 436: 9 1 6 19 2 7 17 13 3 18 8 15 5 14 11 20 12 4 16 10 
student 437: 15 1 11 12 4 13 19 17 6 18 20 9 16 3 14 10 7 8 5 2 
student 438: 10 2 1 13 3 6 14 17 9 16 20 15 5 8 19 11 12 4 18 7 
student 439: 16 2 5 8 1 4 12 19 9 14 15 10 11 13 17 18 20 7 3 6 
student 440: 8 5 1 16 7 4 2 15 11 20 18 17 10 6 3 12 14 9 13 19 
student 441: 3 4 10 9 5 2 18 16 1 15 8 11 6 12 19 13 17 7 20 14 
student 442: 14 11 3 4 1 7 16 20 13 17 10 5 12 6 15 8 9 2 18 19 
student 443: 10 5 2 7 1 9 15 19 13 18 20 6 8 3 16 11 14 4 17 12 
student 444: 5 6 1 9 2 4 11 18 7 20 17 19 8 10 12 15 16 3 13 14 
student 445: 17 3 4 11 1 8 19 10 7 14 20 12 2 6 15 16 13 5 18 9 
student 446: 7 3 5 14 1 2 19 18 10 13 20 8 17 6 12 16 15 4 9 11 
student 447: 3 1 15 19 5 7 8 9 6 17 20 10 11 4 12 16 13 2 18 14 
student 448: 10 1 5 8 2 4 13 19 3 18 12 11 6 7 14 20 17 16 15 9 
student 449: 13 2 3 11 5 7 19 15 6 20 16 10 8 1 12 17 9 4 18 14 
student 450: 11 8 3 13 5 1 17 15 6 20 18 14 9 7 12 4 10 2 19 16 
student 451: 14 3 2 13 8 4 16 20 5 18 19 10 1 7 11 15 12 9 17 6 
student 452: 12 9 10 4 3 2 13 16 15 17 14 8 20 11 19 7 18 1 6 5 
student 453: 7 1 4 18 3 5 11 16 13 20 19 8 2 9 15 10 12 6 17 14 
student 454: 13 1 2 14 3 8 12 19 6 16 17 15 10 5 11 9 20 4 18 7 
student 455: 14 1 8 7 4 5 15 17 6 19 12 11 2 3 16 18 10 9 13 20 
student 456: 19 1 11 12 4 2 18 17 5 14 15 20 6 10 9 13 7 3 16 8 
student 457: 12 1 8 14 2 7 20 19 5 16 18 15 17 4 10 13 6 9 11 3 
student 458: 14 1 4 11 5 7 19 17 6 20 15 13 8 3 12 16 9 2 18 10 
student 459: 13 5 6 9 4 1 16 19 7 12 17 14 2 3 18 10 20 15 8 11 
student 460: 15 5 1 12 4 8 14 20 3 16 17 7 9 6 18 10 19 2 13 11 
student 461: 3 7 6 12 1 9 13 15 10 19 17 5 2 4 20 18 11 8 14 16 
student 462: 14 9 1 15 11 7 17 12 4 20 19 16 6 2 18 8 13 3 10 5 
student 463: 7 3 6 16 1 9 19 18 12 20 14 10 4 8 13 17 2 5 11 15 
student 464: 15 1 4 14 2 10 7 19 18 16 20 9 3 13 11 6 5 8 17 12 
student 465: 11 4 1 8 6 5 7 17 2 16 20 18 13 10 19 9 14 3 15 12 
student 466: 8 2 4 15 11 6 16 17 9 20 19 12 5 1 13 14 18 3 10 7 
student 467: 10 5 3 15 8 7 14 13 6 18 20 9 2 11 17 12 19 4 16 1 
student 468: 9 3 4 16 2 19 15 17 1 12 18 6 8 7 14 11 10 5 20 13 
student 469: 10 4 7 3 2 6 18 11 20 19 15 13 5 1 16 12 9 8 17 14 
student 470: 15 4 7 1 2 10 14 18 12 20 19 5 13 17 16 9 3 6 11 8 
student 471: 8 1 3 5 2 11 6 13 9 20 10 14 7 4 19 15 16 17 18 12 
student 472: 6 7 2 12 4 5 17 18 3 20 19 14 10 1 15 16 13 8 11 9 
student 473: 15 7 1 6 3 2 13 14 10 18 20 8 4 5 16 12 19 11 17 9 
student 474: 14 1 5 10 4 6 17 19 2 18 20 16 12 7 8 15 11 3 13 9 
student 475: 10 3 1 12 8 5 14 19 7 15 20 16 6 2 17 18 9 4 11 13 
student 476: 7 3 2 8 11 5 12 20 15 16 17 18 4 9 19 10 13 1 14 6 
student 477: 4 8 1 15 9 10 17 20 2 16 19 7 14 5 18 13 6 3 11 12 
student 478: 3 2 4 9 7 8 12 14 1 20 18 11 10 5 16 15 17 13 19 6 
student 479: 19 5 1 20 13 8 18 15 2 16 17 11 10 9 7 12 14 3 4 6 
student 480: 17 9 7 8 6 3 10 15 1 5 16 12 18 14 19 13 11 2 20 4 
student 481: 9 14 2 6 4 3 15 1 16 19 20 10 7 13 12 17 8 5 18 11 
student 482: 6 5 7 14 3 4 13 17 15 19 18 9 1 8 16 20 10 2 11 12 
student 483: 3 6 14 10 4 1 18 20 2 19 12 9 11 7 13 17 16 8 5 15 
student 484: 13 6 2 10 7 1 16 15 5 17 19 12 3 8 18 14 9 11 20 4 
student 485: 15 10 4 5 1 7 17 12 14 20 19 13 9 3 18 11 16 2 8 6 
student 486: 5 1 4 12 2 11 13 16 10 17 19 18 9 3 20 8 14 7 15 6 
student 487: 8 7 2 16 1 3 20 19 5 17 12 9 14 10 13 15 6 4 18 11 
student 488: 4 1 3 14 15 2 7 16 9 19 11 5 8 6 13 18 20 17 12 10 
student 489: 9 2 1 14 4 5 18 19 7 20 13 15 8 16 3 6 17 11 10 12 
student 490: 5 4 2 13 6 1 16 17 9 19 18 15 8 3 20 12 14 7 10 11 
student 491: 1 3 9 15 11 2 13 10 12 20 16 8 18 4 5 7 19 17 14 6 
student 492: 6 3 2 13 5 4 19 18 1 20 16 8 9 7 11 17 15 10 14 12 
student 493: 8 6 1 13 3 11 15 19 10 20 14 5 2 7 18 17 9 4 16 12 
student 494: 11 1 3 12 7 19 16 5 10 20 17 13 9 8 14 15 4 6 18 2 
student 495: 11 10 1 19 3 8 7 15 6 16 20 12 4 2 18 9 5 13 14 17 
student 496: 12 2 4 11 10 6 16 17 9 19 18 13 5 8 20 14 15 7 3 1 
student 497: 3 4 2 8 12 6 20 18 7 11 14 15 10 5 17 9 13 1 19 16 
student 498: 10 4 2 9 1 3 13 15 18 19 20 11 6 7 17 14 12 5 16 8 
student 499: 2 9 1 14 3 5 18 16 8 17 20 10 6 7 19 13 12 4 15 11 
student 500: 7 3 5 16 8 4 18 19 1 12 15 17 14 13 20 9 10 2 11 6 
student 501: 7 2 3 8 1 11 16 19 10 20 18 14 6 5 13 15 12 4 17 9 
student 502: 11 1 2 13 5 3 16 4 8 19 14 10 7 6 20 17 15 9 18 12 
student 503: 8 1 2 12 6 7 9 16 20 18 19 10 13 3 14 11 15 4 17 5 
student 504: 10 3 6 14 12 15 1 13 4 20 19 9 7 2 11 16 17 5 18 8 
student 505: 20 1 6 13 2 7 9 19 11 16 18 14 4 8 17 10 3 5 15 12 
student 506: 2 1 5 4 3 13 19 20 11 18 9 12 8 10 7 15 14 6 16 17 
student 507: 4 1 2 14 12 7 19 9 18 17 20 6 10 5 15 13 11 3 8 16 
student 508: 10 4 8 12 5 7 15 14 6 19 20 18 2 3 16 11 17 1 9 13 
student 509: 3 2 5 1 6 15 17 20 9 16 18 14 10 8 13 19 4 7 12 11 
student 510: 10 1 5 11 6 2 13 12 16 20 19 15 3 7 17 4 14 8 18 9 
student 511: 12 2 3 8 1 15 14 16 5 18 20 7 13 6 11 10 17 4 19 9 
student 512: 15 6 4 5 3 14 2 18 12 13 20 17 10 1 11 16 9 8 19 7 
student 513: 18 1 13 20 2 6 11 17 12 16 19 4 8 10 5 9 7 3 14 15 
student 514: 16 7 2 8 1 4 11 14 9 18 13 10 5 6 20 19 17 3 15 12 
student 515: 5 3 1 4 10 2 18 17 20 15 19 9 7 11 16 14 13 8 6 12 
student 516: 11 1 10 6 8 2 7 16 9 20 15 18 12 3 19 13 14 5 17 4 
student 517: 13 1 18 19 4 9 14 17 6 16 20 11 3 5 12 10 15 2 8 7 
student 518: 10 7 2 11 1 4 15 18 5 20 19 12 16 14 6 13 9 3 17 8 
student 519: 11 4 14 13 9 7 19 15 3 12 18 8 6 1 10 17 16 2 20 5 
student 520: 11 8 1 12 2 4 17 18 14 13 19 9 6 3 15 20 16 5 10 7 
student 521: 6 15 16 13 2 4 9 17 5 18 10 19 3 14 8 11 7 1 20 12 
student 522: 12 4 11 9 1 2 18 19 6 14 16 15 10 7 5 20 3 8 13 17 
student 523: 14 3 4 11 10 1 20 19 13 8 16 2 9 5 17 7 15 12 6 18 
student 524: 11 4 1 13 8 2 9 19 15 17 20 16 10 3 18 12 14 7 6 5 
student 525: 7 5 4 17 1 11 19 18 12 20 16 8 6 3 13 10 14 2 15 9 
student 526: 9 3 2 11 1 16 18 20 7 15 6 14 5 10 19 12 4 8 17 13 
student 527: 4 6 2 19 3 9 10 12 1 16 15 18 14 8 20 5 17 7 11 13 
student 528: 14 4 5 13 7 2 17 16 1 19 20 3 6 10 18 11 12 8 15 9 
student 529: 7 1 2 4 5 10 20 11 9 18 17 13 6 3 16 15 12 8 14 19 
student 530: 12 1 2 16 5 3 18 15 6 17 20 9 8 7 13 10 19 4 11 14 
student 531: 8 4 3 11 1 13 16 18 5 17 6 7 10 9 12 14 20 2 15 19 
student 532: 17 5 4 9 14 2 19 11 1 20 15 18 10 7 3 16 13 8 12 6 
student 533: 9 1 2 12 3 4 7 19 13 20 17 14 6 8 10 15 16 5 18 11 
student 534: 11 1 9 6 4 3 16 19 10 12 20 13 7 5 14 17 18 2 15 8 
student 535: 12 2 4 11 1 5 18 19 14 9 20 7 10 3 17 15 13 8 16 6 
student 536: 2 5 6 15 1 4 7 20 13 8 19 17 3 9 18 12 16 10 11 14 
student 537: 16 5 2 8 1 12 18 19 11 9 15 17 6 4 20 10 7 3 14 13 
student 538: 7 6 11 10 9 2 4 20 5 19 13 14 8 1 12 17 16 3 18 15 
student 539: 15 6 10 11 1 9 17 20 5 12 18 13 2 4 7 16 14 3 19 8 
student 540: 10 2 4 17 1 5 14 19 3 20 18 9 8 7 16 11 12 6 13 15 
student 541: 6 2 10 9 3 13 16 20 8 19 17 5 11 4 18 7 15 1 14 12 
student 542: 7 2 5 1 13 10 15 12 9 18 20 11 17 8 19 3 14 4 6 16 
student 543: 2 1 11 6 7 5 14 20 12 18 17 19 3 4 13 16 15 10 9 8 
student 544: 12 4 2 14 1 5 8 19 7 18 15 16 9 3 11 17 10 6 20 13 
student 545: 10 2 5 6 1 3 16 19 8 18 20 17 15 9 12 7 11 4 14 13 
student 546: 7 2 9 10 6 4 14 20 5 12 16 1 15 11 17 18 8 3 13 19 
student 547: 11 4 7 6 5 17 15 20 8 12 9 14 1 3 19 16 10 2 18 13 
student 548: 12 1 10 9 5 6 13 7 19 15 18 3 8 2 14 11 17 4 20 16 
student 549: 6 2 8 13 4 5 16 19 12 20 14 17 7 1 18 11 15 3 10 9 
student 550: 16 1 5 11 4 2 17 18 6 20 15 10 8 9 19 14 13 3 12 7 
student 551: 10 6 12 18 1 3 13 16 7 19 17 9 8 5 4 14 11 2 15 20 
student 552: 7 8 1 12 3 2 15 20 5 19 17 11 6 10 13 18 9 4 16 14 
student 553: 13 3 7 18 2 1 5 16 8 14 20 9 4 10 19 17 15 6 12 11 
student 554: 6 1 7 8 12 3 11 17 2 19 20 13 4 14 18 10 15 9 16 5 
student 555: 10 6 2 13 7 8 14 17 11 18 19 12 4 3 16 15 20 5 1 9 
student 556: 6 1 5 4 2 3 15 18 19 20 17 12 10 7 16 11 13 9 14 8 
student 557: 12 3 6 15 4 2 14 17 7 20 8 1 10 5 18 9 13 11 19 16 
student 558: 11 5 9 12 2 8 19 18 3 14 13 10 4 1 20 16 15 6 17 7 
student 559: 5 3 6 11 9 4 18 2 12 20 17 14 8 10 16 15 7 1 19 13 
student 560: 17 2 3 12 4 1 7 15 8 18 16 19 9 6 20 14 11 5 13 10 
student 561: 12 1 5 7 6 10 19 18 13 16 20 2 8 4 17 15 11 3 14 9 
student 562: 5 2 3 6 7 8 17 19 10 15 12 13 16 9 18 11 14 4 20 1 
student 563: 7 3 8 16 5 2 14 17 1 19 20 11 6 4 12 9 13 10 15 18 
student 564: 9 1 6 17 4 5 16 18 14 10 20 2 7 11 19 15 13 3 8 12 
student 565: 3 7 4 11 8 2 17 20 5 15 16 13 10 1 18 6 14 12 19 9 
student 566: 6 15 17 8 2 4 14 18 3 19 20 10 5 1 16 9 11 7 13 12 
student 567: 11 4 2 9 1 3 14 20 5 13 18 15 10 7 12 16 17 6 8 19 
student 568: 10 1 7 15 2 5 13 16 6 20 19 12 8 3 18 14 11 4 17 9 
student 569: 9 3 1 8 4 2 17 12 11 20 13 10 6 7 19 15 16 5 18 14 
student 570: 9 1 7 4 3 8 18 13 5 15 20 17 14 2 16 12 19 6 11 10 
student 571: 15 9 4 11 3 1 10 17 2 16 14 18 8 7 20 6 13 12 19 5 
student 572: 5 9 6 8 2 1 13 16 7 18 17 10 11 4 14 19 20 3 12 15 
student 573: 12 3 4 13 8 7 10 20 5 17 18 6 2 11 14 9 15 1 19 16 
student 574: 8 3 10 13 2 7 14 16 5 20 19 11 12 6 9 15 17 4 18 1 
student 575: 2 7 3 11 4 6 19 9 1 17 20 14 12 13 16 15 18 8 10 5 
student 576: 10 1 4 11 6 3 18 14 19 20 16 5 9 13 12 17 15 7 8 2 
student 577: 5 2 1 14 3 20 15 17 7 10 16 18 8 6 19 9 12 4 13 11 
student 578: 9 3 7 8 12 4 19 13 5 16 18 11 6 2 20 17 14 1 15 10 
student 579: 12 2 8 4 5 1 18 7 11 17 13 15 19 6 20 16 14 3 9 10 
student 580: 9 2 3 12 4 6 10 7 15 18 20 11 13 1 16 17 5 14 19 8 
student 581: 7 2 3 13 4 5 14 16 1 17 19 12 11 6 18 20 8 15 9 10 
student 582: 4 12 1 16 3 17 9 11 5 18 19 20 8 6 7 14 15 2 13 10 
student 583: 9 6 4 12 5 15 17 18 3 19 20 14 7 8 13 2 11 10 16 1 
student 584: 5 3 6 16 4 13 12 18 2 20 19 7 9 1 14 17 15 10 8 11 
student 585: 5 15 11 12 3 8 14 16 10 17 20 19 7 9 4 2 18 6 13 1 
student 586: 11 1 4 13 3 2 17 9 6 20 19 14 5 10 15 18 8 7 16 12 
student 587: 16 2 6 8 1 5 18 15 3 20 19 10 11 9 17 14 13 4 12 7 
student 588: 13 5 9 18 1 6 16 20 7 19 17 3 14 2 11 12 4 8 15 10 
student 589: 8 5 9 18 2 12 4 11 14 7 19 15 3 6 20 10 13 1 16 17 
student 590: 6 1 5 9 2 14 12 18 3 15 16 7 11 8 10 19 17 4 13 20 
student 591: 8 2 6 14 5 4 20 19 13 12 17 9 1 10 15 11 3 7 16 18 
student 592: 2 8 3 7 1 13 16 20 9 15 17 18 6 12 10 19 11 5 14 4 
student 593: 12 3 8 10 1 6 14 19 7 17 18 15 5 4 20 9 16 2 13 11 
student 594: 18 2 7 17 8 6 1 12 4 11 19 13 16 5 10 15 9 3 20 14 
student 595: 2 3 4 17 1 11 13 14 9 19 20 6 16 7 15 12 8 5 18 10 
student 596: 10 2 3 7 4 18 15 17 9 19 20 11 1 6 16 14 13 5 12 8 
student 597: 8 3 2 12 4 10 5 18 13 16 20 7 6 9 19 17 14 1 15 11 
student 598: 9 3 4 6 1 5 20 19 14 16 17 11 7 2 18 10 12 8 15 13 
student 599: 16 3 4 9 6 1 18 20 11 15 19 7 5 2 14 13 10 8 17 12 
student 600: 5 3 9 10 1 11 12 19 8 16 14 17 13 4 18 6 2 7 20 15 
student 601: 19 6 10 12 9 7 18 14 3 20 16 2 8 11 17 13 4 5 15 1 
student 602: 7 2 4 12 1 5 17 19 14 16 20 9 13 3 18 8 15 6 10 11 
student 603: 17 4 1 13 10 12 15 16 5 8 18 11 6 3 2 19 14 7 20 9 
student 604: 11 1 5 10 3 8 15 4 9 18 19 17 7 2 14 16 12 6 13 20 
student 605: 9 5 2 11 1 7 20 19 3 17 10 15 14 4 18 6 8 16 12 13 
student 606: 6 1 2 14 5 3 18 10 19 15 20 13 11 4 12 17 8 16 7 9 
student 607: 16 7 1 6 5 2 15 20 8 19 17 13 11 4 10 9 14 3 12 18 
student 608: 7 1 2 10 4 16 20 11 3 9 18 12 8 6 13 14 17 5 19 15 
student 609: 18 8 2 15 5 10 4 14 6 17 9 13 11 3 19 7 12 16 20 1 
student 610: 14 7 2 13 3 6 15 20 1 18 11 16 10 9 17 4 19 5 12 8 
student 611: 6 3 1 11 2 5 16 18 13 17 20 10 8 9 14 12 19 7 15 4 
student 612: 6 1 5 10 3 2 13 20 9 17 19 14 11 16 18 12 8 4 15 7 
student 613: 1 4 8 11 5 2 7 17 6 19 12 20 9 10 18 14 13 3 16 15 
student 614: 8 4 5 12 1 2 19 9 15 18 20 13 7 14 17 11 10 3 16 6 
student 615: 6 1 2 19 9 8 17 11 5 18 20 12 13 15 16 7 10 4 14 3 
student 616: 7 6 4 12 5 8 18 3 10 15 19 1 9 11 17 14 16 2 20 13 
student 617: 12 2 1 16 6 7 18 4 8 17 15 10 9 5 20 19 14 3 13 11 
student 618: 3 5 1 12 2 9 15 19 14 18 20 17 6 11 4 7 13 8 16 10 
student 619: 18 6 1 2 3 4 17 10 9 20 11 12 7 5 19 14 16 8 13 15 
student 620: 15 2 1 5 3 10 19 20 9 17 11 13 4 12 16 14 18 6 8 7 
student 621: 6 7 10 17 8 2 14 13 1 19 20 12 5 4 16 15 9 3 18 11 
student 622: 11 5 1 13 3 2 19 18 4 20 14 15 12 8 6 17 16 7 10 9 
student 623: 15 6 3 14 1 2 11 19 17 20 8 7 13 16 12 10 9 5 18 4 
student 624: 2 3 6 20 7 4 12 16 13 18 19 10 8 9 15 11 14 1 17 5 
student 625: 14 1 8 3 4 7 12 16 10 18 17 20 5 6 9 15 11 2 13 19 
student 626: 4 2 9 6 5 3 13 19 14 20 18 8 17 7 11 10 12 1 16 15 
student 627: 16 2 3 10 7 4 6 19 8 18 20 17 1 5 11 15 13 14 12 9 
student 628: 19 2 9 15 3 5 6 18 11 14 20 10 1 8 13 17 12 4 16 7 
student 629: 10 1 7 18 9 6 19 20 4 17 15 13 2 3 5 16 8 11 14 12 
student 630: 14 5 3 15 11 7 18 16 13 19 17 2 1 6 20 10 8 4 12 9 
student 631: 9 2 4 10 1 5 19 14 3 13 17 7 20 16 12 6 18 8 15 11 
student 632: 8 2 5 7 4 9 6 12 17 15 18 13 10 1 14 20 16 3 19 11 
student 633: 15 2 10 11 18 8 9 17 3 19 14 20 5 12 16 6 7 1 13 4 
student 634: 11 3 2 12 8 10 15 18 6 17 14 13 7 4 19 20 16 1 9 5 
student 635: 7 5 1 16 2 3 11 10 4 19 12 14 9 8 17 18 13 6 15 20 
student 636: 4 7 6 13 1 2 20 18 8 17 19 11 10 3 14 16 12 5 15 9 
student 637: 10 4 2 16 3 7 19 20 13 8 11 5 9 1 18 17 14 12 15 6 
student 638: 11 1 7 8 3 4 2 15 5 18 14 12 9 6 20 13 16 10 19 17 
student 639: 7 13 4 12 1 9 16 2 11 20 17 14 10 6 8 19 15 3 18 5 
student 640: 10 1 11 4 7 3 18 15 2 19 20 5 6 9 14 13 16 8 17 12 
student 641: 7 2 11 10 5 6 17 14 4 19 13 15 9 18 16 12 3 1 20 8 
student 642: 5 6 3 10 2 9 19 12 1 13 16 15 4 17 20 18 11 7 8 14 
student 643: 10 1 3 12 2 5 13 18 8 16 20 11 4 9 14 15 17 7 19 6 
student 644: 9 8 5 16 1 2 15 18 6 20 19 13 10 12 14 17 7 3 4 11 
student 645: 19 5 4 13 8 2 15 6 3 12 18 10 16 11 20 14 7 1 17 9 
student 646: 14 5 3 10 9 12 11 7 1 20 17 4 6 8 19 13 15 2 18 16 
student 647: 9 8 1 14 3 11 10 19 13 18 20 16 5 4 6 17 15 2 7 12 
student 648: 15 1 12 8 4 20 18 16 2 19 14 3 6 10 17 11 13 5 7 9 
student 649: 11 1 5 6 2 4 9 12 3 13 19 14 15 7 20 18 16 8 10 17 
student 650: 11 4 3 12 6 15 16 20 7 19 17 1 5 14 13 2 18 8 9 10 
student 651: 9 1 4 12 5 3 19 18 2 17 20 16 11 7 14 15 8 6 10 13 
student 652: 9 18 2 12 1 4 14 15 7 19 17 13 8 3 20 5 16 6 10 11 
student 653: 9 2 3 16 1 5 11 13 12 18 19 20 7 8 15 10 14 4 17 6 
student 654: 18 10 3 8 7 2 9 16 15 11 20 12 13 1 19 17 4 5 14 6 
student 655: 8 9 3 13 5 7 14 15 2 18 20 10 19 4 17 6 11 1 16 12 
student 656: 17 1 13 10 2 6 18 14 5 20 7 12 9 4 16 19 15 3 11 8 
student 657: 2 13 3 10 1 9 20 16 5 14 19 11 8 4 17 18 12 6 15 7 
student 658: 17 1 3 12 9 4 13 15 8 19 20 14 2 5 18 6 10 7 16 11 
student 659: 7 5 6 8 3 1 20 17 4 11 10 19 12 13 18 9 14 2 15 16 
student 660: 8 2 6 9 3 7 14 19 11 20 18 15 1 5 12 16 10 4 17 13 
student 661: 16 3 12 13 11 6 15 10 4 19 20 8 18 7 14 17 5 2 1 9 
student 662: 7 4 5 8 1 15 12 17 3 16 20 19 10 11 14 18 13 2 6 9 
student 663: 8 1 4 7 5 6 19 18 2 20 15 17 14 9 13 11 16 3 10 12 
student 664: 4 2 20 1 3 15 13 18 8 19 16 10 5 6 11 7 14 9 12 17 
student 665: 15 12 3 4 1 5 16 14 18 20 17 19 2 6 10 13 7 11 8 9 
student 666: 8 12 3 13 2 1 15 19 7 20 16 10 5 4 14 9 11 6 17 18 
student 667: 3 5 2 14 1 10 16 19 6 9 13 20 7 4 18 17 8 12 15 11 
student 668: 13 1 4 14 9 6 12 18 11 20 17 10 3 2 16 7 15 5 19 8 
student 669: 5 8 4 10 1 11 16 14 3 17 18 15 6 2 20 9 7 19 12 13 
student 670: 10 1 2 11 9 3 17 19 4 20 15 14 6 5 13 16 18 8 7 12 
student 671: 11 2 6 12 1 4 18 13 7 9 20 8 10 5 17 15 16 3 14 19 
student 672: 12 1 4 15 3 5 18 19 10 20 7 13 6 11 16 2 17 8 14 9 
student 673: 13 4 2 11 1 6 15 19 9 20 18 12 7 5 16 8 10 3 17 14 
student 674: 2 4 19 8 6 9 10 16 5 20 18 17 13 1 14 15 3 12 11 7 
student 675: 20 1 4 9 3 6 13 19 15 14 17 11 7 16 10 2 18 5 8 12 
student 676: 8 3 9 15 5 4 11 12 1 13 14 19 6 10 7 17 16 2 20 18 
student 677: 6 14 3 15 1 5 16 20 19 18 13 4 9 8 17 10 11 2 12 7 
student 678: 8 1 6 7 2 10 13 17 20 19 9 14 5 3 15 11 16 4 12 18 
student 679: 15 5 1 17 8 2 19 9 4 13 20 3 7 6 14 18 11 10 16 12 
student 680: 9 1 5 3 6 11 16 18 15 14 17 8 13 2 10 19 7 4 12 20 
student 681: 4 2 9 7 3 13 17 11 6 20 16 15 14 5 19 8 10 1 12 18 
student 682: 14 2 4 6 1 5 3 18 11 15 17 12 8 9 19 20 13 7 16 10 
student 683: 10 2 5 7 1 6 16 11 4 19 20 12 8 9 17 15 13 3 18 14 
student 684: 11 2 1 12 3 5 19 15 7 16 20 9 8 4 18 13 14 6 17 10 
student 685: 1 6 7 19 2 20 4 18 8 11 16 17 14 3 13 10 15 5 12 9 
student 686: 3 2 4 9 10 7 19 14 8 17 20 13 12 6 18 16 11 1 5 15 
student 687: 11 3 6 9 5 10 18 19 2 17 20 13 12 7 16 1 15 8 14 4 
student 688: 7 12 3 13 1 9 8 18 4 17 20 11 6 5 14 15 19 2 16 10 
student 689: 4 1 6 14 2 16 13 17 5 18 12 8 7 9 11 3 20 10 19 15 
student 690: 4 1 11 16 5 2 9 20 12 19 3 10 15 8 18 17 13 6 14 7 
student 691: 12 1 6 13 2 4 8 15 3 14 19 16 9 7 5 18 17 10 20 11 
student 692: 6 2 11 16 3 12 19 14 4 8 9 20 18 10 17 5 13 1 7 15 
student 693: 6 4 3 16 9 12 18 15 1 17 20 8 19 2 14 7 5 10 11 13 
student 694: 8 5 2 16 1 6 14 9 4 15 20 13 11 7 17 12 19 3 18 10 
student 695: 6 4 2 5 1 8 15 14 10 20 17 19 16 3 18 11 7 9 13 12 
student 696: 7 3 5 6 4 2 13 15 9 20 17 16 14 1 12 11 10 8 18 19 
student 697: 6 1 3 9 2 15 8 12 5 19 16 7 4 10 17 18 20 14 11 13 
student 698: 14 1 4 13 3 7 19 5 10 17 18 11 2 8 12 20 16 6 9 15 
student 699: 6 1 3 10 2 12 13 16 8 17 20 14 11 4 19 18 15 5 9 7 
student 700: 9 6 10 11 1 3 13 15 7 19 20 14 12 2 18 16 17 8 4 5 
student 701: 12 1 2 9 8 5 19 20 6 18 17 16 10 7 14 4 15 3 13 11 
student 702: 13 10 1 3 5 6 18 19 15 17 20 11 9 7 16 14 2 12 4 8 
student 703: 9 3 11 1 5 2 4 15 17 18 16 12 7 8 6 13 19 10 20 14 
student 704: 12 4 2 9 5 8 14 16 15 19 20 13 6 7 3 17 11 1 18 10 
student 705: 9 3 2 13 5 16 10 19 6 20 15 12 1 4 18 17 14 7 8 11 
student 706: 16 7 1 9 5 6 15 18 8 4 20 14 13 3 17 11 12 2 19 10 
student 707: 12 3 1 7 14 4 16 20 5 18 19 10 8 9 17 13 11 2 15 6 
student 708: 5 4 1 13 6 3 11 15 10 16 12 8 2 7 20 17 9 14 18 19 
student 709: 16 1 8 3 7 9 5 18 15 19 20 12 10 14 13 17 4 2 6 11 
student 710: 12 1 3 9 2 6 17 16 7 19 20 15 14 5 13 10 8 4 18 11 
student 711: 7 4 3 13 5 1 19 18 10 15 20 12 9 6 17 16 11 2 14 8 
student 712: 13 1 6 12 2 8 11 16 5 20 19 17 9 7 10 18 14 3 15 4 
student 713: 16 2 9 13 11 6 12 18 4 19 17 15 10 5 14 20 1 3 7 8 
student 714: 5 2 4 12 15 6 20 18 9 13 19 7 1 8 16 10 14 3 17 11 
student 715: 9 4 13 12 2 1 15 14 7 20 19 5 8 3 17 10 16 6 18 11 
student 716: 7 2 4 10 1 3 14 19 15 20 16 9 8 6 18 11 17 5 13 12 
student 717: 7 2 11 3 8 1 18 20 5 10 19 6 15 14 12 13 9 4 17 16 
student 718: 11 1 4 18 3 2 14 17 12 19 20 16 8 7 15 6 13 5 9 10 
student 719: 2 3 4 7 1 9 16 15 12 14 19 6 5 11 17 18 13 8 20 10 
student 720: 4 6 1 17 5 7 12 16 11 20 19 15 13 10 9 14 8 2 18 3 
student 721: 9 2 1 8 4 3 18 20 10 7 19 17 15 11 16 13 12 6 14 5 
student 722: 9 4 3 11 2 1 20 18 17 16 19 7 12 8 14 10 13 5 15 6 
student 723: 7 4 3 9 2 8 10 15 11 19 18 12 13 20 16 6 17 1 14 5 
student 724: 8 1 13 5 4 6 12 16 2 20 19 9 11 18 17 10 15 3 14 7 
student 725: 20 9 3 8 5 6 14 18 4 19 17 15 2 1 16 10 11 7 12 13 
student 726: 5 9 4 1 2 17 20 18 6 16 13 19 11 7 14 10 15 3 12 8 
student 727: 7 4 6 19 1 3 15 18 13 10 16 9 17 2 20 14 11 5 8 12 
student 728: 5 7 9 19 4 3 13 15 17 11 16 18 6 12 2 1 20 8 14 10 
student 729: 7 3 8 17 1 4 18 13 9 12 16 10 15 5 20 19 2 6 14 11 
student 730: 8 7 2 14 1 5 15 20 6 16 18 12 11 10 9 17 13 3 19 4 
student 731: 5 6 2 13 10 4 12 17 11 16 20 7 19 3 14 18 8 1 9 15 
student 732: 13 7 1 2 4 6 19 20 10 16 18 11 12 9 15 8 17 3 14 5 
student 733: 14 1 3 6 2 9 12 20 13 10 15 4 8 5 19 17 11 7 18 16 
student 734: 4 1 7 17 2 16 18 11 5 19 20 10 9 3 15 12 13 6 14 8 
student 735: 6 8 13 11 7 4 19 20 1 15 17 12 10 5 9 14 3 2 18 16 
student 736: 11 1 6 9 2 7 18 19 5 20 15 17 10 4 16 13 14 3 12 8 
student 737: 6 2 9 1 15 3 8 16 11 14 20 19 7 5 13 10 12 4 17 18 
student 738: 20 2 1 3 10 4 18 19 7 15 16 14 5 13 17 6 8 9 11 12 
student 739: 11 7 4 2 8 14 18 16 3 20 19 13 9 5 10 12 6 1 17 15 
student 740: 4 9 6 5 7 1 11 18 3 14 20 12 13 2 10 16 8 15 19 17 
student 741: 17 1 6 19 2 8 16 14 4 20 18 9 11 12 13 10 3 5 15 7 
student 742: 6 1 2 15 3 5 8 17 10 16 20 19 9 7 14 13 12 4 18 11 
student 743: 10 1 2 6 3 8 12 14 11 20 17 13 7 5 9 15 19 4 18 16 
student 744: 5 3 2 10 4 17 18 16 15 12 20 9 7 1 14 11 13 8 19 6 
student 745: 10 1 3 17 4 16 13 19 5 15 20 18 9 6 11 8 7 2 14 12 
student 746: 14 4 5 2 1 7 19 13 9 15 20 16 11 8 3 17 10 6 12 18 
student 747: 13 1 4 7 3 8 15 14 6 18 20 12 5 2 19 11 10 16 17 9 
student 748: 5 7 1 6 2 3 14 20 18 19 15 13 9 4 17 12 10 8 16 11 
student 749: 6 3 1 16 13 5 10 17 7 19 18 12 2 4 20 14 11 8 9 15 
student 750: 10 11 2 1 3 9 12 13 8 16 19 17 15 7 6 20 14 5 18 4 
student 751: 6 3 4 12 7 2 15 16 10 20 19 5 11 1 17 18 13 9 8 14 
student 752: 2 5 1 10 4 3 20 11 8 16 9 7 15 14 19 12 18 13 17 6 
student 753: 8 7 1 10 4 5 16 20 3 13 18 19 9 6 14 17 12 2 11 15 
student 754: 12 3 11 8 4 2 5 18 6 15 20 16 9 1 19 17 13 7 10 14 
student 755: 4 1 2 10 6 8 17 12 19 20 18 7 9 5 13 14 16 11 15 3 
student 756: 8 1 4 7 2 6 15 20 18 17 19 16 10 3 13 12 14 9 11 5 
student 757: 12 7 2 13 3 11 9 20 1 18 17 14 8 5 15 19 16 4 6 10 
student 758: 8 2 1 16 4 9 13 15 14 17 20 5 10 6 12 11 19 3 18 7 
student 759: 16 9 11 7 1 5 19 14 2 20 12 13 4 6 17 18 15 3 8 10 
student 760: 14 9 18 2 3 5 15 17 1 20 19 6 13 4 12 10 11 16 8 7 
student 761: 16 1 2 15 9 3 20 8 13 11 17 10 4 7 6 14 18 5 19 12 
student 762: 14 8 3 12 2 4 13 11 7 16 17 15 5 6 20 18 10 1 19 9 
student 763: 8 1 5 11 6 2 16 19 9 20 15 17 18 3 13 12 10 4 14 7 
student 764: 2 18 8 19 1 5 12 13 7 16 14 9 6 3 17 11 10 15 20 4 
student 765: 4 6 1 10 12 2 16 13 11 17 19 7 3 5 20 15 14 8 18 9 
student 766: 10 1 6 5 2 7 11 16 8 15 20 12 9 3 17 18 14 4 19 13 
student 767: 9 3 2 13 4 16 11 18 7 20 19 6 8 12 15 14 10 1 17 5 
student 768: 15 5 12 7 2 1 19 18 6 20 17 10 8 3 14 4 9 16 11 13 
student 769: 2 1 3 16 4 15 19 9 18 13 20 17 5 8 11 6 14 12 7 10 
student 770: 8 7 1 13 12 3 15 16 6 17 19 20 10 4 5 18 14 2 11 9 
student 771: 13 2 5 8 1 4 12 17 16 15 9 19 7 11 18 14 6 3 20 10 
student 772: 8 1 3 19 4 5 17 7 14 20 18 11 6 13 12 16 10 2 15 9 
student 773: 13 5 1 2 8 3 12 15 6 20 18 11 4 7 16 14 19 9 17 10 
student 774: 13 2 7 3 4 6 18 12 8 19 20 11 10 9 17 16 15 1 5 14 
student 775: 4 3 1 9 2 6 18 19 8 11 20 15 10 12 17 5 14 7 16 13 
student 776: 20 1 3 6 5 4 18 17 9 19 15 11 10 7 12 16 8 2 14 13 
student 777: 10 5 2 13 1 6 15 19 9 18 20 7 4 14 3 11 17 8 16 12 
student 778: 8 6 1 13 2 3 17 18 7 20 14 5 12 4 16 15 11 9 19 10 
student 779: 6 10 5 15 8 3 18 17 2 20 19 12 9 4 11 13 14 1 16 7 
student 780: 13 3 2 6 5 1 18 16 4 19 20 8 11 9 17 15 12 10 14 7 
student 781: 14 2 3 18 6 1 19 16 4 13 5 9 8 10 20 12 11 7 17 15 
student 782: 12 4 7 1 2 8 17 19 10 18 15 6 11 5 13 20 16 9 14 3 
student 783: 9 5 1 2 8 7 15 16 11 17 18 20 10 4 19 12 14 3 13 6 
student 784: 8 9 2 6 3 4 18 16 11 12 20 10 19 1 7 17 15 5 14 13 
student 785: 4 1 2 19 3 6 18 15 7 20 17 11 9 14 13 10 16 5 12 8 
student 786: 17 3 4 13 15 11 14 18 2 12 20 7 10 8 6 9 16 1 5 19 
student 787: 8 3 6 7 2 11 15 19 13 17 16 12 4 5 18 14 20 1 10 9 
student 788: 13 1 9 5 2 6 12 19 14 20 16 18 8 4 15 7 10 3 11 17 
student 789: 6 1 8 13 4 5 17 19 7 11 20 3 9 10 15 18 16 2 14 12 
student 790: 12 5 9 11 3 4 13 16 1 14 20 17 6 15 8 19 7 2 18 10 
student 791: 10 3 1 8 2 9 18 17 13 14 20 19 15 4 11 7 5 6 12 16 
student 792: 10 1 8 15 6 4 17 13 3 19 11 12 7 9 16 20 14 2 5 18 
student 793: 9 1 5 14 4 6 16 18 2 19 20 17 8 7 11 15 10 3 13 12 
student 794: 10 2 4 12 16 13 18 17 14 20 19 9 7 3 6 11 1 5 15 8 
student 795: 7 14 3 17 2 13 19 4 5 20 18 9 8 6 15 11 12 1 16 10 
student 796: 8 2 10 20 1 4 17 16 5 11 19 6 12 3 18 13 15 7 9 14 
student 797: 7 2 11 9 3 4 20 19 16 18 12 10 6 1 15 14 13 5 17 8 
student 798: 6 2 5 9 3 12 11 18 15 20 19 10 7 4 17 13 14 1 8 16 
student 799: 12 1 3 11 2 6 9 19 10 17 20 13 5 7 14 18 15 4 16 8 
