student 0: 13 1 15 12 19 9 6 5 16 14 3 7 18 17 4 20 11 8 10 2 
student 1: 9 7 5 6 17 4 10 3 19 20 2 15 8 14 1 18 11 16 12 13 
student 2: 11 1 13 2 19 10 8 4 14 18 9 7 20 17 12 3 6 15 16 5 
student 3: 13 3 11 8 17 4 5 7 15 19 2 6 9 10 1 18 16 12 14 20 
student 4: 12 5 10 11 17 9 3 7 15 20 2 6 14 19 4 16 13 1 8 18 
student 5: 20 5 2 8 15 14 9 6 17 13 4 3 19 12 1 16 11 7 10 18 
student 6: 13 6 9 10 18 2 1 7 19 17 4 5 20 14 3 11 16 15 12 8 
student 7: 13 2 15 10 14 3 9 7 12 19 4 6 16 17 1 5 20 8 18 11 
student 8: 14 2 17 7 16 1 5 12 19 18 3 13 20 15 6 11 9 4 10 8 
student 9: 9 16 14 15 13 1 3 4 17 20 6 10 18 7 2 11 5 8 12 19 
student 10: 11 4 9 14 20 2 6 13 8 16 1 5 17 19 3 15 7 10 12 18 
student 11: 10 4 8 6 19 3 1 13 16 17 2 5 20 15 11 18 9 14 7 12 
student 12: 14 3 7 13 19 5 4 6 17 20 2 8 16 18 1 12 11 10 15 9 
student 13: 14 3 11 13 18 5 7 8 19 16 9 2 20 12 1 15 4 6 10 17 
student 14: 17 11 10 1 6 8 4 12 13 18 2 7 20 15 3 19 5 9 14 16 
student 15: 11 1 14 9 12 13 8 7 4 19 3 5 17 18 2 16 20 10 15 6 
student 16: 11 3 15 12 19 8 14 6 17 2 7 4 20 18 1 16 5 10 9 13 
student 17: 18 9 14 17 19 8 1 7 4 20 5 2 16 12 6 10 11 3 13 15 
student 18: 10 1 5 7 15 3 9 4 8 19 2 16 17 12 6 13 18 14 11 20 
student 19: 19 8 15 11 20 5 2 1 13 18 3 6 14 12 7 17 4 9 10 16 
student 20: 11 5 8 10 17 2 9 14 19 16 1 18 15 6 3 20 4 12 7 13 
student 21: 16 2 7 11 17 5 15 1 10 20 3 4 19 13 6 18 14 9 12 8 
student 22: 6 3 19 12 14 10 5 11 16 17 4 7 20 18 1 13 15 2 9 8 
student 23: 13 3 12 4 14 15 1 6 19 20 5 10 17 11 2 18 8 7 16 9 
student 24: 7 2 17 8 15 11 6 4 14 20 3 9 19 16 1 18 13 5 10 12 
student 25: 14 4 16 9 20 7 12 5 13 17 3 2 15 18 1 19 8 6 10 11 
student 26: 9 3 17 10 18 2 4 11 8 20 7 13 19 15 1 16 12 6 5 14 
student 27: 15 2 11 9 18 7 4 3 16 20 6 10 19 14 1 17 5 8 13 12 
student 28: 19 4 5 11 6 1 7 10 16 20 3 9 17 13 2 15 12 8 18 14 
student 29: 10 1 11 8 17 4 7 14 6 20 3 2 12 18 5 19 9 13 16 15 
student 30: 15 4 14 10 20 5 19 7 16 18 2 3 8 17 1 12 9 6 13 11 
student 31: 18 3 19 9 15 10 8 7 14 16 5 6 20 2 4 17 11 1 13 12 
student 32: 6 5 2 20 18 13 1 12 7 19 9 11 17 8 4 16 10 3 14 15 
student 33: 13 11 14 3 18 6 9 19 15 12 5 8 16 20 4 7 1 2 10 17 
student 34: 11 6 8 9 12 14 10 3 18 17 13 4 15 20 2 7 16 5 1 19 
student 35: 17 2 11 12 18 14 3 6 13 15 1 4 20 8 5 19 7 9 10 16 
student 36: 4 1 12 7 17 14 5 3 16 18 10 6 19 13 2 20 9 15 8 11 
student 37: 16 2 18 8 19 14 7 5 12 17 1 4 20 11 3 13 15 6 9 10 
student 38: 4 3 12 7 16 2 5 13 11 14 8 6 19 18 1 17 15 9 10 20 
student 39: 12 13 11 5 18 4 6 1 15 20 2 10 19 17 3 14 8 7 9 16 
student 40: 11 4 12 7 18 3 8 2 19 17 10 1 20 13 5 14 16 6 9 15 
student 41: 15 4 20 14 13 11 7 6 5 18 1 2 8 16 3 9 10 19 12 17 
student 42: 11 2 10 12 16 8 1 5 15 17 3 7 19 20 4 18 14 6 13 9 
student 43: 13 10 16 7 11 6 2 12 14 20 1 5 19 18 3 15 9 4 8 17 
student 44: 7 12 6 19 13 11 2 4 10 16 3 5 15 18 1 20 9 14 17 8 
student 45: 14 1 13 11 19 6 5 7 18 20 3 9 17 15 2 16 4 8 12 10 
student 46: 10 6 16 15 17 2 5 7 20 11 4 14 18 13 1 9 12 8 3 19 
student 47: 13 7 11 2 20 5 1 17 12 19 3 14 15 10 6 16 9 18 4 8 
student 48: 8 7 11 9 13 14 4 5 12 20 1 2 18 16 3 17 10 6 15 19 
student 49: 15 2 13 5 6 4 9 12 18 16 1 7 14 17 3 20 8 11 19 10 
student 50: 19 6 11 7 17 8 4 2 15 20 10 1 12 16 3 18 5 14 13 9 
student 51: 17 4 13 1 15 2 6 11 20 12 5 8 16 9 10 18 14 3 7 19 
student 52: 9 6 12 15 14 11 17 5 16 3 2 4 19 18 8 20 1 10 7 13 
student 53: 11 2 12 10 20 5 13 1 16 7 9 4 19 15 6 18 14 3 8 17 
student 54: 4 5 12 11 16 14 8 6 18 10 3 9 19 15 2 20 7 1 13 17 
student 55: 6 2 12 10 18 1 9 7 13 17 8 4 15 14 3 20 16 5 11 19 
student 56: 16 5 9 7 15 8 3 13 10 19 4 6 20 17 2 14 12 1 11 18 
student 57: 17 4 16 15 18 7 10 6 14 19 2 1 20 5 12 8 9 3 11 13 
student 58: 10 8 12 11 14 15 6 2 13 18 7 9 19 17 5 20 3 4 1 16 
student 59: 17 2 19 14 16 1 3 7 15 12 5 4 18 13 8 20 9 10 6 11 
student 60: 10 4 15 13 16 9 3 6 12 18 1 5 11 17 2 14 8 7 20 19 
student 61: 12 6 9 10 17 16 1 3 14 15 2 4 19 20 8 18 5 13 7 11 
student 62: 7 5 20 13 10 1 6 12 17 19 3 2 16 9 4 18 8 11 14 15 
student 63: 7 8 1 12 10 5 15 3 4 19 9 2 13 20 14 17 11 6 16 18 
student 64: 12 8 14 7 13 9 1 11 6 16 4 5 19 15 3 20 18 2 10 17 
student 65: 11 1 12 5 7 8 4 16 17 18 9 6 19 14 3 13 10 2 15 20 
student 66: 9 4 11 1 16 14 6 10 17 8 2 13 20 3 5 15 12 7 18 19 
student 67: 14 6 19 8 17 13 7 3 11 15 2 12 20 18 4 16 5 10 1 9 
student 68: 11 5 13 10 15 8 3 4 14 20 6 1 19 17 2 12 7 9 16 18 
student 69: 13 6 9 15 17 5 8 1 10 20 7 4 19 18 11 14 16 3 2 12 
student 70: 10 11 17 4 15 9 1 2 7 19 8 6 12 20 3 14 5 18 13 16 
student 71: 13 1 12 9 20 5 4 8 16 11 14 2 19 18 6 17 15 10 7 3 
student 72: 17 10 11 4 19 9 2 6 13 18 1 5 12 20 3 16 8 7 15 14 
student 73: 11 3 12 9 16 6 8 5 17 19 2 4 14 18 15 20 1 7 10 13 
student 74: 16 11 14 7 19 6 2 10 15 20 3 1 17 9 5 13 12 4 8 18 
student 75: 12 8 17 14 13 6 1 11 9 20 2 5 19 16 3 15 4 7 10 18 
student 76: 14 4 9 11 18 6 1 5 20 16 2 8 15 19 3 10 12 7 13 17 
student 77: 10 5 14 3 15 11 17 7 20 13 2 8 16 6 1 12 9 19 4 18 
student 78: 18 2 12 10 14 15 1 19 17 11 4 6 20 16 3 5 8 9 7 13 
student 79: 18 2 4 9 19 6 3 7 16 12 8 13 20 17 1 11 15 10 5 14 
student 80: 11 2 5 18 19 4 14 13 7 16 6 3 17 12 1 20 8 9 10 15 
student 81: 5 1 11 19 20 8 4 10 15 13 3 14 12 18 2 17 7 6 9 16 
student 82: 9 4 20 14 11 6 1 7 13 19 3 5 15 10 2 16 12 8 18 17 
student 83: 5 6 19 8 17 20 10 9 14 16 1 3 18 11 2 15 12 4 7 13 
student 84: 17 2 15 5 20 9 6 3 16 14 1 7 12 11 8 18 10 4 13 19 
student 85: 18 1 14 12 9 16 5 6 20 11 3 2 17 10 4 19 8 7 15 13 
student 86: 20 4 13 14 16 11 5 10 19 8 7 1 18 12 2 17 9 3 15 6 
student 87: 10 4 17 16 12 6 13 3 14 18 2 1 8 9 7 19 15 5 20 11 
student 88: 13 1 11 8 18 3 10 5 15 20 7 6 19 17 2 14 4 9 12 16 
student 89: 13 1 8 4 18 3 2 9 17 19 6 7 15 14 5 20 12 10 11 16 
student 90: 2 7 15 8 19 10 5 12 16 17 11 4 6 20 3 9 14 13 1 18 
student 91: 17 1 18 6 16 9 4 2 12 20 8 11 19 13 3 15 10 14 5 7 
student 92: 12 3 19 11 18 15 14 10 13 8 5 4 20 16 2 6 9 1 7 17 
student 93: 9 5 14 1 11 6 8 3 13 18 7 4 16 17 2 20 12 10 15 19 
student 94: 8 5 18 1 20 12 6 7 13 15 9 11 16 19 2 14 10 3 17 4 
student 95: 18 5 12 14 11 10 6 9 19 20 1 2 17 15 3 13 8 7 4 16 
student 96: 10 3 17 6 20 7 1 11 15 16 9 5 19 4 2 13 8 14 18 12 
student 97: 16 3 10 20 7 6 8 1 2 18 13 5 19 15 9 4 12 14 11 17 
student 98: 13 11 4 10 17 3 8 5 9 20 1 6 12 15 2 18 7 14 19 16 
student 99: 20 2 13 9 17 14 6 10 8 19 1 7 18 16 5 12 15 4 11 3 
student 100: 14 7 20 10 12 8 11 13 9 17 1 4 18 19 3 6 5 2 16 15 
student 101: 18 1 2 19 17 13 6 12 14 20 4 5 16 15 3 11 10 8 7 9 
student 102: 20 12 16 5 8 9 2 4 10 15 3 11 19 14 1 18 13 7 6 17 
student 103: 16 15 18 12 14 7 4 1 13 20 5 3 10 17 2 19 8 11 9 6 
student 104: 14 5 13 8 17 3 10 7 18 20 4 2 16 9 1 19 6 12 15 11 
student 105: 2 1 3 12 20 5 8 4 9 7 14 11 15 18 13 19 17 6 16 10 
student 106: 12 6 20 11 16 14 3 5 13 18 4 8 10 9 2 15 7 1 19 17 
student 107: 17 11 4 8 16 12 2 5 19 13 6 14 10 18 3 20 9 1 15 7 
student 108: 8 2 14 3 17 5 6 9 18 19 1 13 11 20 4 12 7 10 16 15 
student 109: 9 10 8 12 19 14 2 3 18 20 7 5 15 16 1 17 6 4 13 11 
student 110: 11 2 7 13 16 12 5 3 18 15 4 6 19 14 9 20 10 8 1 17 
student 111: 7 5 14 9 16 6 11 2 12 18 1 3 17 20 4 13 8 15 19 10 
student 112: 8 1 12 7 18 20 6 3 15 19 4 2 13 10 5 17 9 11 14 16 
student 113: 10 2 13 12 8 9 4 3 19 18 1 7 15 20 14 17 6 5 16 11 
student 114: 15 5 7 6 20 12 4 9 8 19 3 2 18 17 1 16 10 14 11 13 
student 115: 10 9 16 7 19 15 4 1 11 20 12 3 17 13 2 14 6 5 8 18 
student 116: 6 1 11 18 9 7 2 8 19 14 3 4 20 17 5 13 10 12 15 16 
student 117: 7 1 18 9 14 8 2 11 15 17 5 10 20 19 4 13 12 3 6 16 
student 118: 7 12 14 13 17 6 1 2 19 10 3 4 20 11 5 18 15 9 8 16 
student 119: 9 3 11 8 19 4 7 1 14 17 2 12 16 20 5 15 18 6 10 13 
student 120: 18 5 10 6 17 7 1 15 16 19 11 2 20 8 3 12 4 14 9 13 
student 121: 13 4 15 8 14 7 5 10 20 18 2 3 19 12 1 17 9 6 11 16 
student 122: 14 4 15 6 19 12 1 11 10 20 9 5 16 13 2 17 3 7 8 18 
student 123: 2 12 18 8 20 16 9 14 19 17 5 6 11 15 1 13 7 3 10 4 
student 124: 11 1 6 10 20 9 3 8 13 16 5 7 17 18 2 12 14 4 15 19 
student 125: 13 1 10 12 11 3 2 6 16 17 7 4 18 19 5 20 9 8 14 15 
student 126: 20 6 9 5 11 7 8 4 17 18 1 3 19 16 2 12 15 13 10 14 
student 127: 6 1 7 17 15 4 5 10 9 16 2 14 18 19 12 20 8 3 13 11 
student 128: 12 2 8 7 17 9 4 11 13 18 1 6 19 14 3 15 10 5 16 20 
student 129: 18 5 9 13 14 10 8 1 11 19 4 15 17 12 7 20 3 2 6 16 
student 130: 14 6 9 10 19 3 5 12 16 17 4 8 18 11 1 13 7 15 2 20 
student 131: 16 3 9 1 18 4 15 6 13 20 7 12 19 14 5 17 10 2 11 8 
student 132: 15 3 20 13 14 9 10 2 16 19 11 5 12 1 7 6 4 17 8 18 
student 133: 1 4 5 11 17 9 3 8 12 19 2 6 18 14 7 15 20 13 10 16 
student 134: 12 2 19 11 16 1 7 4 14 20 6 5 17 18 3 13 8 10 15 9 
student 135: 16 1 20 12 9 6 4 8 14 18 3 13 17 7 2 19 11 5 15 10 
student 136: 14 4 1 5 17 9 3 6 13 19 7 8 18 16 2 20 10 11 12 15 
student 137: 5 9 16 7 20 6 3 12 18 19 4 15 13 17 1 10 14 2 8 11 
student 138: 16 3 5 10 19 11 2 9 12 18 1 7 20 15 14 13 4 6 8 17 
student 139: 12 3 8 4 20 7 11 16 14 18 2 1 10 19 9 15 5 6 13 17 
student 140: 19 2 12 11 16 4 3 9 13 18 1 7 17 20 10 15 5 6 8 14 
student 141: 10 4 13 6 20 3 9 15 18 7 1 8 16 14 5 19 12 2 11 17 
student 142: 11 3 15 14 20 13 5 7 9 10 1 2 18 17 4 19 16 6 8 12 
student 143: 18 6 16 14 4 11 1 5 3 15 2 7 13 19 9 17 12 10 20 8 
student 144: 5 8 11 9 17 7 3 1 15 19 4 10 18 16 2 20 12 6 13 14 
student 145: 20 1 3 2 19 9 14 5 10 15 13 6 18 16 4 17 7 11 8 12 
student 146: 11 2 12 6 18 5 7 3 13 15 4 10 19 20 1 17 8 9 14 16 
student 147: 8 1 10 4 19 9 6 14 15 11 7 12 20 18 3 2 5 17 16 13 
student 148: 20 1 4 6 18 9 13 8 5 17 3 14 11 16 2 19 10 7 12 15 
student 149: 15 4 10 9 16 19 3 2 14 20 1 8 17 18 6 11 12 5 7 13 
student 150: 10 1 13 2 19 7 11 3 18 14 8 4 20 16 5 17 15 6 9 12 
student 151: 15 9 12 8 10 4 7 2 14 20 3 5 18 6 1 17 16 11 13 19 
student 152: 7 10 13 9 16 6 2 4 17 20 3 5 19 8 1 18 12 15 11 14 
student 153: 10 2 15 4 13 11 8 3 19 18 1 5 16 20 9 12 14 6 17 7 
student 154: 5 4 8 13 19 11 7 10 15 14 3 9 20 17 1 18 6 2 16 12 
student 155: 16 9 1 13 19 14 7 8 15 20 2 4 11 17 3 6 10 5 18 12 
student 156: 18 12 15 6 20 10 1 3 17 9 7 2 8 19 5 13 14 4 11 16 
student 157: 11 1 5 7 18 9 8 16 12 20 2 3 19 17 6 15 4 10 13 14 
student 158: 9 4 14 12 16 2 6 8 13 20 5 11 18 17 1 19 10 7 3 15 
student 159: 17 8 7 11 19 13 2 9 4 14 5 6 20 3 1 18 12 10 16 15 
student 160: 11 8 20 7 15 10 1 9 4 13 6 3 14 17 2 16 5 19 18 12 
student 161: 12 2 15 11 16 6 5 9 20 18 3 1 17 13 4 14 7 8 10 19 
student 162: 12 15 7 8 20 4 3 1 13 14 5 2 19 16 9 17 6 11 10 18 
student 163: 12 4 10 17 14 1 8 5 15 19 16 3 13 18 2 20 6 7 9 11 
student 164: 7 5 18 11 15 12 4 10 16 20 2 3 17 13 1 19 6 9 8 14 
student 165: 14 13 15 2 18 11 4 8 20 17 3 5 19 6 1 16 9 7 10 12 
student 166: 7 3 20 19 17 12 8 4 11 13 2 9 16 18 1 15 10 5 6 14 
student 167: 6 2 14 19 16 9 8 1 4 20 7 12 17 15 5 18 10 3 11 13 
student 168: 12 1 20 6 15 13 2 7 9 19 3 8 17 16 4 18 11 5 14 10 
student 169: 8 1 16 9 18 7 4 5 11 19 2 20 15 12 3 17 14 6 10 13 
student 170: 5 6 7 9 16 11 8 13 12 20 3 10 17 15 1 18 2 4 19 14 
student 171: 17 1 19 9 15 12 5 7 10 20 6 4 14 3 2 18 13 8 11 16 
student 172: 4 8 20 17 19 14 1 2 18 13 6 7 10 5 3 12 9 11 16 15 
student 173: 8 3 18 9 17 5 4 6 13 19 2 15 20 16 1 7 11 10 12 14 
student 174: 10 6 3 14 15 4 7 8 16 20 9 5 18 11 2 19 1 17 12 13 
student 175: 14 4 8 3 20 13 10 12 9 15 1 6 16 11 2 19 5 17 18 7 
student 176: 12 4 16 9 20 6 5 7 3 11 2 8 19 18 1 15 17 10 13 14 
student 177: 4 3 11 8 20 13 5 6 15 12 2 7 16 19 1 17 18 9 10 14 
student 178: 9 3 8 7 16 5 1 11 20 18 10 6 19 14 2 17 12 4 15 13 
student 179: 5 10 13 6 12 2 8 11 20 18 1 7 14 17 4 19 9 3 15 16 
student 180: 12 6 13 7 19 2 14 3 9 20 8 1 15 18 5 17 11 4 10 16 
student 181: 4 10 13 3 18 5 11 2 19 14 1 6 9 8 7 20 15 16 12 17 
student 182: 14 2 9 4 12 3 7 6 16 18 11 5 20 17 1 10 8 15 19 13 
student 183: 12 2 13 8 18 7 3 6 19 14 5 1 15 11 16 17 20 4 10 9 
student 184: 10 3 9 19 20 8 4 1 11 12 5 7 17 16 6 13 15 2 18 14 
student 185: 14 6 12 18 16 8 3 4 15 17 2 5 20 9 1 13 11 10 7 19 
student 186: 11 2 12 6 15 10 4 3 16 20 1 7 19 9 5 13 14 18 8 17 
student 187: 8 2 9 12 14 5 3 6 20 19 11 7 18 13 1 10 16 15 4 17 
student 188: 4 5 10 11 16 9 13 3 8 17 1 6 19 18 7 20 14 2 15 12 
student 189: 16 7 6 13 20 10 5 2 14 17 12 1 19 15 4 18 9 11 3 8 
student 190: 15 10 11 13 9 7 4 2 20 19 1 6 16 12 3 14 5 8 17 18 
student 191: 9 4 7 10 17 5 6 8 14 19 3 1 15 13 2 18 12 11 20 16 
student 192: 15 6 14 12 7 10 1 3 18 20 2 5 8 19 4 16 11 13 9 17 
student 193: 14 4 10 6 15 5 9 11 7 20 2 1 12 16 3 8 19 13 18 17 
student 194: 13 4 14 1 16 7 15 8 19 17 5 3 18 12 2 20 11 9 10 6 
student 195: 3 4 18 13 17 9 2 12 20 14 1 8 16 11 6 10 19 7 5 15 
student 196: 17 1 7 4 14 11 9 10 15 19 2 6 8 13 5 18 16 3 20 12 
student 197: 12 11 3 6 19 14 2 4 13 17 9 5 18 15 1 16 20 7 10 8 
student 198: 18 5 17 11 16 14 4 9 7 13 3 2 10 12 1 20 19 15 6 8 
student 199: 2 8 10 11 13 17 5 7 12 19 1 3 20 14 6 15 4 16 9 18 
student 200: 16 6 15 8 19 9 3 7 13 17 1 4 20 10 2 18 11 5 14 12 
student 201: 9 1 14 6 18 10 8 3 4 20 5 2 17 16 15 19 13 12 7 11 
student 202: 1 6 7 13 15 5 4 10 16 14 8 11 19 17 3 20 18 9 2 12 
student 203: 13 7 10 9 20 15 2 4 17 19 8 6 16 12 3 14 5 11 1 18 
student 204: 16 2 12 11 20 6 3 4 19 18 8 1 14 17 5 9 10 13 7 15 
student 205: 11 3 13 19 20 5 4 8 17 10 1 2 16 15 6 18 12 9 7 14 
student 206: 5 3 14 15 17 7 1 10 18 20 4 12 19 11 2 13 8 6 16 9 
student 207: 10 3 15 6 13 7 4 5 19 12 1 2 20 18 9 14 17 8 16 11 
student 208: 6 5 13 7 17 3 8 4 19 15 1 16 20 11 9 18 10 2 12 14 
student 209: 11 13 9 8 19 5 1 7 18 20 3 10 17 14 2 15 6 4 16 12 
student 210: 11 5 15 7 18 4 6 12 17 19 2 10 8 13 3 20 1 14 9 16 
student 211: 12 4 18 20 17 8 6 5 13 16 2 1 19 15 3 14 10 7 9 11 
student 212: 7 3 11 14 18 15 5 13 16 20 2 10 17 19 4 12 9 1 6 8 
student 213: 7 4 12 11 20 3 10 5 18 19 2 14 8 13 1 17 6 9 16 15 
student 214: 8 1 18 14 17 16 7 13 19 20 2 5 11 6 4 15 9 3 10 12 
student 215: 3 7 20 4 10 12 6 2 8 17 18 9 16 14 1 13 15 19 11 5 
student 216: 12 2 9 19 20 8 1 15 3 17 5 6 16 14 7 13 4 10 11 18 
student 217: 8 6 14 10 11 1 5 7 15 13 3 9 18 17 4 19 16 12 2 20 
student 218: 6 2 9 17 18 12 3 5 15 19 7 11 10 16 1 20 8 13 4 14 
student 219: 16 1 11 6 14 5 2 3 15 20 4 10 9 18 7 12 8 13 17 19 
student 220: 10 7 2 17 16 12 8 4 18 14 11 19 20 13 1 9 15 3 6 5 
student 221: 13 2 18 6 19 15 3 7 8 16 9 5 20 14 1 17 4 10 12 11 
student 222: 12 9 15 5 18 6 3 4 11 19 2 10 16 7 8 13 1 14 17 20 
student 223: 20 12 9 17 15 4 10 7 11 14 1 2 13 18 3 19 8 6 16 5 
student 224: 9 12 8 2 15 6 4 5 17 16 1 3 18 14 7 20 11 13 10 19 
student 225: 19 8 15 10 14 11 3 7 13 16 2 4 20 12 1 9 6 5 18 17 
student 226: 7 6 12 2 19 13 11 3 20 18 4 10 14 5 1 16 15 17 8 9 
student 227: 10 5 16 13 11 6 4 3 15 20 9 2 18 19 1 14 7 12 8 17 
student 228: 12 6 8 2 18 15 19 3 13 14 7 5 17 11 1 20 16 4 10 9 
student 229: 14 3 15 4 18 13 12 1 11 20 2 8 19 17 6 10 9 7 5 16 
student 230: 15 2 8 7 18 9 3 4 16 19 1 11 20 14 6 17 10 5 12 13 
student 231: 13 1 16 10 18 7 6 9 5 20 4 3 15 11 2 17 8 14 12 19 
student 232: 10 4 7 5 17 16 8 13 20 19 1 6 11 12 2 18 9 3 14 15 
student 233: 10 4 18 5 19 12 7 2 6 17 11 3 14 9 8 20 13 1 15 16 
student 234: 12 6 5 8 16 4 2 1 14 18 3 11 20 10 7 17 9 13 19 15 
student 235: 9 8 13 18 11 2 1 7 19 14 6 4 20 16 5 17 12 3 15 10 
student 236: 11 10 15 7 14 8 6 1 18 20 3 4 19 17 5 16 12 9 2 13 
student 237: 8 9 19 11 2 1 7 10 13 20 5 6 16 15 4 17 18 14 12 3 
student 238: 14 4 9 2 19 6 10 7 16 13 3 1 18 20 11 17 12 5 8 15 
student 239: 13 2 14 8 19 6 3 9 15 20 5 7 18 12 1 17 11 10 4 16 
student 240: 14 9 15 12 17 4 5 1 8 18 3 2 13 20 6 10 16 7 11 19 
student 241: 9 4 12 7 15 5 8 3 13 20 1 11 19 17 18 6 16 2 10 14 
student 242: 10 2 6 9 15 12 4 5 16 17 7 3 8 19 1 18 14 20 11 13 
student 243: 13 2 14 11 19 1 3 5 9 20 6 8 12 18 4 17 10 7 15 16 
student 244: 13 1 17 5 15 8 4 7 11 20 2 16 14 12 3 6 10 18 9 19 
student 245: 18 7 16 4 13 5 1 3 12 14 8 6 20 19 2 10 9 11 17 15 
student 246: 10 3 14 8 9 7 1 2 11 20 19 4 17 15 12 16 13 6 5 18 
student 247: 13 3 19 5 14 10 8 6 11 20 2 7 18 12 1 17 16 9 4 15 
student 248: 16 10 15 7 5 4 6 2 14 20 8 3 18 12 1 17 11 9 13 19 
student 249: 12 1 17 18 16 13 8 9 2 20 4 5 14 19 10 15 6 3 7 11 
student 250: 10 5 19 4 12 11 7 13 20 15 1 3 17 8 2 16 6 9 14 18 
student 251: 14 1 5 13 19 3 8 4 15 17 2 18 9 16 6 20 7 10 11 12 
student 252: 19 6 14 9 20 3 1 12 5 15 2 8 18 13 4 16 10 7 11 17 
student 253: 9 2 12 8 19 7 6 4 13 16 5 3 18 20 1 17 10 14 11 15 
student 254: 11 4 13 7 17 18 5 2 16 14 9 6 19 20 3 12 8 1 10 15 
student 255: 8 4 14 6 18 3 5 10 20 12 2 11 19 13 1 15 17 7 9 16 
student 256: 16 2 5 13 19 3 4 10 7 17 1 14 20 15 9 18 6 11 12 8 
student 257: 15 5 10 6 19 8 14 11 20 13 4 12 17 18 2 16 3 1 9 7 
student 258: 4 10 6 11 19 1 7 12 5 18 8 2 14 20 3 15 16 9 13 17 
student 259: 6 5 10 9 17 2 8 3 20 18 4 1 19 16 7 15 12 13 11 14 
student 260: 3 4 15 12 2 10 14 8 16 18 5 13 20 17 1 11 19 6 9 7 
student 261: 12 9 6 18 7 1 11 3 20 14 4 5 15 13 2 19 10 8 16 17 
student 262: 15 1 9 10 18 2 3 8 14 17 11 12 19 16 6 20 4 7 5 13 
student 263: 4 6 19 9 17 2 3 8 18 20 7 13 10 11 1 16 5 14 12 15 
student 264: 12 1 19 7 18 2 6 4 15 9 3 5 20 17 16 14 8 13 10 11 
student 265: 9 7 14 15 19 5 2 4 16 12 3 8 17 18 1 13 6 10 11 20 
student 266: 7 2 14 4 16 13 6 3 11 17 1 5 20 18 8 12 15 10 9 19 
student 267: 5 12 7 15 20 3 1 8 14 19 4 6 17 16 9 18 11 10 2 13 
student 268: 12 4 15 11 20 14 6 3 9 19 2 7 16 17 1 18 8 13 10 5 
student 269: 17 6 16 8 12 4 7 5 15 18 1 9 14 19 2 20 3 13 11 10 
student 270: 1 3 20 7 15 8 6 9 16 19 12 10 17 18 2 11 5 13 14 4 
student 271: 13 4 18 9 17 6 10 2 19 20 1 11 16 14 5 15 3 8 12 7 
student 272: 6 4 18 8 19 9 11 5 7 16 10 1 12 14 3 20 2 17 15 13 
student 273: 13 5 10 6 18 8 4 9 19 16 2 1 15 17 3 20 7 11 12 14 
student 274: 10 5 14 19 16 1 13 7 8 18 2 6 20 12 4 17 11 9 3 15 
student 275: 12 1 5 18 13 2 3 10 16 17 7 8 19 11 9 15 14 4 6 20 
student 276: 11 9 5 15 19 6 7 17 4 20 3 8 18 13 2 10 1 16 12 14 
student 277: 4 1 19 9 11 6 8 3 12 18 2 7 16 20 5 17 14 10 13 15 
student 278: 9 3 2 17 20 13 4 7 11 18 1 6 15 12 16 14 5 8 10 19 
student 279: 9 6 16 7 20 8 14 2 17 15 4 5 18 10 1 19 13 3 12 11 
student 280: 12 10 13 6 19 3 9 7 14 20 4 8 15 11 5 16 17 1 2 18 
student 281: 14 4 12 16 18 9 5 3 10 19 2 11 20 17 7 13 1 6 8 15 
student 282: 8 3 9 16 20 4 2 6 14 18 1 7 17 19 5 15 12 10 11 13 
student 283: 8 2 12 9 20 5 1 11 16 18 3 4 17 14 7 13 19 6 15 10 
student 284: 10 5 15 4 16 8 14 3 9 20 2 1 19 17 6 12 13 7 18 11 
student 285: 16 3 11 7 19 2 12 8 13 20 4 5 18 15 1 14 10 6 9 17 
student 286: 18 1 16 17 9 5 2 4 14 15 3 7 19 8 11 20 10 12 6 13 
student 287: 1 4 17 6 18 16 9 7 11 19 3 8 14 12 5 15 2 10 13 20 
student 288: 7 13 15 9 16 6 1 3 8 19 2 10 17 11 5 20 12 14 4 18 
student 289: 10 1 12 3 20 14 6 9 19 17 2 8 7 15 5 16 11 4 13 18 
student 290: 13 4 11 14 18 8 5 3 10 16 6 2 20 19 1 12 9 7 17 15 
student 291: 9 13 12 10 18 1 2 3 15 14 8 5 17 16 4 19 6 20 11 7 
student 292: 9 2 11 17 13 6 10 3 16 18 4 5 19 20 1 15 14 12 8 7 
student 293: 19 1 14 17 20 9 4 6 15 18 3 5 16 11 2 12 7 10 8 13 
student 294: 16 17 11 12 20 10 7 4 9 13 1 6 14 18 2 19 8 5 15 3 
student 295: 12 1 16 9 18 19 5 10 13 17 4 8 20 14 2 15 11 6 7 3 
student 296: 3 4 12 10 19 6 8 11 13 20 1 5 18 17 2 15 7 9 14 16 
student 297: 10 3 16 12 15 9 5 4 17 20 7 1 18 14 2 19 8 6 13 11 
student 298: 8 3 18 9 14 7 4 2 17 20 1 10 19 6 5 12 11 13 15 16 
student 299: 9 2 12 8 19 5 13 14 11 15 4 3 20 17 6 7 16 18 1 10 
student 300: 11 10 20 9 6 12 1 4 14 17 2 19 15 18 8 16 3 7 5 13 
student 301: 10 3 9 11 13 8 1 5 18 20 2 6 19 14 4 17 15 7 12 16 
student 302: 10 2 12 11 20 9 3 15 14 17 1 4 6 19 5 16 13 8 18 7 
student 303: 2 4 17 15 10 7 5 6 11 20 1 3 14 19 8 18 16 12 9 13 
student 304: 11 8 10 4 18 17 3 7 15 16 1 5 14 19 2 20 9 6 12 13 
student 305: 17 3 12 2 18 8 9 5 14 16 1 7 19 15 4 20 6 10 13 11 
student 306: 20 7 14 3 11 2 9 10 12 18 13 6 17 15 5 19 4 1 16 8 
student 307: 11 12 17 9 18 13 10 5 16 19 2 4 20 3 1 14 7 8 6 15 
student 308: 10 3 16 8 19 2 5 9 15 18 1 12 20 17 6 14 4 11 7 13 
student 309: 18 2 10 17 13 12 9 3 11 16 1 4 20 15 5 14 7 6 8 19 
student 310: 12 3 16 9 18 2 5 1 17 14 8 7 20 13 4 10 15 11 6 19 
student 311: 12 5 15 7 18 6 1 3 19 17 4 2 20 8 16 14 10 9 11 13 
student 312: 19 11 10 2 20 4 1 5 18 14 8 3 17 15 6 16 9 7 12 13 
student 313: 14 8 15 3 16 5 2 9 10 19 1 7 17 18 4 20 11 13 6 12 
student 314: 7 10 8 19 13 1 5 4 11 20 3 6 17 16 2 18 12 14 15 9 
student 315: 11 5 15 7 19 6 1 2 14 20 17 10 13 18 4 12 3 9 8 16 
student 316: 13 3 6 10 18 8 2 5 7 19 4 9 17 12 1 14 11 15 20 16 
student 317: 13 1 5 2 15 10 3 9 14 19 6 7 20 18 4 17 8 12 11 16 
student 318: 2 3 8 13 20 12 6 5 7 19 1 4 16 18 10 11 9 14 15 17 
student 319: 2 8 15 14 13 3 9 6 11 18 1 4 12 20 5 19 10 17 7 16 
student 320: 6 9 20 13 18 3 19 8 10 14 2 1 16 15 4 11 17 5 7 12 
student 321: 9 2 15 13 17 14 4 6 16 19 7 1 12 18 8 20 3 10 5 11 
student 322: 3 6 8 5 9 12 4 7 15 20 11 2 17 13 1 16 10 18 14 19 
student 323: 14 5 11 8 19 6 12 7 10 18 2 9 20 17 3 16 13 4 1 15 
student 324: 2 4 18 3 17 5 8 6 16 20 7 1 19 11 10 12 13 9 14 15 
student 325: 8 6 14 4 16 5 12 2 7 17 3 1 19 13 9 20 18 15 11 10 
student 326: 16 12 18 15 11 14 2 3 7 13 4 5 19 17 1 8 10 9 6 20 
student 327: 7 6 16 5 10 9 3 11 4 17 12 1 20 15 8 18 2 19 13 14 
student 328: 17 6 11 15 18 7 5 13 16 10 4 9 19 14 1 20 3 12 8 2 
student 329: 12 2 5 7 20 4 6 11 15 19 16 9 13 14 1 17 3 10 8 18 
student 330: 12 4 5 18 17 10 11 2 19 20 1 13 16 15 3 14 7 6 8 9 
student 331: 14 3 12 11 19 2 6 7 13 20 9 5 16 15 1 17 18 8 4 10 
student 332: 19 6 20 12 16 5 17 9 13 15 4 2 14 18 1 3 7 8 10 11 
student 333: 8 2 11 3 13 9 18 10 15 14 4 5 19 12 1 17 7 16 6 20 
student 334: 17 8 11 10 16 3 2 13 19 20 4 6 15 18 1 14 9 5 7 12 
student 335: 7 5 4 8 20 3 15 2 13 19 6 1 16 17 14 18 10 9 11 12 
student 336: 14 6 12 4 18 1 9 7 10 19 8 11 20 13 3 15 2 17 16 5 
student 337: 15 1 8 4 16 10 12 6 18 19 3 7 9 20 2 17 11 14 13 5 
student 338: 17 2 8 11 18 9 4 5 13 14 1 6 20 15 3 19 7 10 16 12 
student 339: 13 2 7 5 18 15 3 6 12 17 4 11 20 16 1 19 10 8 9 14 
student 340: 19 10 11 1 13 7 8 15 17 20 2 5 18 16 3 12 6 4 9 14 
student 341: 9 4 15 5 18 1 7 17 19 16 10 3 6 14 2 11 12 8 13 20 
student 342: 14 1 11 9 17 4 3 13 16 20 2 10 19 18 5 7 6 8 15 12 
student 343: 8 3 9 12 18 6 5 10 16 20 1 4 7 14 2 15 11 17 13 19 
student 344: 16 3 9 10 5 19 2 4 13 20 7 14 18 1 6 15 17 8 11 12 
student 345: 13 4 11 6 15 12 5 7 16 18 2 8 17 20 3 1 10 9 14 19 
student 346: 12 11 3 9 20 1 2 6 19 18 16 8 15 14 5 4 10 17 13 7 
student 347: 19 7 11 8 16 10 4 6 12 18 3 9 20 15 1 17 5 2 13 14 
student 348: 19 5 20 3 12 7 9 11 8 18 1 4 16 13 2 15 6 10 14 17 
student 349: 18 4 12 9 13 7 1 3 14 20 15 10 19 8 2 16 6 5 11 17 
student 350: 16 4 17 14 19 5 8 6 13 20 1 2 15 9 12 18 10 3 7 11 
student 351: 14 10 11 6 17 7 1 5 15 20 12 4 18 19 2 16 9 3 8 13 
student 352: 6 4 11 18 19 8 3 7 14 15 5 2 20 10 1 16 12 9 13 17 
student 353: 11 6 8 12 18 16 7 4 20 17 1 3 13 19 5 15 14 2 10 9 
student 354: 17 6 7 12 15 11 5 10 18 20 1 4 19 14 2 16 13 8 3 9 
student 355: 18 6 15 10 19 7 5 11 8 17 4 13 20 16 3 9 14 1 12 2 
student 356: 15 5 14 9 10 6 7 8 16 18 4 1 12 19 2 11 17 3 13 20 
student 357: 11 9 10 8 17 1 4 6 16 20 3 7 19 13 2 14 5 18 12 15 
student 358: 12 2 10 14 15 11 9 5 20 18 6 1 16 7 4 17 3 13 8 19 
student 359: 4 6 12 10 17 1 2 8 11 19 5 3 18 16 9 20 13 14 7 15 
student 360: 16 10 13 15 18 9 1 7 4 20 2 3 11 17 6 19 8 5 14 12 
student 361: 12 3 18 8 19 2 10 11 9 6 1 5 17 20 4 15 13 7 16 14 
student 362: 12 1 8 6 18 5 3 15 17 14 7 16 20 19 2 11 13 4 9 10 
student 363: 16 4 11 1 18 6 17 8 19 15 2 3 20 14 9 12 7 10 13 5 
student 364: 17 2 11 7 19 10 9 6 1 20 3 5 12 18 4 16 13 15 14 8 
student 365: 16 3 12 5 20 15 14 13 19 8 1 4 6 17 2 18 10 7 11 9 
student 366: 12 6 9 4 17 8 1 5 14 20 15 2 18 16 3 19 10 7 11 13 
student 367: 9 3 16 2 13 1 10 7 20 17 6 5 19 12 4 15 8 18 11 14 
student 368: 12 1 15 10 16 7 5 3 11 20 4 9 19 13 2 18 17 8 6 14 
student 369: 2 1 14 15 11 4 8 6 19 9 3 5 16 18 17 20 7 13 10 12 
student 370: 10 1 13 2 16 6 4 7 20 17 9 5 14 11 3 18 15 12 8 19 
student 371: 8 7 13 12 20 6 5 4 16 19 1 2 11 18 3 15 17 14 10 9 
student 372: 11 2 17 8 12 5 6 16 13 15 1 7 20 14 3 18 19 4 10 9 
student 373: 1 9 19 8 6 4 16 13 15 18 2 10 17 14 3 20 5 12 7 11 
student 374: 17 1 6 13 16 18 4 14 11 19 12 9 7 15 8 20 3 5 2 10 
student 375: 11 5 12 9 20 10 3 2 18 19 1 14 17 15 4 6 7 8 13 16 
student 376: 14 11 4 13 15 12 8 9 6 20 2 7 17 16 3 18 5 1 19 10 
student 377: 13 4 5 9 18 7 8 6 16 20 10 1 19 14 3 17 12 2 11 15 
student 378: 10 3 14 13 19 8 1 9 12 16 2 4 15 20 6 18 11 5 17 7 
student 379: 14 3 15 8 18 10 4 12 17 20 1 6 19 9 2 5 7 13 11 16 
student 380: 13 2 12 9 17 7 10 6 11 20 4 5 18 16 3 19 14 8 1 15 
student 381: 14 10 11 2 16 12 3 9 17 15 1 7 20 8 6 19 18 5 4 13 
student 382: 14 4 10 1 20 11 6 7 13 17 5 2 15 18 3 19 8 9 12 16 
student 383: 15 10 16 9 19 1 4 6 8 14 5 7 20 13 2 18 12 3 11 17 
student 384: 12 2 20 14 11 5 3 9 15 18 4 7 17 13 1 16 10 19 6 8 
student 385: 12 2 8 11 14 3 13 5 18 16 4 7 20 15 1 19 10 9 6 17 
student 386: 13 11 2 8 18 14 4 1 16 19 5 7 20 12 3 17 9 6 10 15 
student 387: 8 10 14 1 20 4 3 13 12 18 5 2 16 15 7 17 9 6 11 19 
student 388: 4 5 13 12 17 11 9 6 16 20 1 8 19 18 2 15 7 3 14 10 
student 389: 12 1 11 14 17 8 3 10 6 15 2 4 20 18 9 16 5 7 19 13 
student 390: 8 1 15 6 17 13 7 9 19 11 3 2 18 20 4 14 12 5 10 16 
student 391: 8 5 14 18 20 12 6 7 17 19 1 2 16 15 11 10 9 3 4 13 
student 392: 15 2 8 9 18 4 5 3 10 17 7 12 20 16 1 11 13 6 14 19 
student 393: 11 3 14 10 15 1 9 4 17 18 8 5 19 16 12 20 6 7 2 13 
student 394: 11 4 9 6 15 12 7 2 17 20 14 1 16 18 3 19 13 5 8 10 
student 395: 6 13 9 2 18 3 8 17 16 19 1 12 15 14 4 20 5 7 10 11 
student 396: 5 1 18 9 19 10 7 12 6 15 2 3 20 17 4 14 13 8 11 16 
student 397: 11 6 14 8 15 2 5 4 13 18 3 1 20 17 9 19 16 7 10 12 
student 398: 18 1 13 12 19 9 2 7 11 20 6 3 15 16 4 17 8 5 10 14 
student 399: 13 3 11 8 17 12 10 4 16 18 9 6 15 5 1 2 19 7 14 20 
student 400: 10 3 14 8 20 5 6 12 15 18 2 9 19 17 1 16 4 7 11 13 
student 401: 8 1 12 17 20 5 2 6 13 19 11 3 10 18 4 16 9 7 14 15 
student 402: 8 3 5 17 18 6 13 9 15 16 4 2 20 19 1 14 10 7 11 12 
student 403: 14 1 11 10 16 4 2 13 12 20 6 3 19 18 9 15 7 5 8 17 
student 404: 14 2 7 20 17 11 4 6 16 10 9 5 8 19 1 18 3 15 12 13 
student 405: 10 2 19 3 7 5 11 15 12 20 1 6 13 17 4 18 14 8 9 16 
student 406: 8 7 9 15 18 11 6 5 19 17 12 2 14 13 4 20 10 1 16 3 
student 407: 10 5 6 9 14 12 3 16 2 17 4 8 15 18 1 20 11 7 13 19 
student 408: 8 4 14 10 18 6 16 13 19 15 1 5 11 12 2 17 3 9 7 20 
student 409: 16 2 8 11 15 9 6 5 14 20 1 12 19 17 3 13 7 4 10 18 
student 410: 17 6 10 9 15 13 8 5 18 20 4 2 12 16 1 7 14 3 19 11 
student 411: 16 1 17 10 14 2 5 7 12 20 6 4 19 13 3 18 9 8 15 11 
student 412: 16 11 2 13 8 1 5 6 18 19 4 15 14 17 12 20 9 3 10 7 
student 413: 8 1 10 7 18 14 6 9 20 19 4 5 17 13 2 16 11 12 3 15 
student 414: 17 7 14 11 16 8 6 5 18 9 1 2 19 20 4 12 13 10 15 3 
student 415: 10 3 14 15 13 9 4 8 11 17 1 5 19 20 2 18 7 6 12 16 
student 416: 13 5 20 4 17 16 1 15 12 10 7 2 18 19 3 14 9 8 11 6 
student 417: 18 4 7 11 20 3 13 6 10 14 8 12 17 15 2 19 1 5 9 16 
student 418: 14 2 9 7 17 12 3 5 19 18 4 8 20 15 1 16 13 6 10 11 
student 419: 9 4 14 11 15 1 10 6 12 20 3 7 18 16 2 19 5 8 13 17 
student 420: 6 4 15 5 20 19 9 7 17 18 1 3 10 13 2 16 8 14 12 11 
student 421: 9 3 11 10 15 14 12 8 13 16 1 6 18 17 5 20 2 7 4 19 
student 422: 11 8 14 15 16 1 2 5 7 19 4 3 17 12 6 20 9 18 10 13 
student 423: 14 3 9 16 17 10 7 2 12 13 8 5 18 15 1 20 6 11 19 4 
student 424: 5 12 6 8 18 16 9 2 14 19 4 7 11 3 1 20 13 17 10 15 
student 425: 9 10 11 4 20 18 2 5 12 19 6 3 17 15 7 8 16 1 14 13 
student 426: 16 19 14 11 10 4 1 3 15 13 8 2 20 17 6 12 18 7 9 5 
student 427: 20 2 10 17 16 6 1 5 15 12 8 4 11 18 7 14 3 13 19 9 
student 428: 16 15 8 6 17 5 4 11 20 18 3 19 7 14 1 9 2 10 12 13 
student 429: 13 3 14 8 17 11 2 4 5 19 9 7 20 15 1 16 12 6 10 18 
student 430: 7 6 13 14 11 9 5 4 16 15 3 1 18 17 2 20 19 8 12 10 
student 431: 16 3 17 14 8 7 10 9 15 13 2 4 20 18 1 11 12 6 5 19 
student 432: 13 5 12 11 15 3 7 10 18 16 1 6 20 4 2 19 8 14 9 17 
student 433: 17 1 16 10 18 9 6 3 5 20 8 2 19 15 7 11 4 14 12 13 
student 434: 11 5 12 19 13 1 4 2 18 8 7 10 17 14 3 15 6 9 16 20 
student 435: 11 2 15 12 18 3 6 13 8 17 5 10 20 14 4 19 7 1 9 16 
student 436: 7 4 17 10 20 6 3 11 8 18 1 5 14 12 2 19 15 9 13 16 
student 437: 6 5 19 3 12 11 1 7 20 14 18 4 17 13 2 10 16 9 8 15 
student 438: 11 1 9 10 17 3 6 5 13 18 2 7 19 12 4 20 8 15 14 16 
student 439: 10 2 18 5 16 4 7 8 15 20 3 1 19 11 6 17 12 9 13 14 
student 440: 13 1 8 11 17 5 6 14 16 12 4 2 20 19 3 18 15 7 9 10 
student 441: 14 8 15 12 20 5 1 2 16 11 4 7 17 9 3 18 6 10 13 19 
student 442: 12 8 6 11 18 2 4 14 9 19 1 3 20 17 13 16 7 5 10 15 
student 443: 10 5 9 4 16 3 2 11 12 20 8 15 13 17 1 18 6 7 14 19 
student 444: 13 6 16 9 18 3 11 10 5 20 7 12 17 19 1 15 4 2 8 14 
student 445: 16 1 14 15 20 6 5 9 11 19 2 3 13 17 4 12 10 7 8 18 
student 446: 8 13 10 5 16 2 9 1 11 20 4 6 19 15 3 18 7 14 12 17 
student 447: 8 7 15 16 20 3 17 2 11 13 4 5 18 14 1 19 6 10 12 9 
student 448: 14 3 16 13 19 6 1 8 17 18 12 4 20 10 2 5 15 9 11 7 
student 449: 9 6 5 16 17 12 14 1 20 18 4 3 13 11 2 19 7 15 8 10 
student 450: 13 4 10 15 8 3 14 11 20 16 1 9 18 17 2 19 7 12 6 5 
student 451: 11 3 14 10 19 15 4 12 7 20 6 1 16 18 2 17 5 8 9 13 
student 452: 10 9 13 7 19 11 4 8 18 20 3 1 17 16 2 15 14 6 5 12 
student 453: 10 1 12 8 13 9 4 7 14 19 3 6 16 18 2 15 17 11 5 20 
student 454: 12 7 13 10 18 9 3 8 19 20 4 6 15 17 1 16 2 5 14 11 
student 455: 7 2 11 17 20 9 18 8 14 16 6 3 15 13 1 19 12 5 10 4 
student 456: 16 8 7 9 13 10 3 4 19 18 5 2 17 12 1 20 15 14 6 11 
student 457: 10 11 8 9 20 2 1 6 14 19 5 4 16 15 3 18 12 7 17 13 
student 458: 14 11 15 13 10 7 12 2 17 19 5 1 9 18 4 20 6 3 8 16 
student 459: 2 4 6 8 14 16 5 3 19 20 1 10 18 15 9 17 11 7 13 12 
student 460: 14 6 17 16 10 1 11 3 18 20 19 4 13 9 2 8 15 5 7 12 
student 461: 11 2 19 9 16 4 14 6 15 18 13 5 8 20 1 17 12 3 7 10 
student 462: 17 1 11 4 15 5 7 18 16 19 8 3 12 6 2 14 20 9 10 13 
student 463: 10 12 7 9 17 13 6 5 11 8 2 15 19 18 1 14 20 4 16 3 
student 464: 10 3 15 2 19 14 4 7 12 18 5 13 20 9 1 16 11 8 6 17 
student 465: 12 3 8 6 5 9 1 7 16 19 4 2 17 10 11 15 13 20 18 14 
student 466: 11 12 7 9 13 8 4 1 14 19 6 3 18 20 5 17 2 10 16 15 
student 467: 19 6 15 9 17 5 2 7 12 13 4 1 18 14 3 20 10 8 11 16 
student 468: 16 1 12 11 18 6 4 8 7 14 5 3 20 19 2 17 15 9 10 13 
student 469: 11 13 19 2 20 6 12 10 17 16 5 3 14 7 4 8 1 9 15 18 
student 470: 15 4 9 5 12 7 6 2 17 16 14 11 18 19 1 10 13 3 8 20 
student 471: 11 14 13 10 20 19 2 9 12 17 3 6 16 5 1 18 4 7 8 15 
student 472: 15 2 10 17 14 3 6 12 13 20 1 9 19 4 5 18 7 11 16 8 
student 473: 16 2 9 17 18 3 4 7 11 15 1 8 20 14 5 19 10 6 12 13 
student 474: 12 4 15 11 16 7 1 3 19 18 8 2 10 17 6 14 5 13 20 9 
student 475: 1 6 9 12 18 11 2 5 14 20 7 10 19 17 4 16 15 8 13 3 
student 476: 8 1 12 11 15 3 2 9 16 17 7 4 18 19 5 20 14 6 10 13 
student 477: 15 4 8 14 20 9 2 1 10 12 6 5 19 16 3 18 13 17 11 7 
student 478: 4 3 16 17 15 5 2 12 14 18 9 1 11 19 6 20 13 10 8 7 
student 479: 16 4 19 7 18 10 5 6 8 15 2 1 20 12 3 17 9 13 11 14 
student 480: 8 4 12 11 20 17 9 7 16 19 3 1 15 13 2 10 14 5 6 18 
student 481: 7 4 13 12 18 3 5 11 9 16 1 10 20 19 2 17 6 14 15 8 
student 482: 15 1 14 11 19 10 3 6 13 20 5 7 16 12 2 17 9 4 8 18 
student 483: 13 1 7 4 19 6 11 12 3 15 10 2 20 14 5 18 9 16 17 8 
student 484: 11 6 13 14 20 5 1 9 15 19 4 7 18 16 2 10 12 8 3 17 
student 485: 15 5 20 13 19 7 4 8 9 16 2 6 12 18 1 3 14 10 11 17 
student 486: 14 6 15 9 20 8 1 7 17 12 5 3 18 16 2 19 11 10 4 13 
student 487: 17 12 14 2 20 3 6 1 19 4 15 11 18 10 5 16 9 13 8 7 
student 488: 5 1 18 8 14 2 4 7 17 16 12 3 10 13 6 20 15 11 19 9 
student 489: 6 15 18 5 14 2 3 11 17 13 1 7 20 19 4 10 12 8 16 9 
student 490: 5 19 12 4 10 1 6 7 16 20 3 9 18 14 2 17 11 13 8 15 
student 491: 10 7 3 15 18 5 2 9 17 16 6 8 13 11 4 14 1 12 20 19 
student 492: 13 4 12 5 19 6 10 7 14 20 1 2 18 15 3 17 9 11 8 16 
student 493: 8 3 18 10 16 7 6 4 13 19 2 12 20 17 1 14 11 5 9 15 
student 494: 16 2 17 7 14 18 4 8 15 3 6 5 20 9 1 10 13 11 12 19 
student 495: 13 7 18 14 1 11 10 9 4 8 5 6 17 15 3 20 16 12 2 19 
student 496: 19 7 15 6 17 12 3 8 10 20 2 4 18 9 1 16 5 13 14 11 
student 497: 18 4 13 3 12 11 7 8 16 19 1 6 17 15 2 5 10 14 9 20 
student 498: 12 1 11 19 9 10 7 3 20 17 6 2 15 8 4 13 5 16 14 18 
student 499: 14 3 11 9 18 7 6 4 10 19 8 1 20 17 2 16 12 13 15 5 
student 500: 19 5 9 7 12 8 2 11 13 20 3 1 14 6 10 16 18 4 17 15 
student 501: 12 6 10 16 14 7 3 4 13 15 5 9 20 18 1 19 8 2 11 17 
student 502: 14 5 18 13 20 16 4 6 19 15 3 2 9 17 1 8 10 7 11 12 
student 503: 9 3 16 11 8 6 10 5 12 18 1 4 20 13 14 17 7 2 15 19 
student 504: 14 2 17 12 16 6 4 7 13 20 3 5 11 15 1 18 10 9 8 19 
student 505: 16 3 18 5 19 6 2 4 14 13 1 7 20 17 12 10 11 9 15 8 
student 506: 14 1 6 9 20 3 4 7 12 18 10 11 15 17 2 13 8 5 16 19 
student 507: 17 4 11 14 19 12 10 15 8 20 3 13 7 6 1 9 18 2 16 5 
student 508: 14 6 13 7 16 2 5 11 9 20 12 1 18 10 3 19 15 17 4 8 
student 509: 9 5 11 8 19 4 2 3 16 20 1 17 18 14 15 10 6 7 13 12 
student 510: 11 2 19 10 9 14 3 6 13 20 1 5 18 12 17 8 4 7 15 16 
student 511: 6 5 7 12 14 8 2 11 4 18 3 10 17 16 1 15 20 19 9 13 
student 512: 15 5 17 7 11 14 2 1 18 20 4 6 19 12 3 13 8 10 9 16 
student 513: 16 4 7 10 17 3 15 8 12 19 5 1 18 13 2 20 14 6 9 11 
student 514: 15 3 2 9 16 18 7 8 11 19 1 13 20 4 6 10 12 5 14 17 
student 515: 16 2 15 9 19 14 6 1 12 20 5 4 13 17 3 18 10 7 8 11 
student 516: 9 1 17 12 15 6 2 11 16 20 3 5 19 13 4 18 7 8 14 10 
student 517: 7 8 4 6 11 18 2 17 15 16 1 9 12 19 3 20 10 5 13 14 
student 518: 10 2 13 11 16 7 5 9 17 20 1 6 12 15 3 19 4 8 18 14 
student 519: 8 4 7 6 19 14 1 11 12 17 3 2 13 20 18 15 9 5 10 16 
student 520: 14 1 9 7 20 17 2 8 10 19 12 3 18 13 5 15 4 6 11 16 
student 521: 6 16 9 3 19 12 2 18 13 17 5 10 8 14 1 20 7 4 11 15 
student 522: 11 4 14 9 15 3 13 2 8 20 7 5 19 17 1 16 6 10 18 12 
student 523: 15 8 9 10 16 7 6 4 13 20 3 2 12 17 1 19 11 18 14 5 
student 524: 11 4 3 16 19 5 14 10 13 18 1 6 20 9 2 15 7 8 12 17 
student 525: 12 13 14 10 17 3 11 5 16 19 8 2 15 20 1 18 6 9 4 7 
student 526: 6 4 20 14 11 8 15 1 10 13 2 3 19 18 5 16 7 9 12 17 
student 527: 12 2 15 7 20 3 1 5 9 16 8 4 19 18 13 14 11 6 10 17 
student 528: 7 16 12 11 17 5 9 4 13 19 2 3 20 14 1 18 6 8 15 10 
student 529: 14 5 13 6 18 12 1 7 15 20 11 10 17 16 4 2 19 3 8 9 
student 530: 5 1 15 4 14 6 10 2 18 20 17 11 16 19 3 8 9 7 12 13 
student 531: 14 5 9 8 18 3 4 11 12 19 1 10 15 16 2 20 13 6 17 7 
student 532: 13 3 18 12 16 6 2 5 20 15 1 9 19 11 7 17 10 8 14 4 
student 533: 12 3 6 5 18 11 4 9 10 20 2 7 17 19 1 14 16 8 13 15 
student 534: 9 2 11 8 17 14 4 1 16 20 3 5 19 15 6 18 10 7 12 13 
student 535: 9 2 16 8 15 10 3 5 6 17 7 4 18 19 1 20 11 14 12 13 
student 536: 15 7 13 11 18 10 4 12 14 16 2 9 19 20 3 17 8 1 6 5 
student 537: 14 2 15 16 11 7 20 6 19 12 4 3 18 9 1 17 13 5 10 8 
student 538: 12 4 9 3 20 8 5 6 17 10 1 15 19 14 2 18 11 13 7 16 
student 539: 12 1 5 18 19 11 10 2 9 16 15 6 17 7 4 20 8 3 14 13 
student 540: 12 2 17 6 20 4 10 1 7 15 9 5 19 13 3 18 16 8 14 11 
student 541: 17 10 6 3 19 5 4 8 7 18 1 12 20 11 2 16 14 15 13 9 
student 542: 17 3 6 2 18 1 4 5 16 20 10 8 11 13 14 19 9 12 7 15 
student 543: 11 2 16 8 19 10 7 3 9 20 4 5 17 14 1 15 12 6 18 13 
student 544: 14 1 20 7 6 18 5 4 15 12 9 3 19 16 2 17 11 10 13 8 
student 545: 17 5 10 13 19 1 3 11 20 18 4 6 14 15 7 12 8 2 16 9 
student 546: 11 7 18 6 17 5 3 10 13 20 2 4 15 12 1 16 14 9 8 19 
student 547: 16 2 17 6 18 12 1 7 19 14 3 8 15 10 4 20 9 13 11 5 
student 548: 8 9 6 2 12 4 10 13 14 20 5 3 18 17 1 16 7 19 11 15 
student 549: 17 4 18 3 16 8 1 13 9 12 7 2 20 10 5 15 19 6 14 11 
student 550: 11 2 19 10 20 3 1 7 12 18 8 5 17 16 4 15 6 9 14 13 
student 551: 3 6 14 1 16 15 5 9 11 19 4 13 10 2 7 17 8 12 18 20 
student 552: 13 4 19 5 15 11 8 3 12 20 1 6 16 17 2 9 18 10 14 7 
student 553: 8 10 17 16 18 2 11 1 15 9 7 3 20 14 6 19 13 5 4 12 
student 554: 16 3 19 10 17 14 2 4 13 18 5 6 20 15 1 8 12 7 11 9 
student 555: 6 9 13 4 19 14 15 3 11 5 2 7 20 17 8 18 1 10 16 12 
student 556: 10 1 12 14 20 6 3 7 17 19 4 8 18 9 2 15 16 5 11 13 
student 557: 9 5 13 6 16 12 2 10 11 20 7 3 19 14 1 17 4 15 8 18 
student 558: 14 2 17 3 16 9 8 7 19 15 5 4 11 20 1 13 6 12 10 18 
student 559: 14 1 19 8 13 12 9 4 10 20 3 11 18 16 2 17 5 7 6 15 
student 560: 9 6 18 3 16 13 5 8 14 20 1 10 17 12 2 19 15 11 4 7 
student 561: 5 12 14 6 19 2 3 4 8 20 1 10 15 17 7 16 11 9 13 18 
student 562: 12 5 18 11 13 15 4 7 17 20 2 8 19 10 1 14 6 3 9 16 
student 563: 7 4 18 11 17 3 6 9 19 14 1 5 16 12 2 20 8 10 13 15 
student 564: 12 3 16 14 15 8 5 10 7 20 2 6 19 18 1 11 13 9 17 4 
student 565: 18 4 9 5 17 8 6 7 13 16 3 2 11 19 20 14 15 1 12 10 
student 566: 7 2 10 6 13 15 12 4 8 18 1 5 17 16 3 19 14 9 11 20 
student 567: 2 6 18 7 19 9 3 5 11 10 14 1 17 13 4 20 15 8 12 16 
student 568: 18 1 9 11 17 6 5 3 14 20 4 2 19 16 7 15 12 10 13 8 
student 569: 15 1 20 5 13 6 2 9 14 19 4 7 17 11 3 18 16 12 8 10 
student 570: 15 3 11 5 14 1 4 16 18 20 2 8 17 7 12 13 6 10 9 19 
student 571: 15 6 11 18 16 7 4 5 8 12 10 13 19 20 1 17 9 3 14 2 
student 572: 11 7 13 8 17 1 4 5 16 19 6 2 20 9 12 15 18 14 10 3 
student 573: 10 1 16 6 15 9 13 8 19 20 3 2 18 17 5 12 11 4 7 14 
student 574: 7 8 11 9 17 4 2 5 13 15 3 12 14 16 1 19 10 6 18 20 
student 575: 18 2 11 8 13 6 4 7 12 20 3 1 17 16 5 15 9 14 10 19 
student 576: 7 4 15 13 10 9 6 11 14 20 2 3 12 18 1 19 17 5 8 16 
student 577: 10 4 11 9 17 8 6 7 16 3 2 5 19 14 1 18 15 20 13 12 
student 578: 14 7 11 4 20 10 6 2 19 8 5 12 17 16 3 18 1 9 13 15 
student 579: 6 1 10 5 15 3 2 4 12 19 8 17 20 11 7 13 18 9 14 16 
student 580: 8 3 15 5 9 16 2 13 18 20 1 6 19 14 4 17 12 10 7 11 
student 581: 12 2 14 3 17 6 16 5 18 20 9 4 15 10 1 19 8 7 11 13 
student 582: 8 6 13 1 17 5 3 11 9 18 4 2 20 12 7 14 16 10 19 15 
student 583: 17 9 7 15 19 11 1 10 13 16 2 5 12 20 4 8 6 14 3 18 
student 584: 16 3 12 7 19 9 1 8 15 20 2 5 17 13 6 18 4 11 14 10 
student 585: 8 5 13 19 20 10 1 4 6 15 2 3 14 9 16 18 11 7 12 17 
student 586: 15 4 17 9 19 3 2 5 16 20 7 1 18 14 6 10 11 8 13 12 
student 587: 13 3 20 8 15 12 4 2 17 19 1 5 10 9 6 18 11 7 16 14 
student 588: 16 2 6 13 15 8 3 9 19 20 1 5 14 11 7 18 12 4 10 17 
student 589: 5 3 19 7 18 13 6 2 12 20 4 1 15 11 8 17 9 16 10 14 
student 590: 18 3 10 14 17 6 11 2 9 19 1 5 15 13 4 16 12 7 8 20 
student 591: 17 1 13 16 14 4 9 2 11 18 5 7 20 12 3 19 8 6 10 15 
student 592: 9 4 15 10 14 11 1 8 17 16 5 2 19 20 3 18 6 12 13 7 
student 593: 9 2 20 6 18 4 10 7 16 19 8 11 17 3 1 15 13 14 5 12 
student 594: 12 1 16 11 18 7 3 4 15 20 2 10 19 13 5 17 14 6 9 8 
student 595: 13 2 15 3 20 1 8 9 16 14 6 4 19 18 7 17 11 5 10 12 
student 596: 13 3 7 8 18 5 6 15 19 20 4 10 16 9 2 14 1 11 17 12 
student 597: 9 4 14 10 16 6 1 11 17 20 13 7 19 12 2 18 8 5 3 15 
student 598: 11 6 16 14 18 12 1 10 15 19 13 5 20 9 2 17 3 8 4 7 
student 599: 19 6 10 7 14 5 3 11 13 20 1 2 16 17 4 18 9 8 12 15 
student 600: 16 3 19 18 12 6 8 4 17 20 1 2 13 10 14 9 11 5 15 7 
student 601: 19 2 12 6 4 8 5 11 10 20 7 3 17 18 1 9 14 15 16 13 
student 602: 19 8 11 7 20 17 13 5 10 14 3 1 18 12 2 15 9 4 16 6 
student 603: 7 11 12 14 18 6 1 2 10 20 4 5 16 13 3 19 8 9 15 17 
student 604: 8 2 13 14 20 7 3 9 16 19 11 4 18 10 1 17 15 5 6 12 
student 605: 15 3 16 13 20 5 10 7 14 17 2 4 19 11 1 12 8 6 18 9 
student 606: 9 1 13 16 14 10 5 11 8 20 4 7 17 18 2 15 12 19 6 3 
student 607: 12 1 14 7 18 4 6 8 19 17 9 5 20 13 2 16 11 3 10 15 
student 608: 16 2 3 10 19 7 1 15 8 17 6 4 20 14 5 18 11 9 12 13 
student 609: 15 4 14 10 19 12 3 7 11 20 1 5 16 18 6 17 2 8 9 13 
student 610: 4 2 15 6 16 3 14 9 7 20 1 18 17 10 13 11 5 8 19 12 
student 611: 7 2 16 12 5 14 1 13 6 19 4 9 11 10 8 18 17 3 20 15 
student 612: 17 1 4 7 20 6 9 8 13 19 3 5 15 12 2 10 11 18 14 16 
student 613: 18 2 14 11 15 3 6 8 7 16 4 12 20 10 1 19 5 9 17 13 
student 614: 8 3 12 11 14 4 7 9 13 18 1 2 20 19 5 17 15 10 6 16 
student 615: 17 4 13 11 12 9 6 8 18 19 3 5 16 15 1 14 20 2 7 10 
student 616: 16 6 13 11 15 8 1 17 3 19 2 7 12 18 4 14 5 9 10 20 
student 617: 13 3 14 12 20 8 4 1 16 19 5 6 18 15 2 17 7 11 9 10 
student 618: 7 4 11 1 20 10 5 3 8 18 6 14 13 9 2 19 15 12 16 17 
student 619: 16 3 2 1 17 10 6 9 19 15 4 14 20 13 5 18 7 8 12 11 
student 620: 16 12 20 11 15 17 4 8 5 14 2 6 18 9 1 19 13 7 3 10 
student 621: 6 1 3 4 17 7 10 11 12 19 8 9 20 13 5 16 15 2 18 14 
student 622: 17 1 14 8 18 13 4 6 11 19 10 3 20 9 2 16 5 7 12 15 
student 623: 16 9 5 3 13 6 11 1 20 19 2 4 17 12 10 15 8 7 14 18 
student 624: 18 2 8 12 19 7 1 6 9 20 4 5 16 11 3 15 17 10 13 14 
student 625: 2 4 13 6 18 12 3 8 16 11 1 10 20 17 5 19 9 7 14 15 
student 626: 14 2 15 9 18 6 7 5 11 19 1 4 12 13 8 20 3 10 17 16 
student 627: 15 3 12 13 20 11 6 5 10 9 1 2 19 18 4 17 16 8 14 7 
student 628: 7 4 5 6 19 9 3 10 13 20 8 2 14 18 1 15 17 11 12 16 
student 629: 11 3 9 12 18 6 4 2 14 19 1 7 20 17 10 16 13 15 5 8 
student 630: 8 1 13 4 17 10 12 11 7 15 3 6 20 16 2 18 9 5 14 19 
student 631: 9 4 17 11 15 7 10 6 13 18 2 1 14 12 3 20 5 19 8 16 
student 632: 14 1 8 15 11 3 2 12 17 19 6 10 18 4 9 16 5 13 20 7 
student 633: 12 3 18 10 17 13 11 7 2 20 14 5 19 15 4 16 8 1 6 9 
student 634: 12 3 18 4 11 15 1 7 16 20 2 6 17 19 10 5 13 8 9 14 
student 635: 7 1 8 10 14 16 11 17 15 18 9 13 20 19 2 4 6 3 12 5 
student 636: 13 1 5 16 19 11 10 7 15 20 2 6 12 8 3 9 17 18 4 14 
student 637: 12 5 16 14 10 7 8 6 17 20 2 4 19 18 1 11 3 13 15 9 
student 638: 12 10 11 13 15 7 4 1 20 19 2 9 18 16 6 17 8 3 14 5 
student 639: 17 9 2 14 16 8 7 12 11 18 6 3 19 15 4 20 1 5 10 13 
student 640: 1 6 15 10 19 9 2 3 14 13 7 5 20 11 4 18 12 8 17 16 
student 641: 11 2 16 8 9 5 4 7 13 20 1 6 17 18 3 19 14 10 12 15 
student 642: 16 8 13 7 19 14 2 11 10 20 3 5 1 12 4 17 15 6 9 18 
student 643: 11 1 13 10 12 7 8 2 14 16 3 4 19 20 6 18 9 5 15 17 
student 644: 18 11 19 4 17 12 2 15 7 16 8 1 13 20 3 14 6 5 10 9 
student 645: 15 8 11 10 17 6 1 2 18 20 9 5 13 16 3 19 4 12 7 14 
student 646: 12 6 9 5 17 3 13 15 20 19 8 1 18 14 2 10 7 11 4 16 
student 647: 12 7 13 8 20 1 10 4 18 19 2 3 17 15 6 9 11 5 16 14 
student 648: 3 7 11 15 17 6 12 5 8 20 2 1 16 18 4 13 10 9 19 14 
student 649: 13 6 15 9 14 4 2 1 17 19 16 11 20 3 5 18 8 12 10 7 
student 650: 16 2 9 11 18 13 3 5 15 20 1 4 19 17 10 6 12 7 14 8 
student 651: 19 7 3 10 17 8 9 2 5 15 6 1 18 11 4 16 12 13 14 20 
student 652: 17 3 16 12 15 5 1 2 18 19 8 7 13 20 4 9 10 6 14 11 
student 653: 10 2 12 7 19 5 6 3 18 16 9 1 20 17 4 11 14 8 13 15 
student 654: 6 5 15 9 18 1 8 10 14 12 3 7 20 16 2 19 13 4 11 17 
student 655: 15 4 18 11 17 10 6 5 14 20 1 8 19 7 2 9 3 12 16 13 
student 656: 10 3 15 1 20 5 8 11 14 19 2 9 18 12 6 7 16 13 4 17 
student 657: 8 3 16 5 15 11 6 9 17 18 1 4 19 20 2 12 7 10 14 13 
student 658: 14 6 20 13 15 9 5 8 10 19 4 2 18 12 1 17 11 3 7 16 
student 659: 5 11 15 12 20 4 9 1 14 18 2 19 17 10 3 16 8 6 7 13 
student 660: 11 3 14 15 12 8 10 20 18 16 7 6 19 13 1 17 2 5 4 9 
student 661: 11 7 12 6 15 10 3 2 17 19 1 16 14 18 5 13 9 4 8 20 
student 662: 13 1 15 10 11 7 2 6 18 20 3 8 12 9 5 19 4 14 16 17 
student 663: 7 3 13 8 16 5 1 12 17 18 6 4 10 20 2 15 14 11 19 9 
student 664: 18 1 2 5 12 10 6 14 7 13 3 9 17 20 8 11 15 4 16 19 
student 665: 12 13 11 7 16 10 3 8 5 20 1 2 18 19 6 14 17 4 9 15 
student 666: 17 3 19 4 18 6 10 12 16 20 1 8 15 13 2 14 11 5 9 7 
student 667: 13 5 11 6 8 16 9 4 19 20 1 10 17 7 3 18 12 14 2 15 
student 668: 15 3 8 7 18 5 10 6 12 17 2 4 16 14 1 13 20 9 19 11 
student 669: 9 16 18 12 10 4 2 11 8 20 3 6 17 15 1 19 7 5 13 14 
student 670: 19 3 10 8 13 5 7 11 17 18 1 4 16 14 2 15 6 20 9 12 
student 671: 11 3 18 8 15 1 7 5 9 19 2 6 17 20 4 16 10 12 13 14 
student 672: 13 1 11 6 14 4 7 8 19 12 2 3 18 17 5 15 9 20 10 16 
student 673: 15 3 11 6 12 13 2 5 20 17 1 4 18 19 7 10 14 8 9 16 
student 674: 5 3 16 4 19 15 2 9 7 17 1 14 20 13 6 11 10 8 18 12 
student 675: 13 2 1 6 18 5 3 4 10 20 7 11 17 15 12 19 14 16 9 8 
student 676: 12 1 14 9 20 8 7 5 16 19 11 6 17 10 3 18 13 4 2 15 
student 677: 12 3 6 5 17 19 13 1 18 11 2 7 20 10 4 15 9 8 14 16 
student 678: 13 7 10 2 15 8 3 4 18 20 6 1 19 9 5 16 11 14 17 12 
student 679: 10 2 12 7 20 4 9 5 16 19 1 11 14 17 3 18 8 6 15 13 
student 680: 9 15 8 12 16 4 5 1 20 18 11 7 17 14 2 19 6 10 3 13 
student 681: 15 2 17 7 16 5 6 11 10 20 3 4 18 12 1 14 19 9 8 13 
student 682: 7 8 12 11 9 1 4 5 18 13 6 2 19 20 3 16 10 14 15 17 
student 683: 8 4 17 7 18 13 3 5 6 16 2 11 20 19 10 15 9 1 14 12 
student 684: 7 5 11 9 19 4 1 13 17 20 3 2 12 18 6 8 16 15 14 10 
student 685: 7 2 16 15 19 12 3 10 11 20 1 5 18 13 4 14 9 6 8 17 
student 686: 16 7 14 11 13 9 1 6 17 12 2 4 19 20 3 18 5 10 8 15 
student 687: 12 7 10 8 9 3 5 4 13 14 2 20 19 16 1 17 11 15 18 6 
student 688: 17 19 9 7 20 2 5 10 11 18 1 12 16 14 3 15 4 6 8 13 
student 689: 15 5 12 13 19 11 2 6 14 20 4 8 16 17 1 18 9 7 10 3 
student 690: 13 2 14 5 17 7 10 6 11 19 1 4 18 16 3 15 8 9 12 20 
student 691: 13 9 17 10 18 11 6 4 16 19 3 1 15 7 2 20 14 8 5 12 
student 692: 4 3 9 14 13 2 10 7 12 20 8 15 18 17 1 19 5 6 16 11 
student 693: 5 14 18 8 19 15 4 7 10 20 2 3 13 11 6 16 9 1 12 17 
student 694: 15 5 11 6 18 10 2 17 12 16 3 1 20 9 4 13 8 7 14 19 
student 695: 14 5 18 11 20 3 1 12 15 17 2 7 19 10 6 16 13 9 4 8 
student 696: 14 6 7 15 18 2 4 10 13 20 3 5 11 17 1 12 8 9 16 19 
student 697: 9 2 13 10 17 5 3 11 16 20 7 1 12 18 4 15 19 8 6 14 
student 698: 18 14 11 10 16 1 17 4 20 15 2 8 9 19 5 13 6 7 12 3 
student 699: 12 9 14 6 17 2 3 7 20 15 1 13 19 5 4 10 18 16 11 8 
student 700: 12 7 13 6 15 5 1 11 14 17 3 4 20 16 2 18 8 9 10 19 
student 701: 7 5 12 17 19 10 8 6 15 13 2 3 18 9 1 16 11 20 4 14 
student 702: 5 6 18 4 20 8 1 11 16 7 3 12 19 17 10 2 14 13 15 9 
student 703: 18 5 13 10 14 9 6 8 19 15 1 3 20 12 4 17 16 2 11 7 
student 704: 16 3 17 6 19 11 1 8 5 20 9 7 14 18 2 10 13 4 15 12 
student 705: 11 5 18 9 14 10 1 8 16 19 3 7 15 17 4 20 6 12 2 13 
student 706: 9 4 10 3 17 11 1 2 12 20 7 5 16 19 6 15 8 13 18 14 
student 707: 5 10 13 6 15 2 8 4 16 20 1 3 18 14 9 19 7 11 17 12 
student 708: 11 7 14 19 10 5 1 9 18 17 2 15 20 12 3 4 13 8 16 6 
student 709: 8 5 15 7 11 4 6 13 10 19 2 3 20 18 1 12 9 14 16 17 
student 710: 10 1 16 12 19 9 2 3 7 20 4 8 17 14 6 15 5 11 13 18 
student 711: 11 1 15 2 14 16 3 8 9 19 7 5 17 10 4 18 13 12 6 20 
student 712: 15 1 11 2 20 4 10 8 17 18 9 7 12 14 3 16 5 6 13 19 
student 713: 14 2 16 5 19 3 6 12 20 9 13 1 17 18 4 10 7 8 11 15 
student 714: 14 8 7 15 1 6 13 19 12 16 4 5 9 18 3 20 10 11 2 17 
student 715: 4 10 16 9 17 7 8 6 15 20 3 1 19 12 5 18 11 2 14 13 
student 716: 14 7 20 5 17 2 4 6 8 18 3 1 16 19 12 15 10 9 11 13 
student 717: 17 7 19 9 14 5 1 8 13 16 3 4 12 15 2 18 10 6 11 20 
student 718: 11 3 18 10 20 2 4 8 15 19 6 1 16 17 5 12 13 7 9 14 
student 719: 12 5 16 14 18 2 3 10 13 20 4 6 15 17 1 19 9 7 8 11 
student 720: 6 2 14 12 20 3 1 16 7 19 10 9 18 15 5 13 4 8 11 17 
student 721: 19 3 12 10 15 7 4 5 18 20 6 8 17 2 1 14 9 13 16 11 
student 722: 13 5 11 10 15 7 3 9 16 19 1 8 20 12 4 18 6 2 17 14 
student 723: 12 11 8 9 20 2 4 10 14 19 3 5 18 15 1 17 13 6 16 7 
student 724: 7 2 9 16 19 1 6 8 17 20 10 3 12 18 4 15 11 13 5 14 
student 725: 9 12 6 5 15 10 1 4 16 18 2 13 20 17 3 19 8 7 11 14 
student 726: 10 4 20 14 17 7 2 5 16 18 1 6 12 13 3 19 15 8 9 11 
student 727: 5 2 14 9 19 6 3 4 18 20 1 7 15 11 8 12 10 13 17 16 
student 728: 7 2 13 12 15 6 8 3 14 20 4 5 19 16 1 17 9 10 11 18 
student 729: 10 1 12 9 16 2 4 8 15 20 5 6 19 17 3 14 7 11 13 18 
student 730: 10 12 16 7 15 8 2 1 19 20 6 4 9 14 3 18 11 5 17 13 
student 731: 17 1 11 13 20 10 9 8 14 16 3 2 18 19 4 15 7 5 6 12 
student 732: 12 6 14 10 15 5 2 8 13 20 3 4 19 16 1 18 11 7 9 17 
student 733: 16 5 3 7 20 1 6 10 11 13 8 2 17 18 4 12 14 9 15 19 
student 734: 16 7 11 13 18 2 4 5 14 17 1 3 19 15 6 20 8 10 12 9 
student 735: 13 5 9 4 17 1 8 6 19 16 3 12 18 20 2 15 10 7 11 14 
student 736: 12 6 19 11 9 8 14 4 15 18 17 3 20 5 10 13 7 16 2 1 
student 737: 16 12 17 7 9 2 13 4 18 11 8 1 15 19 5 20 3 6 10 14 
student 738: 7 8 14 10 19 4 2 5 17 20 1 6 12 15 3 16 13 9 18 11 
student 739: 7 13 12 16 14 6 5 4 19 15 1 2 18 10 3 17 11 9 20 8 
student 740: 20 3 10 9 13 5 7 2 6 19 1 14 17 16 4 12 15 11 8 18 
student 741: 7 3 13 6 18 11 4 8 15 20 2 5 17 16 1 19 14 12 9 10 
student 742: 7 2 12 10 17 8 4 13 3 18 15 1 19 9 5 11 16 6 14 20 
student 743: 9 6 7 5 18 11 3 2 14 20 12 4 19 15 1 17 16 8 13 10 
student 744: 6 1 11 8 16 17 10 5 14 20 2 4 19 12 3 18 9 7 13 15 
student 745: 11 3 16 9 20 6 4 8 10 19 1 2 18 15 7 17 12 14 13 5 
student 746: 12 3 11 8 17 5 7 6 13 20 4 10 15 19 9 18 14 2 1 16 
student 747: 2 3 8 9 13 17 6 10 20 19 12 5 16 18 4 14 1 7 11 15 
student 748: 12 9 13 4 16 11 1 3 18 17 7 2 8 20 6 15 5 14 10 19 
student 749: 20 15 7 6 16 9 8 10 13 18 4 1 14 19 2 11 3 5 12 17 
student 750: 15 6 12 8 14 2 11 1 4 20 16 3 19 13 10 17 18 5 9 7 
student 751: 6 8 14 10 16 9 7 18 15 20 2 3 19 12 1 11 5 13 4 17 
student 752: 14 3 20 4 18 5 13 8 16 17 7 2 15 9 1 19 11 6 12 10 
student 753: 10 5 18 8 14 15 6 1 13 20 2 3 17 16 4 19 7 12 11 9 
student 754: 14 8 10 7 4 6 5 12 11 20 1 15 16 18 2 19 9 3 13 17 
student 755: 14 1 4 12 15 6 7 5 13 20 8 2 17 10 3 19 11 9 18 16 
student 756: 14 8 12 18 13 7 9 6 11 20 2 1 16 19 4 17 10 3 5 15 
student 757: 15 2 14 11 19 7 6 12 10 20 4 9 8 18 1 3 13 5 16 17 
student 758: 10 1 11 7 19 4 6 16 18 14 3 8 5 20 2 12 15 13 9 17 
student 759: 12 5 15 6 20 10 1 7 14 16 4 3 18 13 8 17 11 2 9 19 
student 760: 8 9 15 1 16 3 5 10 18 19 4 6 17 13 2 20 12 11 14 7 
student 761: 6 2 11 14 20 4 3 12 9 13 1 8 15 16 5 17 18 7 10 19 
student 762: 12 2 19 8 10 4 6 7 11 20 3 1 14 16 5 13 17 18 9 15 
student 763: 11 1 5 17 16 3 6 4 20 18 2 9 19 14 7 15 10 8 13 12 
student 764: 10 4 7 3 20 15 5 6 12 16 14 8 17 18 1 19 2 11 9 13 
student 765: 13 4 12 7 17 20 2 15 5 18 6 3 19 10 1 14 9 11 8 16 
student 766: 11 2 15 10 19 9 4 8 17 7 3 6 20 18 1 14 5 13 16 12 
student 767: 9 10 11 8 17 5 1 6 19 18 4 3 20 16 2 15 7 14 13 12 
student 768: 11 13 12 7 18 9 2 8 16 20 4 5 17 19 1 15 3 6 10 14 
student 769: 7 6 9 20 19 12 3 11 16 17 4 13 5 14 1 18 10 15 2 8 
student 770: 8 14 15 10 9 17 5 6 12 20 1 2 19 18 4 16 7 3 11 13 
student 771: 14 3 6 7 19 9 8 1 12 18 5 20 16 15 2 13 10 11 4 17 
student 772: 14 1 15 11 4 9 3 2 7 12 6 8 20 17 5 19 18 13 10 16 
student 773: 15 7 12 6 20 5 4 9 18 19 1 2 16 10 3 13 17 8 11 14 
student 774: 8 3 16 10 18 11 1 6 13 9 4 15 14 19 5 17 2 7 12 20 
student 775: 14 3 11 7 12 4 10 9 15 18 1 8 17 20 2 16 5 13 6 19 
student 776: 15 5 4 12 14 1 9 7 6 20 2 8 18 16 13 19 17 3 10 11 
student 777: 13 2 16 7 20 11 6 3 8 9 10 4 18 17 1 19 15 5 12 14 
student 778: 6 8 14 12 18 11 5 9 16 20 1 10 19 15 2 3 17 4 13 7 
student 779: 11 10 14 8 20 9 6 12 13 15 5 4 19 17 2 18 3 7 16 1 
student 780: 14 5 9 13 18 12 2 8 11 16 3 6 20 15 1 17 4 7 10 19 
student 781: 11 10 15 7 17 5 4 3 16 19 1 8 18 14 2 20 6 9 12 13 
student 782: 14 3 15 5 12 8 7 6 16 20 4 10 19 17 1 18 11 2 9 13 
student 783: 15 2 11 10 17 9 4 7 14 20 16 5 18 1 3 19 6 8 12 13 
student 784: 1 3 11 12 14 7 6 9 13 19 2 4 20 8 5 17 15 10 18 16 
student 785: 12 2 18 8 20 10 1 6 11 17 9 5 16 19 4 14 3 15 7 13 
student 786: 20 4 19 13 15 11 1 6 2 9 16 3 18 17 7 14 10 8 5 12 
student 787: 6 3 8 15 16 14 11 10 17 20 2 1 9 18 4 19 7 5 13 12 
student 788: 12 3 11 13 19 6 7 4 17 20 2 1 18 16 5 15 10 9 14 8 
student 789: 8 1 14 2 10 13 3 6 15 20 5 18 11 16 4 17 7 12 19 9 
student 790: 9 1 12 7 18 8 4 2 14 20 6 5 19 17 3 16 10 15 11 13 
student 791: 13 10 18 3 9 17 12 5 20 14 2 16 8 7 1 15 6 4 11 19 
student 792: 13 1 10 9 7 11 4 6 17 15 3 2 20 14 5 18 8 19 12 16 
student 793: 16 2 15 9 19 5 4 6 14 17 10 3 20 12 1 7 11 8 18 13 
student 794: 19 3 5 11 20 6 18 8 12 10 2 4 16 17 1 15 13 9 14 7 
student 795: 19 7 14 11 17 2 4 6 18 13 3 5 15 12 1 20 8 10 9 16 
student 796: 13 2 16 5 14 10 8 6 17 12 3 4 18 19 1 20 7 9 15 11 
student 797: 14 6 15 10 17 12 11 4 7 18 3 2 16 19 1 13 9 5 8 20 
student 798: 13 4 10 11 15 1 5 9 19 17 2 6 18 20 3 16 7 8 12 14 
student 799: 9 11 7 17 16 6 2 3 19 20 5 8 18 12 1 14 10 4 15 13 
