student 0: 14 10 7 15 8 9 13 4 3 5 20 18 11 2 16 12 17 6 19 1 
student 1: 10 12 2 9 11 20 14 6 4 5 16 13 15 3 19 8 17 1 18 7 
student 2: 16 13 4 18 3 6 11 14 5 15 17 19 7 9 12 1 20 10 2 8 
student 3: 14 12 4 8 19 15 13 10 1 6 16 20 3 5 18 7 17 2 9 11 
student 4: 11 9 1 7 5 18 12 10 3 17 19 14 15 6 13 2 20 4 16 8 
student 5: 16 14 5 4 13 17 10 6 8 18 20 15 7 2 9 1 19 3 11 12 
student 6: 16 9 6 15 3 17 11 5 4 14 18 19 7 8 13 2 20 1 12 10 
student 7: 19 8 5 15 10 18 13 3 9 1 20 14 12 7 11 4 17 2 16 6 
student 8: 20 7 2 9 14 11 13 6 16 4 18 19 3 8 10 1 15 5 12 17 
student 9: 17 6 2 16 13 19 10 4 3 9 18 15 11 12 20 1 14 5 8 7 
student 10: 12 1 7 9 15 18 2 8 16 17 6 14 10 4 20 13 19 5 11 3 
student 11: 10 17 1 18 6 13 12 3 7 19 16 15 9 2 11 5 14 4 20 8 
student 12: 17 11 5 7 12 16 3 14 10 15 19 18 4 9 8 1 20 2 13 6 
student 13: 19 8 1 15 6 20 13 11 2 16 18 12 3 4 14 7 9 10 17 5 
student 14: 15 12 4 9 14 17 6 10 5 16 20 18 7 2 19 1 11 3 13 8 
student 15: 9 10 5 12 8 19 2 6 4 15 16 11 17 3 13 14 20 7 18 1 
student 16: 10 14 4 8 19 12 9 7 1 11 16 15 13 5 18 2 20 3 17 6 
student 17: 11 6 1 14 20 15 7 4 8 18 17 16 12 10 13 3 19 2 9 5 
student 18: 17 8 5 14 4 9 11 10 7 12 20 13 18 3 19 6 16 1 15 2 
student 19: 14 15 3 10 18 11 7 13 2 17 4 20 5 6 16 9 19 8 12 1 
student 20: 15 13 2 16 17 14 5 3 7 6 18 20 8 10 12 1 11 4 19 9 
student 21: 19 14 3 17 8 18 16 10 6 13 15 11 1 4 9 5 12 2 7 20 
student 22: 10 5 1 7 17 20 14 3 8 13 15 16 18 9 19 2 12 4 11 6 
student 23: 10 15 12 4 14 18 9 3 1 7 19 16 13 8 17 2 20 5 11 6 
student 24: 5 1 6 12 14 3 4 15 11 17 20 18 2 8 16 9 10 13 19 7 
student 25: 15 5 6 17 16 7 13 11 4 8 19 18 3 9 20 1 14 2 12 10 
student 26: 12 11 4 13 15 18 16 9 8 7 19 3 5 10 17 1 20 2 14 6 
student 27: 14 12 3 5 6 17 4 11 7 13 10 20 2 19 16 8 15 1 18 9 
student 28: 12 11 9 14 17 18 6 7 2 13 16 1 10 4 19 5 20 15 8 3 
student 29: 20 12 1 15 11 6 10 8 3 16 18 17 7 5 14 9 19 2 13 4 
student 30: 17 6 7 13 14 12 8 11 5 9 15 16 3 4 20 1 10 2 18 19 
student 31: 16 13 12 10 20 4 9 7 5 15 1 18 8 6 17 3 19 2 14 11 
student 32: 16 17 6 8 7 15 12 10 5 18 14 20 3 2 13 9 19 4 11 1 
student 33: 17 10 4 18 6 16 9 13 14 8 20 19 1 7 12 3 15 2 11 5 
student 34: 18 9 4 19 20 8 2 11 1 14 17 16 10 3 7 5 15 6 13 12 
student 35: 13 5 2 8 11 19 12 17 3 7 20 18 4 14 10 6 16 1 9 15 
student 36: 17 5 1 9 18 10 15 12 6 8 20 19 3 11 14 4 13 2 16 7 
student 37: 9 18 7 16 14 20 6 5 4 12 15 19 8 10 13 3 11 1 17 2 
student 38: 11 5 3 13 10 19 9 6 8 12 17 14 2 4 15 7 20 1 16 18 
student 39: 19 15 8 9 6 17 16 12 2 11 20 13 3 4 5 1 10 7 18 14 
student 40: 20 8 4 5 17 14 3 6 10 16 12 19 11 18 13 1 15 2 7 9 
student 41: 14 11 3 12 15 4 8 2 1 10 19 13 7 5 17 6 20 9 18 16 
student 42: 6 10 7 13 12 19 8 4 2 11 20 14 1 15 18 9 16 3 17 5 
student 43: 20 15 1 13 3 18 9 7 4 12 19 17 6 8 14 2 16 10 11 5 
student 44: 12 7 17 8 18 16 6 19 4 9 11 14 2 13 15 1 20 3 10 5 
student 45: 18 10 4 12 13 17 1 5 2 9 15 20 14 6 19 11 8 3 16 7 
student 46: 16 7 5 19 9 18 6 15 17 8 12 13 4 11 14 3 20 1 10 2 
student 47: 20 7 5 19 3 15 10 8 6 11 18 13 16 2 12 1 9 4 14 17 
student 48: 18 4 3 20 16 13 15 8 1 10 17 14 11 5 12 6 19 2 9 7 
student 49: 20 8 3 11 16 10 7 5 2 12 14 19 1 4 18 9 15 17 13 6 
student 50: 16 13 3 10 15 17 2 8 6 19 20 18 12 4 11 1 9 5 14 7 
student 51: 9 19 2 7 17 20 10 16 6 13 14 4 11 3 15 5 8 1 18 12 
student 52: 17 10 2 9 13 14 19 4 1 12 15 16 6 3 18 8 20 5 11 7 
student 53: 18 14 10 4 13 17 12 11 3 6 20 16 2 5 15 9 19 1 8 7 
student 54: 13 9 4 10 6 17 1 8 11 15 20 19 12 7 14 2 18 3 16 5 
student 55: 15 7 11 4 10 19 8 14 12 18 17 16 1 2 13 5 20 6 9 3 
student 56: 15 12 1 10 13 14 9 11 8 6 16 19 5 7 17 2 20 3 4 18 
student 57: 17 16 8 15 5 20 12 2 4 11 13 10 3 9 19 1 18 6 14 7 
student 58: 8 7 2 9 10 17 11 6 5 15 20 18 1 4 12 3 14 19 13 16 
student 59: 15 8 5 10 12 20 7 6 11 2 18 19 4 13 17 3 16 1 14 9 
student 60: 14 13 2 11 10 18 12 5 6 8 20 19 4 7 17 1 16 3 15 9 
student 61: 17 11 2 6 13 18 8 3 14 10 20 16 5 1 12 7 19 9 15 4 
student 62: 12 13 6 11 18 20 10 2 9 16 19 14 8 1 15 4 17 3 5 7 
student 63: 7 5 8 14 4 20 11 2 3 17 9 18 15 12 13 6 19 1 16 10 
student 64: 11 1 5 10 9 20 14 13 7 15 19 12 8 3 18 6 16 2 17 4 
student 65: 10 9 12 13 14 18 5 4 3 11 16 20 8 17 19 1 7 2 15 6 
student 66: 12 4 2 13 18 17 9 5 7 11 19 15 8 1 16 6 20 10 14 3 
student 67: 17 3 1 15 14 16 7 6 5 13 20 18 11 12 9 4 19 8 10 2 
student 68: 8 12 2 16 7 19 11 3 6 15 20 18 9 1 17 13 14 4 5 10 
student 69: 18 14 3 9 11 10 12 6 15 19 17 16 2 7 13 4 20 1 8 5 
student 70: 17 7 4 8 15 16 5 11 13 12 20 14 1 9 18 2 19 3 10 6 
student 71: 12 11 5 14 16 18 6 3 7 10 20 15 4 9 13 1 17 2 19 8 
student 72: 12 9 14 6 11 18 7 13 1 8 15 20 5 10 17 2 19 3 16 4 
student 73: 12 10 1 14 6 15 9 18 5 7 20 19 3 11 16 4 17 2 8 13 
student 74: 10 16 1 11 3 17 5 2 15 7 18 19 4 9 12 6 20 8 13 14 
student 75: 12 8 5 20 16 19 2 10 11 9 18 17 6 4 14 3 15 7 13 1 
student 76: 17 19 3 18 11 16 6 5 2 14 15 12 4 9 20 1 13 8 10 7 
student 77: 10 8 4 18 9 16 7 5 3 12 20 17 11 6 19 2 13 1 15 14 
student 78: 20 10 2 8 16 12 9 13 3 4 15 11 7 6 19 1 17 5 18 14 
student 79: 19 14 2 5 20 10 13 15 6 12 17 18 8 1 16 3 9 4 11 7 
student 80: 20 8 6 16 14 18 9 11 2 15 13 17 7 3 12 1 19 5 10 4 
student 81: 16 6 10 14 17 18 9 5 8 12 20 13 15 4 7 2 19 3 11 1 
student 82: 15 8 3 12 20 17 9 7 4 13 18 11 6 1 14 2 19 5 10 16 
student 83: 15 7 6 8 12 16 10 4 3 17 13 11 9 5 14 1 18 2 20 19 
student 84: 12 17 3 15 14 19 7 2 4 8 18 11 5 10 16 1 20 6 13 9 
student 85: 15 10 1 16 14 17 12 5 6 9 20 7 11 3 18 2 19 4 13 8 
student 86: 16 12 3 7 18 17 11 10 14 4 20 15 5 6 9 1 19 2 13 8 
student 87: 12 9 3 11 17 15 8 13 7 6 20 14 5 2 18 4 19 10 16 1 
student 88: 10 14 6 9 11 16 13 12 4 19 20 7 3 1 17 2 18 5 15 8 
student 89: 9 5 17 13 15 19 11 8 3 18 20 14 6 7 10 4 16 2 1 12 
student 90: 20 8 3 12 14 18 7 9 4 11 19 15 1 5 16 2 17 6 13 10 
student 91: 13 7 4 5 14 19 11 8 3 12 20 18 10 9 17 2 16 1 15 6 
student 92: 7 6 2 12 20 15 8 4 3 13 19 9 5 11 18 10 14 1 16 17 
student 93: 19 18 9 8 17 15 11 3 10 12 16 4 6 7 20 5 14 1 13 2 
student 94: 18 13 3 17 1 7 4 16 6 9 20 5 8 12 11 2 19 10 15 14 
student 95: 11 6 2 7 16 19 10 8 3 13 18 15 4 12 14 17 20 1 9 5 
student 96: 17 11 7 4 19 13 15 10 2 18 3 16 6 8 14 1 20 5 12 9 
student 97: 18 13 2 9 17 20 8 10 1 12 19 15 4 7 16 3 14 6 5 11 
student 98: 4 15 13 14 10 20 7 6 1 5 16 17 11 3 18 8 19 2 12 9 
student 99: 20 7 5 10 14 18 6 12 1 3 19 17 8 11 15 13 16 2 9 4 
student 100: 13 10 4 18 12 20 16 9 7 15 19 17 1 6 11 2 14 3 8 5 
student 101: 14 17 6 4 13 16 7 11 10 8 18 19 3 9 15 1 20 5 12 2 
student 102: 12 16 6 13 17 19 2 8 5 4 18 14 9 1 15 3 20 10 11 7 
student 103: 13 5 18 12 16 20 10 6 4 8 19 11 9 7 14 1 17 2 15 3 
student 104: 20 14 4 5 11 16 15 7 1 6 19 17 10 2 18 8 13 3 12 9 
student 105: 14 6 7 17 18 19 8 4 9 12 13 20 3 1 16 5 15 2 11 10 
student 106: 20 16 7 12 6 9 13 5 2 17 19 11 4 8 15 1 18 3 14 10 
student 107: 8 4 6 18 2 9 13 10 1 16 20 17 11 7 14 3 19 5 15 12 
student 108: 18 14 5 7 16 17 8 10 4 12 20 15 2 3 9 1 19 11 13 6 
student 109: 13 12 5 9 14 17 10 8 2 6 18 19 7 11 16 1 20 4 15 3 
student 110: 11 4 1 12 13 16 5 15 2 8 19 20 10 3 18 7 14 9 17 6 
student 111: 18 4 1 8 17 20 10 12 3 7 16 14 9 6 19 5 11 2 15 13 
student 112: 14 6 8 10 17 9 13 15 3 16 19 18 2 5 12 1 20 4 11 7 
student 113: 11 4 8 15 14 9 13 5 7 1 20 18 12 2 17 3 19 6 16 10 
student 114: 13 4 9 20 14 16 7 10 6 11 17 19 8 3 15 1 18 5 12 2 
student 115: 11 8 5 6 16 19 12 4 10 15 20 13 2 7 17 3 18 1 14 9 
student 116: 20 19 1 16 11 6 3 10 13 18 17 7 9 2 15 8 14 12 5 4 
student 117: 4 9 7 12 17 16 10 11 2 14 18 19 6 8 13 3 15 1 20 5 
student 118: 18 8 1 19 3 20 17 5 7 6 15 16 2 13 11 9 12 4 10 14 
student 119: 12 10 5 15 13 20 8 7 2 14 18 19 6 4 11 1 16 3 17 9 
student 120: 11 17 5 10 12 19 15 9 4 18 14 20 1 6 8 3 16 2 13 7 
student 121: 16 10 7 14 11 12 4 1 13 6 20 15 5 3 9 2 17 8 18 19 
student 122: 17 7 12 9 19 16 11 6 5 2 20 10 15 3 14 1 18 4 13 8 
student 123: 16 14 3 12 10 15 8 13 2 5 18 19 6 9 20 1 17 4 7 11 
student 124: 5 2 1 17 9 19 8 12 10 14 15 18 11 6 16 3 20 7 13 4 
student 125: 12 3 9 14 20 17 2 6 11 8 15 4 5 10 16 7 18 1 19 13 
student 126: 18 9 4 2 8 16 15 19 10 12 13 7 11 3 20 6 17 1 14 5 
student 127: 4 3 2 18 16 19 15 9 7 12 13 11 8 5 20 6 17 1 10 14 
student 128: 13 5 4 14 12 20 10 9 6 11 18 17 2 8 19 1 15 3 16 7 
student 129: 19 3 7 12 18 20 15 2 9 13 14 17 1 6 11 5 16 4 8 10 
student 130: 19 9 3 15 4 20 8 13 5 11 18 12 17 6 10 1 16 7 14 2 
student 131: 15 2 7 14 18 20 11 12 4 5 9 16 8 3 17 10 6 1 19 13 
student 132: 13 18 4 9 17 15 10 2 3 6 20 14 7 12 16 1 19 5 11 8 
student 133: 6 10 2 12 19 15 17 3 4 14 8 18 13 5 20 7 9 1 16 11 
student 134: 16 11 3 14 15 17 13 7 8 12 19 18 10 9 6 4 20 1 5 2 
student 135: 9 16 10 8 11 19 12 3 6 13 17 18 15 5 14 7 20 1 4 2 
student 136: 16 11 1 9 15 18 13 7 4 14 17 19 2 5 10 3 20 8 12 6 
student 137: 13 14 1 10 15 18 5 7 2 17 20 19 3 9 6 4 12 16 11 8 
student 138: 17 11 7 12 19 15 8 9 4 20 18 13 10 14 6 3 16 5 2 1 
student 139: 19 12 3 1 9 14 11 10 4 15 17 13 2 7 16 8 20 5 18 6 
student 140: 9 15 1 7 19 14 3 18 5 4 16 17 8 6 12 11 20 2 13 10 
student 141: 15 8 3 14 11 19 12 2 1 10 20 18 4 6 17 13 16 7 9 5 
student 142: 15 17 9 10 12 16 4 2 1 11 18 13 3 19 20 5 14 6 7 8 
student 143: 15 8 3 11 16 19 10 4 1 7 18 13 14 9 6 17 20 2 12 5 
student 144: 16 6 8 14 19 20 9 11 3 7 18 17 5 4 13 2 15 1 12 10 
student 145: 14 7 4 10 13 18 3 5 1 12 19 16 15 2 11 8 20 9 17 6 
student 146: 15 2 6 17 10 5 11 13 7 9 14 18 8 4 16 19 12 3 20 1 
student 147: 15 9 7 17 5 20 14 10 8 4 19 11 13 12 6 1 16 3 18 2 
student 148: 13 6 5 17 19 18 9 10 15 7 20 14 4 1 11 2 12 3 8 16 
student 149: 18 17 11 15 10 6 9 4 1 20 13 16 2 5 14 3 19 8 12 7 
student 150: 9 15 6 7 5 12 10 18 2 3 14 17 16 4 13 11 19 1 20 8 
student 151: 19 13 2 7 3 14 5 10 16 9 20 4 8 11 18 6 17 1 12 15 
student 152: 15 17 1 12 9 13 7 6 5 8 18 11 3 10 20 4 19 2 16 14 
student 153: 14 8 3 9 16 12 15 7 4 11 19 18 6 1 10 2 20 17 13 5 
student 154: 19 7 5 2 18 16 9 11 8 13 17 12 15 6 10 4 20 3 14 1 
student 155: 19 9 1 11 20 14 7 17 6 3 13 15 2 8 10 16 18 4 12 5 
student 156: 12 16 10 13 8 9 11 6 1 5 20 18 2 7 14 3 19 4 15 17 
student 157: 16 5 10 8 11 17 12 15 2 9 14 19 6 1 20 3 18 7 4 13 
student 158: 14 5 6 9 11 19 8 3 4 10 18 20 1 7 17 2 15 13 12 16 
student 159: 14 8 9 15 5 19 12 11 3 4 17 20 6 7 16 1 18 2 13 10 
student 160: 12 9 8 15 17 20 6 7 5 10 19 16 3 4 14 2 13 1 11 18 
student 161: 11 9 4 19 8 17 13 12 6 2 18 15 10 3 20 5 14 1 7 16 
student 162: 17 7 4 10 13 16 14 8 6 9 19 18 12 3 15 2 20 5 11 1 
student 163: 13 10 2 5 6 16 4 11 9 14 20 15 3 7 17 8 19 1 12 18 
student 164: 13 10 1 14 12 16 2 5 7 11 19 15 8 6 20 4 18 3 17 9 
student 165: 4 3 1 15 9 14 12 13 8 7 18 20 10 17 19 5 16 6 11 2 
student 166: 12 6 7 3 11 18 10 8 5 9 17 19 14 4 20 1 16 2 15 13 
student 167: 20 15 6 8 17 18 10 12 2 13 16 9 7 3 11 1 19 4 14 5 
student 168: 14 4 8 13 11 15 5 10 7 9 16 19 2 6 18 1 20 3 17 12 
student 169: 19 4 2 14 16 18 7 11 3 12 20 5 6 8 15 10 13 1 17 9 
student 170: 11 18 10 5 20 17 15 9 2 12 16 3 4 8 6 1 19 7 14 13 
student 171: 14 11 4 18 12 20 5 1 2 9 16 7 10 8 17 3 19 6 15 13 
student 172: 15 7 1 12 10 19 11 9 2 17 20 16 3 5 13 8 18 4 14 6 
student 173: 15 13 6 9 11 20 8 4 14 19 12 16 3 1 17 5 18 7 10 2 
student 174: 12 16 1 2 4 18 20 6 13 15 14 10 5 8 17 3 19 7 9 11 
student 175: 19 8 2 9 6 17 13 10 7 4 16 15 3 12 14 1 20 18 11 5 
student 176: 5 6 9 11 17 14 4 10 1 8 20 18 3 12 13 2 19 7 16 15 
student 177: 20 9 2 17 15 19 7 6 13 8 16 12 4 5 14 1 18 3 10 11 
student 178: 11 12 2 14 17 18 8 9 3 10 16 20 6 7 15 5 19 1 13 4 
student 179: 18 11 3 12 5 19 8 2 14 9 20 13 7 1 16 4 15 6 10 17 
student 180: 11 10 2 9 16 20 8 14 4 19 18 7 17 12 13 3 15 1 6 5 
student 181: 13 5 4 11 14 20 10 1 8 15 18 12 7 3 17 6 19 2 16 9 
student 182: 8 7 12 17 16 10 9 4 11 13 20 14 5 6 19 2 18 1 15 3 
student 183: 11 9 3 16 15 20 14 6 1 13 19 4 5 8 17 7 18 2 12 10 
student 184: 20 13 1 7 11 15 8 17 2 5 19 18 6 4 9 12 16 3 10 14 
student 185: 14 10 4 13 17 18 6 8 3 11 20 16 5 9 15 7 19 2 1 12 
student 186: 18 9 6 15 7 10 12 3 11 14 20 19 8 13 16 5 1 2 17 4 
student 187: 20 4 1 16 10 17 12 15 3 6 18 19 7 5 11 2 13 14 9 8 
student 188: 9 12 2 15 10 16 8 13 5 11 18 19 7 6 20 4 14 3 17 1 
student 189: 16 8 14 13 17 9 12 3 4 7 20 19 2 1 18 10 15 5 11 6 
student 190: 14 7 4 8 11 20 16 9 1 13 19 18 15 5 17 6 12 2 10 3 
student 191: 16 15 4 7 13 19 9 6 5 10 20 11 8 12 17 1 14 3 18 2 
student 192: 15 5 1 12 14 18 3 13 9 10 19 17 4 7 16 6 20 2 11 8 
student 193: 18 9 7 14 17 20 13 1 5 10 19 15 3 6 12 2 11 8 16 4 
student 194: 19 11 1 13 18 12 5 16 6 15 17 8 4 10 14 3 20 2 9 7 
student 195: 19 11 7 16 10 20 12 4 5 13 15 17 1 3 18 2 14 6 8 9 
student 196: 20 15 5 14 13 19 8 17 3 10 18 12 2 11 9 4 16 6 7 1 
student 197: 17 12 8 9 6 15 18 5 10 7 13 11 16 3 14 2 20 4 19 1 
student 198: 11 10 7 14 17 20 5 8 6 12 18 16 1 3 15 2 19 4 9 13 
student 199: 15 6 1 17 9 20 18 13 3 7 16 12 2 4 10 5 19 11 14 8 
student 200: 18 2 7 13 14 17 12 3 5 10 19 15 6 9 16 1 20 4 11 8 
student 201: 18 1 4 11 17 20 10 7 8 14 19 15 6 2 16 3 9 5 13 12 
student 202: 14 6 3 11 9 20 15 10 13 7 19 18 8 5 17 1 16 2 12 4 
student 203: 17 8 2 20 9 15 7 5 4 11 19 18 3 16 13 1 14 6 10 12 
student 204: 16 13 5 6 9 17 12 4 1 3 19 15 8 14 11 2 20 10 18 7 
student 205: 16 18 2 20 11 12 15 6 7 8 13 14 9 3 17 5 19 1 10 4 
student 206: 4 9 7 11 14 18 16 5 6 13 20 17 3 8 19 1 12 2 15 10 
student 207: 16 7 11 10 13 19 6 8 1 14 17 20 4 12 18 2 15 5 9 3 
student 208: 8 11 2 17 12 16 15 7 6 4 20 19 10 9 14 1 18 5 13 3 
student 209: 3 12 5 15 14 13 11 10 9 4 20 17 1 7 16 6 18 2 19 8 
student 210: 17 7 4 14 6 19 12 5 10 9 18 8 13 15 20 1 11 2 16 3 
student 211: 4 5 9 19 14 20 2 13 1 16 12 7 3 10 6 15 17 8 18 11 
student 212: 13 15 1 20 11 19 10 5 6 12 18 16 3 4 17 2 14 7 9 8 
student 213: 16 6 1 10 8 17 15 7 3 2 20 11 19 5 12 4 18 9 13 14 
student 214: 14 3 8 13 20 19 5 17 4 11 15 16 9 2 12 1 18 10 6 7 
student 215: 17 11 7 14 9 19 12 2 4 13 20 15 8 6 10 5 18 3 16 1 
student 216: 19 7 4 14 9 12 8 11 1 10 20 18 6 5 16 3 17 13 2 15 
student 217: 12 14 15 10 9 20 6 11 4 16 19 18 8 3 7 2 17 5 13 1 
student 218: 15 12 6 9 13 18 7 17 5 8 16 14 10 11 20 1 19 4 2 3 
student 219: 19 14 9 13 8 17 2 12 7 20 15 11 4 6 16 1 10 5 18 3 
student 220: 8 10 12 6 11 16 13 5 4 7 19 20 9 3 17 1 14 2 18 15 
student 221: 3 15 4 18 7 16 17 1 5 13 20 11 8 14 10 6 19 2 12 9 
student 222: 9 2 7 14 17 13 10 4 8 12 20 18 11 15 3 5 19 1 6 16 
student 223: 13 11 4 10 19 18 20 8 3 2 15 16 1 9 17 6 14 5 12 7 
student 224: 17 10 3 8 4 19 11 7 5 13 20 16 9 2 15 1 14 6 18 12 
student 225: 11 8 12 3 18 19 7 14 4 9 10 20 6 2 16 1 17 5 15 13 
student 226: 14 17 1 9 12 18 4 19 8 6 16 20 2 3 15 7 13 5 11 10 
student 227: 7 5 8 16 13 19 12 2 10 6 11 17 3 18 15 4 20 9 14 1 
student 228: 19 11 2 9 10 15 5 4 20 16 18 13 7 6 14 3 17 1 12 8 
student 229: 11 3 2 8 16 18 9 6 4 14 20 17 13 7 15 5 19 1 12 10 
student 230: 20 16 11 14 15 8 12 7 5 10 18 6 2 4 17 1 19 3 13 9 
student 231: 14 16 3 7 10 15 12 5 4 13 19 18 6 2 9 8 20 1 17 11 
student 232: 20 10 3 13 12 14 5 4 7 15 19 16 6 9 17 1 18 2 11 8 
student 233: 14 2 1 7 10 18 9 8 3 5 17 11 4 12 20 6 16 19 15 13 
student 234: 16 3 10 9 19 14 8 13 5 1 20 17 6 11 12 2 18 4 15 7 
student 235: 19 3 10 11 13 18 16 8 4 5 20 15 12 6 14 2 17 1 9 7 
student 236: 16 7 5 11 17 15 20 8 13 9 18 19 3 12 10 4 14 2 6 1 
student 237: 15 18 2 9 14 19 7 10 6 12 16 13 1 8 20 3 17 4 11 5 
student 238: 17 9 8 11 15 3 4 6 13 20 14 18 5 2 10 12 19 1 16 7 
student 239: 14 10 5 15 11 20 3 6 17 12 18 16 7 2 13 1 19 4 8 9 
student 240: 11 10 6 7 16 19 15 5 8 12 20 18 2 9 17 1 14 4 13 3 
student 241: 11 6 8 15 17 16 12 13 4 7 19 20 9 2 18 1 10 3 14 5 
student 242: 7 14 6 15 20 19 11 3 8 12 16 18 4 9 17 2 13 1 10 5 
student 243: 13 11 7 17 14 12 8 10 3 4 15 20 9 6 18 1 19 2 5 16 
student 244: 19 13 3 9 14 12 11 7 5 2 17 16 6 15 18 4 20 1 10 8 
student 245: 16 10 9 18 13 20 8 7 4 6 19 17 3 2 11 5 15 1 12 14 
student 246: 16 7 5 11 15 19 3 8 4 12 13 18 6 9 17 1 20 10 2 14 
student 247: 17 12 6 20 19 10 7 13 9 2 16 18 5 4 11 1 15 3 8 14 
student 248: 14 6 4 12 16 15 10 9 8 5 19 11 1 13 20 2 18 3 17 7 
student 249: 17 3 8 11 15 13 4 9 1 5 20 14 6 7 18 16 19 2 12 10 
student 250: 15 12 5 6 10 20 1 11 13 9 19 16 7 8 18 2 17 3 14 4 
student 251: 13 15 4 20 10 14 11 2 5 17 7 19 12 18 16 3 8 1 9 6 
student 252: 14 3 7 13 18 10 9 12 2 17 20 19 4 6 8 1 16 11 5 15 
student 253: 16 10 8 11 19 17 3 12 2 9 20 14 15 5 13 7 18 4 6 1 
student 254: 17 3 5 6 15 16 14 7 2 12 18 19 9 10 13 1 20 4 11 8 
student 255: 5 9 6 13 14 17 4 8 1 11 18 19 7 15 3 2 20 12 16 10 
student 256: 13 5 10 7 17 18 9 6 2 12 20 16 1 11 14 4 8 3 19 15 
student 257: 17 13 1 18 14 15 3 6 8 10 19 16 5 11 12 7 20 2 9 4 
student 258: 8 19 1 3 11 20 9 5 6 12 10 13 4 7 18 17 16 2 14 15 
student 259: 16 7 1 14 10 9 15 8 2 12 17 20 4 11 18 6 19 3 5 13 
student 260: 17 8 3 10 16 14 5 7 9 11 13 18 4 12 19 1 20 2 15 6 
student 261: 5 4 15 14 9 16 13 3 7 10 20 11 6 1 18 2 17 8 19 12 
student 262: 14 1 4 16 9 20 13 8 6 10 19 18 5 12 15 2 17 7 11 3 
student 263: 16 10 8 7 13 18 11 3 5 14 20 19 9 6 17 4 12 2 15 1 
student 264: 3 11 2 10 15 18 9 13 4 8 20 19 7 16 17 1 12 6 14 5 
student 265: 14 12 5 6 16 17 11 9 1 20 19 15 4 10 3 2 18 7 13 8 
student 266: 18 6 2 12 10 3 11 5 7 8 17 14 1 13 20 9 19 15 16 4 
student 267: 19 4 5 8 12 15 11 3 6 10 20 17 2 14 16 1 18 9 13 7 
student 268: 19 8 1 4 14 18 13 9 7 6 15 17 10 3 16 5 20 2 11 12 
student 269: 14 11 12 18 17 19 4 7 9 13 16 20 1 2 15 6 5 10 8 3 
student 270: 19 9 3 14 10 20 7 13 2 1 18 17 5 12 15 6 16 4 11 8 
student 271: 15 13 11 5 9 12 2 16 6 7 19 18 8 1 17 3 20 4 14 10 
student 272: 18 7 5 13 9 20 10 1 2 11 17 12 8 6 19 3 16 4 14 15 
student 273: 5 9 4 12 14 16 6 1 17 10 19 13 7 8 18 2 20 3 15 11 
student 274: 13 18 3 11 1 14 19 8 9 4 15 17 6 7 20 5 16 2 12 10 
student 275: 10 9 11 17 5 14 12 15 4 13 16 20 7 2 18 3 8 1 19 6 
student 276: 8 16 3 1 15 17 14 10 6 5 20 19 7 9 13 2 18 4 12 11 
student 277: 18 14 6 13 7 16 11 4 1 15 12 19 2 8 17 5 20 3 10 9 
student 278: 13 8 17 7 11 6 12 19 3 4 20 18 9 5 16 1 15 2 14 10 
student 279: 19 10 6 14 12 17 5 11 16 8 20 9 3 4 13 1 15 2 18 7 
student 280: 16 6 7 10 12 20 3 9 4 11 13 15 8 14 18 5 19 2 17 1 
student 281: 15 9 5 12 16 17 11 4 6 10 20 14 2 7 18 8 19 1 13 3 
student 282: 10 2 3 15 19 16 13 11 5 12 17 18 8 6 9 4 20 1 14 7 
student 283: 6 12 18 15 13 20 9 2 5 8 17 14 7 4 16 3 19 1 10 11 
student 284: 15 2 8 18 16 13 9 12 3 11 14 19 1 5 17 4 20 6 10 7 
student 285: 13 10 11 6 8 17 3 12 2 4 9 19 20 16 15 5 18 1 14 7 
student 286: 8 11 2 12 13 18 9 15 4 17 20 16 5 7 14 3 19 1 10 6 
student 287: 20 9 1 7 13 15 11 10 2 12 18 17 6 8 16 4 19 5 14 3 
student 288: 14 1 6 5 10 20 13 11 2 16 18 17 4 7 19 3 15 9 8 12 
student 289: 17 18 3 15 14 16 13 11 4 12 20 19 6 5 9 1 10 2 7 8 
student 290: 18 9 3 5 16 10 11 13 4 14 19 15 7 1 8 2 20 6 17 12 
student 291: 18 12 1 17 16 20 14 2 10 13 19 11 6 8 15 4 7 3 9 5 
student 292: 16 12 6 11 13 20 7 9 18 10 19 15 1 4 8 2 17 3 14 5 
student 293: 12 10 3 11 19 17 5 4 9 6 13 14 18 2 16 7 15 1 20 8 
student 294: 11 2 4 8 16 18 17 6 1 12 19 20 5 13 14 3 15 9 7 10 
student 295: 18 2 6 10 17 14 12 4 5 16 19 11 7 13 8 1 20 9 15 3 
student 296: 18 5 6 16 13 15 19 12 9 14 17 11 1 4 10 2 20 8 7 3 
student 297: 12 15 3 16 11 13 10 7 4 9 19 14 5 6 17 2 20 1 18 8 
student 298: 11 2 13 12 5 14 7 6 17 10 15 16 4 3 19 1 18 8 9 20 
student 299: 3 14 5 20 12 17 13 8 4 16 18 15 7 9 6 1 19 11 2 10 
student 300: 10 7 1 9 14 20 6 2 4 18 19 12 5 11 15 8 16 3 13 17 
student 301: 20 7 6 9 16 17 2 18 5 13 11 15 10 14 12 1 19 4 8 3 
student 302: 19 15 6 18 4 17 11 13 8 12 20 10 7 3 14 1 16 5 9 2 
student 303: 11 16 2 8 12 14 10 15 3 18 20 17 9 4 19 1 13 5 6 7 
student 304: 15 4 3 13 9 20 10 8 16 17 18 12 2 6 14 5 19 1 11 7 
student 305: 19 6 7 14 15 13 10 1 8 11 20 16 12 9 18 3 17 2 5 4 
student 306: 8 5 3 12 14 19 11 15 1 13 18 16 7 9 17 4 20 2 6 10 
student 307: 13 12 5 9 18 16 8 10 1 11 19 20 3 6 15 2 17 4 14 7 
student 308: 13 8 4 12 14 19 5 20 3 11 15 1 18 10 17 2 16 7 9 6 
student 309: 16 14 4 9 2 18 5 10 3 8 17 20 7 11 19 6 12 1 15 13 
student 310: 18 14 2 7 16 10 8 11 4 19 17 13 9 12 6 5 20 1 15 3 
student 311: 8 5 14 16 18 19 3 4 2 12 17 20 11 6 15 7 13 9 10 1 
student 312: 8 13 7 15 20 10 9 11 14 2 18 16 4 6 19 1 17 3 12 5 
student 313: 13 11 5 8 9 19 6 14 4 15 20 12 10 7 17 1 18 3 16 2 
student 314: 15 13 1 12 14 18 8 7 5 11 20 16 10 6 17 2 19 4 9 3 
student 315: 14 13 5 12 11 15 8 1 6 9 17 16 3 20 18 2 19 7 10 4 
student 316: 16 12 3 9 14 8 13 11 2 20 10 18 7 6 15 1 19 5 17 4 
student 317: 14 16 4 12 9 17 7 11 2 10 15 18 6 5 20 1 19 3 13 8 
student 318: 12 9 4 11 20 18 13 3 2 14 19 15 6 1 16 8 17 7 10 5 
student 319: 16 6 9 14 18 11 17 12 3 4 8 19 10 2 15 1 20 13 7 5 
student 320: 12 16 1 14 15 9 11 6 3 10 17 19 13 4 18 8 20 2 7 5 
student 321: 11 8 3 13 15 18 10 5 2 12 19 16 9 6 17 1 20 7 14 4 
student 322: 15 20 1 9 14 16 13 10 7 6 17 18 5 11 12 3 19 2 4 8 
student 323: 9 12 8 14 13 18 11 3 5 10 20 19 4 6 16 1 15 2 17 7 
student 324: 2 5 3 20 14 17 4 7 13 12 19 15 1 6 16 10 18 11 9 8 
student 325: 14 11 1 16 17 18 6 4 7 12 20 9 2 8 15 5 19 10 13 3 
student 326: 1 11 4 18 17 16 20 7 2 15 19 10 5 8 12 3 14 9 13 6 
student 327: 14 5 3 8 2 18 13 6 12 1 20 16 4 10 15 7 19 9 17 11 
student 328: 12 13 2 19 4 20 7 3 9 15 16 18 10 11 6 1 14 5 17 8 
student 329: 15 11 4 7 14 18 5 3 9 6 16 20 10 13 17 1 8 2 12 19 
student 330: 17 4 2 11 12 19 9 13 3 16 10 15 8 5 18 6 14 20 7 1 
student 331: 17 10 1 15 8 20 13 9 2 7 18 12 4 6 16 5 19 3 14 11 
student 332: 10 4 3 8 7 12 18 11 1 17 13 20 6 14 15 2 16 5 19 9 
student 333: 11 15 6 12 20 14 10 9 4 13 18 19 3 7 16 2 5 1 17 8 
student 334: 19 6 1 14 16 17 5 3 8 13 9 20 10 4 18 11 15 2 7 12 
student 335: 14 7 15 13 10 17 16 4 5 1 18 11 6 3 20 9 19 2 12 8 
student 336: 16 11 3 12 4 13 10 6 5 8 17 18 14 1 19 9 20 2 15 7 
student 337: 19 8 1 14 15 12 11 4 2 16 18 9 10 5 20 6 17 7 13 3 
student 338: 3 14 1 8 16 18 5 7 2 10 17 13 6 9 20 4 19 15 12 11 
student 339: 20 14 12 16 18 13 8 7 2 6 19 9 15 3 11 1 17 4 5 10 
student 340: 20 18 5 14 10 15 7 9 8 12 19 13 1 2 17 4 16 3 11 6 
student 341: 20 10 4 16 13 17 18 11 2 12 19 14 8 15 9 1 6 3 7 5 
student 342: 19 9 6 17 15 8 3 10 5 12 18 14 7 4 16 2 20 1 13 11 
student 343: 12 9 6 7 16 20 14 8 2 11 19 18 13 15 10 4 17 1 5 3 
student 344: 2 11 1 9 4 14 5 10 6 17 19 18 8 7 16 13 15 3 12 20 
student 345: 18 7 5 12 17 15 10 4 2 16 13 19 11 9 8 1 20 3 14 6 
student 346: 18 13 8 11 20 15 7 6 12 9 17 14 3 4 10 2 19 1 16 5 
student 347: 7 15 8 12 14 19 3 18 5 10 20 13 11 4 17 1 16 2 6 9 
student 348: 8 18 5 19 12 20 11 6 3 10 15 17 13 7 16 4 14 1 9 2 
student 349: 5 11 2 12 15 18 17 10 16 7 19 20 6 3 13 8 14 1 9 4 
student 350: 14 12 3 16 15 17 19 9 1 13 18 11 10 5 7 2 20 4 6 8 
student 351: 12 11 3 15 20 16 2 8 5 17 19 13 1 7 18 4 14 6 10 9 
student 352: 14 12 4 18 16 17 15 7 5 11 6 20 8 2 9 3 19 1 13 10 
student 353: 11 6 2 18 12 14 8 7 16 13 19 15 1 9 10 5 17 3 4 20 
student 354: 16 20 12 6 11 14 10 3 4 13 15 17 5 2 18 1 19 7 9 8 
student 355: 15 9 6 16 14 20 7 10 3 11 18 19 2 4 17 5 12 1 13 8 
student 356: 11 16 3 14 18 17 8 13 10 6 20 4 2 5 12 7 19 1 15 9 
student 357: 14 7 2 11 13 17 15 6 10 9 20 19 8 5 18 4 16 1 12 3 
student 358: 17 13 4 18 6 10 12 11 7 16 20 19 2 3 14 8 15 5 1 9 
student 359: 16 15 10 13 19 12 20 9 3 18 6 8 2 11 14 1 17 4 5 7 
student 360: 12 4 1 10 16 18 14 9 3 15 19 20 6 7 17 5 11 13 2 8 
student 361: 15 2 5 8 19 14 12 13 3 6 17 16 7 9 10 4 20 1 18 11 
student 362: 14 2 3 11 12 18 13 7 10 15 16 17 6 4 20 8 19 1 9 5 
student 363: 20 11 10 5 13 18 8 12 2 14 16 19 4 3 17 6 15 1 9 7 
student 364: 20 6 1 18 16 14 3 10 11 8 19 17 7 13 9 4 15 5 12 2 
student 365: 17 11 5 13 14 19 8 7 3 9 20 12 4 10 18 2 15 1 16 6 
student 366: 13 10 7 12 5 16 8 11 6 14 20 17 9 3 19 2 18 4 15 1 
student 367: 11 5 8 13 9 18 16 12 4 2 15 19 10 7 20 1 17 3 14 6 
student 368: 19 10 4 18 14 5 7 9 8 16 17 15 6 1 13 2 20 3 12 11 
student 369: 11 7 4 13 6 14 10 1 8 12 17 16 5 9 19 2 20 3 18 15 
student 370: 8 9 11 4 10 20 1 15 13 16 19 17 3 14 18 5 12 7 6 2 
student 371: 13 10 6 2 12 18 16 4 7 19 15 17 1 5 14 3 20 9 11 8 
student 372: 19 13 4 16 7 18 8 14 1 9 17 15 10 6 12 3 20 2 5 11 
student 373: 15 9 7 20 11 10 5 12 16 1 19 17 13 6 14 2 18 4 8 3 
student 374: 13 9 5 10 18 14 7 6 3 12 17 19 8 11 15 2 20 1 16 4 
student 375: 19 17 1 15 13 12 6 10 9 7 18 16 2 3 11 4 20 8 14 5 
student 376: 13 10 12 6 18 19 15 5 8 7 17 11 2 4 16 1 20 3 9 14 
student 377: 15 6 7 8 17 16 2 14 3 12 18 19 11 4 5 1 20 9 13 10 
student 378: 19 14 10 9 18 4 11 8 3 16 15 20 5 17 12 1 13 7 6 2 
student 379: 13 19 1 12 20 8 6 16 11 9 14 15 5 2 17 4 18 10 3 7 
student 380: 16 18 4 7 11 20 12 8 9 2 19 14 5 10 17 1 15 3 6 13 
student 381: 20 9 12 5 17 11 7 8 2 19 15 18 16 10 3 1 14 4 13 6 
student 382: 10 7 2 13 12 17 16 14 9 8 19 20 3 5 11 4 15 6 18 1 
student 383: 9 7 2 10 20 16 15 12 1 19 18 8 3 4 11 6 17 14 13 5 
student 384: 16 18 8 10 15 2 9 5 6 13 14 19 1 7 20 4 12 3 17 11 
student 385: 12 17 5 10 3 16 18 6 1 13 20 19 7 8 14 2 15 4 11 9 
student 386: 18 10 5 9 8 19 12 7 4 1 20 17 11 16 14 3 15 2 13 6 
student 387: 17 13 11 5 15 18 16 4 1 9 19 12 6 3 8 7 20 2 10 14 
student 388: 20 2 3 5 7 19 8 11 15 4 14 9 12 1 17 6 13 10 18 16 
student 389: 12 18 3 14 10 15 5 7 6 13 19 20 4 2 11 9 16 1 17 8 
student 390: 19 11 9 7 14 16 15 3 1 12 13 8 4 18 20 2 17 6 10 5 
student 391: 9 6 1 17 18 8 10 12 7 13 15 19 4 11 20 2 16 3 5 14 
student 392: 14 11 5 12 10 20 7 16 8 2 18 17 4 9 13 1 19 3 15 6 
student 393: 20 8 5 9 17 14 6 13 15 10 19 18 3 4 16 11 12 1 7 2 
student 394: 5 11 6 13 15 4 10 1 12 16 20 19 8 9 17 2 18 3 14 7 
student 395: 17 9 1 8 15 13 16 7 12 11 20 18 4 6 19 2 14 3 5 10 
student 396: 16 7 20 8 14 10 6 4 1 12 17 15 9 2 11 13 19 5 18 3 
student 397: 16 17 2 12 18 14 11 13 5 10 19 20 6 7 1 4 15 3 9 8 
student 398: 12 15 6 13 5 20 9 19 1 10 16 14 7 8 17 3 18 4 11 2 
student 399: 13 12 4 14 15 19 8 7 6 11 18 16 1 3 20 9 17 2 10 5 
student 400: 15 4 9 7 8 14 5 12 6 13 20 16 11 10 17 2 19 1 18 3 
student 401: 13 10 2 12 16 17 7 5 1 11 18 19 4 3 15 6 20 14 9 8 
student 402: 6 11 3 16 17 19 10 5 9 15 20 14 7 8 12 1 13 2 18 4 
student 403: 19 15 5 9 17 20 12 1 7 11 16 18 6 10 13 4 14 3 8 2 
student 404: 17 1 4 5 15 16 6 11 7 9 18 12 3 8 20 2 19 13 14 10 
student 405: 19 5 7 4 10 16 17 14 6 9 18 13 12 2 8 1 20 3 15 11 
student 406: 14 11 4 6 13 19 9 10 3 5 16 20 7 8 17 2 12 1 18 15 
student 407: 13 11 7 19 14 18 9 3 1 4 16 15 8 5 17 2 20 6 12 10 
student 408: 20 10 3 13 18 17 12 7 5 8 19 14 6 4 11 1 15 2 16 9 
student 409: 17 10 19 2 13 8 18 9 3 11 12 16 7 5 20 4 15 6 14 1 
student 410: 9 20 11 19 13 8 6 4 5 15 17 18 10 12 14 1 16 2 7 3 
student 411: 10 16 5 11 4 18 2 14 8 7 20 17 12 3 15 6 19 1 9 13 
student 412: 10 18 3 14 15 19 16 5 4 12 7 13 11 2 8 1 17 9 20 6 
student 413: 11 9 6 15 1 10 4 5 16 17 20 14 13 8 19 2 18 12 7 3 
student 414: 19 9 1 18 13 20 7 8 3 12 16 17 6 11 15 2 14 5 10 4 
student 415: 16 9 1 19 15 12 4 10 2 6 17 5 11 13 20 3 14 7 8 18 
student 416: 13 6 2 3 18 20 5 17 7 14 19 11 8 12 16 1 15 9 10 4 
student 417: 14 8 2 16 19 20 10 7 3 17 15 11 4 6 9 13 18 1 12 5 
student 418: 14 12 3 9 16 19 6 10 8 4 15 17 1 11 18 2 20 7 13 5 
student 419: 18 10 4 11 16 20 9 7 14 2 12 17 5 6 19 3 15 1 8 13 
student 420: 13 12 2 5 19 17 9 6 3 18 20 14 7 11 15 1 10 8 16 4 
student 421: 15 9 3 17 10 16 7 14 2 13 18 6 5 11 19 1 20 4 12 8 
student 422: 20 18 1 8 11 17 3 7 4 19 16 15 5 9 13 2 12 10 14 6 
student 423: 15 13 10 11 19 17 1 8 5 3 18 14 9 4 16 2 20 6 12 7 
student 424: 11 7 1 6 9 16 12 10 5 17 15 19 3 8 20 4 14 2 18 13 
student 425: 9 12 5 11 15 20 10 8 3 14 19 16 7 6 13 1 17 2 18 4 
student 426: 14 8 3 11 15 17 12 7 6 10 20 18 9 4 13 5 19 2 16 1 
student 427: 14 6 2 8 16 19 1 13 5 12 20 10 9 7 18 15 17 3 4 11 
student 428: 2 8 12 13 16 15 1 14 4 7 19 10 9 5 18 3 20 6 17 11 
student 429: 17 9 7 14 15 20 11 5 8 12 19 4 10 3 18 2 16 1 13 6 
student 430: 12 7 5 10 17 14 13 8 15 9 19 18 6 3 11 2 20 1 16 4 
student 431: 17 11 14 15 16 18 12 8 3 4 20 19 6 5 10 2 13 1 9 7 
student 432: 9 8 2 5 20 14 11 15 7 12 16 17 10 3 19 1 13 4 18 6 
student 433: 15 20 9 5 18 19 11 7 4 1 12 16 2 6 13 14 17 3 10 8 
student 434: 15 2 8 18 9 19 4 3 10 12 14 11 6 5 16 1 20 7 13 17 
student 435: 13 10 9 11 15 16 2 5 12 14 20 17 4 6 18 1 19 8 7 3 
student 436: 16 8 1 4 15 17 6 5 14 10 18 20 3 12 11 9 19 7 13 2 
student 437: 14 9 3 20 15 18 10 6 8 11 19 13 12 4 17 1 16 2 7 5 
student 438: 6 13 1 14 20 18 11 9 7 15 17 12 5 8 16 2 4 3 19 10 
student 439: 18 4 5 6 8 11 3 12 7 14 20 19 9 15 10 1 16 2 17 13 
student 440: 18 10 4 3 13 17 8 7 6 9 20 14 5 2 16 1 12 11 15 19 
student 441: 16 13 8 17 19 14 10 9 2 12 18 15 11 3 4 7 6 1 20 5 
student 442: 8 9 2 11 13 19 12 1 7 17 16 20 3 6 15 5 18 4 10 14 
student 443: 8 11 2 4 14 15 20 10 7 17 9 16 6 1 18 5 19 3 13 12 
student 444: 17 11 1 8 10 12 2 6 7 15 20 18 9 16 14 5 19 3 4 13 
student 445: 16 7 9 8 15 13 6 19 2 11 17 14 4 5 20 1 18 10 12 3 
student 446: 10 11 7 18 4 14 13 6 1 20 16 15 8 9 12 3 17 5 19 2 
student 447: 12 6 1 8 9 13 5 10 11 15 20 16 7 18 19 2 14 4 17 3 
student 448: 19 11 1 15 20 12 4 8 2 10 18 14 9 3 16 6 17 5 13 7 
student 449: 12 4 6 11 20 16 13 10 7 14 17 19 1 5 18 2 15 3 9 8 
student 450: 11 13 10 8 9 16 4 12 3 6 19 20 15 7 14 1 18 5 17 2 
student 451: 13 11 4 15 18 17 7 8 1 12 16 14 10 5 20 3 19 2 6 9 
student 452: 20 5 3 8 1 17 6 9 4 15 13 7 10 12 16 2 19 11 18 14 
student 453: 15 9 11 18 12 20 13 5 6 4 17 10 7 3 14 2 19 1 8 16 
student 454: 15 12 4 13 3 18 11 7 8 10 20 19 6 5 16 1 17 2 9 14 
student 455: 13 10 1 15 17 16 9 8 11 12 19 14 5 6 18 2 20 3 7 4 
student 456: 17 12 7 6 18 15 10 14 9 8 11 5 4 3 16 1 20 2 13 19 
student 457: 15 16 9 12 11 17 13 1 2 4 20 14 8 5 18 6 19 7 10 3 
student 458: 13 11 4 10 15 12 14 5 17 18 19 20 3 8 7 1 16 6 9 2 
student 459: 12 5 2 9 13 19 6 14 8 15 20 18 4 1 17 3 10 7 16 11 
student 460: 14 9 1 12 16 15 8 13 5 7 17 18 2 19 11 4 20 3 10 6 
student 461: 15 13 1 10 14 19 8 9 5 16 20 17 4 6 18 2 12 7 11 3 
student 462: 10 16 7 3 11 14 9 8 6 15 20 17 12 2 13 1 18 5 19 4 
student 463: 8 11 2 13 16 20 12 5 3 6 18 19 7 4 15 9 14 1 17 10 
student 464: 19 4 2 12 15 17 10 8 6 5 20 18 3 9 13 1 16 7 14 11 
student 465: 15 12 5 13 7 14 8 2 10 11 18 20 6 9 17 3 16 1 19 4 
student 466: 5 16 4 8 14 17 12 6 7 9 20 18 13 2 15 3 19 10 11 1 
student 467: 17 9 8 19 14 15 18 7 2 12 20 16 10 3 13 1 5 4 11 6 
student 468: 17 13 4 15 12 8 14 5 1 7 18 19 6 10 16 11 20 2 9 3 
student 469: 14 7 6 2 19 20 18 16 1 11 8 15 3 5 12 4 13 10 17 9 
student 470: 9 12 8 17 19 20 15 7 3 4 18 14 10 5 6 1 16 2 13 11 
student 471: 18 1 5 10 17 20 7 6 12 4 19 13 8 16 14 3 15 2 9 11 
student 472: 18 4 2 9 14 17 1 19 7 5 20 15 11 13 12 8 10 3 6 16 
student 473: 18 12 4 10 8 19 5 2 13 16 20 15 6 9 11 1 17 3 14 7 
student 474: 3 19 15 14 12 20 18 9 4 7 11 10 5 2 13 6 17 1 16 8 
student 475: 11 12 1 13 18 19 9 10 7 15 20 5 3 6 14 4 16 2 17 8 
student 476: 15 12 5 17 20 13 6 2 8 4 18 19 9 11 10 3 16 1 14 7 
student 477: 10 13 4 5 11 19 16 9 2 6 17 20 8 15 12 1 18 7 14 3 
student 478: 13 7 3 15 16 19 17 9 6 11 20 8 10 2 18 14 5 1 12 4 
student 479: 9 1 5 3 13 19 16 14 7 17 20 15 12 6 8 4 11 2 18 10 
student 480: 13 5 10 7 15 17 18 3 6 20 16 14 11 8 12 4 19 2 9 1 
student 481: 6 18 5 9 10 20 1 15 4 8 14 13 3 16 17 7 19 2 11 12 
student 482: 6 10 4 8 18 19 11 7 3 12 20 16 15 5 13 1 17 14 9 2 
student 483: 13 3 4 7 12 17 2 8 11 15 18 16 9 5 19 1 20 10 14 6 
student 484: 13 9 3 8 16 20 14 12 4 18 19 17 5 11 1 6 10 2 15 7 
student 485: 4 18 2 12 16 14 15 7 11 10 20 8 6 1 13 5 17 3 19 9 
student 486: 12 7 4 11 14 16 9 5 1 8 15 13 3 10 18 2 20 6 19 17 
student 487: 12 7 1 13 14 18 8 5 4 19 15 16 2 3 17 10 20 6 11 9 
student 488: 14 12 4 10 13 19 9 2 6 11 16 15 8 5 17 3 20 1 18 7 
student 489: 17 13 6 20 15 19 12 8 4 3 16 14 7 5 10 9 18 2 11 1 
student 490: 20 8 1 16 12 13 6 5 11 19 17 7 3 4 18 9 15 2 14 10 
student 491: 18 12 8 13 16 19 2 5 6 10 15 9 1 11 17 4 20 3 14 7 
student 492: 13 12 10 16 8 20 7 9 6 11 17 5 2 1 18 3 15 14 19 4 
student 493: 14 12 11 8 17 15 5 10 9 16 13 20 1 4 19 3 18 7 6 2 
student 494: 17 6 20 2 11 15 13 3 5 14 18 12 8 7 10 4 16 1 19 9 
student 495: 8 12 3 4 14 15 11 13 7 9 20 19 10 6 16 2 17 5 18 1 
student 496: 9 19 1 5 14 16 2 11 3 13 20 18 4 6 15 7 17 10 12 8 
student 497: 6 14 1 12 13 19 8 5 2 7 15 18 9 16 20 10 17 3 11 4 
student 498: 19 4 1 18 16 12 13 10 3 14 20 11 7 9 15 6 17 5 8 2 
student 499: 3 10 13 7 20 14 15 16 2 11 18 12 1 6 17 4 19 5 8 9 
student 500: 13 9 3 8 16 20 5 7 10 11 19 15 1 12 14 4 17 6 18 2 
student 501: 20 11 10 9 13 19 12 3 4 8 16 15 14 7 17 5 18 1 6 2 
student 502: 19 7 11 10 12 18 9 4 2 20 17 8 1 16 14 3 13 6 15 5 
student 503: 16 3 13 7 17 19 14 11 2 5 20 12 6 4 9 10 18 1 15 8 
student 504: 15 17 18 20 13 14 2 6 4 9 19 16 1 3 12 5 11 7 10 8 
student 505: 13 14 3 12 8 19 11 9 2 17 20 18 4 10 16 1 15 7 6 5 
student 506: 17 3 5 4 13 18 7 14 8 6 19 20 15 1 16 2 12 9 10 11 
student 507: 11 2 7 10 16 18 14 4 1 15 12 19 9 5 17 6 20 8 13 3 
student 508: 20 9 4 10 15 17 12 5 8 11 18 19 2 3 16 1 13 7 14 6 
student 509: 18 8 14 5 10 20 19 7 17 9 12 15 6 1 16 3 11 2 13 4 
student 510: 7 9 3 15 11 14 16 8 2 12 20 17 19 4 13 1 18 5 10 6 
student 511: 18 13 7 15 12 17 10 11 3 16 19 14 5 4 8 1 20 2 9 6 
student 512: 12 7 3 8 16 17 9 10 13 11 15 20 6 5 18 2 19 1 14 4 
student 513: 13 17 12 2 16 15 10 6 1 9 11 18 7 3 19 8 20 4 14 5 
student 514: 7 2 8 6 13 10 19 14 12 11 20 17 5 1 16 3 15 4 9 18 
student 515: 16 14 4 15 12 11 6 9 5 7 18 17 10 13 20 2 19 1 8 3 
student 516: 12 10 1 11 9 19 17 15 4 2 18 16 3 8 14 7 20 5 13 6 
student 517: 14 6 5 17 9 19 11 13 1 16 10 18 4 8 15 2 20 3 12 7 
student 518: 19 8 3 5 16 14 15 1 11 13 18 10 6 7 17 9 20 2 12 4 
student 519: 13 6 2 15 8 19 9 4 12 10 18 17 7 3 14 11 20 1 16 5 
student 520: 18 8 7 9 4 17 12 16 14 10 20 15 2 3 6 1 19 5 11 13 
student 521: 12 2 5 9 10 17 15 1 11 7 16 18 13 8 20 3 19 4 14 6 
student 522: 20 4 7 9 19 18 13 6 10 8 16 14 15 5 17 1 11 3 12 2 
student 523: 17 9 4 8 10 15 11 2 1 14 16 12 5 6 20 3 19 7 18 13 
student 524: 16 5 8 14 15 17 6 11 4 9 12 13 7 3 20 2 19 1 18 10 
student 525: 15 9 1 10 13 17 2 11 6 14 19 12 7 8 16 3 20 4 18 5 
student 526: 12 13 1 6 8 14 7 10 3 11 20 15 17 5 16 4 19 2 9 18 
student 527: 14 13 1 5 11 15 8 6 7 16 20 18 10 9 17 4 19 2 12 3 
student 528: 16 3 2 10 17 18 9 6 7 15 11 19 5 8 20 4 14 1 12 13 
student 529: 15 13 7 18 11 12 9 10 6 3 14 17 4 2 16 5 19 1 20 8 
student 530: 16 18 2 10 14 13 6 5 3 11 20 15 1 7 12 4 19 8 17 9 
student 531: 12 10 2 14 8 17 5 4 7 6 20 16 11 3 19 1 18 15 9 13 
student 532: 11 5 3 20 14 18 9 8 2 13 12 10 4 6 15 1 17 19 16 7 
student 533: 13 14 5 11 18 15 20 3 10 6 19 17 1 7 16 9 12 2 8 4 
student 534: 14 12 5 6 10 19 17 16 4 3 18 13 15 9 11 1 20 8 7 2 
student 535: 15 5 3 4 11 18 17 13 8 9 20 16 10 12 6 2 19 1 14 7 
student 536: 12 16 2 8 18 17 20 11 10 13 7 15 3 9 14 1 19 5 6 4 
student 537: 9 15 3 11 19 7 6 1 5 13 14 18 12 16 20 2 17 4 8 10 
student 538: 16 17 1 18 8 14 4 13 2 7 19 9 6 12 20 10 11 3 15 5 
student 539: 17 11 3 10 13 7 15 9 2 14 20 16 5 4 19 1 18 6 12 8 
student 540: 10 11 2 15 18 16 9 7 5 12 20 13 4 3 17 1 14 6 8 19 
student 541: 19 5 2 6 16 20 3 13 7 9 17 18 10 11 15 1 14 8 12 4 
student 542: 20 12 4 1 16 18 2 6 9 17 14 15 13 10 19 3 11 7 8 5 
student 543: 12 10 8 18 11 20 2 7 13 17 19 3 5 9 15 1 16 14 6 4 
student 544: 19 17 4 11 12 16 10 5 7 6 18 20 8 9 1 2 15 3 13 14 
student 545: 19 17 15 11 14 7 8 12 5 4 6 18 1 3 20 2 13 10 16 9 
student 546: 12 7 1 15 9 20 10 13 3 8 16 19 4 5 17 2 14 11 18 6 
student 547: 17 12 5 14 18 16 19 6 4 13 7 9 8 3 10 2 20 1 11 15 
student 548: 10 13 7 6 20 18 8 14 2 9 19 17 5 3 12 1 16 4 15 11 
student 549: 12 2 4 7 20 16 15 17 11 10 9 19 6 3 8 5 13 1 14 18 
student 550: 16 10 1 4 11 14 7 9 8 13 17 15 5 18 19 3 20 2 12 6 
student 551: 17 15 4 7 10 18 9 8 3 13 20 19 6 5 12 1 16 2 14 11 
student 552: 14 12 11 7 19 13 10 3 2 6 17 18 5 9 15 8 20 1 16 4 
student 553: 17 4 8 14 11 19 7 5 2 15 16 13 18 3 12 1 20 6 10 9 
student 554: 18 16 2 7 17 14 9 5 8 12 15 13 3 6 19 4 20 1 10 11 
student 555: 18 9 2 16 12 14 8 11 1 15 10 17 6 7 19 3 20 5 13 4 
student 556: 12 13 6 8 11 14 4 9 7 1 19 17 10 5 20 2 16 3 15 18 
student 557: 14 5 12 6 8 20 15 9 11 10 19 18 3 4 16 7 17 2 13 1 
student 558: 11 9 3 16 18 10 13 6 2 7 19 12 5 14 15 1 20 4 17 8 
student 559: 20 17 6 12 9 13 4 7 8 19 16 18 1 10 15 2 11 3 14 5 
student 560: 8 15 6 11 14 19 18 3 7 13 20 16 5 12 17 2 10 1 4 9 
student 561: 15 18 1 14 11 12 7 6 2 9 16 20 4 8 19 3 17 5 10 13 
student 562: 12 4 6 11 14 18 8 7 2 15 20 10 13 19 17 5 16 3 9 1 
student 563: 12 16 4 14 15 20 7 8 3 10 11 18 5 9 17 1 19 2 13 6 
student 564: 16 9 2 5 18 19 7 1 4 3 20 17 13 8 12 10 14 6 15 11 
student 565: 12 11 3 10 17 18 6 9 2 13 20 16 7 15 14 4 19 1 8 5 
student 566: 9 8 2 19 11 18 10 13 6 12 20 17 5 7 16 4 14 1 15 3 
student 567: 18 16 4 10 15 14 7 6 2 8 20 3 5 11 19 1 17 9 13 12 
student 568: 12 9 7 13 16 17 6 4 2 20 14 15 3 8 18 1 19 5 11 10 
student 569: 15 2 13 8 7 11 9 14 12 16 20 17 10 6 18 3 19 5 1 4 
student 570: 17 8 6 11 13 10 4 14 3 15 19 16 7 2 20 5 18 1 9 12 
student 571: 12 13 2 15 17 16 8 6 3 11 18 14 4 1 19 7 20 5 10 9 
student 572: 12 18 1 9 8 15 6 7 4 16 19 11 14 10 13 3 20 5 17 2 
student 573: 14 1 3 15 10 9 12 7 5 6 19 13 18 8 20 4 16 2 17 11 
student 574: 16 10 1 12 17 15 11 5 7 13 20 18 3 4 9 6 14 2 19 8 
student 575: 14 11 3 9 12 19 7 10 4 16 20 17 8 6 15 1 18 2 13 5 
student 576: 17 16 3 8 20 19 7 10 4 12 13 18 1 11 9 2 14 6 15 5 
student 577: 12 18 9 7 13 15 8 5 4 17 19 20 10 11 14 3 16 1 2 6 
student 578: 20 3 12 17 14 15 9 13 2 5 18 11 6 8 19 4 16 1 10 7 
student 579: 15 10 3 12 13 17 1 9 6 16 19 11 4 7 14 5 20 2 18 8 
student 580: 11 17 4 13 12 10 6 7 3 14 20 15 8 5 16 2 19 1 18 9 
student 581: 14 13 9 10 16 18 4 7 5 12 20 17 2 8 19 1 11 3 15 6 
student 582: 16 7 5 10 15 17 13 12 4 9 20 19 2 6 14 8 18 1 3 11 
student 583: 16 13 5 9 15 19 17 7 1 14 20 10 6 11 12 3 18 2 8 4 
student 584: 11 12 6 3 9 20 17 10 2 7 5 14 15 16 19 1 18 4 13 8 
student 585: 15 11 2 12 14 10 4 13 5 7 17 20 9 6 18 3 16 1 19 8 
student 586: 18 12 4 13 15 17 1 7 2 10 11 19 6 5 14 8 20 3 16 9 
student 587: 18 9 4 11 15 13 8 10 5 12 19 17 2 1 16 3 20 6 14 7 
student 588: 7 11 3 8 14 20 9 19 1 15 13 17 5 6 12 4 16 2 18 10 
student 589: 11 9 10 16 12 20 15 6 5 8 14 18 7 3 19 2 13 1 17 4 
student 590: 18 6 14 9 16 19 1 10 7 17 20 15 3 4 12 11 13 2 5 8 
student 591: 15 1 2 11 16 19 5 6 7 10 17 12 14 4 18 8 20 3 13 9 
student 592: 19 10 4 11 14 18 16 2 9 8 20 15 7 5 6 1 17 3 13 12 
student 593: 17 10 3 11 8 13 9 4 7 16 15 18 19 6 12 1 20 2 14 5 
student 594: 13 16 9 10 11 15 7 5 4 6 20 17 1 14 8 3 18 2 12 19 
student 595: 13 19 9 12 5 18 8 1 2 11 17 20 16 6 14 7 10 3 15 4 
student 596: 10 16 2 13 18 11 9 8 4 7 20 15 14 5 17 3 19 1 6 12 
student 597: 17 13 5 1 15 18 11 2 10 8 19 12 9 6 20 3 14 4 16 7 
student 598: 12 16 1 17 14 18 5 8 2 10 20 19 3 9 13 6 15 7 4 11 
student 599: 20 14 6 12 11 17 9 5 3 10 19 15 4 8 16 2 18 1 13 7 
student 600: 17 4 6 5 14 18 19 12 7 8 20 13 11 9 16 1 3 2 10 15 
student 601: 12 10 2 7 18 19 9 15 4 5 17 14 8 3 13 1 20 6 16 11 
student 602: 20 6 2 11 16 14 8 9 7 12 18 17 5 13 15 3 19 1 10 4 
student 603: 15 8 6 10 19 17 3 13 9 16 20 18 1 12 5 2 11 4 14 7 
student 604: 17 10 6 11 14 13 5 16 1 12 18 9 4 7 19 3 20 2 15 8 
student 605: 15 12 6 13 14 16 10 17 8 3 20 18 5 9 2 1 19 11 4 7 
student 606: 14 9 2 11 7 18 3 4 5 12 20 19 6 15 17 1 16 8 13 10 
student 607: 6 8 4 18 20 15 5 7 2 9 17 14 13 12 16 1 19 3 10 11 
student 608: 17 7 8 11 14 18 13 3 1 10 12 19 5 6 15 2 20 4 16 9 
student 609: 15 10 5 9 12 18 4 6 3 7 16 17 13 1 20 14 19 11 8 2 
student 610: 16 15 6 7 18 19 10 9 1 8 11 13 4 2 17 12 20 3 14 5 
student 611: 16 4 9 17 13 20 8 2 14 10 19 18 11 7 1 5 15 3 12 6 
student 612: 6 12 4 10 16 17 2 9 5 14 20 15 11 8 13 1 18 3 19 7 
student 613: 16 13 2 15 14 20 11 4 3 5 18 17 8 9 19 1 10 12 6 7 
student 614: 10 13 5 20 7 12 8 19 3 14 11 15 4 2 9 18 17 1 16 6 
student 615: 14 7 3 10 13 12 9 8 4 18 16 15 5 17 11 1 19 2 20 6 
student 616: 13 17 3 11 16 20 9 5 10 6 18 19 14 2 12 8 15 1 4 7 
student 617: 5 1 18 12 13 16 10 8 4 9 20 19 14 7 17 3 15 2 11 6 
student 618: 14 5 2 10 18 20 4 13 11 8 7 19 6 9 12 1 16 3 15 17 
student 619: 15 8 6 7 18 19 11 9 2 5 12 16 4 14 17 3 20 1 10 13 
student 620: 8 17 3 2 11 19 15 12 6 13 7 14 18 10 9 5 20 1 16 4 
student 621: 13 10 1 17 12 8 4 7 19 11 18 20 3 2 14 9 15 5 16 6 
student 622: 15 4 5 9 18 12 6 2 8 20 14 16 10 11 13 1 17 3 19 7 
student 623: 16 12 2 9 13 14 5 19 7 10 20 6 17 8 11 3 15 4 18 1 
student 624: 18 6 4 9 15 16 7 13 1 14 19 17 11 5 10 3 20 2 12 8 
student 625: 17 12 6 10 14 20 15 8 1 16 19 13 2 4 7 9 18 3 11 5 
student 626: 19 9 18 12 6 15 8 11 4 10 17 14 13 3 16 2 20 1 7 5 
student 627: 16 12 5 8 15 18 4 2 7 11 20 17 9 1 13 6 19 10 14 3 
student 628: 16 9 6 12 18 19 11 10 4 8 20 15 7 1 17 2 14 3 13 5 
student 629: 5 4 1 12 11 17 8 15 14 18 16 20 2 3 19 6 7 13 10 9 
student 630: 20 7 3 14 10 19 12 5 6 11 17 16 4 8 13 1 18 2 15 9 
student 631: 14 11 1 12 13 16 7 10 4 15 18 19 6 8 20 3 17 5 9 2 
student 632: 12 8 3 13 9 15 16 5 2 17 19 10 6 18 14 4 20 7 11 1 
student 633: 17 2 13 5 12 18 14 9 4 7 20 15 6 11 16 1 19 3 8 10 
student 634: 9 13 2 11 17 19 5 12 10 18 14 16 4 7 8 3 20 1 15 6 
student 635: 6 14 7 16 9 20 18 12 1 5 13 19 8 3 17 4 15 2 10 11 
student 636: 10 11 1 6 14 18 16 7 9 20 17 13 2 3 12 4 15 8 19 5 
student 637: 13 14 5 8 16 20 1 2 6 3 17 19 12 9 18 11 15 4 7 10 
student 638: 11 5 6 4 8 16 12 10 3 17 20 18 9 7 15 1 19 2 13 14 
student 639: 18 4 6 15 17 11 13 2 7 12 20 19 3 8 10 5 9 1 16 14 
student 640: 16 8 7 9 17 14 11 6 5 1 20 18 12 4 13 3 15 2 19 10 
student 641: 9 7 1 18 16 13 8 10 2 14 20 17 5 6 19 4 12 3 15 11 
student 642: 14 10 4 12 15 18 8 6 1 9 20 16 2 7 17 3 13 5 11 19 
student 643: 17 10 5 18 11 13 16 7 8 20 19 15 12 3 14 2 6 1 9 4 
student 644: 14 7 2 20 13 17 10 8 1 16 18 19 5 11 15 3 12 4 9 6 
student 645: 20 11 3 13 15 19 4 7 2 12 18 14 8 6 16 5 17 1 9 10 
student 646: 14 13 8 20 5 15 12 11 6 4 19 16 2 7 9 3 18 1 10 17 
student 647: 16 11 6 8 19 5 10 12 2 13 18 14 15 7 9 3 20 1 17 4 
student 648: 18 3 12 10 13 15 14 9 4 8 20 11 5 2 19 1 17 6 16 7 
student 649: 14 6 4 11 13 18 16 8 10 9 20 15 3 7 17 1 19 2 12 5 
student 650: 15 20 2 5 16 19 12 10 7 14 13 4 9 3 18 8 17 1 11 6 
student 651: 9 17 3 5 20 13 6 14 4 15 18 19 1 12 10 2 16 7 11 8 
student 652: 20 7 18 11 10 5 14 9 2 12 17 16 3 4 8 6 19 1 15 13 
student 653: 15 13 3 12 7 14 10 9 8 6 20 19 2 5 18 1 17 16 11 4 
student 654: 17 10 7 9 11 20 12 14 1 15 18 13 2 3 8 4 16 5 19 6 
student 655: 18 10 2 15 19 4 9 7 6 8 20 17 5 14 13 1 16 11 12 3 
student 656: 20 19 8 6 1 14 11 13 7 12 16 15 9 3 10 4 18 2 17 5 
student 657: 15 8 1 14 5 19 12 18 7 9 20 17 11 3 10 6 16 2 4 13 
student 658: 14 7 3 6 13 20 10 11 8 12 17 16 1 2 18 5 19 9 15 4 
student 659: 19 3 6 14 13 16 11 2 4 7 20 9 15 10 8 1 18 17 12 5 
student 660: 14 10 8 12 11 13 9 6 2 7 20 17 4 18 16 3 19 1 15 5 
student 661: 12 2 11 15 16 13 9 10 20 3 17 18 6 7 14 4 19 1 8 5 
student 662: 9 17 1 18 5 19 12 3 10 15 20 16 8 4 13 2 7 14 11 6 
student 663: 20 12 2 11 7 18 5 4 3 6 19 10 9 1 15 8 13 17 14 16 
student 664: 12 17 9 10 18 14 8 13 5 15 19 16 3 6 20 4 7 2 1 11 
student 665: 13 9 2 6 14 19 16 8 4 10 18 17 5 11 15 1 20 7 12 3 
student 666: 10 13 1 5 8 18 9 7 12 14 19 17 4 11 16 2 20 3 15 6 
student 667: 11 4 3 16 12 15 1 6 10 14 20 5 7 9 17 18 19 2 8 13 
student 668: 16 17 1 18 13 15 11 6 9 12 19 8 10 2 20 4 14 5 7 3 
student 669: 15 9 5 3 17 4 12 11 8 14 20 16 2 18 13 1 19 7 6 10 
student 670: 19 13 1 11 6 20 9 4 7 17 18 12 5 2 8 3 14 10 15 16 
student 671: 14 13 5 9 11 16 3 17 1 18 15 10 8 6 19 2 12 4 20 7 
student 672: 6 15 1 14 16 17 3 4 5 13 20 12 9 7 19 10 18 2 11 8 
student 673: 16 14 3 19 13 12 6 7 9 11 18 17 4 1 20 2 15 10 8 5 
student 674: 17 10 7 13 12 15 3 1 5 6 20 14 4 8 19 2 18 9 11 16 
student 675: 12 11 8 16 14 20 1 9 7 6 17 19 5 4 15 3 18 2 10 13 
student 676: 14 12 2 13 18 16 7 6 1 11 19 15 4 8 17 10 20 3 9 5 
student 677: 16 3 7 5 15 17 10 1 2 12 20 13 11 14 19 4 18 8 9 6 
student 678: 9 6 5 10 16 18 14 17 8 11 19 20 3 1 4 13 12 2 15 7 
student 679: 11 12 1 17 16 19 10 7 2 20 18 14 5 9 13 6 15 4 8 3 
student 680: 12 10 4 11 19 15 6 3 13 17 20 18 2 7 14 5 16 1 9 8 
student 681: 11 12 3 14 17 18 8 5 4 7 15 20 10 2 13 1 19 16 6 9 
student 682: 19 13 1 10 15 20 11 4 9 18 12 16 2 7 14 3 17 8 5 6 
student 683: 16 2 4 10 13 20 9 7 5 11 19 8 6 17 14 3 18 1 12 15 
student 684: 10 7 2 12 13 17 15 9 3 11 19 14 8 6 16 1 18 4 20 5 
student 685: 18 8 4 16 10 19 6 11 1 13 20 15 7 12 17 2 14 3 9 5 
student 686: 16 14 1 15 17 19 6 7 5 12 20 13 4 8 10 3 18 2 9 11 
student 687: 13 16 9 7 1 15 12 8 11 10 17 20 6 4 14 2 19 5 18 3 
student 688: 16 9 2 3 14 20 10 13 4 12 19 17 5 7 11 1 15 6 18 8 
student 689: 18 7 4 12 11 19 10 9 5 14 15 16 6 8 17 3 20 1 13 2 
student 690: 9 4 2 16 18 19 12 5 1 11 14 15 6 10 17 3 20 7 13 8 
student 691: 18 17 2 19 11 15 7 8 9 13 20 10 4 5 6 1 16 3 12 14 
student 692: 15 18 12 2 16 20 7 11 1 8 19 14 4 6 17 5 10 3 13 9 
student 693: 17 6 2 10 16 19 7 5 3 9 11 18 1 12 15 8 13 4 14 20 
student 694: 17 18 15 10 11 12 8 2 5 7 20 4 6 13 14 1 19 3 9 16 
student 695: 8 14 4 16 15 13 12 9 1 7 18 11 10 3 19 5 20 6 17 2 
student 696: 16 7 4 12 10 17 9 6 1 19 20 15 8 3 11 2 18 5 13 14 
student 697: 19 12 13 3 15 14 6 10 9 11 16 17 1 4 18 2 20 5 7 8 
student 698: 17 4 5 13 14 19 8 16 3 12 20 11 10 7 18 1 15 2 6 9 
student 699: 19 17 3 15 14 20 9 5 1 12 16 13 2 10 7 4 18 8 6 11 
student 700: 12 10 3 14 19 20 1 9 5 16 18 13 4 8 6 11 17 2 15 7 
student 701: 15 3 8 13 5 18 12 11 4 17 9 20 7 6 14 1 19 2 16 10 
student 702: 17 6 3 10 14 13 18 9 1 15 20 11 2 8 16 7 19 5 12 4 
student 703: 18 15 2 7 13 17 10 9 3 8 5 20 11 12 14 1 19 4 16 6 
student 704: 17 11 5 16 12 18 13 8 2 19 20 10 4 1 15 3 14 6 9 7 
student 705: 11 14 2 16 8 19 12 9 6 10 20 17 5 13 15 1 18 4 7 3 
student 706: 12 17 2 14 10 18 11 13 5 9 20 16 6 7 8 1 19 4 15 3 
student 707: 15 12 5 17 10 19 7 16 4 14 20 18 9 2 13 3 8 1 11 6 
student 708: 19 10 6 9 11 15 8 4 3 13 20 16 12 5 14 1 18 2 17 7 
student 709: 17 2 8 14 6 16 13 10 3 12 20 11 9 5 19 7 18 1 15 4 
student 710: 16 11 4 18 19 20 2 8 5 10 13 15 7 14 12 3 17 6 9 1 
student 711: 17 16 2 5 11 13 8 6 3 18 7 15 14 12 20 4 9 1 19 10 
student 712: 19 16 5 6 10 14 12 9 8 13 20 15 7 3 11 4 17 2 18 1 
student 713: 13 5 4 19 9 20 10 14 6 11 18 15 8 7 16 2 17 1 3 12 
student 714: 17 19 2 9 12 18 16 7 6 11 20 5 10 8 14 1 15 3 13 4 
student 715: 15 6 1 10 16 9 7 12 8 13 20 17 5 11 19 2 18 3 14 4 
student 716: 11 14 17 10 19 20 8 4 15 1 16 12 2 5 18 3 13 7 9 6 
student 717: 19 13 2 12 15 16 7 11 6 9 18 10 4 20 14 3 17 8 5 1 
student 718: 19 8 5 7 16 18 15 13 6 10 17 12 2 4 9 1 20 3 14 11 
student 719: 18 16 13 8 14 15 1 5 17 4 20 7 12 3 11 2 19 9 6 10 
student 720: 12 10 8 1 16 15 18 5 6 3 14 20 7 17 13 9 19 4 11 2 
student 721: 19 18 5 13 15 11 8 9 10 6 20 12 3 7 17 1 16 2 4 14 
student 722: 15 6 1 11 17 18 2 13 5 12 16 14 10 8 20 3 19 4 7 9 
student 723: 18 13 4 8 11 14 6 10 3 15 20 19 12 1 16 5 17 2 9 7 
student 724: 8 12 4 13 14 19 11 10 6 9 15 16 1 2 18 3 20 5 17 7 
student 725: 14 7 15 10 17 20 12 2 9 13 8 16 11 4 19 1 5 6 18 3 
student 726: 12 13 6 9 18 15 10 11 7 4 20 14 2 3 19 1 17 5 16 8 
student 727: 18 10 2 12 3 16 7 20 14 9 17 15 5 4 11 13 19 1 8 6 
student 728: 15 3 13 7 16 19 12 9 17 10 6 18 4 8 11 2 20 1 14 5 
student 729: 5 13 3 4 15 19 9 12 6 14 18 16 2 7 17 1 20 8 10 11 
student 730: 17 13 15 11 14 18 8 4 3 10 16 5 6 12 9 2 20 1 19 7 
student 731: 13 10 3 14 15 11 16 9 4 12 20 8 6 2 19 1 18 5 17 7 
student 732: 14 4 9 11 5 17 20 8 1 12 10 16 2 6 18 7 19 3 13 15 
student 733: 16 5 6 8 12 17 11 7 4 9 18 15 20 1 13 3 19 10 14 2 
student 734: 15 14 2 16 6 7 11 5 10 13 20 8 12 9 17 1 19 4 18 3 
student 735: 4 12 1 15 10 9 11 8 19 13 16 14 7 6 17 2 20 5 18 3 
student 736: 10 11 4 13 18 12 8 15 2 6 20 16 14 5 17 3 19 1 9 7 
student 737: 14 7 1 10 16 19 8 13 3 5 15 17 9 4 18 2 20 6 12 11 
student 738: 12 8 18 15 16 20 10 4 6 9 17 19 1 5 14 7 13 2 11 3 
student 739: 18 8 5 10 7 16 12 9 14 2 20 17 3 6 15 1 19 4 13 11 
student 740: 17 9 6 18 15 19 12 7 4 10 16 14 5 11 13 2 20 1 8 3 
student 741: 8 11 1 15 16 19 9 12 7 6 17 20 3 5 14 2 13 4 18 10 
student 742: 11 9 2 5 10 18 7 13 12 20 19 17 1 3 16 4 15 8 14 6 
student 743: 16 14 1 6 15 17 13 10 9 11 19 18 4 2 7 3 20 8 12 5 
student 744: 17 10 7 18 15 11 14 6 9 12 13 19 5 1 4 2 20 3 16 8 
student 745: 6 3 7 14 13 18 5 11 2 15 17 19 8 9 20 1 16 10 12 4 
student 746: 19 8 6 13 14 18 16 9 4 12 20 17 2 7 10 5 15 1 11 3 
student 747: 14 15 7 17 13 18 8 2 1 9 12 11 4 5 16 3 19 6 20 10 
student 748: 14 13 1 8 9 17 18 7 5 6 20 12 3 11 16 4 15 2 10 19 
student 749: 16 9 4 6 5 20 14 8 7 12 19 17 13 1 18 3 10 2 15 11 
student 750: 12 9 2 11 16 19 13 6 3 8 17 20 5 7 18 4 14 1 15 10 
student 751: 18 12 4 10 13 19 11 3 6 15 17 14 2 5 16 1 20 7 8 9 
student 752: 10 3 15 14 16 11 19 9 1 4 20 12 8 6 7 13 18 5 17 2 
student 753: 14 11 5 8 13 10 19 16 2 18 20 12 4 6 15 1 17 3 9 7 
student 754: 17 12 10 14 6 18 7 13 5 8 11 19 4 16 20 1 15 3 9 2 
student 755: 13 4 9 7 12 14 11 5 6 8 20 15 17 10 18 3 16 2 19 1 
student 756: 20 7 6 15 19 11 12 3 2 8 17 18 14 4 16 1 13 10 5 9 
student 757: 14 9 13 17 10 20 3 2 7 12 19 18 8 16 4 5 15 1 11 6 
student 758: 16 14 5 3 15 19 8 9 7 12 13 20 11 6 10 2 17 1 18 4 
student 759: 13 5 4 6 16 17 9 7 11 12 19 20 3 8 15 2 18 1 14 10 
student 760: 10 3 5 16 6 17 14 7 9 12 20 15 2 4 18 8 19 1 13 11 
student 761: 11 4 10 9 18 1 17 7 6 8 14 16 12 5 19 15 13 3 20 2 
student 762: 6 8 3 7 14 18 11 2 10 17 20 16 9 15 13 4 19 1 12 5 
student 763: 12 8 5 16 9 15 1 7 6 14 19 13 4 20 11 2 18 10 17 3 
student 764: 19 18 3 16 17 2 10 4 5 13 20 12 6 7 15 9 11 1 14 8 
student 765: 6 12 1 9 16 5 11 14 8 20 18 13 4 10 19 3 15 2 17 7 
student 766: 12 13 6 11 17 16 5 3 1 9 19 20 8 7 18 2 14 4 15 10 
student 767: 12 10 7 9 20 17 6 1 3 13 16 11 4 2 18 5 14 19 15 8 
student 768: 11 16 13 5 15 20 9 7 4 10 18 12 6 1 14 2 17 3 19 8 
student 769: 9 13 1 6 17 14 7 5 2 12 20 16 10 4 15 3 18 8 19 11 
student 770: 12 10 3 11 16 18 7 14 6 5 19 17 4 8 15 1 20 2 9 13 
student 771: 12 11 3 9 20 16 5 15 6 7 13 18 10 4 19 2 14 1 17 8 
student 772: 15 11 4 12 18 2 9 6 14 10 20 16 13 5 8 3 19 1 17 7 
student 773: 13 7 14 11 10 19 3 16 5 9 20 17 1 6 18 2 15 8 12 4 
student 774: 7 9 13 10 3 18 14 6 12 8 19 17 5 4 16 1 20 2 15 11 
student 775: 14 9 1 20 12 17 8 15 11 5 18 13 2 3 16 4 19 6 10 7 
student 776: 11 16 4 2 12 19 15 7 1 14 20 17 6 8 13 3 18 5 9 10 
student 777: 6 9 5 12 11 19 2 13 1 7 17 20 3 8 14 4 18 15 16 10 
student 778: 16 7 1 6 14 11 9 10 4 13 20 15 5 8 18 3 19 12 17 2 
student 779: 16 13 1 12 15 17 6 19 4 2 20 18 11 3 14 9 8 5 10 7 
student 780: 14 2 1 3 20 18 12 8 7 13 19 15 5 11 16 4 17 6 10 9 
student 781: 17 13 2 7 12 20 11 9 6 8 10 19 16 4 18 3 15 1 14 5 
student 782: 20 7 2 5 14 12 10 9 1 15 19 16 6 8 18 11 17 3 13 4 
student 783: 17 9 8 6 13 19 10 15 1 14 20 11 3 4 12 5 18 7 16 2 
student 784: 16 15 4 12 17 20 9 6 5 7 11 19 3 8 18 1 14 2 13 10 
student 785: 16 14 4 6 8 13 17 5 3 12 18 11 10 9 19 1 20 7 15 2 
student 786: 12 9 2 13 14 15 10 7 5 18 20 11 8 6 17 3 16 1 4 19 
student 787: 11 13 1 18 16 8 12 5 3 14 20 10 4 9 17 6 19 15 2 7 
student 788: 8 9 4 13 14 16 7 11 5 12 20 19 6 10 18 17 15 3 2 1 
student 789: 17 4 7 14 20 19 13 9 6 8 12 16 1 5 10 2 18 3 15 11 
student 790: 14 9 2 7 17 15 12 13 8 10 19 18 3 5 16 1 20 6 11 4 
student 791: 15 9 2 13 14 20 5 6 7 4 18 19 8 12 16 3 17 1 10 11 
student 792: 12 13 1 14 4 17 18 9 7 10 19 16 6 3 11 2 20 5 15 8 
student 793: 12 8 13 3 14 19 11 7 17 10 20 18 2 4 15 6 16 1 9 5 
student 794: 17 9 5 10 18 19 8 3 1 13 20 11 14 7 16 6 15 2 4 12 
student 795: 20 17 4 3 14 16 9 8 2 12 19 10 13 11 15 1 18 5 7 6 
student 796: 17 18 1 16 10 15 14 3 6 8 20 13 9 4 12 2 19 5 11 7 
student 797: 16 15 1 9 10 19 12 6 3 11 17 14 2 4 18 8 20 5 7 13 
student 798: 15 11 8 13 14 18 4 17 1 16 20 6 12 10 19 3 7 2 9 5 
student 799: 6 14 11 8 20 16 13 4 15 5 9 17 1 2 18 3 19 10 12 7 
