student 0: 9 4 5 8 18 10 11 16 1 17 14 7 3 6 13 20 2 12 19 15 
student 1: 2 5 14 11 15 19 4 9 1 12 6 10 7 3 17 20 8 16 18 13 
student 2: 3 12 19 10 16 18 13 1 6 17 5 8 2 7 9 11 4 14 20 15 
student 3: 14 6 16 7 9 13 10 8 2 15 5 4 1 12 19 17 3 11 20 18 
student 4: 7 1 8 9 13 18 3 12 4 6 20 14 2 10 19 15 5 17 16 11 
student 5: 4 7 10 17 11 20 19 15 2 8 3 9 1 12 18 16 5 6 13 14 
student 6: 5 12 13 8 19 18 6 10 1 9 4 16 7 2 20 11 3 15 17 14 
student 7: 5 3 14 2 18 16 4 11 8 15 6 10 1 7 12 20 9 19 17 13 
student 8: 2 9 18 5 13 16 12 15 1 17 14 7 8 6 20 19 4 3 10 11 
student 9: 9 6 13 5 18 15 8 7 2 11 12 10 1 4 19 16 3 17 20 14 
student 10: 13 2 15 10 20 18 11 12 5 16 6 8 1 3 17 14 7 9 19 4 
student 11: 4 3 13 6 16 10 1 9 11 20 17 14 8 5 7 19 2 12 18 15 
student 12: 6 4 11 7 18 20 9 13 3 17 12 8 1 2 19 16 5 10 14 15 
student 13: 3 8 19 15 9 18 4 5 1 12 14 7 10 2 13 17 6 11 20 16 
student 14: 2 3 9 18 20 17 15 12 4 14 5 6 1 7 10 19 11 13 16 8 
student 15: 7 9 11 2 17 18 12 4 6 10 14 3 1 8 16 19 5 13 20 15 
student 16: 7 4 19 10 14 16 18 5 3 13 12 8 2 1 9 20 6 15 17 11 
student 17: 5 4 10 14 17 18 6 1 2 16 8 15 3 11 12 19 7 9 20 13 
student 18: 14 5 15 4 20 13 11 7 1 18 3 6 2 9 19 8 10 12 17 16 
student 19: 3 7 11 12 19 17 10 8 2 5 1 9 6 13 20 15 4 16 18 14 
student 20: 1 2 12 7 18 16 10 6 9 11 4 14 5 8 15 13 3 19 20 17 
student 21: 5 1 19 12 17 16 15 6 2 9 7 13 4 10 11 18 3 8 20 14 
student 22: 4 7 16 2 19 12 14 11 3 5 9 17 1 18 13 20 8 6 15 10 
student 23: 4 3 10 9 20 18 7 12 1 17 14 13 5 6 16 15 2 11 19 8 
student 24: 7 1 19 12 18 10 3 4 2 14 11 8 6 9 17 16 5 15 20 13 
student 25: 1 8 19 3 9 11 10 15 2 6 12 7 4 14 18 13 5 17 20 16 
student 26: 10 6 14 9 17 16 8 11 4 15 19 7 2 1 3 18 5 12 20 13 
student 27: 9 4 14 16 18 17 11 7 2 15 13 1 6 5 12 20 3 10 19 8 
student 28: 2 8 15 6 17 16 11 10 3 18 5 7 1 9 14 20 4 13 19 12 
student 29: 18 7 9 2 10 20 5 15 6 16 14 1 3 8 17 19 4 11 13 12 
student 30: 8 3 12 6 7 17 16 10 5 15 9 11 2 1 14 18 4 13 19 20 
student 31: 5 2 14 3 15 20 10 8 9 16 4 1 6 7 17 18 12 11 19 13 
student 32: 5 3 14 9 13 20 15 11 1 6 4 10 2 8 19 16 7 18 17 12 
student 33: 17 1 16 6 14 20 7 10 19 11 15 2 8 5 9 12 4 3 13 18 
student 34: 3 6 7 10 12 20 11 13 8 18 5 9 1 2 14 19 4 15 17 16 
student 35: 5 3 1 11 20 17 15 12 2 14 9 8 4 7 13 19 6 10 16 18 
student 36: 11 5 17 3 19 10 14 13 1 18 6 12 7 4 9 20 2 15 8 16 
student 37: 3 9 8 19 18 12 16 4 1 13 10 7 5 2 15 20 6 11 14 17 
student 38: 3 1 20 10 5 15 8 11 9 13 6 12 4 2 17 18 7 16 19 14 
student 39: 7 5 17 6 15 12 16 14 3 2 10 8 4 9 13 19 11 1 18 20 
student 40: 6 5 14 13 15 17 8 11 1 12 9 7 2 3 18 19 4 10 20 16 
student 41: 2 5 4 12 13 18 11 14 10 19 3 6 8 9 15 20 1 7 17 16 
student 42: 8 7 18 9 19 20 16 15 4 12 11 13 1 5 10 6 3 2 14 17 
student 43: 9 6 5 1 20 17 19 10 3 16 4 12 14 7 13 15 2 8 18 11 
student 44: 3 5 8 16 18 20 7 10 2 19 12 9 4 6 13 17 1 15 14 11 
student 45: 3 4 8 6 13 15 12 7 10 16 5 14 2 18 19 17 1 9 20 11 
student 46: 2 3 17 9 10 18 7 6 4 16 5 15 1 8 14 20 11 13 19 12 
student 47: 9 13 7 6 10 18 20 2 3 8 11 14 1 4 17 15 5 12 19 16 
student 48: 3 11 14 6 18 17 9 12 2 19 7 8 4 5 13 15 1 10 20 16 
student 49: 1 4 8 9 15 13 12 5 3 11 14 6 2 10 20 7 17 19 16 18 
student 50: 3 4 18 13 17 15 12 9 1 16 8 7 2 6 19 20 5 10 14 11 
student 51: 5 8 17 11 13 15 9 12 1 16 2 6 3 10 14 20 4 7 19 18 
student 52: 18 2 16 8 6 19 14 11 1 13 5 10 3 7 4 20 9 15 12 17 
student 53: 1 6 17 10 11 20 12 8 5 13 9 3 2 7 18 19 4 14 16 15 
student 54: 9 3 15 14 2 12 5 1 8 11 10 13 7 6 20 17 4 18 16 19 
student 55: 3 6 16 15 17 9 13 4 7 10 11 8 2 12 20 18 1 5 19 14 
student 56: 2 7 3 6 13 11 9 15 4 12 10 5 16 18 19 17 1 8 20 14 
student 57: 4 3 17 19 14 15 20 11 2 13 7 8 1 6 18 12 10 5 16 9 
student 58: 3 6 9 10 17 19 8 13 2 12 7 4 5 11 15 20 1 14 16 18 
student 59: 3 2 17 16 11 18 6 8 1 9 12 7 4 10 14 19 5 15 20 13 
student 60: 8 4 17 12 11 16 10 5 3 15 7 14 1 2 19 20 6 13 18 9 
student 61: 4 7 13 6 11 19 3 12 2 17 8 10 1 5 14 20 9 16 18 15 
student 62: 1 10 13 5 16 17 9 12 4 11 7 6 3 8 15 19 2 14 20 18 
student 63: 13 2 20 4 15 9 12 6 3 17 5 10 8 7 16 19 1 14 18 11 
student 64: 3 4 15 1 8 20 14 13 12 16 6 11 5 10 9 18 7 2 17 19 
student 65: 4 12 10 18 16 14 1 6 9 13 8 11 2 7 17 20 3 5 19 15 
student 66: 2 11 13 10 19 18 3 4 5 12 9 8 1 6 20 17 7 15 14 16 
student 67: 16 10 15 5 4 9 19 8 1 17 6 7 3 13 20 14 2 11 18 12 
student 68: 9 2 11 6 15 13 14 10 1 18 8 4 5 7 12 20 3 16 17 19 
student 69: 11 4 3 12 10 20 15 13 6 16 7 8 1 9 14 19 5 2 17 18 
student 70: 2 3 10 7 15 18 19 12 8 11 4 1 5 13 17 20 6 9 16 14 
student 71: 10 5 19 14 11 17 8 13 3 9 7 1 2 4 20 12 6 18 16 15 
student 72: 8 2 12 11 17 19 13 10 1 16 6 3 4 7 14 20 5 15 18 9 
student 73: 14 9 8 15 11 20 17 3 6 10 2 18 1 4 13 19 5 7 12 16 
student 74: 4 5 15 9 8 18 13 16 1 14 7 12 2 6 20 17 3 11 19 10 
student 75: 3 6 19 4 20 18 15 8 7 9 14 13 1 5 12 16 2 10 17 11 
student 76: 6 8 15 14 17 18 10 13 1 19 11 2 4 9 16 20 3 5 12 7 
student 77: 1 3 20 12 18 19 6 8 13 17 7 4 2 15 14 11 9 16 10 5 
student 78: 5 4 8 10 15 16 13 2 20 14 7 9 3 11 18 12 1 6 19 17 
student 79: 2 5 10 6 15 20 9 14 1 13 12 7 4 8 17 16 3 19 11 18 
student 80: 9 4 14 7 18 12 13 11 3 20 6 10 2 5 15 19 1 8 17 16 
student 81: 5 12 14 3 18 13 20 10 2 16 4 6 1 8 17 11 7 15 19 9 
student 82: 11 8 16 9 14 17 12 15 2 5 7 4 3 10 20 18 1 13 19 6 
student 83: 9 10 11 7 14 18 13 15 2 12 4 3 1 5 19 20 8 16 17 6 
student 84: 5 2 15 7 13 14 8 11 4 16 10 1 6 9 17 20 3 18 19 12 
student 85: 4 8 12 18 16 14 11 7 1 20 5 9 3 2 13 17 6 10 15 19 
student 86: 13 6 3 11 14 19 8 9 2 7 4 5 1 15 20 18 10 17 16 12 
student 87: 19 6 7 3 16 20 11 15 4 10 8 2 5 9 14 17 1 12 18 13 
student 88: 6 2 15 12 14 19 13 9 4 16 3 7 1 8 17 10 5 11 18 20 
student 89: 3 2 8 5 12 19 14 4 10 17 6 18 1 16 9 15 7 13 20 11 
student 90: 5 2 8 11 13 16 19 12 4 9 6 10 1 7 20 15 3 18 17 14 
student 91: 7 9 10 11 14 18 6 3 2 16 13 12 1 8 15 20 5 4 19 17 
student 92: 13 4 16 5 19 20 9 7 1 14 10 6 2 8 17 15 3 12 18 11 
student 93: 6 4 9 11 17 19 13 10 2 14 7 3 1 5 20 18 8 16 15 12 
student 94: 5 1 19 11 13 17 10 2 9 14 6 3 7 15 12 16 8 4 20 18 
student 95: 7 3 14 10 16 13 9 4 5 6 11 12 2 8 18 20 1 17 19 15 
student 96: 1 8 14 11 19 10 18 9 2 7 3 12 6 5 17 16 4 20 13 15 
student 97: 2 6 15 10 13 20 4 14 8 16 7 3 1 5 17 19 12 11 18 9 
student 98: 5 1 11 7 20 17 14 9 3 16 13 12 2 6 18 10 4 8 19 15 
student 99: 1 9 15 7 14 18 13 11 12 8 5 2 10 3 16 17 4 19 20 6 
student 100: 11 2 16 7 19 18 9 8 3 15 14 6 1 5 10 13 4 12 20 17 
student 101: 5 2 14 1 10 20 13 9 4 18 7 6 3 12 17 15 8 16 19 11 
student 102: 4 3 11 2 17 20 16 13 7 12 8 5 1 10 15 6 14 9 18 19 
student 103: 11 12 14 9 19 17 7 8 1 13 4 2 6 3 15 20 5 10 16 18 
student 104: 6 8 14 9 15 12 11 16 5 10 4 20 2 3 19 18 1 13 17 7 
student 105: 2 6 10 14 17 19 16 4 5 12 20 8 3 13 11 15 1 7 9 18 
student 106: 6 12 13 3 9 19 11 15 2 8 1 10 4 14 16 18 5 7 20 17 
student 107: 10 1 15 5 12 19 14 4 17 13 11 3 2 8 7 20 6 9 18 16 
student 108: 4 5 7 6 17 19 9 20 3 12 15 11 2 10 18 16 1 8 14 13 
student 109: 10 8 12 11 16 19 4 5 1 15 2 7 9 6 13 14 3 18 20 17 
student 110: 8 1 13 10 18 12 17 5 4 15 9 3 2 6 19 11 7 16 20 14 
student 111: 8 9 10 3 15 20 12 7 5 14 11 6 1 2 16 19 4 13 17 18 
student 112: 3 12 19 14 11 9 16 20 2 8 7 13 1 4 17 15 5 6 18 10 
student 113: 2 6 11 10 20 17 19 15 5 14 8 7 4 3 12 18 1 9 16 13 
student 114: 6 2 11 8 16 17 9 7 3 12 14 15 1 5 19 18 10 4 20 13 
student 115: 11 4 12 14 16 19 13 7 2 8 9 6 1 10 15 20 3 5 18 17 
student 116: 2 7 15 12 5 19 11 10 6 18 3 8 1 9 17 13 14 4 20 16 
student 117: 11 3 18 6 19 17 10 13 1 14 4 9 7 8 16 20 2 5 12 15 
student 118: 6 5 3 12 17 9 20 11 1 10 8 7 2 4 18 13 15 16 19 14 
student 119: 12 2 14 9 13 18 11 7 8 20 10 6 1 3 16 19 5 4 17 15 
student 120: 4 2 18 11 20 19 10 13 9 12 6 7 3 5 14 15 1 16 17 8 
student 121: 14 5 7 10 13 17 16 11 1 12 6 8 4 9 18 20 2 3 19 15 
student 122: 1 5 15 6 8 14 7 16 10 13 3 9 4 11 12 19 2 18 20 17 
student 123: 4 5 17 6 13 14 7 12 3 18 2 15 11 1 10 19 8 16 20 9 
student 124: 7 4 11 9 19 20 8 18 2 14 1 10 3 5 15 17 6 12 16 13 
student 125: 9 7 18 11 17 14 8 19 3 13 10 5 4 12 15 16 2 1 20 6 
student 126: 5 6 19 12 18 20 10 2 4 16 9 1 7 11 14 17 3 15 13 8 
student 127: 5 2 14 8 6 15 9 4 10 16 13 12 1 3 19 11 7 17 18 20 
student 128: 3 16 6 10 15 18 17 11 2 12 9 5 4 7 13 8 1 19 20 14 
student 129: 5 10 12 7 16 9 13 8 1 19 11 6 2 3 17 20 4 14 18 15 
student 130: 4 3 17 6 18 16 15 10 5 7 8 1 12 9 11 19 2 14 20 13 
student 131: 5 2 18 8 17 16 13 9 3 12 7 10 4 1 20 19 6 11 14 15 
student 132: 2 5 10 3 14 17 13 20 8 15 9 11 4 7 18 19 1 6 16 12 
student 133: 6 1 12 4 18 19 10 11 7 8 13 5 2 3 15 17 9 16 20 14 
student 134: 1 2 10 3 16 14 8 11 4 18 7 13 6 9 19 17 5 12 20 15 
student 135: 3 8 17 9 14 19 10 12 7 1 6 13 4 5 11 16 2 15 20 18 
student 136: 5 2 14 7 20 10 15 13 9 17 3 8 1 4 12 18 6 11 19 16 
student 137: 8 5 17 15 7 10 12 13 4 14 11 6 1 9 19 20 3 16 18 2 
student 138: 1 2 16 11 20 19 15 12 7 3 6 8 4 13 17 10 5 14 18 9 
student 139: 8 10 4 16 17 18 11 15 3 6 5 7 1 14 19 20 2 13 12 9 
student 140: 1 4 16 12 17 14 5 7 3 15 8 10 6 11 13 19 2 9 20 18 
student 141: 11 3 7 8 16 20 17 2 5 13 1 18 9 4 10 15 6 19 14 12 
student 142: 3 8 14 5 17 20 7 10 1 15 6 2 4 11 19 16 9 12 18 13 
student 143: 8 5 17 10 16 9 14 12 3 15 6 4 2 7 13 20 1 18 19 11 
student 144: 1 6 11 4 16 19 14 12 5 13 9 10 3 7 17 18 2 8 20 15 
student 145: 5 7 17 6 18 10 19 8 2 15 12 9 1 4 14 13 3 11 16 20 
student 146: 8 3 5 1 13 19 11 10 2 14 16 4 9 7 15 17 12 18 20 6 
student 147: 1 6 7 10 18 19 9 12 5 8 15 2 13 3 11 16 4 17 20 14 
student 148: 4 2 11 3 17 19 6 10 9 15 7 8 5 12 13 16 1 14 18 20 
student 149: 6 4 12 14 15 17 10 16 1 9 13 5 3 2 7 19 8 11 20 18 
student 150: 4 6 10 3 13 17 12 11 1 20 9 8 2 5 16 19 7 15 18 14 
student 151: 8 2 9 12 5 17 13 16 1 15 11 3 4 6 14 7 10 20 18 19 
student 152: 4 6 10 2 18 16 13 12 11 5 15 3 9 1 8 19 20 7 14 17 
student 153: 6 1 7 13 14 19 11 10 2 18 12 4 5 17 15 20 8 3 16 9 
student 154: 7 1 11 17 16 15 9 12 3 20 14 2 10 5 8 13 4 6 18 19 
student 155: 12 1 15 10 5 8 13 9 3 18 16 7 6 4 20 19 2 17 14 11 
student 156: 14 5 16 8 12 15 20 10 1 11 13 7 2 6 19 18 3 9 17 4 
student 157: 7 2 14 12 17 18 15 6 3 11 20 4 1 10 19 9 5 8 16 13 
student 158: 5 7 17 10 18 13 14 6 2 12 11 9 1 4 8 20 3 16 19 15 
student 159: 5 7 14 11 19 6 16 10 4 3 12 1 2 9 17 18 8 13 20 15 
student 160: 3 2 6 5 13 18 9 16 11 10 15 4 7 1 14 17 12 8 20 19 
student 161: 8 7 18 10 16 17 11 5 1 3 13 2 9 14 6 12 4 15 20 19 
student 162: 2 4 10 6 16 19 20 11 5 15 8 7 1 13 17 9 3 12 18 14 
student 163: 2 6 12 11 14 19 9 5 8 15 10 7 1 3 18 16 4 17 20 13 
student 164: 13 7 14 2 18 17 9 11 6 10 4 8 3 1 12 20 5 19 16 15 
student 165: 11 4 10 6 17 20 18 5 3 15 1 8 13 7 12 19 2 9 16 14 
student 166: 6 4 16 8 14 20 13 11 9 10 7 5 1 3 17 19 2 12 18 15 
student 167: 3 10 13 7 16 20 4 8 2 18 15 9 1 6 19 17 5 11 14 12 
student 168: 4 1 10 5 17 16 15 12 3 14 8 7 6 11 19 18 2 9 20 13 
student 169: 2 7 13 12 14 10 11 9 1 15 3 8 19 5 18 17 4 6 20 16 
student 170: 6 2 10 20 17 13 11 12 3 16 8 4 1 7 15 18 5 9 14 19 
student 171: 8 9 15 6 11 18 4 2 3 12 14 17 10 5 19 20 1 16 13 7 
student 172: 4 10 11 7 15 18 19 8 6 14 20 3 1 2 16 13 5 12 17 9 
student 173: 8 7 3 11 18 20 14 2 1 9 16 6 4 5 17 13 10 12 19 15 
student 174: 4 7 16 15 14 18 19 10 5 8 9 12 2 3 11 13 1 6 20 17 
student 175: 1 3 13 2 15 20 9 8 5 12 10 18 6 4 16 19 7 11 17 14 
student 176: 7 2 6 5 18 12 13 11 3 10 15 1 8 9 19 20 4 14 17 16 
student 177: 10 5 7 18 14 9 20 3 2 19 13 4 1 6 15 17 11 8 16 12 
student 178: 6 2 9 14 17 20 11 1 3 16 10 5 15 13 18 12 4 7 19 8 
student 179: 3 5 15 4 20 18 12 11 10 8 13 2 1 9 17 16 7 14 19 6 
student 180: 8 3 18 6 19 15 12 10 4 16 9 17 1 11 14 7 2 20 13 5 
student 181: 1 5 14 12 9 15 13 10 4 18 2 16 3 7 11 20 6 19 17 8 
student 182: 4 13 18 8 16 19 10 6 5 9 1 7 2 11 15 17 3 12 20 14 
student 183: 7 4 5 15 10 13 12 14 2 17 6 9 1 8 18 19 3 11 20 16 
student 184: 2 11 15 5 12 6 14 4 1 16 3 10 7 8 17 18 9 20 13 19 
student 185: 9 6 14 13 15 19 17 10 2 16 1 8 4 3 11 18 5 7 20 12 
student 186: 9 6 20 12 17 2 10 13 5 14 11 4 3 8 18 16 1 19 7 15 
student 187: 4 7 15 12 14 19 13 1 3 10 8 5 6 9 20 16 2 11 18 17 
student 188: 8 3 16 11 13 19 12 9 2 15 7 5 6 14 17 18 1 10 20 4 
student 189: 17 11 12 3 19 16 9 15 1 13 6 7 5 4 14 8 2 10 20 18 
student 190: 1 4 7 8 9 11 14 3 10 18 13 2 5 17 20 15 6 12 19 16 
student 191: 7 10 19 13 16 8 17 14 1 20 3 5 2 6 11 15 4 9 18 12 
student 192: 11 9 19 4 18 16 13 14 1 2 6 10 8 3 7 17 12 15 20 5 
student 193: 4 10 1 8 19 17 18 2 11 16 14 6 3 5 13 20 7 9 15 12 
student 194: 4 12 9 3 18 20 10 16 1 11 6 14 5 7 17 15 13 8 19 2 
student 195: 4 11 18 9 12 19 16 5 8 17 7 14 2 3 10 13 1 15 20 6 
student 196: 12 7 20 1 14 18 8 16 3 5 15 11 4 2 9 19 6 13 17 10 
student 197: 6 3 17 16 20 14 10 8 2 19 9 12 7 5 11 18 1 4 15 13 
student 198: 10 18 19 2 9 15 14 13 7 5 11 4 1 3 16 20 6 8 17 12 
student 199: 10 7 5 19 18 15 12 13 1 17 9 4 3 6 8 20 2 11 16 14 
student 200: 6 3 15 7 17 19 14 4 1 16 11 8 5 2 18 20 10 9 13 12 
student 201: 2 4 11 8 15 18 17 9 7 13 12 6 3 5 19 20 1 14 16 10 
student 202: 8 4 13 12 17 18 6 14 3 15 11 2 7 10 9 16 5 20 19 1 
student 203: 15 13 11 6 18 19 14 16 2 12 1 10 5 7 20 9 3 4 8 17 
student 204: 6 4 14 1 10 20 8 7 5 16 18 11 3 9 17 19 2 13 12 15 
student 205: 4 2 16 3 10 19 17 11 5 6 8 9 7 1 13 14 15 18 20 12 
student 206: 2 5 14 10 6 20 7 3 4 13 1 8 12 9 15 18 17 11 19 16 
student 207: 6 8 18 9 16 19 11 10 3 20 7 2 4 1 14 15 5 12 17 13 
student 208: 15 8 12 7 14 17 13 4 1 5 6 3 9 16 19 18 2 20 10 11 
student 209: 10 1 8 17 20 19 6 15 9 13 14 2 3 5 12 16 7 4 18 11 
student 210: 8 4 17 1 15 11 6 16 12 14 7 19 3 2 13 18 5 9 20 10 
student 211: 7 16 13 2 11 17 6 15 5 10 8 4 3 12 19 14 1 9 18 20 
student 212: 1 4 14 12 10 16 9 13 3 11 18 6 2 7 15 19 8 5 17 20 
student 213: 12 5 2 20 4 17 10 13 8 18 7 6 1 9 14 19 3 11 16 15 
student 214: 13 7 6 11 15 19 10 5 1 14 9 4 2 3 16 20 8 12 17 18 
student 215: 5 2 13 10 14 17 16 12 3 18 1 7 4 9 20 15 6 11 19 8 
student 216: 10 6 17 16 9 11 14 12 8 2 13 4 1 7 19 20 3 5 18 15 
student 217: 5 1 16 4 7 19 10 14 3 12 13 8 2 6 20 18 11 17 15 9 
student 218: 6 4 16 8 17 13 10 9 1 12 11 14 2 3 15 18 5 7 20 19 
student 219: 7 1 14 11 5 17 2 18 6 12 10 9 3 8 19 16 4 15 20 13 
student 220: 9 1 5 12 19 16 13 6 4 10 7 3 2 11 20 15 8 14 18 17 
student 221: 7 10 12 15 17 19 9 6 8 16 4 2 5 3 11 20 1 13 18 14 
student 222: 6 2 10 8 14 17 16 3 1 7 11 18 4 9 19 20 5 12 15 13 
student 223: 11 1 6 9 8 16 10 13 7 12 5 18 3 4 17 19 2 14 20 15 
student 224: 8 1 10 3 15 17 16 11 5 13 4 9 2 6 19 20 7 14 18 12 
student 225: 5 2 16 4 12 19 7 10 1 15 9 13 3 8 17 14 6 11 20 18 
student 226: 9 1 4 2 14 17 8 16 5 7 3 13 6 12 18 15 11 10 20 19 
student 227: 4 6 17 5 15 16 14 1 2 9 11 12 3 8 18 20 10 7 19 13 
student 228: 4 5 11 9 20 17 13 8 7 12 16 1 3 2 15 18 6 10 19 14 
student 229: 6 2 13 14 15 20 10 4 1 12 5 8 3 7 18 16 9 11 19 17 
student 230: 6 13 15 11 19 14 7 5 1 18 3 12 2 4 17 20 8 9 16 10 
student 231: 6 13 11 15 20 7 9 5 16 19 4 3 1 12 18 14 2 8 10 17 
student 232: 3 4 8 14 12 19 15 16 5 9 10 6 1 13 20 11 2 7 18 17 
student 233: 5 7 10 3 17 16 20 2 9 13 1 14 4 12 11 15 8 6 19 18 
student 234: 3 12 19 16 5 20 10 13 6 14 9 11 2 1 18 15 8 4 17 7 
student 235: 4 2 12 8 20 14 10 5 6 15 3 11 1 17 13 16 7 9 19 18 
student 236: 7 6 18 9 14 12 13 5 10 15 8 2 3 4 20 17 1 11 19 16 
student 237: 18 11 3 15 8 16 4 5 7 17 2 19 6 1 14 12 10 13 9 20 
student 238: 10 9 6 3 20 16 13 7 1 17 11 2 4 5 19 14 8 12 18 15 
student 239: 5 3 14 9 8 15 4 13 10 16 2 18 6 12 17 20 1 7 19 11 
student 240: 7 5 11 2 16 17 9 19 4 12 13 10 3 8 14 18 1 6 20 15 
student 241: 1 4 13 7 10 17 9 2 5 15 14 6 3 12 18 20 8 16 19 11 
student 242: 4 3 11 13 15 14 6 10 1 17 7 9 2 5 20 16 8 12 19 18 
student 243: 8 1 14 10 12 16 9 13 6 2 3 5 4 15 19 18 7 11 20 17 
student 244: 6 4 19 2 10 14 13 11 12 16 5 3 1 8 17 20 9 7 15 18 
student 245: 17 5 4 12 11 19 13 10 2 9 8 7 6 3 14 18 1 16 20 15 
student 246: 3 1 11 10 19 17 13 9 5 12 8 7 2 4 20 15 6 16 18 14 
student 247: 3 1 12 13 14 16 2 11 4 18 8 9 5 6 20 10 7 15 19 17 
student 248: 3 5 9 8 15 16 17 12 2 13 6 10 4 7 18 20 1 19 14 11 
student 249: 11 3 8 7 19 15 2 12 5 16 6 10 4 13 20 14 1 17 18 9 
student 250: 1 15 9 13 18 12 20 8 4 11 6 3 2 7 19 17 10 5 16 14 
student 251: 8 3 16 12 17 15 14 1 19 11 7 5 6 4 13 18 2 9 20 10 
student 252: 11 8 10 3 15 13 17 1 7 6 14 9 2 5 19 16 4 12 20 18 
student 253: 4 7 8 12 16 9 11 15 3 6 10 5 1 13 14 17 2 18 19 20 
student 254: 9 4 7 3 18 14 15 10 8 12 6 5 1 2 13 17 20 16 19 11 
student 255: 12 5 6 15 17 18 9 16 2 8 4 1 3 10 13 19 7 14 20 11 
student 256: 11 1 15 7 16 18 12 9 2 17 19 3 6 8 14 20 5 10 4 13 
student 257: 5 7 10 1 20 13 12 11 3 17 6 8 4 9 16 19 2 14 15 18 
student 258: 7 2 15 6 19 18 9 8 3 17 11 10 1 5 4 13 12 14 20 16 
student 259: 8 1 9 2 14 20 12 10 4 16 15 7 3 5 13 19 6 17 18 11 
student 260: 8 4 16 6 18 19 12 13 2 9 5 17 7 3 15 11 1 14 20 10 
student 261: 7 13 20 6 11 9 14 16 1 15 5 10 2 4 12 18 3 8 19 17 
student 262: 1 9 10 8 19 20 13 7 4 17 11 6 5 2 14 15 3 12 18 16 
student 263: 14 3 5 10 7 17 13 4 1 18 9 8 2 6 12 19 11 16 15 20 
student 264: 4 1 7 5 10 17 6 13 2 15 16 12 14 11 18 8 3 9 20 19 
student 265: 3 6 15 11 14 18 13 16 4 17 8 10 2 7 12 19 5 1 20 9 
student 266: 10 5 16 9 13 20 6 3 1 18 14 8 15 2 17 12 4 11 19 7 
student 267: 7 4 13 16 20 12 15 10 8 14 18 9 1 3 17 6 2 11 19 5 
student 268: 3 1 19 10 11 18 13 9 5 15 6 17 4 7 14 20 2 12 16 8 
student 269: 3 10 6 5 17 19 14 8 7 13 16 1 15 12 9 18 4 2 20 11 
student 270: 6 3 12 4 18 19 7 11 2 14 10 8 1 5 16 17 9 15 20 13 
student 271: 8 10 13 5 7 18 11 9 3 16 1 12 2 4 14 19 6 15 20 17 
student 272: 12 16 5 6 15 14 17 2 1 19 10 3 13 11 7 18 8 4 20 9 
student 273: 3 6 18 11 10 14 7 5 1 13 9 12 2 4 20 15 8 16 17 19 
student 274: 6 1 14 12 18 7 13 15 4 17 5 8 3 11 9 16 2 19 20 10 
student 275: 6 4 9 3 17 14 15 8 11 19 13 12 7 2 16 20 1 10 18 5 
student 276: 4 7 6 14 10 15 8 9 2 11 17 5 3 12 13 20 1 16 18 19 
student 277: 5 1 20 7 15 17 12 3 2 18 13 8 11 10 9 19 4 6 16 14 
student 278: 2 1 12 16 13 17 10 14 8 5 7 9 3 4 20 19 6 18 15 11 
student 279: 17 3 14 18 20 10 11 9 1 12 4 2 6 8 15 16 5 19 13 7 
student 280: 8 10 9 4 20 15 12 7 1 16 6 18 2 5 13 17 3 11 19 14 
student 281: 10 1 9 20 19 4 11 12 6 13 15 7 2 8 18 16 3 5 17 14 
student 282: 5 2 10 6 12 14 9 13 1 16 15 7 4 11 18 17 3 8 20 19 
student 283: 13 4 9 6 16 17 8 11 2 14 12 7 1 5 20 18 3 10 19 15 
student 284: 10 3 17 9 12 20 13 14 2 7 11 8 4 1 18 15 5 6 19 16 
student 285: 1 18 13 16 7 15 10 8 3 11 14 4 2 5 19 12 6 17 20 9 
student 286: 8 3 6 19 14 9 7 4 16 20 5 13 2 10 17 15 1 12 18 11 
student 287: 3 7 14 8 16 15 13 10 5 17 6 12 2 4 19 20 1 11 9 18 
student 288: 3 9 10 14 16 17 6 8 1 11 18 12 2 4 15 19 7 5 20 13 
student 289: 2 9 17 8 18 15 14 7 4 19 6 5 1 10 12 16 3 11 13 20 
student 290: 3 5 10 7 20 18 8 14 2 12 15 6 4 1 16 19 9 11 17 13 
student 291: 7 4 14 17 13 11 12 8 1 9 6 3 5 2 10 18 15 19 20 16 
student 292: 8 2 18 9 13 19 11 6 12 1 3 15 5 7 16 17 4 10 20 14 
student 293: 1 8 11 10 16 17 3 18 4 20 7 9 2 6 5 15 12 19 14 13 
student 294: 7 3 11 6 16 19 12 10 5 13 8 9 2 1 18 20 4 14 17 15 
student 295: 8 9 12 3 16 20 18 11 15 13 10 4 7 5 6 19 2 1 17 14 
student 296: 3 2 8 1 18 17 7 10 13 16 11 6 4 5 14 20 12 9 15 19 
student 297: 13 5 3 8 17 20 7 15 4 11 14 10 1 6 19 16 2 9 18 12 
student 298: 4 6 9 13 15 20 8 11 3 18 12 7 1 5 16 19 2 14 17 10 
student 299: 11 19 13 12 2 8 18 4 1 6 7 9 10 5 16 15 3 14 20 17 
student 300: 1 4 15 13 17 19 2 14 6 12 8 16 3 11 18 20 5 9 7 10 
student 301: 4 5 20 11 16 17 15 10 7 19 8 9 3 2 18 14 1 12 13 6 
student 302: 4 8 16 14 15 17 9 12 6 19 7 3 1 5 18 11 2 13 10 20 
student 303: 12 3 15 4 17 19 9 8 7 10 6 11 2 5 13 20 1 14 18 16 
student 304: 8 2 6 4 13 5 17 18 3 15 10 12 1 9 16 19 7 11 20 14 
student 305: 5 3 14 11 15 19 6 8 9 13 18 7 2 4 20 17 1 10 16 12 
student 306: 2 1 13 17 19 5 12 20 7 14 10 4 3 8 16 11 9 6 18 15 
student 307: 7 3 13 5 14 20 15 12 1 11 10 9 4 8 16 6 2 18 19 17 
student 308: 7 3 14 5 16 20 15 9 1 19 13 8 6 4 12 18 2 10 17 11 
student 309: 7 9 16 4 15 12 6 11 1 17 3 10 2 8 14 19 5 13 20 18 
student 310: 7 2 12 4 20 11 15 9 5 18 8 10 6 3 19 14 1 13 16 17 
student 311: 5 13 17 4 15 16 10 9 3 12 11 1 6 7 19 18 2 8 14 20 
student 312: 2 5 13 8 17 18 7 9 3 15 4 10 1 6 14 19 11 12 20 16 
student 313: 17 1 14 7 20 10 12 13 3 15 6 4 5 16 9 11 8 2 18 19 
student 314: 4 10 11 7 12 20 16 8 1 15 2 6 3 5 14 19 9 17 18 13 
student 315: 7 13 5 9 18 6 11 14 2 19 12 3 4 1 17 10 8 16 20 15 
student 316: 10 3 9 5 18 16 8 6 12 11 14 7 2 4 13 19 1 15 20 17 
student 317: 19 2 11 10 15 14 12 13 1 16 6 7 9 4 8 17 5 3 18 20 
student 318: 3 9 10 6 8 16 15 13 7 14 11 5 1 2 17 19 4 18 20 12 
student 319: 9 7 16 13 15 14 20 11 3 6 8 1 4 10 17 18 2 5 19 12 
student 320: 6 1 13 10 18 20 9 4 7 15 2 8 5 3 19 17 11 14 12 16 
student 321: 6 7 12 10 17 19 15 9 2 18 3 5 4 8 14 20 1 11 16 13 
student 322: 3 2 20 9 18 8 15 11 5 13 10 7 1 4 16 12 6 14 17 19 
student 323: 7 3 15 5 19 17 11 6 4 16 10 8 1 9 18 12 2 14 20 13 
student 324: 1 6 17 13 19 9 15 12 5 11 4 10 2 7 8 18 3 16 20 14 
student 325: 1 7 12 4 17 19 16 11 5 15 10 6 8 14 18 20 3 9 2 13 
student 326: 3 6 12 5 19 20 11 7 1 16 10 15 4 14 18 8 2 17 13 9 
student 327: 4 2 14 7 19 18 10 8 5 11 9 6 1 17 16 15 3 13 20 12 
student 328: 11 6 10 4 9 15 8 7 2 16 14 3 1 13 17 18 5 12 20 19 
student 329: 10 3 14 13 15 16 7 5 1 8 4 6 2 9 20 18 12 17 19 11 
student 330: 9 5 13 7 8 20 12 11 4 10 16 1 3 6 19 15 2 17 14 18 
student 331: 3 8 15 13 17 19 11 7 6 16 12 1 4 9 18 14 2 10 20 5 
student 332: 3 6 11 18 15 9 4 17 2 20 10 16 5 8 13 19 1 7 12 14 
student 333: 7 2 13 14 12 19 15 8 1 17 9 6 3 5 18 11 4 10 16 20 
student 334: 3 1 13 9 20 11 10 7 12 16 2 18 8 4 17 15 5 6 19 14 
student 335: 5 3 13 2 15 14 12 11 4 20 10 9 1 8 19 16 7 18 17 6 
student 336: 5 4 11 10 15 20 13 14 3 16 2 8 1 7 12 17 6 19 18 9 
student 337: 6 8 12 14 16 19 17 3 1 9 5 10 7 2 11 20 4 15 18 13 
student 338: 9 3 14 17 13 8 7 12 2 18 5 10 4 6 15 19 1 11 20 16 
student 339: 2 5 8 11 14 20 12 10 4 16 7 6 1 3 15 18 9 17 19 13 
student 340: 1 6 11 5 13 20 8 12 19 18 9 3 4 7 17 14 2 15 10 16 
student 341: 11 2 13 7 18 19 6 14 9 4 5 10 3 1 17 20 12 8 16 15 
student 342: 12 4 18 10 9 13 17 11 7 15 2 1 6 3 19 16 8 5 20 14 
student 343: 3 4 16 10 18 17 9 5 11 7 6 8 1 13 14 20 2 15 19 12 
student 344: 7 14 16 10 13 20 9 4 5 17 8 6 3 2 18 11 1 12 15 19 
student 345: 4 11 14 2 17 16 10 19 7 13 8 6 3 12 18 20 1 5 9 15 
student 346: 3 2 20 14 11 19 6 13 5 7 12 9 1 8 18 17 4 10 15 16 
student 347: 12 11 14 2 19 18 6 9 3 17 5 4 7 1 13 15 10 8 20 16 
student 348: 8 7 10 9 6 17 18 13 1 14 12 4 2 5 11 19 3 15 20 16 
student 349: 9 4 12 14 15 20 10 6 1 16 8 11 3 7 13 19 2 5 18 17 
student 350: 4 9 7 5 15 10 18 2 3 16 11 8 1 12 14 17 6 13 20 19 
student 351: 1 14 12 10 7 19 13 6 4 15 3 17 9 5 18 20 2 11 8 16 
student 352: 13 8 17 16 7 18 6 3 1 20 11 2 4 15 19 10 5 9 14 12 
student 353: 6 7 11 12 19 18 3 4 8 9 17 10 1 2 13 14 5 20 15 16 
student 354: 12 2 15 10 18 13 1 5 7 11 9 6 3 4 17 14 8 20 19 16 
student 355: 10 9 8 6 16 20 12 13 4 15 11 3 1 5 14 18 2 7 19 17 
student 356: 5 6 9 11 16 10 14 12 4 15 8 7 2 3 19 17 1 20 18 13 
student 357: 7 1 11 4 18 17 10 12 2 6 19 3 15 9 16 14 5 13 20 8 
student 358: 15 12 14 7 16 18 2 8 4 9 6 1 3 11 17 20 5 10 19 13 
student 359: 11 4 1 7 19 18 9 10 16 15 6 3 2 8 13 17 5 12 20 14 
student 360: 7 14 6 8 19 13 17 2 10 18 1 4 3 12 20 16 5 15 9 11 
student 361: 12 4 15 7 19 13 14 18 1 9 8 6 2 5 11 17 3 16 20 10 
student 362: 5 3 7 4 18 14 16 12 1 15 9 2 8 10 11 20 17 6 19 13 
student 363: 18 12 5 7 13 19 16 11 1 20 8 10 3 6 14 15 2 9 17 4 
student 364: 6 1 19 4 10 20 7 8 5 14 13 15 2 12 16 3 9 11 18 17 
student 365: 2 6 8 14 16 19 15 10 3 12 4 7 1 11 20 18 5 9 17 13 
student 366: 8 10 17 9 15 16 7 12 6 14 4 11 2 1 20 5 3 13 19 18 
student 367: 3 4 14 8 15 16 7 12 10 11 9 6 2 1 17 20 5 13 18 19 
student 368: 1 15 13 5 4 9 14 16 10 19 7 3 11 2 18 6 8 12 20 17 
student 369: 18 1 19 9 12 14 8 3 2 13 5 11 7 6 15 16 4 17 20 10 
student 370: 10 2 14 11 20 13 12 9 1 5 19 8 3 7 15 18 4 6 16 17 
student 371: 12 11 3 14 16 8 13 10 5 9 2 4 1 7 19 20 6 17 15 18 
student 372: 3 7 9 2 14 20 13 11 4 16 10 8 12 6 18 15 1 17 19 5 
student 373: 3 9 17 11 15 19 13 14 1 18 8 2 4 7 10 20 5 6 16 12 
student 374: 3 10 15 1 16 20 13 8 4 18 6 11 2 19 12 9 7 14 17 5 
student 375: 8 17 9 6 19 16 5 7 12 11 4 2 1 10 18 15 3 13 14 20 
student 376: 5 9 17 13 12 20 6 11 1 10 7 8 3 4 18 16 2 15 19 14 
student 377: 4 8 14 11 16 18 6 12 1 7 10 5 2 9 17 19 3 15 13 20 
student 378: 3 6 7 9 14 20 11 18 5 19 16 8 1 2 15 10 4 12 17 13 
student 379: 7 4 15 3 13 14 5 17 1 11 12 16 2 8 18 19 6 9 20 10 
student 380: 3 4 10 11 18 14 1 13 2 16 5 6 7 9 20 19 12 8 17 15 
student 381: 14 2 11 13 12 19 4 10 1 15 7 8 9 6 17 18 5 3 20 16 
student 382: 11 4 16 2 12 17 5 9 1 10 8 13 6 7 18 14 3 15 20 19 
student 383: 4 6 15 2 12 17 13 9 5 18 8 10 3 11 14 19 1 7 20 16 
student 384: 9 4 16 6 12 17 10 13 2 18 14 7 1 5 15 20 3 11 8 19 
student 385: 6 8 11 15 14 20 10 5 4 17 12 2 3 7 13 16 1 9 18 19 
student 386: 4 8 16 3 20 14 10 11 9 15 7 5 1 6 12 19 2 17 18 13 
student 387: 4 5 13 16 14 20 11 17 3 6 10 8 1 9 12 19 2 15 18 7 
student 388: 8 4 9 6 17 20 11 10 3 13 5 14 18 2 16 19 1 7 15 12 
student 389: 5 2 17 7 12 15 14 11 3 9 20 8 1 6 19 13 4 10 18 16 
student 390: 4 7 16 11 15 20 13 2 12 19 8 1 10 5 17 9 3 18 14 6 
student 391: 7 5 9 11 15 20 13 10 2 14 4 8 6 3 17 18 1 12 19 16 
student 392: 2 6 9 17 16 20 10 11 3 13 5 12 8 1 14 18 4 15 19 7 
student 393: 14 5 19 7 12 20 6 10 1 17 9 2 11 4 13 16 3 15 18 8 
student 394: 6 8 7 13 19 16 15 4 2 12 11 14 5 3 18 20 10 1 17 9 
student 395: 6 4 13 3 20 16 9 12 2 18 8 5 1 7 14 19 15 11 17 10 
student 396: 4 8 9 3 10 14 17 15 12 16 6 11 2 1 19 13 5 7 20 18 
student 397: 8 12 7 5 20 17 11 10 1 15 18 2 6 3 16 19 4 14 9 13 
student 398: 13 10 11 12 15 17 18 6 2 16 7 1 3 4 19 14 5 8 20 9 
student 399: 8 3 18 10 14 16 15 4 5 11 9 7 6 2 19 20 1 13 17 12 
student 400: 12 11 16 5 10 20 3 17 1 14 9 2 4 8 15 6 7 18 19 13 
student 401: 4 1 16 14 15 20 10 7 2 19 12 9 3 5 18 11 8 17 13 6 
student 402: 3 8 18 14 17 15 13 4 5 12 6 9 1 7 16 10 2 11 19 20 
student 403: 1 6 10 7 4 19 16 5 2 14 9 12 8 3 18 17 15 11 20 13 
student 404: 7 2 16 8 19 14 9 6 1 15 12 5 13 3 20 18 4 10 17 11 
student 405: 9 7 17 13 15 12 11 10 5 20 8 4 2 1 18 19 3 16 14 6 
student 406: 10 7 13 3 16 18 5 8 1 20 6 11 2 4 9 19 14 12 17 15 
student 407: 8 2 16 11 14 20 10 9 1 13 6 7 4 3 12 15 5 18 17 19 
student 408: 3 2 15 8 17 18 10 12 9 11 5 6 1 7 13 14 4 19 16 20 
student 409: 4 6 8 11 12 18 13 7 3 9 16 5 1 19 14 15 2 17 20 10 
student 410: 7 2 8 15 9 20 11 5 4 19 10 12 1 6 13 18 3 14 16 17 
student 411: 6 1 15 7 16 20 19 10 2 14 9 8 12 4 13 17 5 3 18 11 
student 412: 6 9 15 17 8 19 10 12 1 2 7 20 4 5 13 18 3 11 16 14 
student 413: 4 11 15 10 19 7 8 18 1 20 9 2 6 5 12 13 3 14 16 17 
student 414: 18 4 8 3 17 16 12 14 9 7 10 5 2 6 20 15 1 11 19 13 
student 415: 7 1 10 8 12 13 20 16 2 5 17 4 3 9 18 19 6 14 15 11 
student 416: 10 4 14 8 16 18 13 15 3 17 12 7 5 6 11 20 2 1 19 9 
student 417: 7 5 16 15 1 12 14 11 8 10 9 20 2 13 19 18 4 3 6 17 
student 418: 9 19 11 7 15 13 14 6 1 18 8 4 5 2 20 16 3 10 17 12 
student 419: 1 9 15 8 13 16 10 12 7 11 3 5 2 6 19 20 4 14 17 18 
student 420: 9 5 15 4 20 16 18 12 6 17 7 3 2 10 13 8 1 14 19 11 
student 421: 8 1 20 3 16 14 10 5 2 15 7 4 9 11 18 19 6 12 17 13 
student 422: 6 5 18 4 20 17 8 10 3 15 11 12 2 7 9 16 1 14 19 13 
student 423: 9 3 17 10 15 7 12 11 2 8 6 13 1 5 20 16 4 14 18 19 
student 424: 5 6 13 9 18 15 16 8 2 17 1 3 10 7 14 20 4 11 19 12 
student 425: 5 2 6 16 11 19 15 12 1 10 8 14 3 9 20 13 4 7 18 17 
student 426: 1 2 13 4 19 16 5 18 7 14 9 8 6 3 20 12 11 10 17 15 
student 427: 5 8 13 9 12 20 10 3 7 19 6 15 1 2 14 16 4 11 18 17 
student 428: 13 3 10 1 15 19 4 9 2 12 14 8 7 5 17 11 6 18 20 16 
student 429: 4 7 12 16 13 15 9 5 2 11 8 1 14 3 17 19 10 6 18 20 
student 430: 17 7 18 8 16 20 12 11 9 3 1 6 2 4 19 13 5 10 15 14 
student 431: 9 7 6 8 16 18 17 11 13 14 2 10 3 5 4 19 1 12 20 15 
student 432: 3 1 12 11 20 17 13 9 2 14 5 10 7 6 16 18 4 15 19 8 
student 433: 9 5 18 6 15 13 16 3 1 19 11 8 2 7 12 20 4 10 17 14 
student 434: 13 3 12 6 16 19 11 10 5 15 18 1 2 9 8 17 4 7 20 14 
student 435: 9 3 13 10 8 16 12 17 4 14 7 11 2 6 19 20 5 1 15 18 
student 436: 14 6 12 11 20 16 9 7 10 2 8 3 1 4 15 19 5 17 18 13 
student 437: 9 2 16 4 10 17 20 14 5 13 11 1 7 3 15 19 6 8 18 12 
student 438: 2 6 8 4 16 10 19 11 5 12 7 3 9 20 18 14 1 13 17 15 
student 439: 5 7 15 18 12 16 11 13 2 19 6 4 1 8 14 17 3 9 20 10 
student 440: 6 7 15 5 18 19 10 12 2 13 9 1 8 4 16 14 3 11 20 17 
student 441: 1 3 15 9 16 19 8 4 7 13 2 20 5 11 18 14 6 10 17 12 
student 442: 12 6 20 9 14 17 13 7 5 19 3 18 1 4 15 16 2 11 8 10 
student 443: 10 5 11 14 16 17 9 7 4 18 8 1 3 6 19 15 2 12 20 13 
student 444: 6 4 9 7 19 18 13 15 5 12 2 1 3 8 14 17 11 10 20 16 
student 445: 12 15 9 16 13 10 7 4 6 3 8 18 1 2 19 11 5 14 17 20 
student 446: 11 5 13 8 19 16 9 12 3 15 4 10 1 2 17 18 6 14 20 7 
student 447: 3 9 15 12 18 16 13 6 1 19 14 5 4 2 8 20 10 7 17 11 
student 448: 5 13 9 10 19 17 14 11 1 20 6 4 2 8 15 16 3 12 18 7 
student 449: 3 10 15 7 6 20 16 12 2 13 9 5 1 14 18 19 4 8 11 17 
student 450: 13 1 15 10 17 12 8 11 3 19 7 4 2 6 14 16 5 9 18 20 
student 451: 6 2 11 8 17 15 13 10 1 16 3 9 4 12 14 19 5 7 20 18 
student 452: 8 3 20 11 12 16 6 14 4 9 2 13 1 5 10 17 7 18 19 15 
student 453: 11 2 15 8 18 19 16 17 4 13 10 14 1 6 7 12 5 3 20 9 
student 454: 7 13 8 5 14 18 9 11 1 12 15 10 4 3 19 16 2 6 17 20 
student 455: 3 15 14 11 16 17 13 19 4 10 9 8 2 6 20 7 1 12 18 5 
student 456: 3 2 13 7 16 17 15 11 4 18 6 9 1 5 14 19 10 8 20 12 
student 457: 7 2 14 10 19 18 17 12 4 15 11 5 1 3 13 16 8 9 20 6 
student 458: 2 3 1 9 15 17 8 20 5 12 18 11 6 7 14 19 4 13 16 10 
student 459: 6 14 16 2 10 20 8 17 3 18 12 11 1 7 4 13 9 15 5 19 
student 460: 7 1 16 15 20 17 14 13 4 5 3 6 10 12 2 19 8 18 11 9 
student 461: 2 8 15 7 19 16 6 5 4 14 12 11 1 10 20 18 3 9 17 13 
student 462: 11 1 12 4 14 16 7 8 6 19 3 10 5 9 15 17 18 2 20 13 
student 463: 4 9 18 10 13 14 12 8 2 17 6 5 11 1 15 19 7 20 16 3 
student 464: 7 5 13 11 15 17 6 10 2 9 12 8 4 3 20 19 1 18 14 16 
student 465: 5 1 10 17 16 14 20 13 7 12 9 6 4 2 18 19 3 8 15 11 
student 466: 11 7 15 5 17 19 6 13 2 16 3 9 1 10 18 14 8 4 20 12 
student 467: 13 11 18 7 12 20 6 4 3 10 8 9 1 5 19 16 2 15 14 17 
student 468: 8 5 16 7 15 20 9 14 4 2 6 10 1 17 19 11 3 13 18 12 
student 469: 10 8 14 18 19 15 16 6 3 9 2 11 1 7 12 20 5 13 17 4 
student 470: 14 10 9 13 15 12 16 7 4 11 8 6 2 5 19 20 1 3 18 17 
student 471: 9 8 14 10 18 13 6 16 1 19 2 4 3 11 12 17 7 20 5 15 
student 472: 8 6 17 10 14 18 12 5 3 19 11 4 1 15 16 13 2 9 20 7 
student 473: 5 4 14 19 17 16 10 6 1 8 9 15 3 2 20 11 13 7 18 12 
student 474: 8 2 18 6 19 10 20 11 9 5 17 7 1 14 13 15 4 12 16 3 
student 475: 10 3 19 9 12 14 13 6 1 8 4 17 7 2 16 20 5 15 18 11 
student 476: 6 5 14 19 9 20 10 4 3 17 7 8 2 13 16 15 1 11 18 12 
student 477: 4 1 13 5 12 16 15 10 8 19 2 6 3 9 14 20 7 11 18 17 
student 478: 6 10 12 4 9 18 3 13 2 17 8 14 7 11 5 20 1 15 16 19 
student 479: 9 8 13 10 18 19 6 11 2 16 3 4 1 5 17 20 7 12 15 14 
student 480: 7 8 17 9 18 19 12 14 4 10 6 13 2 1 15 11 3 5 20 16 
student 481: 4 7 17 13 18 11 9 8 2 16 3 10 1 5 20 19 6 14 15 12 
student 482: 8 10 16 11 12 20 9 7 1 14 2 6 3 5 13 18 4 15 17 19 
student 483: 9 4 14 10 7 17 12 11 2 20 6 8 1 5 16 19 3 15 18 13 
student 484: 11 2 6 13 9 7 20 8 12 18 15 5 3 4 10 16 1 19 14 17 
student 485: 11 3 12 7 17 18 10 9 4 16 5 6 2 8 15 20 1 13 19 14 
student 486: 11 6 14 9 15 19 7 10 4 8 1 3 2 12 16 20 5 18 17 13 
student 487: 5 6 13 11 18 20 7 12 14 10 16 8 3 2 15 17 4 9 19 1 
student 488: 1 9 14 8 13 20 7 12 6 17 11 10 2 3 19 5 4 15 18 16 
student 489: 5 4 10 11 16 14 8 9 2 12 7 1 13 6 17 18 3 20 19 15 
student 490: 8 3 12 16 15 17 6 10 5 18 11 4 1 7 19 20 2 9 13 14 
student 491: 9 2 16 1 13 18 15 3 5 6 8 12 7 11 10 17 4 14 19 20 
student 492: 4 3 15 8 17 16 9 13 14 10 12 7 2 5 11 18 1 6 19 20 
student 493: 2 5 16 17 19 12 15 20 11 6 9 1 7 3 8 18 4 13 14 10 
student 494: 8 3 7 6 10 15 11 18 5 12 20 4 2 1 19 17 9 13 16 14 
student 495: 8 2 12 3 18 19 11 7 5 15 10 17 6 9 13 16 1 4 20 14 
student 496: 1 5 3 10 14 20 13 9 8 16 12 6 2 11 17 19 4 15 18 7 
student 497: 6 1 19 10 8 20 4 12 15 17 9 3 7 2 16 11 14 5 18 13 
student 498: 6 1 11 8 20 15 13 9 2 12 7 10 4 3 16 17 5 18 19 14 
student 499: 7 3 15 13 17 18 11 10 1 12 8 16 2 5 19 6 4 9 14 20 
student 500: 1 6 13 15 12 19 11 4 3 18 9 10 2 7 17 20 5 8 16 14 
student 501: 3 7 15 14 18 17 9 10 12 4 8 11 1 19 6 20 2 16 13 5 
student 502: 5 1 7 19 17 20 8 13 3 10 15 11 2 6 14 18 4 9 16 12 
student 503: 1 6 14 4 19 18 8 9 2 13 11 7 3 12 16 20 5 10 17 15 
student 504: 6 4 16 3 8 13 17 11 5 15 9 10 2 7 18 12 1 14 19 20 
student 505: 2 8 10 12 16 20 11 9 3 19 4 7 5 13 14 18 1 6 17 15 
student 506: 9 6 20 5 7 8 18 15 3 17 11 4 10 1 19 14 2 12 13 16 
student 507: 3 5 19 10 17 20 15 12 1 13 6 7 11 4 9 16 2 8 18 14 
student 508: 7 3 18 12 19 17 9 2 6 16 13 4 1 5 11 20 8 10 15 14 
student 509: 13 3 14 9 4 18 12 7 2 19 8 5 6 10 15 11 1 16 20 17 
student 510: 8 9 18 3 20 15 6 11 1 10 12 5 2 4 16 19 7 14 17 13 
student 511: 1 11 19 15 8 13 12 7 5 9 16 10 2 4 18 14 3 6 17 20 
student 512: 4 7 11 15 6 14 13 18 1 12 10 17 5 8 20 19 3 9 16 2 
student 513: 12 2 15 6 11 19 16 10 7 17 3 8 1 5 13 18 4 9 20 14 
student 514: 1 7 13 6 16 17 11 12 4 18 5 10 2 8 20 14 3 9 19 15 
student 515: 6 7 13 10 15 19 8 12 5 3 14 11 2 1 16 20 4 9 18 17 
student 516: 7 1 4 6 10 15 19 11 3 13 9 8 2 12 16 17 5 14 20 18 
student 517: 12 4 18 19 15 11 16 7 1 9 2 6 3 5 14 13 10 20 17 8 
student 518: 4 6 14 10 19 17 15 12 2 13 5 11 1 7 18 20 3 8 16 9 
student 519: 7 15 16 6 10 18 14 8 1 12 13 3 5 4 9 19 2 17 20 11 
student 520: 7 6 9 13 11 18 12 8 3 10 17 5 2 4 16 19 1 20 15 14 
student 521: 3 4 5 9 15 11 17 2 7 20 10 16 8 1 19 13 12 18 14 6 
student 522: 3 5 14 10 6 9 12 16 1 18 13 8 4 7 20 11 2 15 19 17 
student 523: 6 2 14 15 13 18 12 20 1 9 5 4 3 10 11 19 8 17 16 7 
student 524: 11 15 10 9 13 17 14 8 5 16 7 2 6 18 4 20 1 3 12 19 
student 525: 5 10 15 7 19 17 16 13 4 18 12 8 1 3 11 20 6 2 14 9 
student 526: 6 9 13 2 17 18 15 14 7 16 8 3 5 1 12 19 4 10 20 11 
student 527: 5 2 10 18 16 20 13 19 9 15 7 6 3 8 14 11 4 12 17 1 
student 528: 2 1 10 8 15 14 16 12 6 20 11 19 7 4 5 13 3 9 18 17 
student 529: 3 5 12 10 2 19 17 4 6 15 13 7 1 9 11 14 8 16 20 18 
student 530: 8 2 14 17 12 18 11 10 3 19 4 7 9 6 15 16 1 13 20 5 
student 531: 2 4 17 13 18 15 5 10 1 11 7 16 6 9 14 20 3 19 8 12 
student 532: 4 6 15 18 7 13 17 8 5 20 3 10 1 2 14 11 9 12 16 19 
student 533: 5 7 19 9 17 18 11 12 4 6 8 2 1 10 13 16 3 15 20 14 
student 534: 3 1 7 6 15 20 11 14 5 12 9 10 4 8 17 19 2 16 13 18 
student 535: 20 3 15 14 11 18 9 6 2 12 10 16 1 8 17 7 4 5 13 19 
student 536: 8 4 18 5 7 11 14 13 15 16 3 12 1 6 9 20 2 19 17 10 
student 537: 6 5 14 12 17 18 16 15 1 8 9 4 2 3 19 11 10 7 20 13 
student 538: 4 5 13 6 19 15 16 12 2 17 9 11 1 8 7 14 3 10 20 18 
student 539: 1 8 15 6 14 18 12 10 2 11 9 7 4 3 19 16 17 5 20 13 
student 540: 4 2 16 10 20 19 11 8 1 17 9 7 6 3 12 13 5 15 18 14 
student 541: 11 8 12 4 17 19 10 5 6 14 3 1 2 15 20 18 9 16 7 13 
student 542: 6 2 14 9 13 20 16 8 3 15 7 10 1 4 18 11 5 12 19 17 
student 543: 14 6 9 4 13 19 3 8 5 17 16 10 1 7 11 15 2 12 20 18 
student 544: 4 10 14 8 17 18 7 13 2 15 9 5 1 6 16 20 3 11 19 12 
student 545: 10 3 13 11 19 15 9 6 7 18 8 4 1 12 16 17 5 2 20 14 
student 546: 7 4 12 10 16 18 14 6 2 17 5 15 3 9 20 19 1 8 13 11 
student 547: 1 5 14 8 20 17 18 9 13 11 12 7 4 2 15 19 6 3 10 16 
student 548: 7 4 15 8 18 19 14 6 9 16 3 5 2 12 10 20 1 11 13 17 
student 549: 11 5 6 13 18 14 9 8 2 17 1 7 4 10 20 19 3 12 15 16 
student 550: 10 6 9 11 17 18 16 13 8 7 2 20 3 4 19 15 1 12 14 5 
student 551: 3 5 8 16 20 19 10 11 6 14 9 4 2 7 13 15 1 17 18 12 
student 552: 4 11 12 2 16 18 17 13 3 10 9 6 1 8 20 19 5 7 15 14 
student 553: 7 5 20 4 15 16 17 9 12 13 1 6 3 11 14 18 2 8 19 10 
student 554: 16 5 12 1 8 14 11 6 2 18 7 4 9 13 20 15 3 17 19 10 
student 555: 8 2 10 15 13 20 6 19 3 11 1 9 4 7 17 16 5 14 18 12 
student 556: 2 12 5 9 20 18 14 11 10 3 7 8 6 1 16 15 4 13 19 17 
student 557: 7 8 11 14 15 16 18 10 2 12 5 9 1 6 17 20 3 4 13 19 
student 558: 9 3 1 12 16 19 10 15 2 17 7 6 5 8 14 13 4 18 20 11 
student 559: 5 8 12 9 14 16 10 7 2 17 11 3 1 6 20 18 4 13 19 15 
student 560: 8 6 17 7 18 16 4 10 2 20 3 9 5 1 14 19 13 11 15 12 
student 561: 3 1 17 6 19 12 11 8 2 7 15 13 5 9 14 16 4 10 20 18 
student 562: 11 2 13 18 17 15 12 6 7 14 5 8 3 4 10 19 1 9 20 16 
student 563: 9 1 11 10 14 19 8 12 5 13 4 2 6 7 18 17 3 16 20 15 
student 564: 5 6 13 4 19 20 10 15 1 9 14 7 3 11 12 16 2 8 18 17 
student 565: 2 5 14 11 12 17 16 10 6 18 3 8 4 9 15 13 1 7 20 19 
student 566: 11 6 10 9 17 13 20 1 8 14 15 4 2 5 12 16 3 19 18 7 
student 567: 9 2 10 8 20 13 15 18 3 12 7 6 1 5 19 17 4 11 14 16 
student 568: 1 9 11 8 19 14 15 6 4 13 7 5 3 12 20 16 2 10 18 17 
student 569: 1 7 12 5 14 11 20 13 4 16 8 10 3 9 18 17 2 6 19 15 
student 570: 16 6 15 5 13 17 18 8 3 2 11 1 10 9 7 20 4 14 19 12 
student 571: 3 5 13 4 8 16 18 11 14 6 15 7 1 10 20 19 2 12 17 9 
student 572: 8 5 16 13 19 18 15 6 2 12 7 4 1 9 10 20 3 11 17 14 
student 573: 11 2 14 8 16 17 9 3 7 10 18 5 1 6 12 20 4 13 19 15 
student 574: 6 8 18 4 13 9 19 16 2 12 11 10 3 7 20 17 1 5 14 15 
student 575: 5 3 9 4 15 17 18 11 2 16 8 12 1 7 13 20 6 19 14 10 
student 576: 6 7 16 8 20 18 14 11 3 15 9 4 5 1 17 19 2 10 12 13 
student 577: 5 16 15 19 8 11 14 3 4 7 12 2 1 13 10 20 9 6 18 17 
student 578: 5 9 20 17 15 11 16 13 7 12 6 3 1 14 4 8 2 10 18 19 
student 579: 6 4 13 14 17 19 9 7 3 12 10 5 1 2 16 18 11 20 15 8 
student 580: 5 6 20 11 16 19 9 8 1 18 7 12 2 10 4 17 3 14 15 13 
student 581: 17 15 11 8 18 19 5 12 2 14 3 1 4 9 16 6 7 10 20 13 
student 582: 3 11 18 13 17 19 9 8 5 12 4 7 6 1 16 15 2 10 20 14 
student 583: 5 4 2 9 15 14 11 17 6 12 8 18 3 7 16 20 1 10 19 13 
student 584: 6 5 20 8 12 18 14 15 2 17 9 7 4 11 16 19 1 3 10 13 
student 585: 2 10 9 3 17 15 14 4 8 13 12 11 1 6 19 16 7 5 20 18 
student 586: 5 7 16 10 17 19 14 11 2 12 4 8 1 6 18 20 3 13 15 9 
student 587: 2 3 10 6 17 20 15 9 16 18 13 11 7 5 19 12 1 4 14 8 
student 588: 5 6 10 11 12 20 8 18 4 17 14 3 1 7 19 15 2 9 16 13 
student 589: 4 7 14 8 17 19 2 6 3 16 5 13 1 12 10 20 11 15 9 18 
student 590: 6 9 17 8 16 2 14 12 1 4 11 10 5 7 13 19 3 15 20 18 
student 591: 8 2 16 9 18 19 5 4 3 17 13 7 1 11 15 10 6 12 20 14 
student 592: 9 6 13 18 17 15 10 2 1 8 4 11 5 7 14 16 3 12 20 19 
student 593: 3 8 18 9 15 10 13 12 4 16 7 6 1 5 19 14 2 17 20 11 
student 594: 9 4 10 13 11 16 15 12 6 17 5 7 3 2 18 20 1 14 19 8 
student 595: 9 5 13 2 17 16 10 3 4 11 12 20 1 7 15 19 6 14 18 8 
student 596: 9 5 19 4 12 16 15 6 10 11 2 8 1 7 14 18 3 13 20 17 
student 597: 4 9 20 5 17 15 3 12 6 7 14 10 1 8 11 18 2 19 16 13 
student 598: 1 8 12 14 10 13 11 5 3 6 17 2 7 9 20 16 4 15 19 18 
student 599: 7 10 14 8 18 17 15 9 16 4 1 3 2 11 13 20 6 5 19 12 
student 600: 4 6 15 10 16 19 8 7 2 18 3 13 14 5 20 11 1 9 17 12 
student 601: 1 6 12 5 17 14 8 16 4 15 10 7 2 3 18 20 13 11 19 9 
student 602: 15 4 16 6 20 13 12 11 5 9 7 3 2 8 18 10 1 14 17 19 
student 603: 4 10 14 2 11 17 8 7 3 16 12 6 5 1 20 15 9 13 18 19 
student 604: 17 4 20 7 13 18 9 11 19 12 8 1 3 6 16 15 5 10 14 2 
student 605: 5 10 15 8 19 16 7 3 6 4 18 11 2 13 17 20 1 14 12 9 
student 606: 4 3 6 12 19 17 16 8 2 14 7 13 1 9 10 18 5 11 20 15 
student 607: 10 8 7 9 14 16 11 20 3 12 1 2 4 6 15 18 5 13 17 19 
student 608: 11 8 14 13 10 19 2 12 1 17 9 4 3 5 16 18 7 6 20 15 
student 609: 6 5 15 13 12 18 11 8 4 17 1 9 2 3 16 19 7 10 20 14 
student 610: 20 3 11 5 15 13 12 8 10 17 14 2 1 4 16 18 9 6 19 7 
student 611: 1 3 13 7 18 19 8 9 5 10 14 6 2 4 11 17 12 15 20 16 
student 612: 5 4 15 10 14 18 6 13 1 11 12 2 9 8 19 17 7 3 20 16 
student 613: 5 11 3 10 20 18 7 13 1 17 12 8 2 4 15 16 6 14 19 9 
student 614: 6 4 7 5 14 17 13 19 1 15 11 18 3 8 10 16 2 9 12 20 
student 615: 2 3 20 4 16 17 12 10 1 14 11 7 8 13 18 15 6 9 19 5 
student 616: 13 2 11 6 16 12 8 20 1 19 10 4 3 5 15 18 17 9 14 7 
student 617: 10 5 9 4 19 17 14 8 1 11 2 12 3 6 18 15 7 16 20 13 
student 618: 13 7 9 10 18 14 19 20 17 12 2 6 5 1 16 15 3 4 11 8 
student 619: 14 5 10 7 19 13 3 1 11 16 9 6 4 2 20 15 8 12 17 18 
student 620: 9 4 14 6 20 8 2 15 11 10 18 13 1 7 16 17 5 3 19 12 
student 621: 8 11 18 7 16 19 10 9 5 20 4 3 2 1 14 17 6 13 12 15 
student 622: 3 6 16 17 12 18 13 8 10 11 7 4 1 2 20 15 5 9 19 14 
student 623: 4 3 17 2 13 20 14 9 5 11 15 12 6 7 16 19 1 8 18 10 
student 624: 6 5 13 18 12 20 2 14 7 15 11 9 4 3 8 19 1 10 16 17 
student 625: 1 7 17 10 14 12 9 15 6 19 3 11 2 5 20 13 4 8 16 18 
student 626: 6 1 20 15 13 14 5 12 2 16 9 8 7 4 11 17 3 19 18 10 
student 627: 2 9 10 11 14 13 3 7 6 18 8 5 1 17 20 15 4 12 19 16 
student 628: 5 2 13 12 19 9 11 8 7 20 3 10 1 4 14 16 6 18 17 15 
student 629: 8 4 12 3 19 20 14 9 6 15 10 5 1 2 11 17 7 13 18 16 
student 630: 12 2 15 6 16 17 11 9 1 8 13 10 4 5 7 19 3 14 20 18 
student 631: 5 14 13 8 4 18 11 7 1 16 12 10 2 6 15 19 3 9 20 17 
student 632: 6 5 7 16 17 12 9 2 1 11 10 14 3 4 20 13 8 15 19 18 
student 633: 5 13 20 8 19 15 7 4 2 6 18 9 1 16 11 17 3 12 14 10 
student 634: 1 5 8 3 18 19 12 7 6 17 10 13 2 9 15 20 4 11 14 16 
student 635: 11 6 20 5 10 14 9 13 3 8 7 12 1 4 15 17 2 18 19 16 
student 636: 8 6 9 17 15 16 11 19 3 13 2 10 1 12 4 14 5 7 18 20 
student 637: 14 7 6 9 13 17 8 12 1 18 4 2 3 10 15 19 5 16 20 11 
student 638: 6 15 16 4 19 17 7 10 11 9 8 5 1 3 20 12 2 14 18 13 
student 639: 3 4 17 6 12 19 14 8 7 10 5 2 1 13 15 16 11 9 18 20 
student 640: 3 12 16 11 18 6 7 19 2 8 9 4 1 10 20 14 5 15 13 17 
student 641: 5 4 14 17 15 13 12 6 1 16 9 3 10 7 19 20 2 11 18 8 
student 642: 9 1 14 8 16 7 13 19 4 10 3 2 11 6 12 20 5 15 18 17 
student 643: 7 12 14 5 1 18 10 13 3 15 4 11 2 8 16 19 6 9 20 17 
student 644: 10 9 16 11 8 13 12 14 6 17 5 3 2 1 15 19 7 18 20 4 
student 645: 1 8 14 12 3 17 4 10 5 19 9 7 6 18 15 16 2 13 20 11 
student 646: 7 1 16 11 8 17 3 14 5 19 6 10 2 12 18 15 4 9 20 13 
student 647: 5 3 6 15 14 20 16 4 2 13 10 11 1 8 19 17 7 9 18 12 
student 648: 17 4 13 11 6 15 20 18 1 12 10 5 3 8 14 16 2 7 19 9 
student 649: 3 4 11 15 18 19 9 5 1 13 6 7 2 14 10 17 12 16 20 8 
student 650: 7 13 15 6 19 17 20 12 1 14 3 5 4 9 16 8 2 10 18 11 
student 651: 9 7 5 11 16 20 12 6 2 14 10 1 8 3 18 17 4 15 13 19 
student 652: 3 7 17 9 18 16 12 19 4 2 10 14 1 6 8 13 5 11 15 20 
student 653: 2 3 12 10 19 17 15 11 5 16 8 9 6 4 14 18 1 20 13 7 
student 654: 2 14 9 11 18 20 15 8 3 6 12 7 1 4 17 19 5 16 10 13 
student 655: 3 1 16 6 11 17 12 7 10 15 9 14 2 5 18 19 4 8 20 13 
student 656: 6 2 13 5 12 15 14 9 3 19 10 8 1 4 16 20 7 11 18 17 
student 657: 3 2 20 8 13 19 12 9 1 15 5 11 7 4 6 10 16 14 17 18 
student 658: 13 1 16 5 9 18 7 2 8 17 3 10 4 11 12 19 6 14 15 20 
student 659: 8 6 15 12 14 16 4 13 1 10 3 9 2 7 19 20 5 18 11 17 
student 660: 9 16 14 13 18 10 11 5 2 17 7 8 1 3 19 4 6 15 20 12 
student 661: 5 2 7 10 12 13 16 8 3 19 6 14 1 11 17 18 4 15 20 9 
student 662: 13 5 7 18 19 16 20 8 1 10 11 9 6 3 14 15 4 2 17 12 
student 663: 5 3 15 6 20 12 11 13 9 14 8 7 1 2 10 16 4 17 19 18 
student 664: 4 7 16 9 20 14 15 10 1 11 5 8 2 3 19 12 6 17 18 13 
student 665: 8 7 15 4 17 13 6 14 9 18 3 11 1 5 19 16 2 12 20 10 
student 666: 5 2 12 6 13 10 11 17 7 16 4 14 3 15 20 19 1 8 18 9 
student 667: 5 3 16 10 17 20 6 13 2 4 8 7 9 11 15 18 1 14 19 12 
student 668: 2 5 15 7 17 16 12 9 1 18 8 13 3 6 20 14 4 11 19 10 
student 669: 9 3 12 14 19 20 13 4 1 15 6 10 2 8 7 16 5 11 18 17 
student 670: 13 10 6 4 12 19 5 9 1 16 8 7 14 3 15 18 2 11 17 20 
student 671: 10 1 4 16 15 11 17 9 6 18 12 13 2 7 5 20 3 8 14 19 
student 672: 6 3 11 16 20 19 8 15 5 13 12 9 1 2 10 18 4 7 14 17 
student 673: 7 8 9 16 17 20 12 11 4 15 18 6 2 1 19 5 13 3 14 10 
student 674: 9 13 10 3 20 17 8 12 7 5 2 4 1 19 15 11 6 14 18 16 
student 675: 6 5 18 7 15 14 19 13 3 10 11 2 1 9 20 16 4 12 8 17 
student 676: 12 5 17 9 14 20 11 7 3 10 6 4 1 8 13 19 2 16 15 18 
student 677: 6 2 11 3 7 15 19 8 1 18 13 9 5 20 10 14 4 16 17 12 
student 678: 1 14 8 15 2 18 6 10 4 17 9 7 3 12 16 20 5 11 19 13 
student 679: 1 3 8 9 18 19 13 12 2 10 14 7 4 5 20 15 6 11 17 16 
student 680: 3 9 18 1 16 15 12 2 4 11 10 7 13 8 19 14 5 6 20 17 
student 681: 6 7 16 8 19 17 11 9 3 10 12 2 1 5 14 4 13 15 20 18 
student 682: 5 7 12 6 14 19 8 11 4 15 3 9 2 17 16 18 1 10 20 13 
student 683: 12 5 13 11 4 14 9 19 6 15 7 16 3 8 1 20 2 18 17 10 
student 684: 17 2 15 9 13 12 14 11 4 8 7 3 5 6 16 20 1 10 18 19 
student 685: 3 1 11 5 13 14 9 7 4 17 19 6 8 15 16 18 2 10 12 20 
student 686: 6 3 7 10 17 15 12 9 4 11 5 8 1 13 19 20 2 16 18 14 
student 687: 5 12 17 9 8 20 13 2 1 15 7 4 10 6 18 19 3 14 11 16 
student 688: 4 2 12 3 13 15 11 18 10 20 7 6 8 1 17 14 5 9 19 16 
student 689: 13 2 18 6 16 19 9 8 12 7 4 5 1 3 11 14 17 15 20 10 
student 690: 3 6 18 1 15 20 10 8 4 14 11 7 5 9 17 19 2 16 12 13 
student 691: 5 2 15 9 17 20 4 6 7 16 3 11 1 8 18 19 13 12 10 14 
student 692: 7 2 15 11 18 13 12 5 6 17 4 10 1 9 19 3 8 14 20 16 
student 693: 4 2 9 16 19 10 12 7 15 17 6 5 11 3 20 18 1 8 13 14 
student 694: 8 2 4 6 17 10 16 5 12 13 7 9 1 15 14 20 3 11 19 18 
student 695: 6 7 10 1 19 14 11 9 3 15 17 4 5 16 20 12 2 13 8 18 
student 696: 1 14 13 8 18 16 7 12 3 6 10 4 9 15 17 19 2 11 20 5 
student 697: 5 8 9 6 14 15 12 18 2 11 10 7 4 3 16 20 1 13 19 17 
student 698: 6 1 14 8 13 16 15 12 3 9 10 2 4 7 20 17 5 11 19 18 
student 699: 7 2 14 11 16 17 12 4 3 10 6 9 1 8 18 19 5 13 20 15 
student 700: 9 3 12 8 16 20 10 14 5 13 7 4 1 6 19 15 2 11 17 18 
student 701: 6 1 18 11 13 20 7 15 3 8 14 5 12 10 17 9 2 16 19 4 
student 702: 6 5 10 7 19 14 11 8 1 17 12 9 3 4 13 16 2 15 20 18 
student 703: 3 1 9 8 16 17 19 4 5 13 6 11 2 7 10 15 14 12 18 20 
student 704: 13 3 19 10 14 17 5 1 4 16 7 15 2 6 20 18 11 8 12 9 
student 705: 11 3 18 9 15 19 7 12 5 13 8 10 4 2 16 20 1 14 6 17 
student 706: 3 6 16 12 19 13 11 2 1 10 9 8 5 14 18 20 4 7 17 15 
student 707: 7 2 16 11 13 17 8 4 10 6 3 5 15 14 9 19 1 20 18 12 
student 708: 11 9 7 15 12 16 5 8 1 14 3 2 19 10 13 17 6 4 18 20 
student 709: 9 13 19 5 18 20 2 3 6 11 16 7 1 10 14 17 4 15 12 8 
student 710: 4 1 17 7 10 15 13 20 6 3 14 18 2 12 9 16 5 11 19 8 
student 711: 4 1 15 13 11 14 18 8 12 10 6 9 5 3 16 20 2 7 17 19 
student 712: 1 11 15 6 12 19 16 9 3 10 5 7 14 4 20 17 2 8 18 13 
student 713: 2 5 13 15 8 18 20 11 1 16 4 9 6 3 10 19 7 17 14 12 
student 714: 5 1 12 6 19 16 9 10 2 14 7 4 3 11 15 13 8 18 20 17 
student 715: 9 6 15 17 18 19 8 1 4 12 3 10 7 11 5 16 2 13 20 14 
student 716: 3 2 19 16 9 20 17 13 8 6 10 11 1 4 15 14 7 5 18 12 
student 717: 10 5 15 7 19 20 14 3 11 17 2 12 1 6 16 13 8 4 18 9 
student 718: 2 4 18 9 10 17 11 14 3 16 5 8 7 6 19 15 1 12 20 13 
student 719: 12 4 19 9 14 17 11 6 3 10 8 5 1 7 15 20 2 16 13 18 
student 720: 6 8 19 7 17 15 9 12 3 5 2 16 1 11 20 18 4 13 14 10 
student 721: 7 4 8 14 10 18 15 12 5 11 9 6 2 3 20 17 1 13 19 16 
student 722: 9 6 13 7 17 20 10 11 1 12 19 2 5 8 18 16 3 4 14 15 
student 723: 8 4 6 14 16 20 10 5 1 19 2 9 3 15 11 12 7 13 18 17 
student 724: 11 5 9 6 20 16 15 7 2 18 12 4 3 10 14 13 1 19 17 8 
student 725: 11 2 13 8 16 18 12 4 3 14 9 6 7 5 17 20 1 10 19 15 
student 726: 3 5 9 10 11 14 18 12 2 6 8 7 4 13 16 17 1 19 20 15 
student 727: 13 16 14 11 20 12 5 4 7 15 3 9 1 2 18 19 6 8 10 17 
student 728: 5 7 15 14 16 9 10 11 1 12 6 2 8 4 19 20 3 13 17 18 
student 729: 3 17 18 14 16 12 10 8 1 9 2 6 4 7 19 11 5 13 20 15 
student 730: 8 2 10 9 6 18 13 12 4 16 5 3 7 11 17 20 1 14 19 15 
student 731: 1 7 11 20 16 19 13 5 3 12 15 8 4 9 14 17 2 10 18 6 
student 732: 12 2 18 14 13 16 8 5 6 10 11 7 3 1 19 17 4 9 20 15 
student 733: 6 7 13 12 19 20 16 9 1 11 8 10 3 5 14 15 2 4 17 18 
student 734: 3 5 14 9 19 20 13 11 2 17 8 10 4 6 12 18 1 7 16 15 
student 735: 1 5 20 16 8 17 4 12 10 15 6 11 2 3 13 14 9 7 18 19 
student 736: 7 4 17 13 10 19 8 15 1 16 6 9 3 5 18 20 2 11 12 14 
student 737: 6 4 19 12 13 20 7 10 1 15 5 2 9 8 14 18 3 11 17 16 
student 738: 13 2 14 7 17 3 10 4 1 19 16 9 5 6 20 15 8 11 12 18 
student 739: 3 2 17 13 14 20 9 18 1 15 11 10 4 6 16 12 5 8 19 7 
student 740: 5 2 18 9 14 20 8 11 6 16 13 4 12 3 17 15 1 7 19 10 
student 741: 7 6 9 13 10 11 3 18 1 12 15 4 2 5 16 14 8 19 17 20 
student 742: 9 6 14 19 17 18 15 10 7 8 11 5 1 4 13 20 2 3 12 16 
student 743: 8 2 6 5 17 18 10 3 16 11 13 4 7 9 15 19 1 14 20 12 
student 744: 13 6 15 10 16 17 9 7 2 12 3 8 5 1 19 18 4 11 20 14 
student 745: 4 8 6 10 20 18 9 11 2 12 5 7 1 13 14 19 3 16 17 15 
student 746: 7 3 13 10 17 19 6 11 1 20 16 8 2 9 15 14 4 12 18 5 
student 747: 10 7 8 14 12 11 17 9 5 16 1 6 3 2 19 20 4 13 15 18 
student 748: 5 3 13 17 14 20 11 12 4 19 6 2 1 8 18 10 7 16 15 9 
student 749: 8 9 14 3 12 17 16 11 2 4 1 6 5 15 20 18 7 19 10 13 
student 750: 4 3 12 5 17 16 11 8 1 14 7 9 10 2 18 20 6 13 15 19 
student 751: 8 2 10 4 16 19 18 5 6 20 11 1 3 7 13 17 9 14 12 15 
student 752: 8 6 17 2 11 13 15 7 1 10 5 9 3 12 18 16 4 14 19 20 
student 753: 12 1 13 8 9 18 19 4 2 14 17 5 3 6 16 20 11 7 15 10 
student 754: 17 4 7 12 19 13 8 11 1 6 15 5 2 10 18 14 3 16 20 9 
student 755: 13 1 16 20 12 4 9 14 2 18 11 5 3 6 7 19 8 10 15 17 
student 756: 5 2 11 8 10 14 3 7 6 9 13 12 4 15 19 20 1 17 18 16 
student 757: 4 5 10 19 15 20 11 7 2 8 9 6 1 12 17 13 3 14 16 18 
student 758: 2 5 17 16 3 11 15 18 1 8 6 12 4 7 20 10 9 13 19 14 
student 759: 7 5 11 4 9 18 12 10 2 14 17 16 3 8 15 19 1 6 20 13 
student 760: 3 4 14 13 8 18 10 9 2 20 6 7 1 11 15 17 5 16 19 12 
student 761: 9 2 15 6 14 19 10 8 3 12 1 11 5 4 18 17 7 13 20 16 
student 762: 10 8 12 9 16 19 13 4 2 20 6 1 5 7 15 17 3 11 18 14 
student 763: 3 2 11 4 17 18 10 16 6 15 1 14 19 5 20 12 7 9 8 13 
student 764: 2 1 18 12 16 15 13 11 8 5 7 4 3 14 19 9 6 10 20 17 
student 765: 1 2 8 6 11 18 7 14 5 20 9 17 4 10 13 19 3 12 16 15 
student 766: 3 2 10 13 20 14 12 16 6 11 5 9 1 7 19 18 8 4 15 17 
student 767: 11 5 12 9 16 15 10 7 6 13 4 1 3 8 19 20 2 18 14 17 
student 768: 7 2 9 4 18 14 19 10 12 11 13 5 8 1 17 15 3 20 16 6 
student 769: 1 7 14 10 18 15 11 9 3 12 4 13 5 2 6 20 8 17 19 16 
student 770: 1 5 16 10 11 18 17 14 4 2 13 7 3 9 12 19 6 15 20 8 
student 771: 3 11 15 10 7 13 14 4 1 2 9 17 6 8 12 19 5 18 20 16 
student 772: 15 5 20 10 12 18 11 7 8 9 16 4 1 6 17 13 2 3 19 14 
student 773: 3 4 11 19 12 13 9 6 15 14 2 5 1 8 16 17 7 10 20 18 
student 774: 1 6 13 14 18 19 8 15 4 10 5 11 2 7 17 20 3 12 16 9 
student 775: 4 7 20 14 17 10 15 2 5 13 6 12 3 9 11 16 1 8 18 19 
student 776: 4 10 14 9 15 17 3 11 1 20 16 7 2 5 8 19 6 12 18 13 
student 777: 6 3 19 5 9 14 17 15 4 12 8 10 1 7 18 20 2 11 13 16 
student 778: 5 4 8 3 19 17 7 9 1 13 15 6 2 12 18 20 11 10 16 14 
student 779: 12 9 16 14 2 1 13 15 8 17 5 3 6 11 19 7 10 4 18 20 
student 780: 8 6 17 1 12 20 5 13 4 14 15 7 2 9 19 16 3 11 18 10 
student 781: 3 7 14 6 15 16 10 11 4 13 9 8 5 1 18 20 2 12 17 19 
student 782: 6 4 19 20 17 8 9 12 2 5 11 7 1 18 14 16 3 15 10 13 
student 783: 9 4 12 8 15 14 7 6 3 13 5 11 1 2 17 18 16 10 20 19 
student 784: 1 6 19 7 17 11 12 8 9 13 14 15 10 3 20 18 5 4 2 16 
student 785: 6 4 12 7 15 20 11 3 5 14 10 9 2 8 18 19 1 16 13 17 
student 786: 10 3 12 14 17 15 19 9 4 18 7 5 2 8 16 20 1 6 11 13 
student 787: 3 6 15 7 16 14 13 12 1 18 11 10 5 9 8 17 4 20 19 2 
student 788: 7 9 10 12 16 18 5 13 1 4 17 20 3 6 14 19 2 11 15 8 
student 789: 13 4 10 9 20 18 8 7 6 14 5 16 1 3 17 15 2 11 19 12 
student 790: 9 4 6 5 16 18 11 12 3 14 10 2 1 7 20 17 8 13 19 15 
student 791: 3 1 14 4 20 13 5 16 6 15 11 9 2 8 12 19 7 10 18 17 
student 792: 3 2 16 1 11 15 14 9 5 20 8 7 4 6 10 19 12 13 18 17 
student 793: 20 5 13 12 19 6 14 10 2 4 18 3 7 15 8 17 1 11 16 9 
student 794: 5 4 7 6 18 20 2 13 1 10 11 17 12 8 16 9 3 15 19 14 
student 795: 2 7 20 5 15 11 6 14 4 13 10 8 3 12 17 18 1 16 19 9 
student 796: 6 8 11 4 17 10 9 7 3 12 16 13 1 2 20 19 5 14 18 15 
student 797: 2 1 16 9 14 20 12 11 8 17 5 6 3 4 15 18 13 10 19 7 
student 798: 4 2 13 17 18 16 3 14 6 12 10 11 1 9 20 19 5 8 15 7 
student 799: 4 3 15 6 16 19 8 10 1 11 9 14 5 7 12 20 2 18 13 17 
