student 0: 18 9 17 3 20 10 15 13 2 16 14 19 8 5 6 12 4 1 11 7 
student 1: 18 9 11 12 16 4 10 1 8 14 15 17 20 13 3 19 2 5 7 6 
student 2: 5 17 18 13 19 8 1 10 7 9 20 16 11 12 6 14 3 2 15 4 
student 3: 5 14 15 4 16 7 10 6 1 18 9 20 12 17 8 19 3 2 13 11 
student 4: 6 16 11 9 18 4 8 12 1 14 17 15 10 13 3 20 2 7 19 5 
student 5: 6 15 9 7 17 5 10 11 3 19 14 20 13 12 1 16 2 8 18 4 
student 6: 9 8 20 5 15 17 12 13 10 14 18 11 7 3 6 19 1 4 16 2 
student 7: 14 6 20 9 18 1 12 3 4 15 17 19 13 10 7 16 8 2 11 5 
student 8: 10 16 20 13 12 2 7 1 4 14 15 19 11 5 9 18 3 6 17 8 
student 9: 6 18 12 3 14 5 13 9 4 10 15 19 17 8 7 20 1 2 16 11 
student 10: 8 11 16 5 19 4 7 10 12 15 20 14 18 6 9 17 3 1 13 2 
student 11: 9 8 16 14 19 10 6 11 2 17 18 20 12 5 1 15 7 4 13 3 
student 12: 15 14 18 19 11 7 5 8 1 16 10 13 12 4 3 20 2 6 17 9 
student 13: 5 19 17 2 18 1 20 3 7 14 9 13 8 6 10 15 12 4 11 16 
student 14: 11 17 19 4 20 3 8 16 2 14 18 5 12 1 7 13 10 9 15 6 
student 15: 8 10 15 13 11 7 4 3 6 12 16 18 20 5 9 19 1 2 17 14 
student 16: 7 17 15 13 20 2 12 11 6 16 18 8 19 9 1 14 10 3 4 5 
student 17: 10 9 20 8 19 5 16 7 4 12 15 11 14 1 3 18 13 6 17 2 
student 18: 5 4 16 12 20 2 10 13 3 15 17 14 11 6 8 19 7 1 18 9 
student 19: 4 7 16 9 19 10 13 6 5 12 15 17 18 11 3 20 8 1 14 2 
student 20: 13 11 18 16 19 1 8 6 4 9 17 2 12 14 15 10 3 5 20 7 
student 21: 10 9 20 5 17 3 16 7 8 19 15 12 14 13 2 11 1 6 18 4 
student 22: 2 4 16 19 13 7 6 9 10 20 15 12 11 14 1 17 8 5 18 3 
student 23: 6 13 17 9 19 4 18 8 1 10 20 7 12 14 5 11 2 16 15 3 
student 24: 2 20 18 11 16 4 17 10 6 5 19 12 15 3 9 14 1 8 13 7 
student 25: 11 14 18 9 15 1 6 19 3 13 7 16 12 8 10 17 2 4 20 5 
student 26: 8 11 13 12 19 20 10 9 6 18 17 16 7 1 5 15 3 2 14 4 
student 27: 7 16 13 9 19 11 1 8 5 18 17 12 15 10 14 20 3 6 2 4 
student 28: 6 12 19 17 20 2 11 13 10 15 18 9 16 4 3 14 5 1 7 8 
student 29: 2 13 19 6 20 4 10 8 11 15 16 1 18 5 9 17 12 3 14 7 
student 30: 11 12 19 9 20 3 2 10 1 16 17 15 13 7 5 18 6 8 14 4 
student 31: 11 19 12 13 16 8 9 7 10 14 20 4 18 3 6 17 5 1 15 2 
student 32: 6 14 20 10 13 4 9 12 5 17 19 16 11 8 3 18 2 1 15 7 
student 33: 2 6 19 11 20 1 14 8 7 17 16 15 12 10 9 18 5 4 13 3 
student 34: 4 16 18 11 17 14 13 1 5 6 15 12 8 10 7 19 3 2 20 9 
student 35: 9 8 19 4 20 2 17 12 3 16 1 18 15 11 6 10 5 7 14 13 
student 36: 8 17 15 6 13 10 7 4 5 18 20 12 16 9 2 19 1 3 11 14 
student 37: 4 11 12 15 17 2 9 7 10 5 20 16 13 14 3 19 6 1 18 8 
student 38: 9 4 14 11 20 17 15 13 6 8 16 19 10 18 3 5 7 2 12 1 
student 39: 5 9 16 15 17 18 2 10 4 1 19 14 11 8 12 20 3 7 13 6 
student 40: 11 10 18 15 20 5 7 8 3 19 13 14 17 2 4 16 6 1 12 9 
student 41: 8 9 15 16 19 2 10 7 3 6 18 14 12 11 4 20 1 13 17 5 
student 42: 9 12 18 2 19 3 10 16 1 14 17 13 15 8 6 20 7 4 5 11 
student 43: 5 1 16 15 20 8 18 12 2 13 14 3 17 7 11 19 4 6 10 9 
student 44: 8 5 15 13 18 9 11 19 6 16 17 12 10 3 2 20 4 1 14 7 
student 45: 6 9 17 13 19 4 11 5 8 15 16 14 18 2 12 20 1 3 10 7 
student 46: 1 14 18 11 16 8 12 13 7 15 20 2 6 5 10 19 4 3 17 9 
student 47: 12 20 17 8 19 4 13 9 7 15 11 14 10 6 5 16 2 1 18 3 
student 48: 12 11 18 8 19 1 17 2 4 15 14 20 9 10 7 16 3 5 6 13 
student 49: 11 18 6 9 19 7 12 3 4 14 15 20 16 10 8 17 2 1 13 5 
student 50: 10 18 16 20 13 6 8 7 1 19 15 11 12 4 5 17 2 3 14 9 
student 51: 11 14 13 9 19 1 15 2 5 17 20 12 7 6 8 18 3 4 16 10 
student 52: 10 11 12 18 14 2 8 17 3 5 20 13 16 9 7 19 15 4 1 6 
student 53: 15 9 19 10 20 4 7 11 2 12 3 14 13 8 17 16 5 6 18 1 
student 54: 10 13 16 8 17 3 7 11 5 20 19 1 14 12 9 15 4 2 18 6 
student 55: 10 13 15 6 17 8 19 9 4 18 16 7 14 1 12 20 2 3 11 5 
student 56: 6 12 16 9 17 8 10 5 1 15 18 11 13 7 19 20 4 2 3 14 
student 57: 5 15 19 11 20 2 10 12 7 13 14 17 9 3 8 16 1 4 18 6 
student 58: 3 9 18 6 20 1 7 13 5 12 19 11 15 10 4 17 2 8 14 16 
student 59: 2 12 15 1 18 10 11 5 17 13 20 19 9 8 3 16 4 6 14 7 
student 60: 10 20 18 1 16 4 14 11 2 15 13 7 12 5 8 19 3 9 17 6 
student 61: 2 10 4 7 20 3 16 8 1 19 17 14 9 12 6 11 15 5 18 13 
student 62: 5 19 16 10 20 6 15 14 7 12 18 9 13 4 8 17 2 3 11 1 
student 63: 9 15 19 11 18 3 10 4 1 17 14 12 16 6 8 20 7 2 13 5 
student 64: 4 8 17 12 20 3 13 5 6 15 16 11 7 10 9 19 1 2 18 14 
student 65: 19 11 12 7 18 4 5 15 6 14 20 13 16 1 9 17 3 8 10 2 
student 66: 12 17 10 11 15 6 9 13 1 14 18 8 16 5 7 20 3 4 19 2 
student 67: 17 12 19 20 16 11 5 6 1 18 10 14 2 8 9 13 4 7 15 3 
student 68: 11 13 10 7 15 3 8 16 5 12 19 17 9 2 14 20 1 4 18 6 
student 69: 11 18 19 8 17 1 13 12 9 4 14 16 3 7 10 20 5 2 15 6 
student 70: 10 14 19 4 11 6 8 12 5 15 17 18 13 9 2 20 3 1 16 7 
student 71: 8 15 16 11 19 4 9 1 2 13 12 20 14 3 5 17 10 6 18 7 
student 72: 6 17 18 7 9 2 8 16 13 12 14 20 19 1 5 15 4 3 10 11 
student 73: 10 3 11 1 18 5 16 8 4 20 13 14 19 6 15 9 7 2 17 12 
student 74: 11 6 16 9 19 3 14 17 1 15 20 13 12 10 8 18 5 2 4 7 
student 75: 8 6 13 10 20 9 5 14 7 18 19 16 15 11 2 17 3 1 12 4 
student 76: 4 15 20 8 17 2 12 14 6 11 18 16 10 9 7 19 5 3 13 1 
student 77: 2 19 14 5 18 8 10 9 11 12 13 6 17 4 7 15 20 1 16 3 
student 78: 12 14 16 13 17 3 9 7 1 19 6 8 18 11 4 10 2 20 15 5 
student 79: 5 11 14 9 18 10 12 17 1 19 15 8 7 6 13 20 2 4 16 3 
student 80: 4 16 13 11 18 15 8 6 7 12 20 17 10 9 5 14 3 1 19 2 
student 81: 12 8 13 3 19 1 6 14 2 20 18 16 17 15 5 9 4 11 10 7 
student 82: 10 15 16 8 14 9 13 12 5 18 20 11 7 3 6 19 2 1 17 4 
student 83: 11 13 15 5 17 10 6 18 7 14 19 16 12 3 9 20 1 4 8 2 
student 84: 9 15 18 10 19 14 7 8 5 16 12 17 2 4 13 20 6 3 11 1 
student 85: 7 13 3 5 19 6 10 14 4 17 20 12 15 8 9 16 2 1 11 18 
student 86: 12 14 19 15 17 2 4 13 1 20 3 18 7 5 11 16 9 10 8 6 
student 87: 7 2 17 20 14 4 6 12 16 13 15 11 10 3 8 19 1 5 18 9 
student 88: 4 15 16 12 19 9 8 17 2 18 20 14 10 7 1 11 5 13 6 3 
student 89: 4 11 19 10 17 2 20 6 7 15 18 16 13 14 3 5 1 8 9 12 
student 90: 3 11 12 17 18 10 16 14 5 19 20 15 9 4 8 13 1 2 6 7 
student 91: 7 12 18 8 19 1 13 11 9 15 17 2 10 14 4 20 3 5 16 6 
student 92: 3 10 18 11 20 2 15 12 8 19 16 17 13 6 9 14 5 7 4 1 
student 93: 15 19 16 7 18 5 6 3 1 17 20 13 11 10 2 12 14 4 9 8 
student 94: 10 18 17 7 16 14 13 3 1 15 12 8 11 4 5 20 2 9 19 6 
student 95: 8 10 17 6 20 5 9 4 7 18 13 12 16 3 14 19 2 1 15 11 
student 96: 7 18 17 15 20 3 16 14 9 10 12 4 6 13 2 19 5 1 11 8 
student 97: 1 17 19 8 9 3 20 5 2 14 11 16 7 15 13 18 6 4 12 10 
student 98: 1 16 15 12 13 5 3 18 4 20 17 19 7 8 2 10 14 6 11 9 
student 99: 10 19 17 9 20 7 14 13 2 11 18 12 3 6 8 16 4 1 15 5 
student 100: 3 20 13 5 18 4 9 6 1 17 15 16 12 7 14 11 8 10 19 2 
student 101: 10 5 18 3 20 2 11 12 7 13 17 15 19 6 8 14 1 4 16 9 
student 102: 1 7 19 4 17 6 12 10 5 16 15 18 14 11 3 20 8 2 13 9 
student 103: 10 13 20 11 18 4 12 9 7 19 16 15 14 5 3 17 8 2 6 1 
student 104: 11 14 18 5 7 8 1 4 13 17 16 20 9 6 12 15 2 3 19 10 
student 105: 11 4 19 6 14 9 10 5 2 17 20 13 12 16 7 18 1 3 15 8 
student 106: 11 14 20 15 7 3 12 13 1 19 18 17 10 6 2 8 4 5 16 9 
student 107: 9 10 14 17 19 3 5 11 12 15 20 13 8 4 7 18 2 1 16 6 
student 108: 7 10 12 9 20 4 15 11 5 6 14 19 13 3 16 18 2 1 17 8 
student 109: 11 19 8 4 16 5 9 14 1 13 15 20 18 6 7 17 2 3 12 10 
student 110: 10 20 19 14 16 7 15 13 2 17 11 8 9 6 4 18 3 1 12 5 
student 111: 10 17 15 11 19 5 18 6 1 13 20 7 12 9 8 16 4 2 3 14 
student 112: 12 13 16 5 9 1 4 17 7 14 20 8 10 18 3 15 11 2 19 6 
student 113: 8 11 19 12 18 2 15 13 5 16 10 9 17 7 6 20 4 3 14 1 
student 114: 17 8 18 6 19 4 10 9 3 15 20 14 12 5 11 16 1 2 13 7 
student 115: 11 19 12 6 13 10 17 9 2 15 16 14 4 7 3 20 5 1 18 8 
student 116: 8 13 20 12 18 6 15 14 1 17 16 9 4 10 7 19 5 3 11 2 
student 117: 8 11 16 6 19 5 10 20 3 13 14 18 9 4 15 17 2 1 12 7 
student 118: 4 12 18 10 16 7 15 14 3 17 11 13 9 8 6 19 5 1 20 2 
student 119: 13 14 20 5 19 3 15 11 2 10 16 18 6 8 4 12 7 1 17 9 
student 120: 7 19 17 5 10 8 18 2 12 13 16 9 11 14 1 20 3 4 15 6 
student 121: 6 9 17 8 16 7 11 15 1 18 20 19 12 10 4 13 3 2 14 5 
student 122: 8 12 16 11 20 6 3 5 1 18 14 10 17 4 9 7 2 15 19 13 
student 123: 8 14 13 7 20 2 12 4 5 16 18 10 15 19 9 17 6 1 11 3 
student 124: 19 5 14 13 20 3 8 11 4 15 12 16 9 6 10 18 2 1 17 7 
student 125: 14 9 17 7 19 2 16 3 10 20 15 13 5 12 4 8 6 1 18 11 
student 126: 9 19 12 5 18 2 13 11 6 17 14 16 15 8 10 20 4 1 7 3 
student 127: 6 14 19 8 20 5 9 11 3 15 12 17 13 4 7 18 1 2 10 16 
student 128: 12 7 14 11 17 3 6 13 5 19 18 16 4 9 10 20 2 1 15 8 
student 129: 13 7 19 12 16 3 4 8 9 18 6 15 17 10 11 20 1 2 14 5 
student 130: 9 12 11 16 19 6 14 15 10 7 17 13 5 3 2 20 4 8 18 1 
student 131: 9 12 20 10 18 8 5 19 1 15 16 13 17 6 7 14 2 3 11 4 
student 132: 17 18 13 15 4 8 16 7 2 14 9 10 6 11 5 20 1 3 19 12 
student 133: 7 14 13 18 19 16 4 8 12 5 9 11 15 10 6 20 1 3 17 2 
student 134: 10 15 19 6 20 1 12 8 3 14 17 13 11 16 7 18 5 2 9 4 
student 135: 3 10 17 9 20 4 13 16 1 11 15 18 12 6 5 19 7 2 14 8 
student 136: 15 12 17 3 14 9 13 11 4 20 16 6 7 8 5 19 2 1 18 10 
student 137: 8 15 18 14 19 6 9 10 2 11 17 16 13 7 1 20 4 3 12 5 
student 138: 4 18 20 14 17 6 5 7 2 16 19 8 15 11 12 9 3 1 13 10 
student 139: 7 12 15 13 20 8 14 10 3 18 11 2 16 4 9 19 5 1 17 6 
student 140: 20 16 5 17 11 4 15 9 3 19 13 12 8 7 6 14 2 1 18 10 
student 141: 19 4 16 12 6 2 15 13 3 11 10 18 14 8 7 17 5 1 20 9 
student 142: 4 13 19 5 20 1 9 10 2 17 11 15 14 8 7 18 3 12 6 16 
student 143: 6 12 19 10 18 2 9 13 3 17 4 16 11 15 5 20 1 7 8 14 
student 144: 20 16 19 7 15 4 17 13 6 3 10 14 12 11 8 18 2 5 9 1 
student 145: 8 10 20 13 17 12 6 15 7 16 18 14 19 9 5 3 2 4 11 1 
student 146: 5 11 15 8 17 3 19 9 2 13 14 20 12 7 10 18 1 4 16 6 
student 147: 12 9 15 8 20 7 3 18 1 16 17 14 13 10 4 19 2 6 11 5 
student 148: 8 11 20 18 16 14 19 15 2 13 17 12 7 10 5 6 1 4 9 3 
student 149: 12 10 16 6 20 9 11 17 8 7 14 13 3 2 19 18 1 4 15 5 
student 150: 18 14 19 13 12 9 8 17 4 1 11 20 7 6 5 15 2 3 16 10 
student 151: 14 13 16 5 18 2 10 7 4 19 20 17 11 12 6 15 1 3 9 8 
student 152: 16 10 20 9 11 6 15 17 5 12 19 3 7 1 2 13 8 14 18 4 
student 153: 8 19 15 12 14 7 17 16 2 10 20 13 4 1 11 18 6 5 9 3 
student 154: 19 15 13 7 20 3 11 10 2 17 14 12 6 8 5 18 1 9 16 4 
student 155: 10 11 14 1 18 2 12 6 7 16 20 17 15 13 8 19 4 3 9 5 
student 156: 12 14 17 6 19 11 13 4 1 18 15 16 8 9 10 20 2 3 7 5 
student 157: 1 12 17 11 16 8 10 3 9 18 20 19 7 5 2 15 6 4 14 13 
student 158: 11 6 19 12 15 3 5 7 2 17 16 13 14 4 10 20 9 1 18 8 
student 159: 13 14 19 17 20 1 12 11 4 16 18 6 9 10 3 15 5 2 7 8 
student 160: 6 11 14 7 19 3 17 9 1 15 18 16 8 2 10 20 5 4 12 13 
student 161: 4 3 18 2 19 8 13 9 5 14 15 20 7 6 16 17 10 1 12 11 
student 162: 16 13 19 8 20 6 12 15 5 14 17 9 7 10 1 18 3 2 4 11 
student 163: 6 11 10 18 19 2 13 7 4 17 15 16 20 8 5 14 3 1 9 12 
student 164: 10 14 19 4 16 7 5 13 6 8 18 20 11 17 1 12 2 3 15 9 
student 165: 13 12 15 9 20 3 8 5 17 14 16 18 4 6 7 19 1 2 10 11 
student 166: 10 9 19 12 20 6 18 11 4 7 17 15 14 8 5 16 2 3 13 1 
student 167: 1 13 14 6 19 9 8 3 4 11 18 20 10 15 7 16 2 5 17 12 
student 168: 2 10 19 9 13 6 11 14 4 15 17 16 12 5 8 20 3 1 18 7 
student 169: 5 12 20 15 6 4 7 3 11 16 13 19 18 10 1 17 2 9 14 8 
student 170: 14 12 18 8 17 3 20 13 2 15 16 11 9 6 4 19 1 7 10 5 
student 171: 10 15 17 7 20 6 14 4 5 8 13 16 19 11 12 18 2 1 9 3 
student 172: 7 15 20 16 14 4 13 12 5 17 18 10 9 3 8 19 6 2 11 1 
student 173: 6 10 8 4 19 1 12 13 5 20 15 14 16 18 3 11 2 7 17 9 
student 174: 12 5 14 4 16 11 6 17 3 13 9 18 19 10 8 15 7 2 20 1 
student 175: 6 12 20 8 17 9 14 10 5 13 19 3 7 4 1 15 2 16 18 11 
student 176: 9 11 19 13 14 8 6 7 3 16 17 18 4 10 15 20 1 5 12 2 
student 177: 13 12 16 3 20 6 8 11 5 7 18 10 4 2 17 19 9 1 15 14 
student 178: 12 20 15 4 19 5 6 8 7 17 18 14 10 11 9 16 2 1 13 3 
student 179: 5 14 17 9 15 1 10 7 8 12 20 16 18 11 4 19 2 6 13 3 
student 180: 15 10 9 12 20 4 5 11 2 16 18 19 13 8 6 17 1 3 14 7 
student 181: 6 10 17 7 20 11 3 9 4 15 16 19 8 12 5 18 2 1 14 13 
student 182: 13 5 17 10 20 6 7 4 1 16 14 8 11 12 3 19 9 2 18 15 
student 183: 5 8 18 13 19 7 15 6 9 12 20 4 14 3 2 17 1 11 16 10 
student 184: 7 1 16 10 17 2 20 6 8 14 3 18 11 12 13 19 5 4 15 9 
student 185: 12 5 6 3 8 4 11 15 9 18 17 19 13 16 7 20 1 2 14 10 
student 186: 2 16 19 5 20 15 9 14 3 17 18 10 11 8 4 12 7 6 13 1 
student 187: 6 11 12 8 19 3 9 13 2 16 18 14 10 7 15 17 1 4 20 5 
student 188: 17 14 16 7 18 4 19 9 1 10 13 15 8 2 5 20 12 3 11 6 
student 189: 1 14 18 5 20 6 10 17 4 16 15 12 11 9 8 19 2 3 7 13 
student 190: 9 14 17 10 18 4 13 15 5 8 19 12 2 1 7 20 11 3 16 6 
student 191: 10 13 12 14 20 4 1 8 3 16 17 9 15 11 7 18 2 5 19 6 
student 192: 14 13 16 4 15 3 17 12 11 18 8 19 10 7 6 20 2 5 9 1 
student 193: 2 8 20 13 18 4 19 5 1 14 16 11 15 17 9 6 3 12 10 7 
student 194: 14 7 15 10 13 11 9 17 5 18 8 19 20 6 2 12 3 4 16 1 
student 195: 8 10 19 3 17 2 13 12 5 20 11 16 9 7 4 18 6 1 15 14 
student 196: 13 14 7 3 19 10 4 12 6 18 17 11 8 16 5 20 2 1 15 9 
student 197: 9 14 3 13 17 7 6 11 2 16 19 18 1 4 12 20 8 5 15 10 
student 198: 3 13 15 12 20 4 7 9 10 19 14 16 5 6 2 18 1 11 8 17 
student 199: 7 11 17 8 16 6 10 19 1 12 18 9 14 3 5 15 2 4 20 13 
student 200: 7 15 14 4 19 2 17 8 3 12 13 18 9 11 16 20 5 1 10 6 
student 201: 12 6 14 7 18 1 15 11 5 13 10 20 16 9 8 19 2 3 17 4 
student 202: 7 18 17 11 19 2 12 9 15 4 20 14 10 6 8 16 5 3 13 1 
student 203: 9 10 14 11 17 5 18 15 6 16 12 20 7 13 4 19 1 3 8 2 
student 204: 13 10 15 2 20 11 12 18 1 14 19 7 3 5 8 16 6 4 9 17 
student 205: 10 14 18 7 19 3 16 2 4 15 20 17 5 12 9 11 6 1 13 8 
student 206: 7 1 14 11 15 17 12 10 2 16 18 13 19 9 5 6 3 4 20 8 
student 207: 7 20 17 4 12 6 19 14 3 18 10 9 16 8 11 13 5 2 15 1 
student 208: 9 8 16 7 20 6 18 14 2 11 19 17 12 13 4 15 1 3 5 10 
student 209: 7 12 18 11 19 3 17 1 5 14 20 13 10 8 4 15 16 2 6 9 
student 210: 10 13 18 12 19 7 14 9 3 2 17 15 11 4 8 20 1 6 16 5 
student 211: 3 10 14 6 19 12 18 7 9 11 15 16 20 5 2 17 4 1 8 13 
student 212: 5 7 11 6 17 8 9 14 1 18 19 15 16 12 4 20 2 3 10 13 
student 213: 6 12 16 2 20 10 15 9 8 17 18 14 7 4 11 19 3 1 13 5 
student 214: 9 8 16 12 20 11 13 5 1 14 19 17 4 6 3 18 10 7 15 2 
student 215: 7 4 16 17 15 1 18 12 9 8 10 14 11 5 13 19 6 2 20 3 
student 216: 17 12 8 1 14 2 11 20 3 18 15 4 13 9 10 19 5 7 16 6 
student 217: 10 15 19 20 17 6 8 2 3 13 12 16 18 9 7 14 4 1 11 5 
student 218: 11 10 14 17 18 9 12 6 4 15 16 19 13 5 8 20 7 2 1 3 
student 219: 5 15 14 4 13 2 12 17 3 20 19 16 8 10 1 11 7 6 18 9 
student 220: 9 10 14 6 20 5 12 11 3 18 13 16 15 4 17 19 1 2 7 8 
student 221: 13 16 20 7 14 11 6 4 2 17 19 12 15 9 5 18 1 8 10 3 
student 222: 1 8 14 10 20 6 17 12 3 13 19 4 18 11 2 16 7 5 15 9 
student 223: 5 9 20 14 15 11 13 10 8 3 18 17 19 7 6 16 1 2 12 4 
student 224: 6 4 15 2 20 3 9 14 5 17 8 19 18 12 7 13 1 16 11 10 
student 225: 13 12 14 3 18 11 15 10 2 17 20 1 16 19 5 9 6 7 4 8 
student 226: 9 11 20 7 18 12 16 10 3 13 14 17 2 4 1 19 8 5 15 6 
student 227: 13 14 10 4 19 1 20 8 15 5 16 12 11 9 6 17 2 3 18 7 
student 228: 9 13 12 10 20 3 11 16 5 17 18 14 7 8 4 19 2 1 15 6 
student 229: 3 12 15 5 20 8 10 11 4 17 14 16 13 9 7 19 2 1 18 6 
student 230: 10 15 20 14 13 5 4 8 2 12 16 19 11 6 9 17 1 3 18 7 
student 231: 5 11 20 10 17 3 6 7 2 16 19 18 14 13 15 9 8 1 12 4 
student 232: 6 7 19 11 18 20 15 12 10 14 16 8 13 4 5 17 3 2 9 1 
student 233: 13 7 20 11 19 2 8 3 15 16 18 14 12 4 5 17 10 6 9 1 
student 234: 2 11 19 9 13 5 8 3 7 12 16 18 14 15 17 20 6 4 10 1 
student 235: 4 11 16 6 12 3 13 9 5 18 14 15 17 10 8 19 2 1 20 7 
student 236: 9 11 16 13 19 3 12 8 6 14 20 10 18 7 5 15 1 2 17 4 
student 237: 7 18 14 9 17 2 10 8 5 20 13 19 11 15 6 16 1 4 12 3 
student 238: 5 18 20 9 13 15 14 7 10 12 17 11 6 4 16 19 2 1 8 3 
student 239: 19 17 16 6 20 2 12 11 8 15 14 13 7 4 10 18 3 1 9 5 
student 240: 7 11 17 9 20 8 5 13 6 14 16 15 12 3 4 19 10 1 18 2 
student 241: 8 17 15 14 20 7 10 3 11 16 19 5 4 1 9 18 12 6 13 2 
student 242: 6 8 17 12 20 9 7 11 4 16 19 13 18 14 10 1 5 2 15 3 
student 243: 7 11 12 5 19 9 16 10 2 18 17 15 14 4 1 13 3 6 20 8 
student 244: 10 16 18 4 14 3 11 9 2 12 15 13 17 6 7 19 5 1 20 8 
student 245: 16 13 20 6 19 1 10 11 7 18 17 9 14 8 5 15 2 4 12 3 
student 246: 7 5 17 1 20 6 15 12 4 11 19 9 16 14 10 13 2 3 18 8 
student 247: 7 20 16 9 18 3 8 5 6 11 19 17 10 13 4 14 12 1 15 2 
student 248: 17 7 12 10 3 8 13 2 1 9 19 18 15 6 14 20 4 5 16 11 
student 249: 7 14 15 1 20 11 9 10 4 16 19 18 13 6 2 17 3 5 12 8 
student 250: 17 15 11 19 20 6 12 9 4 13 5 16 14 10 8 18 2 3 1 7 
student 251: 7 16 14 13 19 2 8 11 5 15 20 12 9 10 6 17 1 3 18 4 
student 252: 9 6 17 14 18 10 13 8 3 12 19 15 11 4 7 20 5 1 16 2 
student 253: 7 17 18 10 4 1 12 14 2 19 16 15 11 8 9 20 6 5 13 3 
student 254: 2 15 8 14 10 4 13 11 6 19 18 9 17 12 5 20 1 3 16 7 
student 255: 8 13 18 2 20 5 4 6 7 11 16 15 14 3 1 17 9 10 12 19 
student 256: 7 11 15 9 18 5 13 8 4 14 16 19 10 2 12 20 3 1 17 6 
student 257: 14 8 13 11 19 3 5 12 1 15 18 6 16 2 10 17 7 4 20 9 
student 258: 12 16 11 8 18 10 9 5 3 15 20 17 13 7 6 19 2 1 14 4 
student 259: 9 16 12 15 18 5 17 11 2 10 19 14 8 6 13 20 1 3 7 4 
student 260: 7 13 12 20 18 3 16 10 6 17 15 2 11 8 4 19 1 9 14 5 
student 261: 8 7 17 5 19 3 11 9 4 13 18 2 14 10 6 20 15 1 12 16 
student 262: 13 17 18 5 16 1 10 3 6 14 20 12 11 15 4 19 2 8 9 7 
student 263: 11 8 17 7 20 1 9 14 5 13 18 15 19 10 6 16 2 4 12 3 
student 264: 9 17 15 12 13 3 19 5 2 11 18 6 20 7 10 16 4 1 14 8 
student 265: 14 11 18 6 15 5 7 8 1 19 16 17 12 4 3 20 2 10 13 9 
student 266: 8 20 13 15 16 3 11 10 2 14 17 12 5 7 6 19 1 4 9 18 
student 267: 16 10 2 4 20 15 13 12 5 18 11 17 8 9 7 14 1 6 19 3 
student 268: 15 9 10 11 20 14 12 1 19 17 18 5 6 8 4 16 2 3 7 13 
student 269: 9 12 20 6 16 8 11 10 4 19 15 18 14 5 1 13 7 2 17 3 
student 270: 9 17 19 13 20 10 5 7 3 14 16 15 11 4 1 18 12 2 8 6 
student 271: 7 13 10 12 20 4 18 9 8 16 17 15 11 2 6 19 1 3 14 5 
student 272: 6 18 16 3 20 8 7 11 2 14 17 19 15 5 10 13 9 1 12 4 
student 273: 9 10 19 7 8 5 13 11 4 20 18 17 12 14 6 16 1 3 15 2 
student 274: 17 12 20 2 18 5 3 9 4 19 11 10 16 7 13 15 6 1 14 8 
student 275: 1 16 18 5 19 2 8 13 6 9 15 17 10 11 7 20 12 3 14 4 
student 276: 18 8 20 16 19 1 3 7 2 17 13 14 10 15 5 11 9 4 12 6 
student 277: 10 15 20 7 16 4 14 8 2 18 9 17 12 6 11 19 5 1 13 3 
student 278: 12 14 11 9 20 3 13 8 7 18 17 16 10 6 2 19 1 5 15 4 
student 279: 8 12 18 7 19 1 9 10 6 20 14 17 13 3 4 15 5 2 16 11 
student 280: 5 13 11 12 19 1 9 8 2 18 20 15 14 3 10 17 7 6 16 4 
student 281: 10 14 19 8 20 15 12 5 3 18 16 13 7 6 9 11 4 2 17 1 
student 282: 9 16 18 10 20 8 12 2 1 19 13 14 15 6 5 11 3 4 17 7 
student 283: 10 13 20 19 14 5 15 8 2 11 18 12 6 3 9 17 7 1 16 4 
student 284: 7 13 15 2 20 4 10 5 19 11 14 18 17 8 6 16 1 3 12 9 
student 285: 10 17 20 8 19 7 12 13 4 5 14 18 11 9 6 16 2 1 15 3 
student 286: 11 16 5 9 19 7 13 2 3 18 12 1 15 14 10 17 4 6 20 8 
student 287: 11 16 20 9 3 6 12 8 4 17 19 15 14 7 13 18 2 1 10 5 
student 288: 9 19 18 8 14 7 17 12 6 11 16 13 1 10 4 20 2 3 5 15 
student 289: 8 1 20 7 15 17 14 9 4 13 19 3 11 18 10 16 5 2 12 6 
student 290: 7 15 18 11 10 4 6 20 3 13 16 17 8 12 9 19 2 5 14 1 
student 291: 8 17 20 7 13 2 18 12 3 10 16 11 9 14 4 19 6 1 15 5 
student 292: 6 18 16 4 17 9 14 7 2 11 15 20 12 5 10 19 3 1 13 8 
student 293: 4 9 19 12 17 6 20 15 2 18 16 8 13 11 10 14 1 5 7 3 
student 294: 17 13 10 11 16 1 12 8 5 18 20 15 14 7 9 19 4 2 3 6 
student 295: 6 7 15 3 19 2 9 5 11 18 10 17 16 4 8 20 14 1 12 13 
student 296: 8 10 15 4 19 3 12 6 13 18 9 20 17 2 5 16 7 1 14 11 
student 297: 2 19 17 9 20 5 6 14 3 11 15 18 16 4 8 10 1 12 13 7 
student 298: 3 8 17 15 19 11 9 20 4 14 16 12 5 13 7 18 1 2 10 6 
student 299: 9 15 19 11 18 6 10 8 4 14 17 12 13 7 5 20 3 1 16 2 
student 300: 11 13 16 9 20 5 10 6 4 18 19 14 7 8 15 17 1 2 12 3 
student 301: 14 7 19 9 18 5 17 6 1 12 13 11 2 10 15 16 4 3 20 8 
student 302: 4 13 17 16 18 3 15 5 2 20 14 12 10 9 8 19 6 1 11 7 
student 303: 7 14 18 13 20 1 6 11 2 16 15 8 12 9 4 17 5 10 19 3 
student 304: 5 16 17 12 18 10 3 4 8 13 15 19 14 7 2 20 11 1 9 6 
student 305: 10 1 16 17 18 6 4 8 5 13 19 12 15 7 9 14 3 2 20 11 
student 306: 6 16 14 9 19 3 18 11 8 20 5 17 10 12 7 15 4 2 13 1 
student 307: 14 16 12 11 18 2 8 3 1 17 9 20 15 6 7 19 4 10 13 5 
student 308: 11 18 19 4 13 5 10 15 9 12 7 16 14 1 6 20 3 2 17 8 
student 309: 7 12 20 4 19 13 5 11 3 18 14 15 9 8 10 16 1 2 17 6 
student 310: 6 7 19 12 16 4 15 11 5 18 17 2 13 10 3 20 9 1 14 8 
student 311: 10 13 19 9 16 12 7 8 3 15 14 17 11 6 1 20 4 2 5 18 
student 312: 1 14 20 6 19 3 15 9 2 18 13 11 16 8 4 17 5 12 10 7 
student 313: 8 9 14 7 20 4 12 10 2 16 19 15 18 5 1 13 6 3 17 11 
student 314: 11 20 19 8 15 2 14 12 3 18 6 17 7 16 5 13 10 1 9 4 
student 315: 2 8 20 13 18 1 14 9 6 10 17 12 16 19 11 15 3 4 7 5 
student 316: 11 13 16 10 20 3 8 9 6 17 5 15 19 18 7 12 1 2 14 4 
student 317: 8 10 17 1 18 6 7 16 11 15 12 14 13 5 4 20 3 2 9 19 
student 318: 7 9 12 11 19 2 6 15 1 16 20 14 17 3 10 18 5 13 4 8 
student 319: 11 2 18 13 20 6 3 14 4 15 17 12 7 9 10 19 1 5 16 8 
student 320: 10 8 20 6 15 5 13 9 2 18 17 11 19 12 7 16 3 1 14 4 
student 321: 3 4 15 14 20 8 13 9 2 18 19 17 11 6 5 16 1 7 12 10 
student 322: 7 10 16 3 20 8 13 12 5 19 18 17 14 6 11 9 1 2 15 4 
student 323: 10 11 15 8 19 2 7 16 4 14 17 20 12 13 1 18 3 6 9 5 
student 324: 5 10 19 8 20 2 7 11 12 17 18 15 16 6 9 13 4 3 14 1 
student 325: 6 11 17 4 19 10 8 7 5 16 18 20 13 9 1 14 3 2 15 12 
student 326: 10 9 17 6 20 8 18 14 1 15 12 13 16 5 3 19 7 2 11 4 
student 327: 8 15 18 7 14 6 4 10 3 17 16 20 11 13 5 19 2 1 12 9 
student 328: 6 14 11 10 20 5 18 12 3 15 17 13 9 7 8 19 4 2 16 1 
student 329: 9 3 15 13 14 6 11 10 2 12 20 19 17 7 8 18 1 4 16 5 
student 330: 12 11 16 8 20 2 15 10 7 14 18 17 9 3 6 13 4 5 19 1 
student 331: 4 15 12 10 17 2 7 11 3 18 20 16 13 5 9 19 1 6 14 8 
student 332: 7 14 12 19 20 10 18 6 2 13 9 4 17 3 8 15 16 1 11 5 
student 333: 10 16 4 12 20 1 11 7 5 14 6 17 8 9 15 18 3 2 13 19 
student 334: 1 11 15 8 18 3 9 10 5 12 17 13 16 19 6 20 4 2 14 7 
student 335: 13 5 19 7 11 4 10 14 2 18 17 16 15 9 1 20 8 3 12 6 
student 336: 9 3 16 12 20 6 18 13 8 17 11 10 7 5 4 15 2 1 19 14 
student 337: 8 14 19 10 12 5 9 4 1 18 17 15 13 11 6 20 7 3 16 2 
student 338: 6 9 14 16 15 3 8 11 2 18 20 13 12 4 10 19 5 1 17 7 
student 339: 12 16 15 14 17 4 8 11 3 13 20 6 9 19 5 18 1 2 10 7 
student 340: 4 7 16 8 9 14 19 12 3 5 15 13 20 1 11 18 2 10 17 6 
student 341: 1 6 15 10 20 4 14 16 2 17 12 19 7 8 5 18 3 9 11 13 
student 342: 15 13 19 20 16 1 2 7 4 18 14 12 6 3 9 10 5 8 17 11 
student 343: 7 18 15 12 19 8 20 9 6 2 13 14 16 10 3 17 4 1 11 5 
student 344: 13 11 19 7 14 5 18 9 2 17 16 1 12 10 8 20 3 4 15 6 
student 345: 5 13 14 12 17 8 10 20 4 15 11 18 6 9 3 19 2 1 16 7 
student 346: 6 17 7 3 19 13 15 16 1 18 9 20 10 14 4 12 5 2 8 11 
student 347: 8 3 16 11 2 5 14 9 10 12 19 13 15 20 7 17 1 4 18 6 
student 348: 8 1 16 7 19 11 9 13 2 10 18 15 14 5 6 17 3 4 12 20 
student 349: 2 11 20 12 10 3 8 13 6 17 18 16 15 4 9 19 1 5 14 7 
student 350: 5 9 17 11 16 6 18 10 4 19 14 15 13 7 1 20 3 2 12 8 
student 351: 9 8 18 11 20 2 15 10 7 17 12 5 14 13 1 19 4 6 16 3 
student 352: 11 13 20 3 15 9 7 12 8 19 17 10 14 4 5 18 2 1 16 6 
student 353: 12 10 17 8 14 4 9 13 3 20 15 18 11 7 6 19 2 1 16 5 
student 354: 5 11 15 12 17 16 14 1 4 20 10 13 9 8 7 19 6 3 18 2 
student 355: 8 7 12 14 17 3 9 15 6 18 19 10 16 11 5 20 1 4 13 2 
student 356: 6 10 16 13 20 8 4 18 1 15 11 17 9 3 12 14 2 5 19 7 
student 357: 5 10 20 9 18 11 12 6 7 17 14 13 16 8 2 19 1 3 15 4 
student 358: 10 17 13 14 19 2 15 6 1 16 12 11 8 9 7 18 3 5 20 4 
student 359: 6 7 20 8 16 4 3 10 2 17 18 12 11 15 14 19 9 5 13 1 
student 360: 18 20 14 10 17 5 16 12 4 7 11 13 2 9 8 19 1 3 15 6 
student 361: 15 13 5 2 17 9 12 16 4 11 19 8 18 10 7 20 3 1 14 6 
student 362: 7 12 14 8 18 6 13 16 4 15 19 17 11 1 9 20 5 2 10 3 
student 363: 10 14 18 4 20 12 13 11 8 19 15 9 5 7 2 17 3 1 16 6 
student 364: 9 16 13 11 20 5 10 12 3 15 17 19 14 18 1 8 4 2 6 7 
student 365: 15 13 16 10 20 12 11 9 8 14 6 7 17 2 4 19 1 3 18 5 
student 366: 7 20 18 2 15 5 14 11 4 12 17 16 9 1 6 19 8 3 13 10 
student 367: 3 15 12 14 18 13 11 10 2 20 6 16 9 19 5 17 4 7 8 1 
student 368: 12 2 20 7 16 11 15 17 3 9 18 13 6 14 5 19 4 1 8 10 
student 369: 5 11 19 13 15 1 4 10 7 18 16 9 20 8 2 14 3 12 17 6 
student 370: 9 18 14 5 17 15 13 10 7 4 20 12 11 6 3 19 1 2 16 8 
student 371: 15 20 14 10 19 3 13 5 6 16 8 11 12 9 4 18 7 1 17 2 
student 372: 10 5 15 7 18 12 16 8 4 19 20 11 13 9 3 14 1 6 17 2 
student 373: 9 13 18 14 17 5 8 2 4 11 15 19 6 3 16 20 7 1 10 12 
student 374: 5 12 18 10 20 1 17 8 11 13 14 19 9 3 6 15 2 7 16 4 
student 375: 2 7 20 11 17 12 18 13 8 15 19 10 14 5 4 16 6 3 1 9 
student 376: 9 16 10 13 19 5 8 14 3 18 20 11 4 7 6 17 2 1 15 12 
student 377: 16 14 17 4 19 1 10 8 11 12 13 15 18 9 7 20 3 2 6 5 
student 378: 16 8 18 13 15 12 9 5 2 6 19 20 10 11 7 17 4 3 14 1 
student 379: 13 12 15 4 20 5 7 9 2 16 19 17 11 8 3 18 1 6 14 10 
student 380: 3 20 6 13 18 4 15 11 5 16 17 8 10 7 12 14 9 1 19 2 
student 381: 1 4 17 2 20 12 9 8 10 19 18 14 15 11 7 13 3 5 16 6 
student 382: 1 7 19 5 20 11 16 4 9 13 17 15 18 6 8 14 3 2 10 12 
student 383: 10 17 19 1 18 7 14 6 11 12 20 15 8 2 13 16 5 3 9 4 
student 384: 9 12 19 17 20 5 11 16 7 14 10 13 15 1 6 4 3 2 18 8 
student 385: 6 14 20 9 19 7 16 8 5 13 18 11 12 4 3 17 2 1 15 10 
student 386: 12 15 9 3 19 13 5 18 8 20 14 16 10 6 2 17 1 4 7 11 
student 387: 11 10 12 13 14 1 8 6 5 18 19 17 9 7 16 15 3 2 20 4 
student 388: 7 10 16 8 18 1 14 13 3 15 19 11 9 12 6 20 2 4 17 5 
student 389: 8 15 17 3 19 5 6 13 9 16 20 14 11 7 10 18 4 1 12 2 
student 390: 5 2 16 1 18 10 11 20 4 17 13 15 12 8 14 19 3 7 9 6 
student 391: 5 8 15 12 16 7 17 14 9 18 10 19 11 2 4 20 1 3 13 6 
student 392: 17 2 16 13 19 5 8 7 4 18 12 9 15 11 10 14 1 3 20 6 
student 393: 2 10 18 8 20 15 17 13 7 16 14 12 3 9 1 19 4 6 11 5 
student 394: 6 14 15 10 16 8 11 19 2 13 17 7 12 4 3 20 9 5 18 1 
student 395: 7 14 12 10 6 2 13 8 3 16 17 18 11 15 5 20 4 1 19 9 
student 396: 9 12 19 17 16 5 13 3 7 11 18 14 10 6 8 20 4 1 15 2 
student 397: 4 14 17 1 15 2 6 3 10 13 19 20 16 8 9 18 5 7 12 11 
student 398: 9 11 7 10 20 4 1 13 3 17 19 18 15 8 6 16 5 2 14 12 
student 399: 12 7 17 1 20 8 11 5 13 14 9 16 15 2 4 18 6 3 19 10 
student 400: 10 15 18 14 19 6 12 9 1 20 17 11 13 8 2 16 3 5 7 4 
student 401: 7 6 16 14 19 2 10 8 4 18 20 13 17 12 9 15 3 1 11 5 
student 402: 10 17 4 8 19 9 11 16 1 20 18 14 6 2 15 13 3 7 12 5 
student 403: 5 10 9 12 20 7 16 17 3 13 4 18 8 1 6 19 11 2 15 14 
student 404: 13 12 18 7 20 3 10 8 4 15 16 11 17 6 9 19 1 5 14 2 
student 405: 7 11 18 8 13 2 9 12 5 16 14 20 19 6 15 17 4 1 10 3 
student 406: 8 15 17 11 16 1 6 12 9 10 18 14 13 4 5 19 2 7 20 3 
student 407: 7 5 17 1 20 12 16 11 3 19 6 13 18 4 8 14 15 10 2 9 
student 408: 15 10 17 11 19 12 7 8 3 20 14 13 9 6 4 16 1 2 18 5 
student 409: 11 12 14 9 20 2 17 3 1 15 19 13 8 16 4 18 10 7 5 6 
student 410: 14 18 12 15 20 2 8 3 7 17 11 16 4 9 10 19 5 1 6 13 
student 411: 4 19 17 14 18 8 5 7 2 16 15 3 11 13 10 20 6 9 12 1 
student 412: 7 17 19 12 20 3 11 10 1 15 13 18 2 9 6 16 4 5 14 8 
student 413: 3 8 18 6 19 5 16 7 12 20 14 13 11 2 10 17 4 1 15 9 
student 414: 5 11 17 10 18 3 15 8 2 20 16 6 12 4 7 19 1 14 13 9 
student 415: 1 6 13 10 20 12 11 19 7 8 18 14 4 9 5 15 2 3 17 16 
student 416: 15 5 16 7 18 4 12 3 2 13 20 14 10 8 11 19 1 9 17 6 
student 417: 6 12 15 7 19 13 14 11 8 17 20 16 9 4 5 18 1 2 10 3 
student 418: 6 16 17 7 18 4 13 11 3 19 20 15 14 10 2 12 8 1 9 5 
student 419: 7 16 19 9 20 10 3 4 2 13 14 15 12 11 8 18 5 1 17 6 
student 420: 4 17 15 11 19 6 18 13 2 16 7 14 5 8 3 12 9 1 20 10 
student 421: 9 15 20 6 16 4 2 8 10 12 14 18 19 13 5 11 3 1 17 7 
student 422: 3 17 19 2 20 9 12 6 1 13 16 15 5 10 11 14 8 4 18 7 
student 423: 7 20 19 5 17 9 11 13 4 14 15 1 8 10 6 18 2 3 16 12 
student 424: 6 10 17 15 19 2 14 12 5 16 13 9 7 3 1 18 4 8 20 11 
student 425: 4 17 18 10 12 8 14 11 2 19 15 13 9 16 5 20 1 6 7 3 
student 426: 10 11 20 13 19 7 9 6 4 18 15 8 14 5 12 16 2 1 17 3 
student 427: 1 11 17 14 20 6 8 5 4 18 16 15 9 13 7 19 3 2 12 10 
student 428: 7 10 17 9 20 3 15 13 4 19 11 16 14 5 6 18 2 1 12 8 
student 429: 14 12 13 1 20 4 11 6 7 19 15 9 17 10 8 16 2 5 18 3 
student 430: 6 15 18 11 19 9 14 13 2 17 12 1 16 5 10 20 3 4 7 8 
student 431: 15 12 18 4 19 1 8 7 10 17 11 6 20 13 3 9 14 5 16 2 
student 432: 5 13 19 8 20 9 16 10 7 15 17 11 14 2 6 18 3 1 12 4 
student 433: 10 13 18 3 19 14 11 8 5 7 20 16 12 17 1 9 4 2 15 6 
student 434: 8 18 14 15 19 2 6 4 3 12 20 16 13 11 7 17 10 1 9 5 
student 435: 12 14 20 7 16 5 10 9 3 18 13 4 8 19 6 17 1 2 15 11 
student 436: 16 13 14 11 20 3 5 8 7 17 4 12 15 9 6 18 1 2 19 10 
student 437: 4 14 15 11 10 6 12 13 7 20 16 17 18 2 8 19 1 5 3 9 
student 438: 12 14 17 9 19 3 20 10 1 4 15 18 6 7 5 13 8 2 16 11 
student 439: 12 14 17 1 19 6 16 8 2 18 7 15 13 3 10 20 9 4 5 11 
student 440: 10 12 20 1 17 2 19 16 9 13 6 11 7 18 4 15 5 3 14 8 
student 441: 18 20 14 12 19 9 7 16 2 13 15 6 10 4 1 17 5 8 11 3 
student 442: 3 20 15 6 19 8 9 7 4 18 16 11 13 17 1 14 5 2 12 10 
student 443: 11 16 19 10 17 2 14 5 6 15 12 18 9 13 7 20 1 4 8 3 
student 444: 20 12 18 9 14 2 10 5 1 13 15 17 16 11 4 19 7 3 8 6 
student 445: 8 12 9 1 19 11 13 7 6 20 14 18 16 10 5 17 4 3 15 2 
student 446: 9 4 5 10 19 1 13 12 2 16 20 14 15 11 8 17 7 6 18 3 
student 447: 2 4 19 7 15 10 8 6 3 12 11 18 14 17 13 20 1 5 9 16 
student 448: 8 16 18 7 19 12 13 11 5 17 15 14 9 6 20 10 1 2 4 3 
student 449: 12 5 20 9 18 1 13 10 7 15 19 16 17 6 8 14 3 2 11 4 
student 450: 8 12 15 7 14 4 19 16 3 10 17 20 18 6 2 13 1 11 9 5 
student 451: 10 12 17 13 15 4 6 16 2 19 18 14 7 9 8 20 1 3 11 5 
student 452: 17 13 20 5 16 10 7 12 1 9 15 18 8 6 4 14 11 3 19 2 
student 453: 8 14 16 13 19 7 10 20 1 17 12 18 5 6 9 15 3 4 11 2 
student 454: 6 8 14 12 19 3 7 9 1 17 16 10 18 11 5 20 15 13 4 2 
student 455: 14 12 18 6 20 5 9 19 8 15 10 17 11 7 1 16 2 3 4 13 
student 456: 6 9 20 11 19 1 2 13 5 16 18 15 12 7 17 14 4 3 10 8 
student 457: 20 10 17 5 18 6 7 16 1 19 13 12 3 14 9 15 2 8 11 4 
student 458: 8 16 19 10 18 3 11 6 4 17 15 14 5 12 9 20 2 1 13 7 
student 459: 9 15 16 8 20 1 13 10 5 17 11 18 14 7 6 12 2 3 19 4 
student 460: 12 11 1 7 20 4 13 14 3 18 16 15 9 10 8 19 6 2 17 5 
student 461: 10 14 17 8 18 3 11 1 12 15 20 19 13 2 4 16 6 5 9 7 
student 462: 3 14 16 1 13 9 12 8 10 19 17 15 18 5 7 20 2 6 11 4 
student 463: 12 11 17 4 20 2 14 10 3 18 19 16 13 8 9 15 5 1 7 6 
student 464: 17 9 20 3 18 4 12 11 6 15 8 16 13 10 7 14 1 5 19 2 
student 465: 2 8 19 14 16 3 17 13 7 12 5 15 4 11 10 20 1 6 18 9 
student 466: 13 12 20 4 14 8 11 5 2 16 15 19 10 6 7 18 3 1 17 9 
student 467: 1 16 17 8 18 9 19 10 4 13 20 7 14 11 6 15 2 3 12 5 
student 468: 2 10 20 12 18 8 7 13 6 19 16 11 15 3 5 17 4 1 14 9 
student 469: 8 17 16 9 20 2 12 11 6 19 4 15 13 3 10 18 5 1 14 7 
student 470: 10 17 20 7 9 8 12 16 2 15 19 11 4 13 6 18 3 5 14 1 
student 471: 9 8 19 14 20 2 17 3 6 18 16 12 10 1 5 13 4 11 15 7 
student 472: 10 2 6 3 20 1 11 14 9 7 19 18 17 13 12 15 8 4 16 5 
student 473: 10 2 16 11 19 6 9 7 1 15 18 14 13 17 8 20 3 4 12 5 
student 474: 4 6 13 17 18 8 10 7 5 12 16 11 15 3 9 20 1 2 19 14 
student 475: 5 12 14 6 20 7 10 11 4 8 13 16 15 19 3 17 2 1 18 9 
student 476: 5 13 20 12 18 3 19 1 10 11 15 8 7 16 9 14 2 6 17 4 
student 477: 12 13 17 4 15 5 18 16 7 20 9 14 10 3 2 11 1 6 19 8 
student 478: 6 20 14 15 19 2 9 16 3 12 17 11 13 10 8 18 1 5 7 4 
student 479: 16 7 12 8 14 9 17 15 4 19 20 18 11 3 6 13 5 2 1 10 
student 480: 9 20 19 3 15 2 7 8 5 10 14 17 12 16 18 13 4 1 6 11 
student 481: 3 5 18 13 15 6 12 9 4 20 7 17 14 16 10 19 2 1 11 8 
student 482: 6 8 18 15 20 3 11 10 13 17 16 9 12 4 5 19 1 2 14 7 
student 483: 6 8 18 10 20 11 13 15 2 16 19 17 9 4 5 14 1 7 12 3 
student 484: 8 17 18 5 19 7 12 6 1 10 16 11 14 2 4 20 9 13 15 3 
student 485: 3 18 14 11 20 5 17 4 2 15 13 10 19 9 6 16 1 7 12 8 
student 486: 11 7 20 3 17 1 12 2 8 13 19 14 10 9 4 16 6 18 15 5 
student 487: 5 10 14 9 12 3 7 11 2 18 15 19 16 8 6 20 13 4 17 1 
student 488: 2 14 18 10 19 5 9 11 4 20 15 17 12 6 8 16 3 7 13 1 
student 489: 18 20 12 13 19 2 11 3 6 14 15 9 17 5 8 16 1 4 10 7 
student 490: 10 13 14 6 20 1 8 7 4 11 19 18 16 9 12 17 3 2 15 5 
student 491: 2 13 11 8 20 10 9 15 5 16 18 7 12 4 6 19 1 3 14 17 
student 492: 2 9 20 8 13 10 14 15 3 4 11 18 7 12 5 16 1 6 19 17 
student 493: 7 14 17 11 20 9 5 8 15 13 16 12 19 4 2 18 1 6 10 3 
student 494: 14 8 17 6 18 3 16 5 4 12 15 19 10 9 11 20 1 2 13 7 
student 495: 7 11 20 8 18 2 17 10 4 19 16 14 12 9 6 3 15 1 13 5 
student 496: 9 14 16 2 20 1 18 10 5 17 11 8 15 12 7 13 4 6 19 3 
student 497: 9 16 17 15 18 3 5 2 12 10 7 19 13 11 4 20 8 6 14 1 
student 498: 7 15 11 1 20 2 3 14 4 18 19 12 13 8 6 16 5 10 17 9 
student 499: 10 9 17 5 13 6 14 15 2 19 7 4 16 3 18 20 8 1 12 11 
student 500: 10 18 12 5 15 2 9 14 13 17 8 19 3 7 4 11 1 6 16 20 
student 501: 12 8 19 14 20 13 5 11 2 9 18 4 15 16 10 17 6 1 3 7 
student 502: 8 16 13 12 19 7 14 3 5 18 17 20 15 9 11 6 4 1 10 2 
student 503: 12 16 17 7 19 4 15 14 5 11 18 10 9 13 2 20 6 3 8 1 
student 504: 9 17 2 10 20 4 12 16 6 14 15 19 13 5 8 18 1 3 11 7 
student 505: 2 3 6 12 16 7 1 5 11 19 17 10 18 14 4 20 8 9 15 13 
student 506: 6 12 19 20 18 4 11 10 8 14 16 9 5 13 1 15 7 2 17 3 
student 507: 13 16 10 12 20 7 8 11 1 14 19 17 15 5 4 18 3 6 9 2 
student 508: 5 12 17 6 18 4 11 14 3 8 19 7 15 9 2 20 13 1 16 10 
student 509: 12 5 11 7 20 2 8 9 3 18 13 19 16 17 15 14 4 1 10 6 
student 510: 5 11 17 14 20 4 15 6 1 16 19 13 12 9 8 18 2 7 10 3 
student 511: 6 13 12 15 19 16 10 11 4 3 20 17 18 8 5 7 1 2 9 14 
student 512: 7 8 16 10 20 1 13 11 4 15 14 17 12 5 9 19 3 6 18 2 
student 513: 10 19 12 9 18 5 16 4 7 20 15 6 11 8 3 14 2 1 17 13 
student 514: 7 8 14 11 15 4 17 2 6 20 18 10 12 3 13 16 1 5 19 9 
student 515: 9 12 13 11 15 8 20 10 1 16 18 17 7 4 5 19 6 2 14 3 
student 516: 9 17 12 15 20 4 13 10 1 14 18 16 5 7 6 19 3 2 8 11 
student 517: 7 10 13 4 18 19 20 9 5 12 17 15 16 1 11 14 3 8 6 2 
student 518: 19 17 16 9 8 3 12 11 10 15 14 20 2 5 6 18 1 4 13 7 
student 519: 6 15 20 13 19 7 9 5 2 14 17 16 11 4 3 12 8 1 18 10 
student 520: 2 8 16 11 18 4 15 5 3 17 14 13 19 1 9 20 10 6 12 7 
student 521: 7 19 14 9 20 11 10 4 8 13 15 12 17 6 3 18 2 1 16 5 
student 522: 12 7 15 13 17 3 11 14 2 18 19 20 16 9 5 6 1 8 10 4 
student 523: 11 15 6 8 12 2 13 17 4 18 19 16 10 9 3 20 1 5 14 7 
student 524: 16 2 17 5 19 9 7 8 3 10 20 6 18 12 4 15 1 14 13 11 
student 525: 7 11 17 9 20 4 12 13 2 15 16 14 3 8 10 18 1 5 19 6 
student 526: 5 18 12 8 13 6 7 17 14 15 19 16 4 3 1 20 9 11 10 2 
student 527: 19 10 7 16 20 14 6 9 12 11 18 13 8 3 5 15 2 1 17 4 
student 528: 7 13 11 5 16 1 20 3 8 18 19 15 10 2 12 17 6 4 14 9 
student 529: 8 15 18 17 16 7 14 6 9 20 12 10 13 3 1 19 5 4 11 2 
student 530: 9 8 13 7 20 5 10 14 1 19 16 15 12 3 11 17 2 6 18 4 
student 531: 8 2 13 16 12 4 10 11 7 17 15 20 9 1 6 19 5 3 14 18 
student 532: 11 18 16 3 20 1 17 10 6 5 15 7 4 14 9 13 12 2 19 8 
student 533: 11 19 14 12 13 2 17 10 9 16 18 6 15 4 5 20 3 1 8 7 
student 534: 3 13 16 9 17 7 8 12 4 14 18 15 19 11 6 20 2 1 10 5 
student 535: 8 10 19 13 12 6 20 18 2 9 7 16 11 14 1 17 3 4 15 5 
student 536: 15 17 12 11 19 1 6 3 10 8 20 18 13 4 7 14 2 9 16 5 
student 537: 6 16 18 10 20 4 15 13 3 8 11 7 14 9 1 17 2 5 19 12 
student 538: 7 19 18 4 20 8 6 10 11 15 17 14 16 5 1 3 2 12 13 9 
student 539: 15 12 18 2 14 1 17 9 6 8 19 16 7 10 4 20 3 11 13 5 
student 540: 3 15 13 9 19 6 2 14 5 20 18 16 12 17 8 10 4 1 11 7 
student 541: 10 15 19 7 12 5 11 4 2 16 17 18 9 8 13 20 1 3 14 6 
student 542: 7 20 16 12 17 4 15 10 6 13 14 8 9 11 3 18 1 5 19 2 
student 543: 10 18 9 7 20 8 11 17 6 14 16 15 13 1 5 12 4 2 19 3 
student 544: 10 8 18 16 14 5 20 7 1 17 19 9 2 6 12 13 4 3 15 11 
student 545: 19 13 14 5 17 4 12 20 6 8 18 16 1 11 9 10 2 3 15 7 
student 546: 16 8 15 9 20 6 11 12 4 17 10 18 14 13 7 19 3 2 1 5 
student 547: 10 14 19 16 20 2 7 8 5 17 18 15 11 13 6 9 3 1 12 4 
student 548: 2 14 19 12 17 11 9 7 3 18 16 15 10 8 4 20 1 6 13 5 
student 549: 3 4 17 15 20 8 9 10 5 12 18 11 16 6 7 19 2 1 14 13 
student 550: 4 9 15 13 11 1 18 17 8 16 20 12 10 3 6 19 2 5 14 7 
student 551: 3 16 19 18 12 1 7 8 10 20 17 11 15 6 5 13 2 14 9 4 
student 552: 11 14 16 7 20 3 10 12 5 15 19 17 9 4 8 18 2 6 13 1 
student 553: 12 10 14 5 20 3 13 6 2 15 17 18 9 11 16 19 7 1 8 4 
student 554: 11 14 18 9 17 1 8 13 4 16 15 19 10 3 5 20 7 6 12 2 
student 555: 3 13 16 7 18 6 11 14 5 15 19 17 9 10 2 20 1 4 12 8 
student 556: 15 9 3 8 19 6 11 4 1 20 18 14 10 16 7 17 5 2 12 13 
student 557: 9 13 14 8 20 17 6 1 2 18 16 12 10 5 4 19 7 15 11 3 
student 558: 9 17 15 8 20 5 4 16 6 18 19 11 12 1 7 13 10 3 14 2 
student 559: 13 19 20 11 15 7 16 2 5 6 12 9 14 8 10 18 3 1 17 4 
student 560: 9 8 7 15 10 3 19 6 1 16 18 13 14 12 2 20 11 4 17 5 
student 561: 9 18 15 10 17 2 20 6 4 12 13 19 11 8 3 16 5 1 14 7 
student 562: 10 18 16 7 20 13 1 14 4 12 17 11 15 3 8 19 2 5 6 9 
student 563: 7 15 19 12 20 2 9 11 1 8 17 13 16 3 4 18 6 5 14 10 
student 564: 3 13 8 16 19 11 9 12 10 17 20 18 14 6 2 15 5 4 7 1 
student 565: 17 15 11 4 18 6 1 20 5 2 19 7 16 12 13 14 3 8 10 9 
student 566: 12 13 20 1 17 6 18 15 4 8 16 11 9 7 5 19 2 3 14 10 
student 567: 14 11 20 16 18 2 12 9 1 19 15 7 10 8 5 13 4 3 17 6 
student 568: 15 19 13 16 20 2 12 17 3 5 18 14 8 10 7 9 1 6 11 4 
student 569: 9 8 18 13 19 1 14 6 3 15 16 12 5 11 10 20 4 2 17 7 
student 570: 9 10 19 5 18 6 16 2 4 20 12 14 13 11 8 17 3 1 15 7 
student 571: 16 9 14 8 19 5 3 12 6 15 20 18 11 10 7 17 2 1 13 4 
student 572: 14 12 15 8 19 4 11 20 7 13 10 16 18 6 2 17 3 1 9 5 
student 573: 7 16 15 12 17 14 2 10 11 18 20 5 6 13 4 19 8 3 9 1 
student 574: 14 13 15 10 16 7 9 12 5 20 18 4 8 2 17 19 6 1 11 3 
student 575: 8 15 6 10 17 9 13 5 7 18 20 16 12 11 1 19 3 2 14 4 
student 576: 15 7 13 11 19 3 8 9 5 14 10 12 20 17 2 18 6 1 16 4 
student 577: 8 13 7 6 19 16 11 9 1 18 14 17 12 5 4 20 2 10 15 3 
student 578: 4 12 17 9 19 1 5 16 3 14 18 13 11 15 6 20 7 10 8 2 
student 579: 11 13 17 10 20 3 7 16 4 15 12 18 9 8 2 19 1 6 14 5 
student 580: 3 16 17 12 14 7 11 15 1 18 13 19 4 10 6 20 8 2 9 5 
student 581: 10 12 18 7 19 6 9 11 5 14 16 17 15 3 4 13 1 2 20 8 
student 582: 5 15 17 7 18 3 13 12 6 11 14 9 16 10 4 20 2 1 19 8 
student 583: 13 15 18 5 19 1 14 16 2 20 12 9 11 10 7 17 4 3 8 6 
student 584: 10 12 19 5 13 3 14 9 2 16 17 18 11 8 6 20 7 4 15 1 
student 585: 9 17 19 7 16 2 10 15 1 13 18 12 3 14 6 20 4 5 8 11 
student 586: 8 12 20 11 15 5 14 17 1 18 13 7 9 10 4 19 2 3 16 6 
student 587: 9 16 17 8 20 4 10 11 1 19 18 15 14 7 6 12 2 3 13 5 
student 588: 7 20 19 9 10 3 4 18 11 14 16 13 15 8 2 12 1 5 17 6 
student 589: 8 12 16 18 13 1 6 9 5 15 17 14 11 7 4 20 3 10 19 2 
student 590: 5 11 18 13 20 3 16 12 1 19 14 7 6 8 4 17 9 2 15 10 
student 591: 16 11 19 6 15 4 9 8 1 18 20 13 10 12 3 14 7 2 17 5 
student 592: 12 9 17 1 5 10 16 14 3 15 20 13 11 7 2 18 8 4 19 6 
student 593: 8 14 18 5 17 6 7 15 2 19 16 20 12 11 10 13 3 4 9 1 
student 594: 5 13 14 2 16 6 11 17 7 10 18 9 20 4 8 19 1 3 15 12 
student 595: 5 7 20 3 16 9 18 6 4 12 19 17 10 14 11 13 8 2 15 1 
student 596: 14 19 20 4 8 5 9 10 6 16 13 15 12 3 11 18 1 7 17 2 
student 597: 10 9 13 11 19 4 8 12 7 16 17 20 14 6 1 15 3 2 18 5 
student 598: 10 14 17 11 20 2 13 7 1 9 16 15 19 8 5 18 3 6 12 4 
student 599: 6 14 17 9 20 2 13 10 5 11 19 3 7 12 15 18 4 1 16 8 
student 600: 9 18 15 11 14 2 17 5 7 3 19 16 12 10 4 13 1 6 20 8 
student 601: 11 15 16 6 17 2 9 7 4 12 20 18 13 1 5 14 3 8 19 10 
student 602: 5 13 20 12 19 7 8 2 4 17 9 11 16 6 18 15 10 1 14 3 
student 603: 12 15 18 14 13 2 4 10 1 19 17 20 11 5 3 7 9 8 16 6 
student 604: 6 15 17 7 20 18 14 12 3 11 16 9 13 10 4 19 1 2 8 5 
student 605: 7 17 20 6 16 1 8 2 9 3 19 12 15 10 18 14 4 5 11 13 
student 606: 8 14 13 16 17 3 11 9 6 19 20 18 10 7 5 12 2 1 15 4 
student 607: 9 8 20 11 14 1 13 12 5 18 17 16 6 4 10 19 3 2 7 15 
student 608: 7 12 20 10 14 1 5 18 4 15 13 9 8 16 17 19 6 2 11 3 
student 609: 11 14 17 9 18 4 13 8 2 19 15 12 6 10 1 20 5 3 16 7 
student 610: 18 17 13 6 19 4 16 10 5 20 3 11 9 12 8 14 1 2 15 7 
student 611: 11 6 17 18 20 9 7 1 3 16 13 15 12 4 8 19 14 5 10 2 
student 612: 2 13 15 7 20 8 5 11 4 9 16 14 18 10 17 19 3 12 6 1 
student 613: 13 12 17 1 20 9 8 5 3 19 18 4 14 6 15 16 2 7 11 10 
student 614: 6 14 18 12 20 9 8 13 3 11 15 17 10 7 5 19 1 2 16 4 
student 615: 14 10 15 19 18 7 13 12 2 16 20 11 4 3 6 17 1 5 9 8 
student 616: 15 5 19 10 18 2 11 9 1 14 16 13 12 3 4 20 8 6 17 7 
student 617: 7 19 13 9 11 4 14 6 3 20 18 12 17 5 16 15 2 1 10 8 
student 618: 10 13 14 15 6 11 2 17 1 19 20 12 5 8 9 18 3 4 16 7 
student 619: 3 13 7 4 17 2 19 12 15 16 20 5 14 10 18 6 1 8 11 9 
student 620: 15 16 19 13 20 8 9 6 4 11 17 7 12 5 1 18 10 2 14 3 
student 621: 6 17 20 7 15 10 13 5 2 14 18 9 8 4 12 19 1 3 11 16 
student 622: 18 13 9 2 19 5 6 15 4 20 16 12 14 1 7 17 10 3 11 8 
student 623: 6 13 17 11 20 9 14 10 3 18 15 19 16 8 4 12 2 1 5 7 
student 624: 10 13 15 14 19 9 7 20 2 16 18 12 6 8 4 17 1 5 11 3 
student 625: 13 19 12 9 15 6 5 11 1 8 14 16 18 7 10 17 4 2 20 3 
student 626: 4 16 18 11 20 2 5 15 3 12 17 13 7 10 9 19 6 1 14 8 
student 627: 6 15 16 3 20 2 11 10 4 19 13 18 14 9 7 12 5 1 17 8 
student 628: 5 14 19 13 20 6 10 7 8 16 17 18 11 1 4 12 2 9 15 3 
student 629: 1 7 19 6 13 9 15 12 2 16 18 11 14 10 8 20 5 3 17 4 
student 630: 13 17 15 11 20 10 2 12 1 16 18 3 7 9 8 19 5 4 14 6 
student 631: 7 9 20 10 19 1 18 3 5 16 14 12 13 17 11 15 4 2 8 6 
student 632: 10 8 13 3 17 1 18 16 5 19 20 6 12 9 4 14 2 11 15 7 
student 633: 6 15 17 8 18 13 10 16 4 19 20 12 14 9 3 2 5 1 11 7 
student 634: 6 15 17 10 20 3 18 11 9 13 14 12 7 8 5 16 2 1 19 4 
student 635: 6 18 13 9 14 10 11 8 2 17 4 12 20 15 3 16 7 5 19 1 
student 636: 8 19 17 12 18 11 5 7 1 13 16 15 9 4 10 20 3 6 14 2 
student 637: 9 20 14 12 18 1 16 5 11 8 17 15 13 6 3 19 4 2 10 7 
student 638: 6 9 17 10 18 4 11 2 3 16 14 12 13 15 8 20 1 5 19 7 
student 639: 12 13 19 14 20 5 11 7 4 17 18 16 3 2 6 15 10 8 9 1 
student 640: 17 19 16 12 10 5 4 9 11 15 14 8 7 6 2 20 1 3 18 13 
student 641: 5 7 14 8 17 18 20 9 6 11 15 13 19 10 3 16 2 4 12 1 
student 642: 12 7 17 2 20 14 9 18 4 15 16 6 11 10 8 13 3 1 19 5 
student 643: 14 2 20 15 19 3 7 8 5 18 13 12 16 11 9 17 4 1 10 6 
student 644: 8 12 16 10 19 3 11 14 5 13 17 20 9 7 2 18 6 4 15 1 
student 645: 6 10 20 14 18 9 12 5 4 11 16 17 19 8 1 15 13 2 7 3 
student 646: 6 3 16 15 17 7 8 14 1 13 11 20 18 9 2 19 4 5 12 10 
student 647: 3 9 14 7 20 6 10 13 2 16 17 18 12 5 8 19 4 1 15 11 
student 648: 8 16 15 10 19 4 14 13 7 12 20 11 9 6 1 17 3 2 18 5 
student 649: 3 7 20 13 15 10 14 11 9 18 19 17 12 6 8 4 5 2 16 1 
student 650: 14 8 12 3 16 2 15 5 6 18 13 20 11 10 1 19 7 4 17 9 
student 651: 13 16 20 9 15 3 2 7 5 17 18 14 11 6 10 12 8 4 19 1 
student 652: 6 8 18 12 19 3 9 16 2 10 11 17 20 5 7 15 4 1 14 13 
student 653: 10 12 17 8 19 3 13 11 7 14 20 18 15 9 5 16 2 4 6 1 
student 654: 10 17 16 18 19 7 2 13 3 14 11 15 9 4 8 20 1 6 5 12 
student 655: 18 7 13 6 16 1 20 8 15 14 11 10 9 2 3 19 5 4 12 17 
student 656: 13 10 19 12 20 3 5 14 6 16 9 15 18 8 7 17 11 1 2 4 
student 657: 3 15 11 6 17 10 8 2 1 19 16 18 5 14 12 20 4 7 13 9 
student 658: 3 5 15 8 13 10 16 18 1 17 19 12 9 2 7 20 11 6 14 4 
student 659: 12 16 10 2 19 6 11 14 1 9 17 15 3 13 4 20 8 5 18 7 
student 660: 6 12 18 9 19 13 11 10 8 14 7 17 16 2 5 20 1 4 15 3 
student 661: 4 16 20 15 18 11 6 19 7 12 17 9 14 10 3 13 8 1 5 2 
student 662: 6 15 18 8 20 9 5 17 10 14 13 19 12 3 2 11 4 1 16 7 
student 663: 14 11 17 5 18 16 8 6 3 13 20 15 9 4 12 19 2 10 7 1 
student 664: 7 15 18 8 20 4 13 9 10 17 12 19 14 6 1 11 5 2 16 3 
student 665: 1 19 13 12 18 2 11 8 9 10 17 14 16 20 5 7 3 4 15 6 
student 666: 5 20 19 4 16 7 9 10 2 17 18 14 6 11 15 13 8 1 12 3 
student 667: 13 15 19 9 11 7 14 12 6 20 18 4 10 8 5 17 2 1 16 3 
student 668: 12 15 17 20 19 9 13 2 5 14 6 18 11 3 10 16 7 1 8 4 
student 669: 8 15 11 9 18 5 13 10 7 12 20 14 16 3 6 17 1 2 19 4 
student 670: 14 13 11 7 15 12 5 10 4 18 20 19 9 2 6 17 1 3 16 8 
student 671: 13 18 12 7 19 2 14 11 4 8 9 16 15 5 3 20 10 1 17 6 
student 672: 6 7 20 5 8 19 18 12 11 10 16 15 14 1 13 17 4 3 9 2 
student 673: 8 20 16 15 19 7 18 10 2 14 6 11 13 4 12 17 9 5 3 1 
student 674: 9 6 20 8 19 5 12 13 3 18 17 11 14 10 4 15 2 1 16 7 
student 675: 5 14 20 17 19 3 12 8 4 18 16 9 15 7 6 13 1 2 11 10 
student 676: 6 11 19 8 20 2 10 14 3 12 13 9 16 15 5 18 4 1 17 7 
student 677: 9 8 16 4 17 7 15 11 18 14 19 6 20 5 3 13 2 1 12 10 
student 678: 1 20 13 15 10 16 17 11 4 12 14 9 8 7 3 18 5 2 19 6 
student 679: 4 17 13 5 18 10 11 16 7 15 19 8 1 12 9 20 6 2 14 3 
student 680: 7 9 18 12 19 3 14 20 5 17 15 6 16 10 2 13 8 1 11 4 
student 681: 5 10 17 18 19 2 12 9 3 14 8 20 11 7 4 16 1 6 15 13 
student 682: 7 9 19 8 16 2 14 13 5 10 20 18 12 6 11 15 3 1 17 4 
student 683: 8 6 19 18 17 5 12 9 4 20 16 13 14 7 3 11 2 1 15 10 
student 684: 4 12 18 3 20 9 16 11 10 15 17 14 13 6 5 19 2 1 7 8 
student 685: 8 7 19 5 20 11 14 9 2 10 13 18 15 3 6 17 4 1 16 12 
student 686: 5 20 12 8 19 2 9 11 1 14 17 13 18 7 10 15 6 4 16 3 
student 687: 11 13 20 8 19 4 12 14 3 15 18 16 9 5 7 17 1 2 10 6 
student 688: 9 10 16 15 20 6 11 1 2 18 8 13 19 14 7 17 3 4 12 5 
student 689: 10 4 16 6 11 7 15 12 2 18 19 14 13 1 3 20 17 5 9 8 
student 690: 6 8 13 12 19 2 10 7 5 18 15 16 9 14 3 20 1 4 17 11 
student 691: 4 14 20 10 16 5 15 19 2 18 13 8 12 7 11 17 3 1 6 9 
student 692: 14 13 18 1 19 4 15 11 2 17 7 16 9 10 8 20 3 5 12 6 
student 693: 3 9 20 15 18 2 19 11 5 14 16 12 10 7 8 17 4 1 13 6 
student 694: 4 17 6 7 19 13 8 12 10 18 20 16 11 3 9 15 1 5 14 2 
student 695: 20 15 9 1 16 11 14 6 5 18 17 12 7 2 8 13 4 3 10 19 
student 696: 3 10 15 6 17 1 13 20 5 7 19 16 14 4 9 18 2 11 8 12 
student 697: 5 15 20 9 17 1 8 13 6 14 16 18 11 10 2 19 4 7 12 3 
student 698: 8 11 9 14 20 15 5 7 4 19 16 18 17 10 6 13 1 3 12 2 
student 699: 6 13 19 8 15 4 14 11 3 16 20 18 9 10 7 12 2 1 17 5 
student 700: 8 20 11 12 17 14 3 18 13 15 19 10 9 1 5 7 4 2 16 6 
student 701: 11 18 16 10 17 3 13 9 4 14 20 6 5 1 12 19 8 2 15 7 
student 702: 10 15 8 13 16 2 12 14 3 18 19 9 6 4 7 20 11 1 17 5 
student 703: 17 7 19 9 6 14 11 13 3 8 15 18 5 10 2 16 4 1 12 20 
student 704: 3 10 13 6 20 16 4 2 7 17 18 11 19 15 9 8 12 5 14 1 
student 705: 7 17 19 8 20 4 13 12 6 18 10 14 16 5 11 15 3 1 9 2 
student 706: 12 18 4 17 20 1 8 15 3 19 11 14 9 6 5 13 2 16 7 10 
student 707: 8 11 19 14 17 2 12 10 9 16 18 15 1 7 6 20 3 4 13 5 
student 708: 9 17 12 11 20 1 16 15 6 19 10 14 2 8 5 18 7 4 13 3 
student 709: 1 20 12 16 19 8 13 7 4 15 17 9 14 6 10 18 3 5 11 2 
student 710: 10 14 15 9 20 3 6 7 1 18 11 13 12 16 8 19 5 2 17 4 
student 711: 6 11 20 5 16 15 10 13 1 17 12 18 4 3 2 19 7 9 14 8 
student 712: 3 20 18 13 17 7 19 11 2 14 15 8 9 5 6 16 4 1 10 12 
student 713: 14 9 18 4 20 10 13 16 2 19 12 15 8 7 1 11 6 3 17 5 
student 714: 9 12 16 8 20 5 17 18 2 19 7 15 14 10 3 13 1 6 4 11 
student 715: 13 11 20 16 15 9 14 6 1 19 5 17 12 8 2 7 3 4 18 10 
student 716: 9 16 18 13 20 2 4 10 6 15 11 17 14 3 8 19 1 7 12 5 
student 717: 12 14 15 11 19 5 2 8 6 13 17 16 4 18 7 20 3 9 10 1 
student 718: 7 14 20 13 19 1 11 8 3 9 18 12 10 5 4 16 17 2 15 6 
student 719: 12 5 20 15 18 2 8 9 6 16 17 10 14 7 1 19 3 11 13 4 
student 720: 2 19 9 18 20 12 11 3 5 14 15 13 10 7 4 17 1 16 8 6 
student 721: 8 3 13 17 16 6 14 11 2 20 18 12 15 10 7 19 5 1 9 4 
student 722: 11 15 17 3 19 1 10 13 6 5 20 16 9 7 12 18 4 2 14 8 
student 723: 4 16 14 5 20 3 10 8 1 17 11 15 13 18 9 19 6 2 12 7 
student 724: 16 2 12 9 13 7 17 10 1 15 11 18 19 8 14 20 5 3 6 4 
student 725: 11 17 20 18 13 9 10 8 4 19 12 15 14 7 6 5 2 1 16 3 
student 726: 8 11 2 15 20 4 10 3 9 12 13 19 18 6 7 16 14 1 17 5 
student 727: 4 10 17 9 20 11 14 7 5 15 18 12 13 6 2 19 8 1 16 3 
student 728: 9 10 16 18 17 2 13 6 7 11 20 14 12 8 1 15 3 5 19 4 
student 729: 7 14 16 11 19 5 13 15 12 20 10 8 18 4 2 17 6 3 9 1 
student 730: 3 19 11 15 13 1 10 8 5 14 18 20 17 9 6 16 4 2 12 7 
student 731: 7 14 18 6 20 10 8 13 5 15 19 16 11 12 4 17 2 1 9 3 
student 732: 12 17 10 19 18 1 11 9 5 16 15 14 8 6 4 20 2 7 13 3 
student 733: 19 7 20 12 18 3 5 1 13 2 16 11 14 10 8 17 9 4 15 6 
student 734: 11 15 17 12 19 5 14 13 10 16 20 18 9 4 2 8 3 1 6 7 
student 735: 6 14 20 10 11 1 7 8 5 17 18 16 9 13 3 19 4 2 15 12 
student 736: 6 2 16 18 20 9 12 5 4 17 15 11 14 10 3 19 1 7 13 8 
student 737: 11 14 16 18 20 4 8 9 2 15 19 12 7 6 5 17 3 10 13 1 
student 738: 9 12 19 8 15 4 16 11 6 17 20 13 14 7 5 18 2 1 3 10 
student 739: 15 18 14 7 20 4 2 9 11 10 13 12 17 8 5 19 1 3 16 6 
student 740: 9 7 18 12 19 1 13 14 3 17 16 11 15 2 6 20 8 4 10 5 
student 741: 13 20 17 6 16 4 18 5 14 9 19 11 15 12 7 8 2 1 10 3 
student 742: 5 17 15 11 19 3 14 7 1 12 18 20 4 8 10 16 6 9 13 2 
student 743: 1 6 19 4 20 2 9 15 12 16 11 17 10 13 7 18 14 8 5 3 
student 744: 13 14 18 11 17 2 7 12 1 15 19 20 9 10 6 16 5 3 8 4 
student 745: 12 11 6 16 18 13 7 4 1 20 19 9 8 15 10 14 3 2 17 5 
student 746: 10 13 17 16 19 3 14 12 4 20 15 1 8 6 11 18 5 2 9 7 
student 747: 15 16 14 8 19 9 12 6 4 20 17 18 10 7 2 13 5 1 11 3 
student 748: 9 19 12 8 20 5 13 16 4 11 14 15 6 10 7 17 3 2 18 1 
student 749: 4 13 6 9 19 8 2 15 11 10 20 16 17 12 3 14 7 1 18 5 
student 750: 17 12 13 2 20 6 11 10 7 18 9 15 14 5 8 19 1 4 16 3 
student 751: 4 9 16 5 17 7 10 12 2 19 14 11 18 13 6 20 3 1 15 8 
student 752: 14 15 17 12 10 11 16 18 6 9 19 3 13 7 1 20 2 5 8 4 
student 753: 8 19 17 5 20 13 15 6 1 16 7 14 9 12 2 18 11 3 10 4 
student 754: 4 6 14 11 2 10 3 16 7 15 20 17 13 9 8 18 5 1 12 19 
student 755: 13 10 18 20 17 5 3 8 2 16 9 11 4 1 12 15 6 19 14 7 
student 756: 5 15 12 9 14 4 18 13 2 10 20 16 11 8 6 17 7 1 19 3 
student 757: 5 14 18 8 17 10 12 13 2 20 15 19 16 9 4 6 1 7 11 3 
student 758: 10 15 20 9 18 5 12 2 8 14 17 13 6 7 1 16 3 4 19 11 
student 759: 3 11 17 16 19 12 9 4 8 15 13 18 10 2 14 20 1 7 6 5 
student 760: 12 10 19 4 16 9 18 7 6 14 17 20 13 1 8 15 5 2 11 3 
student 761: 8 14 12 9 19 6 11 7 3 17 18 13 15 5 4 20 2 1 16 10 
student 762: 8 15 18 5 17 4 13 16 6 20 12 10 7 11 2 14 1 3 19 9 
student 763: 9 13 15 10 19 6 7 5 4 20 17 16 12 1 11 18 2 3 14 8 
student 764: 6 12 11 16 15 2 20 3 1 19 17 18 7 10 9 13 4 5 14 8 
student 765: 13 8 14 16 20 3 5 7 9 4 18 17 15 6 10 19 2 1 11 12 
student 766: 5 13 15 8 14 1 11 7 2 19 20 17 10 9 6 12 16 4 18 3 
student 767: 8 13 20 6 19 12 4 3 16 10 11 14 18 7 9 17 5 1 15 2 
student 768: 2 20 19 8 10 15 6 4 12 16 18 14 13 1 17 7 9 5 11 3 
student 769: 8 9 19 17 11 4 5 2 1 20 14 15 16 13 7 18 6 3 12 10 
student 770: 7 16 14 13 17 10 8 3 5 19 15 1 18 9 6 20 2 4 11 12 
student 771: 7 12 20 8 15 6 9 13 1 14 19 2 10 17 11 16 3 5 18 4 
student 772: 9 19 15 16 20 5 10 6 3 11 18 14 12 7 8 17 2 1 13 4 
student 773: 11 17 18 13 19 3 2 16 8 7 15 5 14 4 10 20 6 1 12 9 
student 774: 4 12 15 6 11 16 10 2 3 18 17 19 7 9 5 20 8 1 13 14 
student 775: 14 8 9 12 18 1 16 15 3 19 17 13 11 4 5 20 7 2 10 6 
student 776: 7 9 17 11 19 15 8 6 2 14 20 18 13 10 4 16 5 1 12 3 
student 777: 11 10 13 16 19 2 15 12 7 14 17 5 9 6 8 18 1 3 20 4 
student 778: 5 16 19 12 14 2 10 15 7 6 20 17 18 8 4 9 3 1 11 13 
student 779: 7 9 17 8 19 1 14 4 3 12 15 20 5 2 13 18 11 6 16 10 
student 780: 20 16 10 9 15 3 5 6 2 14 18 13 8 1 17 19 12 4 11 7 
student 781: 6 11 12 16 17 4 7 13 2 19 20 18 14 9 8 15 3 1 10 5 
student 782: 13 12 20 10 16 8 5 11 4 2 18 17 14 9 6 15 1 3 19 7 
student 783: 14 15 20 6 17 7 11 9 5 16 12 13 10 4 3 19 2 1 18 8 
student 784: 5 11 16 17 14 2 6 15 3 18 19 12 13 7 8 20 1 10 9 4 
student 785: 14 16 20 19 11 7 9 10 4 1 13 12 15 3 8 17 6 2 18 5 
student 786: 9 17 13 7 20 5 12 8 6 18 16 14 11 4 15 19 3 1 10 2 
student 787: 5 13 18 9 19 2 12 6 7 16 20 10 17 11 4 14 8 1 15 3 
student 788: 2 10 15 11 20 1 12 6 5 9 19 17 16 13 8 18 7 3 14 4 
student 789: 14 9 18 4 17 6 12 19 3 15 20 13 16 1 10 11 5 2 7 8 
student 790: 9 13 20 15 19 4 12 7 3 11 16 18 14 6 5 17 8 2 10 1 
student 791: 3 9 20 14 18 1 5 15 7 16 17 8 6 12 11 19 10 2 13 4 
student 792: 15 14 20 2 19 8 3 9 4 12 17 18 7 13 11 10 1 5 16 6 
student 793: 1 13 20 10 14 2 12 9 5 19 17 16 11 7 6 18 4 3 15 8 
student 794: 2 12 16 8 20 3 9 15 5 14 19 11 18 17 13 7 4 1 10 6 
student 795: 7 12 17 11 19 1 9 16 8 20 15 14 13 2 3 18 4 5 10 6 
student 796: 10 4 17 16 13 3 12 8 6 14 20 19 15 7 5 9 2 1 18 11 
student 797: 7 14 18 16 19 5 8 12 4 13 17 11 10 9 6 20 1 3 15 2 
student 798: 5 20 19 11 18 2 17 14 1 13 16 10 3 7 15 6 4 9 8 12 
student 799: 9 12 17 10 16 1 13 2 4 18 20 15 11 8 7 19 3 5 14 6 
