student 0: 5 4 11 16 12 18 17 14 6 2 13 19 15 1 20 7 3 9 8 10 
student 1: 8 3 17 9 11 12 19 15 14 5 16 20 10 1 18 4 2 6 13 7 
student 2: 8 1 19 9 13 18 17 16 4 14 12 20 11 2 6 5 10 7 3 15 
student 3: 8 1 11 16 9 10 12 4 5 13 15 17 19 3 18 6 2 14 7 20 
student 4: 2 1 6 19 9 15 14 7 4 10 8 3 17 11 20 5 13 12 16 18 
student 5: 6 4 9 11 15 12 10 13 3 7 17 18 16 2 20 8 1 14 5 19 
student 6: 9 10 12 4 6 14 20 5 2 1 13 17 18 7 19 11 3 15 8 16 
student 7: 6 4 7 19 13 11 17 10 3 9 16 20 15 1 18 8 2 14 5 12 
student 8: 1 12 14 18 7 9 13 10 4 6 19 16 11 2 20 8 3 17 5 15 
student 9: 3 6 10 13 12 18 14 1 4 11 15 20 19 2 17 9 5 7 16 8 
student 10: 7 8 13 20 3 19 16 12 1 4 18 15 10 2 17 11 6 9 5 14 
student 11: 2 5 8 19 15 14 6 12 9 13 18 20 11 7 16 3 4 17 1 10 
student 12: 2 1 13 14 8 18 15 5 4 12 20 17 19 6 11 9 3 10 7 16 
student 13: 3 4 17 20 9 6 18 5 14 13 16 19 15 7 11 1 2 12 10 8 
student 14: 7 1 12 20 3 14 13 6 4 11 19 17 15 2 10 5 9 18 8 16 
student 15: 5 4 10 18 12 13 19 7 6 1 20 16 14 2 17 8 3 15 9 11 
student 16: 8 4 3 20 10 16 11 9 14 7 13 17 15 5 18 6 1 2 19 12 
student 17: 17 2 8 18 7 20 12 3 19 9 10 15 4 5 16 1 6 13 11 14 
student 18: 6 2 8 19 18 10 5 16 11 4 15 9 17 1 12 14 3 13 7 20 
student 19: 15 1 17 20 7 8 12 4 3 2 16 18 13 6 14 11 5 10 9 19 
student 20: 11 9 16 20 15 8 10 4 1 5 14 19 17 2 18 3 7 13 6 12 
student 21: 10 6 15 17 14 19 9 11 12 5 18 3 16 2 8 4 1 13 7 20 
student 22: 8 2 14 19 9 13 15 10 4 5 11 16 18 3 20 6 1 12 7 17 
student 23: 11 5 8 19 1 9 4 10 3 12 18 20 15 2 16 7 6 17 13 14 
student 24: 2 4 8 19 12 11 14 9 6 7 16 17 18 1 20 3 5 13 10 15 
student 25: 3 2 6 17 14 12 8 5 4 11 16 20 10 1 19 18 7 15 9 13 
student 26: 5 2 10 17 1 12 16 8 9 6 15 19 14 3 20 13 4 11 7 18 
student 27: 6 8 2 19 3 20 4 15 5 7 11 14 17 9 13 12 1 18 10 16 
student 28: 4 3 15 19 12 14 13 6 1 7 10 17 16 9 20 11 2 8 5 18 
student 29: 6 5 7 19 3 14 18 11 8 10 20 17 13 1 16 4 2 9 12 15 
student 30: 11 6 5 20 2 17 16 12 3 4 9 10 19 7 18 14 1 8 13 15 
student 31: 10 3 9 20 4 13 15 1 11 16 18 12 17 7 19 2 8 6 5 14 
student 32: 7 2 13 14 10 9 15 5 8 11 17 18 16 1 20 4 3 19 12 6 
student 33: 7 4 12 17 3 10 19 8 9 5 18 20 13 1 14 2 6 11 15 16 
student 34: 12 1 8 20 5 18 9 14 10 4 15 7 2 3 13 17 11 16 6 19 
student 35: 2 6 13 20 4 15 17 9 14 5 12 19 16 1 7 8 3 11 10 18 
student 36: 9 4 11 14 1 16 10 13 15 2 17 20 18 7 19 8 3 5 6 12 
student 37: 6 2 7 20 9 17 12 14 8 4 11 15 19 10 13 1 3 18 5 16 
student 38: 6 2 18 20 9 10 19 17 14 4 7 15 11 1 16 5 3 8 12 13 
student 39: 7 5 8 20 9 6 13 11 12 2 17 19 18 1 15 16 3 10 4 14 
student 40: 3 11 12 19 5 8 14 9 7 6 10 15 18 4 20 2 1 17 13 16 
student 41: 9 1 6 20 4 15 11 14 10 3 13 19 12 2 8 16 5 18 7 17 
student 42: 5 1 9 20 11 14 15 6 3 10 13 19 17 2 18 8 4 7 12 16 
student 43: 7 5 8 20 6 10 11 14 13 2 18 19 9 3 17 12 4 15 1 16 
student 44: 2 4 19 12 17 15 11 9 6 3 10 16 14 1 20 8 5 18 13 7 
student 45: 16 2 10 14 17 11 9 4 7 3 13 20 15 1 19 6 5 18 8 12 
student 46: 5 15 8 20 10 16 11 17 4 9 18 13 19 1 12 6 3 14 7 2 
student 47: 2 9 6 17 14 13 18 8 4 3 19 11 16 5 20 7 1 12 10 15 
student 48: 7 4 9 19 8 20 10 15 2 3 14 16 11 1 18 12 5 17 6 13 
student 49: 3 5 17 16 6 13 15 18 10 4 14 11 7 2 19 12 1 9 8 20 
student 50: 9 1 20 19 13 11 4 17 5 8 16 15 12 7 14 3 2 6 10 18 
student 51: 9 5 10 20 8 15 12 13 7 1 19 16 18 2 11 14 6 3 4 17 
student 52: 3 6 17 18 8 10 5 1 4 13 14 11 19 2 15 12 20 9 7 16 
student 53: 10 1 9 20 12 15 11 14 3 8 13 17 19 7 16 6 2 4 5 18 
student 54: 6 2 10 20 12 13 9 1 18 3 16 15 5 8 19 4 7 11 17 14 
student 55: 6 1 11 16 14 9 12 4 7 2 15 19 20 3 18 13 5 10 8 17 
student 56: 3 18 16 20 8 13 15 7 1 4 19 17 6 2 14 9 10 11 5 12 
student 57: 11 1 17 7 14 18 4 9 8 2 20 13 16 3 19 5 12 6 10 15 
student 58: 9 7 11 16 10 4 12 18 3 1 15 19 14 13 17 5 2 8 6 20 
student 59: 4 3 15 18 12 10 1 13 7 11 17 20 19 2 8 9 5 14 6 16 
student 60: 1 9 15 20 7 8 14 16 4 10 12 18 13 5 17 6 2 3 11 19 
student 61: 8 4 15 16 6 13 9 5 11 7 20 19 14 2 17 12 10 1 3 18 
student 62: 4 7 3 16 8 5 15 6 20 9 17 19 14 1 12 11 10 13 2 18 
student 63: 2 4 3 20 17 12 14 1 11 6 15 18 9 7 19 5 8 13 16 10 
student 64: 4 3 12 20 1 9 17 7 5 6 15 19 18 2 16 8 13 11 10 14 
student 65: 1 6 7 18 16 10 13 11 4 3 9 19 14 5 20 15 2 12 8 17 
student 66: 2 7 11 18 6 13 16 10 3 12 15 20 17 1 14 8 4 9 5 19 
student 67: 10 1 13 19 11 6 9 3 4 7 12 18 17 2 20 14 5 16 8 15 
student 68: 5 3 12 20 4 15 9 18 2 11 16 19 6 1 14 7 8 13 10 17 
student 69: 4 2 10 12 5 14 13 11 7 6 16 17 20 1 19 18 3 9 8 15 
student 70: 5 2 10 13 4 18 19 12 7 3 14 20 15 1 17 9 8 16 6 11 
student 71: 5 1 10 17 6 19 15 13 8 3 16 20 11 9 14 12 4 7 2 18 
student 72: 5 1 16 15 6 10 11 14 8 7 13 18 17 3 19 9 4 12 2 20 
student 73: 8 2 11 19 9 16 7 10 3 1 20 14 17 4 18 6 5 13 12 15 
student 74: 6 3 11 12 10 17 16 13 4 5 19 20 14 1 15 7 2 8 9 18 
student 75: 7 3 17 14 9 20 12 16 15 8 11 4 19 2 6 10 1 5 18 13 
student 76: 1 4 5 11 18 9 17 12 8 6 19 15 20 3 14 2 10 7 16 13 
student 77: 6 2 14 20 7 12 15 8 5 3 19 16 18 9 17 4 1 10 11 13 
student 78: 5 1 8 18 13 10 14 19 7 2 20 17 15 3 9 6 4 12 11 16 
student 79: 1 3 11 18 2 12 14 9 17 5 8 20 16 4 19 7 13 6 10 15 
student 80: 1 3 13 19 4 17 12 8 7 6 15 20 9 11 16 2 10 18 5 14 
student 81: 6 1 3 19 14 17 12 9 4 2 13 20 16 5 18 11 8 10 7 15 
student 82: 5 3 7 15 2 18 8 20 4 6 12 19 11 10 16 9 1 13 17 14 
student 83: 7 1 17 16 6 15 8 5 3 2 14 20 9 12 18 10 4 11 13 19 
student 84: 9 4 12 18 19 15 14 5 10 6 17 7 13 2 20 1 8 16 3 11 
student 85: 5 2 16 19 3 15 4 11 8 13 18 17 7 1 20 9 6 12 10 14 
student 86: 2 10 7 18 9 13 16 8 15 5 11 20 19 3 14 4 6 12 1 17 
student 87: 5 1 10 20 9 13 7 11 4 15 16 19 17 2 18 6 3 14 8 12 
student 88: 3 2 19 16 12 5 13 6 1 8 14 18 17 7 20 9 4 15 10 11 
student 89: 12 2 9 19 8 10 16 5 1 15 4 17 20 3 14 13 6 11 7 18 
student 90: 7 5 11 17 6 13 16 12 3 8 15 19 10 2 18 4 1 14 9 20 
student 91: 3 4 9 20 1 14 10 19 12 5 18 15 17 2 16 6 8 11 7 13 
student 92: 5 3 2 15 14 19 13 10 6 4 11 17 16 1 20 7 8 12 9 18 
student 93: 4 3 14 18 17 1 15 10 11 2 20 8 19 5 12 9 7 6 13 16 
student 94: 6 3 16 18 10 19 13 11 4 8 14 20 15 5 17 12 7 1 2 9 
student 95: 6 1 9 19 10 12 8 13 3 16 15 20 18 5 17 7 2 11 4 14 
student 96: 4 3 15 20 6 11 19 12 5 7 13 16 14 2 18 10 1 8 9 17 
student 97: 2 5 11 20 9 18 7 4 6 3 16 19 12 15 17 14 1 10 8 13 
student 98: 11 9 7 17 18 8 13 15 1 2 20 12 14 3 19 4 5 10 6 16 
student 99: 8 4 15 20 7 11 13 6 10 3 18 16 19 1 12 9 5 14 2 17 
student 100: 3 4 18 11 7 12 8 5 1 6 19 10 15 2 20 13 16 14 9 17 
student 101: 10 4 5 20 8 14 7 3 6 1 17 13 18 16 19 2 9 15 11 12 
student 102: 2 4 19 20 12 17 13 6 8 3 16 15 11 1 18 10 7 9 5 14 
student 103: 2 1 13 14 9 12 17 16 10 6 20 19 15 5 8 7 4 11 3 18 
student 104: 8 6 11 20 3 15 12 9 2 17 16 13 18 1 19 4 7 10 5 14 
student 105: 4 2 11 15 8 9 10 14 6 5 16 20 17 1 18 12 3 13 7 19 
student 106: 2 3 16 12 18 6 15 10 4 8 13 19 9 1 20 5 7 14 11 17 
student 107: 1 12 7 19 6 11 14 20 8 4 16 18 15 5 17 9 10 3 2 13 
student 108: 5 2 14 18 7 15 12 10 6 1 11 20 16 4 19 13 3 17 9 8 
student 109: 6 2 9 11 8 15 18 10 4 12 19 20 16 1 17 5 3 14 7 13 
student 110: 2 1 9 19 15 16 13 11 14 8 12 17 18 7 3 10 4 6 5 20 
student 111: 5 17 10 18 11 16 8 9 7 3 12 19 15 1 20 6 2 13 4 14 
student 112: 7 8 19 14 12 18 9 10 4 3 13 17 5 6 20 1 2 16 11 15 
student 113: 1 9 18 6 4 19 7 12 11 2 17 15 13 5 20 3 10 14 16 8 
student 114: 10 1 9 14 7 12 11 6 5 3 17 16 19 4 20 8 2 13 15 18 
student 115: 20 7 3 19 15 17 10 9 8 14 16 13 6 12 18 4 1 5 2 11 
student 116: 7 2 6 20 12 16 4 13 1 3 10 14 19 5 18 8 11 15 9 17 
student 117: 7 3 8 16 6 4 11 13 5 9 14 18 12 2 17 10 1 20 15 19 
student 118: 9 5 19 12 14 18 15 11 7 4 16 17 20 2 10 13 1 8 6 3 
student 119: 4 7 12 14 8 16 11 20 19 2 13 18 3 5 15 6 1 17 10 9 
student 120: 5 1 11 20 9 17 16 13 2 6 14 12 15 3 19 7 8 10 4 18 
student 121: 12 3 9 20 6 10 13 8 5 2 16 19 15 1 18 17 4 11 7 14 
student 122: 3 10 20 16 8 6 13 15 17 9 19 18 11 1 12 2 4 7 5 14 
student 123: 9 16 15 18 10 11 14 17 3 2 12 20 19 1 5 4 8 6 13 7 
student 124: 4 1 11 16 15 19 7 13 9 3 10 20 17 2 12 8 5 14 6 18 
student 125: 4 3 14 15 17 10 18 8 1 5 19 20 7 2 13 9 6 11 12 16 
student 126: 4 5 13 19 6 20 9 10 8 3 18 14 17 1 16 7 2 12 11 15 
student 127: 6 4 15 11 12 17 13 10 8 5 20 14 18 3 7 9 1 2 19 16 
student 128: 7 5 9 20 13 11 15 12 4 2 16 19 17 3 18 6 1 10 8 14 
student 129: 4 5 14 17 12 13 8 9 7 6 20 16 11 2 18 1 3 15 10 19 
student 130: 1 9 17 20 8 14 10 6 3 16 12 13 19 11 18 5 2 7 4 15 
student 131: 6 3 20 15 17 7 13 9 2 5 8 19 18 1 14 10 12 11 4 16 
student 132: 5 3 15 14 12 18 13 8 7 1 17 20 10 2 19 6 4 9 16 11 
student 133: 15 5 8 11 9 16 2 10 7 6 14 18 19 3 17 1 4 12 20 13 
student 134: 3 1 7 18 10 11 15 8 6 4 13 14 12 5 17 16 2 20 9 19 
student 135: 4 1 9 19 17 18 14 7 8 6 15 20 10 13 16 12 2 5 11 3 
student 136: 2 4 10 15 14 9 18 16 5 7 12 20 13 3 19 8 1 17 6 11 
student 137: 7 4 5 17 1 18 14 8 3 11 10 20 9 13 19 12 2 15 6 16 
student 138: 9 6 2 19 4 14 13 12 7 15 20 18 16 5 17 10 8 11 1 3 
student 139: 4 1 12 20 9 14 13 10 5 7 17 19 16 2 18 6 3 8 15 11 
student 140: 8 1 17 18 16 7 10 4 11 6 19 20 12 5 15 3 2 14 9 13 
student 141: 5 14 8 19 10 13 12 18 2 4 11 15 16 3 17 6 1 9 7 20 
student 142: 3 2 15 18 6 10 14 7 5 9 20 11 17 1 16 12 4 8 13 19 
student 143: 8 3 7 18 10 14 12 11 4 5 16 20 17 6 19 9 1 15 2 13 
student 144: 9 2 1 12 11 17 14 4 8 6 19 20 18 5 15 3 7 13 10 16 
student 145: 3 1 15 20 6 18 12 13 11 8 16 14 17 2 19 4 5 7 10 9 
student 146: 14 5 4 19 15 17 18 13 10 2 11 12 6 3 20 8 9 7 1 16 
student 147: 3 5 11 15 4 10 14 16 13 2 12 18 20 6 9 8 1 7 17 19 
student 148: 7 4 13 18 2 16 11 12 3 9 14 19 20 1 15 10 8 5 6 17 
student 149: 5 13 7 9 1 19 15 12 2 3 17 20 16 11 6 8 4 10 18 14 
student 150: 6 1 10 17 5 13 15 3 2 12 16 20 9 4 11 7 8 14 18 19 
student 151: 7 1 9 15 5 4 10 16 12 8 13 19 14 6 20 11 3 18 2 17 
student 152: 11 7 9 20 8 15 18 4 6 13 16 19 10 5 3 14 2 17 1 12 
student 153: 2 9 15 20 13 16 18 1 6 5 11 19 14 4 17 7 3 10 12 8 
student 154: 5 1 9 18 10 13 11 4 8 2 15 20 19 3 16 7 6 12 17 14 
student 155: 13 3 15 19 7 8 11 5 4 9 18 16 17 6 20 1 12 2 14 10 
student 156: 2 9 12 18 7 5 1 11 13 10 16 19 17 4 20 6 3 8 14 15 
student 157: 5 1 8 16 13 14 3 15 6 4 20 19 17 2 12 11 7 9 10 18 
student 158: 3 1 8 20 12 9 13 2 6 16 15 19 17 5 11 7 4 10 14 18 
student 159: 5 7 13 20 9 16 15 11 12 2 17 19 1 3 14 6 4 8 10 18 
student 160: 2 7 16 19 13 14 17 5 9 3 15 20 12 6 18 1 8 10 4 11 
student 161: 12 1 14 13 8 15 11 10 6 9 18 19 17 3 20 4 2 7 5 16 
student 162: 2 11 3 12 8 9 7 5 13 4 18 15 10 1 19 16 6 14 17 20 
student 163: 2 6 20 17 3 5 9 15 12 8 13 19 10 7 16 1 4 11 14 18 
student 164: 1 6 14 16 10 13 12 5 2 11 8 17 20 3 19 7 9 15 4 18 
student 165: 3 2 11 18 6 13 12 4 5 8 20 19 16 1 14 10 15 7 9 17 
student 166: 3 14 10 16 12 11 13 5 1 7 17 15 19 4 20 6 8 18 2 9 
student 167: 3 1 13 20 11 8 12 6 4 7 15 14 17 2 19 5 9 16 18 10 
student 168: 3 2 9 19 17 14 13 12 7 5 16 8 15 1 18 6 4 11 10 20 
student 169: 1 3 20 19 13 9 7 12 15 6 14 18 11 2 17 8 4 10 5 16 
student 170: 7 5 12 20 19 14 8 6 3 2 16 11 9 1 17 18 15 10 4 13 
student 171: 11 6 5 20 12 15 8 17 1 3 14 18 16 4 19 10 7 2 13 9 
student 172: 3 12 17 13 16 7 9 8 10 14 11 20 15 1 19 5 2 18 4 6 
student 173: 6 9 4 20 18 12 15 10 7 8 19 17 16 1 14 2 3 11 5 13 
student 174: 4 11 15 20 19 12 13 10 5 9 6 17 16 8 14 1 3 7 2 18 
student 175: 1 2 3 15 16 14 10 20 8 6 12 17 13 4 18 7 5 19 9 11 
student 176: 3 1 11 19 10 14 8 12 6 7 13 18 16 2 20 4 5 15 9 17 
student 177: 6 5 8 20 12 19 14 11 1 2 16 17 18 4 13 10 3 15 9 7 
student 178: 4 2 9 20 6 14 18 5 8 10 15 17 12 1 19 13 3 16 7 11 
student 179: 6 3 19 16 10 15 11 8 4 13 7 20 9 1 12 17 2 18 5 14 
student 180: 2 6 18 19 17 10 9 1 8 15 12 11 16 3 20 14 5 13 7 4 
student 181: 4 5 16 18 11 7 10 8 14 3 19 17 15 6 13 9 1 12 2 20 
student 182: 12 5 16 20 15 8 9 6 3 1 13 19 10 2 18 11 4 14 7 17 
student 183: 2 4 20 16 11 19 6 8 9 5 14 15 13 1 18 3 10 12 7 17 
student 184: 13 4 19 16 17 12 11 6 9 8 20 15 1 3 14 2 5 10 7 18 
student 185: 6 3 12 20 8 10 18 15 7 4 13 17 14 1 19 2 11 16 5 9 
student 186: 4 2 8 18 15 14 11 9 7 3 20 19 13 1 17 6 5 12 10 16 
student 187: 4 2 11 18 17 7 12 15 5 10 14 16 20 8 19 9 6 3 1 13 
student 188: 4 5 16 17 11 18 15 1 6 10 13 19 12 2 14 3 8 7 9 20 
student 189: 6 1 9 20 10 12 11 7 3 14 17 15 19 5 16 2 8 4 13 18 
student 190: 5 9 8 20 14 19 15 6 12 2 16 17 11 3 18 1 13 7 4 10 
student 191: 2 5 11 12 10 6 4 19 13 9 17 18 16 8 20 3 1 14 7 15 
student 192: 4 1 13 17 5 18 14 12 6 2 16 15 19 8 20 10 7 9 11 3 
student 193: 7 4 13 20 11 16 10 5 2 12 15 19 18 3 17 1 6 14 8 9 
student 194: 14 5 13 18 10 12 9 4 11 8 15 19 16 3 20 1 7 6 2 17 
student 195: 9 1 10 19 15 18 17 6 8 2 4 20 13 7 16 12 5 3 14 11 
student 196: 4 7 12 17 9 14 15 18 3 2 8 16 19 5 11 10 1 6 13 20 
student 197: 10 2 11 19 8 4 15 13 5 7 17 18 16 1 20 12 3 14 9 6 
student 198: 10 1 16 19 12 14 7 11 4 5 18 20 8 9 15 6 3 13 2 17 
student 199: 9 7 16 18 6 13 11 4 1 8 15 20 12 2 19 14 3 5 10 17 
student 200: 11 9 13 16 3 15 14 10 4 7 19 20 18 5 12 8 1 6 2 17 
student 201: 5 1 13 18 9 17 14 6 2 10 16 11 20 4 7 8 3 15 12 19 
student 202: 4 6 10 20 14 16 19 5 2 11 18 12 17 9 13 3 1 15 8 7 
student 203: 11 3 13 10 18 12 16 7 5 9 19 20 17 1 4 14 2 6 8 15 
student 204: 7 1 2 18 13 15 5 14 8 12 17 20 10 4 19 6 3 9 11 16 
student 205: 19 5 9 18 11 7 15 17 6 3 12 16 10 2 14 8 4 13 20 1 
student 206: 1 3 18 15 9 12 10 5 20 4 11 13 14 2 19 8 7 17 6 16 
student 207: 3 15 8 20 16 17 10 11 12 7 13 19 18 1 9 6 2 4 5 14 
student 208: 6 1 10 20 15 18 3 11 8 5 16 17 4 2 19 7 9 14 12 13 
student 209: 5 3 16 13 12 15 10 2 9 8 14 19 11 7 20 1 6 18 4 17 
student 210: 6 3 9 20 16 4 14 10 8 7 13 18 19 1 12 17 2 5 15 11 
student 211: 10 3 20 18 8 17 11 2 7 4 9 19 13 5 14 6 1 16 12 15 
student 212: 5 4 18 17 12 19 8 11 2 10 13 20 16 1 15 9 6 7 3 14 
student 213: 6 4 10 18 15 17 11 12 2 7 16 20 13 1 19 8 5 3 9 14 
student 214: 1 8 5 14 6 16 12 13 7 2 20 10 15 3 19 17 4 9 11 18 
student 215: 5 3 8 13 2 17 7 16 6 10 18 19 20 1 14 12 4 11 9 15 
student 216: 8 2 16 19 18 9 20 4 7 3 5 15 10 1 13 14 6 11 12 17 
student 217: 15 4 14 16 5 13 8 11 6 10 20 2 19 3 18 9 1 17 7 12 
student 218: 18 2 1 15 6 12 11 19 3 8 17 20 14 4 13 10 5 7 16 9 
student 219: 10 3 19 9 5 13 20 15 6 1 16 17 12 2 18 7 4 14 8 11 
student 220: 4 1 12 11 3 13 5 10 7 18 16 20 17 14 19 9 2 8 6 15 
student 221: 6 3 12 17 2 7 5 8 14 10 15 19 18 1 20 9 4 11 16 13 
student 222: 1 4 8 15 6 20 18 2 3 9 16 19 17 5 14 10 7 13 11 12 
student 223: 6 1 10 14 12 2 11 15 13 7 19 18 20 3 16 4 5 9 8 17 
student 224: 2 5 14 19 12 16 15 9 7 1 11 20 18 3 10 13 8 17 6 4 
student 225: 1 2 15 20 8 7 11 4 9 16 19 17 14 10 18 3 5 12 6 13 
student 226: 13 3 16 20 4 10 6 2 9 14 18 12 17 1 15 7 5 8 11 19 
student 227: 6 7 8 19 14 13 11 10 9 4 18 3 15 5 17 12 1 20 2 16 
student 228: 1 6 9 20 14 10 18 4 7 2 15 17 16 5 19 11 8 3 12 13 
student 229: 5 2 9 20 8 14 13 7 4 11 16 17 10 1 18 3 12 6 15 19 
student 230: 10 1 2 18 12 15 14 6 3 11 8 16 17 5 19 4 9 13 7 20 
student 231: 9 5 3 19 8 13 11 6 2 1 16 18 20 4 15 12 17 14 10 7 
student 232: 4 9 7 20 11 18 15 2 6 1 17 16 19 3 13 12 8 10 5 14 
student 233: 8 5 14 18 13 17 4 12 9 11 16 15 10 3 7 6 2 20 1 19 
student 234: 1 11 20 14 8 6 4 3 5 15 9 19 17 2 18 16 13 12 7 10 
student 235: 6 1 17 10 9 13 11 3 8 2 19 20 15 5 18 7 4 12 14 16 
student 236: 7 4 9 3 14 16 11 8 1 5 15 17 13 19 18 12 6 10 2 20 
student 237: 2 9 10 15 19 1 7 3 13 5 12 18 17 6 20 16 14 4 8 11 
student 238: 2 1 12 17 5 20 7 16 6 8 14 18 19 3 15 9 11 10 4 13 
student 239: 8 12 14 19 4 13 15 10 5 1 20 18 17 3 2 7 6 11 9 16 
student 240: 1 2 15 13 6 9 8 16 3 14 17 20 18 10 12 7 4 5 11 19 
student 241: 10 3 16 15 11 20 4 17 8 1 14 19 18 2 12 5 7 9 6 13 
student 242: 1 3 13 17 11 7 15 19 6 14 18 20 12 2 8 10 5 9 4 16 
student 243: 7 5 10 16 11 17 12 2 9 4 13 20 15 1 18 3 6 8 14 19 
student 244: 5 3 13 19 11 15 12 17 9 1 14 18 20 8 10 7 6 4 2 16 
student 245: 1 6 11 14 5 19 12 10 9 17 20 13 18 3 16 2 4 8 7 15 
student 246: 6 2 11 15 4 8 17 7 9 19 14 20 10 3 13 5 1 12 16 18 
student 247: 2 1 16 15 7 20 14 11 9 5 13 19 6 3 18 10 8 12 4 17 
student 248: 8 7 10 19 9 18 15 14 4 6 16 17 12 3 20 5 1 13 2 11 
student 249: 1 3 19 7 14 17 8 10 6 9 11 18 16 4 20 2 12 13 5 15 
student 250: 5 2 11 20 15 13 18 4 16 1 8 17 6 9 19 7 3 12 10 14 
student 251: 2 6 12 18 20 9 11 8 5 17 13 16 19 3 15 10 1 14 4 7 
student 252: 4 3 7 20 6 11 10 12 17 9 16 13 18 5 15 2 1 14 8 19 
student 253: 5 11 10 19 1 12 16 9 13 20 14 17 15 7 8 4 3 6 2 18 
student 254: 8 1 7 15 19 16 6 3 12 2 11 18 20 9 17 10 4 5 14 13 
student 255: 2 3 14 15 16 13 17 11 4 7 19 20 10 8 12 6 5 9 1 18 
student 256: 5 8 17 20 7 16 10 12 4 6 15 18 19 1 14 11 2 9 3 13 
student 257: 5 4 13 19 9 16 12 2 7 3 17 18 14 1 20 8 6 11 10 15 
student 258: 5 1 15 16 4 19 12 7 8 6 17 18 13 3 20 14 2 9 11 10 
student 259: 7 5 14 4 8 15 3 16 10 1 13 19 17 2 20 6 11 9 12 18 
student 260: 1 6 15 19 13 10 17 12 2 9 14 18 7 5 20 8 3 11 4 16 
student 261: 4 2 12 17 10 16 15 8 5 11 13 18 19 6 20 7 3 1 9 14 
student 262: 1 13 18 14 10 17 9 6 2 5 15 16 20 4 12 7 3 8 11 19 
student 263: 4 1 13 19 7 16 14 11 3 2 15 18 20 6 17 8 5 12 10 9 
student 264: 2 7 12 20 13 9 10 3 6 1 15 19 16 5 18 14 4 8 11 17 
student 265: 6 1 18 10 13 14 8 19 9 3 16 20 2 4 17 11 5 12 7 15 
student 266: 3 10 9 11 8 12 13 17 2 14 15 19 16 5 4 20 6 1 7 18 
student 267: 6 7 10 20 16 15 12 11 4 9 19 13 18 2 17 8 5 3 1 14 
student 268: 12 3 10 17 6 16 13 9 2 14 8 18 7 1 15 4 5 11 20 19 
student 269: 9 6 4 19 12 11 14 3 7 1 15 18 13 5 16 8 2 20 10 17 
student 270: 4 2 6 15 12 14 17 7 5 9 8 19 10 1 13 20 3 11 16 18 
student 271: 6 5 15 20 1 11 14 8 7 2 18 16 17 4 19 10 3 13 9 12 
student 272: 10 3 7 18 13 17 6 8 1 4 15 19 16 2 20 5 9 11 14 12 
student 273: 4 1 15 20 9 18 14 7 2 6 19 17 13 5 10 16 3 11 8 12 
student 274: 3 12 14 11 18 7 13 6 5 4 17 19 16 2 20 8 1 10 9 15 
student 275: 7 4 20 18 5 14 15 10 8 2 19 13 12 3 16 1 6 11 9 17 
student 276: 3 12 7 17 15 20 11 13 2 16 19 18 14 1 9 8 5 6 4 10 
student 277: 12 14 20 19 7 16 15 4 10 5 6 17 9 2 11 3 18 8 1 13 
student 278: 2 4 13 19 10 12 11 9 1 5 20 18 8 3 16 15 6 17 7 14 
student 279: 15 2 14 19 5 16 11 9 7 10 13 12 17 1 20 8 6 3 4 18 
student 280: 17 5 16 19 20 13 8 9 2 11 12 14 15 10 18 4 1 7 3 6 
student 281: 6 2 19 16 9 7 17 8 13 5 14 15 20 1 18 4 3 10 12 11 
student 282: 2 6 4 11 15 19 5 10 9 18 16 13 17 1 20 3 8 14 7 12 
student 283: 2 3 14 19 18 15 10 12 5 8 16 20 13 1 17 4 7 6 11 9 
student 284: 3 2 5 9 15 19 13 4 7 8 17 20 14 1 18 11 6 12 10 16 
student 285: 4 2 15 17 14 16 8 19 9 3 18 12 13 1 6 20 5 7 11 10 
student 286: 5 6 11 15 10 18 14 1 9 2 13 19 16 4 3 7 8 12 17 20 
student 287: 12 3 18 15 6 19 14 7 11 2 8 20 10 4 16 9 1 17 5 13 
student 288: 1 13 14 19 10 18 11 7 2 9 20 17 16 6 15 8 4 12 3 5 
student 289: 2 4 8 18 6 11 15 10 3 5 16 20 13 1 17 9 7 19 12 14 
student 290: 6 2 11 16 8 18 10 14 7 1 19 20 13 4 17 15 3 5 9 12 
student 291: 4 3 13 16 9 18 8 7 10 6 11 17 14 1 15 5 2 12 19 20 
student 292: 2 6 14 15 9 19 4 1 11 8 18 20 13 3 17 7 5 12 10 16 
student 293: 3 2 14 15 13 17 12 9 5 11 20 6 10 7 19 4 1 16 8 18 
student 294: 4 3 7 12 17 10 14 11 6 2 19 18 16 8 15 5 1 13 9 20 
student 295: 1 4 8 18 16 12 15 14 6 3 17 20 11 10 19 5 7 13 2 9 
student 296: 14 1 10 12 17 8 7 6 18 3 11 20 15 4 16 13 2 19 9 5 
student 297: 2 4 13 19 3 16 15 9 6 11 17 14 12 8 18 5 1 7 20 10 
student 298: 4 1 5 19 13 17 10 6 3 2 16 12 15 11 18 8 9 14 7 20 
student 299: 2 1 8 19 13 12 15 9 5 4 17 20 14 10 18 6 11 7 3 16 
student 300: 4 3 11 20 9 10 17 12 7 6 16 15 19 2 18 5 1 8 13 14 
student 301: 3 10 13 17 8 7 16 11 5 6 20 18 19 4 15 9 2 12 1 14 
student 302: 5 8 7 19 9 10 15 6 12 3 11 16 18 1 17 2 13 4 14 20 
student 303: 4 1 14 17 9 15 10 11 5 7 8 19 20 3 16 12 2 6 13 18 
student 304: 4 11 18 20 6 14 16 13 9 3 10 12 17 7 19 2 1 5 8 15 
student 305: 9 5 11 16 12 15 10 1 2 7 19 20 17 8 14 6 4 3 13 18 
student 306: 3 2 11 20 19 16 12 5 6 1 18 17 13 7 15 9 4 10 8 14 
student 307: 13 7 11 19 14 17 15 1 2 5 16 20 18 8 4 10 3 9 6 12 
student 308: 9 2 10 18 14 13 12 6 3 4 20 19 16 1 8 15 7 11 5 17 
student 309: 5 3 17 14 16 12 11 15 4 7 10 20 13 6 18 9 1 8 2 19 
student 310: 4 5 8 20 16 13 19 12 3 11 9 18 15 2 17 10 1 7 6 14 
student 311: 12 8 9 18 5 13 11 4 2 1 17 20 14 7 6 3 15 16 10 19 
student 312: 10 1 12 19 8 14 9 7 11 5 16 20 15 4 18 3 2 17 6 13 
student 313: 8 9 6 20 5 17 14 4 12 10 7 13 16 1 18 3 2 15 11 19 
student 314: 1 4 5 18 11 12 10 16 8 7 20 19 17 3 14 6 2 15 9 13 
student 315: 10 2 12 19 9 17 8 6 13 7 18 20 3 1 14 11 5 16 4 15 
student 316: 5 1 15 11 8 17 7 16 6 9 10 19 12 2 20 13 3 4 14 18 
student 317: 4 8 10 15 17 12 13 9 7 2 6 19 18 3 20 5 1 11 16 14 
student 318: 11 1 15 18 13 19 12 8 4 9 17 16 10 3 14 7 2 6 5 20 
student 319: 4 3 10 7 9 13 16 6 8 15 2 19 17 1 20 14 5 12 11 18 
student 320: 2 6 17 15 5 12 9 14 8 4 20 19 16 3 18 13 1 7 10 11 
student 321: 5 4 9 16 17 11 12 8 6 3 20 19 13 1 18 14 2 10 7 15 
student 322: 9 1 12 15 3 8 17 7 5 10 18 19 13 2 20 11 6 16 14 4 
student 323: 2 1 15 13 16 11 9 17 8 3 14 18 19 6 20 5 4 12 7 10 
student 324: 5 1 12 16 8 14 9 11 4 10 20 18 17 2 15 7 3 13 6 19 
student 325: 3 2 6 17 14 15 13 12 7 5 19 20 16 1 9 18 8 4 11 10 
student 326: 8 1 14 11 6 16 4 10 9 3 19 20 17 2 18 12 5 13 7 15 
student 327: 3 2 14 16 19 17 8 5 9 7 11 12 20 1 18 4 6 15 13 10 
student 328: 3 1 18 14 17 9 10 12 5 2 13 19 20 4 15 6 7 11 8 16 
student 329: 11 5 14 17 7 9 8 6 4 1 13 20 19 3 18 10 2 16 12 15 
student 330: 15 11 8 20 16 13 7 4 3 5 18 17 10 6 19 9 1 14 2 12 
student 331: 7 3 12 20 1 14 8 2 11 9 17 19 15 5 16 4 13 10 6 18 
student 332: 13 5 8 18 9 17 4 7 16 2 15 20 6 12 11 3 14 10 1 19 
student 333: 8 2 17 20 15 18 12 11 10 4 14 13 5 1 16 6 3 7 9 19 
student 334: 2 4 15 11 8 17 3 5 18 6 20 12 7 16 14 9 13 10 1 19 
student 335: 4 1 11 18 9 14 13 8 7 10 17 15 19 2 20 5 3 16 6 12 
student 336: 3 1 14 13 9 18 17 11 12 10 16 19 20 4 5 8 2 6 7 15 
student 337: 6 12 8 9 10 11 3 7 16 13 17 20 14 5 19 4 2 15 1 18 
student 338: 2 6 17 18 10 16 11 1 7 4 13 20 8 5 15 9 3 19 14 12 
student 339: 3 4 7 17 12 13 14 11 1 9 20 19 16 2 6 10 8 15 5 18 
student 340: 4 11 12 19 9 17 15 7 5 6 8 20 14 2 18 3 1 13 10 16 
student 341: 5 3 11 19 8 10 17 7 13 14 12 20 18 4 15 2 6 1 9 16 
student 342: 12 4 10 18 16 13 3 8 5 7 19 20 15 9 17 1 2 11 6 14 
student 343: 11 3 17 15 6 16 8 19 10 5 13 18 12 2 4 7 1 14 9 20 
student 344: 6 4 1 20 10 13 7 16 9 3 11 17 19 2 18 14 5 8 12 15 
student 345: 5 4 13 19 11 20 15 10 2 8 12 18 14 1 16 3 9 7 6 17 
student 346: 12 1 8 17 15 14 7 6 10 2 20 13 19 4 16 3 9 11 5 18 
student 347: 7 3 12 17 10 20 2 14 9 5 16 15 19 1 18 11 6 13 4 8 
student 348: 11 2 12 18 10 13 9 8 4 3 14 17 19 1 20 5 7 15 6 16 
student 349: 1 5 16 13 8 4 14 11 7 9 15 18 20 3 19 6 2 12 10 17 
student 350: 4 3 17 20 12 18 11 9 6 8 16 19 15 5 14 7 1 13 2 10 
student 351: 3 7 9 13 5 14 15 17 11 4 12 20 18 2 19 6 1 10 16 8 
student 352: 1 12 14 19 10 9 17 13 8 4 11 20 16 3 15 5 2 7 6 18 
student 353: 6 7 12 19 10 11 4 3 18 2 17 20 13 1 16 9 8 14 5 15 
student 354: 2 1 12 15 7 5 18 10 6 3 11 20 17 4 16 14 8 9 13 19 
student 355: 2 3 7 20 8 16 10 11 5 6 14 19 17 1 18 12 4 13 9 15 
student 356: 6 2 17 20 15 19 14 4 13 8 7 16 5 3 18 1 11 12 10 9 
student 357: 1 8 12 20 2 14 11 9 6 3 18 15 7 4 19 13 5 10 16 17 
student 358: 6 3 5 16 9 12 11 2 10 13 18 20 14 1 19 7 8 15 4 17 
student 359: 7 2 15 12 13 3 10 8 6 5 17 14 19 1 20 16 4 18 9 11 
student 360: 7 2 11 16 6 15 12 5 14 3 17 19 18 4 20 1 9 10 8 13 
student 361: 1 13 12 16 6 14 10 3 5 2 17 20 18 7 8 9 4 19 11 15 
student 362: 7 5 11 15 13 14 16 6 1 3 20 18 17 2 9 10 4 8 12 19 
student 363: 4 11 14 17 8 12 13 10 16 7 18 20 1 6 19 2 3 9 5 15 
student 364: 2 3 13 17 12 19 16 5 6 4 20 18 14 1 15 8 9 11 7 10 
student 365: 6 3 11 17 12 10 18 8 13 2 20 19 15 1 16 14 7 4 5 9 
student 366: 16 4 13 18 5 8 7 2 6 11 12 20 19 14 17 9 1 10 3 15 
student 367: 1 2 10 17 8 16 13 4 5 9 14 20 18 6 19 12 15 7 11 3 
student 368: 10 4 6 18 11 14 13 12 2 7 16 20 15 5 17 3 1 8 9 19 
student 369: 11 4 15 19 10 8 13 12 2 5 16 7 17 9 20 18 1 3 6 14 
student 370: 4 3 11 20 9 14 12 10 2 6 17 18 16 5 19 7 1 13 8 15 
student 371: 15 6 10 5 16 12 14 11 2 1 20 17 18 3 9 7 4 13 8 19 
student 372: 1 2 13 12 15 17 18 3 6 4 20 19 7 10 14 16 8 9 11 5 
student 373: 2 1 12 15 8 17 11 7 13 4 16 18 9 3 20 14 5 6 10 19 
student 374: 3 9 5 18 7 11 14 2 10 6 17 20 13 1 12 15 4 16 8 19 
student 375: 3 9 18 20 13 16 17 8 6 2 11 15 7 4 14 12 5 10 19 1 
student 376: 13 1 14 20 15 16 7 6 9 4 12 17 8 2 19 10 3 11 5 18 
student 377: 5 11 16 17 20 6 13 12 1 3 10 7 14 8 19 9 4 15 2 18 
student 378: 3 6 17 19 9 11 16 8 4 14 13 20 18 2 15 1 5 10 7 12 
student 379: 2 3 19 17 7 20 11 10 12 9 18 14 15 1 16 5 4 8 6 13 
student 380: 7 4 18 19 15 14 6 10 12 3 17 16 9 1 13 5 11 2 8 20 
student 381: 11 7 10 20 13 9 14 6 5 2 19 18 16 1 12 17 4 8 3 15 
student 382: 11 3 20 19 2 10 15 12 7 4 18 6 5 1 14 8 9 13 17 16 
student 383: 1 5 15 14 8 11 12 13 7 2 9 20 19 16 18 10 6 3 4 17 
student 384: 1 3 20 19 6 14 16 13 4 2 15 18 9 5 17 7 10 8 11 12 
student 385: 1 2 12 19 13 10 8 4 5 6 17 18 20 11 14 9 3 7 15 16 
student 386: 7 3 8 20 9 13 16 11 10 4 17 18 12 2 19 15 1 6 5 14 
student 387: 6 1 13 18 12 17 11 5 9 7 20 19 14 2 16 8 3 10 4 15 
student 388: 3 1 8 12 19 11 20 15 6 7 17 16 13 4 18 10 2 14 5 9 
student 389: 2 5 15 18 8 11 19 9 7 14 4 20 17 1 13 10 3 12 6 16 
student 390: 2 7 13 19 17 11 14 4 15 8 16 20 10 3 12 18 1 5 9 6 
student 391: 3 6 18 13 8 11 16 15 1 7 19 14 9 2 20 4 17 10 5 12 
student 392: 7 3 15 20 8 13 9 6 2 12 19 18 14 1 16 5 4 11 17 10 
student 393: 5 1 20 14 4 19 10 7 11 9 16 18 13 6 15 2 3 8 12 17 
student 394: 5 2 12 19 9 7 11 18 3 10 20 17 13 4 15 8 1 14 6 16 
student 395: 1 3 13 16 5 20 19 8 11 9 18 17 14 2 15 4 6 12 10 7 
student 396: 5 7 10 16 3 19 20 2 6 18 14 17 13 1 8 11 4 15 9 12 
student 397: 7 9 15 18 13 1 3 12 11 4 20 14 16 5 17 8 2 19 10 6 
student 398: 3 2 4 19 9 12 11 15 14 7 1 20 13 5 18 17 8 10 6 16 
student 399: 2 1 15 19 7 18 12 13 6 4 16 20 10 3 17 9 8 11 5 14 
student 400: 4 2 10 16 7 8 9 12 11 3 20 15 14 1 13 6 17 19 5 18 
student 401: 6 3 17 13 11 14 12 10 5 4 15 20 16 1 19 7 8 9 2 18 
student 402: 2 9 12 20 8 6 16 4 5 10 13 18 17 7 15 3 1 14 11 19 
student 403: 1 4 19 3 6 17 16 10 12 7 18 20 14 2 15 9 5 11 8 13 
student 404: 4 11 10 16 6 14 19 8 3 5 12 13 17 1 20 7 2 18 9 15 
student 405: 3 4 5 17 10 16 11 15 8 13 19 20 14 1 9 6 2 7 12 18 
student 406: 10 7 19 13 14 6 5 17 4 2 18 15 9 1 20 8 3 11 16 12 
student 407: 7 10 3 14 15 11 20 13 1 8 17 2 19 5 18 6 4 16 9 12 
student 408: 5 14 9 20 12 19 11 7 1 13 3 16 17 4 18 10 8 6 2 15 
student 409: 3 6 14 18 9 15 11 7 8 1 17 19 20 2 13 4 5 12 10 16 
student 410: 5 2 11 19 6 8 12 15 7 4 13 18 17 3 20 9 1 16 10 14 
student 411: 11 1 14 7 8 20 17 16 12 3 19 9 10 5 15 4 2 13 6 18 
student 412: 4 1 8 19 5 12 15 3 13 2 20 18 9 7 17 6 10 11 14 16 
student 413: 5 4 12 19 10 16 14 3 9 8 20 17 15 1 18 2 6 11 7 13 
student 414: 6 10 3 19 9 18 8 16 2 12 15 17 20 1 13 4 7 5 11 14 
student 415: 6 9 12 17 7 19 11 5 1 4 18 13 10 2 16 8 14 15 3 20 
student 416: 2 4 19 18 9 14 20 6 5 16 8 1 17 10 15 11 3 7 12 13 
student 417: 3 12 6 20 13 8 11 4 1 14 5 19 10 9 18 15 16 17 2 7 
student 418: 13 4 10 20 8 15 12 16 11 6 14 18 17 1 19 2 3 9 7 5 
student 419: 8 2 11 17 7 19 13 10 5 4 18 15 12 6 14 9 3 16 1 20 
student 420: 7 1 10 19 5 14 18 9 2 4 13 20 17 8 16 3 6 11 12 15 
student 421: 1 5 14 20 8 16 13 11 3 7 17 18 19 2 15 9 12 6 4 10 
student 422: 5 6 11 19 4 9 8 2 3 15 17 20 18 10 12 7 1 14 16 13 
student 423: 5 2 16 14 15 19 18 3 11 12 20 13 10 1 17 4 6 7 9 8 
student 424: 5 3 13 17 12 14 11 7 10 6 16 18 9 2 20 4 1 19 8 15 
student 425: 6 8 9 20 14 10 15 4 1 11 13 19 18 7 16 5 12 17 2 3 
student 426: 3 1 13 17 14 15 6 7 5 12 19 20 10 2 18 4 9 11 8 16 
student 427: 2 7 5 14 16 8 9 6 12 3 17 20 18 1 13 4 11 19 10 15 
student 428: 8 1 9 18 13 16 2 10 12 5 17 15 20 3 7 6 4 19 11 14 
student 429: 9 3 10 20 6 15 1 11 4 7 16 18 12 2 19 8 5 14 13 17 
student 430: 14 1 7 19 10 9 15 4 11 5 17 20 16 2 18 6 3 12 8 13 
student 431: 4 3 5 19 11 20 16 7 8 9 18 17 13 2 15 6 1 10 12 14 
student 432: 8 5 18 13 17 16 11 2 6 10 12 19 15 1 20 3 4 7 14 9 
student 433: 11 3 6 18 9 7 15 5 14 12 20 19 16 1 17 8 2 13 4 10 
student 434: 2 1 13 20 19 16 15 7 12 9 11 10 18 3 17 14 5 6 8 4 
student 435: 7 2 3 10 6 15 17 8 4 13 18 20 11 5 16 9 1 12 14 19 
student 436: 2 8 16 20 4 15 12 6 7 10 17 18 11 1 19 14 3 9 5 13 
student 437: 3 2 14 16 15 13 11 7 6 8 17 18 19 1 20 9 5 12 10 4 
student 438: 2 10 6 19 15 9 13 14 3 4 16 20 12 1 17 18 7 11 5 8 
student 439: 2 5 16 20 8 17 12 18 9 3 14 19 11 1 15 7 4 6 13 10 
student 440: 4 2 11 12 3 17 7 6 13 9 15 20 19 1 18 8 5 10 14 16 
student 441: 1 2 12 19 8 9 15 7 10 6 13 18 16 4 17 20 3 11 5 14 
student 442: 2 3 7 6 18 10 15 8 5 12 17 19 11 4 20 14 1 16 9 13 
student 443: 3 2 14 4 12 13 15 6 9 10 18 20 16 1 19 8 5 7 11 17 
student 444: 2 1 15 20 6 11 12 9 8 7 18 19 16 4 17 5 3 13 10 14 
student 445: 1 2 9 20 14 11 10 3 16 7 13 19 12 5 18 6 4 15 8 17 
student 446: 9 8 5 17 13 12 16 19 4 2 20 11 15 1 14 10 3 6 7 18 
student 447: 3 2 13 14 6 15 16 10 8 5 17 7 20 1 18 11 4 12 9 19 
student 448: 6 2 7 20 12 18 9 14 11 5 15 17 10 3 19 4 1 13 8 16 
student 449: 4 2 16 11 7 13 10 17 9 12 14 19 15 1 20 5 3 8 6 18 
student 450: 10 2 16 19 11 12 14 4 7 8 17 20 6 3 18 1 5 15 9 13 
student 451: 5 1 17 18 2 9 13 11 7 8 20 19 14 4 15 6 3 10 12 16 
student 452: 4 6 11 20 8 12 18 3 7 2 17 16 19 1 15 10 9 5 14 13 
student 453: 6 10 16 17 1 9 4 12 8 7 18 19 13 5 20 3 2 14 11 15 
student 454: 2 4 14 16 15 3 18 11 6 5 17 20 12 1 19 8 7 10 9 13 
student 455: 6 3 10 16 7 15 18 12 4 8 19 20 17 2 13 11 1 5 9 14 
student 456: 6 3 9 20 10 8 15 7 5 1 17 19 18 2 12 13 4 14 11 16 
student 457: 11 4 18 14 2 13 8 3 7 16 19 20 15 5 9 10 6 17 1 12 
student 458: 2 5 4 19 8 11 17 10 14 7 15 12 9 6 18 20 13 1 3 16 
student 459: 7 5 11 12 10 19 16 3 8 4 15 20 18 1 17 9 6 2 13 14 
student 460: 12 8 15 11 5 19 7 10 4 3 20 18 17 2 9 6 1 16 14 13 
student 461: 9 5 4 7 12 14 1 17 2 6 20 19 16 10 8 13 3 15 11 18 
student 462: 7 2 5 9 11 20 19 13 3 16 10 18 17 8 15 4 1 12 6 14 
student 463: 4 2 10 17 8 15 11 13 3 1 19 18 14 7 16 12 9 5 6 20 
student 464: 3 5 13 16 11 15 2 20 4 10 14 17 18 9 8 6 1 12 7 19 
student 465: 7 8 6 17 9 20 3 10 2 4 12 18 11 13 15 5 1 14 19 16 
student 466: 10 1 14 12 8 17 3 11 6 2 19 20 15 4 18 7 5 13 9 16 
student 467: 15 11 6 17 20 16 14 10 5 1 19 12 9 7 18 2 4 3 8 13 
student 468: 8 5 6 15 16 19 17 10 7 1 18 14 11 9 20 4 2 12 3 13 
student 469: 10 14 7 18 11 13 6 3 1 2 12 15 16 9 17 4 5 8 20 19 
student 470: 4 5 6 19 13 18 14 7 15 1 20 16 12 2 17 8 3 10 11 9 
student 471: 2 3 13 14 5 18 15 9 8 11 16 20 12 1 17 7 6 10 4 19 
student 472: 6 1 5 15 10 14 9 7 11 4 20 18 16 2 19 3 8 17 12 13 
student 473: 2 1 8 15 7 13 16 10 12 3 18 20 14 4 6 9 5 19 17 11 
student 474: 11 1 13 20 16 17 10 8 9 2 15 19 14 4 12 3 5 7 6 18 
student 475: 3 4 15 16 9 17 18 7 6 5 19 20 11 2 12 8 1 13 10 14 
student 476: 3 6 10 11 13 7 18 8 5 2 14 20 19 1 17 9 4 12 15 16 
student 477: 6 5 19 16 12 20 9 8 4 15 18 17 11 2 13 7 1 14 3 10 
student 478: 7 9 14 20 13 12 17 11 1 3 15 19 10 6 18 4 2 5 8 16 
student 479: 9 2 4 15 10 11 8 6 3 13 20 18 17 1 14 12 5 16 7 19 
student 480: 5 14 15 17 19 13 11 9 2 1 16 20 12 3 18 6 4 8 10 7 
student 481: 12 2 13 17 4 10 15 5 6 9 19 11 20 1 18 8 3 14 7 16 
student 482: 3 1 15 19 5 16 11 4 6 9 17 18 14 2 20 7 12 8 10 13 
student 483: 9 3 8 16 14 13 6 1 5 7 18 19 15 10 20 4 2 17 11 12 
student 484: 5 4 13 20 18 12 14 7 9 10 15 16 19 1 17 3 2 11 6 8 
student 485: 1 7 9 18 16 12 11 13 4 8 15 19 14 5 20 2 3 6 10 17 
student 486: 7 5 8 18 10 19 14 16 1 9 15 20 12 2 17 13 3 4 6 11 
student 487: 1 4 18 10 11 15 13 7 9 5 12 19 20 8 3 14 2 17 6 16 
student 488: 6 8 13 15 9 12 20 5 2 10 18 19 14 3 16 4 7 17 11 1 
student 489: 8 3 15 14 13 16 12 5 6 2 18 20 17 1 19 11 4 9 7 10 
student 490: 4 3 12 20 7 18 11 19 9 6 14 15 17 1 16 2 5 10 8 13 
student 491: 3 1 4 16 15 7 14 10 13 6 19 20 18 2 12 9 8 11 5 17 
student 492: 6 3 18 16 8 17 11 12 7 5 20 19 15 2 10 13 14 4 1 9 
student 493: 6 4 11 15 5 8 14 7 2 9 19 18 20 1 12 10 3 13 16 17 
student 494: 9 5 7 8 16 12 17 13 2 10 18 15 14 1 19 3 4 6 11 20 
student 495: 4 1 9 19 13 14 11 3 18 2 16 20 15 5 12 7 6 10 8 17 
student 496: 12 11 5 17 8 14 4 16 9 2 7 18 20 3 13 10 1 19 6 15 
student 497: 2 3 11 16 10 14 1 13 6 9 20 18 12 4 19 7 5 15 8 17 
student 498: 5 6 8 18 7 11 10 13 2 1 12 19 20 3 16 9 4 15 17 14 
student 499: 7 3 9 17 8 11 13 12 4 10 14 18 20 2 16 1 6 5 15 19 
student 500: 3 5 14 20 4 13 11 7 6 2 12 16 15 1 18 10 8 17 9 19 
student 501: 3 2 16 17 14 4 13 10 9 6 19 20 11 1 18 12 5 15 8 7 
student 502: 1 4 14 15 7 11 10 12 9 5 19 16 17 13 20 3 2 6 18 8 
student 503: 3 1 16 17 7 13 11 15 8 4 18 19 14 6 12 2 5 9 10 20 
student 504: 1 15 12 20 17 9 19 7 3 11 16 14 13 8 18 6 4 5 2 10 
student 505: 2 5 3 16 18 14 12 10 4 13 17 19 15 1 8 6 7 11 9 20 
student 506: 2 7 13 19 14 15 11 10 4 3 18 20 17 1 12 5 9 6 8 16 
student 507: 3 4 11 19 2 17 8 6 10 14 13 12 18 5 20 9 1 7 15 16 
student 508: 18 15 13 3 10 16 11 14 4 2 12 19 20 1 17 9 8 7 6 5 
student 509: 3 2 12 19 17 14 16 10 4 1 6 18 15 8 20 5 9 7 11 13 
student 510: 1 5 12 17 10 4 19 8 11 13 16 20 18 2 14 6 3 9 7 15 
student 511: 10 4 19 12 2 15 13 14 11 6 20 18 17 1 9 3 5 8 7 16 
student 512: 3 13 7 19 9 14 12 8 6 5 17 20 15 2 18 1 4 16 10 11 
student 513: 6 4 13 19 11 16 14 12 8 1 7 20 5 3 18 2 15 9 10 17 
student 514: 6 4 13 10 3 17 7 15 12 11 9 14 20 1 19 2 8 5 16 18 
student 515: 6 1 13 16 14 17 9 11 8 3 20 19 12 2 18 15 5 4 7 10 
student 516: 6 4 8 11 9 18 13 10 2 12 17 20 15 1 19 3 5 14 7 16 
student 517: 5 4 8 17 10 14 12 9 3 2 20 19 15 1 16 7 6 13 11 18 
student 518: 2 13 11 8 14 17 18 6 4 10 20 15 7 1 16 3 5 9 12 19 
student 519: 2 4 11 20 12 15 9 5 6 1 16 10 18 7 17 3 8 19 14 13 
student 520: 5 3 11 13 18 12 9 17 7 4 1 20 19 2 15 6 8 10 16 14 
student 521: 2 3 6 17 14 19 15 13 5 1 12 18 20 4 10 7 8 9 11 16 
student 522: 2 4 7 20 9 14 15 10 6 8 11 19 17 5 18 13 1 3 12 16 
student 523: 10 5 13 19 14 11 15 6 9 2 18 20 16 7 17 1 3 8 4 12 
student 524: 3 1 13 17 10 14 12 8 11 4 15 18 16 2 20 9 5 7 6 19 
student 525: 7 4 9 13 8 15 14 1 3 2 20 11 18 5 19 10 16 12 6 17 
student 526: 13 1 17 12 15 11 9 5 6 4 18 20 19 2 16 7 3 10 8 14 
student 527: 2 1 17 19 7 12 14 10 5 4 16 20 8 3 18 6 9 11 13 15 
student 528: 3 1 18 16 10 14 5 13 8 6 15 20 19 4 17 11 2 7 9 12 
student 529: 1 6 5 18 8 20 19 11 7 4 17 16 14 2 12 13 9 3 10 15 
student 530: 2 3 14 17 13 15 11 8 6 1 18 20 9 5 19 7 10 4 12 16 
student 531: 7 1 17 16 11 20 15 13 6 3 14 18 19 4 12 5 2 10 9 8 
student 532: 6 4 17 13 2 19 16 9 5 3 20 14 15 1 18 8 7 11 10 12 
student 533: 7 2 8 19 6 17 12 3 4 5 20 16 18 1 13 11 9 14 10 15 
student 534: 7 1 10 18 14 19 9 8 12 3 11 20 16 2 17 4 5 13 6 15 
student 535: 2 3 12 15 8 14 13 16 5 4 11 18 17 1 20 6 9 7 10 19 
student 536: 9 3 10 19 2 15 14 8 4 17 13 12 18 5 16 1 7 6 20 11 
student 537: 3 4 14 20 9 18 7 10 12 8 19 17 15 6 11 2 1 16 5 13 
student 538: 5 15 14 20 6 9 7 13 3 8 19 10 12 2 17 4 1 18 11 16 
student 539: 12 9 11 20 7 18 15 10 5 6 14 17 13 3 16 1 2 4 19 8 
student 540: 7 4 13 19 11 16 2 12 5 8 17 20 10 3 18 9 6 15 1 14 
student 541: 4 10 12 19 11 18 16 9 2 6 15 17 14 1 20 13 3 8 7 5 
student 542: 5 2 15 20 11 10 9 6 12 17 16 19 18 8 3 1 7 14 4 13 
student 543: 12 1 9 18 7 8 19 17 13 16 14 11 6 2 20 4 3 5 15 10 
student 544: 5 2 16 20 11 8 1 13 6 9 17 19 18 3 12 7 4 10 14 15 
student 545: 5 1 17 16 9 18 13 7 3 2 11 19 20 4 15 10 6 8 14 12 
student 546: 7 5 11 15 13 12 9 19 14 4 18 17 16 1 20 6 2 8 3 10 
student 547: 5 2 11 10 13 19 9 1 4 7 20 18 15 6 14 16 3 12 17 8 
student 548: 2 1 6 20 8 18 12 11 13 7 14 16 10 3 15 4 5 17 9 19 
student 549: 7 5 15 16 10 6 17 3 8 11 14 19 18 1 13 9 2 4 12 20 
student 550: 1 5 16 14 10 8 19 11 13 4 17 20 12 3 15 2 7 9 6 18 
student 551: 9 4 5 18 8 13 20 7 11 3 17 14 12 1 15 6 2 10 16 19 
student 552: 2 7 3 19 5 1 6 11 8 4 15 20 10 13 17 16 9 12 14 18 
student 553: 7 9 12 20 8 14 19 2 3 5 15 18 6 1 10 4 16 17 11 13 
student 554: 3 4 9 20 13 18 14 7 6 5 16 19 12 2 17 10 15 1 8 11 
student 555: 5 3 16 19 7 18 17 9 4 11 13 14 20 8 15 2 1 10 6 12 
student 556: 1 4 20 19 3 5 12 10 18 7 15 13 16 6 17 2 11 9 8 14 
student 557: 11 2 6 20 12 7 16 19 4 8 15 18 14 1 17 10 3 13 9 5 
student 558: 4 1 19 16 10 20 13 5 9 12 15 18 14 3 17 7 2 11 6 8 
student 559: 12 2 9 20 7 10 17 16 5 3 13 14 15 4 19 11 8 1 6 18 
student 560: 5 8 10 17 12 13 15 6 2 11 20 18 9 1 16 14 7 4 3 19 
student 561: 7 1 12 14 4 19 15 11 10 5 18 20 16 3 9 8 2 13 6 17 
student 562: 6 2 11 17 9 16 13 7 5 8 15 12 10 4 19 1 3 20 18 14 
student 563: 2 4 7 19 18 14 11 12 9 1 16 20 17 6 8 10 3 5 15 13 
student 564: 4 2 17 12 11 14 15 10 6 8 19 20 13 3 18 7 1 9 5 16 
student 565: 4 3 9 17 2 12 14 5 11 6 19 18 8 1 15 7 10 20 13 16 
student 566: 4 7 15 19 13 12 10 2 8 5 14 20 18 3 17 9 1 11 16 6 
student 567: 1 2 18 13 3 15 14 8 12 7 11 20 17 6 19 10 5 9 4 16 
student 568: 3 7 15 17 11 19 5 6 2 8 13 20 16 1 18 14 10 9 4 12 
student 569: 2 1 6 20 3 11 13 15 4 12 18 19 17 5 16 8 7 9 10 14 
student 570: 7 5 15 19 14 17 12 3 6 8 10 18 13 1 20 4 2 9 11 16 
student 571: 6 2 10 19 9 14 13 8 5 1 16 20 18 3 17 12 4 7 11 15 
student 572: 13 2 14 18 5 20 9 6 12 7 17 16 4 8 19 3 1 11 10 15 
student 573: 1 7 10 15 14 6 17 5 3 8 18 20 16 2 19 13 11 9 4 12 
student 574: 5 1 14 20 9 18 10 8 6 7 15 16 12 2 17 4 3 13 11 19 
student 575: 4 1 6 20 14 16 17 8 5 2 19 7 9 10 15 11 3 12 13 18 
student 576: 4 9 16 19 12 10 8 6 5 2 15 18 13 1 20 3 14 7 11 17 
student 577: 3 1 12 14 18 15 13 9 4 7 16 19 20 2 17 10 6 5 8 11 
student 578: 2 20 15 18 7 10 14 3 6 5 9 19 12 1 16 8 4 11 13 17 
student 579: 6 7 15 20 8 16 13 14 9 1 17 11 18 3 19 4 5 10 2 12 
student 580: 2 3 17 19 5 11 13 8 10 7 14 20 18 4 16 1 6 12 9 15 
student 581: 2 4 15 19 7 9 11 12 10 18 8 17 13 1 16 5 3 14 6 20 
student 582: 11 1 10 18 8 12 14 9 4 6 13 19 20 2 16 15 3 7 5 17 
student 583: 14 3 12 20 11 13 10 9 7 6 19 16 17 2 15 8 4 5 1 18 
student 584: 2 4 10 20 8 17 13 3 7 11 15 6 19 9 18 14 5 16 1 12 
student 585: 9 1 12 19 8 16 15 6 3 4 17 20 14 2 18 11 5 7 10 13 
student 586: 2 1 4 14 8 20 11 15 10 5 16 17 12 3 19 6 9 13 7 18 
student 587: 11 1 8 16 7 15 5 10 9 6 17 20 19 3 18 14 2 12 4 13 
student 588: 7 4 13 18 10 8 9 1 5 3 19 15 17 2 20 6 11 16 12 14 
student 589: 1 10 13 16 2 12 19 9 8 7 15 20 14 4 17 6 3 5 11 18 
student 590: 9 1 11 18 4 13 10 14 5 7 15 20 16 12 17 2 3 6 8 19 
student 591: 13 1 8 18 3 11 5 10 2 7 20 19 17 6 15 12 4 16 9 14 
student 592: 4 1 20 16 8 13 5 12 10 14 17 18 19 6 15 7 9 2 3 11 
student 593: 2 4 14 20 5 19 3 16 6 8 17 15 18 1 12 11 7 10 9 13 
student 594: 9 1 6 20 12 10 8 11 4 13 15 18 14 7 16 2 3 19 5 17 
student 595: 3 4 7 17 8 13 16 9 6 5 20 19 15 2 12 14 11 10 18 1 
student 596: 5 4 7 20 10 14 19 8 1 3 17 18 15 2 16 13 9 12 6 11 
student 597: 6 2 12 20 17 4 18 10 8 7 16 13 11 3 19 1 5 9 15 14 
student 598: 2 1 11 17 19 12 9 6 8 4 3 20 10 5 18 16 7 15 13 14 
student 599: 3 2 12 20 16 13 19 10 8 7 9 18 15 1 17 4 6 14 5 11 
student 600: 11 6 10 4 13 9 15 5 7 3 16 19 14 1 20 12 2 18 8 17 
student 601: 4 8 20 17 11 10 14 7 13 5 12 19 16 1 18 3 2 6 9 15 
student 602: 5 4 9 18 16 11 10 7 17 8 15 19 14 3 20 2 1 12 6 13 
student 603: 1 7 18 17 11 10 16 8 13 2 19 20 15 4 14 6 12 3 9 5 
student 604: 5 3 8 19 10 13 12 6 7 2 18 20 15 9 16 4 1 17 11 14 
student 605: 8 6 13 15 7 11 14 10 4 1 20 16 19 3 18 2 5 12 9 17 
student 606: 5 1 15 14 11 17 16 13 9 6 20 18 19 3 7 12 2 10 4 8 
student 607: 2 1 17 9 18 20 7 12 5 16 13 19 15 4 10 11 8 6 14 3 
student 608: 3 7 17 16 1 11 6 2 12 8 18 10 14 5 19 13 4 15 9 20 
student 609: 1 3 18 17 10 14 12 8 7 6 11 20 13 5 16 15 2 9 4 19 
student 610: 3 4 10 20 9 11 16 12 6 7 18 17 14 1 19 13 2 8 5 15 
student 611: 1 13 15 9 12 20 8 5 4 6 3 16 19 2 18 7 11 10 17 14 
student 612: 1 3 11 16 17 15 12 14 8 4 6 19 9 2 18 7 5 10 13 20 
student 613: 5 1 17 16 3 15 10 14 11 7 13 19 20 2 18 9 4 12 8 6 
student 614: 2 3 15 6 11 13 12 10 9 7 17 18 19 5 20 14 1 4 16 8 
student 615: 13 18 8 20 9 11 17 5 7 4 19 14 6 3 15 16 1 12 2 10 
student 616: 10 4 5 17 15 8 19 11 6 3 16 20 1 7 18 9 2 13 12 14 
student 617: 11 3 7 16 9 6 14 4 15 5 20 13 17 2 19 1 8 12 10 18 
student 618: 17 3 15 12 13 18 6 11 5 4 9 20 16 1 14 19 2 10 8 7 
student 619: 1 4 6 18 11 14 8 19 5 17 13 12 15 2 9 7 10 16 3 20 
student 620: 10 5 13 16 6 4 11 8 14 3 15 20 12 7 18 19 1 2 17 9 
student 621: 1 3 19 17 10 11 6 12 5 7 16 18 15 2 20 8 4 13 9 14 
student 622: 7 3 9 17 11 16 15 12 6 4 13 19 20 1 18 8 5 14 2 10 
student 623: 4 3 12 19 9 17 15 11 2 8 13 20 18 10 16 7 6 5 1 14 
student 624: 7 10 1 20 14 18 13 6 3 8 17 19 16 2 11 9 5 15 4 12 
student 625: 5 2 12 18 8 16 15 19 4 1 14 20 9 3 11 6 7 10 13 17 
student 626: 9 4 10 19 5 12 16 2 11 8 17 20 18 1 14 6 3 15 13 7 
student 627: 2 7 10 13 11 19 18 6 16 1 17 14 8 4 12 5 9 15 3 20 
student 628: 2 6 14 15 16 7 17 12 3 4 13 20 18 10 19 5 1 9 8 11 
student 629: 3 17 8 19 10 18 13 9 4 1 20 16 14 5 15 2 6 11 7 12 
student 630: 3 1 13 20 8 10 9 2 4 12 15 17 19 5 18 7 6 11 14 16 
student 631: 9 14 12 15 11 17 16 3 7 10 19 20 6 2 18 1 4 8 5 13 
student 632: 6 1 4 16 14 11 17 9 3 12 19 18 15 2 20 5 8 10 7 13 
student 633: 7 1 10 18 9 11 5 3 8 6 19 20 15 14 4 16 2 13 12 17 
student 634: 9 4 14 16 7 11 17 3 8 5 19 18 15 2 13 1 20 10 6 12 
student 635: 2 1 17 20 8 13 18 3 4 11 9 19 16 5 15 10 6 12 7 14 
student 636: 3 5 7 11 16 13 4 10 17 2 14 19 15 1 18 9 8 6 12 20 
student 637: 2 4 16 18 14 12 15 11 7 6 13 19 17 1 8 5 3 9 10 20 
student 638: 9 4 13 12 2 17 16 5 3 1 10 20 14 8 19 11 6 7 15 18 
student 639: 4 2 16 9 10 14 11 8 3 6 17 19 15 1 18 7 5 20 12 13 
student 640: 5 2 1 17 18 19 15 11 8 9 14 20 10 16 13 7 4 12 6 3 
student 641: 9 5 17 18 4 8 11 14 12 2 7 20 16 1 19 10 6 3 15 13 
student 642: 7 1 13 20 6 16 5 19 18 8 17 14 11 3 15 2 9 12 10 4 
student 643: 2 3 12 8 13 16 15 20 1 11 18 19 17 10 14 7 6 5 4 9 
student 644: 6 4 12 17 11 15 9 10 8 5 14 19 16 3 18 1 7 20 2 13 
student 645: 6 4 16 20 9 1 15 7 11 3 18 19 17 2 13 5 8 10 12 14 
student 646: 3 5 10 18 6 19 11 16 15 2 8 20 14 1 7 13 4 12 9 17 
student 647: 9 4 10 18 14 13 12 8 1 11 17 19 20 3 16 2 5 6 7 15 
student 648: 16 8 18 15 11 7 6 2 3 4 20 19 9 1 14 10 5 13 12 17 
student 649: 4 1 11 20 13 17 9 10 15 5 8 19 14 3 18 2 7 6 12 16 
student 650: 6 3 13 16 8 4 17 5 9 2 14 18 15 1 12 10 7 19 11 20 
student 651: 14 6 15 7 11 17 19 9 3 1 16 20 12 4 13 8 2 5 10 18 
student 652: 5 2 12 17 20 11 13 9 7 3 15 18 16 1 19 10 6 4 8 14 
student 653: 7 1 5 19 12 15 20 14 6 2 17 18 13 4 10 11 3 9 8 16 
student 654: 9 4 6 13 10 14 15 12 3 1 16 17 20 2 19 8 7 5 11 18 
student 655: 1 10 13 19 18 16 9 4 3 6 17 20 11 12 7 14 2 15 5 8 
student 656: 5 9 16 3 2 14 12 13 11 6 17 20 18 8 19 1 4 10 7 15 
student 657: 1 3 7 20 11 10 18 13 6 8 15 19 16 17 12 5 4 14 9 2 
student 658: 1 11 14 17 3 10 15 6 2 16 4 18 20 7 19 13 5 8 9 12 
student 659: 14 1 16 20 6 10 7 8 12 11 19 17 15 5 18 13 4 3 2 9 
student 660: 4 2 10 17 9 16 11 5 7 3 19 12 18 15 20 8 1 14 6 13 
student 661: 8 6 15 18 13 14 17 7 4 2 11 19 9 1 16 5 3 12 10 20 
student 662: 3 9 10 20 8 17 12 13 5 2 11 18 14 1 16 4 6 19 7 15 
student 663: 1 2 9 15 19 14 11 18 3 5 12 17 20 10 16 4 6 8 7 13 
student 664: 6 1 10 19 11 12 15 7 18 4 14 20 13 3 17 5 2 8 9 16 
student 665: 6 3 12 19 8 5 16 2 7 9 15 18 17 10 20 4 1 14 11 13 
student 666: 1 6 8 11 9 12 15 10 3 4 14 18 19 2 16 17 5 20 7 13 
student 667: 4 5 12 16 11 20 13 6 8 1 14 18 9 15 10 2 3 7 17 19 
student 668: 1 6 5 18 10 13 14 7 11 2 12 19 15 4 17 3 16 9 8 20 
student 669: 3 1 13 17 9 19 14 6 11 4 10 18 16 5 20 7 2 15 12 8 
student 670: 4 3 14 17 9 15 20 8 5 11 18 19 10 1 12 7 2 13 6 16 
student 671: 3 2 11 19 1 14 5 10 16 7 17 12 13 8 20 9 6 15 4 18 
student 672: 4 2 17 20 7 16 9 8 6 11 10 19 18 3 13 1 5 12 14 15 
student 673: 3 8 10 9 4 15 13 5 6 2 20 19 16 11 18 7 1 12 14 17 
student 674: 2 6 20 19 13 14 8 11 4 3 17 18 16 12 5 7 1 15 9 10 
student 675: 15 1 4 16 8 10 9 11 20 5 13 19 14 2 18 6 3 12 7 17 
student 676: 2 4 5 17 9 20 14 7 12 3 11 19 13 1 15 6 8 10 16 18 
student 677: 2 8 14 20 9 7 6 12 4 5 17 19 16 1 18 13 3 11 10 15 
student 678: 6 8 12 19 3 20 15 9 14 7 10 17 16 1 18 5 2 13 4 11 
student 679: 2 5 18 16 6 11 9 19 3 14 13 17 12 7 20 4 1 8 15 10 
student 680: 3 5 14 19 10 20 13 8 4 9 18 15 11 1 16 2 7 12 6 17 
student 681: 1 5 10 20 12 13 9 16 8 3 17 14 19 6 18 7 4 2 11 15 
student 682: 5 2 4 8 9 13 18 12 11 3 14 15 7 1 19 10 6 17 16 20 
student 683: 1 6 16 15 12 10 11 14 5 7 17 19 20 3 18 9 2 4 8 13 
student 684: 2 7 12 14 16 15 13 10 4 3 18 19 17 1 20 6 8 11 5 9 
student 685: 4 3 16 14 10 19 20 13 12 5 15 18 11 1 17 6 2 8 7 9 
student 686: 1 5 16 19 15 11 13 3 8 7 12 20 4 2 10 14 6 18 17 9 
student 687: 10 2 9 15 5 17 12 6 8 7 18 13 16 1 19 11 3 20 4 14 
student 688: 5 12 13 14 7 11 6 10 1 8 19 16 15 2 9 3 4 20 18 17 
student 689: 2 5 10 17 1 4 16 14 11 7 20 18 19 3 13 9 6 12 8 15 
student 690: 5 9 12 13 2 10 20 3 14 4 16 11 18 1 19 17 8 7 15 6 
student 691: 3 5 16 19 14 11 10 9 8 20 18 12 15 1 7 6 2 4 13 17 
student 692: 6 4 9 19 16 2 15 14 5 1 18 12 17 11 13 7 3 8 10 20 
student 693: 1 4 11 17 3 20 7 16 6 19 9 18 12 2 15 13 5 10 8 14 
student 694: 1 3 14 15 8 13 19 10 5 16 20 18 17 2 11 7 4 9 6 12 
student 695: 8 1 6 19 15 13 20 17 5 2 4 16 14 7 9 12 3 18 11 10 
student 696: 4 2 12 20 3 17 15 14 5 9 19 18 16 10 8 7 1 11 6 13 
student 697: 8 1 11 14 12 18 17 13 3 5 4 19 16 2 10 6 7 20 9 15 
student 698: 10 7 9 15 5 16 20 13 2 3 12 14 6 4 19 17 1 8 11 18 
student 699: 7 1 4 17 19 16 15 3 2 14 9 13 10 11 20 5 12 8 6 18 
student 700: 7 1 8 17 15 9 12 6 10 4 20 11 16 3 18 13 2 14 5 19 
student 701: 4 1 9 17 11 13 15 8 5 7 16 20 19 2 10 12 3 14 6 18 
student 702: 9 3 14 18 12 13 20 10 7 15 8 19 16 4 17 2 1 11 5 6 
student 703: 2 1 5 20 11 9 8 4 6 3 16 18 19 10 15 7 12 14 13 17 
student 704: 6 1 11 13 9 12 14 5 2 4 7 20 16 8 18 10 3 17 19 15 
student 705: 6 3 7 14 15 17 8 11 4 2 12 13 19 1 18 5 16 10 9 20 
student 706: 3 6 7 15 5 10 14 8 9 11 13 16 20 1 12 17 2 18 4 19 
student 707: 5 1 17 13 15 16 6 8 4 3 11 18 19 2 20 7 9 10 12 14 
student 708: 1 2 15 8 6 11 10 14 13 7 17 18 19 3 20 12 5 4 9 16 
student 709: 8 3 13 19 17 18 14 9 10 1 6 20 11 2 15 7 5 12 4 16 
student 710: 5 3 12 18 8 7 13 10 9 4 15 20 16 2 19 6 1 11 17 14 
student 711: 12 3 14 18 11 4 8 13 7 2 17 20 10 1 19 6 5 15 9 16 
student 712: 11 6 9 19 7 17 13 5 4 12 8 18 14 1 20 2 10 16 3 15 
student 713: 7 6 9 16 11 12 5 3 4 10 20 17 15 2 14 1 8 18 13 19 
student 714: 14 8 6 18 9 17 10 7 5 11 16 15 13 2 20 3 1 12 4 19 
student 715: 11 7 6 17 10 20 5 12 3 9 14 18 15 1 16 4 2 13 8 19 
student 716: 12 1 5 17 13 15 4 6 8 2 16 20 18 11 19 14 9 3 10 7 
student 717: 10 2 14 17 19 8 20 12 5 3 15 16 18 4 11 7 1 9 6 13 
student 718: 2 3 11 20 17 14 18 8 9 4 12 19 16 1 7 13 6 10 15 5 
student 719: 4 11 10 3 6 15 18 20 2 8 7 19 14 16 17 12 1 5 9 13 
student 720: 2 1 14 19 11 16 15 4 7 3 17 20 18 5 13 9 8 6 10 12 
student 721: 15 1 18 6 16 14 9 7 4 10 20 13 19 2 12 8 3 11 5 17 
student 722: 5 2 12 16 18 1 9 8 11 3 15 20 14 4 19 7 10 13 17 6 
student 723: 6 3 14 18 4 15 10 11 8 5 17 13 19 1 20 16 2 9 7 12 
student 724: 15 9 2 20 13 6 19 11 10 1 16 17 14 3 18 8 5 12 4 7 
student 725: 2 4 5 18 19 13 8 6 1 9 16 20 7 10 17 11 3 12 14 15 
student 726: 5 2 8 19 13 12 17 18 1 7 14 16 20 3 15 9 4 10 6 11 
student 727: 4 2 12 17 14 13 11 6 5 8 20 18 15 3 10 7 1 19 9 16 
student 728: 6 1 15 12 14 8 5 19 4 7 16 18 10 2 17 9 3 20 13 11 
student 729: 4 2 15 20 3 8 12 6 7 5 18 14 11 1 19 9 10 13 17 16 
student 730: 2 1 17 10 8 14 20 13 7 11 16 19 15 4 18 6 9 3 5 12 
student 731: 9 5 14 20 17 13 7 10 3 2 16 15 19 1 18 8 6 11 4 12 
student 732: 1 4 18 15 11 16 20 3 6 5 17 9 14 13 19 12 2 7 8 10 
student 733: 4 3 13 11 12 14 17 7 10 2 19 16 15 5 20 1 8 6 9 18 
student 734: 5 1 8 18 13 14 17 6 11 7 15 20 19 2 10 4 3 12 9 16 
student 735: 12 4 11 20 9 1 6 8 10 2 13 17 18 7 19 15 3 16 5 14 
student 736: 7 6 8 19 3 1 16 11 4 13 14 20 15 2 18 5 9 12 10 17 
student 737: 7 1 16 20 15 13 6 9 4 2 12 19 17 3 11 5 8 14 10 18 
student 738: 4 1 17 20 11 13 16 5 10 6 19 18 15 2 14 8 7 3 9 12 
student 739: 7 5 14 13 3 6 10 15 8 4 11 18 9 1 20 12 2 17 16 19 
student 740: 2 1 5 13 18 10 9 6 14 8 19 15 17 3 20 12 7 11 4 16 
student 741: 4 2 15 17 9 7 5 18 6 1 19 20 14 3 16 8 13 11 10 12 
student 742: 1 2 9 19 13 10 17 16 7 3 14 20 15 4 12 8 6 5 11 18 
student 743: 12 6 13 15 11 10 9 7 5 3 14 19 20 2 18 17 4 8 1 16 
student 744: 3 5 4 18 15 6 20 11 9 8 17 16 14 1 19 7 10 12 2 13 
student 745: 4 3 18 13 8 9 20 10 6 1 11 19 14 2 5 7 12 15 16 17 
student 746: 1 4 12 17 11 20 19 7 10 6 15 18 16 5 14 8 3 13 2 9 
student 747: 6 5 19 11 3 15 20 1 2 10 17 12 16 13 14 7 4 9 8 18 
student 748: 1 4 17 16 11 19 13 10 6 3 20 14 15 2 18 7 5 9 12 8 
student 749: 5 2 14 19 10 16 9 13 6 1 17 20 12 4 18 8 3 15 11 7 
student 750: 2 6 4 15 11 13 9 14 1 7 20 19 17 8 18 10 3 12 5 16 
student 751: 3 2 15 10 11 16 20 6 5 4 12 17 14 1 19 9 7 13 8 18 
student 752: 5 9 11 19 12 16 17 6 3 8 18 15 13 2 14 4 1 7 10 20 
student 753: 8 5 19 16 10 15 13 3 2 7 17 20 18 1 14 4 11 9 6 12 
student 754: 4 1 8 19 10 3 13 12 9 5 20 15 18 2 17 11 6 7 14 16 
student 755: 1 3 12 10 15 13 14 6 9 5 18 16 20 2 19 11 4 8 7 17 
student 756: 8 4 13 20 1 15 11 5 7 9 16 17 12 2 19 14 6 10 3 18 
student 757: 2 3 5 20 15 13 12 11 4 6 19 16 18 1 14 7 9 10 8 17 
student 758: 13 6 9 11 10 15 12 16 5 8 18 20 19 7 17 3 1 14 2 4 
student 759: 3 4 14 17 5 13 11 9 1 8 12 18 20 2 19 6 7 10 15 16 
student 760: 15 7 13 11 10 12 17 6 2 16 5 18 19 1 20 3 8 14 9 4 
student 761: 7 5 10 19 11 16 1 8 3 17 20 15 18 2 13 6 4 9 12 14 
student 762: 7 9 13 15 8 14 17 3 12 4 10 16 18 6 19 2 1 11 5 20 
student 763: 1 3 11 13 7 15 19 14 12 5 17 18 6 2 20 10 4 9 8 16 
student 764: 4 9 10 18 11 17 12 13 3 6 16 19 20 1 15 14 2 8 5 7 
student 765: 8 5 4 15 6 13 7 2 9 3 17 19 18 11 20 10 1 14 12 16 
student 766: 19 3 7 11 12 9 17 10 6 4 15 20 18 2 5 16 8 1 13 14 
student 767: 2 3 1 17 11 13 14 10 7 5 18 20 9 4 19 8 6 12 16 15 
student 768: 6 1 11 16 12 14 13 8 5 2 18 10 20 15 19 3 4 7 9 17 
student 769: 1 2 12 19 15 17 13 10 6 3 20 8 18 4 16 7 5 11 9 14 
student 770: 2 1 8 14 10 15 12 9 7 3 20 17 19 4 16 5 13 18 6 11 
student 771: 2 6 5 11 17 19 14 1 7 4 13 20 9 10 18 15 3 8 12 16 
student 772: 3 9 12 18 8 19 16 6 1 4 17 14 20 2 7 10 5 13 11 15 
student 773: 5 3 13 20 11 18 17 1 7 4 19 16 14 2 15 10 9 8 12 6 
student 774: 9 7 10 20 8 15 12 4 1 2 17 19 18 3 13 6 11 14 5 16 
student 775: 5 3 15 13 1 6 16 18 7 10 9 19 8 4 17 11 2 14 12 20 
student 776: 4 2 12 15 6 16 17 13 7 8 14 20 10 1 18 3 9 11 5 19 
student 777: 6 5 12 13 11 16 10 9 8 1 17 20 14 2 19 15 4 7 3 18 
student 778: 6 8 19 18 14 9 7 10 4 1 16 17 13 3 11 2 5 15 12 20 
student 779: 5 2 4 20 8 15 11 18 10 9 16 19 12 3 17 14 6 7 1 13 
student 780: 5 4 19 8 6 10 20 3 9 1 15 18 16 11 17 7 2 14 12 13 
student 781: 4 8 11 19 14 3 16 7 2 5 18 20 12 1 15 10 9 13 6 17 
student 782: 8 2 11 17 19 15 13 10 6 3 20 16 9 1 14 5 4 7 12 18 
student 783: 6 1 11 15 9 12 19 2 17 8 20 14 16 5 18 4 3 13 7 10 
student 784: 5 3 11 20 13 15 12 10 7 2 17 14 18 1 19 8 6 4 9 16 
student 785: 5 3 6 18 12 13 16 15 11 10 20 19 17 4 14 7 8 2 1 9 
student 786: 2 3 18 20 12 19 5 16 13 4 17 15 8 11 7 9 1 6 10 14 
student 787: 7 2 11 13 14 18 12 3 8 10 17 20 15 5 16 9 6 1 4 19 
student 788: 1 4 13 20 7 11 14 18 6 5 12 16 19 8 15 2 17 10 3 9 
student 789: 3 5 17 19 10 16 11 7 9 14 12 20 15 1 18 4 2 13 6 8 
student 790: 8 5 4 18 11 16 14 10 15 12 7 20 17 9 19 13 1 3 6 2 
student 791: 8 4 20 19 10 15 12 11 1 13 16 18 14 6 17 5 7 9 3 2 
student 792: 3 4 12 9 13 18 10 6 2 7 15 19 16 17 5 14 1 8 11 20 
student 793: 3 12 11 17 6 15 16 10 4 2 14 18 8 1 20 19 5 7 9 13 
student 794: 5 1 12 15 2 13 16 9 3 10 17 20 14 4 8 11 18 7 6 19 
student 795: 3 4 14 20 9 13 12 10 5 8 15 18 17 1 16 7 2 11 6 19 
student 796: 2 3 11 16 9 17 15 6 4 7 20 19 13 1 18 14 5 10 8 12 
student 797: 5 3 17 20 12 15 13 14 8 2 11 19 10 6 16 9 1 7 4 18 
student 798: 1 6 13 10 7 18 15 12 11 2 20 17 9 4 19 8 3 16 5 14 
student 799: 4 15 11 3 8 5 9 10 16 2 20 18 19 1 14 7 6 12 13 17 
