student 0: 5 17 15 3 2 4 20 13 14 19 10 1 7 8 12 18 16 11 6 9 
student 1: 12 10 8 11 7 3 18 15 19 16 17 9 2 1 14 13 6 20 4 5 
student 2: 12 19 8 11 3 4 20 9 13 15 16 10 7 5 14 18 6 17 2 1 
student 3: 11 14 9 6 3 7 20 15 18 16 19 4 5 1 10 13 12 17 8 2 
student 4: 14 15 12 13 2 3 18 11 20 10 16 6 1 8 17 7 9 19 4 5 
student 5: 10 14 18 16 6 3 13 20 15 11 12 2 5 8 9 19 4 17 1 7 
student 6: 10 12 13 1 5 8 19 15 20 18 9 16 3 4 6 11 14 17 7 2 
student 7: 8 14 11 9 1 3 17 16 12 19 15 5 2 4 10 13 20 18 6 7 
student 8: 9 15 3 10 6 2 20 5 17 8 14 19 4 1 11 16 12 13 7 18 
student 9: 16 17 10 15 6 8 19 14 18 9 13 7 4 2 3 11 12 20 1 5 
student 10: 18 7 9 15 14 3 19 2 20 16 17 4 10 1 8 13 5 11 6 12 
student 11: 15 11 14 12 6 10 17 20 19 16 7 8 4 3 18 5 9 13 1 2 
student 12: 15 16 4 14 12 10 20 17 19 8 18 5 2 1 7 11 13 9 3 6 
student 13: 18 17 7 10 13 4 20 14 15 19 11 16 6 8 5 12 1 3 2 9 
student 14: 19 10 12 9 1 3 16 18 17 14 11 13 2 5 15 8 4 20 6 7 
student 15: 9 16 2 10 1 4 8 13 15 17 20 18 11 3 12 14 5 19 6 7 
student 16: 9 15 7 12 1 3 19 18 20 17 10 6 8 2 13 14 4 16 11 5 
student 17: 12 18 11 4 2 1 19 17 14 20 16 3 10 8 13 6 7 15 5 9 
student 18: 13 15 7 12 2 5 17 19 20 18 14 10 8 3 16 11 9 4 1 6 
student 19: 8 11 19 9 2 4 20 13 12 17 10 3 5 14 16 15 6 18 1 7 
student 20: 5 18 10 13 9 3 19 17 20 14 16 7 15 8 4 6 11 12 1 2 
student 21: 10 19 7 11 1 2 20 12 18 14 16 9 3 4 17 6 13 15 5 8 
student 22: 11 16 6 14 12 4 13 17 18 20 15 8 2 3 9 10 7 19 1 5 
student 23: 6 20 13 11 4 8 14 18 17 15 16 5 2 3 12 10 9 19 1 7 
student 24: 7 13 9 5 3 6 20 19 14 10 17 4 8 12 11 15 2 16 1 18 
student 25: 8 11 20 6 3 10 17 18 16 14 13 4 5 2 19 7 12 15 1 9 
student 26: 16 14 6 1 8 5 17 10 19 18 3 15 2 4 7 12 13 20 9 11 
student 27: 10 16 3 19 8 7 11 13 20 18 6 15 9 2 4 12 5 17 1 14 
student 28: 10 17 7 6 3 5 16 13 18 8 12 2 19 11 14 15 4 20 1 9 
student 29: 7 12 14 5 8 1 16 19 18 17 10 4 13 11 15 6 2 20 3 9 
student 30: 16 14 6 18 1 7 20 13 10 12 17 8 5 2 11 19 9 15 3 4 
student 31: 7 18 15 6 2 5 13 14 19 16 12 11 8 4 9 10 1 20 3 17 
student 32: 13 17 9 11 5 6 15 19 16 14 18 10 2 3 12 4 7 20 1 8 
student 33: 15 14 5 8 1 6 17 10 18 20 13 7 4 3 16 12 11 19 2 9 
student 34: 16 18 5 9 8 3 20 15 12 17 13 11 6 1 10 14 7 19 2 4 
student 35: 11 18 13 7 5 9 17 10 19 16 12 14 1 2 15 20 4 6 3 8 
student 36: 13 17 6 8 9 7 19 14 18 15 12 10 5 11 2 16 3 20 1 4 
student 37: 13 9 4 7 2 17 20 18 15 11 16 5 1 6 19 12 10 3 14 8 
student 38: 10 14 7 13 2 9 18 5 19 12 20 6 3 4 11 15 16 17 8 1 
student 39: 14 7 6 8 3 9 18 15 19 17 5 16 12 2 10 11 13 20 1 4 
student 40: 9 16 8 12 10 1 20 11 13 17 18 3 2 7 14 15 5 19 6 4 
student 41: 9 15 4 14 10 1 17 18 20 16 19 11 3 6 13 7 5 12 2 8 
student 42: 6 17 11 2 12 14 16 19 15 18 7 3 8 5 10 20 13 9 4 1 
student 43: 12 19 4 10 2 5 16 14 20 15 8 7 9 1 13 18 11 17 3 6 
student 44: 13 16 17 11 2 8 15 20 4 12 19 1 9 3 7 6 10 18 5 14 
student 45: 13 7 8 10 1 3 16 17 20 19 14 9 6 5 12 15 11 18 2 4 
student 46: 18 8 9 17 4 3 16 7 11 14 13 12 5 1 19 10 20 15 2 6 
student 47: 18 12 14 5 4 10 19 9 20 16 13 11 8 2 15 7 6 17 1 3 
student 48: 16 9 7 13 5 2 10 19 20 18 17 12 6 15 3 11 4 14 1 8 
student 49: 11 14 8 4 2 3 12 9 20 17 18 10 6 1 16 13 15 19 7 5 
student 50: 12 11 9 7 1 8 19 15 20 17 14 6 4 2 10 13 16 18 3 5 
student 51: 19 15 9 17 8 4 20 12 16 13 14 5 6 1 7 11 10 18 3 2 
student 52: 12 19 3 2 1 9 7 16 20 15 18 6 13 5 11 14 10 17 4 8 
student 53: 7 12 14 17 5 1 16 18 20 15 11 9 3 6 13 4 10 19 2 8 
student 54: 14 18 4 12 3 2 15 20 19 17 16 13 7 6 8 10 5 11 1 9 
student 55: 17 16 14 18 3 5 12 15 19 20 4 7 2 8 13 9 6 10 1 11 
student 56: 5 16 7 9 3 4 20 19 18 13 12 17 14 1 2 8 10 15 6 11 
student 57: 15 19 12 10 8 4 17 13 20 14 6 1 3 9 7 16 11 18 5 2 
student 58: 3 19 8 11 4 7 17 12 18 14 13 20 9 1 10 15 6 16 2 5 
student 59: 7 14 6 8 15 4 18 12 9 19 20 1 11 3 10 17 5 16 2 13 
student 60: 13 14 9 10 16 7 19 17 20 15 5 11 8 1 12 4 2 18 6 3 
student 61: 6 15 9 19 4 7 16 3 20 18 17 11 10 5 14 13 12 8 2 1 
student 62: 16 20 9 7 5 6 15 11 10 17 14 8 3 1 4 12 13 19 2 18 
student 63: 14 19 11 7 6 2 20 12 17 18 16 9 1 5 13 8 10 15 3 4 
student 64: 10 15 17 14 4 9 20 2 12 19 13 6 7 3 8 18 5 16 1 11 
student 65: 12 15 7 3 1 5 17 14 19 18 2 11 6 20 10 13 9 16 4 8 
student 66: 19 20 9 12 4 7 15 17 16 14 18 8 3 1 5 11 13 10 2 6 
student 67: 18 13 15 2 5 6 19 14 17 16 12 11 7 1 8 9 4 20 3 10 
student 68: 18 9 5 2 10 1 12 17 20 19 13 11 3 7 15 8 6 16 4 14 
student 69: 12 20 4 6 1 18 17 16 19 15 8 9 11 2 3 14 10 13 5 7 
student 70: 14 15 11 8 1 5 20 16 17 4 18 6 10 7 13 12 9 19 3 2 
student 71: 12 14 11 7 2 1 16 19 17 20 15 6 10 5 4 13 9 18 8 3 
student 72: 4 14 12 9 2 3 16 11 20 15 18 17 6 1 19 5 13 8 7 10 
student 73: 14 20 11 10 1 3 8 17 19 16 12 13 7 4 5 15 9 18 2 6 
student 74: 9 18 8 15 7 1 13 14 19 20 12 4 11 3 10 17 6 16 2 5 
student 75: 2 18 8 10 3 14 19 12 20 16 13 4 1 11 15 17 6 9 7 5 
student 76: 13 17 5 2 1 10 16 8 15 20 14 11 7 9 18 6 12 19 4 3 
student 77: 14 16 12 17 2 10 15 8 18 19 11 6 3 7 5 9 1 20 4 13 
student 78: 10 11 7 12 13 2 19 16 20 17 18 9 4 3 8 14 5 15 1 6 
student 79: 13 16 11 12 9 5 14 6 15 18 4 2 7 3 8 17 20 19 1 10 
student 80: 7 10 13 3 6 2 17 4 19 18 15 12 8 5 14 16 11 20 1 9 
student 81: 13 15 14 6 8 7 19 12 16 20 17 5 11 2 9 3 4 18 1 10 
student 82: 17 8 3 7 4 2 16 14 20 18 10 11 5 9 12 13 6 19 1 15 
student 83: 12 20 1 8 13 4 19 11 10 17 18 9 5 3 6 14 7 16 2 15 
student 84: 12 18 8 16 7 4 15 14 20 19 11 5 2 1 9 13 6 17 3 10 
student 85: 6 12 13 3 4 2 11 9 15 19 16 10 8 5 7 20 14 17 1 18 
student 86: 12 20 9 10 8 5 7 17 18 16 19 3 6 2 14 15 11 13 1 4 
student 87: 11 20 6 8 1 2 14 17 16 15 12 9 3 7 19 10 5 13 4 18 
student 88: 5 19 11 7 10 6 16 14 17 13 15 4 8 1 20 12 3 18 2 9 
student 89: 17 19 7 9 4 5 15 14 20 13 16 10 3 1 8 12 11 18 6 2 
student 90: 8 6 4 17 11 7 19 10 20 14 15 5 12 16 9 18 3 13 1 2 
student 91: 13 20 3 7 6 8 17 9 16 12 11 4 2 15 18 14 10 19 1 5 
student 92: 10 17 11 6 2 1 15 16 18 13 19 5 3 8 9 14 7 20 4 12 
student 93: 5 20 11 9 3 14 19 18 16 13 10 8 4 2 12 17 15 6 7 1 
student 94: 20 6 4 3 10 15 14 5 19 11 12 13 9 7 16 17 2 18 1 8 
student 95: 10 16 9 5 6 2 19 8 15 18 20 3 13 4 12 17 7 11 1 14 
student 96: 9 17 2 13 3 12 20 16 19 15 11 4 7 5 8 10 6 18 1 14 
student 97: 14 18 5 4 13 1 17 12 16 15 20 10 8 7 9 11 6 19 3 2 
student 98: 9 19 12 8 6 3 20 18 13 16 14 11 2 5 7 15 10 17 1 4 
student 99: 12 20 5 16 7 1 19 18 15 17 13 8 2 9 10 11 4 14 6 3 
student 100: 5 16 7 17 2 3 15 12 20 19 14 10 8 4 13 11 9 18 1 6 
student 101: 18 9 10 11 2 3 17 19 12 20 14 4 7 8 6 16 5 15 1 13 
student 102: 18 14 13 8 7 5 9 19 16 20 12 10 3 2 17 11 1 15 4 6 
student 103: 18 12 4 9 16 2 14 20 15 17 10 19 11 8 7 6 5 13 1 3 
student 104: 6 5 16 4 13 3 15 19 11 18 20 8 7 1 14 17 10 12 9 2 
student 105: 18 20 5 11 4 3 9 10 19 14 15 7 2 12 13 16 8 17 1 6 
student 106: 13 17 10 15 1 5 16 14 19 20 9 11 2 3 12 4 7 18 8 6 
student 107: 8 19 7 10 2 4 20 17 13 14 9 15 6 3 11 18 5 12 1 16 
student 108: 14 17 9 11 10 7 19 16 20 18 13 8 2 6 5 12 3 15 1 4 
student 109: 12 15 20 10 1 6 17 18 19 14 16 7 9 3 8 11 5 13 2 4 
student 110: 12 16 9 10 4 6 19 18 20 8 17 2 15 5 11 14 3 13 1 7 
student 111: 8 15 7 12 5 2 18 10 19 20 3 1 4 16 13 11 9 17 6 14 
student 112: 8 12 10 18 1 2 14 11 20 19 16 7 5 6 9 17 15 13 3 4 
student 113: 5 20 11 8 10 2 17 13 16 7 18 9 4 6 15 12 14 19 1 3 
student 114: 15 14 7 1 3 12 20 9 19 17 10 11 6 5 13 16 4 18 8 2 
student 115: 9 19 11 7 6 3 17 16 13 18 15 8 2 4 12 14 10 20 1 5 
student 116: 12 16 5 4 7 2 19 15 20 14 13 11 8 1 10 18 3 17 6 9 
student 117: 18 15 8 9 13 3 12 10 17 20 6 7 5 2 14 4 11 19 1 16 
student 118: 15 16 8 2 6 3 20 11 19 17 13 9 7 10 4 18 14 12 5 1 
student 119: 14 16 2 17 1 13 19 12 20 15 8 7 5 4 10 11 9 18 3 6 
student 120: 7 20 9 4 12 2 19 6 16 13 18 5 3 17 11 10 15 14 1 8 
student 121: 1 17 10 16 7 15 12 6 14 20 19 11 5 4 18 9 8 13 3 2 
student 122: 14 17 2 8 10 11 19 12 15 20 9 4 1 7 13 6 3 18 5 16 
student 123: 19 9 8 16 2 4 13 18 20 15 12 5 3 1 6 14 11 17 7 10 
student 124: 12 15 13 5 1 3 20 16 19 18 14 9 10 7 17 11 4 6 2 8 
student 125: 10 16 2 3 1 8 15 17 20 19 13 11 6 7 12 14 9 18 5 4 
student 126: 9 18 10 15 3 5 16 11 19 20 17 4 8 1 14 13 12 6 7 2 
student 127: 11 16 7 18 4 2 8 13 14 19 12 17 6 5 9 15 10 20 1 3 
student 128: 15 11 3 8 4 6 18 16 17 12 20 13 2 5 7 14 9 19 1 10 
student 129: 8 20 17 11 1 2 18 16 19 15 13 12 7 4 5 9 6 14 3 10 
student 130: 12 11 13 8 2 4 15 20 18 19 16 6 9 3 10 5 14 17 1 7 
student 131: 6 15 1 12 2 3 17 19 20 16 18 9 8 5 10 11 13 14 4 7 
student 132: 15 14 12 9 3 7 18 19 10 20 6 2 8 5 13 11 16 17 1 4 
student 133: 4 16 10 20 9 5 18 14 19 8 17 11 3 1 12 13 7 15 2 6 
student 134: 1 15 10 9 5 4 17 19 12 16 18 7 6 2 14 11 13 20 3 8 
student 135: 16 14 19 10 4 2 17 7 18 20 8 3 5 6 11 9 13 15 1 12 
student 136: 13 14 1 11 3 10 19 8 16 18 20 5 6 4 9 15 17 12 2 7 
student 137: 11 16 7 20 3 5 18 17 19 12 13 14 9 6 8 10 4 15 1 2 
student 138: 1 12 5 11 2 4 17 19 13 14 6 9 7 15 20 18 8 16 3 10 
student 139: 16 14 1 4 6 11 7 13 19 10 12 17 2 15 8 20 3 18 5 9 
student 140: 17 14 4 12 10 3 16 9 19 20 7 13 1 5 11 15 8 18 2 6 
student 141: 9 16 8 10 1 2 15 13 18 6 11 19 3 12 14 20 4 17 5 7 
student 142: 11 16 12 3 5 7 19 15 9 17 13 2 4 10 20 8 14 18 1 6 
student 143: 2 10 9 6 3 8 19 14 20 15 18 5 4 13 12 16 11 17 1 7 
student 144: 7 14 13 9 2 4 15 19 16 20 12 11 3 5 10 8 17 18 1 6 
student 145: 7 14 3 9 2 1 18 15 19 16 4 11 5 10 12 20 8 17 6 13 
student 146: 4 16 15 6 2 9 17 12 14 13 20 5 10 1 11 19 8 18 7 3 
student 147: 16 17 4 8 3 7 20 9 18 19 14 10 2 6 13 15 5 12 1 11 
student 148: 12 17 8 7 6 5 10 11 20 18 16 2 13 1 3 19 9 15 4 14 
student 149: 14 10 5 12 11 3 18 7 20 9 15 8 6 2 16 17 4 19 1 13 
student 150: 12 18 4 16 5 15 19 14 20 1 9 7 6 2 17 13 10 11 3 8 
student 151: 10 11 9 16 8 2 14 4 17 20 15 6 5 18 3 13 12 19 1 7 
student 152: 7 10 8 13 1 2 16 12 18 19 17 20 5 11 6 14 9 15 3 4 
student 153: 13 14 8 15 1 9 17 18 19 20 12 11 10 3 7 5 6 16 2 4 
student 154: 20 14 9 13 5 8 18 10 15 19 11 7 16 2 3 6 12 17 4 1 
student 155: 20 13 8 10 6 3 19 18 17 16 5 1 4 2 9 15 11 14 12 7 
student 156: 6 17 18 15 1 3 20 12 11 19 14 13 7 4 10 16 9 8 2 5 
student 157: 15 8 16 12 3 2 7 10 14 19 18 9 6 5 17 13 11 20 1 4 
student 158: 2 14 8 10 1 15 19 18 17 13 16 3 6 9 7 12 5 20 11 4 
student 159: 14 15 12 10 6 2 17 11 16 19 18 9 3 4 13 7 8 20 1 5 
student 160: 15 13 3 6 2 10 18 17 14 20 4 1 9 7 11 16 5 19 8 12 
student 161: 10 12 9 17 1 7 8 20 15 16 11 6 3 4 19 14 13 18 2 5 
student 162: 4 18 12 15 3 8 20 16 14 17 7 19 9 5 13 6 11 10 1 2 
student 163: 7 20 6 8 5 3 17 11 18 15 19 12 4 1 14 9 16 13 2 10 
student 164: 12 19 8 5 4 3 20 15 13 16 7 9 2 6 11 18 17 14 1 10 
student 165: 19 16 3 15 8 4 17 14 20 18 13 9 2 6 12 11 5 7 1 10 
student 166: 13 20 11 12 2 4 18 19 10 17 8 5 16 3 1 14 6 15 7 9 
student 167: 11 19 13 10 2 4 17 14 18 12 15 8 7 5 16 9 6 20 1 3 
student 168: 14 8 12 15 3 4 17 11 20 19 18 10 2 5 9 6 13 16 1 7 
student 169: 9 16 6 11 19 3 18 14 20 17 8 12 13 5 1 10 7 15 2 4 
student 170: 11 20 13 10 4 7 17 15 18 14 16 6 5 3 9 2 8 19 1 12 
student 171: 10 18 9 14 6 16 15 8 13 11 20 4 7 3 5 17 1 19 2 12 
student 172: 12 13 14 6 5 2 18 17 20 15 9 1 7 4 19 11 8 16 10 3 
student 173: 14 12 8 11 3 6 20 17 9 19 18 13 1 4 10 15 5 16 7 2 
student 174: 11 16 8 9 1 6 19 12 13 17 5 7 15 3 14 4 18 20 10 2 
student 175: 15 14 5 9 1 11 16 17 18 20 13 8 4 7 3 12 10 19 6 2 
student 176: 15 12 5 2 8 3 17 9 18 20 10 11 6 1 7 14 16 19 4 13 
student 177: 13 16 6 8 2 5 19 17 20 14 9 3 11 1 12 18 7 10 4 15 
student 178: 15 14 8 4 9 2 18 12 20 19 17 11 3 6 10 13 7 16 1 5 
student 179: 13 17 9 3 10 6 20 18 16 15 11 7 1 2 19 14 12 8 4 5 
student 180: 13 14 7 5 1 11 17 18 20 15 9 19 16 2 4 8 10 12 3 6 
student 181: 12 15 8 7 3 5 19 16 17 1 20 13 11 2 9 14 6 18 4 10 
student 182: 11 19 6 15 13 3 8 18 20 7 5 10 17 12 2 14 9 16 4 1 
student 183: 8 19 6 17 9 7 12 16 18 20 5 2 13 4 10 15 14 11 3 1 
student 184: 11 15 4 16 2 6 18 12 19 13 17 5 3 14 9 10 7 20 8 1 
student 185: 6 20 16 12 9 10 15 7 19 17 18 4 8 2 13 11 5 14 1 3 
student 186: 10 16 12 3 1 11 20 18 17 9 15 8 6 2 5 13 19 14 7 4 
student 187: 8 19 4 18 15 2 12 13 14 11 20 5 3 17 6 10 7 16 1 9 
student 188: 13 16 18 19 10 3 14 12 20 17 6 8 9 1 4 7 5 15 2 11 
student 189: 15 18 1 13 11 3 19 12 20 16 10 6 4 7 8 5 9 14 2 17 
student 190: 14 11 7 8 3 2 20 18 13 16 19 17 4 6 10 1 9 12 15 5 
student 191: 12 13 19 4 11 2 17 10 18 16 15 6 7 5 9 14 8 20 1 3 
student 192: 9 10 1 6 4 12 16 19 20 14 18 8 5 2 3 13 15 17 7 11 
student 193: 9 13 8 10 4 3 16 18 19 20 11 14 6 7 5 12 15 17 1 2 
student 194: 12 13 4 18 7 1 20 19 17 15 14 6 3 5 10 8 9 16 2 11 
student 195: 12 18 9 10 2 4 16 15 19 20 14 7 1 8 3 11 5 17 6 13 
student 196: 12 18 7 10 3 5 20 17 19 15 14 13 2 4 11 8 16 9 1 6 
student 197: 10 18 11 8 5 3 13 14 15 16 20 19 4 7 1 12 6 17 2 9 
student 198: 18 15 10 5 2 4 20 12 19 11 14 8 3 7 9 13 17 16 1 6 
student 199: 5 18 4 3 2 6 20 17 14 16 12 15 7 1 13 10 11 19 9 8 
student 200: 12 14 1 8 3 6 15 18 16 17 13 2 19 7 10 11 9 20 4 5 
student 201: 9 19 18 16 7 5 11 15 17 14 20 10 3 4 2 12 8 13 1 6 
student 202: 12 9 3 10 2 17 18 6 19 15 16 11 5 7 8 20 13 14 4 1 
student 203: 11 17 19 3 9 12 15 14 20 8 5 10 2 1 13 7 16 18 4 6 
student 204: 14 20 7 10 15 12 19 18 13 17 3 5 1 8 9 11 6 16 2 4 
student 205: 4 15 8 12 3 7 14 19 20 16 18 17 5 1 9 13 6 10 2 11 
student 206: 10 14 9 5 2 7 18 13 20 17 12 1 4 3 11 15 19 16 6 8 
student 207: 17 7 9 15 1 2 13 16 8 12 18 4 3 6 14 20 11 19 5 10 
student 208: 14 15 6 4 1 8 17 10 19 16 20 3 5 12 11 13 9 18 7 2 
student 209: 15 14 7 12 4 5 11 9 18 20 17 16 3 1 13 6 19 8 2 10 
student 210: 6 14 8 18 5 7 15 13 17 16 12 4 9 3 2 19 11 20 1 10 
student 211: 9 4 10 8 5 7 15 16 20 17 19 11 6 3 13 14 12 18 2 1 
student 212: 12 15 3 18 2 1 20 14 7 16 13 9 6 5 10 19 11 17 4 8 
student 213: 9 19 8 7 1 15 18 13 20 16 17 2 5 4 6 12 10 14 3 11 
student 214: 13 15 7 12 6 9 19 10 17 20 16 2 1 8 5 11 3 18 4 14 
student 215: 12 15 13 14 2 4 20 11 19 17 10 3 8 9 5 16 7 18 1 6 
student 216: 18 12 7 9 5 4 20 11 19 17 10 8 13 1 14 16 3 15 2 6 
student 217: 10 14 4 8 5 6 15 17 20 19 12 2 3 7 13 11 9 18 1 16 
student 218: 12 10 7 15 5 6 18 20 9 17 14 4 2 1 16 11 13 19 3 8 
student 219: 12 18 8 6 1 2 15 17 20 16 3 5 11 7 10 14 13 19 4 9 
student 220: 10 18 3 8 4 7 17 19 14 20 15 6 2 12 9 11 13 16 1 5 
student 221: 10 17 6 9 2 1 18 16 20 8 19 11 13 5 12 14 7 15 4 3 
student 222: 4 14 9 13 2 1 8 16 20 19 18 15 3 5 11 7 12 17 6 10 
student 223: 17 10 9 14 7 4 12 20 16 18 19 6 2 5 15 13 3 11 1 8 
student 224: 17 15 5 11 7 8 13 19 16 14 9 6 10 4 12 18 20 3 1 2 
student 225: 14 5 3 13 4 2 8 19 15 20 10 17 12 1 16 9 7 18 11 6 
student 226: 13 16 8 11 1 4 20 18 19 17 14 3 5 2 12 9 10 15 6 7 
student 227: 8 14 10 2 7 6 4 15 20 19 17 5 1 11 13 9 16 18 3 12 
student 228: 14 7 13 11 1 6 15 20 16 19 18 9 10 8 12 17 3 5 2 4 
student 229: 13 19 2 15 5 1 18 12 14 20 16 8 3 7 9 10 11 17 4 6 
student 230: 7 4 8 16 13 9 10 14 19 20 12 5 3 15 18 11 1 17 6 2 
student 231: 16 19 3 4 8 9 17 13 20 11 10 12 2 1 14 6 15 18 7 5 
student 232: 8 20 10 9 4 2 17 18 19 13 14 5 12 3 11 15 7 16 1 6 
student 233: 13 12 1 5 3 4 9 11 15 19 18 2 7 10 8 17 16 20 6 14 
student 234: 15 19 10 9 2 7 18 14 11 17 16 5 3 8 4 13 12 20 1 6 
student 235: 8 20 12 4 15 5 16 19 17 18 11 10 13 2 3 14 1 9 7 6 
student 236: 20 18 6 7 14 5 11 17 19 4 16 12 8 9 10 13 3 15 2 1 
student 237: 17 16 15 12 1 20 19 9 18 11 13 6 8 5 14 3 7 10 2 4 
student 238: 9 17 11 8 2 5 20 12 19 16 18 7 3 6 13 14 4 15 1 10 
student 239: 10 11 5 14 4 3 15 18 20 16 17 8 6 2 12 19 7 13 1 9 
student 240: 16 18 13 9 1 6 14 15 19 17 11 8 5 2 20 10 3 12 4 7 
student 241: 19 12 8 16 2 6 7 14 15 20 11 1 3 4 10 17 13 18 5 9 
student 242: 10 13 8 5 6 12 14 18 19 16 20 2 7 1 11 15 9 17 3 4 
student 243: 14 9 8 5 11 3 18 20 17 19 15 16 2 6 7 4 13 10 1 12 
student 244: 10 17 19 8 6 1 12 16 18 15 7 11 3 20 9 13 4 14 2 5 
student 245: 7 17 13 14 8 4 11 9 18 16 20 6 2 1 10 15 5 19 3 12 
student 246: 15 13 3 11 2 4 16 14 19 12 18 7 9 5 17 8 10 20 1 6 
student 247: 12 9 1 4 6 8 19 17 18 20 14 10 5 7 2 13 11 15 3 16 
student 248: 13 18 6 4 3 2 15 14 19 10 17 20 8 9 12 11 7 16 1 5 
student 249: 8 11 19 5 12 3 16 7 17 13 20 10 6 4 15 9 14 18 1 2 
student 250: 8 14 6 16 2 1 17 13 11 20 18 4 9 7 15 12 10 19 5 3 
student 251: 4 14 5 12 9 3 17 13 18 19 20 1 11 6 7 16 10 15 2 8 
student 252: 9 18 5 10 6 8 16 19 20 14 15 12 7 1 3 11 13 17 2 4 
student 253: 9 11 13 4 3 1 14 20 18 17 12 16 7 6 5 15 8 19 2 10 
student 254: 14 16 10 12 8 7 19 15 20 18 5 3 11 6 2 17 13 9 1 4 
student 255: 12 16 1 19 3 5 18 15 20 14 10 13 6 4 2 9 8 17 11 7 
student 256: 13 10 9 3 6 12 19 20 16 17 7 8 1 4 5 11 15 18 2 14 
student 257: 13 17 16 6 5 1 11 14 20 19 15 7 3 4 8 12 9 18 10 2 
student 258: 7 5 9 14 1 4 20 11 19 17 15 12 3 13 16 2 8 18 6 10 
student 259: 8 12 10 14 5 6 19 11 18 17 16 7 3 2 15 13 9 20 1 4 
student 260: 6 17 8 9 1 3 20 19 18 11 14 2 4 13 16 12 15 5 7 10 
student 261: 19 17 7 9 8 10 15 13 20 14 3 16 6 2 1 11 12 18 4 5 
student 262: 13 17 9 7 15 1 16 19 18 5 14 6 2 11 12 8 10 20 3 4 
student 263: 18 14 6 20 5 3 19 4 15 16 12 1 2 10 13 8 11 17 9 7 
student 264: 9 17 6 8 1 7 19 16 20 11 18 13 5 10 14 15 2 12 4 3 
student 265: 16 8 9 14 2 1 18 17 19 12 20 4 7 11 13 6 10 15 3 5 
student 266: 13 10 6 2 9 3 18 19 17 16 15 1 5 7 11 12 8 20 4 14 
student 267: 5 18 4 14 7 1 19 13 17 16 10 12 15 3 11 9 6 20 2 8 
student 268: 4 7 1 17 2 9 19 15 20 16 10 11 3 5 12 18 14 13 6 8 
student 269: 10 4 13 12 5 1 17 18 19 20 9 7 11 3 15 14 8 16 2 6 
student 270: 9 16 11 15 2 12 18 10 19 20 14 6 1 4 7 13 5 17 3 8 
student 271: 14 13 9 16 7 2 19 17 18 20 15 3 5 4 8 12 11 10 1 6 
student 272: 16 19 13 10 3 4 12 11 17 20 18 7 5 1 9 15 8 14 2 6 
student 273: 8 7 10 11 4 3 14 19 16 13 17 1 2 5 9 15 18 20 6 12 
student 274: 11 14 7 10 8 12 19 15 18 20 13 5 3 2 9 16 6 17 1 4 
student 275: 14 17 5 4 7 6 15 16 18 20 12 9 3 2 13 19 10 11 1 8 
student 276: 11 10 8 13 1 17 19 12 20 18 14 6 5 2 15 3 9 16 4 7 
student 277: 9 18 12 17 2 1 20 13 16 10 14 11 8 3 6 15 5 19 4 7 
student 278: 5 9 10 14 1 11 20 16 17 15 12 4 7 2 19 6 8 18 13 3 
student 279: 18 15 4 14 2 3 17 16 20 8 19 12 6 5 9 10 11 13 1 7 
student 280: 8 13 5 16 4 7 20 19 18 17 10 9 12 2 15 11 6 14 1 3 
student 281: 14 15 8 10 2 5 18 16 17 19 20 12 1 4 13 11 9 7 3 6 
student 282: 16 11 15 10 1 14 18 8 20 19 17 4 7 2 6 12 9 13 3 5 
student 283: 11 18 8 13 9 4 20 12 3 16 19 7 6 2 5 14 10 17 1 15 
student 284: 16 10 8 5 4 17 18 12 20 19 6 3 11 2 14 9 15 13 7 1 
student 285: 7 11 15 2 1 10 20 16 18 19 17 12 5 6 9 13 8 14 3 4 
student 286: 12 14 1 8 3 6 17 16 20 19 15 2 13 4 11 10 9 18 5 7 
student 287: 13 19 12 7 3 2 17 20 18 16 11 1 6 5 10 15 8 14 4 9 
student 288: 3 15 7 19 4 11 18 20 16 17 5 1 2 9 8 12 13 14 6 10 
student 289: 13 18 6 9 2 7 19 17 20 10 8 5 11 3 1 15 14 16 12 4 
student 290: 5 18 15 7 6 13 19 16 20 17 2 9 1 8 3 14 4 12 11 10 
student 291: 15 20 11 2 3 5 8 17 12 18 9 13 4 14 1 16 10 19 7 6 
student 292: 10 17 6 5 2 13 19 15 20 16 8 12 7 3 14 11 9 18 1 4 
student 293: 8 16 11 15 2 20 17 18 19 14 12 10 5 4 13 7 1 9 3 6 
student 294: 2 12 3 7 5 8 14 15 16 18 20 4 9 6 11 19 13 17 1 10 
student 295: 13 19 10 7 2 4 14 16 20 17 18 8 9 6 12 15 11 5 3 1 
student 296: 16 6 7 18 1 14 13 20 17 12 15 5 3 2 8 9 10 19 11 4 
student 297: 16 17 2 14 1 7 18 12 20 10 9 11 6 3 8 15 5 19 4 13 
student 298: 5 19 12 4 3 6 18 16 15 20 11 7 8 10 2 17 9 14 1 13 
student 299: 16 18 5 19 2 12 17 9 20 10 13 4 8 6 3 11 14 15 1 7 
student 300: 17 18 3 6 4 13 11 19 14 9 15 16 5 2 10 12 8 20 1 7 
student 301: 6 18 8 13 1 16 12 10 19 15 11 9 3 7 17 20 14 5 2 4 
student 302: 14 17 7 2 1 6 10 18 15 4 19 11 9 16 8 13 12 5 3 20 
student 303: 14 15 6 11 2 5 20 16 19 17 8 1 7 3 12 18 9 10 4 13 
student 304: 7 13 6 15 2 4 20 12 17 14 16 10 5 11 1 8 18 19 3 9 
student 305: 7 17 6 4 2 1 15 18 20 19 12 13 9 3 10 14 8 16 11 5 
student 306: 10 19 11 6 8 4 20 16 17 15 18 7 12 1 13 14 3 9 2 5 
student 307: 12 10 11 14 9 4 17 19 18 16 15 1 5 3 8 7 2 20 6 13 
student 308: 4 8 17 9 7 6 19 16 20 18 15 5 2 10 14 13 12 1 3 11 
student 309: 4 13 5 14 1 2 17 12 20 19 18 7 8 3 9 15 16 11 6 10 
student 310: 10 18 8 14 2 1 13 4 19 17 16 11 7 5 15 12 9 20 6 3 
student 311: 3 11 5 20 1 8 18 14 19 16 10 12 4 7 13 17 9 15 2 6 
student 312: 9 17 10 7 2 5 6 16 18 15 19 12 8 4 14 20 13 11 3 1 
student 313: 14 16 7 8 5 4 20 17 18 13 10 12 6 1 9 19 3 11 2 15 
student 314: 15 18 8 12 5 4 13 3 20 16 6 2 9 19 14 7 11 10 1 17 
student 315: 13 15 1 14 3 4 19 16 18 20 17 7 8 5 9 12 11 6 10 2 
student 316: 13 19 12 8 3 6 18 11 20 17 7 4 2 9 14 15 10 5 1 16 
student 317: 10 18 12 8 4 1 3 13 20 19 16 9 2 7 11 14 15 17 6 5 
student 318: 10 17 11 18 1 7 12 15 19 16 13 4 3 2 6 9 14 20 8 5 
student 319: 8 14 10 11 5 6 16 13 19 18 12 4 7 2 20 15 1 17 3 9 
student 320: 13 14 11 7 2 6 20 16 18 19 10 3 5 9 17 8 12 15 1 4 
student 321: 16 10 9 11 1 2 19 15 18 20 17 4 5 8 6 14 12 13 7 3 
student 322: 13 15 14 8 4 9 19 18 20 11 6 1 5 7 12 16 3 17 2 10 
student 323: 13 19 14 11 3 2 18 17 20 10 9 8 6 1 15 12 7 16 4 5 
student 324: 12 17 7 11 2 5 15 14 18 20 19 4 9 6 10 13 8 16 1 3 
student 325: 13 18 8 7 12 1 19 15 20 16 6 11 3 4 17 10 2 14 5 9 
student 326: 3 7 19 8 12 10 20 16 17 15 1 2 5 4 14 13 11 18 9 6 
student 327: 19 17 6 13 3 5 18 15 20 10 8 12 1 2 7 14 11 16 9 4 
student 328: 15 14 5 8 2 6 17 13 20 18 16 11 4 1 10 12 7 19 3 9 
student 329: 8 16 5 15 4 1 12 19 18 20 2 10 13 7 9 14 11 17 3 6 
student 330: 5 20 13 8 2 3 18 15 17 14 9 4 6 11 10 12 19 16 1 7 
student 331: 20 15 14 16 7 12 19 5 10 17 6 1 3 4 2 11 18 13 9 8 
student 332: 14 16 9 10 2 3 15 20 17 11 19 4 7 1 12 13 8 18 5 6 
student 333: 15 12 4 9 6 1 20 11 18 17 8 10 5 2 14 16 13 19 3 7 
student 334: 15 17 3 19 2 7 16 18 11 13 9 10 14 6 5 1 8 20 4 12 
student 335: 19 14 15 10 1 2 20 12 17 18 6 8 4 9 7 13 11 16 3 5 
student 336: 14 19 10 12 8 6 17 11 20 15 5 4 7 1 18 13 3 16 2 9 
student 337: 17 20 13 4 1 5 14 15 11 19 10 8 7 2 16 12 9 18 3 6 
student 338: 18 16 13 14 3 2 20 12 19 17 15 9 7 1 4 10 11 8 6 5 
student 339: 14 4 10 1 9 3 15 20 18 6 13 7 16 2 11 19 12 17 5 8 
student 340: 9 15 13 2 3 12 18 17 19 20 7 4 5 1 8 11 16 14 6 10 
student 341: 11 5 9 8 3 7 16 17 20 19 18 6 2 12 13 14 10 15 1 4 
student 342: 13 20 7 11 1 3 12 18 14 19 17 2 6 5 16 15 8 10 4 9 
student 343: 9 14 6 8 4 13 12 11 15 20 18 2 3 19 1 10 7 17 16 5 
student 344: 17 15 11 4 1 3 19 6 18 13 20 7 2 9 16 14 12 10 5 8 
student 345: 18 17 2 13 1 4 19 16 20 10 12 8 7 3 14 15 6 11 9 5 
student 346: 12 13 1 5 2 10 17 6 20 18 16 3 19 9 11 15 8 14 4 7 
student 347: 6 12 7 17 1 2 18 19 20 14 13 4 5 9 16 8 10 15 11 3 
student 348: 12 20 1 8 6 13 18 9 11 19 5 10 16 14 7 17 4 15 2 3 
student 349: 9 16 18 7 4 8 17 14 12 10 6 11 3 5 13 15 19 20 2 1 
student 350: 11 14 5 10 1 6 18 16 20 19 15 9 4 3 13 12 7 17 2 8 
student 351: 13 20 11 10 8 5 15 14 19 16 18 2 6 3 12 4 7 17 1 9 
student 352: 13 16 6 8 15 2 20 14 17 18 4 1 9 7 3 11 12 19 5 10 
student 353: 6 19 13 11 4 9 18 16 17 15 12 14 2 5 8 10 3 20 1 7 
student 354: 13 17 9 12 2 3 18 14 19 15 20 5 8 4 6 11 7 16 1 10 
student 355: 12 20 4 10 5 2 3 17 19 15 18 9 7 1 11 14 13 16 6 8 
student 356: 6 10 13 14 7 5 18 16 19 20 12 9 11 1 8 15 3 17 4 2 
student 357: 17 12 4 10 2 3 20 14 19 18 15 11 6 5 13 7 8 16 1 9 
student 358: 13 11 6 7 3 12 14 19 20 18 17 2 8 4 10 15 9 16 1 5 
student 359: 10 12 5 18 3 7 14 11 20 17 6 16 4 1 15 13 9 19 2 8 
student 360: 10 14 20 6 1 3 19 13 18 17 16 5 4 11 7 9 8 15 2 12 
student 361: 15 8 9 16 3 5 19 14 20 17 18 7 11 6 10 12 1 13 4 2 
student 362: 15 11 9 3 1 14 19 12 20 18 17 6 2 7 4 10 13 16 5 8 
student 363: 13 14 8 11 5 4 17 15 9 20 12 7 2 16 6 19 10 18 1 3 
student 364: 13 20 6 8 2 3 17 18 14 19 12 11 5 1 9 16 7 15 4 10 
student 365: 11 18 5 13 10 3 16 15 20 19 8 9 7 12 1 17 14 6 2 4 
student 366: 13 19 11 12 5 4 14 20 18 15 9 10 1 2 8 6 16 17 7 3 
student 367: 3 9 10 14 4 5 15 8 16 17 13 12 11 6 2 7 20 19 1 18 
student 368: 3 18 2 14 4 9 17 16 5 19 12 6 7 10 11 15 8 20 1 13 
student 369: 14 10 18 6 1 2 20 19 12 15 13 3 8 5 11 17 9 16 7 4 
student 370: 13 3 9 1 2 10 18 20 19 15 17 8 7 6 5 16 11 12 14 4 
student 371: 9 12 10 7 4 11 19 15 18 20 17 3 13 2 14 6 5 16 1 8 
student 372: 14 13 9 10 3 12 17 20 16 19 11 7 5 8 6 4 18 15 1 2 
student 373: 14 18 9 10 3 4 16 8 7 17 6 11 12 2 19 15 13 20 1 5 
student 374: 17 8 13 14 2 7 15 16 20 19 12 6 4 3 10 11 5 18 1 9 
student 375: 12 7 3 13 4 6 18 17 14 19 10 5 11 8 16 15 2 20 9 1 
student 376: 14 18 12 7 3 15 19 8 20 10 5 6 13 4 9 17 11 16 2 1 
student 377: 10 16 9 18 3 1 20 14 15 17 12 4 2 8 5 19 11 13 7 6 
student 378: 14 13 12 3 2 11 20 8 18 17 16 5 4 7 6 19 10 15 1 9 
student 379: 13 16 5 10 7 9 20 6 19 17 14 2 8 3 1 12 11 18 15 4 
student 380: 15 16 7 3 1 5 20 14 19 17 8 6 4 9 11 13 12 18 2 10 
student 381: 13 14 6 15 4 5 18 11 19 20 16 9 12 1 8 17 10 2 3 7 
student 382: 17 11 3 6 7 5 19 16 15 20 18 9 4 2 10 13 14 8 1 12 
student 383: 15 17 7 14 1 12 19 9 20 18 5 6 3 2 13 8 11 16 10 4 
student 384: 12 20 7 11 10 2 3 14 15 17 19 9 5 4 6 13 8 16 1 18 
student 385: 16 20 13 10 2 11 18 14 6 17 8 9 1 3 15 7 12 19 5 4 
student 386: 9 18 2 17 5 4 14 20 16 19 8 10 7 13 6 12 1 11 3 15 
student 387: 6 18 10 3 9 4 15 12 19 20 8 5 7 2 14 13 16 17 1 11 
student 388: 11 17 5 6 3 1 20 15 18 19 4 10 7 2 12 16 9 14 13 8 
student 389: 3 11 17 9 1 4 13 20 14 15 7 8 10 5 18 19 6 12 2 16 
student 390: 3 17 9 10 7 4 18 19 20 15 14 12 2 6 16 11 13 5 1 8 
student 391: 7 16 10 14 8 1 15 13 9 17 20 11 6 3 12 18 4 19 2 5 
student 392: 15 14 10 4 5 7 17 12 9 19 16 3 1 2 18 8 11 20 6 13 
student 393: 6 12 5 8 4 11 19 18 17 16 13 7 3 2 15 10 9 20 1 14 
student 394: 7 17 3 11 8 6 20 14 15 19 9 13 10 1 12 16 5 18 4 2 
student 395: 10 15 8 7 11 2 19 13 17 18 20 4 3 6 14 12 1 16 9 5 
student 396: 13 16 2 9 7 6 15 5 20 18 19 3 12 1 17 14 11 4 10 8 
student 397: 16 9 10 2 7 4 17 14 18 20 13 11 3 1 15 19 8 12 5 6 
student 398: 13 20 5 7 4 10 19 9 18 12 14 15 6 2 17 11 8 16 1 3 
student 399: 4 16 5 10 1 3 19 14 18 20 15 7 6 13 11 12 2 17 9 8 
student 400: 17 13 8 9 2 10 18 11 20 19 16 3 1 7 15 12 6 14 4 5 
student 401: 11 19 7 1 4 5 17 2 18 16 14 8 12 13 15 10 9 20 3 6 
student 402: 12 16 7 3 11 9 19 14 20 15 13 6 1 5 18 8 10 17 4 2 
student 403: 6 15 10 9 11 4 20 12 18 14 19 17 7 3 8 16 13 1 2 5 
student 404: 14 18 11 6 1 4 15 13 20 12 16 8 2 5 9 17 10 19 3 7 
student 405: 14 19 8 13 15 3 12 18 20 9 10 11 5 2 7 16 6 17 1 4 
student 406: 9 15 16 14 4 7 18 13 11 17 8 10 5 6 20 2 12 19 3 1 
student 407: 14 20 8 10 3 9 16 15 18 19 7 6 5 2 13 11 4 17 1 12 
student 408: 5 11 15 14 8 2 17 10 19 18 9 6 4 1 16 20 7 13 3 12 
student 409: 15 20 10 11 3 8 18 13 19 17 14 9 5 1 12 7 6 16 2 4 
student 410: 6 16 9 7 2 5 11 17 12 18 20 8 1 4 14 10 19 15 3 13 
student 411: 15 20 7 10 13 2 11 18 16 9 14 12 3 1 6 17 4 19 8 5 
student 412: 12 15 6 19 7 16 14 3 20 18 11 1 5 4 9 13 10 17 2 8 
student 413: 7 16 12 20 8 2 19 11 10 17 15 14 9 5 4 18 6 13 3 1 
student 414: 19 17 11 6 10 1 20 16 4 14 8 9 5 2 15 13 7 18 3 12 
student 415: 6 14 3 10 1 5 19 18 20 16 15 2 12 4 17 11 13 7 8 9 
student 416: 11 15 10 9 3 2 12 7 14 13 18 17 16 1 8 20 5 19 6 4 
student 417: 8 12 9 11 6 5 18 20 17 15 13 1 7 3 2 16 14 19 4 10 
student 418: 7 19 13 9 2 4 18 16 20 11 15 12 3 1 17 14 6 10 5 8 
student 419: 11 18 6 12 3 2 13 15 16 17 14 5 4 8 10 19 9 20 1 7 
student 420: 8 12 4 9 1 3 16 11 19 13 20 10 6 2 15 17 7 18 5 14 
student 421: 17 7 19 6 4 8 11 2 9 18 20 16 1 12 14 10 13 15 3 5 
student 422: 13 7 10 14 8 4 16 15 20 18 11 6 17 2 19 12 1 5 3 9 
student 423: 19 14 9 12 1 4 15 16 18 20 13 7 8 2 5 17 10 11 3 6 
student 424: 7 14 15 10 6 9 19 20 18 13 11 2 8 12 5 16 3 17 4 1 
student 425: 7 16 8 11 6 2 18 20 19 17 12 13 10 4 5 14 9 15 1 3 
student 426: 15 18 13 2 7 12 10 17 20 14 9 6 1 3 11 16 8 19 4 5 
student 427: 12 18 8 10 2 5 14 11 19 13 20 6 3 9 17 7 15 16 1 4 
student 428: 12 17 7 6 5 9 16 14 18 19 20 13 4 2 15 11 10 3 1 8 
student 429: 14 13 6 16 4 8 12 9 20 18 19 1 5 2 15 11 7 17 10 3 
student 430: 6 17 14 8 3 1 19 18 13 10 15 4 5 2 12 9 16 20 11 7 
student 431: 15 19 12 6 1 5 16 18 20 14 17 7 3 2 11 9 10 13 4 8 
student 432: 13 17 5 4 6 1 19 16 20 18 12 9 3 10 11 14 8 15 2 7 
student 433: 3 6 19 14 5 1 17 18 20 15 4 11 10 7 9 13 8 16 2 12 
student 434: 5 15 10 16 4 9 19 6 20 18 14 11 3 8 7 17 2 13 1 12 
student 435: 3 12 8 14 4 6 19 18 20 11 16 7 10 1 5 17 9 15 2 13 
student 436: 18 17 6 11 1 8 20 14 16 15 19 5 10 3 13 12 9 7 2 4 
student 437: 14 17 6 12 8 5 20 11 16 19 13 4 3 1 7 15 10 18 2 9 
student 438: 13 14 12 1 2 9 18 11 19 16 5 10 7 6 15 20 8 17 4 3 
student 439: 6 10 8 12 1 7 14 18 17 13 19 5 2 4 20 16 9 11 3 15 
student 440: 3 17 12 11 2 9 14 19 16 13 7 8 4 5 15 18 10 20 1 6 
student 441: 13 20 8 6 1 4 17 14 15 19 16 11 7 3 10 12 5 18 2 9 
student 442: 15 17 9 14 2 4 19 18 16 13 7 3 6 1 11 10 8 20 12 5 
student 443: 10 18 17 9 2 11 20 14 19 12 16 3 1 5 6 13 8 15 7 4 
student 444: 18 13 6 2 5 1 16 9 11 19 15 12 7 10 20 14 8 17 3 4 
student 445: 6 16 4 12 7 3 18 15 19 17 14 10 8 5 9 11 1 20 2 13 
student 446: 12 18 14 7 1 4 19 10 20 17 15 5 9 3 11 16 8 13 2 6 
student 447: 14 19 5 9 4 1 15 17 20 11 13 18 6 8 7 10 12 16 2 3 
student 448: 3 15 6 18 2 4 17 12 19 11 5 10 13 14 20 8 9 16 1 7 
student 449: 17 15 7 12 5 1 18 9 20 16 11 2 3 8 13 10 19 6 14 4 
student 450: 11 15 6 10 4 5 16 14 20 19 18 9 8 2 12 13 7 17 1 3 
student 451: 6 12 11 5 3 2 18 20 19 15 16 10 7 4 9 14 13 17 8 1 
student 452: 4 16 10 6 5 15 18 14 20 19 9 13 3 7 12 8 11 17 2 1 
student 453: 10 14 16 9 2 1 19 18 15 13 17 6 3 12 11 8 7 20 4 5 
student 454: 14 12 3 10 2 7 19 18 11 20 15 9 6 8 4 16 5 17 1 13 
student 455: 15 18 9 11 4 6 19 17 20 1 14 2 7 5 13 16 8 12 3 10 
student 456: 6 20 10 14 1 3 16 17 19 7 18 15 11 5 4 12 9 13 2 8 
student 457: 17 12 10 11 3 1 18 4 13 19 16 8 5 9 14 7 15 20 2 6 
student 458: 20 13 7 9 2 6 19 10 17 18 16 11 4 3 14 12 8 15 5 1 
student 459: 14 19 7 8 1 3 17 15 20 16 11 6 2 13 9 10 12 18 5 4 
student 460: 16 11 6 7 3 12 18 9 14 20 15 5 10 4 13 17 8 19 2 1 
student 461: 7 20 1 13 3 9 14 2 18 16 15 12 8 4 5 19 11 10 6 17 
student 462: 5 20 7 2 3 14 19 13 16 15 17 10 4 6 8 9 12 18 1 11 
student 463: 2 11 12 5 7 1 18 16 20 17 15 4 8 6 19 14 3 10 9 13 
student 464: 4 14 18 5 13 2 17 9 20 19 12 6 7 1 8 15 10 16 11 3 
student 465: 3 20 4 17 12 16 19 1 18 14 9 15 2 6 5 11 10 13 8 7 
student 466: 11 16 7 3 6 2 17 20 18 12 14 15 19 5 4 9 8 13 1 10 
student 467: 15 17 8 11 3 9 19 14 20 16 12 5 1 4 10 6 13 18 2 7 
student 468: 9 20 14 4 1 2 18 17 19 16 10 5 6 3 15 12 7 11 13 8 
student 469: 15 20 11 8 1 3 17 14 16 13 19 9 5 2 10 18 12 7 4 6 
student 470: 10 17 16 9 6 2 19 14 15 18 20 11 7 4 5 13 3 12 1 8 
student 471: 8 18 12 17 1 3 19 15 16 13 14 11 7 2 6 10 9 20 5 4 
student 472: 12 15 2 8 4 13 20 16 18 19 17 10 1 7 9 11 6 14 5 3 
student 473: 6 16 11 3 1 7 19 9 17 18 15 8 4 2 14 13 12 20 5 10 
student 474: 19 16 10 11 3 9 14 13 20 18 6 8 4 5 12 7 15 17 1 2 
student 475: 14 20 4 2 6 10 17 13 19 12 9 3 5 7 11 15 16 18 1 8 
student 476: 20 16 10 6 7 5 12 11 17 18 14 2 4 3 8 15 13 19 1 9 
student 477: 12 20 8 13 4 3 14 17 19 15 16 9 7 1 11 10 6 18 5 2 
student 478: 18 10 3 13 2 5 19 14 15 20 12 6 1 7 17 11 9 16 4 8 
student 479: 17 11 16 8 2 9 14 18 4 19 12 6 5 3 15 13 7 20 1 10 
student 480: 10 19 7 12 5 1 17 11 20 18 6 14 2 3 16 9 13 15 4 8 
student 481: 6 20 5 16 2 4 14 13 19 11 10 7 1 3 9 15 12 18 8 17 
student 482: 9 19 6 14 4 2 20 15 17 16 11 12 5 3 13 8 10 18 1 7 
student 483: 15 7 16 4 12 2 17 5 20 19 9 8 14 11 13 1 10 18 3 6 
student 484: 15 18 1 7 2 6 17 16 19 20 12 11 3 4 14 9 5 10 8 13 
student 485: 9 17 11 13 3 12 16 18 15 19 14 6 10 5 7 2 8 20 1 4 
student 486: 9 18 10 14 2 6 20 19 16 15 13 8 3 5 7 12 17 1 4 11 
student 487: 14 10 11 5 2 8 17 18 20 19 16 13 4 6 9 15 12 7 1 3 
student 488: 14 18 12 7 3 10 20 15 19 16 17 4 5 2 6 11 9 13 1 8 
student 489: 14 18 11 10 8 6 19 16 17 20 13 7 2 9 12 3 15 5 1 4 
student 490: 16 17 3 9 11 5 20 12 10 19 14 8 2 1 13 7 4 18 15 6 
student 491: 16 11 2 6 3 5 19 20 18 15 8 14 12 4 9 13 10 17 1 7 
student 492: 15 19 11 8 2 4 16 13 20 18 14 5 7 3 1 6 12 17 10 9 
student 493: 10 12 5 13 3 1 14 19 20 17 16 7 9 2 11 15 8 18 6 4 
student 494: 6 14 13 20 2 8 15 7 11 19 18 3 12 9 4 16 17 10 5 1 
student 495: 13 3 7 8 6 4 17 18 20 19 15 14 2 1 9 16 10 11 5 12 
student 496: 14 17 11 9 3 12 18 13 20 19 10 6 5 4 15 8 2 16 1 7 
student 497: 19 15 9 13 6 3 12 1 16 20 10 8 5 7 11 14 17 18 2 4 
student 498: 10 16 2 15 6 9 20 12 17 19 18 7 11 4 14 1 8 13 5 3 
student 499: 20 12 8 6 1 3 13 10 16 19 18 7 4 5 11 17 9 15 2 14 
student 500: 9 4 11 6 10 8 12 20 15 17 13 1 2 7 18 14 16 19 5 3 
student 501: 14 20 13 1 2 9 18 12 17 19 11 7 8 4 6 15 10 16 3 5 
student 502: 8 18 12 16 10 4 20 19 14 17 15 1 7 9 11 13 3 5 2 6 
student 503: 20 14 6 8 10 5 17 9 19 13 15 2 3 4 12 16 11 18 1 7 
student 504: 11 16 9 6 4 13 17 19 18 12 10 3 5 2 15 8 7 20 1 14 
student 505: 6 11 10 4 2 5 13 17 15 19 18 7 3 14 12 9 16 20 1 8 
student 506: 16 5 1 14 4 8 17 18 19 9 7 11 13 6 12 20 10 15 3 2 
student 507: 10 19 15 9 2 1 17 18 13 16 20 8 4 6 3 14 12 11 7 5 
student 508: 15 19 14 18 3 1 20 10 17 11 16 12 5 2 13 9 7 8 4 6 
student 509: 14 15 11 9 5 2 18 13 20 16 12 1 19 4 17 8 7 10 3 6 
student 510: 14 12 10 13 3 5 15 19 20 17 11 9 7 4 2 16 6 18 1 8 
student 511: 10 19 11 8 3 5 17 14 20 16 18 2 9 1 13 4 12 15 6 7 
student 512: 14 18 4 11 1 2 17 12 19 20 6 16 7 9 13 3 5 15 8 10 
student 513: 15 7 14 9 1 6 19 12 20 18 11 5 3 2 13 17 4 16 8 10 
student 514: 11 14 6 9 4 3 16 15 19 20 13 2 7 1 18 8 5 17 10 12 
student 515: 10 12 6 15 3 5 20 4 14 19 13 11 17 2 16 8 7 18 1 9 
student 516: 7 16 5 11 4 2 18 17 20 14 10 12 19 9 13 3 1 8 15 6 
student 517: 12 14 6 8 4 5 19 17 16 20 15 10 11 9 2 18 7 13 1 3 
student 518: 11 12 9 10 6 4 14 17 20 18 16 7 5 1 13 8 15 19 2 3 
student 519: 20 18 5 12 2 8 16 11 13 17 6 4 1 10 14 9 15 19 7 3 
student 520: 14 6 10 9 2 11 20 13 17 19 18 4 15 8 7 12 3 16 1 5 
student 521: 12 14 19 11 2 13 15 17 16 18 10 5 4 1 9 6 8 20 3 7 
student 522: 16 5 10 12 1 7 18 15 20 19 14 9 8 4 2 13 11 17 6 3 
student 523: 18 19 15 7 2 4 20 13 17 16 12 5 6 10 14 9 11 8 1 3 
student 524: 20 15 5 7 4 3 18 10 19 17 13 2 8 12 11 14 9 16 6 1 
student 525: 7 17 6 11 4 3 19 12 20 10 16 8 5 9 13 15 14 18 2 1 
student 526: 12 15 13 14 2 5 17 10 16 20 19 4 1 3 11 8 7 18 9 6 
student 527: 12 16 8 13 3 1 14 20 19 17 15 4 11 5 9 7 10 18 6 2 
student 528: 12 14 1 16 2 5 18 15 17 13 20 8 3 6 10 11 9 19 7 4 
student 529: 9 7 10 13 1 8 5 16 20 14 15 17 3 4 12 2 18 19 6 11 
student 530: 12 16 1 3 2 4 20 19 17 18 13 7 8 6 9 11 14 10 15 5 
student 531: 19 4 2 14 1 11 15 17 20 18 16 6 3 10 7 8 9 12 5 13 
student 532: 11 7 8 9 2 1 19 14 20 18 17 5 15 6 10 12 13 16 4 3 
student 533: 7 17 2 11 3 9 16 12 19 20 13 8 4 14 5 18 6 15 1 10 
student 534: 15 20 5 17 4 1 13 16 18 14 11 7 10 6 9 2 8 19 3 12 
student 535: 10 15 16 3 19 9 20 14 13 18 11 7 5 8 4 6 2 17 1 12 
student 536: 12 4 8 14 3 2 11 6 19 20 15 9 7 1 13 16 10 17 18 5 
student 537: 13 18 7 4 5 2 20 17 19 15 12 6 8 1 9 11 10 16 3 14 
student 538: 11 17 13 9 7 3 19 18 10 20 14 1 5 15 8 16 4 12 2 6 
student 539: 4 7 11 1 6 2 16 19 18 17 13 14 9 3 20 12 10 15 8 5 
student 540: 12 15 4 9 3 11 13 16 19 20 14 5 6 2 10 17 8 18 1 7 
student 541: 12 14 9 11 5 15 17 10 20 16 19 1 2 8 6 7 13 18 3 4 
student 542: 13 9 10 3 4 6 20 8 19 16 17 1 2 5 7 14 15 18 11 12 
student 543: 14 15 12 19 5 3 18 16 10 13 20 9 4 8 7 11 6 17 1 2 
student 544: 13 8 2 10 1 18 17 16 19 14 15 5 11 9 7 20 12 6 3 4 
student 545: 18 20 4 12 2 13 15 9 7 19 11 14 8 3 10 17 6 16 1 5 
student 546: 6 13 8 2 5 4 16 11 18 14 12 19 1 3 9 15 10 20 7 17 
student 547: 14 12 7 9 5 16 18 20 19 6 15 17 4 2 3 10 1 13 8 11 
student 548: 14 15 13 1 3 7 20 17 6 16 11 4 10 5 18 8 9 19 2 12 
student 549: 6 17 9 10 8 1 20 13 12 18 16 7 4 3 11 15 14 19 2 5 
student 550: 7 20 13 9 4 5 19 14 18 16 11 6 10 2 12 15 8 17 3 1 
student 551: 7 14 11 12 2 5 18 8 20 19 17 6 4 9 13 16 10 15 3 1 
student 552: 14 20 7 10 6 1 2 13 19 18 15 5 4 8 17 16 12 9 3 11 
student 553: 13 17 6 12 4 1 19 16 20 14 18 9 5 3 11 8 10 15 2 7 
student 554: 10 17 3 16 2 9 19 12 13 14 15 4 5 6 8 20 11 18 1 7 
student 555: 7 12 5 19 16 4 18 13 14 10 17 3 2 6 11 20 15 9 1 8 
student 556: 9 15 3 5 1 6 12 11 20 19 14 4 16 7 17 13 10 18 2 8 
student 557: 7 17 1 11 4 10 18 9 14 19 12 8 6 3 2 20 13 16 5 15 
student 558: 4 3 12 15 2 9 8 13 17 19 16 7 11 5 10 18 14 20 1 6 
student 559: 9 17 6 7 4 8 13 3 18 20 16 5 10 2 14 15 11 19 1 12 
student 560: 12 16 3 8 13 1 18 19 20 14 7 5 2 4 11 17 9 15 6 10 
student 561: 10 13 6 9 1 7 14 12 19 16 18 5 2 17 15 3 20 8 4 11 
student 562: 12 11 16 5 1 9 18 17 20 15 14 8 2 4 10 7 13 19 3 6 
student 563: 7 8 4 15 2 6 16 17 18 20 13 10 1 3 12 19 9 14 5 11 
student 564: 17 14 5 7 12 1 18 15 10 19 16 3 4 8 20 6 11 13 2 9 
student 565: 7 20 5 13 6 2 18 17 14 19 11 15 9 3 16 12 8 10 1 4 
student 566: 11 13 9 10 4 2 20 5 17 15 12 6 8 1 14 19 16 18 3 7 
student 567: 7 13 14 3 8 2 19 15 20 17 12 11 9 4 5 10 18 16 1 6 
student 568: 20 7 3 12 10 2 18 17 15 16 19 9 8 13 6 11 5 14 1 4 
student 569: 18 20 2 7 6 4 17 1 19 14 5 10 11 8 9 16 13 15 3 12 
student 570: 13 16 15 5 2 4 14 18 12 20 9 10 3 7 8 11 19 17 1 6 
student 571: 9 12 20 7 6 10 17 15 14 18 13 4 3 1 8 16 5 19 2 11 
student 572: 11 15 4 9 8 10 16 17 20 19 7 6 1 2 13 14 12 18 5 3 
student 573: 14 17 8 5 9 1 18 19 20 15 6 7 4 2 13 10 12 16 11 3 
student 574: 12 19 3 11 5 1 18 17 20 15 7 10 2 8 14 16 9 13 4 6 
student 575: 14 7 12 6 9 5 15 8 18 19 17 1 4 11 13 16 3 20 2 10 
student 576: 14 17 5 12 13 8 16 10 15 20 18 6 4 3 9 11 7 19 1 2 
student 577: 20 11 1 12 7 3 18 14 15 16 5 10 6 2 9 19 8 17 4 13 
student 578: 7 15 6 8 2 5 18 13 20 16 12 4 14 3 10 19 11 17 1 9 
student 579: 20 17 9 11 1 3 7 13 19 16 14 8 4 2 12 15 10 18 6 5 
student 580: 12 14 4 9 5 6 20 18 19 16 15 10 7 1 8 13 11 17 3 2 
student 581: 6 18 8 15 4 3 20 13 19 11 17 5 12 2 14 10 9 16 1 7 
student 582: 19 4 8 20 6 2 10 11 16 14 17 12 5 3 18 13 9 15 1 7 
student 583: 10 14 11 12 1 3 4 16 17 19 15 8 13 6 20 18 5 7 2 9 
student 584: 14 19 2 11 3 8 7 17 20 18 13 12 10 6 9 5 15 16 1 4 
student 585: 10 19 8 7 2 5 18 14 16 20 12 17 3 6 11 13 4 15 1 9 
student 586: 16 18 11 7 4 3 17 9 20 14 15 5 8 1 12 13 6 19 2 10 
student 587: 13 19 8 12 3 11 18 16 17 20 14 6 4 2 15 7 10 9 5 1 
student 588: 14 19 7 12 3 6 10 18 20 8 17 1 9 5 15 4 11 16 2 13 
student 589: 11 15 9 8 3 1 20 12 18 19 10 7 6 4 13 16 14 17 2 5 
student 590: 11 14 5 7 4 6 18 20 19 16 15 2 10 8 9 17 12 13 1 3 
student 591: 14 6 13 12 11 7 19 16 20 9 3 1 4 5 10 18 8 17 2 15 
student 592: 12 16 9 15 1 4 17 10 20 18 19 6 3 5 8 13 11 14 2 7 
student 593: 15 14 5 13 6 7 18 16 19 11 20 4 8 1 3 17 9 10 2 12 
student 594: 14 18 2 17 7 1 20 11 16 15 8 9 12 5 13 10 6 19 3 4 
student 595: 7 19 6 10 4 1 20 13 18 15 12 9 2 5 8 17 14 16 3 11 
student 596: 9 7 18 3 5 13 15 10 19 17 14 11 4 2 8 12 16 20 6 1 
student 597: 12 7 11 15 4 3 19 2 20 14 18 9 8 10 17 16 5 13 1 6 
student 598: 13 15 11 4 6 2 19 14 18 17 12 10 9 8 7 16 5 20 1 3 
student 599: 17 14 4 13 2 3 18 12 20 7 15 5 6 9 10 19 8 16 1 11 
student 600: 13 3 1 20 2 5 18 6 19 17 15 11 14 7 4 12 10 16 9 8 
student 601: 3 17 14 1 6 2 18 12 20 10 19 4 8 5 13 15 11 16 7 9 
student 602: 13 14 2 7 1 6 15 17 9 16 10 19 11 4 8 18 12 20 3 5 
student 603: 11 18 13 9 2 3 20 17 19 12 14 7 5 6 10 15 8 16 1 4 
student 604: 19 14 2 11 4 5 16 13 20 18 3 9 7 10 17 12 8 15 1 6 
student 605: 9 19 12 17 8 1 15 11 18 20 6 4 3 5 13 14 10 16 2 7 
student 606: 10 13 3 15 4 2 14 17 20 18 9 5 1 6 16 11 7 19 8 12 
student 607: 12 17 9 8 5 3 14 20 16 18 15 6 2 4 10 13 7 19 1 11 
student 608: 15 17 11 12 1 4 19 18 20 10 14 8 9 3 13 16 7 6 2 5 
student 609: 15 12 6 10 9 7 20 16 18 14 17 1 11 5 8 13 3 19 2 4 
student 610: 1 18 6 15 7 3 16 14 19 17 10 9 13 11 8 12 2 20 4 5 
student 611: 8 15 1 13 4 7 18 12 17 14 11 6 10 2 16 19 9 20 5 3 
student 612: 6 19 7 10 1 4 20 15 17 18 16 2 12 3 8 14 11 13 5 9 
student 613: 9 19 3 11 1 2 15 20 16 14 13 5 4 10 12 7 17 18 8 6 
student 614: 15 18 7 2 1 8 16 13 20 19 17 10 12 3 11 14 9 4 5 6 
student 615: 9 12 7 8 2 1 18 20 14 19 13 10 5 3 16 15 6 17 11 4 
student 616: 12 7 9 13 3 2 17 18 19 20 16 10 8 5 1 14 15 11 4 6 
student 617: 12 17 5 11 2 7 18 6 19 20 9 10 3 1 14 8 16 15 13 4 
student 618: 12 17 14 9 19 7 8 4 20 18 15 1 2 5 6 13 11 16 3 10 
student 619: 19 20 7 3 11 6 18 14 17 16 15 2 4 13 9 10 8 1 5 12 
student 620: 18 12 10 8 4 2 16 13 17 20 9 14 11 6 3 19 5 15 1 7 
student 621: 12 16 15 11 9 8 18 13 17 20 7 14 3 2 5 6 1 19 4 10 
student 622: 16 13 8 10 1 6 20 3 15 18 12 19 4 2 11 14 9 17 5 7 
student 623: 1 9 12 7 15 6 20 11 18 17 16 8 5 4 19 14 10 13 2 3 
student 624: 10 18 8 5 13 2 15 20 19 17 9 4 3 14 7 11 12 16 1 6 
student 625: 5 18 10 9 1 2 20 15 16 19 11 7 8 4 14 12 6 17 3 13 
student 626: 8 15 4 12 2 1 20 17 18 19 14 5 13 10 6 11 3 16 9 7 
student 627: 17 19 3 18 1 5 14 6 16 13 8 4 12 9 15 7 11 20 2 10 
student 628: 5 20 1 9 13 4 18 19 16 17 14 8 3 7 11 10 12 15 2 6 
student 629: 10 13 12 7 1 2 17 20 14 19 15 8 9 4 11 16 6 18 3 5 
student 630: 9 19 5 11 4 2 15 17 20 18 16 13 12 1 6 10 14 7 8 3 
student 631: 12 18 4 3 1 5 19 10 20 17 14 8 15 7 11 13 9 16 2 6 
student 632: 14 17 6 5 1 7 19 2 20 18 13 12 4 9 8 11 15 16 3 10 
student 633: 6 11 7 19 3 2 18 9 20 15 17 12 8 4 10 13 14 16 1 5 
student 634: 13 18 8 15 6 1 19 9 14 16 20 2 7 5 10 12 4 17 11 3 
student 635: 12 7 16 10 8 4 19 15 18 14 13 6 2 3 11 17 5 20 1 9 
student 636: 12 17 8 7 4 1 18 14 15 13 19 6 2 11 10 16 3 20 5 9 
student 637: 8 17 3 10 1 11 18 13 20 16 15 2 7 9 19 14 4 12 5 6 
student 638: 13 15 9 8 11 5 19 12 20 17 16 6 2 3 10 7 14 18 1 4 
student 639: 16 19 13 10 9 4 5 14 20 18 12 7 3 1 17 11 8 15 2 6 
student 640: 13 18 2 12 1 8 20 17 15 19 14 10 4 7 11 16 9 5 3 6 
student 641: 7 18 6 12 3 4 16 15 19 20 9 1 2 10 11 14 13 17 5 8 
student 642: 4 17 6 7 2 10 19 20 18 15 12 1 16 5 9 13 8 11 14 3 
student 643: 14 20 6 11 9 7 16 10 19 8 18 5 1 2 13 17 4 15 12 3 
student 644: 11 19 8 13 2 3 15 18 20 16 12 5 7 1 9 17 14 10 6 4 
student 645: 15 18 10 12 6 7 17 9 16 19 8 2 1 11 14 13 5 20 3 4 
student 646: 12 19 11 13 2 5 15 10 16 8 7 17 6 3 9 20 18 14 1 4 
student 647: 13 17 9 10 3 12 16 14 20 19 8 1 4 2 15 11 6 18 7 5 
student 648: 8 20 9 2 5 6 19 18 14 16 10 12 7 3 15 13 17 11 1 4 
student 649: 14 11 8 15 1 9 20 17 18 19 16 5 3 2 4 13 7 10 6 12 
student 650: 14 18 8 11 2 6 17 9 19 16 15 3 7 12 20 1 10 13 5 4 
student 651: 18 19 7 8 2 6 20 16 15 17 11 5 9 3 10 14 13 12 1 4 
student 652: 13 18 1 14 8 4 19 9 20 6 15 7 12 11 17 16 5 10 2 3 
student 653: 14 3 8 19 2 6 10 17 18 16 12 4 11 7 20 9 13 15 5 1 
student 654: 12 17 9 13 6 11 16 4 20 18 10 7 3 2 14 15 5 19 1 8 
student 655: 12 18 11 15 7 9 16 13 14 19 20 3 6 2 4 10 8 17 5 1 
student 656: 11 16 7 19 3 8 12 15 20 18 17 6 4 5 14 10 9 13 2 1 
student 657: 7 13 2 1 4 3 16 19 20 18 12 8 6 17 10 14 9 11 5 15 
student 658: 12 16 8 7 4 5 18 13 20 6 19 1 2 11 9 15 14 17 10 3 
student 659: 19 4 7 8 2 5 16 12 14 18 20 10 6 9 3 13 17 15 1 11 
student 660: 11 5 7 10 6 14 15 19 20 16 13 9 1 4 18 12 8 17 2 3 
student 661: 11 12 10 5 1 7 17 18 19 20 16 8 3 6 15 13 4 14 2 9 
student 662: 13 14 19 5 2 4 20 8 11 18 7 9 16 3 10 12 6 17 15 1 
student 663: 6 13 3 2 14 12 18 4 16 11 17 8 1 5 10 19 15 20 9 7 
student 664: 12 15 2 1 5 7 14 11 19 17 20 8 9 4 13 10 6 16 3 18 
student 665: 20 8 11 10 7 4 19 12 17 13 14 3 2 6 18 15 5 16 1 9 
student 666: 12 14 9 10 4 1 19 13 18 17 15 5 2 8 11 16 3 20 7 6 
student 667: 19 12 5 15 3 11 16 17 18 9 14 7 2 1 20 6 13 10 4 8 
student 668: 12 19 9 11 2 8 18 20 16 15 6 14 10 5 7 17 3 13 4 1 
student 669: 20 14 17 3 2 7 18 19 15 13 5 11 9 4 12 1 8 10 6 16 
student 670: 17 13 8 7 2 6 19 20 18 16 11 12 3 5 9 15 14 10 1 4 
student 671: 17 19 6 11 1 5 12 16 20 15 8 9 10 3 7 14 13 18 2 4 
student 672: 13 19 4 16 1 8 17 18 14 20 9 7 3 6 10 15 11 12 2 5 
student 673: 18 14 6 1 3 5 17 20 15 19 9 13 4 8 7 11 16 10 2 12 
student 674: 9 13 2 7 14 6 19 12 20 15 17 4 5 16 8 10 11 18 1 3 
student 675: 11 16 12 7 2 6 18 19 14 20 15 5 4 8 13 10 9 17 1 3 
student 676: 14 15 8 12 4 5 6 16 20 19 9 7 18 1 11 17 2 13 3 10 
student 677: 13 14 20 8 2 12 5 11 18 16 17 4 10 3 9 15 7 19 1 6 
student 678: 14 11 2 8 4 3 18 10 16 20 6 9 7 5 19 15 13 17 1 12 
student 679: 13 6 3 11 1 8 16 17 12 18 14 7 5 9 15 19 10 20 4 2 
student 680: 4 14 8 20 2 7 11 5 19 15 6 10 9 3 13 16 12 17 1 18 
student 681: 15 19 6 1 2 3 18 13 20 17 9 7 5 11 10 16 12 14 8 4 
student 682: 14 15 2 5 6 4 20 17 19 18 11 12 7 10 8 13 9 16 3 1 
student 683: 8 15 1 9 3 11 17 14 19 13 16 20 6 5 10 7 4 18 2 12 
student 684: 6 18 13 9 10 1 14 16 11 19 17 8 3 4 15 12 2 20 5 7 
student 685: 12 6 4 17 11 5 19 1 15 8 18 13 9 3 10 14 16 20 2 7 
student 686: 18 17 3 6 1 2 19 10 20 15 7 5 4 8 12 11 14 13 16 9 
student 687: 12 16 17 9 7 3 14 13 15 5 11 10 8 4 6 19 20 18 1 2 
student 688: 4 15 9 12 8 2 20 14 16 19 11 6 7 5 17 13 3 18 1 10 
student 689: 11 5 7 12 4 9 15 3 20 17 14 18 10 6 13 19 8 16 1 2 
student 690: 19 5 14 18 2 3 15 16 20 13 12 8 6 9 7 11 17 10 1 4 
student 691: 9 11 7 12 3 6 17 15 19 20 5 1 16 4 13 18 10 14 2 8 
student 692: 13 14 11 10 3 1 17 19 20 18 8 7 2 5 9 15 12 16 4 6 
student 693: 12 6 4 1 3 18 20 7 8 16 17 13 5 11 15 10 14 19 2 9 
student 694: 17 18 6 11 8 4 9 16 20 14 5 7 12 19 1 13 10 15 2 3 
student 695: 12 19 13 2 9 4 20 14 18 11 17 7 5 3 10 6 8 16 1 15 
student 696: 12 19 11 18 2 7 20 16 15 14 13 3 8 5 9 6 17 10 1 4 
student 697: 5 16 11 18 1 3 15 17 19 12 20 4 9 6 14 7 13 10 2 8 
student 698: 11 19 5 14 9 1 15 12 18 16 20 3 2 4 10 13 6 17 7 8 
student 699: 17 15 5 10 2 3 20 18 19 16 13 4 12 6 8 9 14 11 1 7 
student 700: 1 14 5 11 8 9 15 16 17 19 7 18 3 4 13 12 10 20 2 6 
student 701: 12 13 10 11 1 7 18 3 19 20 5 8 9 2 15 16 14 17 6 4 
student 702: 9 16 8 17 6 3 19 14 20 15 12 7 1 5 10 13 11 18 4 2 
student 703: 10 19 3 9 8 11 18 14 17 20 13 7 4 1 15 12 5 16 6 2 
student 704: 7 8 6 9 14 5 17 16 18 19 15 3 2 4 12 13 10 20 1 11 
student 705: 12 11 16 17 2 5 13 9 20 18 15 8 7 1 10 19 4 14 3 6 
student 706: 12 14 17 4 3 6 19 16 18 20 9 10 1 2 8 13 15 11 7 5 
student 707: 9 19 13 8 2 11 6 18 16 17 10 5 4 7 12 15 14 20 1 3 
student 708: 11 15 13 12 2 6 19 10 20 14 18 1 8 3 5 16 4 17 9 7 
student 709: 12 13 14 5 2 3 17 15 18 20 19 8 10 1 11 9 7 16 6 4 
student 710: 11 19 14 12 3 10 16 8 18 5 2 6 9 4 17 15 13 20 1 7 
student 711: 15 10 17 9 2 7 14 18 20 19 16 11 3 4 5 6 12 13 1 8 
student 712: 16 20 2 12 3 5 18 6 19 17 13 10 4 11 14 15 8 7 1 9 
student 713: 8 18 7 6 5 4 20 11 16 19 15 2 3 1 14 10 13 17 9 12 
student 714: 20 5 8 19 9 7 18 15 11 17 10 12 6 2 16 14 4 13 3 1 
student 715: 4 19 9 13 5 3 6 17 18 15 11 12 10 2 8 14 16 20 7 1 
student 716: 19 15 8 11 3 2 20 14 17 9 16 7 1 6 13 12 10 18 4 5 
student 717: 16 19 15 8 6 14 12 18 13 20 17 1 2 3 9 11 7 10 4 5 
student 718: 6 10 12 11 13 1 19 8 16 18 20 4 3 14 2 17 9 15 7 5 
student 719: 10 18 7 9 1 8 12 15 19 20 17 13 2 6 14 11 4 16 3 5 
student 720: 15 18 6 10 3 5 19 13 20 14 16 8 7 1 4 12 9 17 2 11 
student 721: 10 19 17 5 11 2 20 14 15 18 9 12 7 1 8 16 6 13 4 3 
student 722: 8 19 3 6 5 12 20 18 15 9 14 10 4 1 11 17 13 16 2 7 
student 723: 17 14 4 8 3 9 16 12 20 13 19 7 5 2 11 10 15 18 1 6 
student 724: 4 18 1 5 6 20 17 13 19 16 12 9 7 3 14 2 8 15 11 10 
student 725: 12 16 6 14 1 20 15 7 18 19 13 11 5 9 8 4 10 17 2 3 
student 726: 9 20 14 6 12 8 19 15 18 3 16 5 11 4 7 17 2 10 1 13 
student 727: 13 14 9 17 5 1 20 11 19 15 12 10 3 7 16 2 18 4 6 8 
student 728: 7 13 5 11 1 3 15 18 16 17 19 9 10 8 14 12 4 20 2 6 
student 729: 18 11 9 8 14 3 17 13 12 20 6 16 5 2 15 10 7 19 1 4 
student 730: 10 18 9 8 3 2 20 11 13 14 16 19 4 6 5 15 1 17 12 7 
student 731: 7 11 14 8 9 2 19 17 20 18 16 6 10 13 15 1 5 12 4 3 
student 732: 9 6 3 16 11 7 19 10 20 17 13 4 8 12 18 14 5 15 1 2 
student 733: 18 4 12 11 2 14 19 15 20 16 7 3 8 1 10 13 9 17 6 5 
student 734: 14 17 16 9 4 1 20 13 19 3 11 2 7 18 10 12 8 15 5 6 
student 735: 10 20 2 13 1 7 18 4 19 16 15 9 5 3 17 12 6 14 8 11 
student 736: 17 12 16 10 5 19 15 11 18 20 9 7 8 3 4 14 6 13 1 2 
student 737: 14 19 11 8 4 5 9 15 18 20 16 6 3 2 10 13 12 17 1 7 
student 738: 16 18 9 6 4 3 17 15 19 14 12 10 2 1 13 11 7 20 5 8 
student 739: 11 19 10 9 1 7 20 18 16 17 8 4 3 2 14 13 6 15 5 12 
student 740: 10 16 5 8 1 3 13 19 15 17 20 7 4 11 12 18 9 14 2 6 
student 741: 9 11 15 4 2 5 17 12 20 18 7 13 10 1 14 6 19 16 3 8 
student 742: 17 18 1 16 10 3 20 13 15 12 14 6 11 8 7 9 4 19 2 5 
student 743: 17 13 9 14 1 10 15 11 18 19 12 6 7 2 3 8 16 20 5 4 
student 744: 19 17 10 2 6 4 16 15 12 9 18 13 3 1 11 14 8 20 7 5 
student 745: 8 15 20 9 5 2 19 14 18 17 12 10 4 3 11 13 7 16 1 6 
student 746: 13 14 10 12 5 7 18 17 8 20 16 11 4 2 19 15 3 9 1 6 
student 747: 4 17 7 15 3 8 20 14 18 11 16 2 6 5 10 13 12 19 1 9 
student 748: 10 13 6 14 5 1 16 11 19 17 18 8 9 4 15 12 7 20 2 3 
student 749: 8 20 10 11 2 1 19 13 14 12 15 5 4 6 17 9 16 18 3 7 
student 750: 14 12 9 10 8 5 19 15 7 18 13 6 1 3 16 20 11 17 2 4 
student 751: 11 16 2 9 15 3 20 17 19 14 12 6 8 5 18 10 4 13 1 7 
student 752: 11 15 4 7 3 2 17 13 18 20 19 8 9 6 10 14 5 16 1 12 
student 753: 10 12 7 6 8 11 19 15 16 18 14 2 3 5 17 13 1 20 9 4 
student 754: 16 15 10 12 1 6 19 17 20 9 13 8 4 5 14 2 3 18 11 7 
student 755: 6 7 3 9 2 11 20 19 14 17 12 15 4 8 13 16 5 18 1 10 
student 756: 10 18 12 4 3 11 20 1 16 19 14 5 9 6 17 15 8 13 2 7 
student 757: 12 13 9 8 4 5 14 11 19 20 10 6 7 2 16 17 15 18 1 3 
student 758: 5 13 4 7 1 8 19 18 20 17 10 9 3 2 6 14 16 15 12 11 
student 759: 3 14 5 8 13 2 19 10 20 18 11 4 15 6 12 17 9 16 1 7 
student 760: 10 17 7 14 3 15 18 12 20 19 16 8 5 4 6 13 1 9 11 2 
student 761: 12 15 6 9 2 14 18 16 19 17 10 13 8 1 7 11 5 20 3 4 
student 762: 9 18 7 12 4 8 15 17 14 19 1 3 10 5 11 13 6 20 2 16 
student 763: 10 11 8 14 2 1 15 18 19 20 16 9 3 7 5 17 13 12 4 6 
student 764: 7 17 8 9 5 11 20 19 3 18 16 6 12 2 14 10 13 15 1 4 
student 765: 7 12 10 19 13 6 18 16 20 17 15 4 5 3 11 9 2 14 1 8 
student 766: 13 17 10 8 4 6 15 16 14 19 20 1 9 3 7 11 5 18 2 12 
student 767: 14 13 7 16 12 10 11 17 20 18 19 3 5 2 9 6 15 8 1 4 
student 768: 2 16 14 15 7 4 13 10 20 17 8 12 6 3 5 19 11 18 1 9 
student 769: 13 12 7 8 2 4 18 16 17 15 19 20 11 3 9 1 10 14 6 5 
student 770: 10 18 3 13 7 8 19 14 17 20 5 2 4 6 15 12 11 16 1 9 
student 771: 11 20 9 6 2 3 16 19 18 15 14 4 8 5 12 7 17 13 10 1 
student 772: 13 20 10 9 8 2 11 15 16 18 17 7 12 1 5 14 3 19 4 6 
student 773: 16 11 9 15 3 2 17 14 20 19 10 5 6 7 18 4 12 13 1 8 
student 774: 1 16 7 4 3 5 19 14 18 20 15 11 17 6 10 8 9 13 2 12 
student 775: 14 18 3 12 1 2 16 11 19 15 10 13 5 9 7 20 6 17 8 4 
student 776: 18 12 14 7 1 17 19 6 20 13 16 9 3 4 15 10 5 8 2 11 
student 777: 12 9 10 6 4 5 18 20 16 17 11 1 3 8 13 14 15 19 2 7 
student 778: 12 11 4 17 1 6 18 14 20 9 10 15 13 2 5 16 7 19 3 8 
student 779: 13 18 6 10 1 9 17 16 19 20 14 8 2 5 11 12 7 15 4 3 
student 780: 13 16 8 15 2 4 20 12 19 17 6 14 10 1 11 18 9 5 3 7 
student 781: 10 20 5 6 1 13 14 17 19 16 11 15 2 4 9 7 12 18 8 3 
student 782: 9 13 4 5 3 6 19 12 20 16 18 10 2 8 15 11 14 17 1 7 
student 783: 16 13 8 10 2 1 17 9 19 18 14 11 4 6 7 15 12 20 3 5 
student 784: 18 13 11 7 2 6 20 12 17 15 10 5 4 3 19 16 9 14 1 8 
student 785: 5 12 3 15 4 7 10 19 20 18 17 14 13 6 2 16 9 11 8 1 
student 786: 4 17 9 11 6 3 13 18 16 14 15 7 10 2 12 19 8 20 1 5 
student 787: 7 16 5 6 3 1 19 10 20 17 15 4 8 13 9 18 11 14 2 12 
student 788: 16 14 6 12 4 2 20 18 13 17 19 7 10 3 11 9 8 15 1 5 
student 789: 11 16 12 9 3 6 17 13 19 18 10 1 20 2 5 15 8 14 7 4 
student 790: 14 20 8 10 7 1 12 17 18 15 16 5 6 4 9 11 13 19 3 2 
student 791: 15 20 4 14 2 6 18 12 13 8 16 11 9 5 10 17 7 19 1 3 
student 792: 8 15 5 11 2 6 13 20 19 17 12 10 3 4 14 16 7 18 1 9 
student 793: 15 9 8 12 7 4 16 14 20 19 17 2 5 3 6 13 18 10 1 11 
student 794: 13 8 9 18 7 2 19 1 17 16 11 3 4 10 12 20 14 15 5 6 
student 795: 20 14 8 9 3 5 19 15 18 11 10 7 4 2 6 17 12 16 1 13 
student 796: 3 17 9 18 5 7 20 14 13 15 11 2 16 4 8 19 10 12 6 1 
student 797: 12 15 7 20 5 2 19 13 16 14 8 6 9 1 11 17 10 18 3 4 
student 798: 17 8 5 15 7 9 18 13 12 19 1 14 4 3 10 20 11 16 2 6 
student 799: 5 16 10 11 2 7 19 20 13 9 17 18 3 4 15 12 6 14 1 8 
