student 0: 10 8 9 14 7 4 20 1 16 6 19 17 12 5 15 3 13 2 11 18 
student 1: 10 9 15 8 4 3 19 7 16 2 17 14 11 6 12 1 18 5 20 13 
student 2: 15 9 11 10 7 4 18 3 19 6 16 20 1 8 13 2 14 12 17 5 
student 3: 1 8 9 17 19 4 18 5 16 15 11 10 3 20 13 2 14 6 12 7 
student 4: 12 13 6 9 11 3 20 1 19 5 8 16 10 7 17 2 15 4 18 14 
student 5: 1 6 11 13 15 2 19 7 20 12 17 18 4 5 14 9 10 8 16 3 
student 6: 6 20 15 11 4 7 10 8 18 3 17 13 12 1 14 2 19 9 16 5 
student 7: 14 7 5 16 3 2 17 6 20 8 12 15 13 11 10 4 19 1 18 9 
student 8: 19 9 13 11 12 1 18 6 16 8 15 17 3 4 10 5 20 2 14 7 
student 9: 1 5 6 13 12 2 17 7 18 10 15 11 16 4 8 9 20 3 19 14 
student 10: 12 4 19 8 9 2 17 3 18 5 14 20 11 1 13 10 15 6 16 7 
student 11: 10 11 9 19 8 7 12 6 13 3 18 20 14 5 16 4 17 2 15 1 
student 12: 6 9 11 16 10 3 13 5 15 4 18 14 17 8 12 2 20 1 19 7 
student 13: 12 14 18 19 1 2 15 11 16 6 9 20 7 4 17 10 8 5 13 3 
student 14: 8 11 10 16 9 5 20 3 6 17 15 13 14 2 19 4 12 7 18 1 
student 15: 15 11 12 17 5 3 20 1 13 9 18 19 10 14 7 2 8 4 16 6 
student 16: 4 7 16 8 18 15 13 2 19 10 11 20 12 3 9 1 17 6 14 5 
student 17: 7 9 12 14 18 4 19 2 6 11 13 20 16 10 8 1 15 5 17 3 
student 18: 14 9 8 12 1 7 19 4 18 6 13 17 15 2 16 3 11 5 20 10 
student 19: 11 5 6 9 4 3 15 1 12 13 19 20 7 14 17 2 16 8 18 10 
student 20: 18 6 12 7 2 9 11 1 19 5 15 13 14 8 17 10 16 4 20 3 
student 21: 7 15 4 12 13 1 10 3 20 2 18 16 17 9 11 5 14 6 19 8 
student 22: 12 11 10 8 3 1 15 19 16 9 14 20 17 6 2 5 13 4 18 7 
student 23: 12 1 6 10 11 3 16 13 17 5 14 20 15 2 9 7 19 8 18 4 
student 24: 10 16 4 18 8 3 13 1 20 5 14 19 9 2 12 11 15 7 17 6 
student 25: 6 15 7 16 9 10 14 4 20 8 17 18 13 5 11 1 12 2 19 3 
student 26: 14 9 10 13 8 6 16 2 15 7 12 20 11 3 18 4 17 1 19 5 
student 27: 12 9 5 8 20 1 19 6 16 11 13 15 3 10 17 2 14 4 18 7 
student 28: 4 9 5 7 10 3 12 11 16 19 14 17 18 6 13 2 20 8 15 1 
student 29: 13 6 10 11 9 7 16 12 18 3 14 19 15 2 20 1 5 4 17 8 
student 30: 11 8 10 16 5 1 19 4 17 3 13 20 12 9 14 2 15 6 18 7 
student 31: 12 5 11 13 3 8 9 4 18 15 16 20 14 1 17 2 19 10 6 7 
student 32: 9 18 11 6 3 2 17 1 20 5 19 14 10 4 15 7 12 16 13 8 
student 33: 3 10 20 12 9 1 18 6 19 8 15 17 14 5 13 4 16 7 11 2 
student 34: 7 10 6 5 12 3 17 9 18 4 14 20 15 2 11 8 19 1 16 13 
student 35: 8 12 14 13 7 3 15 2 20 6 16 17 10 9 11 1 19 4 18 5 
student 36: 11 13 1 16 8 10 2 3 17 5 18 20 14 7 12 6 15 4 19 9 
student 37: 13 12 15 7 16 2 20 1 19 11 17 18 14 10 4 5 6 9 8 3 
student 38: 2 12 13 15 8 4 10 3 18 7 16 14 17 9 11 5 20 6 19 1 
student 39: 11 10 12 13 7 6 9 4 19 2 17 20 14 8 15 1 18 5 16 3 
student 40: 18 5 16 10 4 12 13 1 17 3 9 15 8 11 6 14 19 2 20 7 
student 41: 7 9 19 15 11 4 16 3 20 1 14 17 18 6 10 8 12 5 13 2 
student 42: 4 9 15 6 13 11 19 3 18 20 12 16 10 2 14 7 5 1 17 8 
student 43: 8 12 7 10 4 9 11 5 14 18 17 20 19 3 16 1 13 6 15 2 
student 44: 11 4 9 19 3 5 17 13 15 14 12 18 16 6 20 2 10 1 7 8 
student 45: 6 13 17 9 2 7 18 3 12 11 8 19 15 10 14 4 16 1 20 5 
student 46: 20 9 14 15 7 5 4 3 19 6 16 12 10 13 11 1 17 2 18 8 
student 47: 16 5 9 6 13 4 15 8 19 7 11 20 10 2 12 1 18 14 17 3 
student 48: 15 3 6 13 11 7 18 9 20 2 14 16 17 10 4 1 19 8 12 5 
student 49: 15 11 5 7 17 9 12 10 20 16 19 14 8 6 13 1 18 4 3 2 
student 50: 8 9 17 15 5 1 18 3 14 4 11 20 7 19 16 2 10 6 12 13 
student 51: 4 5 11 10 9 1 6 18 20 14 16 15 12 3 13 2 19 8 17 7 
student 52: 15 7 12 5 3 9 8 1 20 10 18 17 14 13 11 2 19 6 16 4 
student 53: 13 5 11 8 16 7 10 3 20 2 18 14 4 12 15 1 17 6 19 9 
student 54: 5 6 10 12 18 4 16 7 19 8 13 14 15 9 3 11 17 2 20 1 
student 55: 11 9 16 14 4 7 13 3 18 8 10 17 20 6 12 1 19 2 15 5 
student 56: 17 5 1 9 13 6 7 4 20 11 16 19 14 10 12 3 15 2 18 8 
student 57: 13 7 16 15 8 2 19 6 18 12 1 11 14 4 20 3 17 5 9 10 
student 58: 3 9 17 14 16 1 12 5 18 6 20 19 7 8 4 2 13 15 10 11 
student 59: 9 4 15 10 8 5 14 1 17 7 11 19 18 6 12 2 16 3 20 13 
student 60: 13 7 8 9 12 4 17 2 15 5 20 19 11 10 16 1 18 3 14 6 
student 61: 16 9 14 12 4 5 10 3 15 7 6 20 8 2 17 1 11 13 18 19 
student 62: 7 13 10 11 2 1 15 3 20 12 16 19 8 5 14 4 17 6 18 9 
student 63: 7 8 5 14 11 3 16 6 19 12 17 20 9 2 13 1 15 4 18 10 
student 64: 9 20 6 15 7 2 16 3 19 10 14 18 17 11 12 1 13 8 5 4 
student 65: 17 8 4 12 7 11 15 6 19 5 14 20 13 9 16 2 10 1 18 3 
student 66: 11 7 10 8 9 5 16 1 19 3 14 20 15 13 12 2 17 4 18 6 
student 67: 6 12 14 9 7 11 15 8 18 5 10 19 20 2 13 1 17 4 16 3 
student 68: 11 1 5 13 7 16 19 8 15 14 18 20 12 10 17 9 4 2 6 3 
student 69: 8 11 10 15 20 6 14 3 19 7 9 16 12 1 13 2 17 4 18 5 
student 70: 13 7 14 9 10 1 15 2 12 6 11 18 16 4 20 3 17 5 19 8 
student 71: 8 6 12 10 15 4 13 14 18 5 11 20 19 2 7 9 16 1 17 3 
student 72: 10 7 12 8 19 3 16 2 18 4 13 20 11 9 14 6 17 5 15 1 
student 73: 10 9 11 16 14 15 6 5 19 7 17 4 13 8 18 3 12 2 20 1 
student 74: 12 5 11 15 14 3 13 10 18 6 17 20 9 7 8 2 19 1 16 4 
student 75: 15 11 10 3 8 4 16 1 18 7 14 20 12 13 17 5 9 2 19 6 
student 76: 16 9 12 14 4 5 20 8 7 6 11 19 15 2 10 3 18 1 17 13 
student 77: 8 3 13 11 6 2 7 5 18 14 19 15 17 4 9 16 12 10 20 1 
student 78: 4 12 16 15 5 9 6 2 19 7 20 18 14 10 17 3 13 1 11 8 
student 79: 10 2 6 17 4 3 12 8 20 5 15 19 11 13 14 1 16 7 18 9 
student 80: 11 8 5 12 10 7 14 1 16 13 9 19 15 6 17 3 20 2 18 4 
student 81: 16 7 15 18 17 10 11 4 19 8 12 14 2 6 9 1 13 5 20 3 
student 82: 19 11 9 12 8 7 14 4 2 15 16 17 5 13 20 1 18 3 10 6 
student 83: 12 5 14 17 8 4 20 3 19 13 9 18 16 6 7 2 11 10 15 1 
student 84: 14 2 11 16 6 8 10 5 18 3 17 20 12 9 15 1 19 7 13 4 
student 85: 5 2 10 16 17 3 8 9 18 14 12 19 7 1 6 15 11 13 20 4 
student 86: 11 6 9 12 5 4 16 3 19 10 18 20 14 8 15 2 13 1 17 7 
student 87: 11 5 8 14 18 12 16 2 19 1 17 10 13 3 7 9 20 4 15 6 
student 88: 3 12 8 13 9 6 15 5 19 1 20 18 10 11 16 2 14 4 17 7 
student 89: 9 10 12 14 11 1 19 7 15 2 16 18 13 8 5 4 20 3 17 6 
student 90: 16 14 9 18 8 3 12 5 19 11 15 20 10 4 6 1 17 7 13 2 
student 91: 5 3 11 13 10 9 16 1 20 7 12 14 18 2 17 6 15 4 19 8 
student 92: 9 5 6 12 13 11 17 4 15 7 14 20 19 3 16 8 10 1 18 2 
student 93: 18 6 17 9 11 3 16 4 19 8 15 13 14 5 12 2 10 1 20 7 
student 94: 5 11 16 14 1 9 19 2 18 15 7 13 17 4 12 3 8 6 20 10 
student 95: 14 7 15 16 12 2 6 5 18 3 19 20 4 11 8 1 17 13 9 10 
student 96: 11 8 15 10 9 2 18 3 7 14 16 19 12 6 13 1 17 4 20 5 
student 97: 12 8 1 15 14 6 13 3 18 9 19 20 11 5 17 2 10 4 16 7 
student 98: 6 15 7 16 4 10 19 5 14 8 12 18 11 3 13 9 20 2 17 1 
student 99: 13 16 9 8 6 2 10 5 11 7 15 14 19 3 20 1 17 4 12 18 
student 100: 10 12 14 8 5 4 16 1 18 11 20 13 9 7 19 2 15 6 17 3 
student 101: 17 11 2 8 9 5 15 1 18 14 20 19 12 7 10 6 13 4 16 3 
student 102: 10 13 15 16 17 1 19 2 20 5 12 9 18 7 8 6 11 4 14 3 
student 103: 15 4 17 12 3 13 16 7 19 8 9 20 1 2 14 5 11 10 18 6 
student 104: 5 14 10 15 2 6 11 3 19 7 12 13 16 4 18 9 17 1 20 8 
student 105: 1 10 6 8 19 11 15 3 18 14 9 16 17 7 13 2 12 4 20 5 
student 106: 8 7 11 15 5 2 14 3 20 9 10 18 16 13 19 6 12 1 17 4 
student 107: 8 7 15 11 6 10 14 1 20 5 17 12 13 4 18 2 16 3 19 9 
student 108: 13 1 16 9 10 5 15 2 18 11 20 17 14 4 12 3 6 8 19 7 
student 109: 14 6 13 12 11 2 16 3 20 5 7 19 8 1 18 9 17 4 15 10 
student 110: 13 5 19 10 9 8 11 2 17 12 15 7 14 4 18 3 20 1 16 6 
student 111: 6 15 11 20 16 14 19 1 9 3 10 17 5 7 12 2 18 4 13 8 
student 112: 17 7 19 9 13 10 8 1 18 6 11 14 15 2 16 4 12 3 20 5 
student 113: 12 8 10 15 11 5 18 3 14 6 19 16 17 4 9 2 13 1 20 7 
student 114: 12 2 13 15 9 3 17 4 19 6 11 20 14 8 10 1 16 7 18 5 
student 115: 10 11 4 18 5 8 12 6 15 14 20 17 16 9 7 3 13 1 19 2 
student 116: 3 6 7 18 2 8 20 9 17 4 16 13 14 11 15 5 10 12 19 1 
student 117: 11 10 14 5 12 7 13 4 19 8 20 17 9 6 16 3 15 2 18 1 
student 118: 14 1 20 11 7 8 5 3 13 6 12 18 16 9 17 2 15 10 19 4 
student 119: 10 13 16 7 15 2 9 4 18 6 12 14 20 3 11 1 17 5 19 8 
student 120: 3 4 9 12 6 1 13 7 20 2 18 19 17 8 11 5 14 16 15 10 
student 121: 11 10 8 15 7 12 9 1 17 3 13 14 19 6 16 4 18 2 20 5 
student 122: 16 13 12 10 9 4 18 1 17 5 15 14 20 7 11 2 6 8 19 3 
student 123: 13 10 15 14 12 7 11 8 20 3 17 16 19 1 5 2 4 6 18 9 
student 124: 14 7 12 6 13 4 15 8 9 10 18 20 16 3 5 1 17 2 19 11 
student 125: 15 4 11 9 6 2 18 3 16 13 7 19 14 1 17 10 12 8 20 5 
student 126: 10 9 11 14 3 4 8 1 16 19 15 17 12 6 18 2 20 5 13 7 
student 127: 16 1 11 10 7 3 14 2 8 4 18 20 13 12 19 9 15 5 17 6 
student 128: 2 9 10 20 11 3 13 1 19 15 12 18 16 5 17 4 6 7 14 8 
student 129: 8 6 15 14 3 2 10 9 19 1 16 18 7 17 12 4 11 13 20 5 
student 130: 12 18 6 7 11 2 16 1 15 9 3 19 17 8 20 4 13 5 14 10 
student 131: 9 12 11 5 4 8 14 3 17 2 18 19 15 1 13 7 16 6 20 10 
student 132: 12 2 13 7 3 15 14 8 9 10 16 18 5 11 19 4 20 1 17 6 
student 133: 11 6 8 20 18 9 7 3 14 2 15 16 4 10 12 5 13 17 19 1 
student 134: 19 16 8 14 18 1 7 6 11 9 15 17 20 2 13 4 5 10 12 3 
student 135: 18 11 20 13 1 12 15 2 19 9 17 16 7 10 14 6 8 3 4 5 
student 136: 9 3 12 18 7 6 19 8 20 4 13 17 10 11 15 5 14 1 16 2 
student 137: 8 4 15 10 1 3 16 5 12 6 17 11 9 14 13 2 18 19 20 7 
student 138: 8 9 12 15 6 4 19 5 14 2 16 20 17 11 13 1 10 3 18 7 
student 139: 9 10 4 7 12 1 19 2 17 5 20 13 15 11 18 3 8 6 16 14 
student 140: 16 5 15 7 8 4 12 11 20 3 9 19 17 10 18 2 14 13 6 1 
student 141: 15 3 8 19 14 5 13 2 16 7 20 18 11 4 1 12 9 10 17 6 
student 142: 2 13 9 8 12 10 14 1 20 5 19 16 11 4 18 6 15 7 17 3 
student 143: 11 14 7 2 9 6 20 3 8 5 16 19 12 15 17 4 13 1 18 10 
student 144: 14 6 12 17 5 8 7 1 15 13 2 19 9 16 10 3 20 4 18 11 
student 145: 10 5 13 15 4 6 20 2 17 11 14 18 9 7 19 1 12 3 16 8 
student 146: 13 3 7 8 2 10 16 1 19 9 18 20 4 11 17 6 15 12 14 5 
student 147: 12 11 10 9 15 6 14 13 18 3 8 17 16 7 19 1 20 2 5 4 
student 148: 8 12 9 11 14 4 5 1 20 7 10 16 13 2 18 3 17 15 19 6 
student 149: 2 11 5 12 20 8 7 3 17 10 19 18 14 6 15 1 16 13 9 4 
student 150: 7 14 3 17 9 5 16 10 4 8 12 19 18 2 13 6 20 11 15 1 
student 151: 15 10 5 17 7 3 14 4 19 8 13 18 11 6 12 2 20 1 16 9 
student 152: 5 9 19 14 7 1 17 2 18 6 11 20 13 3 15 8 10 12 16 4 
student 153: 14 5 12 16 10 3 20 4 18 6 15 19 13 8 9 2 11 7 17 1 
student 154: 8 11 12 19 4 6 10 1 20 7 13 16 14 5 9 3 18 2 15 17 
student 155: 9 11 14 10 8 12 18 1 20 5 16 7 13 6 15 2 19 3 17 4 
student 156: 13 2 14 12 10 3 17 4 18 9 6 20 19 5 16 1 15 7 11 8 
student 157: 11 13 7 9 3 15 12 10 19 6 16 18 17 1 5 4 20 8 14 2 
student 158: 3 9 17 10 4 2 18 1 19 14 12 15 13 7 16 5 11 8 20 6 
student 159: 9 15 13 8 2 4 17 10 18 5 16 20 11 3 14 6 12 1 19 7 
student 160: 18 12 4 19 9 5 14 3 20 6 17 7 11 8 13 2 16 1 15 10 
student 161: 7 10 1 6 17 5 20 3 16 11 13 18 15 4 19 2 12 9 14 8 
student 162: 8 16 12 13 11 2 18 6 19 7 14 17 1 4 10 3 15 9 20 5 
student 163: 10 18 7 9 11 1 17 13 20 6 14 19 15 4 16 5 12 2 8 3 
student 164: 16 10 12 11 7 3 14 4 8 6 19 13 20 9 15 1 17 5 18 2 
student 165: 17 6 11 16 9 8 13 7 15 4 20 19 12 5 10 3 18 1 14 2 
student 166: 16 14 13 7 9 5 17 12 10 8 6 19 15 4 11 3 18 2 20 1 
student 167: 11 7 14 13 9 10 17 1 19 3 15 18 6 5 12 2 20 4 16 8 
student 168: 10 6 5 16 14 1 19 4 20 12 17 18 15 9 11 2 13 8 7 3 
student 169: 12 5 15 13 10 3 8 1 18 17 19 14 6 11 7 9 16 2 20 4 
student 170: 10 7 9 13 6 4 18 2 19 1 14 8 15 5 17 12 20 3 16 11 
student 171: 11 12 14 4 10 5 9 2 20 8 13 19 15 6 16 7 17 3 18 1 
student 172: 12 18 17 11 8 6 13 3 16 9 15 20 2 4 5 7 19 10 14 1 
student 173: 9 8 16 15 11 6 17 7 18 4 5 20 12 1 13 2 14 3 19 10 
student 174: 13 4 7 14 12 2 17 8 16 6 15 20 10 9 11 1 18 3 19 5 
student 175: 13 9 14 10 8 4 16 3 15 12 11 17 19 7 18 5 20 1 2 6 
student 176: 14 12 15 11 4 13 8 3 19 10 5 20 17 6 18 2 16 1 9 7 
student 177: 8 6 19 12 10 2 9 16 15 4 13 18 14 7 17 1 20 3 11 5 
student 178: 3 4 10 13 11 5 16 8 17 7 12 20 14 2 6 15 18 1 19 9 
student 179: 4 11 6 14 10 8 16 2 9 17 18 20 13 5 12 1 19 3 15 7 
student 180: 9 13 10 12 5 11 18 2 17 7 15 19 14 4 8 3 20 6 16 1 
student 181: 6 4 7 14 3 8 9 1 20 16 15 19 13 12 10 2 18 5 17 11 
student 182: 6 9 14 8 12 4 15 5 18 7 19 20 3 10 13 2 16 1 17 11 
student 183: 16 8 10 4 6 5 7 2 19 20 9 14 13 11 18 1 12 3 17 15 
student 184: 12 11 6 3 13 7 15 5 14 4 9 17 19 10 1 2 18 16 20 8 
student 185: 1 5 7 9 18 11 12 8 19 10 13 16 17 3 15 2 14 4 20 6 
student 186: 16 5 10 19 6 1 7 3 18 13 17 11 20 9 15 2 12 8 14 4 
student 187: 18 9 8 4 10 5 13 7 17 6 12 19 11 3 20 1 15 14 16 2 
student 188: 4 8 14 13 9 3 15 6 12 10 19 16 17 7 18 2 11 5 20 1 
student 189: 13 5 17 11 18 1 20 4 16 6 7 19 14 8 12 3 9 2 15 10 
student 190: 13 7 16 9 8 2 15 4 17 6 18 19 12 10 14 1 11 5 20 3 
student 191: 15 8 12 13 6 4 20 9 16 5 18 10 7 3 14 1 11 2 19 17 
student 192: 4 8 5 17 11 9 19 1 10 3 20 16 18 13 12 7 15 2 6 14 
student 193: 13 10 6 16 9 5 20 4 18 14 2 15 17 8 11 3 19 1 12 7 
student 194: 6 1 7 11 13 2 18 4 10 8 20 17 12 16 15 3 14 5 19 9 
student 195: 8 3 12 20 9 1 19 7 18 4 14 13 10 6 11 2 15 16 17 5 
student 196: 19 13 20 12 3 7 14 6 17 4 16 8 10 9 5 1 18 2 15 11 
student 197: 17 10 6 19 12 1 14 3 18 2 11 20 9 8 13 5 15 4 16 7 
student 198: 8 3 7 20 1 10 15 2 17 13 14 9 16 11 12 4 18 5 19 6 
student 199: 12 4 16 13 1 5 19 6 20 8 14 18 10 3 11 2 17 7 15 9 
student 200: 8 5 15 7 11 1 18 2 14 10 12 17 13 3 19 6 16 9 20 4 
student 201: 18 5 10 9 11 1 17 6 13 2 16 20 15 3 12 4 19 7 14 8 
student 202: 16 4 12 3 8 2 18 6 20 11 7 13 15 9 14 5 17 10 19 1 
student 203: 15 8 9 10 1 7 11 3 18 20 17 14 12 4 13 16 5 2 19 6 
student 204: 7 8 14 15 13 5 9 1 20 6 10 17 11 4 16 12 18 2 19 3 
student 205: 6 9 7 13 2 17 19 4 16 12 20 10 18 3 15 1 14 5 11 8 
student 206: 15 5 16 18 13 10 4 11 19 8 9 20 17 12 3 7 6 1 14 2 
student 207: 7 8 6 11 12 4 10 9 18 14 17 20 15 5 16 1 19 3 13 2 
student 208: 12 9 8 15 11 6 13 5 18 7 19 20 16 2 10 4 17 3 14 1 
student 209: 12 9 13 8 6 5 18 1 14 11 15 20 10 4 7 16 19 2 17 3 
student 210: 4 6 3 19 2 1 13 5 18 10 11 16 12 17 14 9 15 7 20 8 
student 211: 7 6 11 17 8 5 16 3 18 9 10 20 19 1 14 4 15 13 12 2 
student 212: 8 2 9 18 13 5 16 4 20 7 12 15 19 10 11 1 14 6 17 3 
student 213: 19 8 3 15 11 9 1 2 16 20 18 12 5 17 14 7 13 4 10 6 
student 214: 15 3 17 13 9 4 18 8 20 11 16 10 12 5 6 1 14 7 19 2 
student 215: 15 5 12 16 7 2 17 1 20 11 13 14 8 9 19 3 18 4 10 6 
student 216: 7 16 17 14 8 13 18 11 9 5 15 20 10 4 12 6 3 2 19 1 
student 217: 9 12 7 15 14 2 16 4 17 1 19 20 8 5 10 13 18 3 11 6 
student 218: 16 11 13 15 4 2 17 7 18 3 8 19 10 1 6 9 20 12 14 5 
student 219: 12 10 13 14 7 3 15 2 9 6 18 20 16 8 17 5 11 4 19 1 
student 220: 12 3 9 11 8 2 18 6 19 16 10 20 17 5 14 4 13 1 15 7 
student 221: 4 7 18 11 8 1 15 5 20 14 13 19 9 2 16 3 17 12 10 6 
student 222: 6 17 13 5 18 1 19 2 16 7 8 20 11 10 12 3 15 4 14 9 
student 223: 12 4 8 19 11 3 15 5 14 18 16 17 13 9 10 1 20 2 7 6 
student 224: 8 10 12 15 9 2 18 6 20 5 19 16 14 1 11 4 17 3 13 7 
student 225: 5 10 20 9 15 3 18 2 19 7 13 17 8 4 14 1 16 6 12 11 
student 226: 14 5 1 16 11 15 10 4 12 7 8 18 9 13 17 3 19 2 20 6 
student 227: 7 10 9 17 5 2 14 4 16 1 15 19 13 12 18 6 20 3 11 8 
student 228: 7 15 13 9 3 10 11 4 17 14 6 20 12 1 18 8 16 5 19 2 
student 229: 11 13 14 19 12 10 5 8 2 6 17 20 16 15 7 4 9 1 18 3 
student 230: 12 4 10 14 7 8 16 1 19 13 17 20 15 2 5 6 11 9 18 3 
student 231: 4 6 9 17 12 3 19 7 15 10 11 20 16 8 18 2 13 5 14 1 
student 232: 10 4 18 13 6 7 8 3 14 2 15 19 11 9 16 1 20 5 17 12 
student 233: 14 13 16 19 7 5 12 4 10 8 18 15 11 9 1 3 17 2 20 6 
student 234: 6 5 11 14 17 4 8 1 16 9 15 18 12 3 13 2 20 10 19 7 
student 235: 8 4 14 11 13 5 19 1 20 7 16 18 15 10 9 2 17 3 12 6 
student 236: 6 7 19 18 8 14 15 4 16 5 13 12 9 1 11 3 17 2 20 10 
student 237: 14 10 5 18 12 4 19 1 17 3 13 16 7 6 11 2 15 8 20 9 
student 238: 12 10 14 9 7 5 13 2 19 6 16 18 15 1 11 3 17 4 20 8 
student 239: 2 8 5 15 10 13 17 9 18 6 14 19 20 11 12 1 16 3 7 4 
student 240: 16 6 14 11 7 5 17 8 19 3 12 18 9 2 15 4 20 10 13 1 
student 241: 5 15 4 6 11 2 17 1 18 12 20 14 16 9 10 7 19 3 13 8 
student 242: 15 5 9 13 10 6 11 2 19 3 16 17 18 4 14 1 20 7 12 8 
student 243: 11 6 4 8 10 2 20 9 19 7 16 13 15 12 14 1 17 5 18 3 
student 244: 5 4 14 13 6 9 16 1 20 18 11 17 12 8 7 2 19 3 15 10 
student 245: 6 14 20 12 16 9 18 4 15 2 1 17 13 8 11 7 19 3 10 5 
student 246: 12 10 4 15 3 7 20 8 17 14 9 19 11 6 13 5 16 2 18 1 
student 247: 5 2 15 6 20 7 12 3 16 13 14 19 8 9 4 10 18 1 17 11 
student 248: 8 11 14 18 2 6 20 15 19 4 9 12 7 1 10 3 16 5 17 13 
student 249: 6 4 8 7 2 11 16 1 20 12 13 17 9 10 19 3 18 15 14 5 
student 250: 5 18 16 13 10 3 9 12 11 6 15 14 8 7 19 2 20 1 17 4 
student 251: 11 14 9 7 13 5 18 8 20 15 10 19 4 3 12 6 17 1 16 2 
student 252: 14 8 11 20 10 3 13 2 18 9 17 16 12 7 15 1 19 5 4 6 
student 253: 12 1 11 13 2 10 8 7 19 4 17 20 15 6 16 9 18 3 14 5 
student 254: 9 6 5 15 13 4 10 14 20 7 8 16 17 3 11 1 18 2 19 12 
student 255: 9 6 18 7 14 11 15 3 13 5 16 17 10 2 12 8 19 1 20 4 
student 256: 2 9 5 10 4 3 19 12 15 13 17 20 11 7 14 6 18 1 16 8 
student 257: 13 6 12 10 18 3 15 1 8 5 7 20 14 9 11 2 19 17 16 4 
student 258: 11 7 19 10 5 4 15 2 14 3 17 12 8 6 13 1 18 16 20 9 
student 259: 10 14 11 16 3 4 19 2 17 7 12 18 20 9 15 1 8 6 13 5 
student 260: 4 9 6 12 5 3 7 2 18 8 16 14 13 11 10 17 20 15 19 1 
student 261: 12 6 8 10 4 2 15 9 17 11 19 20 14 5 18 7 16 1 13 3 
student 262: 6 4 14 12 9 7 18 2 20 10 17 15 8 11 16 1 19 5 13 3 
student 263: 12 4 10 19 8 7 14 2 17 1 11 18 15 9 13 5 20 3 16 6 
student 264: 12 10 9 13 7 3 11 1 18 8 19 20 17 6 15 2 14 4 16 5 
student 265: 4 2 20 9 12 7 14 5 17 6 16 15 19 10 11 3 18 1 13 8 
student 266: 13 3 10 15 9 6 17 4 19 11 20 16 14 8 5 2 12 7 18 1 
student 267: 7 2 17 11 9 8 20 6 16 3 15 19 14 4 12 5 13 1 18 10 
student 268: 10 4 14 15 9 6 18 5 11 8 13 19 17 3 12 2 16 7 20 1 
student 269: 6 4 10 11 15 3 8 9 18 7 12 19 16 2 20 1 13 5 14 17 
student 270: 14 12 8 13 7 4 19 3 20 9 10 18 15 6 16 2 11 5 17 1 
student 271: 6 10 1 11 20 4 13 2 15 8 17 19 16 9 18 5 14 3 12 7 
student 272: 1 19 8 17 2 5 12 7 16 3 11 18 13 15 9 10 14 4 20 6 
student 273: 8 11 12 9 6 2 16 1 20 17 5 15 10 13 14 3 19 4 18 7 
student 274: 10 14 8 15 1 6 12 4 17 11 9 20 13 7 18 2 19 5 16 3 
student 275: 15 13 17 10 4 5 12 3 14 8 16 20 18 6 9 1 19 2 11 7 
student 276: 7 9 1 11 13 8 15 3 12 4 16 19 17 10 14 2 20 5 18 6 
student 277: 8 9 16 7 13 4 17 10 19 15 5 14 18 1 3 11 20 2 12 6 
student 278: 6 14 8 17 12 1 18 2 15 3 10 16 4 13 20 7 19 9 11 5 
student 279: 7 2 8 13 4 3 19 1 9 14 15 16 20 12 17 6 18 10 11 5 
student 280: 14 13 17 8 20 5 16 1 9 4 3 19 6 10 12 2 15 7 18 11 
student 281: 4 9 10 15 12 18 5 2 14 1 20 16 11 7 13 3 17 8 19 6 
student 282: 3 7 11 14 9 5 18 4 17 2 12 10 13 8 19 1 15 6 16 20 
student 283: 10 7 8 16 11 4 18 2 19 9 17 12 15 6 14 1 13 3 20 5 
student 284: 1 8 16 19 5 7 17 3 13 6 15 20 12 9 14 2 18 4 10 11 
student 285: 6 4 7 8 12 3 9 2 17 10 11 18 16 19 14 1 20 5 15 13 
student 286: 17 9 20 13 12 1 5 4 18 3 16 19 6 8 14 2 10 7 15 11 
student 287: 12 1 11 15 2 14 9 8 18 4 5 19 6 7 17 3 16 10 20 13 
student 288: 8 15 5 13 4 7 19 9 17 10 12 18 20 11 6 1 14 3 16 2 
student 289: 5 20 7 12 13 1 16 6 18 3 15 19 2 9 10 4 11 14 17 8 
student 290: 10 6 17 18 12 4 20 1 15 2 13 16 8 5 14 3 9 11 19 7 
student 291: 9 12 17 4 6 1 18 14 7 5 13 15 16 2 10 3 19 8 20 11 
student 292: 17 3 11 10 9 14 12 1 13 4 6 19 15 5 18 7 16 8 20 2 
student 293: 16 10 11 13 6 4 18 7 14 9 15 20 8 2 12 1 17 5 19 3 
student 294: 9 7 11 14 12 2 13 3 20 1 4 18 15 6 16 8 19 5 17 10 
student 295: 7 11 5 10 1 3 14 9 15 18 20 17 19 12 8 6 13 2 16 4 
student 296: 12 2 11 13 1 5 15 3 20 8 14 17 9 7 16 4 18 6 19 10 
student 297: 9 11 18 2 7 5 15 1 19 17 13 20 10 6 12 3 16 4 8 14 
student 298: 4 7 12 11 10 3 18 1 19 5 20 17 9 13 14 2 15 6 16 8 
student 299: 20 11 7 14 12 4 17 5 16 9 13 19 10 2 18 3 15 1 8 6 
student 300: 15 13 7 5 10 1 14 8 12 3 19 20 16 9 11 4 18 2 17 6 
student 301: 19 9 8 11 10 5 18 1 17 4 15 13 6 7 16 20 14 2 12 3 
student 302: 7 16 15 13 6 1 20 10 18 2 11 12 14 8 5 3 17 9 19 4 
student 303: 15 2 20 6 11 1 14 4 19 8 13 16 17 7 10 5 18 9 12 3 
student 304: 14 7 3 10 17 4 13 6 20 12 9 19 11 8 18 2 16 5 15 1 
student 305: 10 5 4 13 16 3 19 1 18 7 6 11 9 14 12 2 17 8 20 15 
student 306: 17 3 14 10 16 2 20 6 5 8 11 19 12 7 18 4 13 9 15 1 
student 307: 12 9 10 2 3 1 14 11 20 16 13 7 18 6 19 4 15 8 17 5 
student 308: 10 8 19 12 1 5 20 4 16 13 9 18 6 2 14 7 15 3 17 11 
student 309: 12 19 14 9 6 4 17 1 16 2 13 20 10 5 18 8 15 3 11 7 
student 310: 8 11 12 20 7 1 13 2 18 15 9 19 6 10 16 3 14 5 17 4 
student 311: 5 8 6 14 11 9 7 3 20 13 12 18 10 4 17 1 19 2 15 16 
student 312: 6 3 16 14 7 2 13 1 20 9 8 12 18 10 17 11 15 4 19 5 
student 313: 19 15 7 8 9 1 20 4 14 3 10 18 12 11 16 2 17 6 13 5 
student 314: 9 7 8 16 11 2 17 1 14 3 15 20 18 10 12 5 13 4 19 6 
student 315: 13 8 17 16 5 4 19 3 18 7 6 12 20 10 11 1 9 14 15 2 
student 316: 8 10 15 14 16 6 12 4 19 5 9 18 20 11 7 1 17 2 13 3 
student 317: 4 7 11 12 9 8 18 1 20 15 19 10 14 6 16 5 17 3 13 2 
student 318: 17 12 7 8 10 2 18 5 16 15 20 11 13 19 9 3 14 1 6 4 
student 319: 11 10 8 6 15 1 20 3 18 13 17 7 14 9 19 2 16 4 12 5 
student 320: 15 8 12 16 10 4 14 5 17 6 11 20 9 2 18 3 19 7 13 1 
student 321: 12 11 9 8 16 5 13 4 18 1 14 20 17 7 10 3 15 2 19 6 
student 322: 10 20 16 7 9 4 15 2 17 6 12 14 19 8 3 1 11 13 18 5 
student 323: 13 12 7 14 10 5 2 6 15 8 16 17 11 3 18 1 19 9 20 4 
student 324: 18 2 8 10 9 3 12 1 16 7 15 19 14 6 17 11 20 4 13 5 
student 325: 11 12 10 15 4 1 20 2 16 7 6 19 17 8 13 9 18 3 14 5 
student 326: 8 9 7 14 12 1 15 10 19 6 13 20 18 5 11 3 16 4 17 2 
student 327: 10 3 16 7 5 4 17 2 19 11 15 18 12 6 13 1 20 8 14 9 
student 328: 14 9 11 19 5 7 12 2 15 8 18 17 16 1 10 3 20 4 13 6 
student 329: 14 9 15 12 4 3 16 2 19 10 13 17 11 5 20 7 18 1 8 6 
student 330: 3 8 9 7 13 11 10 4 18 12 14 19 17 2 16 5 15 1 20 6 
student 331: 12 8 16 10 15 7 19 4 18 11 14 6 13 5 17 3 9 1 20 2 
student 332: 5 11 8 16 13 1 19 2 18 10 6 20 7 4 12 9 14 15 17 3 
student 333: 17 14 10 11 7 2 13 4 20 8 12 5 15 6 16 1 19 3 18 9 
student 334: 18 6 5 4 15 3 13 7 12 8 11 20 9 14 16 2 17 1 19 10 
student 335: 13 12 2 9 18 1 16 14 19 3 7 20 11 4 15 6 10 8 17 5 
student 336: 6 9 10 14 11 3 16 1 7 8 18 20 13 5 19 4 15 2 17 12 
student 337: 15 18 4 7 6 1 17 12 16 11 19 20 14 2 9 5 8 3 13 10 
student 338: 17 11 7 16 8 6 15 3 12 1 10 18 14 13 9 2 19 5 20 4 
student 339: 7 9 14 2 17 4 18 1 15 11 10 13 6 12 19 3 16 8 20 5 
student 340: 14 10 8 19 11 12 17 2 18 5 15 16 13 7 9 1 20 6 3 4 
student 341: 9 12 11 15 14 8 17 2 18 6 1 20 10 4 13 7 5 3 16 19 
student 342: 9 6 10 16 8 5 18 11 7 4 13 19 15 2 12 3 20 14 17 1 
student 343: 6 7 9 16 13 8 17 10 20 5 14 18 11 12 4 1 19 2 15 3 
student 344: 15 11 9 7 8 3 12 1 13 6 18 17 16 4 19 2 20 10 14 5 
student 345: 13 10 11 18 4 1 6 2 20 7 16 19 14 8 12 3 17 9 15 5 
student 346: 9 14 18 15 11 2 10 5 20 8 12 17 16 1 6 4 13 3 19 7 
student 347: 15 4 12 14 9 6 18 11 20 13 7 19 3 8 10 5 16 1 17 2 
student 348: 10 2 13 11 12 8 16 6 19 9 5 20 14 4 17 1 15 3 18 7 
student 349: 4 12 6 14 2 7 18 13 19 10 9 17 15 11 8 5 20 3 16 1 
student 350: 9 5 13 17 7 1 15 6 20 10 14 18 12 11 8 4 19 2 16 3 
student 351: 6 8 13 14 12 9 20 1 18 10 17 15 16 3 11 5 7 2 19 4 
student 352: 11 7 20 5 9 19 17 3 12 6 10 13 14 4 18 1 15 2 16 8 
student 353: 14 3 4 2 11 7 17 6 16 8 15 20 19 12 9 5 13 1 18 10 
student 354: 15 8 4 10 14 3 19 5 16 9 12 20 11 7 13 2 17 1 18 6 
student 355: 18 5 17 19 11 10 15 1 20 9 12 16 6 2 7 4 13 3 14 8 
student 356: 7 2 9 5 8 4 15 1 19 6 12 16 10 3 20 17 18 11 14 13 
student 357: 15 7 14 13 8 5 10 1 18 6 17 20 12 3 19 2 16 4 9 11 
student 358: 8 19 12 17 1 5 7 3 18 14 15 9 4 6 16 2 20 10 11 13 
student 359: 7 15 8 9 5 10 14 6 11 4 16 19 13 12 17 1 18 2 20 3 
student 360: 16 17 4 13 9 1 8 3 15 7 18 19 11 5 14 2 6 10 20 12 
student 361: 14 7 10 20 17 2 15 4 13 6 8 18 11 9 19 1 12 3 16 5 
student 362: 7 10 11 17 6 2 14 3 18 13 16 15 8 9 19 1 12 5 20 4 
student 363: 8 3 11 14 2 9 17 10 20 15 4 13 12 5 19 7 18 6 16 1 
student 364: 11 7 19 9 13 3 15 5 18 6 16 8 12 4 14 1 17 2 20 10 
student 365: 6 15 12 14 5 8 18 3 19 9 13 7 16 4 17 1 20 10 11 2 
student 366: 14 7 8 10 5 3 18 4 20 2 13 19 11 6 16 1 15 12 17 9 
student 367: 4 16 10 7 9 1 11 2 13 12 17 19 15 8 14 3 20 6 18 5 
student 368: 15 10 14 16 13 6 17 1 18 9 11 20 5 7 8 3 12 4 19 2 
student 369: 5 11 12 8 19 3 17 1 14 6 16 20 9 4 10 13 15 7 18 2 
student 370: 10 13 11 6 15 4 16 7 17 3 20 19 12 8 9 1 14 2 18 5 
student 371: 15 2 13 14 7 3 6 5 12 16 11 17 19 9 20 1 10 4 18 8 
student 372: 11 13 7 9 4 2 15 5 20 8 14 19 16 3 17 1 12 6 18 10 
student 373: 10 11 4 3 12 7 13 1 19 9 15 20 14 5 18 2 17 8 16 6 
student 374: 5 12 15 8 9 2 16 7 18 14 17 20 13 6 11 1 10 4 19 3 
student 375: 13 8 15 16 14 4 17 3 20 6 19 7 18 5 11 1 9 2 12 10 
student 376: 14 3 6 10 13 4 12 1 11 8 15 20 18 9 16 2 17 5 19 7 
student 377: 1 9 11 10 6 5 19 3 16 17 12 18 7 2 20 8 14 15 13 4 
student 378: 6 14 3 8 16 9 17 4 1 2 19 18 13 10 15 5 20 7 11 12 
student 379: 8 14 5 16 13 6 17 4 19 3 7 20 10 11 12 1 18 2 15 9 
student 380: 11 15 7 10 1 4 17 3 20 5 19 13 12 9 16 6 14 2 18 8 
student 381: 16 7 5 9 14 17 19 6 15 13 11 20 8 4 12 3 18 1 10 2 
student 382: 12 15 11 16 8 10 20 2 17 5 18 19 13 1 7 4 14 3 9 6 
student 383: 9 8 11 16 7 4 12 5 18 10 19 13 15 3 14 1 17 2 20 6 
student 384: 12 6 14 13 10 3 9 2 20 5 17 18 7 8 16 1 15 11 19 4 
student 385: 10 5 11 12 9 4 16 3 14 2 13 20 15 8 19 1 17 6 18 7 
student 386: 6 5 20 8 13 12 14 1 17 4 19 15 16 7 10 2 18 3 11 9 
student 387: 15 5 19 9 11 4 17 1 18 6 8 12 16 7 14 3 20 10 13 2 
student 388: 9 12 11 13 20 4 14 3 18 5 6 19 7 2 16 1 15 8 17 10 
student 389: 13 2 11 12 8 7 20 6 17 9 10 18 14 4 19 5 15 1 16 3 
student 390: 10 11 3 17 8 4 18 2 19 7 12 20 15 9 16 1 13 6 14 5 
student 391: 10 5 15 19 7 13 17 2 12 1 14 16 18 11 8 6 9 4 20 3 
student 392: 12 11 10 9 8 5 18 2 17 4 15 20 13 14 16 1 19 3 7 6 
student 393: 11 16 7 13 6 4 19 10 14 9 15 12 20 8 3 1 18 2 17 5 
student 394: 7 3 18 11 9 2 14 4 16 8 13 10 19 5 12 6 15 17 20 1 
student 395: 6 3 18 4 15 9 11 13 17 14 8 20 7 2 19 5 12 10 16 1 
student 396: 11 5 9 12 10 3 16 1 20 8 14 15 17 7 18 2 19 4 13 6 
student 397: 5 3 13 9 15 7 14 1 19 2 16 20 17 10 11 12 8 4 18 6 
student 398: 7 11 9 17 3 4 12 5 18 8 15 19 10 6 20 2 14 1 16 13 
student 399: 8 12 9 13 5 7 18 6 17 2 20 19 14 4 10 1 15 11 16 3 
student 400: 5 15 8 18 7 10 13 4 20 12 16 19 17 1 14 3 11 2 9 6 
student 401: 7 11 6 9 13 2 16 20 18 5 17 15 12 8 14 3 10 1 19 4 
student 402: 1 6 12 18 16 4 19 2 17 3 11 13 15 14 9 7 20 5 10 8 
student 403: 8 13 11 14 10 4 15 3 7 6 18 16 19 17 1 2 12 5 20 9 
student 404: 7 12 8 10 11 2 16 5 17 4 15 20 19 1 14 9 18 6 13 3 
student 405: 8 2 9 15 13 1 10 5 12 11 16 18 19 6 14 3 17 7 20 4 
student 406: 19 4 9 12 8 6 5 10 18 11 17 20 14 7 15 2 13 1 16 3 
student 407: 16 1 4 7 3 5 14 2 18 12 17 19 9 6 13 8 15 10 20 11 
student 408: 6 7 9 8 10 4 11 1 16 12 14 19 17 3 20 13 18 5 15 2 
student 409: 13 8 12 17 9 3 14 2 20 11 19 15 10 4 5 1 16 6 18 7 
student 410: 12 7 6 16 8 3 17 5 14 9 11 18 13 10 20 1 19 2 15 4 
student 411: 4 9 12 15 11 5 14 1 19 7 20 18 8 10 6 2 17 3 16 13 
student 412: 14 12 6 9 4 3 13 7 20 11 16 15 8 5 10 2 19 1 17 18 
student 413: 14 7 10 13 6 4 12 1 19 11 9 20 18 3 16 2 15 5 17 8 
student 414: 12 7 18 14 4 10 8 2 13 5 15 17 19 1 20 6 16 9 11 3 
student 415: 11 8 2 13 7 6 16 4 18 9 14 19 15 10 12 3 20 5 17 1 
student 416: 3 16 11 14 8 12 9 4 19 10 7 20 6 15 17 5 13 1 18 2 
student 417: 17 11 20 16 7 1 14 6 15 3 5 18 13 9 10 2 19 4 12 8 
student 418: 9 8 14 4 2 1 18 3 20 10 17 16 15 7 13 5 11 6 19 12 
student 419: 10 12 9 18 3 2 19 7 6 5 17 16 15 1 14 11 20 8 13 4 
student 420: 8 11 9 16 15 6 14 3 17 10 12 20 19 5 7 2 18 4 13 1 
student 421: 15 8 13 14 12 4 6 2 19 7 16 17 9 5 20 3 18 10 1 11 
student 422: 8 14 4 9 17 6 5 3 15 2 19 13 18 10 7 1 20 12 11 16 
student 423: 5 4 10 11 12 3 8 13 19 16 20 15 14 7 17 1 9 2 18 6 
student 424: 7 15 10 18 2 12 19 6 9 14 11 20 8 5 16 1 17 3 13 4 
student 425: 10 7 11 12 9 6 15 3 20 2 17 13 4 8 16 1 18 14 19 5 
student 426: 11 10 17 13 2 9 3 12 18 1 16 14 8 4 15 5 20 6 19 7 
student 427: 5 9 11 16 10 4 17 3 20 2 19 13 18 8 12 6 15 1 14 7 
student 428: 17 6 7 13 8 3 16 1 14 9 10 18 12 11 19 5 20 2 15 4 
student 429: 16 5 13 14 12 8 15 2 20 10 17 9 6 3 19 7 18 1 11 4 
student 430: 8 7 16 13 5 1 19 11 17 10 9 15 12 4 14 2 18 3 20 6 
student 431: 12 5 19 15 11 2 16 1 14 9 6 17 8 10 20 4 7 13 18 3 
student 432: 11 3 13 8 5 1 19 6 15 9 17 20 18 7 16 4 12 10 14 2 
student 433: 13 7 6 16 14 2 12 3 19 10 17 8 11 5 18 1 15 9 20 4 
student 434: 7 6 11 17 12 3 15 4 19 9 16 20 13 2 10 1 14 5 18 8 
student 435: 8 11 5 6 12 1 20 10 13 17 9 14 15 7 18 2 16 3 19 4 
student 436: 3 14 12 15 16 5 17 10 13 2 8 20 11 9 18 1 19 4 7 6 
student 437: 19 12 17 6 9 4 18 1 20 14 15 16 11 7 13 3 10 2 5 8 
student 438: 11 16 17 10 9 3 13 4 18 5 6 20 14 2 19 1 12 8 15 7 
student 439: 11 3 14 2 5 12 10 7 19 6 17 20 9 8 13 1 15 4 18 16 
student 440: 14 9 10 20 11 4 18 2 16 6 17 19 3 7 13 1 8 12 15 5 
student 441: 7 6 12 10 11 8 13 2 17 1 16 19 15 4 14 9 20 3 18 5 
student 442: 11 4 8 19 6 2 12 5 20 7 16 18 9 17 13 1 14 3 15 10 
student 443: 10 7 9 17 8 4 18 6 13 3 14 20 19 5 11 2 15 1 16 12 
student 444: 11 5 14 19 13 1 9 17 15 4 7 20 16 3 8 6 18 2 12 10 
student 445: 2 12 3 9 16 4 17 7 18 14 11 13 10 6 20 5 8 1 19 15 
student 446: 9 10 14 16 7 3 19 1 18 8 12 17 15 4 20 5 13 2 11 6 
student 447: 12 1 13 6 14 4 3 5 20 11 17 18 19 7 10 2 15 8 16 9 
student 448: 4 10 2 14 17 6 1 3 15 7 19 20 16 8 18 5 12 9 11 13 
student 449: 7 1 12 16 8 2 17 6 15 5 13 18 9 10 14 4 20 3 19 11 
student 450: 11 3 16 18 12 5 6 2 20 13 17 1 10 4 15 9 14 8 19 7 
student 451: 11 13 15 17 19 2 7 1 9 6 14 20 18 5 10 4 16 8 12 3 
student 452: 18 14 7 13 15 5 17 4 19 8 3 16 2 6 10 1 12 9 20 11 
student 453: 16 6 18 17 8 1 10 2 12 5 19 13 15 11 7 3 20 4 14 9 
student 454: 6 3 10 4 9 5 16 13 18 19 15 17 11 7 20 8 12 1 14 2 
student 455: 13 7 12 5 9 3 19 2 17 6 20 18 8 10 16 1 15 4 14 11 
student 456: 8 11 14 19 6 4 9 2 20 15 18 16 13 7 17 1 10 3 12 5 
student 457: 10 4 15 17 12 8 14 7 11 9 20 19 13 2 3 1 16 6 18 5 
student 458: 10 11 3 4 8 13 12 2 20 6 17 19 9 1 16 5 18 15 14 7 
student 459: 13 7 8 9 1 4 17 5 19 11 18 20 16 3 12 15 14 2 10 6 
student 460: 12 5 20 11 9 4 14 1 19 3 10 18 17 13 7 2 16 8 15 6 
student 461: 11 3 4 8 17 2 20 6 16 9 10 19 18 15 12 5 13 7 14 1 
student 462: 2 10 13 16 5 7 20 4 14 8 15 18 6 3 11 1 19 9 17 12 
student 463: 4 19 1 16 7 14 18 2 20 8 11 12 6 10 15 3 17 5 13 9 
student 464: 11 9 17 10 8 3 16 4 19 7 15 12 14 6 13 2 20 1 18 5 
student 465: 6 5 14 12 15 9 19 2 17 4 11 20 8 7 13 1 16 10 18 3 
student 466: 4 8 13 5 1 10 19 7 16 12 14 9 11 6 15 2 18 20 17 3 
student 467: 19 7 6 12 2 4 14 1 18 8 17 20 11 5 13 3 16 10 9 15 
student 468: 10 12 11 7 16 2 13 4 19 5 15 18 8 6 14 9 20 3 17 1 
student 469: 14 2 12 13 9 3 16 7 18 1 5 20 11 6 15 4 19 8 17 10 
student 470: 3 4 11 9 15 5 19 2 14 8 18 16 10 13 12 1 17 6 20 7 
student 471: 12 14 5 6 13 4 19 3 11 8 18 20 15 7 16 2 17 1 10 9 
student 472: 14 15 7 16 9 2 13 3 12 10 8 20 11 5 17 1 19 6 18 4 
student 473: 14 9 5 8 7 3 13 2 18 15 12 16 6 11 17 1 10 19 20 4 
student 474: 11 7 12 15 8 3 17 1 14 13 6 20 19 5 16 4 10 2 18 9 
student 475: 4 5 11 9 10 7 13 3 18 8 14 20 15 17 12 2 19 6 16 1 
student 476: 10 6 14 18 7 1 8 4 15 13 9 20 12 2 17 3 16 5 19 11 
student 477: 7 8 15 12 6 5 18 1 16 10 13 17 14 4 11 2 19 3 20 9 
student 478: 9 7 12 3 19 1 11 8 20 5 13 15 17 10 14 2 16 4 18 6 
student 479: 13 16 14 5 9 4 17 3 19 7 15 20 8 6 10 1 11 12 18 2 
student 480: 6 17 16 10 4 3 11 1 12 18 8 5 7 2 19 13 20 15 9 14 
student 481: 16 11 7 13 6 2 18 8 20 4 17 5 10 14 15 3 12 9 19 1 
student 482: 10 6 16 19 8 5 11 3 9 7 18 20 14 1 13 2 12 15 17 4 
student 483: 12 7 11 10 8 2 19 1 18 5 4 16 14 9 17 3 13 6 20 15 
student 484: 2 13 20 9 16 14 15 3 19 1 18 17 11 8 12 4 7 6 10 5 
student 485: 8 7 10 9 6 5 19 2 20 3 12 15 18 13 11 4 17 1 16 14 
student 486: 11 14 10 5 15 2 13 4 17 7 16 8 18 9 12 1 20 3 19 6 
student 487: 5 11 16 9 4 12 13 3 18 6 14 20 17 8 10 7 15 2 19 1 
student 488: 15 1 6 11 16 18 20 4 12 2 5 19 14 7 13 10 8 3 17 9 
student 489: 8 6 10 17 9 16 14 4 12 7 19 15 18 3 11 5 20 2 13 1 
student 490: 10 2 14 13 12 4 17 1 20 8 18 15 11 6 7 3 19 5 16 9 
student 491: 8 16 5 6 4 9 10 7 15 11 17 18 2 13 19 3 20 14 12 1 
student 492: 19 8 7 9 3 13 11 1 16 6 12 17 15 10 14 4 20 2 18 5 
student 493: 9 1 19 6 3 2 15 10 20 17 8 18 12 4 13 11 14 5 16 7 
student 494: 14 10 11 9 2 1 16 6 18 7 20 15 12 4 19 3 17 5 13 8 
student 495: 14 11 19 15 12 1 16 4 17 10 8 18 3 5 9 2 13 6 20 7 
student 496: 12 8 6 18 10 7 11 3 17 5 20 13 15 4 16 1 19 9 14 2 
student 497: 19 9 4 5 3 10 14 7 17 11 16 20 6 2 13 8 15 18 12 1 
student 498: 19 7 8 14 2 3 13 6 17 12 9 20 11 5 15 1 10 16 18 4 
student 499: 8 11 10 13 7 18 20 4 17 6 15 16 9 1 12 2 19 3 14 5 
student 500: 6 9 12 13 11 5 17 7 19 4 8 16 15 2 14 1 18 3 20 10 
student 501: 10 3 9 4 16 1 19 12 15 20 18 13 7 5 14 6 11 8 17 2 
student 502: 7 9 17 13 10 12 16 3 15 4 19 18 8 1 14 2 11 6 20 5 
student 503: 6 13 12 11 9 1 16 7 19 8 17 18 10 3 14 2 20 4 15 5 
student 504: 20 16 8 11 15 4 9 6 19 7 12 18 1 3 13 5 17 2 14 10 
student 505: 10 4 13 14 5 1 16 3 11 2 9 20 8 7 18 6 15 12 19 17 
student 506: 5 7 14 19 9 8 15 2 18 6 13 20 10 11 12 1 17 3 16 4 
student 507: 16 2 9 6 19 7 12 11 18 3 20 17 10 5 4 8 15 1 13 14 
student 508: 7 12 13 10 17 5 14 4 18 9 6 15 16 2 3 8 19 11 20 1 
student 509: 3 11 7 15 6 9 14 8 18 2 16 19 17 12 13 1 10 4 20 5 
student 510: 6 7 20 10 1 2 19 13 16 4 9 17 14 12 15 3 11 5 18 8 
student 511: 7 4 10 11 8 1 12 18 20 9 19 17 15 6 16 2 13 3 14 5 
student 512: 10 14 6 15 9 5 7 4 18 8 17 20 16 12 11 1 13 3 19 2 
student 513: 10 20 4 13 9 1 6 7 16 12 17 14 15 8 11 2 18 5 19 3 
student 514: 9 3 16 19 5 4 15 7 13 11 14 18 8 6 10 12 17 1 20 2 
student 515: 9 5 7 16 8 4 20 10 13 3 18 17 14 2 19 1 12 11 15 6 
student 516: 9 10 11 15 6 4 19 2 20 1 12 16 14 3 13 7 17 8 18 5 
student 517: 10 8 4 19 7 5 18 3 15 6 14 16 17 12 11 1 20 2 13 9 
student 518: 7 15 11 18 9 2 14 1 20 10 13 17 4 5 19 3 16 6 12 8 
student 519: 10 7 3 4 16 6 8 14 20 17 11 18 5 12 19 1 9 2 15 13 
student 520: 8 12 9 16 13 1 10 5 14 3 18 19 7 6 15 2 20 4 17 11 
student 521: 10 9 18 14 13 6 16 7 17 8 19 15 1 2 4 5 11 3 20 12 
student 522: 7 8 13 11 9 5 16 2 12 6 15 18 10 20 14 1 17 4 19 3 
student 523: 12 15 10 9 8 2 14 5 19 6 16 17 11 4 13 1 18 3 20 7 
student 524: 9 8 14 12 4 3 20 6 18 1 13 19 16 11 17 2 15 5 10 7 
student 525: 14 9 10 8 7 11 15 3 18 6 17 19 13 5 16 2 20 1 12 4 
student 526: 6 10 12 17 11 7 14 9 19 8 15 16 13 2 3 1 20 5 18 4 
student 527: 3 11 13 17 7 8 18 6 15 2 9 19 12 10 14 4 16 1 20 5 
student 528: 11 10 16 8 2 5 14 1 20 7 15 19 9 13 12 3 18 4 17 6 
student 529: 9 13 8 14 2 4 10 1 7 17 18 11 16 15 12 5 19 6 20 3 
student 530: 16 8 11 4 5 3 20 7 17 15 14 19 10 9 13 2 12 1 18 6 
student 531: 17 11 8 6 1 5 16 7 13 10 12 20 3 14 15 2 18 4 19 9 
student 532: 6 3 11 9 5 8 14 7 18 4 19 20 12 13 16 2 17 1 15 10 
student 533: 17 13 14 15 11 4 16 10 3 8 20 19 9 5 7 6 12 1 18 2 
student 534: 4 12 20 11 10 6 19 3 16 9 7 17 5 8 18 1 14 2 15 13 
student 535: 20 7 3 11 17 4 13 8 14 10 15 19 12 1 16 9 2 5 18 6 
student 536: 11 1 7 4 5 2 9 8 13 6 16 20 12 19 15 3 18 14 17 10 
student 537: 5 3 14 8 1 4 18 2 10 7 20 17 16 15 12 13 9 11 19 6 
student 538: 1 6 9 14 8 12 17 7 20 2 13 5 18 11 16 3 15 4 19 10 
student 539: 6 5 13 12 11 3 19 2 10 7 18 17 16 1 15 4 14 9 20 8 
student 540: 13 10 15 11 1 2 14 4 19 16 17 20 12 3 6 5 18 7 9 8 
student 541: 11 19 13 17 8 4 15 1 12 5 14 16 9 10 18 3 20 6 7 2 
student 542: 10 9 3 13 14 4 16 11 17 1 5 18 8 7 19 2 20 6 15 12 
student 543: 14 13 11 10 9 5 15 4 17 3 19 2 12 8 20 6 16 7 18 1 
student 544: 3 10 5 11 14 2 17 1 18 4 16 20 9 8 15 7 19 12 13 6 
student 545: 8 6 15 17 9 7 19 1 16 3 13 18 12 4 11 2 20 10 14 5 
student 546: 20 13 17 6 10 9 16 2 19 4 7 15 14 5 12 8 18 3 11 1 
student 547: 8 3 14 9 20 19 16 4 12 6 15 17 10 7 11 1 18 2 13 5 
student 548: 11 6 7 15 5 3 12 1 16 8 10 20 17 19 18 2 13 4 14 9 
student 549: 9 10 14 13 7 3 20 2 17 6 15 11 12 5 16 4 19 1 18 8 
student 550: 9 14 13 11 6 10 16 7 20 5 19 18 1 2 12 4 15 3 17 8 
student 551: 9 4 14 15 11 2 18 7 16 10 17 19 13 6 8 3 12 1 20 5 
student 552: 5 11 10 13 8 6 19 4 15 7 16 18 14 2 12 3 20 9 17 1 
student 553: 9 11 5 7 12 10 17 4 15 3 20 19 14 6 13 1 16 2 18 8 
student 554: 2 1 13 14 4 11 15 3 18 12 20 8 6 17 10 7 19 5 16 9 
student 555: 15 12 14 4 5 6 10 8 16 2 13 18 19 3 7 1 17 9 20 11 
student 556: 8 10 19 11 3 6 20 2 17 9 18 13 14 4 16 12 7 5 15 1 
student 557: 12 6 10 14 3 5 9 4 16 8 15 20 7 17 11 2 18 13 19 1 
student 558: 11 9 8 10 15 2 13 4 14 6 19 20 16 3 12 1 17 5 18 7 
student 559: 6 11 5 14 4 9 13 16 20 7 12 15 18 2 19 1 17 3 10 8 
student 560: 7 12 11 15 9 2 18 4 14 8 19 20 10 6 13 3 16 1 17 5 
student 561: 10 5 13 2 6 1 16 4 17 12 14 19 15 8 7 9 20 11 18 3 
student 562: 1 9 11 5 12 8 19 4 20 7 17 18 14 10 13 2 15 6 16 3 
student 563: 6 8 10 13 14 1 18 7 12 9 11 19 15 3 16 5 20 4 17 2 
student 564: 10 7 13 18 9 2 16 8 17 4 14 19 15 5 12 6 11 3 20 1 
student 565: 8 9 12 20 11 2 18 1 15 4 10 16 13 7 19 3 14 6 17 5 
student 566: 11 4 16 7 14 13 20 1 17 8 19 15 12 5 10 9 6 2 18 3 
student 567: 14 11 12 17 2 9 13 7 20 8 4 19 16 6 10 3 15 1 18 5 
student 568: 12 7 2 15 9 4 17 1 19 3 8 18 13 10 16 5 14 11 20 6 
student 569: 11 9 4 12 10 7 15 2 18 8 5 16 13 1 19 6 14 3 20 17 
student 570: 16 12 18 13 9 8 11 1 20 6 15 19 4 5 10 3 14 2 17 7 
student 571: 16 5 15 6 3 7 17 1 19 10 14 20 9 11 12 2 13 8 18 4 
student 572: 12 9 14 8 15 7 17 20 18 11 13 16 4 5 3 6 10 2 19 1 
student 573: 8 6 20 10 7 2 12 1 18 14 13 16 9 5 19 4 15 3 17 11 
student 574: 13 3 11 16 2 4 19 1 17 5 14 20 9 6 12 7 18 10 15 8 
student 575: 10 8 9 11 7 4 20 5 14 6 16 19 15 3 17 2 18 1 13 12 
student 576: 7 9 10 14 16 3 17 2 18 11 15 19 12 8 5 1 20 6 13 4 
student 577: 10 9 8 20 6 2 15 1 18 7 12 19 13 4 14 11 16 3 17 5 
student 578: 14 12 13 3 6 11 10 4 18 8 16 20 15 2 17 1 19 7 5 9 
student 579: 8 7 10 11 2 1 15 6 18 5 16 19 12 17 9 3 13 4 20 14 
student 580: 11 8 3 16 12 6 5 7 20 9 13 15 18 4 17 1 19 2 14 10 
student 581: 6 5 16 12 13 7 18 2 19 8 17 20 10 9 11 4 14 3 15 1 
student 582: 13 11 15 8 9 3 18 4 20 10 12 19 5 6 17 2 14 7 16 1 
student 583: 8 16 6 7 18 5 10 3 17 4 12 20 9 14 15 1 19 2 13 11 
student 584: 4 12 13 8 9 3 18 2 16 10 20 19 15 5 14 1 17 6 11 7 
student 585: 10 9 7 19 8 11 6 2 14 15 16 17 20 5 1 4 13 3 18 12 
student 586: 9 4 14 10 7 2 15 6 18 8 19 20 12 13 11 1 16 3 17 5 
student 587: 6 5 2 14 7 8 17 3 18 10 13 20 12 11 16 4 15 1 19 9 
student 588: 15 4 12 9 8 2 20 5 6 11 17 18 19 14 13 3 16 7 10 1 
student 589: 11 10 12 9 5 4 15 2 19 8 14 17 13 7 20 1 16 3 18 6 
student 590: 8 10 12 9 6 4 14 2 18 11 15 16 19 3 17 1 13 5 20 7 
student 591: 16 13 10 12 2 3 18 1 15 5 17 20 11 6 14 4 9 7 19 8 
student 592: 15 4 7 17 2 1 20 8 18 9 14 19 11 3 13 5 16 6 12 10 
student 593: 10 12 6 13 5 2 11 7 19 9 16 18 14 3 15 1 20 8 17 4 
student 594: 19 16 4 8 5 13 14 7 17 9 12 18 11 3 6 10 15 1 20 2 
student 595: 1 3 15 6 10 2 19 5 20 17 12 16 14 9 18 7 13 8 11 4 
student 596: 10 1 11 13 3 8 12 4 20 7 9 19 16 17 15 5 14 2 18 6 
student 597: 17 12 13 8 10 4 15 2 20 9 7 16 18 5 19 1 11 6 14 3 
student 598: 18 8 20 7 11 2 16 1 14 4 9 15 12 10 17 3 13 5 19 6 
student 599: 12 2 20 19 8 5 15 3 13 11 17 16 9 10 14 1 18 4 7 6 
student 600: 14 6 4 13 11 7 9 3 20 5 17 18 10 2 16 1 19 12 15 8 
student 601: 7 3 12 13 14 4 17 2 18 6 10 20 8 9 15 1 19 5 16 11 
student 602: 3 7 18 11 6 5 14 4 17 1 16 20 8 9 13 10 15 2 19 12 
student 603: 13 10 16 19 6 4 15 1 12 7 8 20 14 9 3 11 18 2 17 5 
student 604: 8 6 20 11 1 9 12 5 14 3 13 19 10 15 18 2 16 7 17 4 
student 605: 15 11 7 12 8 5 16 2 17 9 19 18 13 6 1 3 10 14 20 4 
student 606: 14 12 10 11 2 3 13 4 19 6 8 20 18 7 15 1 16 5 17 9 
student 607: 17 9 20 11 12 7 13 4 19 2 8 16 15 5 6 1 14 10 18 3 
student 608: 7 8 18 15 12 10 13 3 16 5 11 14 19 9 17 1 20 2 4 6 
student 609: 6 3 10 14 11 1 13 9 17 2 7 20 8 12 15 19 16 5 18 4 
student 610: 8 7 12 15 9 1 18 2 17 5 19 16 20 6 14 10 11 3 13 4 
student 611: 10 4 6 12 9 2 18 3 20 14 17 16 19 8 11 1 13 5 15 7 
student 612: 16 5 4 17 3 6 18 1 13 10 2 14 8 15 9 7 19 12 20 11 
student 613: 6 10 7 12 17 8 18 9 20 5 15 19 14 2 16 1 13 3 11 4 
student 614: 11 3 10 13 9 4 14 7 17 6 18 19 16 8 12 1 15 2 20 5 
student 615: 10 11 13 12 4 7 17 2 19 16 15 18 6 5 8 3 20 1 14 9 
student 616: 8 15 6 13 11 3 16 2 18 14 20 19 9 7 12 1 4 5 17 10 
student 617: 12 13 10 4 16 14 7 3 20 11 19 18 2 8 1 5 15 6 17 9 
student 618: 12 4 2 8 13 6 11 9 16 7 14 20 15 3 17 1 18 5 19 10 
student 619: 12 9 8 13 11 2 6 1 16 3 18 19 17 10 20 4 14 5 15 7 
student 620: 13 7 14 8 12 5 11 1 20 10 18 15 2 6 16 3 17 4 19 9 
student 621: 14 9 5 12 6 4 8 1 18 3 13 20 17 7 15 2 16 10 19 11 
student 622: 8 10 3 13 9 5 18 1 15 12 20 16 2 14 7 4 11 6 19 17 
student 623: 12 14 15 10 9 1 16 4 13 5 8 20 11 6 17 2 19 3 18 7 
student 624: 14 17 15 18 7 8 20 3 13 4 9 19 11 1 16 2 12 10 6 5 
student 625: 10 15 9 11 2 6 18 4 14 8 17 19 12 1 13 7 16 3 20 5 
student 626: 15 10 19 8 9 3 11 2 16 7 17 20 18 5 6 13 14 1 12 4 
student 627: 3 14 6 9 8 12 20 10 18 5 13 19 1 7 11 4 15 2 17 16 
student 628: 8 4 15 9 11 2 13 1 16 12 17 18 14 7 6 10 19 3 20 5 
student 629: 7 4 15 18 8 3 16 1 17 10 13 19 14 11 12 6 20 2 9 5 
student 630: 4 2 8 11 7 9 19 5 13 20 12 18 15 6 14 1 17 10 16 3 
student 631: 12 7 15 14 9 6 17 2 18 4 16 20 11 5 10 1 13 8 19 3 
student 632: 14 9 19 5 3 8 10 4 20 1 6 16 11 13 18 2 17 15 12 7 
student 633: 6 10 12 14 1 8 18 5 19 7 17 20 13 9 15 3 11 4 16 2 
student 634: 18 7 13 8 6 5 19 3 17 4 14 20 9 10 12 1 16 11 15 2 
student 635: 13 6 5 16 3 2 11 1 12 9 15 17 20 10 14 4 19 7 18 8 
student 636: 14 6 7 8 10 3 18 15 19 1 17 11 5 16 4 2 20 12 13 9 
student 637: 9 12 19 4 11 5 13 1 17 8 15 18 14 3 7 2 16 10 20 6 
student 638: 16 7 8 13 11 3 5 1 15 4 17 20 19 12 9 2 14 6 18 10 
student 639: 14 2 6 16 9 13 15 4 17 8 10 20 12 5 11 1 18 3 19 7 
student 640: 8 13 14 1 16 5 11 9 20 3 17 12 15 10 19 2 6 4 18 7 
student 641: 13 12 7 8 2 5 16 4 11 14 17 20 15 9 18 6 19 3 10 1 
student 642: 6 3 8 15 12 10 11 5 14 2 17 18 13 9 20 4 19 7 16 1 
student 643: 2 5 12 20 18 7 10 1 14 15 16 4 13 6 17 3 19 9 11 8 
student 644: 12 9 14 16 8 1 13 3 19 10 15 18 11 5 17 2 6 4 20 7 
student 645: 11 7 15 6 9 3 19 2 20 8 17 18 13 1 12 4 14 5 10 16 
student 646: 6 4 18 14 8 7 15 1 20 10 11 17 12 16 9 3 13 5 19 2 
student 647: 8 15 18 16 7 1 14 4 17 6 19 20 13 3 10 5 12 2 11 9 
student 648: 2 6 15 17 16 13 14 3 4 9 10 20 11 1 12 5 19 7 18 8 
student 649: 20 6 14 17 10 12 15 1 16 4 8 19 9 7 11 2 13 3 18 5 
student 650: 8 12 15 13 5 3 14 1 18 11 20 17 6 4 2 7 16 10 19 9 
student 651: 10 12 6 13 3 5 16 11 9 7 15 14 17 8 18 4 19 1 20 2 
student 652: 19 15 10 9 11 8 5 2 20 3 12 17 6 14 18 4 13 1 16 7 
student 653: 4 7 18 8 15 3 13 1 14 6 19 16 12 9 20 2 11 17 10 5 
student 654: 19 3 11 15 9 2 16 1 18 13 12 20 14 10 5 6 17 8 7 4 
student 655: 5 6 7 12 20 4 10 14 16 3 17 15 18 11 19 1 9 8 13 2 
student 656: 12 9 2 10 5 3 16 4 18 8 11 20 17 15 19 1 14 6 13 7 
student 657: 4 6 9 14 5 1 20 2 18 10 17 12 13 3 16 19 15 7 8 11 
student 658: 8 10 9 5 17 3 12 2 19 4 16 13 11 1 20 7 18 14 15 6 
student 659: 8 6 7 9 3 11 15 2 19 12 18 20 16 4 14 1 10 5 17 13 
student 660: 12 17 5 9 8 1 18 2 19 3 16 13 11 7 14 10 20 4 15 6 
student 661: 10 5 14 11 6 3 17 2 16 4 15 19 12 9 7 1 18 13 20 8 
student 662: 9 13 10 14 4 1 20 5 16 8 17 19 11 2 12 7 18 3 15 6 
student 663: 18 6 7 17 5 2 12 9 16 15 10 19 11 20 8 1 13 3 14 4 
student 664: 14 5 16 6 9 8 17 2 20 12 18 19 10 3 4 7 15 1 11 13 
student 665: 12 6 3 13 4 1 16 2 18 15 17 20 11 8 9 10 19 5 14 7 
student 666: 10 4 11 19 6 1 12 2 15 5 16 20 14 17 13 8 18 7 9 3 
student 667: 5 12 9 8 11 6 13 3 17 15 18 19 14 2 10 1 20 7 16 4 
student 668: 7 10 8 14 6 3 13 2 19 17 18 20 16 9 11 4 12 1 15 5 
student 669: 11 8 4 10 12 1 14 6 18 5 19 20 13 7 15 3 17 9 16 2 
student 670: 8 18 10 7 9 5 14 1 17 6 15 20 16 12 11 4 19 2 13 3 
student 671: 6 4 14 9 12 1 7 5 17 11 16 19 15 10 13 2 20 8 18 3 
student 672: 9 8 13 15 11 1 10 6 17 5 19 18 12 2 14 4 20 3 16 7 
student 673: 9 8 10 12 14 6 18 5 19 4 16 11 15 7 20 1 13 3 17 2 
student 674: 12 13 15 4 9 8 19 2 18 5 17 20 6 11 10 1 14 7 16 3 
student 675: 3 9 17 14 11 6 18 5 7 8 15 20 12 2 13 4 19 1 16 10 
student 676: 13 1 4 15 7 8 20 3 18 14 17 16 10 9 12 5 19 6 11 2 
student 677: 14 6 9 15 12 3 8 4 19 17 11 20 18 7 10 2 13 1 16 5 
student 678: 10 11 9 7 14 3 18 4 15 2 8 12 19 13 20 6 16 1 17 5 
student 679: 17 7 10 11 1 8 4 2 18 12 20 14 9 6 16 15 19 3 13 5 
student 680: 7 10 13 15 1 5 11 4 18 6 9 19 8 12 17 2 20 3 16 14 
student 681: 9 16 13 12 11 4 10 3 15 1 6 18 8 14 17 2 20 5 19 7 
student 682: 13 9 7 12 4 3 17 2 19 8 20 15 18 1 14 6 11 10 16 5 
student 683: 10 5 9 12 16 6 13 1 15 7 18 11 19 8 14 4 20 2 17 3 
student 684: 5 10 6 3 9 8 20 1 16 4 18 17 11 7 14 12 19 13 15 2 
student 685: 12 4 1 6 13 5 18 7 10 19 15 17 8 14 9 2 16 11 20 3 
student 686: 12 10 15 20 2 3 9 6 11 13 16 17 1 8 14 7 19 4 18 5 
student 687: 15 13 14 16 9 4 7 5 19 8 18 17 12 6 10 3 20 2 11 1 
student 688: 8 11 5 9 15 1 19 3 14 6 13 18 10 4 16 2 17 12 20 7 
student 689: 13 9 14 17 10 4 12 1 8 2 11 15 16 7 19 3 5 6 18 20 
student 690: 9 11 1 13 10 8 3 7 19 15 12 17 20 6 16 5 14 4 18 2 
student 691: 8 7 11 14 5 6 15 3 20 2 13 17 9 10 18 1 19 4 16 12 
student 692: 10 14 3 8 18 11 15 4 16 7 19 20 13 6 9 2 12 5 17 1 
student 693: 7 5 8 11 12 3 16 2 20 9 10 17 18 6 15 1 14 4 19 13 
student 694: 17 5 8 16 7 4 12 1 10 15 11 19 6 14 18 2 9 13 20 3 
student 695: 5 12 8 16 13 6 19 2 20 18 17 4 14 7 10 3 9 1 15 11 
student 696: 3 14 12 6 10 2 20 4 17 7 16 19 18 8 9 1 15 5 13 11 
student 697: 6 10 11 13 1 2 14 3 18 8 16 19 12 5 15 4 9 7 20 17 
student 698: 8 7 13 9 10 1 14 19 17 2 11 12 20 5 15 4 18 3 6 16 
student 699: 16 9 14 6 11 3 5 2 17 15 13 19 4 8 18 12 20 7 10 1 
student 700: 6 9 4 10 14 8 16 2 11 5 12 18 17 3 15 19 13 20 7 1 
student 701: 13 10 9 3 12 6 4 8 16 1 15 20 14 2 19 7 17 5 18 11 
student 702: 7 10 4 14 13 5 8 2 19 11 17 18 16 9 15 6 12 1 20 3 
student 703: 13 7 11 6 8 2 14 3 19 4 15 20 17 5 9 10 18 1 16 12 
student 704: 9 4 15 16 3 5 6 1 20 12 14 19 13 10 18 7 11 8 17 2 
student 705: 13 1 7 12 16 4 14 2 18 6 11 20 3 8 17 5 15 19 10 9 
student 706: 7 8 14 15 13 1 19 3 9 10 20 18 11 4 12 5 17 2 16 6 
student 707: 6 8 17 12 5 16 7 4 15 3 14 20 11 18 10 9 19 1 13 2 
student 708: 13 9 11 12 17 2 14 4 16 6 5 20 10 7 15 3 18 1 19 8 
student 709: 4 5 14 10 12 3 16 1 19 9 13 20 17 8 11 6 15 7 18 2 
student 710: 13 7 8 6 10 3 20 1 19 4 14 16 17 5 15 12 9 2 18 11 
student 711: 6 13 9 15 11 1 20 4 16 2 14 19 10 8 12 7 18 3 17 5 
student 712: 15 3 8 9 5 7 16 2 17 1 12 20 19 4 14 10 11 18 13 6 
student 713: 9 7 15 14 5 1 18 3 19 4 13 20 10 11 12 6 17 2 16 8 
student 714: 10 11 16 3 18 2 19 1 17 8 14 20 13 4 9 7 15 5 12 6 
student 715: 4 13 6 14 11 8 16 7 20 5 9 17 18 10 15 2 12 1 19 3 
student 716: 2 4 3 5 7 12 15 1 19 6 17 16 9 13 14 8 18 10 20 11 
student 717: 6 11 12 16 4 7 14 3 18 10 17 19 5 8 15 2 13 1 20 9 
student 718: 5 6 15 13 4 2 19 1 12 7 11 20 17 9 8 3 14 10 18 16 
student 719: 5 7 14 19 10 11 9 1 12 6 8 17 16 3 18 2 15 4 20 13 
student 720: 15 3 8 19 10 1 12 2 14 13 11 17 9 7 18 4 16 5 20 6 
student 721: 18 12 5 7 14 4 17 2 9 10 13 19 11 3 15 1 20 8 16 6 
student 722: 16 5 15 7 12 2 20 1 17 9 10 19 6 11 14 3 8 13 18 4 
student 723: 14 8 1 5 13 2 15 9 19 11 16 18 12 7 10 4 20 6 17 3 
student 724: 8 9 13 17 10 1 20 2 19 11 4 15 12 7 14 3 18 5 16 6 
student 725: 8 11 9 12 10 3 17 2 18 4 13 19 7 16 15 1 14 5 20 6 
student 726: 3 14 7 16 12 2 13 9 20 1 17 19 10 11 15 5 18 6 8 4 
student 727: 15 13 10 7 8 3 18 2 14 1 16 17 5 12 11 4 19 9 20 6 
student 728: 17 16 2 6 12 14 20 3 11 8 7 15 9 4 18 1 19 10 13 5 
student 729: 5 8 9 15 14 6 17 4 7 3 16 20 13 12 10 1 18 11 19 2 
student 730: 12 6 2 15 11 10 16 4 14 8 17 20 3 7 19 1 13 5 18 9 
student 731: 1 13 10 16 11 6 8 4 17 3 15 20 12 2 14 5 19 7 18 9 
student 732: 8 2 10 19 13 4 12 1 14 16 20 17 11 6 9 5 15 3 18 7 
student 733: 13 5 10 15 8 2 17 1 18 12 11 19 16 3 14 6 20 4 9 7 
student 734: 11 9 12 5 6 4 16 2 19 10 15 17 8 14 13 1 18 7 20 3 
student 735: 10 6 15 8 7 3 13 2 20 9 18 16 17 12 11 1 14 4 19 5 
student 736: 11 10 14 16 3 2 20 1 18 12 17 8 15 7 5 6 9 13 19 4 
student 737: 10 9 2 18 7 4 14 12 13 16 11 17 19 5 15 1 20 6 8 3 
student 738: 6 16 15 17 14 1 9 3 13 8 20 11 10 5 12 4 19 2 18 7 
student 739: 11 7 13 9 10 6 15 5 18 8 12 16 14 3 2 1 17 19 20 4 
student 740: 15 7 11 10 9 2 16 1 20 3 5 18 14 6 12 8 13 17 19 4 
student 741: 11 18 6 7 10 3 13 8 20 16 2 15 19 9 12 5 14 4 17 1 
student 742: 7 6 3 10 16 11 15 4 14 12 8 20 19 2 13 1 18 5 17 9 
student 743: 8 3 10 19 15 6 11 14 18 5 7 12 17 16 13 4 9 1 20 2 
student 744: 6 13 20 7 18 2 16 1 19 9 14 10 4 3 11 8 15 12 17 5 
student 745: 9 13 16 8 5 4 18 2 10 17 12 20 19 3 11 6 14 1 15 7 
student 746: 15 11 6 9 1 8 16 4 12 2 18 14 13 7 19 5 20 3 17 10 
student 747: 5 7 2 14 12 6 16 8 19 11 13 15 17 4 10 1 18 3 20 9 
student 748: 12 17 9 18 5 3 16 1 20 6 7 19 8 13 15 2 11 10 14 4 
student 749: 20 3 14 12 9 5 6 2 15 8 19 16 10 17 18 1 7 4 13 11 
student 750: 3 16 10 15 8 2 14 4 6 20 12 18 5 11 13 1 19 7 17 9 
student 751: 16 6 2 12 7 3 8 11 20 9 13 18 17 4 19 14 15 5 10 1 
student 752: 10 7 5 15 13 9 16 8 18 1 12 19 11 6 14 2 17 3 20 4 
student 753: 13 16 7 8 3 5 14 2 20 6 15 12 17 10 18 4 11 9 19 1 
student 754: 15 8 13 18 7 2 16 12 17 9 10 19 14 6 3 1 20 5 11 4 
student 755: 4 3 7 16 14 1 19 5 13 9 17 15 18 11 12 2 20 6 10 8 
student 756: 12 4 13 7 1 8 18 2 16 5 17 15 11 3 6 10 19 14 20 9 
student 757: 5 9 10 13 11 1 16 6 14 4 8 15 20 7 19 2 18 12 17 3 
student 758: 6 11 13 10 3 7 17 5 16 8 20 19 12 9 14 1 15 4 18 2 
student 759: 11 1 9 12 8 4 15 3 16 6 13 17 19 5 18 10 20 2 7 14 
student 760: 12 9 14 10 13 7 15 2 18 5 4 19 8 1 16 6 17 11 20 3 
student 761: 8 7 14 18 6 13 16 4 10 15 11 19 9 2 20 5 3 12 17 1 
student 762: 15 4 12 13 10 7 19 2 20 6 11 8 14 16 9 1 18 3 17 5 
student 763: 12 10 5 8 17 6 19 2 18 4 11 20 15 9 13 1 14 7 16 3 
student 764: 2 14 7 12 11 8 4 1 20 13 10 17 15 9 18 5 19 3 16 6 
student 765: 11 7 9 12 3 1 15 5 16 10 6 20 18 8 13 2 19 14 17 4 
student 766: 7 10 11 14 1 5 17 2 20 6 12 19 18 8 13 4 16 9 15 3 
student 767: 6 10 16 14 7 1 12 4 19 9 15 18 8 13 11 3 17 5 20 2 
student 768: 7 10 14 15 3 4 13 1 17 6 18 20 9 5 16 2 12 11 19 8 
student 769: 14 11 15 7 13 2 19 1 20 8 5 18 9 3 16 6 10 12 17 4 
student 770: 13 5 9 1 15 7 16 3 17 4 18 19 14 11 12 2 6 8 20 10 
student 771: 11 8 20 10 7 1 17 4 12 18 6 13 14 9 15 3 19 5 16 2 
student 772: 19 9 11 8 12 3 7 6 16 2 15 13 14 18 10 1 17 4 20 5 
student 773: 11 7 12 13 6 4 10 2 17 3 19 14 20 9 15 8 18 5 16 1 
student 774: 4 5 8 13 3 15 14 2 19 7 18 20 17 9 1 11 12 6 16 10 
student 775: 12 8 4 17 7 5 11 1 14 10 18 19 16 13 9 2 20 6 15 3 
student 776: 9 1 17 6 20 2 19 12 13 11 7 18 10 4 16 8 14 5 15 3 
student 777: 3 9 15 10 8 4 16 6 20 7 19 18 11 13 14 1 17 5 12 2 
student 778: 13 3 8 14 16 10 11 1 18 4 17 20 12 7 9 5 19 6 15 2 
student 779: 7 11 12 20 9 4 10 1 16 6 15 18 13 3 14 5 19 8 17 2 
student 780: 9 14 12 7 11 2 13 1 20 10 3 17 16 8 19 5 15 4 18 6 
student 781: 9 8 16 3 13 1 18 5 19 7 14 17 15 2 12 4 10 6 20 11 
student 782: 8 4 18 11 13 7 17 3 20 9 14 19 10 5 12 1 15 6 16 2 
student 783: 8 6 12 15 11 1 17 4 18 7 9 19 13 3 14 2 16 10 20 5 
student 784: 8 2 15 7 10 6 14 4 9 5 12 19 16 13 18 3 20 1 17 11 
student 785: 13 8 17 12 7 6 14 2 15 5 18 20 16 9 11 1 10 3 19 4 
student 786: 7 11 6 10 18 4 20 8 17 1 19 15 13 5 16 3 14 9 12 2 
student 787: 13 7 9 14 12 2 10 1 20 3 16 19 15 8 4 6 17 5 18 11 
student 788: 8 10 3 11 13 2 12 9 20 4 14 16 17 1 15 5 18 6 19 7 
student 789: 9 11 7 20 2 1 10 8 16 4 13 19 12 6 17 5 18 3 15 14 
student 790: 17 8 11 5 6 2 12 14 16 10 18 13 7 1 15 4 20 9 19 3 
student 791: 7 18 19 9 4 2 17 8 15 5 13 16 11 6 10 1 20 3 12 14 
student 792: 10 9 13 15 8 2 11 1 16 5 17 18 14 6 19 4 20 3 12 7 
student 793: 8 5 2 11 9 3 15 4 20 10 13 19 12 7 17 1 18 6 16 14 
student 794: 6 18 15 8 13 7 19 2 20 12 16 10 14 4 11 1 9 3 17 5 
student 795: 3 11 7 10 13 4 12 1 19 6 15 17 18 8 14 2 20 5 16 9 
student 796: 9 6 16 18 10 4 14 3 20 7 11 17 5 19 12 2 15 8 13 1 
student 797: 6 11 8 10 4 1 20 14 12 7 15 19 2 16 13 5 9 3 18 17 
student 798: 20 11 15 5 2 3 16 1 12 10 18 14 8 6 7 13 17 9 19 4 
student 799: 9 6 14 11 7 2 13 8 19 4 15 20 12 3 17 5 16 10 18 1 
