student 0: 4 8 5 11 9 12 3 17 13 10 6 1 14 2 15 7 19 20 16 18 
student 1: 17 8 7 3 11 18 4 14 2 9 10 1 19 5 12 6 16 20 15 13 
student 2: 14 11 6 7 13 10 1 19 5 2 18 3 17 4 15 8 12 16 9 20 
student 3: 4 18 5 8 10 9 1 17 2 7 19 3 14 13 15 11 6 20 12 16 
student 4: 5 3 9 16 6 14 4 19 1 7 8 2 15 10 12 13 20 17 11 18 
student 5: 9 1 7 4 12 14 5 11 2 10 3 6 19 8 13 15 20 17 16 18 
student 6: 8 3 5 12 9 11 7 15 1 6 10 4 19 2 18 13 20 16 14 17 
student 7: 2 1 6 10 12 16 11 19 3 4 9 5 20 8 13 17 18 14 7 15 
student 8: 7 1 3 4 13 15 6 20 12 5 10 8 17 19 16 11 18 2 14 9 
student 9: 18 1 5 7 15 10 9 4 2 13 3 17 12 16 20 19 8 6 11 14 
student 10: 5 1 7 6 8 9 14 18 2 4 13 3 16 12 10 11 19 17 15 20 
student 11: 12 6 4 19 16 14 9 17 3 13 5 7 10 8 15 2 18 11 1 20 
student 12: 8 3 7 5 12 15 6 18 2 9 11 1 10 4 13 17 20 16 14 19 
student 13: 9 4 5 10 8 13 15 16 7 14 3 2 12 6 20 1 18 19 11 17 
student 14: 7 6 1 11 12 8 9 18 2 5 4 10 15 3 16 14 20 17 13 19 
student 15: 15 4 9 12 2 11 3 16 1 7 10 5 18 8 13 6 14 19 17 20 
student 16: 6 2 3 8 12 14 13 20 5 4 11 1 18 10 17 7 15 19 9 16 
student 17: 7 4 6 13 17 8 3 19 1 11 12 2 9 5 14 18 15 16 10 20 
student 18: 10 4 6 11 8 12 5 17 1 9 3 2 15 7 19 13 16 14 20 18 
student 19: 11 2 5 9 17 8 12 16 4 7 10 1 15 6 19 3 14 18 13 20 
student 20: 11 5 9 12 14 16 6 20 1 7 10 13 4 2 17 3 15 18 8 19 
student 21: 18 3 1 7 8 15 14 20 2 5 9 4 12 11 16 19 6 17 13 10 
student 22: 3 4 6 7 11 19 10 16 2 14 17 5 12 8 1 13 20 15 9 18 
student 23: 6 2 9 8 13 11 12 20 5 18 4 1 17 10 3 7 19 15 14 16 
student 24: 4 3 7 8 10 13 12 16 2 5 6 1 18 9 11 15 20 17 14 19 
student 25: 12 4 1 6 19 9 16 15 2 11 5 3 17 13 8 7 14 10 20 18 
student 26: 8 1 9 10 4 6 2 18 5 7 11 3 20 12 19 13 15 17 14 16 
student 27: 8 7 2 11 6 9 3 10 1 16 12 5 20 4 17 18 19 14 15 13 
student 28: 7 3 6 14 8 12 5 15 1 13 10 2 17 4 16 9 18 20 11 19 
student 29: 9 7 1 11 12 13 6 20 4 8 2 5 17 3 16 14 18 15 10 19 
student 30: 6 3 16 5 2 15 14 18 4 19 12 1 8 7 9 10 13 17 20 11 
student 31: 9 12 3 14 11 17 10 13 6 2 5 1 16 4 15 8 20 19 7 18 
student 32: 9 1 4 18 8 13 6 20 10 5 2 11 15 3 14 7 17 16 12 19 
student 33: 2 9 12 15 13 8 5 16 3 4 7 1 20 6 10 19 18 17 11 14 
student 34: 8 2 7 4 9 14 10 15 6 11 3 1 19 5 18 12 13 16 17 20 
student 35: 10 5 2 9 4 16 11 17 1 3 12 7 14 6 8 15 19 18 13 20 
student 36: 1 9 5 3 15 16 12 8 4 6 11 2 20 10 14 7 19 18 13 17 
student 37: 4 3 1 5 7 18 9 20 2 11 13 6 16 8 14 10 12 17 15 19 
student 38: 5 11 3 7 8 15 4 17 6 12 13 1 16 2 19 18 9 10 14 20 
student 39: 5 3 1 8 6 10 15 16 2 7 11 4 19 12 18 14 20 13 9 17 
student 40: 16 14 2 7 17 18 9 4 1 15 8 5 19 3 11 6 13 12 10 20 
student 41: 9 4 3 15 12 7 8 19 2 14 6 1 18 5 13 11 16 17 10 20 
student 42: 7 3 4 15 13 18 16 8 9 12 1 2 20 6 10 11 17 14 5 19 
student 43: 10 3 9 4 12 8 2 14 1 7 11 6 20 5 13 19 18 17 15 16 
student 44: 13 2 4 6 11 10 8 19 7 9 3 1 20 5 18 12 14 16 15 17 
student 45: 8 6 7 2 15 12 11 16 4 10 1 5 19 9 20 13 14 17 3 18 
student 46: 3 11 7 5 12 16 9 20 1 15 6 2 17 10 4 18 14 13 8 19 
student 47: 9 1 5 13 8 11 10 20 4 2 6 3 16 7 14 15 18 17 19 12 
student 48: 9 3 6 8 17 18 2 15 5 10 14 1 13 7 11 4 16 19 12 20 
student 49: 7 2 4 6 16 15 5 19 9 12 14 1 17 3 8 18 10 11 13 20 
student 50: 4 7 2 13 12 10 9 18 1 11 3 8 19 5 6 16 15 14 17 20 
student 51: 3 5 14 8 7 12 9 19 1 11 16 2 15 6 13 18 10 17 4 20 
student 52: 8 7 4 5 13 2 11 19 12 9 10 3 15 1 16 6 14 18 17 20 
student 53: 13 3 4 16 19 7 6 11 2 10 9 1 12 5 14 8 15 20 18 17 
student 54: 1 4 3 13 11 7 20 17 6 10 9 2 18 12 5 8 16 15 14 19 
student 55: 4 1 3 8 13 12 7 18 6 10 9 2 14 5 17 11 15 16 19 20 
student 56: 9 3 4 10 8 14 5 19 1 2 6 12 17 7 16 18 15 11 13 20 
student 57: 2 5 10 3 17 18 6 11 1 19 14 4 20 9 8 7 16 15 12 13 
student 58: 6 2 7 15 4 13 8 14 5 17 3 1 20 16 10 11 12 18 9 19 
student 59: 2 5 8 7 4 6 13 20 10 9 1 3 14 15 12 18 17 11 19 16 
student 60: 2 8 12 5 19 14 7 20 3 10 11 4 15 1 13 16 18 6 9 17 
student 61: 8 10 5 13 17 3 7 20 2 4 14 1 19 6 11 16 15 18 9 12 
student 62: 11 4 9 8 10 12 15 19 2 5 3 1 18 7 20 14 17 13 6 16 
student 63: 2 5 1 8 10 14 12 16 3 13 6 4 9 7 18 19 11 15 17 20 
student 64: 9 4 3 1 6 10 5 20 7 12 15 2 14 8 11 13 18 17 16 19 
student 65: 5 2 1 17 8 18 7 10 3 11 12 14 9 13 15 4 6 16 19 20 
student 66: 7 3 8 11 16 10 9 17 1 12 6 2 20 4 14 5 18 15 13 19 
student 67: 6 4 3 9 19 13 5 18 1 10 8 2 16 12 15 7 14 20 11 17 
student 68: 8 3 2 10 14 1 9 18 6 13 20 7 11 4 15 16 19 12 5 17 
student 69: 2 5 7 10 11 14 6 16 4 3 8 1 20 9 12 15 18 13 17 19 
student 70: 3 13 4 11 17 8 9 16 7 5 6 1 15 2 14 12 19 18 10 20 
student 71: 7 6 9 3 12 16 10 15 5 8 2 4 18 1 17 14 13 19 11 20 
student 72: 9 7 12 11 14 8 3 18 1 10 4 2 16 6 17 15 13 5 19 20 
student 73: 15 6 9 4 14 10 7 20 1 5 8 3 18 2 19 17 16 13 12 11 
student 74: 5 3 2 9 6 1 15 16 8 7 13 4 20 11 18 10 12 19 14 17 
student 75: 7 5 6 16 3 8 11 14 1 9 15 2 18 4 13 12 20 17 10 19 
student 76: 7 1 5 20 9 12 2 10 8 6 4 3 18 17 14 11 16 13 15 19 
student 77: 3 1 2 14 18 9 5 16 4 11 8 6 13 7 15 12 17 19 10 20 
student 78: 11 2 8 7 1 19 13 18 6 15 9 4 12 3 14 5 17 16 10 20 
student 79: 9 1 2 17 19 13 6 16 7 11 3 8 10 5 4 12 20 14 18 15 
student 80: 10 2 12 7 20 8 5 19 1 14 4 3 9 16 11 6 17 15 13 18 
student 81: 10 1 7 4 15 5 9 12 3 2 11 6 19 8 17 16 14 18 13 20 
student 82: 4 6 2 9 8 5 11 19 15 13 12 1 17 3 18 14 16 10 7 20 
student 83: 1 7 9 11 4 2 20 17 5 10 14 3 19 6 15 13 16 12 8 18 
student 84: 6 2 1 16 12 20 19 13 5 9 8 4 15 10 3 17 14 11 7 18 
student 85: 7 9 6 3 10 1 8 20 2 13 15 4 19 11 12 5 14 16 18 17 
student 86: 3 8 4 15 11 16 5 20 1 7 10 6 18 2 9 14 17 19 12 13 
student 87: 10 4 7 5 6 8 15 20 2 9 12 3 16 1 14 11 18 19 13 17 
student 88: 12 1 8 6 11 10 5 19 13 2 16 3 18 4 9 17 15 20 7 14 
student 89: 9 3 2 11 13 10 6 19 1 8 12 14 17 4 18 16 15 20 7 5 
student 90: 5 3 6 4 1 10 7 17 12 8 16 11 18 2 20 9 19 13 14 15 
student 91: 8 3 7 10 11 13 4 19 6 5 14 1 16 2 9 17 15 18 12 20 
student 92: 5 6 12 10 11 14 9 19 2 20 4 1 18 3 17 8 16 13 15 7 
student 93: 7 3 5 9 18 10 4 17 2 12 16 1 13 8 14 11 19 15 6 20 
student 94: 1 10 6 16 3 12 7 15 2 11 13 4 14 9 20 5 17 18 8 19 
student 95: 11 1 8 7 12 6 5 15 3 4 14 2 16 9 13 10 17 18 20 19 
student 96: 7 1 3 9 10 2 13 20 4 15 19 5 17 8 14 18 16 6 11 12 
student 97: 12 3 7 18 5 9 15 19 2 8 1 6 14 16 11 4 17 10 13 20 
student 98: 7 1 8 6 14 15 4 13 11 9 3 2 19 12 16 5 20 18 10 17 
student 99: 9 5 1 8 4 13 7 19 2 10 15 3 20 6 11 17 14 12 16 18 
student 100: 7 3 5 13 4 9 8 20 6 2 10 1 18 17 19 14 16 12 11 15 
student 101: 10 3 1 8 17 19 9 20 2 11 4 7 15 5 14 12 16 13 6 18 
student 102: 12 2 10 13 3 14 18 15 5 11 9 1 8 7 17 4 20 16 19 6 
student 103: 7 3 5 12 10 16 8 19 1 9 11 2 17 4 6 13 14 18 15 20 
student 104: 8 1 10 11 20 12 14 19 3 2 13 6 18 5 17 15 9 7 4 16 
student 105: 9 3 6 16 15 8 4 14 1 7 10 5 18 2 11 12 19 13 17 20 
student 106: 5 9 10 17 15 2 6 16 1 12 18 3 13 4 14 7 11 19 8 20 
student 107: 3 7 13 18 9 8 6 20 4 1 14 2 17 11 16 10 15 5 12 19 
student 108: 3 10 7 12 14 6 8 20 1 11 5 2 19 4 13 9 16 17 15 18 
student 109: 2 4 1 6 17 10 7 20 3 8 19 5 9 16 13 12 14 15 11 18 
student 110: 6 2 11 13 14 5 10 20 3 4 12 9 17 1 16 15 7 18 19 8 
student 111: 7 1 2 16 8 18 14 19 9 3 12 10 13 4 20 11 17 6 5 15 
student 112: 7 2 13 4 8 14 10 15 11 5 6 3 20 1 19 9 17 12 16 18 
student 113: 6 3 1 12 7 10 11 19 2 9 5 8 17 4 14 15 20 16 13 18 
student 114: 4 1 6 11 17 7 2 10 9 13 12 3 18 5 16 15 20 14 8 19 
student 115: 5 6 4 13 12 15 10 16 2 11 3 1 8 9 14 20 18 7 17 19 
student 116: 2 3 4 12 10 18 7 17 13 8 9 5 15 1 14 11 19 16 6 20 
student 117: 7 3 9 1 11 15 4 13 2 8 12 6 20 5 18 10 14 19 16 17 
student 118: 7 1 2 17 4 14 5 19 6 8 12 9 15 3 20 13 10 11 16 18 
student 119: 11 3 1 10 12 8 15 17 4 18 2 13 19 5 16 9 6 14 7 20 
student 120: 14 6 10 1 9 4 3 19 2 13 12 5 20 11 17 8 15 18 16 7 
student 121: 3 2 7 6 11 14 1 16 5 4 12 13 18 8 19 9 15 20 10 17 
student 122: 5 2 10 7 11 12 4 20 6 9 8 3 18 1 19 13 14 15 17 16 
student 123: 14 3 1 6 11 9 15 16 2 4 5 7 13 8 18 10 20 17 12 19 
student 124: 1 2 7 10 12 15 6 19 4 9 8 5 14 3 16 17 20 18 11 13 
student 125: 15 9 5 2 1 18 12 20 4 6 8 10 13 3 7 11 17 16 14 19 
student 126: 4 6 3 19 16 1 14 18 2 10 9 5 17 7 8 13 20 11 12 15 
student 127: 3 6 7 1 20 4 2 15 11 8 13 5 10 19 14 17 12 16 9 18 
student 128: 10 3 1 8 7 9 4 20 2 11 6 5 12 16 19 14 15 13 17 18 
student 129: 11 1 8 14 9 12 3 20 4 10 6 2 18 5 17 13 16 15 19 7 
student 130: 1 4 6 11 14 3 10 19 9 12 18 2 13 5 7 16 20 17 8 15 
student 131: 3 5 4 7 6 8 9 20 1 12 2 11 19 10 16 14 17 15 13 18 
student 132: 9 5 1 13 2 15 11 18 3 4 12 8 19 6 14 16 10 17 7 20 
student 133: 3 2 6 1 19 13 9 18 4 11 8 5 14 7 16 10 17 20 15 12 
student 134: 2 5 6 10 14 3 4 20 1 11 15 8 19 7 16 13 12 18 9 17 
student 135: 8 3 4 9 6 14 10 15 2 7 13 1 18 5 19 16 17 12 11 20 
student 136: 2 1 9 14 18 7 6 12 3 8 11 4 16 5 10 13 20 19 17 15 
student 137: 7 1 2 9 10 8 4 20 3 5 6 11 15 12 17 14 19 13 16 18 
student 138: 4 5 9 16 3 13 10 12 2 8 7 1 15 14 17 11 18 19 6 20 
student 139: 5 3 4 7 12 14 9 19 1 11 13 2 20 8 15 16 17 18 6 10 
student 140: 12 14 3 10 13 11 7 18 9 4 15 2 20 1 16 6 8 19 5 17 
student 141: 11 2 7 19 6 16 10 18 5 4 1 3 15 9 8 17 13 12 14 20 
student 142: 11 9 3 10 17 14 5 20 2 4 1 6 18 7 15 8 12 16 13 19 
student 143: 4 7 8 11 14 5 2 18 1 13 10 3 16 6 20 17 15 12 9 19 
student 144: 7 8 6 2 16 14 3 19 1 18 12 5 15 9 13 10 11 17 4 20 
student 145: 9 17 10 7 13 15 2 20 3 4 6 5 14 1 12 16 19 11 8 18 
student 146: 5 1 4 11 18 7 8 15 14 9 6 2 20 3 12 13 19 16 10 17 
student 147: 2 1 7 6 13 9 5 18 8 12 15 3 17 4 20 10 19 11 14 16 
student 148: 6 3 4 16 7 18 5 19 2 8 15 1 17 9 13 14 12 11 10 20 
student 149: 5 8 4 7 13 16 3 20 1 12 6 9 10 2 17 11 19 14 15 18 
student 150: 7 3 9 10 8 5 2 19 12 6 15 1 18 14 13 11 20 16 4 17 
student 151: 1 8 2 13 6 10 11 19 12 7 5 3 14 4 15 9 18 17 16 20 
student 152: 1 12 6 15 8 10 9 18 2 7 4 3 16 5 17 11 20 13 14 19 
student 153: 7 1 2 11 13 8 4 15 3 10 6 5 16 9 19 18 20 14 17 12 
student 154: 9 3 6 15 17 20 7 18 1 4 10 2 11 5 14 13 8 16 12 19 
student 155: 14 9 1 6 7 5 4 19 2 15 3 11 16 8 18 10 17 13 12 20 
student 156: 16 4 2 6 13 20 9 12 1 10 5 3 11 8 7 15 18 17 14 19 
student 157: 2 6 4 14 15 5 11 17 13 9 8 1 20 7 12 3 16 18 10 19 
student 158: 9 2 10 12 13 19 3 16 5 8 11 1 4 6 15 18 17 14 7 20 
student 159: 2 18 8 4 5 15 6 19 11 7 12 1 9 3 14 10 17 16 13 20 
student 160: 14 1 4 9 10 20 3 19 6 8 7 2 16 5 17 18 13 11 15 12 
student 161: 6 2 3 11 12 15 9 19 4 10 7 1 13 5 16 8 20 17 14 18 
student 162: 7 1 13 3 9 10 6 18 2 12 8 4 20 5 14 15 16 17 11 19 
student 163: 3 2 4 11 14 16 7 12 5 8 10 1 15 20 13 19 17 9 6 18 
student 164: 11 3 6 7 10 5 8 20 1 2 15 9 13 4 14 12 17 16 18 19 
student 165: 7 2 5 8 10 11 12 20 4 9 6 1 19 3 14 18 15 17 13 16 
student 166: 4 11 14 2 6 8 5 18 3 7 13 1 17 12 16 10 20 15 9 19 
student 167: 8 6 1 7 11 14 4 15 3 10 9 5 16 2 12 13 18 20 17 19 
student 168: 4 2 7 9 17 10 14 15 3 13 5 1 12 8 18 16 11 20 6 19 
student 169: 6 5 3 11 12 15 7 16 1 8 4 2 17 10 20 9 14 13 18 19 
student 170: 6 15 3 7 5 12 2 18 9 8 10 4 17 1 20 14 16 19 13 11 
student 171: 9 5 2 6 12 17 3 19 1 10 4 16 20 7 11 13 8 15 18 14 
student 172: 6 1 8 11 9 10 5 18 7 2 14 3 20 4 13 12 19 16 15 17 
student 173: 7 1 5 11 10 15 9 13 4 6 8 2 19 3 14 12 17 18 16 20 
student 174: 4 1 12 5 17 8 11 15 2 3 16 18 20 9 14 13 19 7 6 10 
student 175: 10 3 15 12 4 5 17 11 1 14 2 6 18 8 9 19 13 7 16 20 
student 176: 8 11 3 6 7 16 9 14 1 4 10 2 18 12 20 5 17 15 13 19 
student 177: 1 5 4 6 8 17 7 16 9 3 2 11 19 10 20 13 12 15 14 18 
student 178: 4 6 2 11 9 15 7 20 1 13 10 5 18 3 19 8 14 12 17 16 
student 179: 5 3 12 9 15 7 13 20 1 11 6 2 10 8 14 18 16 19 4 17 
student 180: 4 2 15 8 10 9 3 17 1 5 12 7 16 13 18 20 14 11 19 6 
student 181: 12 7 8 10 3 9 4 18 5 2 14 1 19 15 16 17 6 13 11 20 
student 182: 5 6 4 12 13 3 10 19 2 11 8 1 17 9 14 16 15 7 18 20 
student 183: 6 3 2 11 14 19 9 16 4 7 12 1 18 5 15 10 13 20 8 17 
student 184: 13 2 5 16 18 6 12 8 1 10 11 4 14 3 17 19 7 15 9 20 
student 185: 17 6 5 8 9 15 2 20 3 1 11 4 19 7 16 10 18 14 12 13 
student 186: 1 5 7 9 14 16 6 13 3 12 11 4 2 8 19 18 17 15 10 20 
student 187: 9 7 5 1 8 17 4 20 3 12 6 2 19 10 13 11 14 16 15 18 
student 188: 6 5 3 18 15 13 12 20 1 10 7 8 11 4 16 9 14 2 17 19 
student 189: 5 4 2 12 3 9 8 19 1 13 14 18 15 10 6 17 16 7 11 20 
student 190: 4 11 2 7 15 10 8 16 5 9 6 3 20 1 18 13 12 17 14 19 
student 191: 9 7 1 17 10 12 6 20 2 8 5 4 11 3 19 13 18 16 15 14 
student 192: 6 1 8 11 14 13 10 19 2 9 4 3 18 7 12 5 16 17 15 20 
student 193: 6 1 7 8 12 14 10 4 3 5 13 2 18 9 15 16 20 19 17 11 
student 194: 7 2 5 8 10 17 6 16 4 14 15 1 12 3 20 18 19 9 11 13 
student 195: 5 12 1 16 14 10 8 18 3 7 11 4 20 2 15 13 6 9 17 19 
student 196: 7 2 12 3 9 6 10 18 5 14 4 11 17 1 15 8 13 16 20 19 
student 197: 5 2 4 10 11 15 8 19 1 16 6 7 14 3 20 9 13 12 18 17 
student 198: 11 7 8 5 12 13 1 14 2 15 9 4 20 3 10 17 6 18 16 19 
student 199: 3 6 1 14 19 15 8 17 9 5 7 2 20 4 13 10 18 11 12 16 
student 200: 10 1 7 9 13 8 6 18 4 14 11 2 15 5 16 19 17 12 3 20 
student 201: 6 16 4 8 7 9 5 18 3 13 11 1 20 2 12 10 19 17 15 14 
student 202: 13 6 5 12 3 16 7 18 9 4 2 1 17 8 15 10 19 11 14 20 
student 203: 16 4 7 10 12 9 5 18 3 2 8 1 17 6 14 11 19 15 13 20 
student 204: 6 3 7 8 4 16 13 20 5 14 1 2 18 10 15 17 11 9 12 19 
student 205: 5 8 3 12 19 7 6 20 2 9 10 1 15 4 14 16 11 17 13 18 
student 206: 12 1 15 11 13 5 7 20 2 10 3 6 17 4 19 9 18 8 14 16 
student 207: 9 5 7 2 10 11 8 17 4 3 19 1 15 14 12 6 13 20 16 18 
student 208: 7 3 8 9 15 6 5 18 2 12 10 1 19 4 17 14 13 16 11 20 
student 209: 4 6 11 18 3 7 8 20 1 13 12 2 14 9 10 16 17 5 19 15 
student 210: 2 4 7 17 19 8 3 20 6 9 10 1 16 5 14 12 15 13 11 18 
student 211: 4 5 10 3 12 11 7 18 1 8 15 2 20 9 17 6 16 14 13 19 
student 212: 5 8 7 14 6 13 12 19 1 4 10 2 18 3 9 15 20 16 11 17 
student 213: 5 8 2 10 12 14 4 19 1 9 13 3 18 7 6 15 17 11 16 20 
student 214: 1 7 16 14 11 4 3 18 9 5 20 2 10 17 13 6 8 19 12 15 
student 215: 7 4 1 13 10 11 6 20 3 9 12 5 15 2 18 17 14 19 8 16 
student 216: 5 6 2 9 10 15 11 19 3 7 4 1 18 13 14 8 16 12 17 20 
student 217: 1 11 6 13 4 16 5 17 2 7 12 3 20 8 19 9 18 15 14 10 
student 218: 15 2 7 10 12 4 9 19 1 8 6 5 16 3 17 11 18 14 13 20 
student 219: 5 3 1 6 12 10 19 15 4 9 8 2 17 7 11 13 14 20 16 18 
student 220: 15 4 2 9 12 11 3 20 5 7 6 1 18 8 13 14 17 16 10 19 
student 221: 4 9 3 12 15 10 6 20 1 5 16 8 17 7 2 13 11 19 14 18 
student 222: 5 1 4 12 13 2 8 6 3 19 10 7 18 11 15 9 20 17 16 14 
student 223: 3 4 6 12 10 15 9 16 1 8 7 2 20 5 14 11 17 13 18 19 
student 224: 6 3 2 7 8 19 9 13 1 10 14 4 15 5 12 11 18 17 16 20 
student 225: 5 4 7 12 11 9 14 20 8 6 18 2 19 1 3 10 17 16 15 13 
student 226: 12 11 16 17 10 14 1 20 3 5 6 4 8 2 9 15 13 7 19 18 
student 227: 6 1 5 9 16 14 7 17 2 10 18 3 20 4 15 12 11 19 13 8 
student 228: 3 1 6 8 13 10 12 17 2 11 9 7 19 4 14 5 18 16 15 20 
student 229: 5 6 4 1 10 11 17 16 2 15 3 8 13 9 14 19 12 7 20 18 
student 230: 3 2 19 11 10 12 4 17 7 8 9 1 20 6 14 5 18 16 15 13 
student 231: 8 4 1 9 6 10 2 19 7 5 12 3 20 11 15 13 16 17 14 18 
student 232: 8 1 4 6 15 11 12 20 10 2 13 3 17 9 19 16 18 14 7 5 
student 233: 9 5 3 14 12 15 7 18 2 1 11 8 19 4 16 10 17 13 6 20 
student 234: 12 3 17 9 8 10 5 7 2 6 14 1 20 4 19 15 16 13 18 11 
student 235: 8 5 9 2 13 14 1 19 4 7 3 6 15 11 10 12 18 17 16 20 
student 236: 5 14 1 6 13 4 2 19 9 8 10 3 16 7 18 12 17 15 11 20 
student 237: 6 1 8 19 12 14 5 16 4 9 10 3 20 7 15 11 17 13 2 18 
student 238: 11 3 2 8 15 6 14 18 1 9 4 7 16 5 19 10 13 12 17 20 
student 239: 9 1 16 11 10 7 8 19 5 2 13 4 20 6 17 14 3 18 15 12 
student 240: 8 2 5 11 10 13 7 18 3 17 6 1 14 4 12 15 9 19 16 20 
student 241: 11 2 6 5 8 15 9 13 3 14 10 1 16 4 12 20 19 18 7 17 
student 242: 4 5 3 9 7 8 18 17 2 1 6 12 20 10 11 14 19 13 16 15 
student 243: 3 7 1 17 5 2 4 14 6 9 8 10 18 16 19 11 13 12 15 20 
student 244: 1 7 9 17 4 10 12 13 8 15 2 11 19 14 6 3 5 18 16 20 
student 245: 1 3 6 11 17 18 8 20 7 4 16 2 15 5 12 9 14 10 19 13 
student 246: 12 5 1 7 15 18 16 20 3 6 10 4 11 9 17 14 19 2 8 13 
student 247: 6 3 4 13 12 16 2 19 1 5 14 15 20 9 7 8 17 11 10 18 
student 248: 9 4 3 11 18 10 15 7 2 14 5 1 20 8 16 6 19 17 13 12 
student 249: 4 1 6 11 19 16 5 14 3 7 12 2 13 9 17 15 10 8 18 20 
student 250: 5 10 1 7 8 12 6 15 2 11 9 3 18 4 20 16 14 17 13 19 
student 251: 10 6 5 8 11 16 7 20 1 14 2 4 19 3 17 15 12 13 9 18 
student 252: 13 8 2 16 15 19 17 18 3 7 11 4 12 5 20 1 6 14 9 10 
student 253: 1 6 8 5 7 9 2 16 4 11 20 3 15 10 12 13 18 14 17 19 
student 254: 2 4 1 13 15 11 3 17 8 5 7 6 19 10 20 9 14 12 18 16 
student 255: 5 7 9 14 11 10 8 20 6 13 1 4 17 3 12 2 16 18 15 19 
student 256: 13 6 1 10 5 14 9 15 4 3 8 2 18 7 16 11 19 20 12 17 
student 257: 14 3 16 9 4 8 20 17 2 1 12 5 7 6 11 13 19 10 18 15 
student 258: 6 2 5 13 12 15 7 17 3 10 19 1 11 4 16 9 14 8 18 20 
student 259: 5 6 3 8 11 12 9 20 1 7 4 2 19 10 13 14 15 18 17 16 
student 260: 8 5 4 12 13 14 9 18 1 10 6 2 17 3 7 11 16 20 15 19 
student 261: 9 3 8 15 12 13 6 17 2 5 10 19 14 7 4 1 11 16 18 20 
student 262: 11 3 7 16 13 5 12 6 1 14 8 4 18 2 9 15 17 10 19 20 
student 263: 6 19 3 11 12 13 7 15 4 2 8 1 18 5 9 10 20 16 14 17 
student 264: 4 16 11 7 12 18 6 17 5 3 8 1 9 2 19 20 10 13 14 15 
student 265: 3 5 9 12 13 20 7 19 1 11 10 8 18 2 15 17 6 14 16 4 
student 266: 6 13 12 9 2 11 5 19 3 1 10 4 18 7 15 14 16 17 8 20 
student 267: 1 18 2 3 8 14 20 10 4 13 7 5 11 9 12 6 19 15 17 16 
student 268: 8 3 10 5 7 17 9 13 6 16 18 2 11 1 12 15 20 14 4 19 
student 269: 3 7 6 4 10 11 14 20 1 8 13 2 18 15 9 17 16 12 5 19 
student 270: 7 8 2 10 5 16 20 17 3 13 6 4 11 12 9 1 19 15 14 18 
student 271: 5 1 8 7 13 12 10 15 2 3 19 4 20 6 14 9 18 17 11 16 
student 272: 5 4 14 7 10 6 17 16 8 9 2 3 20 1 15 12 18 13 11 19 
student 273: 5 2 3 6 12 16 11 20 1 14 8 4 18 7 19 10 17 15 13 9 
student 274: 11 4 3 10 20 13 7 6 2 5 9 8 16 1 12 15 14 17 19 18 
student 275: 16 7 4 13 6 10 1 19 5 3 9 2 12 8 11 14 20 18 15 17 
student 276: 5 2 3 7 13 9 15 19 11 4 6 17 10 1 16 8 14 18 12 20 
student 277: 1 6 7 5 2 13 8 18 10 20 9 4 14 3 11 19 17 15 12 16 
student 278: 2 4 5 14 11 8 7 19 9 6 3 1 13 10 18 15 17 12 16 20 
student 279: 2 12 1 6 14 8 9 19 7 10 11 4 17 3 15 13 18 16 5 20 
student 280: 4 3 7 10 9 20 13 18 2 8 14 1 5 6 15 11 17 16 12 19 
student 281: 13 8 5 15 1 16 12 19 2 4 18 9 20 3 17 6 7 10 14 11 
student 282: 17 4 10 6 12 13 3 20 5 7 9 1 11 2 15 8 19 14 16 18 
student 283: 2 9 4 11 7 12 6 16 3 13 5 1 19 10 14 17 15 8 18 20 
student 284: 4 16 3 11 10 12 5 13 2 9 7 1 19 8 17 6 15 18 14 20 
student 285: 7 9 15 12 20 5 3 16 2 1 11 10 17 4 6 8 18 13 19 14 
student 286: 11 1 2 10 7 14 3 20 6 5 9 4 13 8 17 12 16 19 15 18 
student 287: 11 12 4 3 17 5 6 19 2 8 15 1 18 7 14 20 9 13 10 16 
student 288: 3 7 2 11 1 13 10 18 6 15 9 5 14 12 16 4 17 8 20 19 
student 289: 6 4 5 16 7 14 9 12 1 8 10 2 19 3 20 11 17 18 13 15 
student 290: 9 2 3 16 5 17 14 11 1 15 8 6 18 7 10 20 12 13 4 19 
student 291: 1 5 3 16 13 12 2 17 10 7 9 6 19 4 15 8 14 18 11 20 
student 292: 5 4 1 7 9 8 11 20 2 10 13 3 16 6 17 12 14 18 15 19 
student 293: 6 7 4 3 13 17 12 16 1 18 8 5 20 9 11 10 15 2 14 19 
student 294: 8 3 4 6 14 16 5 15 9 7 18 2 10 1 17 19 12 20 11 13 
student 295: 8 1 4 16 10 13 9 14 2 7 11 3 20 5 12 15 17 6 19 18 
student 296: 5 1 8 7 2 14 16 10 4 11 12 13 3 6 9 15 18 20 17 19 
student 297: 7 1 12 6 15 13 3 20 2 9 10 4 17 5 19 8 14 11 16 18 
student 298: 8 3 13 11 16 12 4 19 6 5 7 1 17 2 14 10 18 15 9 20 
student 299: 2 9 6 11 17 14 3 19 8 10 7 1 13 4 16 12 15 18 5 20 
student 300: 11 3 14 2 13 15 7 19 5 1 4 10 16 8 18 6 12 9 17 20 
student 301: 10 5 8 9 7 11 6 16 2 4 12 1 18 3 20 13 14 19 15 17 
student 302: 4 3 6 9 18 12 11 20 5 7 13 1 14 2 15 8 19 16 17 10 
student 303: 3 7 9 10 18 6 5 17 1 12 4 2 19 8 16 14 11 20 13 15 
student 304: 1 5 7 13 20 16 9 14 2 8 6 3 17 4 12 11 18 19 10 15 
student 305: 7 3 6 4 16 11 10 19 1 8 9 5 18 2 12 13 15 17 14 20 
student 306: 9 3 1 4 13 7 11 14 15 5 12 2 18 8 19 6 20 10 16 17 
student 307: 2 4 3 5 11 10 9 19 6 7 8 12 13 1 16 14 17 20 15 18 
student 308: 4 7 5 16 9 15 8 18 3 10 6 1 20 2 17 12 14 13 11 19 
student 309: 1 9 3 6 7 10 5 12 2 14 13 8 16 17 4 15 20 11 19 18 
student 310: 9 3 7 4 15 10 8 19 6 16 5 1 18 11 13 14 2 17 12 20 
student 311: 14 13 1 6 9 12 10 7 5 3 2 4 8 11 16 18 20 19 15 17 
student 312: 5 6 7 18 4 10 3 9 2 8 12 1 15 13 16 14 20 19 11 17 
student 313: 7 4 1 12 6 13 14 18 3 10 16 2 11 5 15 20 17 9 8 19 
student 314: 8 17 13 7 9 12 11 18 6 1 2 4 15 3 20 5 10 14 16 19 
student 315: 3 9 4 11 2 13 5 16 7 10 6 1 19 8 18 14 17 20 15 12 
student 316: 7 2 5 20 4 15 9 14 1 3 11 6 18 12 13 8 17 16 10 19 
student 317: 3 2 5 8 13 15 14 12 6 4 7 1 16 9 10 18 11 19 17 20 
student 318: 17 3 2 15 11 10 18 19 5 7 9 1 20 6 8 13 16 12 4 14 
student 319: 5 12 1 13 8 7 4 11 2 9 3 19 18 6 10 17 15 14 20 16 
student 320: 5 2 10 9 14 8 3 13 1 6 20 7 17 4 19 18 12 15 11 16 
student 321: 4 2 18 12 11 19 7 10 3 9 8 5 16 1 13 6 15 17 14 20 
student 322: 7 5 6 8 16 13 9 14 2 10 12 1 20 3 11 4 18 15 17 19 
student 323: 7 8 1 4 18 13 6 19 2 15 10 3 12 9 17 11 20 14 5 16 
student 324: 12 3 7 14 8 10 6 19 1 4 11 5 20 2 9 18 17 16 13 15 
student 325: 6 1 2 7 13 15 9 11 5 10 3 4 18 8 14 12 17 20 16 19 
student 326: 4 2 3 7 10 12 6 13 8 1 9 11 17 5 16 18 20 15 14 19 
student 327: 2 8 9 7 15 18 12 20 3 6 13 1 19 4 16 5 17 14 11 10 
student 328: 9 4 3 7 13 15 8 20 1 12 2 5 16 6 10 11 19 14 17 18 
student 329: 8 2 3 14 13 10 11 15 5 16 12 6 17 7 9 1 20 19 4 18 
student 330: 6 4 2 8 12 13 9 17 1 10 11 3 15 7 14 5 18 16 19 20 
student 331: 2 5 8 16 15 10 9 20 1 6 3 7 17 4 14 19 18 13 12 11 
student 332: 12 6 2 10 4 15 3 9 5 7 18 1 17 8 11 13 20 19 14 16 
student 333: 12 4 1 11 14 13 7 9 3 8 15 2 10 5 17 18 20 16 6 19 
student 334: 8 7 18 6 3 14 5 20 1 9 10 4 15 2 16 12 11 19 13 17 
student 335: 6 3 1 9 13 7 5 19 2 14 11 10 20 4 16 12 18 17 8 15 
student 336: 5 2 3 8 10 4 19 18 7 11 13 17 9 1 14 6 20 16 15 12 
student 337: 18 7 9 8 12 14 13 17 2 1 3 11 4 5 6 19 20 15 10 16 
student 338: 1 3 8 4 17 12 18 11 2 10 5 9 14 13 7 6 19 16 15 20 
student 339: 2 1 3 7 11 9 15 16 4 10 14 5 19 8 13 12 18 17 6 20 
student 340: 7 2 16 18 11 5 8 20 1 6 9 3 19 4 13 15 17 14 10 12 
student 341: 2 11 5 6 9 13 15 20 3 8 16 7 19 4 10 1 12 14 17 18 
student 342: 9 6 3 7 13 17 2 19 1 11 12 4 14 8 20 16 5 15 10 18 
student 343: 5 8 3 14 13 18 9 20 2 6 4 1 17 11 15 16 10 12 7 19 
student 344: 8 4 3 14 20 7 1 15 5 6 12 2 17 10 9 11 16 19 13 18 
student 345: 6 1 12 19 11 14 4 8 7 10 5 2 20 3 17 18 9 13 16 15 
student 346: 7 5 11 8 12 17 4 20 2 10 6 3 18 1 19 9 14 13 15 16 
student 347: 3 9 4 8 14 18 7 17 10 5 13 1 20 11 6 2 15 19 16 12 
student 348: 15 8 2 11 5 12 4 19 1 6 16 3 18 10 7 14 17 13 9 20 
student 349: 6 2 5 13 9 12 8 20 1 14 17 3 18 4 15 7 16 11 10 19 
student 350: 8 2 10 17 6 13 5 20 1 16 7 12 18 4 19 11 14 15 3 9 
student 351: 3 16 1 7 11 9 6 18 2 5 10 4 17 8 15 12 14 20 13 19 
student 352: 4 10 8 6 14 11 5 19 1 2 18 3 17 9 15 7 13 16 12 20 
student 353: 13 7 1 15 11 4 2 17 6 8 12 3 19 5 9 16 20 14 10 18 
student 354: 15 9 3 16 8 13 11 14 2 4 17 1 7 6 12 10 5 19 18 20 
student 355: 5 3 6 7 1 16 2 19 20 10 15 4 13 9 17 8 18 14 12 11 
student 356: 3 2 5 11 4 12 7 20 1 9 8 6 16 15 18 17 19 13 14 10 
student 357: 7 5 6 8 14 19 1 15 2 10 11 3 12 4 17 13 18 9 16 20 
student 358: 8 5 7 11 16 15 3 20 2 9 17 1 13 4 10 12 19 18 6 14 
student 359: 7 6 3 11 14 15 2 17 1 9 8 4 19 5 20 13 12 16 10 18 
student 360: 7 1 10 8 4 14 6 12 5 9 11 3 17 2 18 15 16 19 13 20 
student 361: 7 2 6 9 11 15 1 13 3 5 8 4 14 12 18 10 19 17 16 20 
student 362: 4 2 8 6 11 16 10 20 9 5 7 1 15 3 13 14 19 17 12 18 
student 363: 3 1 4 11 13 17 8 14 6 5 9 2 18 7 10 15 19 16 12 20 
student 364: 4 1 12 9 14 13 20 16 2 5 7 3 15 17 18 6 10 8 19 11 
student 365: 1 3 9 10 19 12 6 18 5 4 8 2 17 7 14 13 20 15 16 11 
student 366: 4 5 8 7 14 6 3 20 2 13 12 1 10 9 11 16 17 15 18 19 
student 367: 7 4 5 6 10 19 9 20 3 2 14 1 17 11 15 8 12 18 16 13 
student 368: 2 5 13 7 11 4 3 19 1 8 10 6 18 9 20 16 12 15 14 17 
student 369: 11 2 6 13 9 12 3 18 1 8 10 4 19 5 14 15 16 7 17 20 
student 370: 5 1 6 14 3 11 18 13 10 8 15 4 20 2 7 17 12 19 9 16 
student 371: 10 6 2 12 8 9 3 13 4 11 7 1 15 5 19 14 20 17 18 16 
student 372: 11 4 5 8 16 17 7 15 3 10 9 1 18 6 13 2 14 20 12 19 
student 373: 6 4 3 10 14 9 1 17 7 8 19 11 15 5 12 2 20 16 13 18 
student 374: 6 2 5 9 8 3 18 19 4 13 10 1 20 7 14 16 17 11 15 12 
student 375: 3 5 14 4 8 12 6 16 9 7 10 1 11 2 20 19 13 18 15 17 
student 376: 6 2 3 13 8 9 11 18 1 5 12 7 14 4 10 16 17 20 15 19 
student 377: 9 1 3 6 12 8 13 15 2 4 14 5 19 11 18 17 16 7 10 20 
student 378: 6 8 3 4 13 12 10 19 1 5 7 2 17 11 16 14 9 20 15 18 
student 379: 11 7 2 13 20 17 16 15 3 9 1 5 14 8 19 10 6 12 4 18 
student 380: 8 6 10 18 11 20 12 19 4 2 9 3 14 1 16 5 15 7 13 17 
student 381: 12 2 7 11 19 20 13 8 1 6 9 3 15 4 18 5 16 10 14 17 
student 382: 8 4 1 19 6 9 3 17 2 7 5 13 16 10 12 14 18 11 15 20 
student 383: 10 3 4 15 11 9 5 16 1 18 6 2 12 7 13 8 19 17 14 20 
student 384: 6 8 12 1 10 16 2 17 4 9 14 3 19 5 15 7 18 11 13 20 
student 385: 16 2 4 6 9 10 3 17 1 12 18 5 20 7 14 11 15 13 8 19 
student 386: 4 2 10 15 17 5 7 20 6 8 14 1 12 3 9 11 16 13 18 19 
student 387: 6 2 5 1 8 12 10 20 3 15 11 4 17 9 16 18 7 14 13 19 
student 388: 6 1 4 10 9 12 13 20 2 5 8 3 14 7 17 15 19 11 18 16 
student 389: 10 7 1 13 12 20 3 18 6 9 2 4 17 8 19 14 11 16 15 5 
student 390: 10 3 2 11 5 9 7 20 1 6 4 13 19 12 15 16 17 8 14 18 
student 391: 2 7 1 8 6 9 13 20 11 16 4 5 17 3 14 12 15 10 18 19 
student 392: 8 3 6 10 13 16 1 18 2 15 9 5 19 7 12 14 11 20 17 4 
student 393: 13 7 1 11 10 14 9 20 6 5 4 3 17 2 12 16 18 19 15 8 
student 394: 3 4 2 7 13 14 6 8 1 18 12 9 16 5 19 17 10 15 11 20 
student 395: 6 2 5 12 14 16 7 18 1 11 13 3 8 4 9 19 20 17 10 15 
student 396: 13 1 3 4 16 14 6 9 7 19 5 8 12 2 17 10 18 15 11 20 
student 397: 8 3 1 2 13 16 10 19 6 18 11 4 17 7 14 15 9 20 12 5 
student 398: 20 6 1 10 16 5 7 17 2 12 9 3 18 4 11 15 14 19 13 8 
student 399: 9 4 5 14 8 15 6 13 1 10 7 2 17 19 3 16 20 12 18 11 
student 400: 1 4 5 9 13 8 6 15 2 14 17 3 11 7 18 12 19 16 10 20 
student 401: 16 13 2 12 9 17 10 15 1 4 11 3 20 8 5 7 6 14 18 19 
student 402: 1 10 4 5 2 15 17 20 8 13 3 6 18 11 14 7 19 16 9 12 
student 403: 10 3 2 18 14 11 7 15 1 13 8 4 20 5 9 16 17 6 12 19 
student 404: 9 5 4 3 15 14 13 17 1 2 6 7 19 8 16 11 10 18 12 20 
student 405: 10 6 4 9 16 11 2 18 5 1 12 3 20 8 19 14 13 17 15 7 
student 406: 8 4 7 9 15 12 3 10 2 5 11 1 19 14 18 13 17 6 16 20 
student 407: 3 1 6 18 12 8 7 19 5 11 15 2 16 10 4 14 13 20 9 17 
student 408: 5 4 6 14 10 19 9 20 3 7 11 8 17 1 15 18 12 16 13 2 
student 409: 7 6 4 10 12 11 8 19 1 3 16 2 13 5 15 9 14 20 17 18 
student 410: 8 1 3 11 18 19 2 16 6 5 15 4 9 12 20 10 7 17 14 13 
student 411: 6 4 7 1 14 10 5 16 2 12 8 3 19 11 13 15 18 17 9 20 
student 412: 3 7 1 12 6 19 2 18 17 10 9 5 14 8 13 4 11 15 16 20 
student 413: 1 7 3 12 8 10 2 15 5 11 9 4 17 6 18 14 19 16 13 20 
student 414: 11 6 2 5 8 17 3 12 9 4 10 7 13 1 15 14 19 20 18 16 
student 415: 7 1 3 10 9 13 4 18 2 17 11 5 19 6 16 12 15 14 8 20 
student 416: 9 2 5 10 13 18 1 19 8 11 7 4 20 3 6 14 12 15 17 16 
student 417: 10 3 7 12 4 11 9 14 2 8 6 1 20 5 16 17 18 13 15 19 
student 418: 19 2 3 12 7 10 15 16 4 6 5 9 14 1 13 17 11 18 8 20 
student 419: 2 5 7 8 17 3 10 19 4 11 14 6 20 1 12 13 18 15 9 16 
student 420: 8 1 2 9 13 12 11 16 5 3 10 6 4 7 17 18 19 15 14 20 
student 421: 4 7 2 16 8 12 6 19 3 9 10 5 13 1 20 15 17 11 14 18 
student 422: 3 4 8 12 6 11 5 15 1 9 20 2 16 7 18 10 14 13 19 17 
student 423: 7 5 20 8 13 14 4 10 3 12 2 11 18 6 16 1 17 9 15 19 
student 424: 12 9 3 18 13 11 14 10 2 7 6 1 19 4 20 17 5 15 8 16 
student 425: 4 3 8 11 14 20 10 16 2 6 5 7 19 1 13 9 15 17 12 18 
student 426: 5 1 2 9 8 19 7 16 3 4 11 6 18 10 20 12 13 15 17 14 
student 427: 17 3 6 8 14 12 5 20 1 7 11 2 13 4 18 9 19 15 10 16 
student 428: 9 3 8 2 13 10 11 19 1 18 14 6 20 5 15 16 17 7 4 12 
student 429: 4 2 1 11 5 10 7 13 6 8 20 9 18 3 15 12 17 14 16 19 
student 430: 5 3 8 6 9 17 11 18 1 7 4 2 13 10 20 16 15 14 12 19 
student 431: 10 9 6 8 20 14 3 18 1 5 11 4 13 2 17 15 12 7 16 19 
student 432: 5 1 9 7 12 14 4 20 6 13 10 8 19 2 11 17 15 18 3 16 
student 433: 3 1 12 11 5 7 9 14 2 4 6 13 20 10 8 17 19 18 15 16 
student 434: 8 20 3 9 13 14 4 19 12 2 6 1 18 11 7 10 5 17 15 16 
student 435: 12 7 9 8 10 4 16 14 6 3 5 1 11 2 13 19 17 18 20 15 
student 436: 5 4 3 12 14 7 8 18 2 10 11 1 17 6 13 16 15 19 9 20 
student 437: 5 3 7 4 15 18 14 20 1 8 2 6 16 11 9 10 12 13 17 19 
student 438: 1 4 2 5 7 19 9 17 3 13 11 16 20 8 15 6 14 18 12 10 
student 439: 6 1 7 15 3 18 10 19 2 16 13 4 20 12 9 11 17 8 5 14 
student 440: 6 3 5 12 15 9 11 10 7 1 8 4 13 2 16 19 18 17 20 14 
student 441: 6 1 2 11 12 16 7 19 8 10 4 3 9 5 14 13 18 15 17 20 
student 442: 1 5 11 6 12 7 13 18 4 8 14 2 16 3 10 17 19 15 9 20 
student 443: 10 9 4 1 11 19 3 18 2 8 7 5 20 6 12 13 15 14 16 17 
student 444: 10 3 9 17 16 7 13 20 2 4 6 1 12 8 15 19 11 5 14 18 
student 445: 4 5 6 15 10 19 9 12 2 3 11 7 20 1 13 18 16 17 8 14 
student 446: 6 1 2 10 18 12 9 17 4 11 8 3 20 5 7 14 13 19 15 16 
student 447: 12 3 2 8 13 7 6 16 1 10 4 15 20 5 11 14 19 18 9 17 
student 448: 6 4 9 14 12 16 11 19 2 7 13 1 8 3 10 5 18 15 17 20 
student 449: 5 7 1 11 4 12 14 19 9 6 13 3 18 2 15 8 10 16 17 20 
student 450: 15 6 4 12 13 9 3 20 1 7 19 2 5 8 17 10 16 11 14 18 
student 451: 4 3 1 9 12 13 7 20 6 8 5 11 18 2 19 17 15 16 14 10 
student 452: 6 10 1 7 8 14 9 20 4 13 11 5 19 2 12 3 17 18 16 15 
student 453: 8 5 1 13 12 9 10 16 2 3 11 7 18 4 20 6 19 14 15 17 
student 454: 3 13 1 18 6 5 7 20 2 9 8 10 19 4 15 11 17 12 14 16 
student 455: 14 4 2 10 13 18 11 17 3 5 6 1 20 8 16 7 9 15 12 19 
student 456: 1 2 5 11 15 10 8 16 4 14 7 3 19 6 12 13 18 9 20 17 
student 457: 2 1 9 10 14 8 13 17 7 3 5 4 11 6 20 15 16 19 12 18 
student 458: 7 1 6 9 4 12 14 17 5 8 10 2 16 3 18 13 19 11 15 20 
student 459: 7 12 3 9 20 10 2 13 6 5 1 4 18 8 11 16 17 15 14 19 
student 460: 1 3 5 9 13 7 16 17 6 4 12 11 20 2 14 8 10 19 15 18 
student 461: 2 8 4 10 5 13 14 19 1 3 6 7 20 9 12 16 15 18 11 17 
student 462: 7 4 3 11 17 13 2 19 1 10 12 9 20 6 15 14 18 5 16 8 
student 463: 3 6 13 7 14 10 4 16 1 5 8 2 20 17 11 9 19 18 12 15 
student 464: 3 7 4 11 10 16 6 19 1 9 14 5 20 2 13 17 12 15 8 18 
student 465: 9 5 2 6 11 15 8 16 1 13 10 4 19 3 17 7 14 18 12 20 
student 466: 7 5 8 14 15 9 1 16 3 17 6 2 19 10 13 11 18 4 12 20 
student 467: 12 3 2 14 4 15 5 17 7 9 11 1 20 10 8 18 19 6 16 13 
student 468: 4 5 1 11 12 15 9 16 2 10 8 6 20 3 7 19 14 17 13 18 
student 469: 10 3 5 4 9 11 12 16 1 8 6 2 18 7 15 13 19 14 17 20 
student 470: 7 3 6 4 10 13 11 19 1 12 9 2 18 8 16 17 14 15 5 20 
student 471: 5 3 2 7 15 20 1 19 10 6 12 9 18 4 8 11 16 14 13 17 
student 472: 13 8 1 15 6 12 5 14 2 11 3 10 20 4 9 7 18 19 16 17 
student 473: 3 9 4 8 13 16 7 14 1 12 5 2 11 6 19 10 15 20 18 17 
student 474: 12 5 7 9 10 15 13 2 4 16 1 3 17 8 20 6 11 14 18 19 
student 475: 4 10 1 12 8 13 5 14 2 6 20 3 19 7 9 18 16 11 17 15 
student 476: 3 6 5 12 11 15 10 18 2 1 8 4 19 9 7 13 16 17 14 20 
student 477: 5 3 4 11 14 16 10 7 1 8 9 6 17 2 15 13 19 20 18 12 
student 478: 11 7 6 9 16 3 10 18 1 2 19 4 20 8 13 5 12 17 15 14 
student 479: 5 1 3 8 12 13 16 9 2 4 7 6 11 18 10 14 19 15 17 20 
student 480: 6 4 2 13 15 10 5 18 1 9 11 12 16 3 8 20 17 7 14 19 
student 481: 3 9 10 14 7 12 4 13 2 5 15 6 20 11 1 17 8 16 19 18 
student 482: 3 4 14 5 9 7 1 17 12 2 18 10 16 13 19 6 8 20 11 15 
student 483: 6 7 2 12 18 10 4 20 16 11 3 9 19 1 8 14 17 5 15 13 
student 484: 6 8 7 5 12 10 9 19 3 1 11 2 17 4 18 13 20 14 15 16 
student 485: 4 5 3 19 12 15 6 17 1 7 10 2 14 9 18 8 16 11 13 20 
student 486: 2 6 4 7 14 18 8 17 1 10 3 5 9 16 11 12 20 19 13 15 
student 487: 7 3 5 8 9 14 12 15 2 13 11 1 16 4 18 6 20 17 10 19 
student 488: 16 3 12 10 13 11 4 7 9 1 2 5 20 6 17 15 14 18 19 8 
student 489: 4 8 10 6 11 7 9 19 3 5 13 2 17 1 12 14 15 16 18 20 
student 490: 10 1 2 12 8 16 13 18 4 3 9 5 19 7 15 6 14 17 11 20 
student 491: 8 7 4 9 11 5 3 20 6 14 15 1 18 12 17 2 16 13 10 19 
student 492: 15 2 8 4 12 6 1 14 3 5 11 7 17 9 10 13 18 20 16 19 
student 493: 6 9 3 11 12 10 8 17 1 2 5 4 18 7 16 13 14 20 15 19 
student 494: 2 11 9 17 16 4 5 18 1 6 10 7 14 3 13 19 8 20 12 15 
student 495: 15 9 2 1 10 5 4 20 3 12 13 6 14 7 19 8 11 16 18 17 
student 496: 4 1 5 10 12 11 9 19 2 6 16 8 14 3 17 7 18 13 15 20 
student 497: 8 6 2 9 10 20 3 15 7 4 16 1 17 11 12 5 13 19 14 18 
student 498: 16 2 3 9 17 5 6 18 4 12 7 1 10 8 11 14 19 15 13 20 
student 499: 6 4 1 12 13 10 8 18 2 5 7 3 11 9 14 17 15 19 16 20 
student 500: 2 6 3 14 12 19 10 18 5 7 8 1 11 4 16 15 17 9 13 20 
student 501: 6 1 4 13 8 15 7 17 5 11 12 3 14 2 18 16 19 10 9 20 
student 502: 6 1 3 10 16 7 5 20 2 8 9 12 15 4 11 17 14 13 19 18 
student 503: 7 14 4 5 15 9 6 20 3 8 10 2 13 1 17 16 18 12 11 19 
student 504: 4 5 10 8 14 13 6 20 1 7 11 2 18 9 12 15 17 3 16 19 
student 505: 3 14 2 4 1 11 7 20 6 9 8 5 15 16 18 13 12 10 17 19 
student 506: 8 5 1 17 6 16 10 20 2 12 18 3 13 4 11 7 14 15 9 19 
student 507: 1 8 7 12 14 11 6 17 3 9 5 2 19 4 15 10 13 20 16 18 
student 508: 15 5 4 6 3 14 7 20 1 12 8 2 19 9 10 11 16 13 18 17 
student 509: 1 8 9 6 4 7 5 17 3 15 12 2 14 10 13 16 20 11 18 19 
student 510: 3 1 4 8 13 10 6 18 2 15 7 11 20 5 16 9 12 17 14 19 
student 511: 4 10 2 9 8 14 5 18 3 6 13 7 17 1 16 12 15 19 11 20 
student 512: 2 1 6 13 15 20 7 16 4 5 10 3 18 9 17 11 19 14 12 8 
student 513: 5 7 2 8 12 13 6 16 4 3 11 1 19 10 9 15 17 20 14 18 
student 514: 5 3 7 18 12 4 6 13 1 10 15 2 19 14 16 8 9 20 11 17 
student 515: 4 9 2 13 17 14 10 20 1 11 5 3 18 8 16 12 19 6 15 7 
student 516: 12 6 7 13 8 2 17 18 3 16 9 4 20 1 10 11 14 19 5 15 
student 517: 5 6 1 12 15 13 2 16 4 14 8 7 19 3 9 11 20 18 10 17 
student 518: 7 1 12 13 14 10 2 20 5 4 9 6 18 8 17 15 11 16 3 19 
student 519: 7 4 5 9 8 15 2 19 6 12 17 1 13 3 11 14 20 10 16 18 
student 520: 3 9 10 14 13 7 5 17 2 8 11 4 18 1 20 12 15 19 6 16 
student 521: 7 2 9 12 6 11 19 17 14 5 13 1 20 8 16 3 15 4 18 10 
student 522: 4 1 2 15 16 6 5 13 3 11 18 7 17 14 9 20 8 10 12 19 
student 523: 4 7 10 9 16 12 2 20 6 15 18 5 19 1 8 3 11 14 13 17 
student 524: 4 2 3 8 6 12 10 16 1 5 11 14 20 7 18 9 17 13 15 19 
student 525: 6 4 5 1 3 16 8 14 2 9 12 7 15 11 10 17 20 13 19 18 
student 526: 1 5 3 10 14 12 2 18 6 11 7 4 19 8 20 9 15 13 17 16 
student 527: 5 6 11 16 14 13 7 12 2 4 8 1 9 3 20 18 19 17 10 15 
student 528: 14 4 6 1 20 12 8 16 3 10 2 13 19 5 17 11 9 7 18 15 
student 529: 2 9 6 10 7 16 8 18 1 3 19 4 17 5 13 15 11 14 12 20 
student 530: 18 5 6 7 11 4 1 20 2 14 8 3 17 9 16 15 19 13 10 12 
student 531: 3 11 1 9 7 8 5 16 2 14 17 4 20 10 18 19 15 12 13 6 
student 532: 6 5 2 7 11 12 9 18 1 10 15 4 16 3 13 8 17 19 14 20 
student 533: 2 6 3 4 11 12 7 19 5 18 9 1 16 8 15 17 14 13 10 20 
student 534: 3 2 10 13 5 9 1 20 6 8 12 11 17 4 14 15 19 16 7 18 
student 535: 4 7 1 14 3 11 10 19 2 15 8 6 12 17 18 20 5 9 16 13 
student 536: 2 7 8 9 5 12 4 20 3 11 15 6 14 1 17 13 10 19 16 18 
student 537: 20 10 15 12 6 2 11 19 7 5 16 9 13 4 17 14 18 3 8 1 
student 538: 7 5 1 16 15 12 3 17 4 8 9 2 6 14 10 18 19 11 13 20 
student 539: 10 12 1 14 7 3 8 20 4 11 5 6 16 2 18 9 19 15 13 17 
student 540: 5 7 2 16 6 14 4 20 1 11 3 9 17 8 13 18 12 15 10 19 
student 541: 5 6 8 16 9 3 7 20 1 12 13 4 19 2 18 14 10 15 11 17 
student 542: 15 3 9 10 17 14 5 16 4 6 13 1 20 2 8 11 12 18 19 7 
student 543: 7 3 6 12 9 14 2 16 4 1 5 17 20 13 18 15 11 8 10 19 
student 544: 10 2 4 6 9 16 5 15 3 11 8 1 14 7 19 17 20 13 12 18 
student 545: 8 3 1 14 5 10 6 7 4 12 15 2 16 11 17 20 18 9 13 19 
student 546: 2 3 6 14 15 18 7 19 5 13 11 4 17 1 10 16 12 9 8 20 
student 547: 10 8 13 9 1 16 12 17 4 6 7 5 18 2 14 11 15 19 3 20 
student 548: 1 3 5 7 10 15 2 13 6 14 12 11 19 4 16 9 20 17 8 18 
student 549: 10 5 6 11 14 7 2 20 1 4 3 13 16 8 12 15 18 19 9 17 
student 550: 6 1 4 7 15 17 8 16 2 12 11 3 14 5 19 13 20 9 10 18 
student 551: 5 7 3 14 12 10 6 18 2 9 11 4 17 8 13 1 20 16 15 19 
student 552: 4 2 3 13 14 17 7 20 1 11 5 6 19 8 9 12 10 16 15 18 
student 553: 13 2 5 7 12 11 3 17 4 8 1 9 14 6 18 16 20 10 19 15 
student 554: 9 2 3 11 19 15 12 10 1 20 8 5 16 4 14 6 13 18 7 17 
student 555: 6 10 7 5 8 14 2 18 4 12 3 1 13 9 16 11 17 15 20 19 
student 556: 2 5 6 11 8 13 9 18 7 3 14 1 15 4 10 12 20 17 16 19 
student 557: 10 2 7 11 8 13 12 17 1 4 19 3 16 5 20 9 15 14 6 18 
student 558: 10 7 12 11 5 6 15 16 1 2 9 4 13 3 14 8 20 18 17 19 
student 559: 1 5 2 7 10 9 11 18 13 8 4 3 15 6 17 14 19 16 12 20 
student 560: 2 13 3 7 1 16 17 20 4 5 8 6 18 9 11 10 12 14 15 19 
student 561: 8 2 5 18 13 16 4 20 1 10 3 7 17 12 14 6 19 9 11 15 
student 562: 6 3 15 19 8 10 7 13 2 9 5 1 16 4 18 11 12 20 17 14 
student 563: 16 3 9 1 4 10 8 14 2 5 15 6 11 7 20 12 17 18 13 19 
student 564: 5 10 6 13 17 12 4 20 7 11 2 1 18 3 9 14 8 19 16 15 
student 565: 7 10 3 9 13 15 8 18 1 11 5 4 16 2 12 20 6 14 17 19 
student 566: 5 7 3 16 17 1 11 18 6 4 13 2 10 8 12 9 15 19 14 20 
student 567: 5 2 4 9 8 10 13 20 1 6 12 3 18 7 14 11 17 15 16 19 
student 568: 7 6 3 8 12 11 9 18 2 4 10 1 16 5 17 14 20 13 15 19 
student 569: 11 2 3 14 9 20 5 16 1 8 6 13 12 4 7 17 19 18 15 10 
student 570: 3 1 6 12 19 13 8 17 5 9 7 4 18 2 15 14 16 10 11 20 
student 571: 9 1 2 10 13 14 4 12 11 6 3 8 16 5 20 7 15 17 18 19 
student 572: 17 1 2 12 11 8 9 20 3 4 13 6 18 5 7 15 16 10 14 19 
student 573: 3 10 12 7 18 17 11 19 2 13 4 5 14 1 8 9 16 15 6 20 
student 574: 11 3 2 16 17 9 4 6 7 12 15 5 19 1 20 8 18 10 13 14 
student 575: 3 1 11 18 6 10 4 19 5 9 12 7 17 2 16 14 20 13 8 15 
student 576: 5 3 12 18 17 2 7 20 1 4 9 10 19 6 13 8 14 11 16 15 
student 577: 2 10 8 7 13 9 5 20 1 17 11 3 16 4 18 12 6 15 14 19 
student 578: 7 2 11 10 14 6 8 19 12 3 9 1 16 5 17 4 15 13 18 20 
student 579: 20 6 1 3 11 7 9 18 4 12 2 5 16 8 15 10 19 17 14 13 
student 580: 6 3 5 9 18 19 16 14 4 12 2 11 20 1 7 15 8 10 13 17 
student 581: 8 3 4 10 18 13 12 16 1 5 11 2 20 7 17 14 19 15 6 9 
student 582: 3 8 6 18 13 11 5 10 2 4 1 9 20 7 17 14 15 16 12 19 
student 583: 6 3 4 1 9 13 14 18 2 7 10 5 20 12 16 11 15 8 17 19 
student 584: 6 9 2 12 5 13 4 14 1 11 7 3 15 8 17 19 16 20 10 18 
student 585: 13 3 4 14 10 12 6 17 1 7 5 9 18 2 16 8 15 20 19 11 
student 586: 5 2 1 18 12 15 11 17 6 14 8 9 3 13 16 10 4 19 7 20 
student 587: 5 7 1 17 8 14 6 15 3 2 11 10 20 4 9 12 18 13 16 19 
student 588: 3 5 1 11 7 20 8 15 14 2 16 6 10 4 19 17 13 12 9 18 
student 589: 6 7 5 12 8 14 2 20 4 9 10 3 17 1 16 15 19 11 13 18 
student 590: 1 3 4 6 14 8 15 20 13 5 10 2 17 7 12 18 16 11 9 19 
student 591: 6 2 4 7 18 12 14 19 8 1 10 5 9 3 15 11 20 16 13 17 
student 592: 3 1 8 11 9 16 5 18 2 6 7 4 20 12 13 10 14 19 17 15 
student 593: 5 12 1 14 18 15 7 19 2 3 11 9 8 6 16 4 13 20 10 17 
student 594: 5 3 8 13 10 17 6 20 2 7 11 1 15 4 12 9 14 19 16 18 
student 595: 7 4 10 15 9 8 1 20 3 5 6 2 16 13 11 18 12 19 14 17 
student 596: 2 4 3 11 13 18 8 17 6 14 15 1 9 5 10 19 20 12 7 16 
student 597: 9 14 5 2 11 19 10 13 4 7 8 1 20 6 17 18 12 16 3 15 
student 598: 3 2 1 7 18 11 10 20 8 5 4 17 13 6 12 14 15 9 19 16 
student 599: 17 5 8 11 6 19 4 20 2 9 10 1 13 3 7 12 16 15 14 18 
student 600: 3 5 9 15 13 11 6 20 2 7 8 4 16 1 19 14 17 10 12 18 
student 601: 2 7 5 19 8 14 12 20 3 6 17 4 10 9 11 15 18 13 16 1 
student 602: 1 7 6 9 13 18 8 17 3 11 4 5 19 2 15 10 20 12 14 16 
student 603: 4 2 5 14 16 7 6 13 1 10 9 8 20 3 15 17 19 12 18 11 
student 604: 5 4 3 6 10 8 7 20 2 9 11 13 18 1 16 12 15 14 17 19 
student 605: 7 3 8 11 10 15 6 13 2 14 19 1 12 5 9 18 16 17 4 20 
student 606: 11 1 3 10 8 9 4 17 7 5 6 13 18 2 12 20 15 16 14 19 
student 607: 5 1 14 3 10 12 7 20 2 6 15 9 18 4 8 17 16 13 11 19 
student 608: 17 4 2 6 12 7 9 19 11 3 8 5 15 1 18 10 16 14 13 20 
student 609: 9 4 7 6 19 13 5 14 2 3 11 1 12 8 15 17 20 10 18 16 
student 610: 4 2 8 9 7 14 17 20 1 5 3 6 15 10 19 16 12 13 11 18 
student 611: 10 3 4 15 1 11 6 18 2 5 8 7 13 12 17 14 20 9 16 19 
student 612: 10 3 8 7 5 13 2 15 4 9 11 1 16 6 12 19 20 14 17 18 
student 613: 12 10 6 7 18 11 1 5 2 8 14 3 17 4 9 20 16 19 13 15 
student 614: 2 1 4 8 19 10 12 20 6 7 11 3 18 5 13 9 17 16 15 14 
student 615: 4 2 3 15 1 16 10 13 9 18 6 8 19 5 11 7 20 12 14 17 
student 616: 6 4 2 10 15 12 5 20 3 16 11 1 17 7 13 18 9 19 14 8 
student 617: 2 7 8 9 15 5 12 18 4 1 13 3 14 10 6 16 17 19 11 20 
student 618: 6 4 2 8 15 7 10 9 1 3 5 13 19 11 14 12 16 17 20 18 
student 619: 10 2 5 11 8 7 9 18 3 4 12 1 17 6 13 14 19 15 16 20 
student 620: 7 5 13 9 19 12 2 20 6 3 4 1 18 10 8 16 15 14 11 17 
student 621: 9 8 4 5 10 13 7 19 1 11 12 3 15 2 14 6 17 20 18 16 
student 622: 5 3 2 14 16 11 4 18 1 9 13 8 15 7 12 20 17 10 6 19 
student 623: 1 7 5 14 15 11 9 20 3 6 10 2 18 4 8 16 19 13 12 17 
student 624: 2 8 4 14 7 13 5 15 1 6 3 17 18 12 11 9 19 10 16 20 
student 625: 1 7 3 5 15 8 10 17 4 16 6 9 19 2 14 12 11 20 13 18 
student 626: 6 1 12 5 9 15 14 17 4 7 8 3 18 2 19 11 16 10 13 20 
student 627: 3 2 7 17 13 14 6 18 12 4 11 5 20 1 15 16 10 8 9 19 
student 628: 6 10 1 7 8 12 5 20 4 9 11 14 19 3 15 2 18 16 13 17 
student 629: 11 4 6 5 12 17 9 15 1 10 3 2 19 8 13 16 14 18 7 20 
student 630: 6 10 3 17 13 18 16 8 7 11 5 2 20 1 14 9 12 4 15 19 
student 631: 1 6 11 12 8 18 19 15 5 4 2 3 9 7 13 17 16 14 10 20 
student 632: 7 9 5 13 11 3 8 18 4 12 10 1 16 2 14 6 17 20 15 19 
student 633: 4 7 6 5 17 3 9 20 2 11 13 10 18 1 15 8 12 19 16 14 
student 634: 3 2 12 18 11 19 4 17 1 8 9 5 7 14 6 13 16 10 15 20 
student 635: 2 3 4 13 15 14 5 16 7 8 12 1 18 6 9 17 11 10 20 19 
student 636: 1 6 15 9 12 16 4 20 5 8 11 10 19 3 7 13 14 18 2 17 
student 637: 8 1 5 14 15 7 9 17 2 3 11 4 13 6 12 20 16 18 10 19 
student 638: 8 1 5 3 15 12 6 17 2 7 11 4 14 10 20 13 16 18 9 19 
student 639: 6 7 3 2 12 16 8 17 1 10 14 5 19 4 9 20 11 15 13 18 
student 640: 8 6 1 2 11 9 4 20 3 5 16 7 17 13 12 10 19 18 14 15 
student 641: 11 4 7 13 18 14 9 20 2 10 12 5 3 1 8 16 19 6 15 17 
student 642: 7 3 4 10 8 9 13 18 1 6 17 2 16 5 14 20 12 15 11 19 
student 643: 10 4 8 14 11 3 7 18 1 2 15 6 20 9 13 12 16 5 19 17 
student 644: 3 10 1 20 12 2 11 19 15 5 7 6 14 4 17 8 16 9 13 18 
student 645: 5 1 10 7 11 13 4 19 3 2 8 6 17 9 12 20 16 15 14 18 
student 646: 6 10 3 9 5 16 14 7 1 13 20 4 15 2 18 12 8 17 11 19 
student 647: 14 4 11 9 10 17 3 15 6 5 8 1 20 2 19 18 12 16 13 7 
student 648: 9 1 2 10 7 8 3 18 5 11 4 6 17 20 13 14 16 15 12 19 
student 649: 8 3 1 4 18 15 13 20 2 10 7 5 14 6 9 16 17 12 11 19 
student 650: 9 2 7 8 14 15 6 13 1 10 11 3 18 4 16 5 20 17 12 19 
student 651: 3 11 1 12 20 9 7 4 5 14 10 2 17 6 19 8 18 15 13 16 
student 652: 6 5 2 16 10 4 17 18 1 7 8 13 19 9 15 12 11 3 14 20 
student 653: 2 8 4 10 18 3 7 16 1 5 14 13 9 6 12 11 20 17 15 19 
student 654: 16 1 3 2 13 7 9 17 4 5 11 6 15 8 19 20 12 10 18 14 
student 655: 6 1 3 17 11 14 2 19 5 10 7 9 16 4 13 8 18 15 12 20 
student 656: 12 6 1 8 2 7 10 15 5 4 18 3 14 9 16 11 20 17 13 19 
student 657: 8 3 7 14 5 15 1 18 6 4 10 2 13 11 17 9 12 16 19 20 
student 658: 4 6 10 14 11 9 1 15 5 7 8 3 20 2 13 12 19 17 16 18 
student 659: 12 10 5 6 20 14 1 11 4 3 9 8 18 2 17 13 15 7 16 19 
student 660: 11 6 2 14 16 10 7 17 5 9 8 4 13 1 18 19 3 15 12 20 
student 661: 11 6 3 13 20 7 4 18 5 17 8 1 16 10 19 14 9 15 2 12 
student 662: 12 7 1 16 4 20 3 17 6 15 13 5 10 2 18 8 14 11 9 19 
student 663: 6 9 8 7 12 13 1 19 2 11 16 3 20 5 15 4 10 18 14 17 
student 664: 15 2 1 16 6 9 7 13 19 4 11 3 20 8 18 17 12 10 5 14 
student 665: 7 5 6 10 13 11 3 18 2 1 12 4 19 8 15 14 16 20 9 17 
student 666: 5 2 4 14 1 17 9 19 3 16 10 6 18 7 15 11 13 12 8 20 
student 667: 4 3 1 10 18 11 14 19 2 5 6 7 16 8 13 9 15 17 12 20 
student 668: 12 9 8 1 10 6 15 17 3 2 16 5 20 7 11 13 4 18 14 19 
student 669: 11 18 1 3 4 20 10 5 8 12 7 2 17 6 16 9 14 15 13 19 
student 670: 6 9 2 14 5 18 7 19 1 17 8 3 13 4 10 11 12 16 15 20 
student 671: 15 2 16 4 5 14 6 13 1 9 11 8 7 3 17 19 12 18 10 20 
student 672: 3 15 10 14 1 11 4 17 9 5 8 6 18 7 12 2 13 16 20 19 
student 673: 8 1 12 11 5 16 9 20 3 6 14 2 19 4 7 18 10 15 13 17 
student 674: 5 6 1 4 8 10 2 17 7 13 9 3 15 18 20 16 14 12 11 19 
student 675: 8 4 5 7 12 14 2 13 6 9 10 1 11 3 16 15 20 17 18 19 
student 676: 3 2 5 18 14 11 8 19 1 15 7 10 13 4 17 6 9 16 12 20 
student 677: 9 3 5 19 8 20 11 17 2 13 7 1 16 4 12 10 18 14 6 15 
student 678: 7 6 4 9 8 5 16 13 1 10 11 3 19 2 17 12 18 15 14 20 
student 679: 1 3 11 12 8 18 5 16 2 6 7 9 4 10 14 19 20 15 17 13 
student 680: 3 5 14 12 9 15 2 16 1 6 7 4 13 8 10 18 20 11 19 17 
student 681: 11 6 4 10 18 9 17 19 1 15 12 8 14 7 2 3 20 5 13 16 
student 682: 14 3 10 4 6 12 8 17 1 7 16 2 19 9 5 13 18 15 11 20 
student 683: 9 6 1 8 16 17 7 13 5 20 10 4 14 3 11 12 2 19 18 15 
student 684: 5 2 10 12 11 15 9 13 3 1 6 4 7 8 19 16 14 18 17 20 
student 685: 6 7 4 13 16 9 3 19 2 14 10 1 12 8 17 18 11 15 5 20 
student 686: 10 2 7 19 6 18 3 16 1 11 17 5 15 12 14 4 8 13 9 20 
student 687: 1 4 3 12 20 8 11 16 2 14 6 5 13 9 15 7 17 10 19 18 
student 688: 5 6 7 3 13 9 4 20 1 10 8 2 15 11 12 17 18 19 14 16 
student 689: 5 2 4 11 12 15 8 19 1 7 3 10 14 9 16 6 18 17 13 20 
student 690: 2 6 5 14 15 13 10 18 1 9 3 8 20 4 11 7 16 12 17 19 
student 691: 2 7 8 6 9 13 5 17 4 12 19 1 14 3 10 15 11 20 16 18 
student 692: 9 11 2 8 3 19 6 18 1 4 12 5 20 7 10 14 16 13 17 15 
student 693: 8 14 18 2 12 9 5 19 1 4 11 7 16 3 20 13 15 10 6 17 
student 694: 9 4 1 13 7 11 3 18 2 17 10 5 16 6 8 12 20 14 15 19 
student 695: 9 1 2 11 7 10 5 17 3 6 13 4 14 8 16 15 19 12 20 18 
student 696: 7 6 17 11 5 9 1 16 3 10 20 4 18 2 8 14 12 13 15 19 
student 697: 7 4 3 12 17 16 5 20 6 10 9 1 19 2 18 14 15 13 11 8 
student 698: 11 5 2 10 15 13 3 17 4 7 8 1 18 6 14 9 16 20 12 19 
student 699: 6 3 8 12 11 13 9 20 4 10 15 5 16 1 19 2 14 7 18 17 
student 700: 11 6 1 4 7 14 5 20 2 10 8 3 18 15 13 9 19 17 16 12 
student 701: 11 1 4 9 13 14 7 18 2 6 10 3 19 5 17 8 16 12 15 20 
student 702: 6 3 10 9 20 5 7 17 4 13 12 1 14 2 19 11 8 18 15 16 
student 703: 10 7 3 9 8 12 2 13 4 5 20 1 15 6 14 16 19 18 11 17 
student 704: 6 9 5 8 10 2 7 18 3 4 20 1 17 13 14 12 16 15 11 19 
student 705: 10 6 5 1 20 19 3 14 2 8 11 4 12 7 9 13 17 16 15 18 
student 706: 3 1 4 5 6 14 13 19 9 12 10 2 11 8 16 7 18 20 15 17 
student 707: 13 6 16 7 14 15 3 18 1 5 9 4 19 2 10 11 8 17 12 20 
student 708: 9 6 10 8 4 11 2 20 3 7 15 1 16 5 13 18 17 14 12 19 
student 709: 3 2 8 10 16 13 9 17 6 4 7 1 11 5 19 15 14 20 12 18 
student 710: 20 9 4 6 7 12 2 18 3 8 10 1 16 5 13 11 15 19 17 14 
student 711: 2 9 4 13 14 5 3 16 1 8 7 6 19 11 18 10 17 15 12 20 
student 712: 10 8 3 6 15 5 1 18 2 19 4 11 17 7 16 9 14 13 12 20 
student 713: 12 5 7 10 6 15 3 17 2 16 4 1 11 9 13 8 14 20 19 18 
student 714: 11 1 10 19 6 9 2 18 4 13 12 3 20 7 8 5 17 14 16 15 
student 715: 9 3 5 7 6 20 4 15 1 12 13 2 17 10 14 16 8 19 11 18 
student 716: 4 3 2 9 13 6 7 14 1 10 8 11 19 5 12 16 15 18 20 17 
student 717: 13 3 1 9 18 8 11 17 4 7 14 5 19 6 2 15 16 10 12 20 
student 718: 6 2 5 20 11 13 7 18 3 8 9 4 14 1 10 16 17 12 15 19 
student 719: 8 15 3 10 11 12 6 20 5 7 9 4 19 1 17 16 18 2 13 14 
student 720: 5 9 2 10 18 12 1 14 4 11 3 8 19 6 17 13 20 15 16 7 
student 721: 5 4 7 11 19 10 8 18 1 2 9 3 17 6 16 12 14 20 15 13 
student 722: 5 2 9 7 4 14 8 10 1 12 18 6 19 13 20 15 16 11 3 17 
student 723: 15 2 5 9 8 14 7 17 3 18 12 4 19 6 16 1 13 10 11 20 
student 724: 5 3 8 9 18 10 7 20 4 2 6 1 15 12 17 19 14 11 13 16 
student 725: 8 3 5 12 17 18 9 13 2 10 11 4 19 1 7 14 20 15 16 6 
student 726: 3 1 5 12 20 9 6 19 2 11 8 4 15 7 14 18 16 13 10 17 
student 727: 1 4 5 16 7 12 8 19 2 6 9 3 20 11 15 13 14 10 17 18 
student 728: 10 2 8 7 13 15 12 20 3 4 9 1 18 6 5 16 11 14 17 19 
student 729: 2 4 5 19 17 14 12 18 1 7 16 3 11 10 20 6 15 9 8 13 
student 730: 9 3 4 15 14 5 7 16 1 13 8 2 20 6 11 10 18 12 19 17 
student 731: 9 3 5 8 14 13 6 18 4 11 7 1 19 2 10 16 15 12 17 20 
student 732: 1 7 5 11 14 17 6 8 4 9 10 2 13 3 15 19 18 20 12 16 
student 733: 5 3 4 14 11 18 6 20 2 7 15 1 17 8 12 9 16 13 10 19 
student 734: 6 4 3 15 5 9 2 17 1 14 13 8 10 11 18 7 20 16 19 12 
student 735: 8 9 4 11 17 3 5 16 1 6 10 2 13 12 18 14 19 7 15 20 
student 736: 6 2 3 11 9 7 5 15 4 10 8 1 20 17 14 12 13 16 19 18 
student 737: 10 9 1 11 15 20 7 19 6 8 4 3 17 2 14 13 18 16 5 12 
student 738: 7 5 6 3 11 15 2 16 4 19 8 1 18 9 10 12 14 20 13 17 
student 739: 10 1 6 9 15 13 3 20 2 7 11 5 19 4 14 8 17 16 12 18 
student 740: 14 2 10 8 17 13 9 20 3 5 12 1 18 6 7 4 15 11 19 16 
student 741: 9 8 6 3 13 11 4 19 1 20 10 2 14 7 16 17 5 12 15 18 
student 742: 14 1 3 13 8 12 9 17 2 15 6 4 16 5 18 7 20 10 11 19 
student 743: 3 1 5 16 12 7 9 20 11 2 8 4 13 6 14 17 18 15 10 19 
student 744: 7 4 3 12 10 6 9 14 1 8 13 2 16 5 17 20 11 18 15 19 
student 745: 5 12 4 9 13 11 10 17 1 6 8 3 15 7 19 2 14 20 16 18 
student 746: 9 6 12 16 11 14 1 10 3 4 13 2 7 8 15 17 19 5 20 18 
student 747: 8 6 2 10 11 5 12 19 3 7 9 1 15 4 18 14 20 16 13 17 
student 748: 8 2 6 13 15 19 9 20 3 12 7 1 11 18 4 10 14 5 16 17 
student 749: 5 2 6 1 17 4 10 15 7 14 9 8 20 3 19 11 18 13 16 12 
student 750: 8 15 3 9 5 10 7 19 2 16 1 4 18 6 20 13 14 11 12 17 
student 751: 1 7 4 12 2 13 9 19 5 16 10 3 11 8 17 15 6 14 18 20 
student 752: 4 5 2 12 13 8 10 19 1 7 9 3 14 6 15 16 17 18 11 20 
student 753: 7 2 10 15 5 8 4 6 3 13 14 1 12 11 16 19 20 17 9 18 
student 754: 10 1 3 5 15 9 12 20 8 7 6 2 16 4 14 19 18 11 13 17 
student 755: 8 4 6 12 19 14 7 20 1 13 10 2 15 5 18 9 11 3 16 17 
student 756: 7 14 5 10 6 12 3 15 1 19 4 9 20 2 17 8 16 13 11 18 
student 757: 15 6 12 10 9 20 5 14 2 16 7 3 8 4 11 13 19 18 1 17 
student 758: 7 5 10 9 3 12 14 15 6 8 2 1 17 4 16 18 13 11 19 20 
student 759: 4 7 3 11 14 9 6 16 1 8 13 2 17 5 18 19 15 10 12 20 
student 760: 2 5 4 6 16 14 9 18 1 11 3 10 19 7 15 17 12 13 8 20 
student 761: 5 3 2 15 7 11 8 13 4 12 10 1 19 6 18 16 14 9 17 20 
student 762: 13 5 6 3 9 7 11 18 1 8 20 2 19 4 16 10 17 15 12 14 
student 763: 6 3 5 18 12 16 8 20 2 11 10 1 15 7 14 13 19 4 17 9 
student 764: 10 3 2 15 5 17 4 12 1 9 13 7 16 6 18 8 19 20 11 14 
student 765: 5 7 8 12 14 2 9 18 1 15 10 3 19 13 20 16 4 11 6 17 
student 766: 6 8 1 17 7 5 13 16 9 10 3 4 12 2 15 11 20 19 18 14 
student 767: 3 9 10 7 4 16 5 15 1 20 14 2 19 12 13 8 18 11 17 6 
student 768: 2 3 9 15 6 10 12 19 5 11 14 4 20 1 16 8 13 17 7 18 
student 769: 1 2 4 11 14 13 7 20 5 9 8 3 16 6 17 18 12 15 10 19 
student 770: 14 5 3 7 15 6 9 12 2 10 1 4 11 8 17 13 19 20 16 18 
student 771: 2 4 9 8 11 10 12 20 1 6 7 3 15 5 18 13 17 16 19 14 
student 772: 4 11 1 17 7 15 5 8 2 6 10 9 19 3 20 12 16 13 14 18 
student 773: 10 5 11 13 19 6 1 14 9 2 8 3 18 12 20 15 16 4 7 17 
student 774: 1 4 3 9 11 12 5 18 2 13 6 7 17 8 14 10 16 15 20 19 
student 775: 5 1 12 13 11 9 8 14 2 4 6 3 19 16 10 15 18 17 7 20 
student 776: 9 7 1 4 8 11 3 16 5 17 6 10 20 2 18 12 14 13 15 19 
student 777: 11 6 9 13 15 14 4 12 1 3 7 2 19 5 20 16 17 18 8 10 
student 778: 14 7 10 8 17 9 3 13 1 6 5 2 16 4 18 12 15 11 20 19 
student 779: 3 7 10 4 12 18 2 17 6 11 8 1 20 5 9 15 16 13 19 14 
student 780: 3 7 2 13 10 14 5 19 1 17 4 6 16 9 11 12 18 20 8 15 
student 781: 13 2 5 7 9 10 3 19 11 4 6 8 14 1 20 15 18 16 12 17 
student 782: 3 8 5 9 13 11 2 17 4 7 10 1 18 6 15 12 19 20 14 16 
student 783: 17 6 5 2 18 15 9 19 14 4 3 1 12 13 10 11 20 8 7 16 
student 784: 2 4 5 14 11 15 6 9 1 13 7 3 20 10 8 19 16 18 17 12 
student 785: 3 6 1 8 15 18 4 17 5 12 9 11 19 2 13 10 14 7 16 20 
student 786: 11 15 5 8 12 13 2 18 7 6 9 3 17 4 10 14 16 20 1 19 
student 787: 7 2 4 8 5 13 10 11 1 15 12 3 14 6 18 9 19 20 16 17 
student 788: 6 1 4 14 12 10 8 17 2 16 7 9 13 3 5 19 11 18 15 20 
student 789: 10 3 2 7 14 8 13 20 5 1 6 17 4 9 11 15 18 16 12 19 
student 790: 5 4 3 10 15 14 6 19 1 9 12 2 18 13 7 11 8 16 17 20 
student 791: 7 1 4 10 9 11 8 15 3 2 5 6 17 14 16 13 19 18 12 20 
student 792: 3 11 7 12 5 16 4 20 9 6 10 1 17 2 14 15 13 8 18 19 
student 793: 14 3 15 16 4 9 12 20 1 6 8 2 19 5 10 13 11 18 17 7 
student 794: 5 6 4 19 11 2 8 16 3 10 9 1 17 12 18 14 7 13 20 15 
student 795: 4 11 1 10 12 13 6 14 2 7 19 3 17 5 9 8 18 15 16 20 
student 796: 8 3 2 5 17 11 4 14 6 12 9 13 19 1 10 15 7 16 18 20 
student 797: 3 2 5 10 9 13 8 15 7 4 11 12 14 6 16 1 19 17 18 20 
student 798: 17 5 4 3 6 10 13 16 15 11 7 1 20 9 2 12 14 8 18 19 
student 799: 12 6 3 9 19 14 15 18 1 5 4 2 16 8 10 13 17 11 7 20 
