student 0: 10 11 13 17 1 9 4 20 3 8 15 7 5 19 14 18 6 12 2 16 
student 1: 13 10 19 16 9 15 5 18 2 1 17 11 6 12 14 20 7 4 3 8 
student 2: 13 9 17 16 10 11 6 14 2 3 18 4 1 15 5 20 8 12 7 19 
student 3: 12 1 18 20 5 9 2 11 7 14 8 4 10 17 19 15 16 6 3 13 
student 4: 10 3 19 18 1 9 4 12 2 8 15 7 6 17 20 16 13 11 5 14 
student 5: 11 10 14 20 4 7 15 19 3 12 18 6 2 9 16 17 5 8 1 13 
student 6: 13 11 12 17 2 4 3 16 7 8 19 6 9 15 14 20 10 5 1 18 
student 7: 14 8 18 16 2 13 5 19 9 1 12 6 4 15 11 20 10 7 3 17 
student 8: 5 16 7 14 4 10 1 17 9 3 15 12 6 18 13 19 11 8 2 20 
student 9: 6 13 10 20 4 14 5 19 17 1 18 8 7 15 12 16 2 11 3 9 
student 10: 18 10 9 19 5 12 2 11 1 4 7 13 3 15 14 20 6 16 8 17 
student 11: 13 8 14 19 4 10 5 12 2 16 18 7 3 15 6 20 9 11 1 17 
student 12: 9 4 12 16 6 18 3 15 2 8 19 1 13 10 11 20 7 17 5 14 
student 13: 15 13 1 6 2 20 10 14 8 7 12 11 4 5 18 16 17 9 3 19 
student 14: 11 10 7 15 1 19 6 16 2 3 18 9 13 14 12 17 5 8 4 20 
student 15: 10 13 19 20 5 4 1 14 6 9 12 2 3 11 16 17 7 8 15 18 
student 16: 12 8 11 20 4 6 5 15 17 9 16 10 3 18 1 13 7 14 2 19 
student 17: 11 5 6 19 9 10 1 17 14 4 13 7 2 12 16 20 3 15 8 18 
student 18: 17 15 9 19 7 8 6 20 5 1 18 10 3 13 4 14 11 12 2 16 
student 19: 11 2 13 17 1 9 4 20 14 6 16 8 5 15 10 18 7 12 3 19 
student 20: 20 15 7 19 1 17 4 18 8 9 13 12 5 11 3 16 6 10 2 14 
student 21: 12 13 17 19 4 18 1 10 11 8 16 7 15 9 6 14 3 5 2 20 
student 22: 14 10 15 16 5 7 1 17 4 2 11 3 6 18 13 19 8 12 9 20 
student 23: 8 10 13 20 1 9 5 11 4 14 16 7 3 15 12 19 6 17 2 18 
student 24: 9 4 15 18 8 14 7 20 12 6 3 5 1 13 19 17 10 16 2 11 
student 25: 15 9 12 19 1 13 2 14 8 5 11 6 7 18 3 17 10 16 4 20 
student 26: 18 4 12 17 3 11 7 20 6 5 14 1 9 10 13 19 8 16 2 15 
student 27: 19 7 20 18 11 12 5 6 16 4 9 8 1 10 13 17 3 15 2 14 
student 28: 11 6 12 18 1 7 2 17 13 5 15 9 8 20 14 16 3 10 4 19 
student 29: 9 15 14 12 5 13 2 18 4 11 20 10 3 16 8 19 7 6 1 17 
student 30: 9 14 17 13 3 11 6 12 7 1 20 10 4 19 8 18 5 15 2 16 
student 31: 17 1 16 20 5 4 3 19 8 6 10 11 14 7 13 18 12 15 2 9 
student 32: 14 8 6 19 9 17 1 13 3 4 20 11 10 7 15 16 5 12 2 18 
student 33: 10 13 12 11 2 19 3 14 5 6 15 18 4 16 9 17 8 7 1 20 
student 34: 7 9 16 11 10 17 2 19 6 8 14 5 1 15 13 18 3 12 4 20 
student 35: 13 12 9 20 5 14 2 16 4 10 18 6 3 17 8 19 11 7 1 15 
student 36: 7 6 15 19 9 2 5 12 16 4 17 3 1 14 13 18 10 11 8 20 
student 37: 10 9 19 18 1 15 12 20 8 4 16 3 2 14 13 11 5 7 6 17 
student 38: 14 3 13 19 7 9 5 20 6 2 16 8 4 17 15 11 10 12 1 18 
student 39: 12 5 16 20 2 11 3 14 7 9 19 1 6 17 13 18 10 8 4 15 
student 40: 15 13 6 19 1 12 3 17 11 8 10 7 4 16 9 20 14 2 5 18 
student 41: 16 14 17 20 7 9 1 18 12 3 19 4 5 13 15 8 6 10 2 11 
student 42: 16 10 15 19 3 9 13 20 5 7 12 4 1 8 14 17 6 11 2 18 
student 43: 15 8 13 19 1 14 9 17 12 10 16 5 6 18 2 20 11 7 3 4 
student 44: 13 11 12 19 4 15 1 17 5 6 16 9 7 10 8 20 2 18 3 14 
student 45: 20 16 13 19 5 9 4 14 6 11 17 7 1 12 15 18 10 8 2 3 
student 46: 13 11 10 17 2 19 6 15 9 8 14 5 1 16 12 20 7 4 3 18 
student 47: 9 14 12 11 6 10 2 19 4 13 18 1 5 20 17 16 7 8 3 15 
student 48: 10 9 18 16 1 4 3 20 12 6 17 5 7 13 15 19 14 11 2 8 
student 49: 10 6 17 9 1 5 2 8 11 7 19 16 3 13 15 20 18 14 4 12 
student 50: 12 9 11 20 1 6 3 7 17 2 18 4 5 16 14 19 10 13 8 15 
student 51: 11 6 10 18 2 8 17 19 4 5 14 7 3 16 15 20 9 13 1 12 
student 52: 2 11 13 15 4 14 1 16 7 3 17 6 5 8 18 19 10 9 12 20 
student 53: 11 6 16 18 4 9 1 12 7 10 14 8 5 17 20 13 3 15 2 19 
student 54: 13 15 9 16 17 6 3 19 5 8 14 2 7 11 20 12 10 1 4 18 
student 55: 3 14 10 20 1 2 9 12 6 13 18 8 4 7 16 19 5 15 11 17 
student 56: 11 13 17 20 1 5 15 16 4 2 18 6 10 12 8 14 7 9 3 19 
student 57: 8 6 15 16 1 12 5 10 13 11 19 3 9 17 14 20 7 4 2 18 
student 58: 15 14 8 17 18 6 10 11 7 3 16 1 4 20 13 19 9 5 2 12 
student 59: 8 11 13 14 3 9 5 16 12 6 18 4 10 15 17 19 2 7 1 20 
student 60: 13 9 12 18 4 16 1 7 5 8 14 6 3 15 11 17 10 20 2 19 
student 61: 8 9 13 18 3 11 7 17 6 5 20 4 1 10 19 15 2 12 16 14 
student 62: 11 14 12 17 5 10 6 15 8 3 18 16 1 13 9 20 2 7 4 19 
student 63: 10 8 19 17 1 11 4 13 3 15 20 7 5 12 14 18 6 9 2 16 
student 64: 13 8 19 20 6 10 1 15 9 17 11 4 2 12 5 16 7 14 3 18 
student 65: 11 15 12 18 4 10 3 14 8 6 13 5 2 19 9 20 7 16 1 17 
student 66: 12 4 13 19 1 7 6 9 3 8 17 5 2 11 10 20 15 16 18 14 
student 67: 7 9 20 17 2 5 6 16 13 8 18 4 3 10 15 19 11 14 1 12 
student 68: 12 8 18 19 3 9 5 13 11 4 14 2 10 17 15 20 7 6 1 16 
student 69: 19 3 20 13 6 7 4 11 2 8 14 9 10 12 16 17 5 15 1 18 
student 70: 11 12 18 19 4 9 3 17 10 1 14 8 6 13 15 20 5 7 2 16 
student 71: 10 6 13 20 11 8 15 19 3 4 16 1 2 5 12 17 9 7 14 18 
student 72: 14 11 18 20 4 15 5 12 3 6 16 2 10 19 7 17 9 13 1 8 
student 73: 12 15 10 13 9 4 5 16 3 2 20 6 1 17 14 18 11 8 7 19 
student 74: 12 4 11 20 7 10 6 18 8 5 13 2 3 16 14 15 9 17 1 19 
student 75: 19 20 8 15 4 11 3 17 2 13 10 5 7 18 6 14 9 12 1 16 
student 76: 8 6 17 20 3 12 2 16 4 9 18 13 7 14 11 15 5 10 1 19 
student 77: 19 9 11 18 3 8 2 14 12 6 10 13 5 20 15 16 7 4 1 17 
student 78: 4 12 15 20 5 14 8 17 6 10 16 1 7 9 11 19 18 2 3 13 
student 79: 13 5 15 20 8 10 2 19 4 6 18 9 1 11 12 17 16 7 3 14 
student 80: 11 5 16 18 3 8 2 10 7 1 17 13 9 20 15 19 4 14 6 12 
student 81: 19 11 5 16 14 4 1 7 20 9 15 3 6 18 12 8 10 13 2 17 
student 82: 7 9 13 20 1 8 2 16 15 6 4 11 10 19 12 17 5 14 3 18 
student 83: 12 5 16 19 11 1 9 17 10 7 18 8 3 15 4 14 2 13 6 20 
student 84: 15 19 14 20 6 13 5 10 11 3 2 9 1 17 8 16 7 12 4 18 
student 85: 19 12 10 7 6 11 2 14 8 3 4 9 5 16 18 20 13 15 1 17 
student 86: 9 6 15 18 2 12 3 13 17 4 19 14 8 11 7 20 5 10 1 16 
student 87: 16 5 14 20 2 4 1 10 12 13 18 3 8 15 7 17 6 9 11 19 
student 88: 13 15 9 19 3 4 1 18 6 7 11 16 17 8 14 20 10 5 2 12 
student 89: 15 11 10 20 7 9 2 18 8 16 17 4 5 6 13 14 12 1 3 19 
student 90: 18 11 5 13 8 10 4 15 9 12 7 3 2 16 6 20 14 17 1 19 
student 91: 12 6 15 19 8 7 1 13 5 14 10 11 3 17 9 18 4 16 2 20 
student 92: 14 10 13 17 3 16 1 18 5 9 15 4 6 8 12 20 11 7 2 19 
student 93: 6 11 15 20 5 12 3 18 4 7 19 13 1 8 17 16 10 9 2 14 
student 94: 11 3 10 19 6 2 1 15 5 16 20 4 8 14 13 18 9 7 12 17 
student 95: 8 10 19 14 4 15 2 12 6 13 16 7 3 9 11 18 5 17 1 20 
student 96: 13 11 10 16 4 12 3 9 6 2 19 5 7 15 17 18 8 14 1 20 
student 97: 18 10 20 15 8 3 4 14 9 6 13 2 12 5 7 19 11 16 1 17 
student 98: 13 11 14 20 4 8 1 16 9 6 12 2 3 19 15 17 10 7 5 18 
student 99: 5 9 14 18 6 12 8 17 13 3 19 4 1 10 11 20 16 7 2 15 
student 100: 12 2 6 16 4 13 3 14 8 10 18 5 1 15 17 19 7 9 11 20 
student 101: 15 13 11 19 3 5 6 20 8 2 10 7 1 18 12 17 9 14 4 16 
student 102: 3 18 17 19 2 10 1 9 7 8 20 6 5 15 13 16 11 14 4 12 
student 103: 6 4 18 17 7 10 1 16 3 20 14 8 5 13 11 12 9 19 2 15 
student 104: 8 6 7 9 3 12 5 10 16 4 15 1 11 13 18 19 14 17 2 20 
student 105: 10 12 14 16 3 8 4 15 6 7 19 5 2 11 18 17 9 13 1 20 
student 106: 17 16 20 18 10 13 4 6 1 11 14 9 7 15 8 19 12 5 3 2 
student 107: 9 17 18 19 2 11 4 12 7 15 20 8 3 16 10 13 6 14 1 5 
student 108: 14 9 18 15 2 10 3 16 6 7 17 8 5 20 12 13 4 11 1 19 
student 109: 15 6 12 17 4 9 1 14 5 7 20 2 19 10 16 18 8 11 3 13 
student 110: 18 15 10 14 2 16 12 9 11 6 20 7 4 8 17 13 3 5 1 19 
student 111: 9 7 15 20 3 13 4 16 11 6 14 2 8 18 10 17 12 5 1 19 
student 112: 8 13 11 18 15 9 2 19 12 10 14 7 4 1 16 3 17 5 6 20 
student 113: 12 4 18 14 9 13 6 8 3 7 20 10 2 5 16 19 15 11 1 17 
student 114: 17 13 16 19 5 9 2 18 6 1 20 4 3 11 14 12 8 10 7 15 
student 115: 10 8 15 9 2 7 4 19 3 6 20 1 14 17 16 18 5 13 11 12 
student 116: 17 6 10 18 11 4 5 16 8 2 13 1 15 20 9 19 12 7 3 14 
student 117: 12 7 16 10 5 9 2 20 14 11 18 17 6 3 15 13 4 8 1 19 
student 118: 7 8 14 13 3 6 4 18 19 11 20 15 1 10 5 9 12 17 2 16 
student 119: 3 9 13 17 6 14 4 15 16 7 20 8 5 11 19 18 2 10 1 12 
student 120: 12 3 2 18 7 11 1 17 6 5 15 8 4 14 13 19 10 20 9 16 
student 121: 10 6 9 20 16 12 7 11 1 5 18 4 3 15 14 17 19 8 2 13 
student 122: 8 7 20 17 9 10 2 16 3 5 15 6 11 18 14 19 4 12 1 13 
student 123: 10 8 17 15 3 12 2 14 7 5 18 13 6 4 16 19 9 11 1 20 
student 124: 20 9 11 18 2 10 4 15 6 7 19 3 5 14 12 16 8 13 1 17 
student 125: 18 17 15 16 12 8 3 10 6 2 20 9 1 4 11 19 7 13 5 14 
student 126: 12 8 16 19 4 11 3 17 6 9 20 1 10 15 5 18 7 14 2 13 
student 127: 17 8 15 11 4 19 2 16 10 5 18 6 7 14 20 13 3 9 12 1 
student 128: 20 14 16 18 10 19 2 9 12 5 1 11 3 8 15 17 7 4 6 13 
student 129: 12 1 19 20 3 14 10 13 16 8 17 9 7 18 6 15 2 4 5 11 
student 130: 10 9 16 13 2 11 4 20 6 5 14 8 1 12 15 17 7 18 3 19 
student 131: 1 8 15 17 4 14 5 19 7 6 18 12 2 13 9 20 10 16 3 11 
student 132: 13 6 17 19 8 9 2 18 4 7 20 1 5 15 16 14 12 11 3 10 
student 133: 5 8 16 11 6 3 14 9 12 4 17 1 13 19 10 18 15 7 2 20 
student 134: 13 10 11 20 5 12 6 18 3 8 16 2 1 19 15 14 7 9 4 17 
student 135: 7 16 9 20 10 5 1 11 8 15 13 2 6 17 12 19 3 14 4 18 
student 136: 11 1 3 18 7 14 6 15 8 5 16 4 9 17 10 20 13 12 2 19 
student 137: 19 2 8 16 3 7 1 14 10 5 17 4 13 12 11 20 6 15 9 18 
student 138: 14 7 11 16 1 12 4 20 8 10 17 3 6 15 19 13 5 9 2 18 
student 139: 13 8 16 20 5 10 2 15 3 1 7 4 9 17 18 19 12 11 6 14 
student 140: 10 7 14 20 4 11 5 13 19 6 9 2 1 17 12 16 8 15 3 18 
student 141: 13 4 9 19 5 10 1 14 3 15 12 7 2 11 16 20 6 8 17 18 
student 142: 15 10 18 20 9 14 1 19 5 3 16 7 8 12 4 17 11 6 2 13 
student 143: 7 8 12 19 2 1 11 15 4 5 17 16 3 10 14 20 9 13 6 18 
student 144: 13 8 3 20 4 15 9 16 2 7 19 10 6 17 14 18 5 11 1 12 
student 145: 2 9 6 3 1 16 10 13 14 5 18 12 7 17 15 20 11 8 4 19 
student 146: 10 16 18 19 3 12 1 17 2 5 11 7 9 15 8 13 14 6 4 20 
student 147: 8 5 12 18 2 10 4 14 13 15 20 7 3 16 9 19 6 11 1 17 
student 148: 15 11 13 19 5 10 3 17 7 6 18 4 1 8 14 20 9 12 2 16 
student 149: 15 6 13 10 2 7 4 5 1 18 17 8 11 19 12 16 14 3 9 20 
student 150: 11 3 12 20 1 13 8 18 7 2 19 4 9 15 14 16 5 10 6 17 
student 151: 11 6 2 20 14 15 10 9 4 3 12 5 1 17 16 19 8 13 7 18 
student 152: 16 10 18 20 9 11 12 5 13 2 14 3 1 19 6 15 7 8 4 17 
student 153: 6 5 12 17 8 4 1 18 9 3 16 13 2 14 10 19 11 15 7 20 
student 154: 16 3 14 17 1 11 5 19 6 7 18 4 2 13 12 20 9 10 8 15 
student 155: 10 17 16 15 5 7 9 18 2 13 11 6 4 19 12 8 14 3 1 20 
student 156: 12 14 15 18 3 11 7 20 10 5 9 2 6 17 8 19 4 13 1 16 
student 157: 8 12 19 15 2 13 5 11 7 9 16 4 3 18 14 20 10 6 1 17 
student 158: 12 11 9 19 2 10 7 16 6 14 8 3 5 17 13 15 4 20 1 18 
student 159: 12 1 13 14 11 8 2 19 5 10 20 4 3 16 18 15 9 6 7 17 
student 160: 10 4 20 15 3 5 13 16 8 11 14 2 1 18 19 12 9 6 7 17 
student 161: 17 12 3 13 1 14 11 7 5 10 18 4 9 8 2 20 16 19 6 15 
student 162: 14 19 8 16 5 9 1 6 13 12 17 2 3 15 11 20 7 10 4 18 
student 163: 4 11 12 19 7 10 2 14 9 8 20 6 1 17 15 18 5 16 3 13 
student 164: 19 4 12 17 6 11 7 13 8 2 20 10 3 15 18 16 5 14 1 9 
student 165: 17 10 12 13 7 16 4 11 2 9 18 5 3 20 19 8 14 6 1 15 
student 166: 11 15 6 20 7 2 3 17 8 1 13 5 4 16 18 19 10 14 9 12 
student 167: 11 7 20 16 4 14 10 19 9 5 8 6 2 15 13 12 3 17 1 18 
student 168: 3 7 15 18 2 1 10 16 4 11 12 13 5 8 17 20 9 19 6 14 
student 169: 14 6 13 16 4 11 1 17 8 9 20 3 7 10 12 18 5 19 2 15 
student 170: 10 19 17 18 1 6 11 7 9 3 16 8 13 14 12 20 4 5 2 15 
student 171: 9 11 13 12 7 6 2 18 14 3 15 5 4 10 17 19 1 16 8 20 
student 172: 14 12 11 18 2 5 1 19 4 3 17 9 7 15 13 20 8 10 6 16 
student 173: 13 2 14 20 1 17 5 19 8 9 18 11 7 15 4 12 6 10 3 16 
student 174: 11 14 15 16 12 9 5 18 1 4 20 8 10 17 6 19 3 7 2 13 
student 175: 8 19 20 17 11 3 2 14 1 5 16 7 6 9 10 12 15 18 4 13 
student 176: 13 12 15 16 4 2 1 14 5 9 19 6 7 17 20 11 10 8 3 18 
student 177: 20 10 9 16 1 14 2 19 3 5 15 4 7 12 13 18 8 11 6 17 
student 178: 14 9 6 16 5 8 4 13 11 3 17 12 2 18 10 20 1 15 7 19 
student 179: 14 6 12 18 4 9 2 16 5 3 19 7 15 10 13 20 8 11 1 17 
student 180: 8 6 18 20 1 10 9 16 5 17 14 3 7 11 19 15 4 12 2 13 
student 181: 10 14 9 18 2 17 4 11 7 6 13 1 5 19 12 20 8 15 3 16 
student 182: 9 3 17 18 2 15 8 16 5 7 11 13 1 14 12 20 4 10 6 19 
student 183: 13 10 7 18 9 8 2 19 6 3 15 4 12 14 16 20 5 11 1 17 
student 184: 4 11 15 13 2 10 8 19 6 1 16 3 7 14 12 20 9 18 5 17 
student 185: 10 8 14 20 13 3 6 12 9 2 18 7 1 15 17 19 5 11 4 16 
student 186: 12 3 4 9 1 13 14 20 2 5 17 8 7 16 11 19 10 6 18 15 
student 187: 15 7 10 20 1 14 2 17 4 5 11 8 3 13 9 19 6 16 12 18 
student 188: 7 8 18 17 1 11 13 16 9 6 20 3 10 12 14 19 4 5 2 15 
student 189: 6 8 12 19 5 11 3 15 9 14 18 1 10 17 4 20 2 7 13 16 
student 190: 13 11 18 20 4 15 6 14 1 5 16 10 9 12 17 19 7 2 3 8 
student 191: 14 4 15 12 7 11 2 20 5 13 9 3 6 18 10 17 8 19 1 16 
student 192: 14 12 15 18 3 4 5 17 11 7 8 1 10 16 9 19 6 13 2 20 
student 193: 13 5 20 19 7 12 2 11 10 6 16 9 3 15 14 18 4 8 1 17 
student 194: 7 11 14 15 17 20 1 13 5 9 19 12 2 10 16 8 4 6 3 18 
student 195: 10 8 16 20 3 12 4 19 5 14 9 6 7 11 15 18 2 13 1 17 
student 196: 6 9 17 20 4 11 7 18 2 1 15 5 3 12 10 19 16 13 8 14 
student 197: 11 10 6 19 15 3 2 16 7 4 17 8 5 18 14 13 9 12 1 20 
student 198: 15 9 16 10 3 4 7 17 13 1 18 5 12 6 11 19 8 14 2 20 
student 199: 17 16 5 18 6 12 3 14 13 7 8 9 4 2 19 11 10 15 1 20 
student 200: 12 14 18 15 5 11 3 19 4 6 20 8 2 17 7 10 9 16 1 13 
student 201: 8 1 17 20 2 10 4 19 12 6 5 11 7 13 9 18 14 15 3 16 
student 202: 9 13 6 18 3 2 19 16 11 8 17 10 4 7 15 14 5 12 1 20 
student 203: 12 10 11 19 2 13 4 17 16 9 15 5 8 14 6 20 3 7 1 18 
student 204: 6 7 15 14 9 12 10 19 1 16 20 4 2 17 13 18 11 8 3 5 
student 205: 12 6 17 19 9 15 2 16 3 4 18 10 5 14 11 7 1 8 13 20 
student 206: 6 3 16 17 1 12 4 15 2 10 19 13 7 11 5 18 14 8 9 20 
student 207: 13 6 11 18 3 14 1 16 10 2 19 7 5 12 15 17 9 8 4 20 
student 208: 6 8 11 20 2 15 9 13 1 10 19 5 4 18 12 16 7 17 3 14 
student 209: 14 16 13 15 5 10 2 18 4 3 12 6 8 17 1 20 7 9 11 19 
student 210: 19 13 8 18 1 10 9 14 11 7 17 2 3 15 12 16 5 4 6 20 
student 211: 14 12 9 17 7 20 1 13 6 2 16 15 8 10 3 19 4 11 5 18 
student 212: 6 13 14 18 1 19 5 12 4 7 15 8 2 17 10 20 11 3 9 16 
student 213: 19 5 14 18 6 15 4 11 9 8 13 7 2 17 12 20 10 3 1 16 
student 214: 18 12 11 16 3 9 1 19 6 4 5 2 10 13 17 20 14 8 7 15 
student 215: 4 1 12 18 7 9 3 14 13 11 20 10 16 5 15 6 19 8 2 17 
student 216: 9 14 16 20 1 6 4 15 3 17 19 18 7 8 10 13 5 12 2 11 
student 217: 11 12 3 18 4 2 1 13 9 5 20 8 7 14 16 19 10 6 17 15 
student 218: 7 6 17 20 4 14 2 10 9 12 13 5 3 8 15 18 11 16 1 19 
student 219: 7 9 13 20 8 11 3 18 14 4 17 5 2 10 12 16 6 19 1 15 
student 220: 5 9 19 17 4 12 2 14 3 10 15 7 6 13 8 18 11 16 1 20 
student 221: 7 4 8 17 1 6 2 20 5 13 16 12 10 19 11 15 14 18 3 9 
student 222: 14 12 5 19 2 13 4 11 8 16 20 3 7 17 6 18 10 15 1 9 
student 223: 10 8 11 17 3 13 2 16 6 1 14 12 7 18 9 19 4 15 5 20 
student 224: 16 11 15 19 7 10 2 17 5 9 18 3 4 12 13 14 8 6 1 20 
student 225: 5 15 7 13 1 9 2 18 19 10 14 4 8 11 16 6 12 17 3 20 
student 226: 8 11 16 20 1 2 6 9 7 5 15 4 17 18 13 10 12 14 3 19 
student 227: 8 9 14 17 3 16 2 13 5 10 7 4 6 18 11 19 15 12 1 20 
student 228: 8 5 13 19 7 14 1 16 2 9 17 4 6 12 10 20 11 15 3 18 
student 229: 20 6 7 19 1 14 2 8 10 3 11 5 9 13 15 17 12 16 4 18 
student 230: 17 8 16 15 4 11 1 3 7 9 20 14 2 12 6 19 5 10 13 18 
student 231: 7 16 11 19 2 5 10 15 13 6 14 4 3 12 18 20 9 8 1 17 
student 232: 11 6 15 18 8 12 1 16 5 3 20 10 4 13 9 19 2 17 7 14 
student 233: 14 3 18 20 9 10 1 16 5 12 17 7 2 15 19 13 8 4 6 11 
student 234: 14 3 12 20 5 8 7 17 4 2 19 13 11 10 9 16 6 15 1 18 
student 235: 16 13 9 15 1 10 4 19 2 8 11 7 6 3 17 20 14 12 5 18 
student 236: 10 1 17 18 7 12 2 20 6 16 9 5 4 15 14 19 13 11 3 8 
student 237: 9 2 14 19 6 18 1 15 12 5 17 8 4 16 13 20 11 3 7 10 
student 238: 11 6 15 20 4 5 3 14 12 7 17 8 2 18 13 19 10 16 1 9 
student 239: 12 13 8 20 2 10 3 18 5 4 19 6 7 11 17 16 9 15 1 14 
student 240: 10 13 15 16 6 14 12 18 7 8 20 4 2 5 11 19 1 9 3 17 
student 241: 12 10 14 17 5 11 1 19 3 13 15 6 2 16 8 20 9 7 4 18 
student 242: 7 16 18 17 2 9 1 10 19 6 20 4 3 15 11 13 14 8 5 12 
student 243: 9 7 17 20 2 12 3 18 10 1 4 11 15 14 13 16 8 6 5 19 
student 244: 4 8 18 5 1 11 7 13 9 16 20 3 6 14 17 19 10 12 2 15 
student 245: 14 2 15 17 1 11 4 18 12 8 9 6 7 19 13 16 5 10 3 20 
student 246: 18 9 15 16 13 14 2 4 3 10 20 7 5 11 17 19 6 8 1 12 
student 247: 12 7 14 13 6 11 3 16 10 4 9 8 1 15 18 20 5 17 2 19 
student 248: 1 6 15 17 11 8 3 16 12 4 20 14 5 19 10 18 7 9 2 13 
student 249: 4 11 12 20 8 9 1 13 14 7 17 3 5 18 16 19 10 6 2 15 
student 250: 11 9 7 14 2 18 1 16 6 10 20 5 8 15 12 17 13 4 3 19 
student 251: 13 4 11 16 5 8 1 15 7 6 20 2 9 14 12 17 18 10 3 19 
student 252: 6 13 18 15 4 3 2 5 10 8 14 9 7 12 17 20 16 11 1 19 
student 253: 4 18 17 5 8 7 2 15 10 3 16 14 1 20 12 13 9 11 6 19 
student 254: 8 11 17 13 10 6 5 19 1 7 16 2 9 14 15 20 3 12 4 18 
student 255: 3 4 16 19 5 10 9 20 7 8 14 13 6 12 11 18 1 15 2 17 
student 256: 13 12 16 18 6 14 1 7 8 10 17 4 3 15 20 5 11 9 2 19 
student 257: 8 10 13 17 2 3 1 18 4 9 16 6 7 15 14 20 12 11 5 19 
student 258: 16 11 13 17 8 15 3 14 9 6 10 1 4 18 12 20 7 5 2 19 
student 259: 10 5 8 20 1 11 3 12 6 17 14 4 9 18 16 15 7 13 2 19 
student 260: 14 6 16 12 3 13 1 20 8 10 7 5 11 15 9 19 17 4 2 18 
student 261: 4 7 14 20 1 10 2 19 8 6 13 5 15 16 12 17 9 11 3 18 
student 262: 5 14 15 19 7 4 8 9 11 10 12 3 2 20 1 13 6 18 16 17 
student 263: 1 7 14 13 9 17 2 19 5 4 18 8 6 12 15 16 11 10 3 20 
student 264: 12 15 8 19 14 6 4 11 2 10 17 5 7 16 9 20 3 13 1 18 
student 265: 13 10 14 12 3 17 2 20 5 6 19 4 9 8 15 18 7 11 1 16 
student 266: 5 13 19 20 6 16 7 10 2 15 12 3 8 17 9 1 11 14 4 18 
student 267: 8 10 6 18 5 15 1 12 13 7 20 3 11 9 16 17 2 14 4 19 
student 268: 13 12 18 20 2 9 6 11 7 5 15 8 3 10 17 19 14 4 1 16 
student 269: 14 8 13 18 3 11 6 16 4 1 19 7 2 17 10 20 9 12 5 15 
student 270: 16 9 13 17 2 10 4 18 6 1 8 7 3 15 11 20 5 14 12 19 
student 271: 12 9 13 17 2 14 6 15 10 3 20 7 4 11 1 18 8 19 5 16 
student 272: 11 8 9 18 4 13 1 15 3 14 16 6 7 12 10 17 5 20 2 19 
student 273: 5 9 10 18 2 8 12 15 6 4 17 1 7 13 16 20 14 11 3 19 
student 274: 4 14 17 15 8 11 3 16 10 5 9 18 6 12 13 20 7 2 1 19 
student 275: 16 17 14 13 12 3 9 19 8 1 11 5 20 10 15 18 4 7 2 6 
student 276: 16 15 18 8 4 9 6 12 3 10 19 1 2 7 14 20 11 13 5 17 
student 277: 7 20 2 19 8 11 5 12 13 1 14 4 10 9 15 17 6 18 3 16 
student 278: 16 3 18 17 1 13 6 15 11 5 19 8 2 12 14 20 7 9 4 10 
student 279: 5 13 18 12 2 3 6 17 10 11 15 1 9 8 16 20 4 14 7 19 
student 280: 16 10 20 12 6 4 1 13 7 3 11 5 8 19 14 18 15 9 2 17 
student 281: 15 13 20 16 3 5 1 14 4 6 18 12 10 17 9 19 7 8 2 11 
student 282: 13 8 12 19 10 11 3 18 2 7 15 5 4 9 14 17 6 16 1 20 
student 283: 10 7 16 19 6 17 1 18 9 12 15 2 4 11 8 20 13 5 3 14 
student 284: 9 6 12 14 3 11 2 20 4 5 16 7 15 19 10 18 8 13 1 17 
student 285: 9 1 12 16 8 7 2 11 13 6 15 4 5 17 14 19 10 18 3 20 
student 286: 9 13 10 12 5 8 6 16 4 14 15 1 3 18 11 17 7 19 2 20 
student 287: 15 7 19 18 2 1 5 10 8 13 16 6 3 17 12 20 9 11 4 14 
student 288: 4 9 14 19 13 18 5 15 8 6 20 10 1 7 11 17 16 2 3 12 
student 289: 8 18 17 14 1 16 5 15 11 6 10 4 12 13 9 19 7 3 2 20 
student 290: 11 12 17 20 2 16 5 14 3 10 15 6 8 7 19 18 13 9 1 4 
student 291: 14 8 16 17 2 10 1 9 13 5 19 7 4 6 12 20 11 15 3 18 
student 292: 12 18 14 17 8 6 3 9 10 15 11 1 4 7 13 20 5 16 2 19 
student 293: 10 13 18 19 7 14 4 20 5 2 12 3 1 11 16 17 8 6 9 15 
student 294: 19 2 15 18 3 12 6 5 14 8 13 7 4 17 10 20 9 11 1 16 
student 295: 13 10 12 14 9 11 3 8 5 6 20 1 4 17 16 18 7 19 2 15 
student 296: 20 8 15 17 6 7 2 16 13 5 10 9 3 19 12 14 4 11 1 18 
student 297: 11 8 16 17 5 7 1 13 9 12 15 2 3 20 10 18 6 14 4 19 
student 298: 13 5 17 20 3 11 9 7 1 10 19 8 18 14 6 16 4 12 2 15 
student 299: 16 12 13 19 1 9 3 11 7 5 17 4 6 15 10 20 8 14 2 18 
student 300: 16 11 15 18 3 13 2 20 9 8 10 7 5 17 14 19 4 6 1 12 
student 301: 5 10 20 17 15 7 1 16 3 18 13 8 4 11 12 19 9 14 2 6 
student 302: 11 15 13 4 7 6 12 16 10 3 19 2 9 18 17 14 5 8 1 20 
student 303: 9 16 13 19 3 11 2 15 10 1 18 4 8 17 7 20 14 6 5 12 
student 304: 8 12 11 18 1 7 10 19 9 14 16 5 2 13 15 20 6 4 3 17 
student 305: 11 16 15 14 8 7 1 17 2 4 13 6 5 20 19 18 9 10 3 12 
student 306: 10 5 17 19 3 9 2 14 8 7 18 4 6 15 13 20 12 11 1 16 
student 307: 7 15 12 17 2 5 3 16 8 4 20 11 6 14 9 19 13 10 1 18 
student 308: 12 11 14 18 3 2 1 17 10 9 15 6 5 16 7 20 13 4 8 19 
student 309: 4 11 8 16 2 13 3 10 5 17 18 6 9 12 7 19 15 20 1 14 
student 310: 13 20 11 15 2 18 8 14 5 7 16 9 4 6 1 19 10 12 3 17 
student 311: 10 7 12 18 4 5 2 19 8 1 17 6 11 13 9 16 15 14 3 20 
student 312: 17 12 13 10 2 9 1 19 11 3 20 5 7 14 18 15 8 6 4 16 
student 313: 10 8 9 15 1 12 4 20 2 6 13 14 11 17 7 18 5 16 3 19 
student 314: 9 4 13 19 2 18 3 16 11 5 15 10 8 14 12 20 7 1 6 17 
student 315: 7 10 11 18 4 17 1 12 9 5 16 3 2 15 14 20 13 6 8 19 
student 316: 7 9 15 19 6 4 2 20 17 10 16 5 3 14 12 8 13 11 1 18 
student 317: 3 19 6 17 9 10 13 16 5 8 15 4 1 18 12 14 2 11 7 20 
student 318: 11 2 14 20 1 4 7 18 9 10 15 5 3 8 13 16 19 17 6 12 
student 319: 10 13 20 18 12 7 1 16 9 4 17 3 8 6 14 19 2 15 5 11 
student 320: 12 8 14 17 2 7 3 20 9 6 15 10 4 16 13 19 5 18 1 11 
student 321: 9 16 15 20 3 8 2 11 12 6 18 4 7 14 13 17 1 10 5 19 
student 322: 17 5 14 19 1 16 7 18 4 11 13 6 8 9 12 20 2 10 3 15 
student 323: 14 6 10 19 9 11 2 13 18 5 20 4 8 16 12 15 7 3 1 17 
student 324: 16 5 13 20 8 12 1 17 6 9 19 7 4 15 10 14 11 2 3 18 
student 325: 2 10 15 16 7 14 9 19 11 1 20 3 12 17 8 13 6 4 5 18 
student 326: 5 9 12 14 3 7 2 11 1 8 20 13 16 19 10 15 4 17 6 18 
student 327: 13 10 14 16 2 11 1 8 9 3 20 4 5 19 15 18 6 12 7 17 
student 328: 10 3 18 19 6 13 2 14 8 5 20 7 4 16 17 9 11 12 1 15 
student 329: 8 13 18 17 1 15 5 20 9 2 14 4 3 10 12 19 7 11 6 16 
student 330: 15 7 13 14 6 3 4 16 18 17 11 2 8 9 10 20 5 12 1 19 
student 331: 7 5 12 19 2 10 6 15 11 8 13 3 4 9 20 17 16 14 1 18 
student 332: 7 6 14 18 2 13 8 12 11 9 19 3 5 15 16 20 1 10 4 17 
student 333: 18 7 15 8 3 6 4 17 11 2 12 10 14 16 5 20 13 9 1 19 
student 334: 13 5 16 20 2 7 18 9 10 6 19 1 4 17 14 11 12 8 3 15 
student 335: 12 11 13 20 1 4 5 19 2 3 16 6 9 8 14 18 10 17 7 15 
student 336: 7 9 15 20 5 13 6 12 4 10 16 1 11 18 8 17 3 14 2 19 
student 337: 8 13 11 18 4 3 1 20 5 6 14 7 15 17 16 19 10 9 2 12 
student 338: 7 13 16 20 18 9 4 11 2 8 17 1 14 10 12 5 6 15 3 19 
student 339: 9 12 10 16 3 11 4 15 5 7 17 6 2 20 8 18 13 14 1 19 
student 340: 11 9 17 18 13 6 1 12 2 3 20 15 4 14 16 19 5 10 7 8 
student 341: 17 9 8 20 14 5 1 18 6 2 16 15 4 12 11 10 7 13 3 19 
student 342: 7 18 12 19 4 3 6 16 11 9 20 8 1 13 2 14 10 15 5 17 
student 343: 12 3 8 19 6 11 2 17 7 5 16 18 1 13 20 14 9 15 4 10 
student 344: 9 13 12 16 8 1 6 20 7 10 14 4 3 11 19 17 15 2 5 18 
student 345: 12 10 13 19 4 9 1 16 3 2 14 5 8 17 18 20 6 11 7 15 
student 346: 11 12 20 18 4 17 9 2 14 10 8 1 5 15 16 13 6 7 3 19 
student 347: 12 8 17 18 7 15 2 6 9 3 13 5 4 16 19 20 10 11 1 14 
student 348: 17 6 14 18 4 9 1 12 8 11 19 3 20 5 10 16 7 15 2 13 
student 349: 12 4 11 17 2 14 6 10 18 1 20 5 8 19 9 16 13 7 3 15 
student 350: 12 6 16 17 10 3 5 19 4 13 11 7 1 9 14 20 8 18 2 15 
student 351: 3 15 19 20 1 9 8 7 2 6 11 4 5 14 12 17 13 10 18 16 
student 352: 8 9 14 4 13 11 3 19 6 5 20 1 7 12 16 15 10 17 2 18 
student 353: 14 9 19 18 3 11 6 13 5 2 10 7 4 17 12 16 8 15 1 20 
student 354: 7 1 11 16 13 14 4 20 8 5 18 6 15 2 12 10 9 17 3 19 
student 355: 14 15 16 20 5 4 1 7 17 10 11 12 13 9 6 19 2 8 3 18 
student 356: 10 14 11 20 5 15 3 12 13 9 17 6 1 16 7 19 4 8 2 18 
student 357: 15 4 16 19 3 10 9 18 12 7 17 6 2 11 8 13 5 14 1 20 
student 358: 20 11 17 19 8 6 3 14 1 7 18 5 4 13 12 15 10 9 2 16 
student 359: 17 18 9 13 4 8 2 19 6 12 14 3 7 10 5 20 11 15 1 16 
student 360: 12 13 6 18 5 7 3 11 16 2 14 9 1 15 19 20 8 10 4 17 
student 361: 18 6 19 15 4 13 1 10 12 9 14 8 5 7 11 17 3 16 2 20 
student 362: 17 6 15 8 4 3 9 16 7 1 20 2 10 12 14 19 11 13 5 18 
student 363: 13 3 7 15 12 10 6 11 2 9 18 8 1 16 14 20 19 17 4 5 
student 364: 16 5 14 18 7 10 1 17 8 9 13 6 3 15 12 19 4 11 2 20 
student 365: 14 13 2 20 6 12 9 18 8 5 19 3 17 15 7 16 10 4 1 11 
student 366: 9 7 6 15 4 8 1 14 11 18 17 3 2 13 20 19 10 12 5 16 
student 367: 10 17 13 15 2 14 1 8 9 12 18 4 11 5 7 20 3 16 6 19 
student 368: 11 10 20 19 13 18 1 17 8 5 12 3 7 4 14 15 2 9 6 16 
student 369: 14 9 13 17 7 4 3 5 11 10 19 6 2 15 12 18 8 16 1 20 
student 370: 7 2 15 19 13 16 5 20 8 3 10 4 1 18 9 14 12 6 11 17 
student 371: 16 8 19 18 1 7 4 20 5 6 15 10 2 12 11 17 9 14 3 13 
student 372: 16 20 12 17 4 14 1 3 8 6 19 7 5 10 13 18 9 11 2 15 
student 373: 10 7 9 19 2 6 5 18 8 11 16 13 4 14 12 20 1 17 3 15 
student 374: 12 11 4 19 3 10 2 15 6 5 16 8 7 17 9 20 13 14 1 18 
student 375: 16 11 10 18 1 13 6 20 5 4 17 8 2 14 3 7 15 12 9 19 
student 376: 15 8 11 20 4 5 3 13 6 1 19 9 10 16 12 18 7 14 2 17 
student 377: 12 2 13 16 6 10 4 15 3 8 20 7 1 14 9 19 11 18 5 17 
student 378: 10 6 18 13 3 9 8 19 11 7 20 2 5 12 16 4 17 15 1 14 
student 379: 14 8 16 20 7 12 1 17 10 4 19 5 3 18 6 15 9 11 2 13 
student 380: 8 16 19 20 11 3 1 15 4 7 14 2 9 10 13 18 6 5 17 12 
student 381: 11 9 15 17 5 10 1 18 6 2 19 3 7 14 13 20 8 12 4 16 
student 382: 6 20 11 18 3 13 1 17 9 7 19 2 4 14 8 16 15 10 5 12 
student 383: 13 15 14 19 3 8 2 5 4 1 11 20 9 17 16 18 7 10 6 12 
student 384: 7 15 19 17 5 4 8 16 12 11 6 2 1 20 10 18 13 9 3 14 
student 385: 11 9 15 18 4 2 3 17 6 5 16 1 8 14 13 19 7 12 10 20 
student 386: 11 14 13 19 6 5 3 20 10 7 1 8 4 15 16 18 12 9 2 17 
student 387: 10 6 9 14 5 7 12 15 2 8 16 4 3 17 20 18 11 13 1 19 
student 388: 9 6 20 15 5 7 4 11 1 8 14 10 2 16 12 18 17 13 3 19 
student 389: 10 2 17 19 3 14 1 20 4 18 13 5 16 11 15 12 6 8 7 9 
student 390: 10 13 6 19 5 8 3 20 15 4 11 2 9 17 16 18 14 7 1 12 
student 391: 8 3 12 20 1 11 9 15 6 2 17 5 10 7 19 14 13 16 4 18 
student 392: 15 8 10 19 4 3 17 12 6 18 7 2 5 13 11 20 9 14 1 16 
student 393: 9 7 13 18 10 8 3 16 2 6 17 4 5 15 11 20 14 12 1 19 
student 394: 11 8 14 19 4 13 1 20 10 6 17 3 5 18 12 15 9 7 2 16 
student 395: 13 10 16 20 2 7 5 12 6 9 15 4 1 19 14 18 8 11 3 17 
student 396: 11 12 15 20 4 10 7 5 6 2 18 9 3 16 14 19 1 13 8 17 
student 397: 19 5 10 17 2 13 8 15 1 11 12 4 14 18 7 20 9 6 3 16 
student 398: 4 6 17 19 2 10 1 20 9 5 14 11 3 18 13 15 8 12 7 16 
student 399: 17 7 8 13 5 3 6 19 4 1 15 14 2 10 9 18 16 20 11 12 
student 400: 9 13 19 20 4 16 6 10 2 1 11 5 3 14 17 15 8 12 7 18 
student 401: 14 12 15 18 3 5 2 16 1 8 20 6 7 13 11 19 9 10 4 17 
student 402: 5 7 15 17 8 4 9 20 13 6 18 1 11 14 10 16 3 12 2 19 
student 403: 12 5 6 20 2 10 9 18 16 4 17 1 14 13 15 11 8 7 3 19 
student 404: 12 1 19 18 6 9 4 20 15 3 7 10 5 14 17 16 11 8 2 13 
student 405: 12 15 18 16 4 5 6 20 7 11 17 1 9 8 10 19 13 3 2 14 
student 406: 9 12 15 16 3 11 8 18 2 4 10 7 5 20 13 17 6 14 1 19 
student 407: 14 9 19 11 5 8 1 17 6 2 18 10 4 13 12 16 7 15 3 20 
student 408: 8 18 19 14 10 9 7 2 1 12 17 3 4 11 6 15 16 13 5 20 
student 409: 13 15 9 16 7 17 4 18 8 11 19 1 5 10 3 20 6 12 2 14 
student 410: 17 8 13 19 6 2 12 18 3 15 16 5 4 11 10 14 7 9 1 20 
student 411: 5 10 19 16 3 12 2 14 7 1 15 6 4 13 11 20 8 17 9 18 
student 412: 7 12 8 18 3 17 10 13 15 11 14 6 5 19 4 16 2 9 1 20 
student 413: 3 5 16 19 2 10 11 13 9 1 20 7 14 12 18 17 6 8 4 15 
student 414: 19 14 15 11 8 6 5 7 4 3 17 10 1 16 12 20 13 9 2 18 
student 415: 14 9 1 19 4 18 2 11 7 6 10 5 3 13 16 20 12 17 8 15 
student 416: 11 1 13 16 5 12 10 18 9 6 15 4 3 14 20 19 8 7 2 17 
student 417: 14 15 20 19 9 7 1 12 6 4 17 2 5 16 10 18 3 13 8 11 
student 418: 11 8 18 20 4 14 3 19 5 2 13 9 1 12 15 17 10 6 7 16 
student 419: 15 2 17 10 11 14 1 18 12 5 8 4 6 13 9 20 7 19 3 16 
student 420: 6 10 12 20 1 7 13 14 15 9 17 5 3 2 16 19 4 11 8 18 
student 421: 5 9 2 14 6 1 4 17 11 10 13 7 8 15 18 20 12 16 3 19 
student 422: 11 13 17 15 1 6 5 19 2 3 20 9 4 14 8 16 10 12 7 18 
student 423: 11 9 13 19 2 7 6 12 8 15 18 3 5 14 16 17 4 10 1 20 
student 424: 6 5 8 15 7 16 1 12 2 17 11 4 10 20 18 19 9 14 3 13 
student 425: 13 1 9 11 12 15 5 19 4 2 16 7 3 10 20 17 6 14 8 18 
student 426: 6 9 14 17 10 8 3 5 15 7 19 4 2 20 16 12 13 18 1 11 
student 427: 12 5 13 19 2 7 6 17 9 10 18 8 1 14 11 16 4 3 15 20 
student 428: 7 4 18 17 3 13 11 10 5 2 14 9 15 16 19 20 12 6 1 8 
student 429: 6 9 18 20 4 13 1 11 8 5 19 10 3 14 17 15 7 12 2 16 
student 430: 11 8 13 17 15 14 5 16 1 10 19 7 2 12 9 20 6 4 3 18 
student 431: 17 13 6 20 4 2 7 18 11 1 8 5 10 15 14 19 12 9 3 16 
student 432: 17 12 6 18 2 10 4 13 8 3 19 9 5 11 7 20 15 16 1 14 
student 433: 11 7 18 19 5 8 10 17 6 4 20 1 3 13 15 16 12 9 2 14 
student 434: 12 13 1 6 14 11 5 20 16 7 15 10 8 9 17 18 3 4 2 19 
student 435: 10 14 12 16 6 8 3 13 4 5 15 11 1 18 19 17 7 9 2 20 
student 436: 11 10 14 18 4 17 3 16 5 7 19 2 8 20 12 13 9 6 1 15 
student 437: 12 14 10 17 13 5 4 3 9 6 7 2 15 18 8 19 11 20 1 16 
student 438: 12 14 15 17 1 9 2 16 11 13 19 6 3 20 5 10 18 7 4 8 
student 439: 18 6 10 11 3 14 8 13 16 5 20 4 2 19 15 7 9 12 1 17 
student 440: 18 10 15 20 4 12 5 14 9 8 3 17 6 16 11 13 1 7 2 19 
student 441: 9 6 16 18 4 7 10 14 15 5 17 8 3 13 12 20 2 11 1 19 
student 442: 9 15 20 18 2 11 3 14 16 7 19 6 5 12 10 17 4 8 1 13 
student 443: 16 8 12 10 3 6 2 15 7 1 19 5 4 18 14 20 11 13 9 17 
student 444: 13 1 18 19 7 11 8 17 12 6 15 4 3 9 14 20 2 10 5 16 
student 445: 17 10 12 15 16 19 3 14 5 4 1 7 2 18 11 9 13 6 8 20 
student 446: 17 20 18 12 8 6 3 16 7 11 10 5 2 19 4 15 9 14 1 13 
student 447: 5 12 7 17 4 14 8 10 3 11 16 6 2 15 18 19 9 13 1 20 
student 448: 18 10 11 19 1 3 6 13 14 5 15 8 4 16 12 20 9 7 2 17 
student 449: 11 5 12 19 6 10 2 14 7 4 15 17 1 16 8 18 9 13 3 20 
student 450: 15 13 10 9 1 4 3 16 11 6 7 5 19 17 18 20 8 12 2 14 
student 451: 10 8 15 20 4 11 7 6 2 5 12 1 3 18 16 19 13 9 14 17 
student 452: 8 2 13 19 11 6 3 20 18 1 15 10 7 9 12 16 5 14 4 17 
student 453: 10 4 17 15 2 13 11 18 3 1 19 7 5 14 8 16 12 9 6 20 
student 454: 18 10 5 16 8 7 17 12 4 2 13 15 6 14 11 20 9 3 1 19 
student 455: 15 20 8 18 2 6 4 10 3 7 16 5 11 17 12 13 9 14 1 19 
student 456: 12 10 16 15 3 9 4 14 2 5 19 6 1 13 11 17 20 8 7 18 
student 457: 5 3 20 16 10 18 4 13 2 9 15 6 12 8 7 19 14 11 1 17 
student 458: 15 13 14 16 9 17 5 18 4 3 20 6 2 10 11 19 12 8 1 7 
student 459: 6 16 15 17 4 12 2 18 10 5 13 8 1 14 9 19 7 11 3 20 
student 460: 8 7 17 14 1 18 11 2 12 4 15 3 9 10 20 19 6 16 5 13 
student 461: 11 16 14 18 4 8 2 19 9 6 12 7 1 17 13 15 5 10 3 20 
student 462: 4 3 20 15 6 11 2 7 1 5 14 19 13 8 12 16 18 10 9 17 
student 463: 9 13 8 11 19 4 1 17 10 5 6 3 7 16 15 14 12 18 2 20 
student 464: 12 8 14 19 4 3 1 17 6 11 18 7 9 13 16 20 5 10 2 15 
student 465: 11 12 16 17 3 6 5 18 2 8 20 4 1 9 14 19 13 7 10 15 
student 466: 7 8 17 19 1 9 2 15 5 4 12 6 3 11 14 18 10 13 16 20 
student 467: 10 8 17 16 6 12 1 15 13 9 11 3 2 5 18 19 14 7 4 20 
student 468: 16 11 17 19 4 12 2 15 10 5 13 1 14 7 8 18 6 20 3 9 
student 469: 16 9 17 19 2 11 3 20 7 8 1 4 6 18 14 15 13 12 5 10 
student 470: 14 15 16 17 7 18 2 3 8 4 20 1 6 10 9 19 13 12 5 11 
student 471: 12 9 10 19 3 2 1 17 14 6 15 5 7 18 16 20 11 8 4 13 
student 472: 13 16 15 20 4 6 3 12 8 7 17 2 1 18 11 19 9 10 5 14 
student 473: 3 10 12 20 1 17 4 19 9 6 16 8 5 13 11 14 2 15 7 18 
student 474: 12 7 15 17 3 11 2 18 14 5 16 1 6 13 9 19 8 10 4 20 
student 475: 10 6 16 13 3 12 2 17 7 9 15 11 5 4 8 19 14 18 1 20 
student 476: 11 7 13 20 10 9 2 16 6 3 17 1 4 14 15 19 8 12 5 18 
student 477: 13 1 5 15 19 12 8 7 2 18 16 4 9 11 14 20 6 10 3 17 
student 478: 10 9 13 18 7 8 3 15 4 5 16 1 2 19 17 20 14 11 6 12 
student 479: 15 13 6 17 5 14 1 16 9 4 18 7 3 11 10 20 12 8 2 19 
student 480: 14 4 17 19 3 10 2 20 7 13 11 5 8 18 9 15 1 12 6 16 
student 481: 7 2 16 20 10 4 3 13 12 6 9 8 5 18 17 19 15 11 1 14 
student 482: 5 19 15 18 7 13 2 14 3 9 11 8 4 12 1 16 10 17 6 20 
student 483: 10 1 13 12 4 9 5 18 16 8 11 6 7 19 17 20 3 15 2 14 
student 484: 9 14 15 12 2 10 3 18 7 13 19 11 6 17 8 20 4 1 5 16 
student 485: 14 9 17 18 2 11 3 8 16 5 15 7 4 13 12 20 6 10 1 19 
student 486: 12 13 15 20 7 9 2 18 3 10 16 11 8 19 14 6 5 17 1 4 
student 487: 7 2 18 17 1 8 5 9 4 3 19 12 10 11 14 16 6 13 15 20 
student 488: 8 13 17 20 1 3 4 15 5 7 16 6 11 14 12 19 10 9 2 18 
student 489: 7 16 12 15 6 14 5 17 13 2 20 10 4 11 1 19 8 9 3 18 
student 490: 13 7 19 14 3 12 9 5 15 6 17 8 1 11 10 18 4 16 2 20 
student 491: 14 11 16 18 8 6 9 5 10 4 13 3 7 17 2 19 12 15 1 20 
student 492: 9 7 10 14 1 13 2 16 8 4 18 15 5 12 17 19 6 11 3 20 
student 493: 12 8 10 19 3 9 1 17 14 6 16 5 7 15 4 20 11 13 2 18 
student 494: 8 5 14 16 7 12 11 13 2 6 20 3 4 18 17 19 10 9 1 15 
student 495: 12 3 11 17 4 7 2 15 10 6 9 1 5 14 16 19 13 20 8 18 
student 496: 2 10 14 20 3 6 1 17 9 5 19 11 4 16 12 18 8 13 7 15 
student 497: 6 4 12 20 15 9 2 14 7 1 18 13 5 3 19 17 10 11 8 16 
student 498: 13 7 6 18 11 2 9 14 5 17 16 3 20 12 10 15 4 8 1 19 
student 499: 7 16 8 20 2 13 10 14 6 15 17 12 5 19 4 11 9 1 3 18 
student 500: 11 12 8 15 6 3 1 17 7 9 14 16 4 20 18 19 2 13 5 10 
student 501: 15 13 14 11 2 18 3 19 5 1 12 8 4 10 17 16 9 6 7 20 
student 502: 16 8 19 20 3 13 2 18 9 7 15 4 5 14 10 12 6 11 1 17 
student 503: 13 8 19 10 3 11 2 12 14 5 15 1 9 20 17 18 4 7 6 16 
student 504: 8 16 13 18 4 20 12 10 9 3 15 5 2 11 6 19 7 17 1 14 
student 505: 20 5 10 16 3 14 4 18 8 9 6 7 1 11 15 13 12 17 2 19 
student 506: 20 7 13 16 2 12 1 10 4 6 11 18 5 17 9 19 3 15 8 14 
student 507: 15 10 16 17 5 12 2 19 8 4 18 1 7 14 13 6 9 11 3 20 
student 508: 10 12 17 19 3 11 2 13 9 8 16 6 4 20 14 15 5 7 1 18 
student 509: 8 9 14 19 6 10 2 17 16 3 11 5 13 18 12 15 7 4 1 20 
student 510: 12 11 20 19 4 13 2 18 10 1 7 9 6 14 8 15 5 17 3 16 
student 511: 8 10 14 13 1 4 2 17 5 6 19 9 7 11 20 15 18 12 3 16 
student 512: 10 7 14 12 5 15 1 16 17 2 19 3 8 18 6 20 9 11 4 13 
student 513: 10 5 7 17 3 12 2 16 4 8 14 11 13 19 15 18 9 6 1 20 
student 514: 11 20 19 18 5 12 4 16 10 1 13 15 8 7 14 17 3 9 2 6 
student 515: 11 12 17 10 3 18 1 20 5 2 8 4 13 9 14 19 7 16 6 15 
student 516: 12 11 10 14 4 6 2 7 13 5 19 9 3 18 1 15 16 17 8 20 
student 517: 10 12 4 17 6 3 1 14 8 7 18 11 2 16 19 20 15 9 5 13 
student 518: 19 12 5 20 4 7 3 17 8 6 14 10 2 15 11 16 9 13 1 18 
student 519: 2 15 11 19 4 8 1 14 12 6 17 3 7 16 10 13 18 9 5 20 
student 520: 6 11 20 18 1 14 5 12 7 9 16 17 2 19 8 15 3 10 4 13 
student 521: 2 14 9 17 18 7 1 15 3 8 13 6 10 16 11 19 4 12 5 20 
student 522: 15 8 20 17 1 9 4 10 2 6 16 5 3 11 13 19 12 14 7 18 
student 523: 12 3 13 19 20 11 4 17 2 7 8 6 5 14 10 18 9 15 1 16 
student 524: 15 9 17 19 4 14 2 12 10 5 16 6 3 13 11 20 8 18 1 7 
student 525: 1 10 12 19 2 16 4 9 13 6 15 3 5 8 11 20 17 14 7 18 
student 526: 10 12 14 16 2 8 15 17 11 7 18 6 4 13 9 20 3 5 1 19 
student 527: 6 9 17 19 3 11 1 13 8 2 16 4 5 15 14 18 12 10 7 20 
student 528: 17 12 4 20 6 13 7 8 5 1 14 3 2 15 11 19 10 18 9 16 
student 529: 17 4 5 16 2 13 3 14 7 19 20 9 6 11 12 15 8 10 1 18 
student 530: 13 6 17 16 5 4 3 19 9 11 7 2 1 20 12 10 18 8 14 15 
student 531: 10 7 15 16 17 5 1 19 8 3 20 6 4 18 14 12 9 11 2 13 
student 532: 10 12 17 19 6 15 8 16 2 9 20 5 4 11 13 18 7 1 3 14 
student 533: 12 9 17 16 2 20 3 13 11 10 14 1 4 15 8 19 5 7 6 18 
student 534: 10 9 16 18 6 11 3 19 5 14 20 4 7 13 12 17 1 8 2 15 
student 535: 12 7 15 13 5 6 3 17 9 14 10 2 11 19 16 18 4 8 1 20 
student 536: 11 8 16 19 2 15 1 10 13 3 6 7 4 12 14 18 5 17 9 20 
student 537: 8 16 11 6 12 19 2 9 7 5 13 18 4 17 14 20 1 10 3 15 
student 538: 6 8 14 20 10 12 1 16 3 11 15 9 5 18 13 17 7 2 4 19 
student 539: 11 7 13 20 3 17 4 15 8 5 16 6 2 14 18 19 9 10 1 12 
student 540: 18 13 2 11 4 14 3 5 9 1 20 16 6 17 15 12 10 8 7 19 
student 541: 6 2 10 18 4 15 5 17 11 7 20 3 1 14 19 8 16 9 12 13 
student 542: 9 15 16 17 1 4 7 12 11 10 19 8 3 14 13 18 6 20 2 5 
student 543: 2 6 15 7 4 14 9 20 3 8 16 10 1 19 18 17 11 12 5 13 
student 544: 11 5 15 16 6 9 4 12 10 1 20 7 2 19 13 18 17 8 3 14 
student 545: 12 8 16 14 6 9 1 18 11 2 17 3 4 13 15 20 5 10 7 19 
student 546: 3 8 11 20 1 13 9 12 2 7 16 5 4 14 15 18 10 17 6 19 
student 547: 12 17 14 18 10 11 2 9 6 3 16 4 7 15 13 20 5 8 1 19 
student 548: 12 15 16 17 1 3 11 18 5 9 14 8 7 13 6 20 10 4 2 19 
student 549: 5 20 19 13 12 11 4 18 10 1 14 2 3 15 9 17 6 8 7 16 
student 550: 13 9 17 19 3 14 1 15 7 5 16 2 4 12 8 18 10 20 6 11 
student 551: 9 11 1 20 10 13 4 16 7 3 18 6 8 12 17 19 14 5 2 15 
student 552: 17 10 14 19 3 13 4 12 9 5 11 1 6 15 8 20 7 18 2 16 
student 553: 11 5 18 20 4 8 7 15 13 2 12 6 14 17 19 10 3 9 1 16 
student 554: 11 7 15 20 5 16 2 14 6 13 18 9 12 3 8 17 10 4 1 19 
student 555: 9 16 17 12 6 4 1 10 15 8 19 3 5 14 7 18 13 11 2 20 
student 556: 8 10 17 19 9 12 1 15 4 13 6 5 7 18 16 20 11 2 3 14 
student 557: 7 5 8 16 3 4 2 19 6 1 9 11 10 12 18 20 14 17 13 15 
student 558: 14 8 18 12 2 9 4 16 6 3 19 11 5 13 15 20 7 10 1 17 
student 559: 12 4 16 17 2 6 1 19 10 9 15 7 5 13 8 20 11 14 3 18 
student 560: 8 18 9 10 6 5 2 16 13 15 20 12 3 14 17 19 4 7 1 11 
student 561: 7 9 12 19 5 13 4 11 6 16 20 1 3 15 14 17 10 8 2 18 
student 562: 18 13 14 15 1 12 5 9 6 10 16 4 8 11 17 20 7 2 3 19 
student 563: 3 14 18 13 12 4 5 10 2 7 19 6 1 11 17 20 9 15 8 16 
student 564: 16 9 10 15 6 14 11 12 1 8 20 5 2 17 13 18 4 7 3 19 
student 565: 19 7 13 18 1 5 3 15 6 9 14 8 4 17 12 20 16 10 2 11 
student 566: 19 11 17 7 8 12 4 14 6 2 16 3 9 18 15 20 10 5 1 13 
student 567: 20 13 14 19 3 9 2 15 10 4 16 11 6 12 8 18 5 7 1 17 
student 568: 12 4 16 13 6 8 3 11 10 17 19 15 5 14 7 18 9 2 1 20 
student 569: 16 13 7 20 6 11 5 18 8 10 14 3 4 19 12 17 1 2 9 15 
student 570: 19 13 18 20 5 11 10 4 7 6 16 2 3 14 12 17 8 15 1 9 
student 571: 10 13 15 19 3 14 2 20 4 7 16 9 5 12 11 6 8 18 1 17 
student 572: 8 15 19 20 3 13 4 12 6 2 9 5 16 18 7 17 10 11 1 14 
student 573: 11 7 18 15 4 8 2 17 6 5 16 14 3 10 12 19 13 9 1 20 
student 574: 13 9 16 17 2 7 1 11 12 3 19 14 8 5 10 18 6 15 4 20 
student 575: 17 11 15 3 4 6 13 12 1 8 14 5 7 19 16 20 18 9 2 10 
student 576: 13 4 10 20 1 14 9 11 5 6 18 7 3 17 15 12 16 8 2 19 
student 577: 18 5 15 9 2 14 1 16 6 10 17 11 3 19 12 20 13 7 4 8 
student 578: 13 11 14 20 10 8 1 19 5 3 18 4 2 9 12 15 7 17 6 16 
student 579: 9 14 16 17 1 7 2 15 3 4 19 8 5 18 10 13 12 6 11 20 
student 580: 5 9 13 17 1 8 7 15 10 16 14 4 6 12 18 20 2 11 3 19 
student 581: 16 5 11 10 1 13 2 17 7 8 19 3 6 15 14 20 9 12 4 18 
student 582: 13 9 17 12 5 16 7 15 6 2 20 8 11 4 14 18 3 10 1 19 
student 583: 15 11 1 4 8 16 5 19 6 7 18 9 2 17 14 20 12 10 3 13 
student 584: 15 9 16 12 3 18 13 5 1 4 20 6 8 19 17 14 10 7 2 11 
student 585: 19 11 14 15 2 12 4 18 9 8 17 6 1 13 10 20 3 7 5 16 
student 586: 15 12 9 18 2 8 11 19 6 7 13 17 4 14 10 20 3 5 1 16 
student 587: 16 5 14 20 7 4 2 18 6 3 13 1 10 9 19 17 11 12 8 15 
student 588: 10 19 15 12 5 9 1 13 8 6 4 7 2 17 20 18 11 16 3 14 
student 589: 14 9 10 17 3 18 2 12 8 4 16 5 6 15 7 20 11 13 1 19 
student 590: 12 14 18 20 2 19 5 7 8 10 6 4 1 15 13 16 9 11 3 17 
student 591: 9 5 8 17 6 20 3 18 10 7 13 1 2 11 16 19 12 15 4 14 
student 592: 2 4 18 17 1 12 6 5 7 3 14 8 13 19 11 15 10 20 9 16 
student 593: 19 9 13 20 2 12 10 14 6 7 16 3 4 15 11 18 5 8 1 17 
student 594: 11 7 15 20 8 13 2 18 5 3 14 1 6 12 16 17 10 9 4 19 
student 595: 14 13 16 17 9 10 8 11 3 15 18 6 4 2 12 20 7 5 1 19 
student 596: 13 15 17 19 3 11 2 14 6 7 12 5 4 16 18 20 8 10 1 9 
student 597: 12 4 10 16 8 11 2 13 9 3 17 1 5 14 7 19 15 18 6 20 
student 598: 4 13 18 15 6 12 1 16 5 2 17 11 20 9 14 19 7 8 3 10 
student 599: 18 12 17 20 2 14 1 19 4 3 16 9 6 13 15 11 10 8 5 7 
student 600: 13 6 14 19 12 4 2 20 10 1 15 11 8 18 3 16 7 9 5 17 
student 601: 14 10 5 20 2 13 1 16 7 3 18 8 4 17 9 19 15 11 6 12 
student 602: 12 5 10 19 4 18 6 3 8 9 17 14 1 11 16 20 7 15 2 13 
student 603: 14 9 5 20 2 18 12 17 10 8 16 1 3 7 19 13 6 11 4 15 
student 604: 6 5 11 20 8 13 4 16 10 3 18 12 1 14 15 19 7 9 2 17 
student 605: 8 5 13 20 11 14 7 18 10 4 17 2 16 19 12 9 6 1 3 15 
student 606: 12 11 18 15 5 8 2 17 3 1 9 13 10 20 16 19 7 14 4 6 
student 607: 13 12 9 16 5 15 7 17 10 3 19 1 2 4 14 20 8 11 6 18 
student 608: 19 7 12 14 11 15 4 17 5 1 9 2 10 6 13 18 8 16 3 20 
student 609: 10 6 19 18 4 7 1 17 9 14 15 5 3 11 13 20 16 8 2 12 
student 610: 8 2 20 13 1 4 5 15 11 14 18 3 7 16 10 17 6 12 9 19 
student 611: 13 11 10 15 2 9 4 19 5 3 14 1 6 16 20 17 7 12 8 18 
student 612: 13 11 15 18 12 8 3 20 4 6 10 9 5 19 14 7 1 16 2 17 
student 613: 15 11 10 19 5 12 1 18 2 6 20 13 3 7 9 17 14 8 4 16 
student 614: 14 9 11 20 8 12 4 15 3 6 16 5 2 18 13 19 7 10 1 17 
student 615: 14 3 13 18 4 11 1 6 10 7 17 16 8 15 2 20 9 12 5 19 
student 616: 10 6 14 1 4 15 3 11 8 16 17 9 5 13 18 20 7 12 2 19 
student 617: 13 7 17 18 5 15 1 11 8 9 20 4 3 14 12 19 10 6 2 16 
student 618: 18 3 11 12 1 16 4 9 13 14 15 2 6 10 7 17 5 19 8 20 
student 619: 9 18 11 17 2 5 6 20 8 10 19 7 3 4 12 16 1 14 13 15 
student 620: 20 4 5 17 2 13 7 9 11 6 19 1 14 18 10 15 8 16 3 12 
student 621: 12 14 15 9 20 4 3 11 8 6 18 1 10 13 7 19 5 17 2 16 
student 622: 10 12 15 19 6 13 4 17 8 7 2 3 5 20 14 16 11 9 1 18 
student 623: 3 13 17 6 2 11 7 19 1 4 16 10 9 18 14 20 12 15 5 8 
student 624: 17 13 19 14 5 8 7 16 6 2 18 3 4 11 10 20 12 9 1 15 
student 625: 13 8 2 9 3 14 5 18 10 4 20 1 6 19 17 16 12 15 7 11 
student 626: 14 9 15 17 10 5 2 13 11 4 6 20 3 12 7 18 8 16 1 19 
student 627: 11 15 16 18 3 8 5 17 12 4 19 1 14 9 10 20 7 6 2 13 
student 628: 3 8 13 14 9 11 10 20 12 2 17 5 1 16 15 18 7 6 4 19 
student 629: 13 16 14 15 3 1 2 8 9 10 19 4 7 20 17 6 12 11 5 18 
student 630: 12 9 13 20 7 14 5 15 6 8 18 2 3 17 4 16 11 10 1 19 
student 631: 15 1 16 19 8 11 4 18 10 3 12 9 6 17 14 20 13 7 2 5 
student 632: 17 13 8 20 19 2 6 9 11 1 16 4 5 12 14 18 7 10 3 15 
student 633: 19 5 16 8 7 15 6 18 10 11 12 2 9 13 4 20 14 17 1 3 
student 634: 12 7 17 14 1 16 6 20 3 8 5 4 15 19 10 18 9 11 2 13 
student 635: 11 9 15 19 5 10 3 17 18 8 12 4 1 16 13 20 7 14 2 6 
student 636: 6 18 11 10 1 13 4 3 8 20 16 5 2 19 12 17 14 9 7 15 
student 637: 9 4 12 10 8 6 1 18 3 17 11 5 7 16 13 20 19 14 2 15 
student 638: 17 8 18 13 3 10 2 14 4 11 16 5 19 7 6 20 9 12 1 15 
student 639: 6 11 9 20 4 13 16 15 5 3 17 10 1 14 12 18 7 8 2 19 
student 640: 12 20 10 19 13 9 4 11 3 2 15 8 6 17 16 18 5 7 1 14 
student 641: 17 6 10 20 3 2 5 13 4 7 15 8 9 16 11 19 12 14 1 18 
student 642: 12 13 10 20 3 1 5 17 7 9 11 8 2 16 18 19 4 14 6 15 
student 643: 5 7 12 17 8 11 1 15 4 10 18 3 9 16 14 20 6 13 2 19 
student 644: 20 8 12 17 2 13 1 16 10 3 9 4 7 14 15 19 6 11 5 18 
student 645: 5 8 13 19 3 11 2 15 7 9 12 4 10 18 20 17 6 16 1 14 
student 646: 16 10 7 19 12 15 3 13 6 4 17 8 1 18 11 20 5 14 2 9 
student 647: 7 8 6 15 12 13 1 16 4 3 18 2 14 11 10 20 9 17 5 19 
student 648: 11 1 18 9 2 19 16 8 7 12 13 3 5 17 15 14 10 4 6 20 
student 649: 14 6 19 20 2 10 3 15 9 5 17 7 1 13 12 18 8 11 4 16 
student 650: 16 10 19 15 3 1 6 11 4 8 18 7 5 12 14 20 9 13 2 17 
student 651: 11 18 6 16 9 3 5 15 1 10 20 13 2 7 14 12 19 4 8 17 
student 652: 15 9 14 18 10 6 3 11 1 17 19 5 4 8 13 20 7 2 16 12 
student 653: 12 8 16 20 2 10 5 18 9 1 14 11 6 13 3 17 7 19 4 15 
student 654: 10 3 15 16 5 11 8 17 4 14 19 6 2 13 12 20 7 9 1 18 
student 655: 13 5 20 17 2 14 4 19 12 1 7 3 6 16 10 18 9 15 8 11 
student 656: 13 10 11 18 8 12 2 15 5 7 4 6 9 20 19 17 16 3 1 14 
student 657: 17 5 15 19 2 10 1 20 9 3 13 4 7 18 12 16 11 14 6 8 
student 658: 3 8 12 18 5 4 1 14 2 6 17 13 10 11 15 20 7 9 16 19 
student 659: 17 12 13 20 8 14 10 7 5 1 18 2 4 11 9 15 6 16 3 19 
student 660: 18 13 5 17 11 10 2 8 9 4 19 1 6 15 16 14 7 12 3 20 
student 661: 3 1 8 7 17 9 2 19 10 13 15 4 11 14 12 16 20 5 6 18 
student 662: 15 10 17 20 7 8 3 16 6 4 19 9 2 1 14 13 12 11 5 18 
student 663: 9 7 15 20 4 18 2 14 8 10 13 5 3 16 12 17 6 11 1 19 
student 664: 9 6 16 19 4 10 2 15 11 7 20 3 13 5 17 18 8 14 1 12 
student 665: 14 5 15 20 4 10 2 16 9 13 12 1 6 19 11 17 7 8 3 18 
student 666: 17 8 14 20 3 12 2 15 11 7 18 4 5 13 9 16 6 10 1 19 
student 667: 8 4 9 20 2 7 5 16 13 12 14 10 1 17 19 18 6 11 3 15 
student 668: 12 5 2 17 4 11 1 18 16 10 6 9 14 7 13 20 3 15 8 19 
student 669: 10 16 13 9 3 18 11 14 1 7 17 4 2 12 5 20 15 6 8 19 
student 670: 11 9 17 14 4 6 3 13 18 5 15 7 2 12 16 19 8 10 1 20 
student 671: 9 12 14 18 3 13 7 10 5 11 15 2 1 16 17 20 6 8 4 19 
student 672: 6 5 17 14 4 10 1 19 3 13 8 7 12 18 20 16 9 11 2 15 
student 673: 11 6 14 20 3 13 1 15 7 10 12 4 5 19 8 18 9 17 2 16 
student 674: 12 9 14 18 7 4 6 10 3 16 19 11 1 13 8 20 5 17 2 15 
student 675: 13 3 15 6 2 8 5 19 12 1 4 7 16 14 10 20 9 17 11 18 
student 676: 17 2 15 18 1 11 4 16 8 6 19 5 7 13 9 20 10 12 3 14 
student 677: 11 14 13 20 7 5 2 15 9 4 16 6 3 12 10 18 8 19 1 17 
student 678: 16 4 10 17 5 6 3 20 9 7 12 2 8 14 15 18 11 13 1 19 
student 679: 15 11 13 17 8 12 2 19 1 3 16 4 7 20 14 9 5 18 6 10 
student 680: 18 13 8 20 2 15 5 10 7 9 19 6 4 11 12 17 3 14 1 16 
student 681: 11 9 13 20 5 4 1 14 8 10 16 3 6 18 15 17 7 12 2 19 
student 682: 14 18 19 17 8 7 1 12 6 10 15 5 2 11 9 20 4 16 3 13 
student 683: 11 10 16 19 1 8 2 14 9 6 13 5 3 17 15 20 12 4 7 18 
student 684: 10 12 14 18 7 15 5 17 8 1 11 13 4 9 6 20 3 16 2 19 
student 685: 17 11 18 20 16 15 1 14 6 5 10 4 2 19 13 7 8 9 3 12 
student 686: 11 15 13 14 2 9 5 17 3 10 18 6 1 20 12 19 7 8 4 16 
student 687: 2 14 9 20 11 5 3 16 6 15 19 4 7 12 8 17 13 10 1 18 
student 688: 12 10 9 19 5 7 3 13 6 8 17 2 4 18 14 11 16 20 1 15 
student 689: 18 2 11 14 5 17 4 13 7 3 16 6 1 15 12 19 10 9 8 20 
student 690: 5 9 13 14 2 6 1 12 7 11 18 4 3 16 10 20 8 19 15 17 
student 691: 10 3 20 17 12 19 16 13 9 1 15 6 2 7 11 14 4 5 8 18 
student 692: 15 17 16 13 2 5 4 12 8 14 18 7 6 19 9 11 1 10 3 20 
student 693: 17 19 5 13 7 15 3 10 16 9 14 6 1 11 12 20 4 8 2 18 
student 694: 11 8 9 18 3 10 4 14 2 5 16 12 1 19 15 20 7 13 6 17 
student 695: 10 15 9 20 2 11 4 6 7 12 14 5 8 18 13 16 3 17 1 19 
student 696: 16 12 8 14 4 11 6 9 13 7 19 2 3 10 17 15 5 18 1 20 
student 697: 12 7 14 6 5 13 8 19 10 3 16 1 2 18 4 17 11 15 9 20 
student 698: 10 9 15 20 6 16 5 17 7 1 19 2 4 13 18 11 12 8 3 14 
student 699: 17 8 13 19 1 10 7 18 2 9 12 6 3 11 15 20 4 14 5 16 
student 700: 17 11 14 19 2 16 1 15 8 6 7 4 5 10 12 20 13 9 3 18 
student 701: 20 14 17 13 6 2 1 10 4 11 18 8 9 16 12 19 7 3 5 15 
student 702: 19 9 11 20 3 2 1 18 12 5 15 6 10 14 17 16 4 13 7 8 
student 703: 10 17 13 15 1 20 7 14 11 3 8 5 9 18 4 16 12 6 2 19 
student 704: 10 6 15 17 2 9 3 14 12 7 8 5 4 16 11 19 18 13 1 20 
student 705: 10 1 14 18 2 6 4 19 11 12 13 7 3 16 15 20 8 9 5 17 
student 706: 11 16 13 12 5 14 2 19 7 6 17 4 3 10 15 20 9 8 1 18 
student 707: 12 9 14 19 2 7 5 20 3 13 17 1 4 10 16 18 8 11 6 15 
student 708: 14 4 16 15 3 10 2 18 17 6 8 9 7 12 13 20 5 11 1 19 
student 709: 18 10 8 16 5 13 3 14 15 7 17 11 2 4 12 19 6 9 1 20 
student 710: 6 13 15 20 1 17 4 14 3 2 18 7 5 19 11 12 10 9 8 16 
student 711: 14 6 7 10 3 2 4 16 17 5 18 8 9 15 12 20 13 11 1 19 
student 712: 14 13 16 18 8 4 6 10 2 9 20 11 1 5 12 17 15 19 3 7 
student 713: 9 10 19 20 2 8 6 18 13 11 17 3 4 16 5 15 7 14 1 12 
student 714: 10 9 17 13 1 15 2 18 4 8 14 3 7 12 11 19 20 5 6 16 
student 715: 12 7 18 19 2 10 1 14 4 13 20 6 3 16 11 15 8 9 5 17 
student 716: 16 9 6 15 4 10 1 12 13 3 19 14 7 18 8 20 5 11 2 17 
student 717: 10 8 17 16 1 14 4 15 19 9 18 3 7 12 6 20 5 13 2 11 
student 718: 7 15 20 13 3 10 5 16 8 4 11 1 6 12 18 19 9 14 2 17 
student 719: 14 12 17 20 5 7 3 11 2 4 19 16 6 8 10 13 15 9 1 18 
student 720: 20 8 7 11 2 13 6 12 10 4 17 5 3 16 14 19 9 15 1 18 
student 721: 20 9 16 17 1 10 3 19 8 11 15 6 2 13 5 18 7 12 4 14 
student 722: 8 6 12 15 2 18 1 10 3 14 19 7 5 20 17 11 16 4 9 13 
student 723: 15 10 18 14 6 7 5 16 11 3 17 4 1 19 12 20 8 9 2 13 
student 724: 2 13 14 11 7 10 5 20 1 9 19 16 4 12 17 18 6 8 3 15 
student 725: 9 6 16 20 12 1 8 15 11 3 17 4 2 14 7 18 13 10 5 19 
student 726: 15 7 17 20 9 11 2 6 13 8 16 10 3 14 5 19 4 12 1 18 
student 727: 8 17 19 14 2 18 1 13 4 6 20 7 5 12 9 16 3 11 10 15 
student 728: 11 7 18 17 5 12 6 13 8 14 19 4 9 3 16 20 1 15 2 10 
student 729: 8 1 7 20 9 12 2 10 4 5 16 17 3 11 13 19 6 15 14 18 
student 730: 15 9 17 10 4 7 1 16 11 5 18 13 6 8 14 12 20 3 2 19 
student 731: 11 3 14 19 4 8 13 5 7 10 15 16 2 1 12 20 17 9 6 18 
student 732: 12 13 15 20 2 6 14 17 16 4 11 7 3 19 5 18 8 10 1 9 
student 733: 17 2 11 15 5 7 1 18 12 6 16 3 10 14 9 20 13 8 4 19 
student 734: 11 15 12 13 8 18 6 14 5 19 10 9 7 2 4 20 3 16 1 17 
student 735: 9 14 16 19 8 13 4 17 15 3 6 1 2 18 12 20 10 5 7 11 
student 736: 16 6 11 20 19 3 9 15 10 4 18 5 2 12 8 17 14 7 1 13 
student 737: 15 20 8 17 2 13 1 19 7 10 12 3 4 5 14 18 9 11 6 16 
student 738: 18 15 16 19 5 4 3 2 8 17 7 10 6 14 11 20 12 9 1 13 
student 739: 13 9 11 14 1 5 6 17 15 8 7 2 3 18 16 20 4 10 12 19 
student 740: 15 9 16 12 8 10 4 18 1 6 19 3 13 7 11 20 14 5 2 17 
student 741: 17 7 15 20 3 13 10 12 4 2 19 11 1 6 14 18 9 5 8 16 
student 742: 12 17 14 18 5 9 3 20 2 6 15 7 1 8 11 19 10 13 4 16 
student 743: 16 11 10 20 4 5 3 12 13 1 18 7 6 14 17 19 8 9 2 15 
student 744: 11 1 20 18 8 14 4 9 15 3 19 10 12 16 2 13 6 5 7 17 
student 745: 14 4 19 6 1 9 3 12 8 17 10 5 11 7 15 20 13 18 2 16 
student 746: 2 14 3 11 1 12 15 18 6 8 17 7 13 4 5 20 9 16 10 19 
student 747: 13 3 19 20 1 12 5 17 8 7 15 4 6 11 16 14 10 9 2 18 
student 748: 18 8 17 15 5 1 4 20 14 11 6 9 12 13 7 19 3 10 2 16 
student 749: 7 14 9 20 8 6 4 18 5 1 17 11 10 3 13 19 15 12 2 16 
student 750: 12 8 19 18 2 10 1 15 16 7 14 3 4 6 13 20 11 5 9 17 
student 751: 15 14 4 17 6 12 8 10 19 11 20 7 3 2 9 13 5 18 1 16 
student 752: 11 2 12 18 4 16 3 19 5 7 14 10 6 13 8 20 15 9 1 17 
student 753: 7 15 13 19 14 10 2 5 6 3 17 1 4 18 12 16 11 9 8 20 
student 754: 6 9 13 20 1 7 4 18 2 5 19 3 10 16 12 17 8 14 11 15 
student 755: 14 13 20 18 9 11 4 1 16 2 15 8 6 19 12 17 7 5 3 10 
student 756: 17 11 16 4 5 7 2 20 10 12 13 3 9 18 14 19 6 15 1 8 
student 757: 12 9 7 4 15 11 2 16 5 3 17 10 6 8 13 20 19 14 1 18 
student 758: 10 8 6 12 5 15 3 17 14 4 16 20 9 13 11 19 2 7 1 18 
student 759: 8 12 15 17 6 7 1 14 11 9 16 5 4 19 18 20 3 10 2 13 
student 760: 20 13 10 15 4 5 1 12 3 2 18 9 6 16 17 19 7 11 8 14 
student 761: 15 7 9 18 4 10 1 19 5 12 17 3 8 14 13 20 11 6 2 16 
student 762: 11 7 13 14 2 9 3 15 12 6 20 5 4 17 10 19 8 16 1 18 
student 763: 13 8 20 15 4 14 7 11 6 5 19 10 2 17 16 18 3 9 1 12 
student 764: 13 9 12 19 6 10 2 20 7 5 15 3 4 16 14 8 11 18 1 17 
student 765: 11 12 8 19 5 16 4 2 7 20 18 9 15 17 14 10 6 3 1 13 
student 766: 14 2 12 15 9 4 11 19 7 8 18 1 6 16 10 20 17 5 3 13 
student 767: 15 11 6 20 8 13 1 18 5 2 12 9 4 16 14 19 3 10 7 17 
student 768: 8 5 16 11 6 13 2 12 10 1 18 4 3 19 7 17 14 9 15 20 
student 769: 11 14 18 15 2 17 1 7 4 12 20 10 3 16 5 19 6 13 9 8 
student 770: 7 16 12 19 5 4 2 11 15 10 13 6 14 9 17 20 3 8 1 18 
student 771: 10 11 16 18 3 6 4 17 7 5 19 8 2 15 14 13 12 9 1 20 
student 772: 14 9 10 12 3 11 6 16 5 2 15 4 1 18 17 19 8 13 7 20 
student 773: 4 8 15 18 12 6 2 17 13 10 20 3 1 16 11 19 7 9 5 14 
student 774: 9 11 13 16 5 6 2 10 15 4 14 3 1 19 12 20 8 18 7 17 
student 775: 15 16 14 17 3 8 1 13 4 5 12 9 6 20 11 19 7 10 2 18 
student 776: 8 9 16 11 5 12 1 18 13 6 20 4 3 14 10 17 19 7 2 15 
student 777: 12 5 20 15 13 1 14 11 7 16 17 2 4 19 10 18 6 3 8 9 
student 778: 16 4 10 17 7 9 8 13 3 1 20 6 2 12 18 14 11 19 5 15 
student 779: 9 2 18 19 7 10 1 15 8 5 20 14 3 11 17 13 4 16 6 12 
student 780: 14 5 19 15 4 11 3 10 9 7 17 2 6 12 16 20 8 18 1 13 
student 781: 9 5 17 10 4 6 3 15 1 18 16 7 14 13 12 20 8 11 2 19 
student 782: 12 11 17 18 1 20 6 13 16 9 5 3 2 14 10 15 8 7 4 19 
student 783: 17 8 3 15 1 12 4 13 20 9 18 7 2 10 14 19 5 11 6 16 
student 784: 10 7 9 18 3 8 2 15 14 6 20 5 1 19 4 11 13 12 16 17 
student 785: 16 11 8 18 3 7 2 13 5 12 14 4 6 10 17 20 9 15 1 19 
student 786: 13 8 10 19 11 12 3 17 16 4 14 6 5 15 9 18 7 2 1 20 
student 787: 15 4 11 12 6 13 2 17 8 7 14 3 10 19 9 20 18 1 5 16 
student 788: 8 2 18 19 5 12 9 16 10 6 15 14 3 13 11 17 4 7 1 20 
student 789: 2 12 10 19 6 13 15 7 4 14 17 3 8 16 9 20 5 11 1 18 
student 790: 19 15 14 18 2 9 4 20 3 12 13 7 8 10 11 17 5 16 1 6 
student 791: 10 11 15 16 6 5 9 18 3 13 17 4 1 19 14 20 7 8 2 12 
student 792: 5 4 19 9 3 14 8 6 12 17 11 7 2 20 15 18 13 10 1 16 
student 793: 13 9 6 20 7 17 2 15 5 14 10 8 11 16 18 19 1 3 4 12 
student 794: 7 19 17 18 11 2 4 9 13 20 8 5 12 3 15 16 14 1 6 10 
student 795: 11 13 14 17 2 5 1 20 6 4 15 7 8 18 12 16 3 10 9 19 
student 796: 15 13 18 19 11 12 4 14 1 3 20 5 6 7 8 17 10 9 2 16 
student 797: 16 6 9 17 3 5 2 18 8 1 20 4 12 13 10 14 15 11 7 19 
student 798: 15 8 12 19 5 4 7 14 2 11 18 9 3 13 10 20 6 16 1 17 
student 799: 7 8 18 19 1 16 4 14 5 10 20 2 9 15 12 17 6 11 3 13 
