student 0: 3 17 4 2 16 13 15 7 18 6 10 14 8 5 19 1 11 20 12 9 
student 1: 1 5 10 2 12 20 17 14 16 8 3 11 6 4 13 7 9 19 18 15 
student 2: 1 11 8 4 14 9 19 20 18 6 5 10 12 13 17 2 7 16 15 3 
student 3: 1 20 5 2 10 11 13 18 15 3 7 16 9 12 14 4 8 17 6 19 
student 4: 1 15 6 4 9 2 20 19 12 10 7 16 8 5 14 3 11 17 18 13 
student 5: 7 19 9 2 14 11 18 13 20 4 6 16 5 12 15 1 8 17 10 3 
student 6: 10 18 8 1 12 13 14 9 19 7 3 11 4 5 16 6 2 20 15 17 
student 7: 10 12 9 2 11 6 15 19 18 4 7 14 13 3 16 1 5 20 17 8 
student 8: 9 15 2 3 12 11 17 13 14 6 8 18 10 7 19 5 1 20 16 4 
student 9: 2 1 14 5 12 9 13 15 20 11 6 10 17 7 16 4 3 19 8 18 
student 10: 11 6 7 1 17 16 12 18 19 5 10 15 8 4 14 3 2 20 9 13 
student 11: 4 12 10 1 9 11 13 17 14 3 6 19 7 2 18 8 5 20 15 16 
student 12: 1 19 8 3 20 9 7 16 11 2 6 17 12 4 15 5 10 18 14 13 
student 13: 4 12 5 3 7 17 18 15 20 10 16 13 11 2 8 1 6 19 14 9 
student 14: 3 12 4 6 5 8 13 17 20 7 14 16 9 10 15 1 2 19 11 18 
student 15: 5 15 1 8 9 12 20 18 19 13 4 2 16 10 11 3 7 17 14 6 
student 16: 8 10 5 18 9 14 13 20 15 1 7 19 3 4 16 2 12 17 6 11 
student 17: 4 9 10 11 19 15 12 17 16 14 5 13 1 2 20 3 8 18 7 6 
student 18: 6 10 15 7 13 14 18 1 19 11 20 16 5 8 9 2 4 17 3 12 
student 19: 7 15 2 3 8 17 18 19 20 10 5 11 9 4 13 1 14 12 16 6 
student 20: 12 10 5 6 13 15 18 16 17 8 9 19 7 3 11 4 1 14 2 20 
student 21: 3 19 7 4 12 13 20 15 18 6 2 16 10 1 14 5 9 17 11 8 
student 22: 3 18 12 9 15 10 11 13 17 4 7 14 8 1 16 5 2 19 20 6 
student 23: 8 17 9 1 13 4 20 14 18 16 11 19 2 7 15 3 10 12 5 6 
student 24: 2 12 10 3 5 8 17 15 20 9 11 13 14 4 18 7 1 19 6 16 
student 25: 8 13 1 4 11 6 14 18 17 7 12 19 9 5 16 2 3 20 15 10 
student 26: 3 8 9 1 11 17 19 20 12 10 6 18 7 4 14 2 5 13 15 16 
student 27: 3 19 8 1 12 15 20 11 14 9 10 17 16 2 7 5 6 18 4 13 
student 28: 13 1 2 3 10 17 18 15 20 12 7 14 4 5 16 6 8 19 9 11 
student 29: 9 17 10 5 11 2 15 14 18 1 13 20 7 3 19 6 4 8 16 12 
student 30: 1 13 7 5 9 18 16 10 17 6 8 11 14 4 15 2 3 20 19 12 
student 31: 7 9 5 1 8 10 16 14 11 18 13 17 12 3 15 2 6 20 4 19 
student 32: 1 15 10 2 8 12 19 18 14 9 5 20 17 3 7 4 6 16 13 11 
student 33: 3 13 6 5 11 16 15 20 17 4 8 1 12 7 9 2 10 19 18 14 
student 34: 11 2 6 13 8 14 7 16 18 15 12 9 5 3 20 1 4 19 17 10 
student 35: 2 20 3 7 9 17 13 15 14 11 18 8 6 4 16 1 5 19 10 12 
student 36: 6 15 2 4 16 14 20 19 17 5 13 11 10 8 18 7 1 12 9 3 
student 37: 8 20 4 1 16 15 3 13 18 19 7 14 9 12 17 5 2 10 6 11 
student 38: 2 14 3 9 7 5 18 19 6 8 12 13 4 1 16 10 11 20 15 17 
student 39: 2 17 8 3 10 15 13 12 19 4 6 16 9 5 11 1 7 18 20 14 
student 40: 1 14 3 2 13 8 19 11 17 12 18 9 10 6 20 7 4 15 16 5 
student 41: 10 9 7 2 13 17 20 11 18 8 14 16 5 12 15 1 6 19 4 3 
student 42: 11 15 7 1 14 6 10 16 20 8 12 9 3 5 17 4 2 18 19 13 
student 43: 10 20 7 5 2 19 15 13 16 8 11 14 12 3 17 1 6 18 9 4 
student 44: 1 13 2 7 8 15 19 20 17 12 4 18 14 6 10 3 5 16 11 9 
student 45: 3 16 6 9 20 17 2 15 18 4 12 10 11 5 14 1 7 19 8 13 
student 46: 3 15 9 1 13 2 8 19 20 10 12 16 14 6 17 5 4 18 11 7 
student 47: 3 17 7 2 5 12 18 13 15 11 8 19 20 1 10 4 6 16 14 9 
student 48: 1 12 9 8 7 10 18 16 17 3 11 13 15 4 20 5 2 6 14 19 
student 49: 4 13 5 1 7 9 8 16 17 18 11 12 20 10 14 2 3 15 19 6 
student 50: 4 15 3 2 9 14 16 17 20 8 5 13 10 6 18 1 7 19 12 11 
student 51: 3 15 7 4 13 16 18 19 12 5 9 20 11 1 8 6 2 10 14 17 
student 52: 3 13 7 2 16 8 20 17 15 11 4 14 6 1 12 5 9 19 18 10 
student 53: 18 13 6 7 10 14 15 12 17 9 2 16 8 1 20 3 5 11 19 4 
student 54: 6 14 4 1 13 8 19 15 20 12 2 16 9 5 18 3 7 17 10 11 
student 55: 1 7 9 3 14 17 18 19 20 6 8 10 16 5 13 4 11 15 2 12 
student 56: 4 10 6 7 17 16 19 8 20 3 9 15 11 1 5 2 13 18 14 12 
student 57: 4 14 3 5 17 12 16 8 19 2 20 18 7 6 11 1 15 13 10 9 
student 58: 8 3 5 4 15 13 19 17 16 9 6 11 10 1 18 14 12 20 2 7 
student 59: 6 10 3 7 4 16 17 19 14 11 5 20 12 8 15 1 2 18 9 13 
student 60: 1 17 10 3 4 20 18 15 8 5 14 16 12 6 19 2 9 13 11 7 
student 61: 6 9 12 2 11 8 15 7 20 10 18 13 16 4 3 5 1 19 17 14 
student 62: 5 11 12 3 13 9 16 20 18 10 7 4 8 1 15 2 6 19 17 14 
student 63: 3 12 18 2 7 14 19 6 20 9 8 13 4 10 16 1 5 15 11 17 
student 64: 2 13 12 1 5 6 18 20 16 4 17 11 8 3 19 7 9 15 10 14 
student 65: 2 13 5 1 9 14 17 18 20 4 8 10 11 3 16 6 7 15 19 12 
student 66: 18 10 1 7 13 2 8 19 15 9 6 11 12 3 20 4 5 17 16 14 
student 67: 3 16 2 1 11 10 8 17 14 5 9 19 6 7 18 4 12 20 13 15 
student 68: 4 16 6 1 8 17 11 19 18 3 7 20 14 5 15 2 9 12 13 10 
student 69: 9 17 5 3 11 14 12 20 18 1 6 10 2 7 13 4 15 19 16 8 
student 70: 3 17 5 1 15 10 19 16 18 4 11 13 2 9 20 6 7 14 8 12 
student 71: 3 9 6 4 14 13 17 20 12 7 10 18 11 2 19 1 5 16 15 8 
student 72: 1 13 15 6 11 5 19 18 16 7 8 12 14 4 20 2 3 17 10 9 
student 73: 4 13 7 2 14 12 16 19 18 5 6 15 8 9 10 1 3 20 11 17 
student 74: 7 17 4 2 9 12 15 18 11 6 5 14 8 1 16 3 13 20 19 10 
student 75: 3 11 4 1 13 12 19 18 17 6 16 14 7 5 20 2 8 15 10 9 
student 76: 5 16 4 2 12 13 19 17 15 10 8 9 7 3 18 1 6 20 14 11 
student 77: 2 14 4 8 17 10 13 20 16 12 7 1 5 11 15 6 3 19 18 9 
student 78: 9 16 6 1 8 20 12 10 18 3 7 2 14 5 17 4 11 13 19 15 
student 79: 4 15 2 7 9 14 16 17 19 3 13 11 6 1 18 10 5 20 8 12 
student 80: 4 16 7 3 15 10 9 19 18 20 8 12 11 2 14 1 5 13 17 6 
student 81: 11 13 3 1 5 20 15 16 19 12 4 14 9 6 18 8 2 17 10 7 
student 82: 15 18 3 1 16 7 12 10 19 14 8 13 6 11 17 4 2 20 9 5 
student 83: 9 11 7 8 13 10 18 17 20 2 6 15 12 3 16 1 4 19 14 5 
student 84: 5 20 4 6 13 17 11 14 16 9 3 15 8 1 18 7 2 19 12 10 
student 85: 2 13 10 6 1 12 16 17 20 7 5 15 18 9 14 4 3 19 8 11 
student 86: 4 17 14 1 11 13 20 7 18 3 10 19 6 2 16 5 8 12 9 15 
student 87: 7 11 12 4 14 18 19 9 15 10 5 17 3 6 8 1 2 20 16 13 
student 88: 5 9 12 8 6 19 16 7 18 1 3 17 14 10 13 2 4 20 15 11 
student 89: 5 13 3 1 12 2 18 17 19 7 6 9 8 10 15 11 4 20 16 14 
student 90: 1 10 9 3 20 11 12 17 13 15 8 19 2 6 18 5 7 14 16 4 
student 91: 5 14 2 7 15 8 20 10 17 13 16 9 4 11 12 3 1 19 18 6 
student 92: 3 12 6 5 9 18 14 2 16 10 17 15 11 7 13 1 4 19 20 8 
student 93: 20 16 7 5 14 4 18 9 17 15 10 11 13 8 12 2 3 6 19 1 
student 94: 2 12 15 3 9 11 13 20 14 8 1 16 5 6 18 4 7 17 19 10 
student 95: 3 15 8 6 9 14 17 16 18 7 5 12 10 2 20 1 11 19 4 13 
student 96: 4 19 3 1 11 9 17 14 16 12 5 10 7 8 18 2 13 20 6 15 
student 97: 2 9 4 1 14 18 16 17 20 8 10 6 7 5 12 13 3 19 11 15 
student 98: 1 14 9 15 10 12 16 13 17 7 5 19 3 2 11 6 8 20 18 4 
student 99: 4 11 9 1 13 20 12 17 19 7 18 15 8 3 14 5 2 16 10 6 
student 100: 7 14 1 2 9 13 17 19 20 10 3 18 11 12 15 4 8 6 16 5 
student 101: 1 11 12 5 18 8 17 15 19 9 7 4 13 10 16 2 3 20 14 6 
student 102: 5 13 2 9 3 11 18 16 19 8 7 17 12 4 14 1 6 20 15 10 
student 103: 2 17 9 1 12 11 14 13 18 6 10 19 7 4 16 8 5 20 15 3 
student 104: 11 16 7 8 12 5 17 19 18 2 1 13 4 3 14 6 10 20 15 9 
student 105: 2 17 4 7 12 13 15 18 16 8 6 14 20 5 3 10 1 19 9 11 
student 106: 1 11 9 3 8 16 15 19 18 4 7 10 13 5 20 6 2 12 17 14 
student 107: 13 16 7 1 10 8 17 18 15 5 14 3 9 6 20 4 2 19 12 11 
student 108: 5 12 3 1 11 20 17 19 16 4 7 13 14 10 15 2 9 18 8 6 
student 109: 2 10 17 4 13 16 18 8 19 5 9 15 7 20 12 3 1 14 11 6 
student 110: 9 5 8 3 1 20 14 17 16 4 2 15 18 10 13 12 6 19 7 11 
student 111: 10 15 11 3 2 16 18 20 9 7 12 6 13 1 14 8 4 19 17 5 
student 112: 15 11 1 5 12 8 7 17 18 4 9 6 13 16 10 2 3 19 20 14 
student 113: 3 6 8 1 13 4 15 14 19 2 17 11 7 12 9 16 5 20 18 10 
student 114: 1 15 7 4 16 3 18 5 19 10 12 6 13 11 8 2 9 20 17 14 
student 115: 2 16 15 4 13 6 20 12 17 10 1 11 9 5 18 8 7 19 14 3 
student 116: 2 15 7 3 11 16 18 14 19 8 6 10 4 9 17 12 5 20 13 1 
student 117: 4 13 1 9 10 17 12 16 20 5 6 8 7 11 19 2 3 18 15 14 
student 118: 3 18 6 5 10 11 15 13 19 2 7 12 4 8 20 9 1 16 17 14 
student 119: 3 1 10 4 8 19 11 20 15 16 17 14 6 5 13 7 2 9 18 12 
student 120: 17 9 8 1 3 6 19 15 13 16 7 11 4 12 18 5 14 20 10 2 
student 121: 4 14 5 6 10 3 15 20 19 11 9 8 1 7 18 2 13 16 17 12 
student 122: 8 11 10 1 3 19 15 18 16 7 13 14 12 2 17 5 4 20 9 6 
student 123: 5 20 4 2 7 16 15 13 18 14 11 19 6 3 9 1 8 12 10 17 
student 124: 3 5 10 1 13 17 20 14 18 4 7 16 8 12 9 6 2 19 11 15 
student 125: 8 12 3 7 13 11 16 17 14 2 15 18 6 10 20 1 5 19 9 4 
student 126: 14 11 8 9 10 4 16 13 3 12 6 15 20 2 19 1 7 18 5 17 
student 127: 3 15 7 4 12 9 19 17 20 11 8 10 6 2 18 5 1 14 13 16 
student 128: 2 10 14 4 5 12 19 7 17 8 9 20 6 11 15 1 3 18 16 13 
student 129: 1 10 7 6 12 19 18 20 13 16 3 15 4 5 17 2 8 11 14 9 
student 130: 8 12 15 5 9 7 16 18 19 17 1 13 6 3 14 2 4 20 10 11 
student 131: 2 13 12 4 14 8 9 16 11 3 7 17 1 18 19 5 6 20 10 15 
student 132: 2 18 4 3 6 14 17 11 16 19 10 8 5 7 9 1 12 20 15 13 
student 133: 2 17 1 9 10 16 13 18 14 7 12 4 15 8 20 3 6 19 11 5 
student 134: 7 14 4 1 6 13 10 15 18 2 17 16 20 3 11 5 12 19 9 8 
student 135: 9 16 7 2 15 11 19 8 12 10 3 20 6 4 13 5 1 17 18 14 
student 136: 3 15 11 1 8 12 17 14 18 6 5 20 19 7 16 2 9 4 10 13 
student 137: 3 18 10 9 13 6 16 8 15 2 12 17 14 4 19 1 7 20 11 5 
student 138: 5 15 2 4 12 20 14 18 17 8 9 10 7 3 13 1 6 19 16 11 
student 139: 2 16 15 5 19 4 13 14 10 7 9 17 6 18 12 1 3 20 8 11 
student 140: 2 13 9 1 10 15 19 14 16 8 5 20 6 4 17 3 11 18 7 12 
student 141: 4 17 8 1 7 11 19 15 13 16 10 9 5 2 18 3 6 20 12 14 
student 142: 2 20 6 3 10 14 18 16 19 7 13 15 5 8 11 4 1 17 12 9 
student 143: 14 8 16 5 6 11 17 19 18 2 9 12 15 1 13 3 4 20 7 10 
student 144: 3 16 6 1 2 10 19 8 15 7 9 20 14 4 17 5 11 18 13 12 
student 145: 7 12 2 1 8 6 18 15 19 10 4 13 14 3 20 5 9 17 16 11 
student 146: 7 8 6 1 4 9 11 13 15 18 16 17 2 3 19 5 12 20 14 10 
student 147: 2 14 8 6 11 7 12 16 20 10 5 19 9 4 15 3 1 17 13 18 
student 148: 4 11 3 1 17 13 19 9 20 10 8 18 14 2 15 12 5 7 16 6 
student 149: 9 6 10 2 8 16 19 13 18 5 4 14 12 3 15 1 7 20 11 17 
student 150: 4 12 11 2 10 13 19 18 17 3 9 14 7 8 16 1 5 20 15 6 
student 151: 15 19 3 4 5 16 11 18 14 9 1 12 10 7 17 2 6 20 13 8 
student 152: 3 13 17 1 11 7 20 8 12 6 9 18 15 4 10 2 19 16 14 5 
student 153: 1 11 17 2 13 8 5 12 19 16 4 15 7 10 18 3 6 20 9 14 
student 154: 7 16 10 3 12 19 17 8 18 6 11 9 13 4 15 2 1 20 14 5 
student 155: 2 19 5 1 9 17 15 10 20 18 6 13 8 3 14 12 4 16 7 11 
student 156: 1 8 9 2 19 13 10 17 20 4 7 15 12 5 14 3 6 18 16 11 
student 157: 6 14 4 1 11 19 17 15 18 3 10 20 12 8 16 5 2 13 7 9 
student 158: 5 3 11 1 12 10 19 8 17 9 13 14 15 6 16 2 7 20 4 18 
student 159: 5 14 4 2 3 10 17 16 13 9 15 19 11 8 20 1 6 18 12 7 
student 160: 4 14 12 7 17 6 20 19 16 5 13 8 9 2 10 1 3 18 11 15 
student 161: 5 10 6 3 7 18 17 13 20 1 9 15 12 4 16 14 2 19 8 11 
student 162: 6 13 1 3 8 12 18 14 20 5 10 16 11 7 17 2 4 19 15 9 
student 163: 3 15 9 7 6 18 17 20 19 4 11 13 12 5 16 2 1 10 8 14 
student 164: 11 12 7 3 1 8 17 14 20 9 18 15 6 5 16 4 2 19 13 10 
student 165: 6 19 10 8 12 9 14 16 20 13 7 5 15 3 17 1 2 18 11 4 
student 166: 11 14 4 1 5 13 18 20 16 8 9 10 19 6 7 2 3 17 12 15 
student 167: 5 14 8 4 15 12 16 10 18 17 19 1 11 2 13 3 6 20 7 9 
student 168: 4 17 20 3 11 13 19 7 16 9 10 15 1 5 12 2 8 18 14 6 
student 169: 12 10 6 1 5 17 15 16 19 7 14 9 2 4 13 3 8 20 18 11 
student 170: 5 8 6 3 11 14 19 18 20 9 7 10 16 1 13 4 2 15 12 17 
student 171: 19 2 7 8 10 11 13 14 20 5 12 6 9 4 18 1 3 16 17 15 
student 172: 4 16 10 1 2 20 17 13 11 5 9 12 8 6 15 7 3 19 18 14 
student 173: 10 11 18 4 7 5 20 17 14 12 9 1 8 6 19 3 2 13 16 15 
student 174: 1 16 5 2 9 11 17 20 8 7 6 19 12 4 13 3 10 18 14 15 
student 175: 2 7 3 1 14 17 19 12 15 11 5 18 16 4 10 8 9 20 6 13 
student 176: 4 18 10 2 12 8 16 14 17 7 11 9 5 6 15 1 3 19 13 20 
student 177: 1 14 10 3 16 8 4 20 19 9 11 12 17 7 13 6 2 15 5 18 
student 178: 2 10 5 4 19 3 20 18 16 14 13 12 9 7 11 1 6 17 8 15 
student 179: 3 11 2 5 4 8 16 20 13 12 9 14 19 1 10 17 6 18 15 7 
student 180: 3 14 6 9 7 19 12 16 11 5 13 15 8 2 18 1 10 20 4 17 
student 181: 2 17 5 1 13 14 18 12 15 8 4 11 9 3 10 6 7 20 16 19 
student 182: 8 16 3 2 5 9 17 20 19 15 6 11 4 10 7 1 12 18 13 14 
student 183: 1 12 13 2 10 7 19 16 18 3 15 20 4 5 9 11 6 17 8 14 
student 184: 3 2 6 5 17 12 18 19 8 1 9 11 20 7 16 4 10 15 13 14 
student 185: 2 15 13 6 14 16 18 19 17 5 11 8 3 7 10 1 4 20 9 12 
student 186: 12 7 5 10 11 8 9 16 14 4 18 19 6 2 13 1 3 15 20 17 
student 187: 7 16 9 1 2 13 20 14 18 3 11 15 12 6 19 5 10 17 8 4 
student 188: 4 20 9 3 7 11 19 15 14 6 13 16 8 5 17 1 2 18 12 10 
student 189: 11 20 7 5 13 10 14 6 19 4 9 15 3 1 17 8 2 16 18 12 
student 190: 3 11 8 10 6 1 20 12 17 16 14 19 4 7 13 18 9 15 2 5 
student 191: 11 15 10 2 12 18 13 17 14 5 9 20 6 3 8 1 4 19 16 7 
student 192: 2 20 10 1 6 17 16 15 13 14 9 11 3 5 19 4 7 12 18 8 
student 193: 5 16 2 3 12 15 17 19 13 14 8 18 6 1 11 4 10 20 9 7 
student 194: 3 15 10 6 14 13 17 19 12 7 8 20 5 1 16 2 9 18 4 11 
student 195: 4 17 7 8 12 15 10 18 19 20 13 11 2 6 9 1 14 16 3 5 
student 196: 1 19 11 6 14 10 15 13 18 12 4 9 5 16 20 3 2 17 7 8 
student 197: 5 17 13 1 14 6 20 12 18 2 16 10 7 3 19 4 11 9 15 8 
student 198: 3 12 8 1 2 11 20 9 15 10 14 17 7 4 18 6 5 19 13 16 
student 199: 2 10 4 1 11 20 13 17 16 5 18 19 6 7 9 3 15 12 14 8 
student 200: 4 15 7 3 8 11 19 17 18 9 10 16 12 1 14 2 6 20 13 5 
student 201: 2 10 6 1 9 15 14 18 20 13 12 16 7 3 19 4 8 17 11 5 
student 202: 1 12 7 2 11 9 19 16 20 10 4 13 15 5 17 6 3 8 14 18 
student 203: 5 15 11 2 3 10 20 13 12 7 4 18 14 8 19 1 9 17 6 16 
student 204: 14 8 2 5 10 16 20 7 19 4 3 13 15 6 12 9 1 17 18 11 
student 205: 4 11 8 3 2 16 20 14 18 7 5 12 10 6 13 1 15 19 9 17 
student 206: 6 14 13 1 11 5 19 12 16 4 10 17 8 15 20 2 9 18 3 7 
student 207: 12 11 10 14 7 9 18 19 17 3 6 4 15 5 16 8 1 20 2 13 
student 208: 6 3 8 5 10 7 12 13 16 17 9 15 11 2 19 1 18 20 14 4 
student 209: 2 15 6 4 14 17 20 11 19 7 5 13 8 1 18 3 9 10 16 12 
student 210: 4 12 6 3 9 10 18 17 19 5 13 20 8 2 15 1 11 16 7 14 
student 211: 8 14 10 1 5 13 16 9 19 12 4 18 11 15 17 2 3 20 6 7 
student 212: 4 17 12 10 2 14 20 9 16 11 6 15 8 1 3 5 7 19 13 18 
student 213: 13 14 9 1 10 16 19 12 15 2 8 11 3 4 18 5 6 20 17 7 
student 214: 3 12 5 2 10 11 17 16 18 9 6 15 8 7 19 1 4 20 13 14 
student 215: 1 12 3 2 13 14 16 18 19 9 10 7 6 8 17 4 15 20 5 11 
student 216: 6 13 3 19 12 11 18 7 16 8 5 15 9 2 17 4 1 10 14 20 
student 217: 2 20 5 6 4 14 16 17 19 8 10 9 13 1 11 3 7 18 15 12 
student 218: 8 15 3 2 14 9 17 12 16 1 6 13 10 5 19 4 7 20 18 11 
student 219: 5 9 2 1 7 18 15 19 16 11 8 20 4 3 13 14 10 17 12 6 
student 220: 5 9 7 2 8 20 18 12 11 14 17 6 3 13 15 1 4 19 10 16 
student 221: 2 15 5 8 4 11 16 12 17 9 19 6 14 7 20 1 3 18 13 10 
student 222: 2 8 5 1 11 13 17 19 10 4 14 18 6 9 12 3 7 20 16 15 
student 223: 5 11 2 6 10 18 13 20 16 8 9 15 3 1 17 4 7 19 14 12 
student 224: 4 13 7 1 16 12 17 9 20 11 10 19 3 6 18 5 2 15 14 8 
student 225: 2 8 6 11 15 16 20 4 17 3 14 10 18 1 19 7 9 5 13 12 
student 226: 4 17 12 3 10 11 18 14 16 9 7 19 2 5 15 1 8 20 13 6 
student 227: 2 12 3 4 13 16 18 20 17 1 10 11 6 8 15 5 7 14 9 19 
student 228: 4 7 6 3 14 18 15 12 19 11 10 16 8 2 13 1 5 17 20 9 
student 229: 5 11 15 2 8 10 6 17 20 4 7 3 18 12 19 1 9 13 16 14 
student 230: 9 13 1 4 10 12 20 16 3 18 8 17 2 6 14 5 11 19 15 7 
student 231: 5 16 6 1 20 8 17 15 19 4 18 10 7 9 14 2 3 11 12 13 
student 232: 4 2 19 1 11 9 20 15 17 7 10 12 8 14 16 3 5 18 13 6 
student 233: 12 15 5 4 2 11 13 20 18 7 6 17 10 3 9 1 8 19 16 14 
student 234: 3 13 9 10 15 17 19 8 20 1 11 16 12 4 14 2 7 18 6 5 
student 235: 5 13 3 11 10 20 19 15 17 12 2 16 6 9 4 1 8 18 14 7 
student 236: 3 9 5 1 17 8 11 12 13 15 19 16 14 4 18 2 10 20 7 6 
student 237: 5 6 9 11 2 18 16 17 12 10 20 14 13 3 15 1 7 19 8 4 
student 238: 3 11 16 8 7 14 19 18 12 1 13 15 6 4 20 2 10 17 9 5 
student 239: 10 9 7 1 17 13 12 18 20 8 16 14 11 2 15 5 4 3 19 6 
student 240: 1 13 4 2 10 8 20 14 18 5 7 17 16 9 15 6 3 19 12 11 
student 241: 3 7 5 2 9 17 14 19 15 12 13 16 10 4 20 1 6 18 11 8 
student 242: 7 10 6 1 12 9 18 19 17 11 13 8 16 5 15 3 2 20 14 4 
student 243: 5 12 3 6 10 13 16 18 19 8 17 11 14 4 7 2 1 20 15 9 
student 244: 1 4 2 5 12 14 11 19 16 7 13 6 3 8 18 9 10 20 17 15 
student 245: 1 20 6 13 7 14 18 17 16 8 3 11 9 5 10 2 4 19 12 15 
student 246: 1 19 11 5 20 14 9 15 17 7 4 8 18 2 10 13 6 16 12 3 
student 247: 5 9 2 1 13 17 18 10 19 14 3 4 6 8 12 11 7 20 15 16 
student 248: 2 13 3 1 10 12 16 17 14 7 11 9 15 5 18 4 6 19 20 8 
student 249: 1 17 5 3 7 9 13 18 16 11 10 19 2 6 20 8 4 14 15 12 
student 250: 7 14 8 2 18 3 19 15 17 1 10 12 16 5 6 4 9 20 11 13 
student 251: 5 19 3 6 13 4 20 10 18 7 16 9 14 11 15 8 1 17 12 2 
student 252: 5 11 17 6 10 9 19 15 20 2 4 14 13 3 16 1 8 12 18 7 
student 253: 6 12 19 4 9 15 17 14 13 8 1 20 2 3 16 5 7 18 10 11 
student 254: 9 15 11 1 4 5 19 18 14 7 8 16 10 3 12 2 6 20 13 17 
student 255: 6 15 3 5 10 14 19 18 11 7 12 16 8 4 17 2 1 20 9 13 
student 256: 2 17 8 1 6 11 15 9 12 16 19 18 10 4 13 3 7 20 14 5 
student 257: 5 9 10 2 11 7 15 18 14 3 6 12 17 1 19 4 8 20 13 16 
student 258: 3 13 8 2 9 12 18 15 20 4 10 17 6 5 16 1 7 19 11 14 
student 259: 9 7 4 3 5 10 17 20 19 8 2 15 14 6 16 1 11 18 12 13 
student 260: 3 18 6 4 12 7 19 20 15 1 5 17 11 2 14 8 10 13 16 9 
student 261: 2 7 3 19 6 12 13 8 15 11 9 18 14 5 10 4 1 17 20 16 
student 262: 9 16 6 1 11 8 19 5 20 17 10 7 13 3 12 4 2 15 18 14 
student 263: 3 8 12 2 14 15 19 18 20 4 11 9 5 17 13 1 10 16 7 6 
student 264: 1 15 10 5 7 17 19 16 13 11 9 18 3 2 14 8 6 20 12 4 
student 265: 1 13 2 7 14 11 18 8 12 3 5 19 15 9 16 20 4 10 17 6 
student 266: 2 14 4 3 11 10 18 16 19 7 8 20 9 1 17 5 6 13 15 12 
student 267: 2 18 13 8 12 10 17 19 20 5 4 14 3 6 9 1 7 16 15 11 
student 268: 7 10 9 2 11 8 14 17 16 15 13 12 5 1 6 3 4 20 18 19 
student 269: 8 5 12 14 9 4 1 16 19 6 10 13 3 7 20 2 11 17 18 15 
student 270: 6 12 5 1 16 11 18 20 14 8 13 10 3 7 19 4 9 17 15 2 
student 271: 3 16 17 2 7 9 14 13 6 8 11 12 19 1 15 5 4 20 10 18 
student 272: 7 4 12 3 11 14 19 20 6 2 10 17 8 1 18 5 9 16 15 13 
student 273: 2 8 14 7 10 4 16 15 19 6 3 12 17 9 20 1 5 13 18 11 
student 274: 19 8 2 3 10 13 17 6 20 11 1 15 4 5 16 7 9 18 12 14 
student 275: 4 18 9 11 5 14 19 10 20 3 2 15 7 17 16 1 6 13 12 8 
student 276: 3 18 9 11 7 15 16 12 14 13 4 17 5 6 20 2 8 19 10 1 
student 277: 4 11 6 5 10 12 19 17 16 7 1 18 8 2 13 3 9 20 15 14 
student 278: 1 10 16 15 9 17 20 19 12 7 3 13 5 6 14 2 4 18 8 11 
student 279: 5 14 6 2 16 3 20 13 18 19 10 15 12 4 11 8 7 17 1 9 
student 280: 6 7 2 4 8 11 13 10 17 15 1 9 16 3 20 5 14 12 19 18 
student 281: 2 17 4 1 16 18 13 12 9 14 19 7 5 11 20 8 3 10 15 6 
student 282: 7 14 8 11 9 12 16 10 17 3 13 18 4 1 19 2 6 20 15 5 
student 283: 1 9 3 5 4 12 17 15 18 11 10 16 8 7 19 2 6 20 14 13 
student 284: 12 13 2 6 14 9 16 20 19 7 10 17 5 1 18 3 4 15 11 8 
student 285: 4 10 1 12 18 19 16 17 14 11 5 13 15 9 8 7 3 20 6 2 
student 286: 4 12 9 2 11 6 13 16 14 15 8 17 5 1 18 7 3 20 19 10 
student 287: 7 13 9 1 6 11 14 12 18 5 19 20 4 2 17 3 8 16 10 15 
student 288: 14 4 9 1 12 15 17 18 5 7 8 3 11 2 20 6 10 13 19 16 
student 289: 3 17 8 1 13 12 19 16 7 9 11 20 10 2 15 5 6 18 4 14 
student 290: 3 14 7 1 10 16 13 20 19 11 6 18 8 5 9 2 4 15 17 12 
student 291: 5 16 18 8 4 6 13 15 11 14 12 19 17 2 3 1 9 20 10 7 
student 292: 5 17 11 3 10 2 15 14 20 8 1 9 6 7 19 4 16 18 12 13 
student 293: 16 18 1 4 15 9 19 14 17 10 7 13 6 5 8 3 2 11 12 20 
student 294: 5 16 7 2 13 12 20 18 14 4 9 15 8 3 11 1 6 17 19 10 
student 295: 3 15 10 1 11 8 13 19 7 18 5 16 14 2 17 6 9 20 4 12 
student 296: 5 12 1 3 10 11 18 17 13 7 4 19 8 9 16 2 6 20 14 15 
student 297: 5 11 9 3 14 16 19 20 17 4 10 13 7 8 15 1 2 18 12 6 
student 298: 13 8 5 1 2 14 15 16 17 6 7 12 10 9 19 3 4 18 11 20 
student 299: 2 16 9 3 12 13 20 6 19 10 18 17 5 7 14 1 4 15 11 8 
student 300: 2 19 8 12 6 14 9 18 16 10 4 13 7 3 17 1 5 20 15 11 
student 301: 4 18 6 2 3 10 13 8 17 7 9 19 15 5 20 11 1 14 16 12 
student 302: 13 14 4 2 7 6 20 18 19 11 15 12 3 10 17 1 5 9 16 8 
student 303: 6 18 8 1 11 7 12 19 20 4 14 9 13 3 16 5 2 17 10 15 
student 304: 3 17 10 2 8 18 13 19 7 6 11 12 4 1 20 5 9 14 16 15 
student 305: 12 18 11 3 8 15 14 20 19 13 4 2 10 1 17 7 6 16 5 9 
student 306: 9 19 5 4 18 13 7 6 11 2 3 14 8 10 15 12 1 16 20 17 
student 307: 1 18 6 3 12 13 19 11 16 7 10 15 8 4 14 2 5 20 17 9 
student 308: 7 16 5 1 8 9 20 18 19 15 6 10 4 2 17 13 3 11 14 12 
student 309: 1 17 11 2 10 8 15 18 20 4 19 13 5 7 12 6 3 16 14 9 
student 310: 10 4 11 6 7 14 16 15 20 13 8 9 3 1 17 5 2 18 12 19 
student 311: 6 16 7 2 12 9 15 18 19 5 8 14 11 3 17 1 4 20 10 13 
student 312: 2 11 9 3 8 16 15 14 19 4 10 12 13 1 20 7 5 6 18 17 
student 313: 1 7 6 8 9 16 15 18 20 14 5 12 13 3 17 4 11 19 10 2 
student 314: 11 20 8 1 9 5 6 17 14 16 4 18 10 3 7 12 2 15 19 13 
student 315: 2 13 8 3 20 14 18 9 10 12 6 11 15 5 16 1 4 19 17 7 
student 316: 2 17 4 8 13 5 14 11 16 6 9 7 3 12 19 1 10 18 20 15 
student 317: 3 9 6 2 12 14 19 13 18 11 8 15 10 4 17 1 7 20 16 5 
student 318: 2 15 4 3 10 16 13 17 20 14 7 11 9 6 19 1 5 18 8 12 
student 319: 1 11 14 2 12 3 10 16 18 4 9 15 6 8 20 5 7 19 13 17 
student 320: 2 14 6 4 10 11 13 19 17 1 8 20 9 5 18 3 15 12 16 7 
student 321: 2 17 13 5 14 3 16 11 15 1 8 18 12 7 20 9 6 19 10 4 
student 322: 8 7 2 1 18 15 19 9 20 4 17 14 3 5 13 10 6 11 12 16 
student 323: 7 11 8 1 12 13 17 9 18 3 5 16 14 4 15 2 10 19 20 6 
student 324: 3 16 5 6 14 10 20 9 7 12 13 8 11 1 15 2 4 19 18 17 
student 325: 2 19 8 1 15 13 16 14 20 11 12 6 9 3 17 4 7 18 5 10 
student 326: 1 15 4 9 12 5 10 18 6 8 17 11 7 3 16 13 2 14 20 19 
student 327: 3 14 5 4 15 19 17 13 18 12 20 6 9 1 16 2 7 11 10 8 
student 328: 4 12 17 1 10 6 20 18 15 7 14 8 19 2 11 5 3 13 16 9 
student 329: 1 12 5 3 2 14 15 20 10 7 13 17 9 6 19 8 4 18 11 16 
student 330: 4 14 7 1 11 10 19 15 17 2 6 3 18 8 16 5 9 20 13 12 
student 331: 4 8 6 1 17 7 20 15 19 12 9 16 10 2 14 3 5 13 11 18 
student 332: 3 17 8 1 12 9 14 19 15 5 7 20 11 2 16 6 4 18 10 13 
student 333: 7 15 12 11 4 8 17 18 19 3 14 9 13 2 16 1 5 20 10 6 
student 334: 1 17 6 2 12 16 19 9 10 13 14 11 8 4 20 7 3 15 18 5 
student 335: 1 12 13 2 8 20 14 11 19 10 6 17 5 3 18 4 15 16 7 9 
student 336: 3 16 7 2 18 6 17 15 8 11 9 14 12 5 20 1 4 19 10 13 
student 337: 3 10 9 6 16 14 19 15 18 11 2 5 4 7 17 1 8 20 13 12 
student 338: 4 14 1 13 11 8 17 16 20 10 2 19 3 7 15 9 5 18 6 12 
student 339: 7 17 6 1 10 16 19 13 18 3 14 5 9 8 12 2 4 20 15 11 
student 340: 8 14 5 1 4 6 17 18 20 12 16 15 7 2 13 3 10 19 9 11 
student 341: 6 20 3 1 5 11 19 14 13 9 8 16 12 7 15 10 2 17 18 4 
student 342: 3 18 6 8 10 11 15 17 19 5 9 13 12 4 14 2 1 20 16 7 
student 343: 6 14 10 1 8 11 18 15 20 12 4 16 9 2 5 3 7 19 17 13 
student 344: 5 3 9 13 14 6 16 11 20 2 1 19 10 15 18 4 7 12 17 8 
student 345: 6 17 5 1 8 9 15 14 18 3 10 19 11 4 16 2 13 20 12 7 
student 346: 3 13 10 2 11 4 17 12 16 5 7 18 8 15 14 1 6 20 19 9 
student 347: 2 10 4 8 7 18 16 11 17 6 9 14 3 5 19 1 15 20 13 12 
student 348: 7 15 9 2 10 14 20 11 16 12 5 18 8 6 19 1 3 17 13 4 
student 349: 8 11 3 5 15 10 18 17 20 6 4 12 9 1 14 2 7 19 13 16 
student 350: 3 10 1 17 18 9 15 16 14 8 2 13 5 4 19 6 7 20 12 11 
student 351: 2 16 9 4 10 12 15 11 20 7 8 18 5 3 17 1 6 19 13 14 
student 352: 3 16 6 5 10 9 20 18 14 12 4 13 15 7 17 8 2 19 11 1 
student 353: 2 13 5 4 16 18 8 15 19 7 6 14 9 10 17 1 12 20 11 3 
student 354: 14 9 3 2 20 12 16 15 19 5 10 11 1 7 17 6 8 18 4 13 
student 355: 15 7 8 1 6 13 17 19 18 4 5 16 11 2 20 3 10 9 14 12 
student 356: 1 14 2 6 10 17 18 19 13 8 3 4 11 5 20 7 16 9 15 12 
student 357: 5 20 3 2 11 16 14 1 17 9 10 13 6 7 15 4 8 19 12 18 
student 358: 11 14 16 3 6 20 17 10 15 7 9 18 5 2 12 1 4 19 13 8 
student 359: 3 9 5 2 13 10 16 12 19 8 4 15 7 6 14 1 11 18 20 17 
student 360: 3 14 5 11 9 10 20 13 17 6 19 16 7 2 15 1 4 18 12 8 
student 361: 6 15 12 2 16 1 20 18 17 9 4 13 11 5 19 3 7 14 10 8 
student 362: 10 14 3 1 12 11 16 15 17 5 8 19 13 4 20 7 2 18 9 6 
student 363: 3 17 7 5 8 15 13 18 14 6 9 20 10 4 16 1 2 19 11 12 
student 364: 7 14 4 1 6 10 12 15 19 8 2 16 17 5 9 3 13 18 20 11 
student 365: 1 15 16 5 11 9 10 14 18 3 13 6 19 8 17 7 2 20 12 4 
student 366: 7 14 8 1 11 13 17 20 12 2 4 16 6 9 10 3 5 19 15 18 
student 367: 3 7 2 6 17 19 15 13 18 20 10 16 9 1 5 14 4 11 12 8 
student 368: 8 10 11 6 9 4 18 16 20 13 15 14 2 3 17 1 7 19 12 5 
student 369: 8 16 10 7 11 12 19 17 15 1 14 6 4 2 20 3 5 18 9 13 
student 370: 3 10 7 1 8 13 16 18 17 2 5 15 11 6 19 12 4 20 14 9 
student 371: 2 18 10 3 9 11 20 12 17 8 6 16 4 5 15 7 1 19 13 14 
student 372: 8 15 4 2 11 13 16 14 20 7 6 17 9 10 19 3 5 18 12 1 
student 373: 7 16 6 1 17 15 12 18 20 8 9 13 5 3 19 2 10 11 14 4 
student 374: 4 14 3 2 18 5 17 9 20 1 12 19 11 10 16 7 8 15 6 13 
student 375: 12 9 10 1 3 7 17 20 19 4 11 15 14 2 16 6 5 18 13 8 
student 376: 4 19 7 1 10 15 20 12 18 8 3 14 9 5 17 2 6 16 13 11 
student 377: 1 16 5 3 10 8 13 18 19 7 11 15 17 2 9 4 6 20 14 12 
student 378: 11 15 8 2 7 19 16 10 20 13 14 18 1 5 17 3 4 12 9 6 
student 379: 1 15 2 10 4 12 17 13 20 11 8 16 9 6 18 3 7 19 14 5 
student 380: 2 17 12 5 13 11 4 20 15 9 18 14 10 3 19 1 8 16 7 6 
student 381: 3 18 7 1 15 12 20 14 19 9 17 6 8 5 10 2 4 16 13 11 
student 382: 2 15 10 3 7 13 20 17 18 9 4 16 6 5 11 1 8 19 12 14 
student 383: 5 15 6 1 11 2 17 19 18 7 8 12 10 9 16 3 4 20 13 14 
student 384: 9 11 5 1 10 15 18 17 19 7 2 16 12 4 14 3 6 20 8 13 
student 385: 7 14 11 1 5 2 9 16 19 3 17 18 6 12 13 4 8 20 10 15 
student 386: 2 17 1 4 9 11 20 12 19 7 8 14 13 3 18 5 6 15 16 10 
student 387: 8 17 4 1 10 9 19 16 18 15 7 13 12 5 20 2 3 6 11 14 
student 388: 7 14 2 1 12 19 17 15 11 4 6 20 8 10 16 3 5 18 9 13 
student 389: 3 11 6 1 5 13 14 16 17 9 12 20 10 4 18 2 8 19 7 15 
student 390: 1 8 14 7 4 11 18 16 20 12 2 13 15 3 17 5 6 19 10 9 
student 391: 1 14 4 5 9 8 10 18 20 15 2 13 11 6 19 7 3 16 12 17 
student 392: 2 13 7 10 14 9 19 18 20 5 6 15 8 4 17 1 3 16 11 12 
student 393: 10 4 5 2 13 11 17 18 20 7 9 16 6 1 15 8 3 14 19 12 
student 394: 5 16 8 3 13 2 20 17 10 7 18 19 1 6 15 11 4 12 14 9 
student 395: 2 18 7 1 16 19 17 15 13 8 9 11 14 5 12 3 4 20 10 6 
student 396: 3 13 1 2 16 14 20 19 17 7 5 18 9 4 15 6 8 12 11 10 
student 397: 1 20 4 2 11 19 13 10 18 9 6 3 16 7 12 5 15 14 8 17 
student 398: 5 18 2 6 14 3 20 16 9 8 10 15 11 1 17 4 7 12 19 13 
student 399: 6 3 4 1 11 5 13 20 18 2 10 16 12 8 17 7 9 19 15 14 
student 400: 7 6 2 3 15 16 17 19 20 4 11 13 9 5 18 1 8 12 10 14 
student 401: 2 16 3 7 6 12 19 18 20 4 15 17 9 8 10 1 5 14 11 13 
student 402: 4 11 12 5 15 8 18 16 17 1 2 10 14 7 19 3 6 20 13 9 
student 403: 9 12 7 2 11 15 18 19 8 3 14 16 13 1 20 6 5 17 10 4 
student 404: 1 15 2 8 5 11 19 14 10 3 4 16 13 18 17 12 7 20 9 6 
student 405: 4 14 12 1 8 9 17 7 19 3 11 18 6 10 13 2 5 20 16 15 
student 406: 3 13 6 1 11 12 17 14 20 7 9 15 10 2 18 5 8 19 16 4 
student 407: 1 3 10 8 6 14 19 16 7 11 18 17 12 2 15 5 4 20 13 9 
student 408: 9 7 3 1 20 14 18 15 19 8 11 13 2 5 17 4 6 16 12 10 
student 409: 3 17 4 1 6 7 20 16 18 8 11 9 15 5 13 2 10 19 12 14 
student 410: 6 14 5 4 7 17 18 12 20 15 9 19 11 1 13 2 3 16 8 10 
student 411: 5 20 1 2 10 16 13 4 7 14 9 19 15 3 17 8 11 18 12 6 
student 412: 2 15 3 10 5 13 20 19 14 4 9 18 12 6 16 1 8 17 11 7 
student 413: 1 13 7 12 14 9 19 16 5 4 8 11 10 6 17 3 2 20 15 18 
student 414: 4 16 13 6 9 10 18 19 20 8 3 11 5 2 12 7 1 17 15 14 
student 415: 7 9 2 5 15 10 11 18 20 6 12 13 14 3 16 1 8 19 4 17 
student 416: 5 14 9 3 7 11 15 10 20 4 16 19 8 6 13 2 1 17 12 18 
student 417: 2 14 8 5 12 9 20 17 19 13 4 16 6 7 10 1 3 18 15 11 
student 418: 6 16 10 2 9 13 11 14 18 4 12 20 7 3 17 1 8 19 15 5 
student 419: 3 17 9 7 16 11 14 18 19 1 2 15 5 4 13 6 8 20 12 10 
student 420: 3 11 6 1 9 10 18 19 17 5 8 14 7 12 16 2 4 13 15 20 
student 421: 14 15 7 2 3 8 16 20 18 9 6 10 11 1 13 4 5 19 17 12 
student 422: 9 10 6 4 2 7 8 18 19 11 15 17 12 5 16 1 13 20 14 3 
student 423: 5 20 14 4 18 7 19 10 13 2 9 11 6 3 16 1 8 17 12 15 
student 424: 8 20 11 2 7 3 16 12 19 14 6 10 13 5 17 1 4 15 9 18 
student 425: 2 8 3 7 13 15 19 11 16 9 1 12 10 14 20 4 6 17 18 5 
student 426: 3 12 15 1 11 8 18 13 19 6 9 16 7 2 17 5 4 20 14 10 
student 427: 18 13 2 12 6 14 17 11 19 4 3 15 9 10 20 7 1 5 16 8 
student 428: 7 20 15 1 13 11 16 12 18 4 6 17 8 5 10 3 2 14 19 9 
student 429: 8 12 7 4 1 19 17 15 18 14 2 10 6 5 16 13 3 20 9 11 
student 430: 4 17 2 11 12 14 20 18 19 7 13 9 6 1 15 3 5 16 8 10 
student 431: 4 14 6 1 9 17 15 12 20 3 11 18 7 2 16 5 8 19 10 13 
student 432: 6 18 10 2 5 15 20 12 16 1 9 8 14 7 19 4 3 13 17 11 
student 433: 2 10 14 3 16 5 13 20 17 15 12 11 8 9 19 1 6 18 4 7 
student 434: 9 15 2 7 12 17 19 11 18 10 13 14 6 1 20 5 4 16 8 3 
student 435: 5 10 18 3 2 8 14 16 19 1 4 15 11 7 17 6 12 20 9 13 
student 436: 4 18 2 1 10 15 7 13 17 5 9 16 19 8 12 3 6 20 11 14 
student 437: 5 13 11 4 7 10 17 19 18 1 3 14 8 9 20 2 6 16 12 15 
student 438: 6 9 8 2 14 11 12 16 20 7 3 15 10 5 17 4 1 18 19 13 
student 439: 6 10 1 3 5 14 16 19 20 9 4 15 8 7 17 12 2 11 18 13 
student 440: 6 12 10 4 7 8 17 11 19 5 9 15 20 2 14 1 3 18 16 13 
student 441: 3 13 7 2 18 12 20 10 19 6 5 14 8 1 16 11 4 15 17 9 
student 442: 2 16 9 4 14 11 18 13 10 5 20 17 3 8 15 1 6 19 12 7 
student 443: 5 7 11 1 9 15 12 17 19 8 10 16 3 4 13 2 6 20 18 14 
student 444: 9 17 6 1 2 10 18 4 15 5 8 12 11 3 13 16 19 20 7 14 
student 445: 12 19 1 3 10 11 6 13 15 20 7 9 14 4 17 2 5 16 18 8 
student 446: 2 14 6 5 11 20 16 19 17 10 9 18 12 4 15 1 3 8 13 7 
student 447: 3 9 6 2 10 12 19 18 17 8 7 16 13 5 11 1 4 20 15 14 
student 448: 2 18 5 4 16 14 20 15 9 6 10 17 12 1 13 11 3 19 7 8 
student 449: 2 7 6 10 9 12 16 15 18 5 8 20 13 4 17 1 3 19 11 14 
student 450: 7 16 11 3 12 4 18 15 17 8 9 13 5 1 19 6 2 20 14 10 
student 451: 5 14 2 9 16 8 20 18 17 10 6 12 11 4 15 3 1 19 13 7 
student 452: 5 10 6 1 9 11 13 20 14 17 18 19 2 7 12 8 4 16 15 3 
student 453: 8 6 10 1 7 12 19 16 18 2 9 14 5 3 13 17 4 20 15 11 
student 454: 2 18 9 3 16 11 14 12 20 4 7 19 13 6 15 1 5 17 8 10 
student 455: 2 20 4 3 7 13 14 11 15 6 10 17 16 1 18 9 5 12 19 8 
student 456: 5 19 4 8 12 13 16 9 17 2 10 14 6 3 11 1 7 20 18 15 
student 457: 2 18 6 1 16 10 15 12 14 7 13 20 8 4 9 3 5 19 11 17 
student 458: 6 15 4 1 5 11 18 20 17 10 7 14 9 2 13 3 12 19 16 8 
student 459: 7 8 9 4 14 19 18 11 17 5 3 12 13 1 16 2 15 20 10 6 
student 460: 6 9 15 1 13 11 17 19 12 10 4 18 8 7 5 3 2 20 14 16 
student 461: 5 12 11 7 20 4 19 16 18 6 1 14 8 3 15 2 10 17 13 9 
student 462: 3 7 10 6 2 8 20 9 17 13 11 12 15 1 18 4 5 19 16 14 
student 463: 7 11 18 3 8 17 20 12 19 14 6 10 9 2 16 13 5 4 15 1 
student 464: 4 14 2 13 11 18 20 15 16 10 7 3 8 5 19 1 9 12 17 6 
student 465: 10 17 6 2 16 14 12 18 15 7 5 19 1 4 13 3 11 20 9 8 
student 466: 14 10 8 7 9 12 20 13 17 6 11 19 5 2 16 1 3 18 15 4 
student 467: 1 17 15 4 5 12 16 13 10 6 3 20 8 7 18 2 11 19 14 9 
student 468: 12 20 6 1 13 14 19 15 16 11 2 10 7 9 17 3 4 18 8 5 
student 469: 7 19 13 3 8 15 14 20 16 4 11 18 1 2 5 6 10 12 17 9 
student 470: 6 11 4 1 12 10 14 20 16 9 3 17 5 7 15 2 8 19 13 18 
student 471: 1 9 3 2 13 11 18 16 5 10 20 12 7 14 15 6 4 17 19 8 
student 472: 9 12 10 1 11 5 19 13 16 4 7 18 8 6 15 3 2 17 20 14 
student 473: 1 13 8 6 9 11 17 18 16 3 4 14 10 2 19 15 5 20 12 7 
student 474: 5 18 6 4 13 7 20 19 17 3 8 15 11 12 10 1 2 16 9 14 
student 475: 4 18 3 2 8 17 15 7 12 1 6 13 16 9 19 11 10 14 20 5 
student 476: 7 13 8 2 6 5 17 14 4 9 11 19 18 1 20 3 10 15 12 16 
student 477: 5 19 8 9 13 4 18 12 16 2 1 17 3 6 11 7 14 20 15 10 
student 478: 1 15 10 3 13 14 17 18 4 6 8 16 9 7 20 2 5 12 11 19 
student 479: 4 6 2 1 7 9 13 15 17 12 8 11 10 5 20 3 14 19 16 18 
student 480: 3 13 6 1 9 11 17 18 19 15 14 16 8 12 20 5 4 7 2 10 
student 481: 1 8 7 16 10 18 14 19 17 4 6 9 13 15 20 2 3 11 5 12 
student 482: 1 15 14 7 3 9 12 16 20 8 2 17 11 10 18 5 4 19 13 6 
student 483: 2 16 10 1 8 5 20 15 17 7 12 18 9 6 14 4 3 19 11 13 
student 484: 7 11 5 3 1 6 14 15 18 10 9 20 12 8 17 2 4 16 19 13 
student 485: 8 7 9 6 10 14 19 11 20 3 13 16 15 4 18 2 5 17 12 1 
student 486: 1 11 3 2 17 13 20 9 18 6 14 15 5 4 12 7 10 16 8 19 
student 487: 5 13 6 9 8 11 20 18 15 14 4 19 3 1 16 10 7 17 12 2 
student 488: 2 14 13 1 8 10 20 19 9 7 11 15 5 4 17 3 6 18 12 16 
student 489: 6 10 9 1 13 12 14 17 19 8 7 16 11 4 20 3 5 18 2 15 
student 490: 1 11 3 9 20 10 17 6 18 8 12 14 2 5 19 4 16 15 7 13 
student 491: 2 14 4 1 6 8 15 18 20 12 3 19 11 9 13 7 5 17 16 10 
student 492: 5 18 6 8 2 1 11 14 19 9 17 16 10 4 15 3 13 20 7 12 
student 493: 10 9 3 4 18 14 17 13 19 6 15 11 7 1 20 2 5 12 8 16 
student 494: 3 13 8 2 17 1 12 9 11 7 14 20 10 4 15 5 6 18 19 16 
student 495: 3 16 2 17 13 12 18 15 10 6 4 19 11 5 14 1 8 20 9 7 
student 496: 14 10 3 7 6 19 17 12 18 4 1 15 11 2 13 5 8 20 16 9 
student 497: 9 14 7 2 11 13 19 15 20 4 1 16 8 5 17 3 6 18 10 12 
student 498: 5 13 9 2 8 15 20 18 17 7 12 14 4 1 16 3 11 19 10 6 
student 499: 4 13 6 8 12 11 14 16 18 3 5 17 10 2 19 1 9 20 15 7 
student 500: 6 12 3 2 11 16 20 14 17 4 10 15 7 5 18 1 8 19 9 13 
student 501: 4 17 1 7 10 6 14 15 19 12 3 11 9 2 16 8 5 20 18 13 
student 502: 2 8 11 1 7 17 20 14 19 5 12 9 10 4 16 3 6 18 13 15 
student 503: 5 12 6 1 11 13 19 15 17 7 4 14 9 2 16 8 3 18 10 20 
student 504: 5 15 6 1 13 16 9 11 19 2 7 17 12 4 20 3 8 18 10 14 
student 505: 1 4 3 6 10 13 20 17 18 5 16 11 9 2 19 15 7 14 8 12 
student 506: 3 8 5 1 14 11 17 13 19 6 7 16 9 4 18 2 10 20 15 12 
student 507: 5 17 11 4 13 9 19 16 15 8 3 20 6 2 10 1 12 18 14 7 
student 508: 2 13 3 5 9 16 18 7 17 6 14 15 11 4 19 1 8 20 10 12 
student 509: 1 16 12 5 17 13 18 9 19 10 3 14 7 8 11 2 6 20 15 4 
student 510: 5 14 2 1 6 10 12 13 16 17 9 20 4 8 15 3 7 19 11 18 
student 511: 15 19 5 3 12 7 17 18 10 6 14 13 8 11 20 1 4 16 9 2 
student 512: 6 17 14 7 11 16 13 4 20 12 5 3 15 9 18 10 1 19 8 2 
student 513: 4 16 9 2 10 12 18 17 3 7 15 19 11 5 13 1 6 20 8 14 
student 514: 5 14 13 1 6 16 7 11 19 9 8 17 4 12 20 3 2 15 10 18 
student 515: 9 17 18 2 10 15 7 12 20 6 8 19 4 3 14 1 13 11 16 5 
student 516: 3 17 8 11 13 10 18 12 20 6 9 2 1 5 19 7 4 14 15 16 
student 517: 6 9 3 2 17 14 13 16 18 19 4 15 12 5 7 1 8 20 11 10 
student 518: 4 7 16 2 5 10 19 20 12 6 13 18 1 9 11 3 8 17 15 14 
student 519: 6 3 1 2 9 11 20 12 19 8 10 14 13 7 17 5 4 16 15 18 
student 520: 1 6 10 5 2 20 17 16 14 9 11 15 4 3 8 18 7 19 13 12 
student 521: 3 17 4 13 9 6 20 11 18 14 8 10 7 16 15 2 1 19 12 5 
student 522: 8 19 7 3 12 18 16 11 4 2 10 20 15 6 9 1 5 17 13 14 
student 523: 1 19 6 4 16 5 20 14 17 9 10 15 8 7 18 2 13 11 3 12 
student 524: 1 6 3 8 14 12 19 7 18 9 11 15 10 4 17 2 5 20 13 16 
student 525: 2 8 7 3 10 14 19 13 17 20 11 16 6 4 15 1 5 9 18 12 
student 526: 3 18 8 2 12 7 19 16 17 5 6 11 10 4 20 9 1 15 14 13 
student 527: 6 9 7 15 11 12 19 16 18 8 2 13 10 4 17 5 3 20 14 1 
student 528: 9 16 15 7 13 10 3 20 18 2 1 19 5 4 8 14 12 17 11 6 
student 529: 9 5 6 2 8 12 18 16 20 7 3 15 13 1 19 11 4 17 14 10 
student 530: 4 11 1 3 5 8 19 17 15 10 13 14 16 6 18 2 12 20 9 7 
student 531: 5 14 4 3 10 19 18 15 17 16 9 13 11 1 12 6 8 20 2 7 
student 532: 7 6 3 1 10 12 18 20 19 5 15 13 16 11 17 4 2 14 9 8 
student 533: 1 12 11 8 10 15 17 20 14 6 4 16 13 3 19 2 9 18 7 5 
student 534: 2 15 3 1 11 9 18 14 17 6 4 20 10 13 19 5 7 16 12 8 
student 535: 4 10 7 1 9 11 17 15 20 14 5 16 3 12 13 8 6 18 19 2 
student 536: 9 17 14 2 1 18 15 7 19 3 12 5 13 6 16 8 4 20 10 11 
student 537: 9 10 6 3 13 16 18 17 19 2 11 4 7 5 15 1 8 20 14 12 
student 538: 4 8 7 2 14 13 20 19 18 3 9 17 12 1 11 10 6 16 15 5 
student 539: 2 18 3 4 6 7 10 17 19 14 15 13 12 9 16 5 1 20 11 8 
student 540: 10 11 3 6 4 8 19 18 15 1 7 16 12 5 17 2 9 20 14 13 
student 541: 6 12 1 2 11 16 15 13 17 14 9 20 5 7 8 3 4 19 10 18 
student 542: 4 10 13 1 9 8 18 15 20 14 7 17 11 3 16 2 6 19 12 5 
student 543: 2 18 7 1 11 10 16 12 17 8 9 19 14 6 15 3 5 20 13 4 
student 544: 4 18 5 2 6 10 17 19 16 8 9 11 14 1 20 7 3 15 13 12 
student 545: 2 14 7 3 19 13 11 20 17 8 6 5 9 4 15 1 16 18 10 12 
student 546: 3 6 1 5 10 19 11 7 14 13 16 20 12 8 18 2 4 17 15 9 
student 547: 19 4 6 1 3 5 20 13 18 15 2 11 9 7 14 10 12 17 16 8 
student 548: 3 11 6 9 8 13 16 19 17 14 5 12 7 15 4 2 1 20 10 18 
student 549: 9 14 5 4 6 18 8 12 20 17 1 16 15 3 19 2 10 11 13 7 
student 550: 2 11 12 1 9 19 18 16 20 8 7 13 6 5 17 3 4 15 10 14 
student 551: 2 14 9 3 1 6 17 15 20 4 11 16 10 8 13 7 5 18 12 19 
student 552: 10 7 3 5 8 12 19 13 15 16 6 14 2 4 17 1 9 20 18 11 
student 553: 12 10 6 8 7 11 18 20 16 4 5 17 15 1 19 2 3 14 13 9 
student 554: 3 15 2 4 9 7 20 17 19 1 13 14 8 6 11 5 16 18 12 10 
student 555: 1 12 6 3 15 8 18 14 20 7 13 5 10 4 19 2 9 16 17 11 
student 556: 2 16 6 1 8 10 11 12 20 5 14 17 15 4 18 13 3 19 9 7 
student 557: 1 14 9 2 13 12 8 20 19 10 5 18 7 6 17 4 3 16 15 11 
student 558: 2 19 13 5 14 4 20 12 9 7 8 10 3 11 16 6 1 17 18 15 
student 559: 4 16 8 3 14 18 10 11 17 5 1 19 7 9 12 2 6 20 13 15 
student 560: 7 14 9 2 11 10 18 20 15 8 3 16 6 1 17 5 4 19 13 12 
student 561: 5 12 10 4 8 7 15 18 19 3 6 20 16 1 14 2 9 17 13 11 
student 562: 4 12 3 1 8 13 18 20 17 6 7 10 19 5 14 2 11 16 15 9 
student 563: 7 11 3 5 6 10 18 14 20 8 1 15 17 2 16 4 13 19 12 9 
student 564: 6 15 5 1 12 7 17 19 16 14 4 18 9 3 11 8 2 13 20 10 
student 565: 4 9 10 1 14 6 15 5 17 3 19 13 8 7 18 2 11 20 12 16 
student 566: 2 14 1 11 4 9 17 13 16 15 5 19 12 8 18 7 3 20 10 6 
student 567: 5 15 4 2 11 10 16 17 12 7 3 13 9 6 19 1 8 20 18 14 
student 568: 6 15 8 4 5 10 20 17 16 9 1 14 2 7 19 3 12 18 11 13 
student 569: 9 14 12 1 2 18 16 17 15 13 6 4 19 5 11 7 3 20 10 8 
student 570: 10 14 7 4 3 8 17 15 18 9 6 12 13 1 19 2 5 20 11 16 
student 571: 1 17 8 3 15 10 16 19 14 5 6 9 11 7 18 2 12 20 13 4 
student 572: 2 10 16 4 18 14 15 9 12 8 20 11 7 1 17 3 13 19 6 5 
student 573: 9 11 12 1 8 15 6 16 20 13 10 17 4 3 19 2 5 7 14 18 
student 574: 10 19 12 4 5 16 14 17 9 7 3 20 15 1 18 2 6 13 8 11 
student 575: 2 13 12 1 3 7 11 18 19 14 15 9 8 6 16 4 5 20 10 17 
student 576: 9 15 8 1 7 16 14 20 19 13 6 18 5 4 17 2 10 12 11 3 
student 577: 9 16 7 5 11 4 17 15 14 2 8 12 10 1 20 6 3 19 13 18 
student 578: 4 16 2 5 3 6 18 13 20 7 12 11 15 9 17 1 8 19 14 10 
student 579: 2 16 14 1 9 13 12 18 20 4 7 11 10 5 17 3 8 19 15 6 
student 580: 4 17 6 1 9 14 20 19 15 11 3 13 12 5 10 2 7 16 18 8 
student 581: 3 18 9 7 5 12 20 10 17 13 1 8 6 2 15 4 16 19 14 11 
student 582: 3 16 10 7 2 15 19 17 20 1 6 12 8 4 13 5 9 14 18 11 
student 583: 7 15 8 4 11 12 16 19 14 13 5 6 20 1 17 2 3 18 10 9 
student 584: 4 7 8 3 10 17 20 12 18 6 5 19 9 13 15 1 2 16 11 14 
student 585: 2 15 7 4 9 13 19 16 17 14 6 10 8 3 20 5 1 18 12 11 
student 586: 11 5 7 2 10 6 12 19 20 3 8 15 9 4 14 1 17 18 16 13 
student 587: 1 15 6 3 5 8 20 14 10 16 12 19 9 2 17 13 4 18 11 7 
student 588: 2 14 8 4 18 12 17 16 15 7 9 19 10 3 6 1 11 20 5 13 
student 589: 11 13 8 4 7 12 5 20 19 6 15 16 10 2 14 1 3 17 18 9 
student 590: 3 6 2 8 1 11 19 15 20 4 12 17 10 18 13 9 5 16 7 14 
student 591: 6 19 4 2 11 14 20 16 13 1 7 15 8 3 18 10 5 9 17 12 
student 592: 9 4 1 2 20 6 16 17 15 19 11 14 8 10 12 7 3 18 5 13 
student 593: 3 10 11 1 5 4 13 16 18 9 12 15 8 7 14 2 6 20 19 17 
student 594: 2 14 11 1 13 4 19 18 16 5 6 15 10 8 12 7 9 20 17 3 
student 595: 6 19 3 1 8 16 17 14 20 4 15 12 2 11 10 5 9 18 13 7 
student 596: 3 17 6 2 8 9 15 12 18 11 10 13 7 1 14 5 16 20 19 4 
student 597: 2 17 1 13 3 7 15 20 14 5 10 19 4 8 12 6 11 18 9 16 
student 598: 4 11 3 2 10 7 18 8 15 5 14 17 6 12 20 1 13 16 19 9 
student 599: 1 15 3 6 10 9 13 14 20 12 8 19 7 4 18 2 5 17 11 16 
student 600: 7 14 13 1 9 8 20 15 11 16 10 17 4 3 18 2 5 19 6 12 
student 601: 7 6 15 1 17 13 12 19 20 9 11 16 5 14 3 2 4 18 8 10 
student 602: 5 13 1 15 8 10 18 16 19 14 4 11 2 6 17 3 7 12 20 9 
student 603: 13 17 2 3 7 10 16 8 19 5 4 18 11 6 20 1 12 15 14 9 
student 604: 6 12 5 2 11 9 10 19 20 16 7 18 13 3 15 1 8 14 4 17 
student 605: 2 11 4 1 19 18 20 15 16 14 7 12 8 3 13 6 5 17 10 9 
student 606: 3 10 8 2 12 13 20 16 17 6 14 18 9 1 11 7 5 15 19 4 
student 607: 7 17 3 2 11 10 19 18 20 4 9 12 13 6 15 1 5 14 16 8 
student 608: 6 13 8 1 9 15 17 20 19 18 11 3 5 10 14 2 4 16 7 12 
student 609: 5 14 7 1 13 16 19 9 15 4 12 17 8 3 18 2 6 20 11 10 
student 610: 5 14 8 6 2 10 20 16 12 3 4 19 13 7 18 1 9 17 11 15 
student 611: 3 10 8 1 13 11 9 15 17 5 12 16 7 4 19 2 6 18 20 14 
student 612: 3 13 4 1 9 17 20 16 14 5 12 15 11 8 19 6 2 18 7 10 
student 613: 1 15 5 3 10 19 17 20 18 6 8 14 2 7 12 4 11 16 9 13 
student 614: 11 7 8 4 9 17 13 10 20 5 2 15 16 6 18 1 3 19 12 14 
student 615: 3 9 6 4 11 16 14 18 20 12 7 17 8 5 15 2 1 19 10 13 
student 616: 3 14 11 6 8 5 17 16 19 12 4 13 10 2 18 7 1 20 15 9 
student 617: 4 3 5 2 9 10 13 15 20 8 16 11 12 6 17 7 1 18 14 19 
student 618: 3 17 4 1 13 15 11 16 8 9 5 14 6 20 19 2 12 18 7 10 
student 619: 3 17 4 5 9 10 20 18 15 8 12 19 14 1 16 6 2 13 11 7 
student 620: 3 10 7 9 15 13 19 12 16 18 6 4 11 1 17 2 5 20 14 8 
student 621: 1 15 3 5 12 7 19 18 17 2 13 9 4 10 11 14 8 20 16 6 
student 622: 8 12 1 2 3 19 17 14 18 9 13 7 4 6 16 5 10 20 15 11 
student 623: 16 17 8 5 12 9 14 20 18 13 4 10 6 7 15 2 1 19 11 3 
student 624: 7 18 6 2 8 12 16 17 13 19 5 9 15 3 11 1 4 20 14 10 
student 625: 9 4 7 1 6 15 17 11 20 12 18 16 10 2 13 5 3 19 8 14 
student 626: 9 15 3 7 19 6 16 10 17 5 13 18 8 2 14 1 4 20 12 11 
student 627: 10 17 7 3 15 9 14 16 20 6 11 13 1 2 19 4 8 5 18 12 
student 628: 2 17 4 5 10 14 19 15 20 12 3 11 7 9 13 1 6 18 16 8 
student 629: 5 16 8 2 13 6 19 14 7 11 10 20 9 4 15 1 3 18 17 12 
student 630: 20 15 11 1 12 7 19 16 18 14 6 10 2 4 17 9 3 13 8 5 
student 631: 3 12 14 7 10 13 15 17 20 4 9 18 6 5 16 1 2 19 8 11 
student 632: 3 11 10 1 12 5 20 14 19 9 17 16 6 8 15 2 4 18 7 13 
student 633: 4 17 1 7 5 8 20 18 16 2 10 11 15 6 13 3 12 14 19 9 
student 634: 1 7 3 8 4 11 18 17 16 9 10 20 12 2 15 6 5 19 13 14 
student 635: 1 6 7 9 8 14 12 18 11 4 15 13 2 3 20 10 16 17 5 19 
student 636: 2 18 9 8 3 16 20 10 14 12 6 13 15 5 19 1 4 17 11 7 
student 637: 6 15 7 1 8 5 10 17 19 2 3 14 13 11 16 4 9 20 18 12 
student 638: 5 9 6 3 10 13 15 14 18 1 4 11 7 12 20 8 2 16 17 19 
student 639: 4 7 1 5 8 16 13 17 20 6 10 15 19 9 18 2 11 14 3 12 
student 640: 1 7 2 11 19 10 18 14 5 13 4 12 17 3 20 9 6 16 15 8 
student 641: 12 19 1 2 8 10 13 17 15 5 6 9 11 3 18 4 16 20 14 7 
student 642: 2 7 5 1 11 12 18 13 17 4 6 16 9 8 20 3 10 19 14 15 
student 643: 1 6 2 16 8 9 17 13 20 3 15 12 4 7 18 14 10 19 11 5 
student 644: 2 13 6 1 5 4 16 17 12 11 15 19 8 9 18 7 10 20 3 14 
student 645: 4 20 6 3 17 13 18 10 14 15 2 11 16 12 7 1 5 19 8 9 
student 646: 5 14 2 1 8 16 15 11 18 12 9 17 10 7 19 3 4 20 6 13 
student 647: 11 8 5 2 9 17 10 14 13 1 3 19 15 4 16 18 6 20 7 12 
student 648: 5 13 1 2 16 15 17 10 20 6 18 14 7 8 11 4 9 19 12 3 
student 649: 2 16 7 5 4 14 12 19 13 1 8 11 3 15 17 6 10 20 18 9 
student 650: 5 12 16 3 9 14 13 15 19 2 6 18 10 1 20 4 7 8 11 17 
student 651: 1 10 7 3 8 14 15 12 19 4 2 17 11 5 13 6 9 20 16 18 
student 652: 1 13 15 6 9 11 16 17 18 4 8 14 7 2 19 3 10 20 5 12 
student 653: 7 5 10 3 8 18 19 13 20 2 17 11 9 1 12 4 6 16 15 14 
student 654: 5 10 8 2 14 15 16 11 19 9 6 20 13 4 18 1 3 7 17 12 
student 655: 1 16 2 6 14 19 17 13 18 10 3 12 5 11 9 7 4 20 8 15 
student 656: 9 15 7 1 3 10 18 11 17 6 14 20 8 5 16 2 4 19 12 13 
student 657: 4 19 11 1 10 18 14 16 17 5 6 13 8 7 15 2 3 20 12 9 
student 658: 7 18 11 1 12 4 19 13 20 2 6 9 10 3 16 5 8 14 15 17 
student 659: 2 5 8 1 6 18 19 13 17 16 7 12 10 9 11 3 4 20 15 14 
student 660: 16 7 5 2 18 12 19 17 15 6 9 14 3 8 11 4 1 20 13 10 
student 661: 6 10 17 4 11 8 15 19 16 7 5 14 3 1 18 2 13 20 12 9 
student 662: 6 14 2 1 8 9 17 15 20 7 3 16 11 4 18 5 10 19 12 13 
student 663: 8 13 17 5 11 12 10 20 19 3 9 15 14 4 18 2 6 1 16 7 
student 664: 6 11 5 2 14 7 18 13 19 8 16 12 4 3 17 1 15 20 9 10 
student 665: 5 20 16 6 19 12 13 1 17 9 7 18 11 8 15 2 3 4 14 10 
student 666: 3 12 7 2 6 5 17 1 19 10 13 20 11 8 18 14 4 16 9 15 
student 667: 3 7 17 6 1 9 20 11 16 4 2 10 12 8 19 13 14 18 15 5 
student 668: 8 6 2 3 7 12 16 14 20 19 15 13 17 4 10 1 5 18 9 11 
student 669: 6 9 5 2 13 4 18 19 15 14 11 17 7 3 16 1 10 20 12 8 
student 670: 4 14 9 2 13 15 20 19 16 7 12 6 5 11 17 3 8 18 1 10 
student 671: 6 13 7 2 5 11 18 15 17 14 3 16 8 4 19 1 10 20 9 12 
student 672: 3 10 5 7 17 19 16 15 18 9 1 6 8 11 14 2 4 20 12 13 
student 673: 1 12 8 3 9 15 18 17 16 7 6 13 2 10 19 4 5 20 11 14 
student 674: 4 7 2 8 16 10 15 13 19 18 5 9 6 11 17 1 3 12 20 14 
student 675: 1 11 3 9 19 8 14 13 17 7 4 20 12 5 16 2 6 18 10 15 
student 676: 11 10 1 3 16 13 20 6 15 4 8 14 7 9 17 5 12 19 18 2 
student 677: 1 10 11 2 8 16 15 19 17 12 3 13 7 5 20 9 4 14 6 18 
student 678: 10 13 2 1 5 11 15 18 19 8 6 12 4 3 20 9 7 17 16 14 
student 679: 1 12 5 3 15 9 20 10 14 7 2 17 8 6 16 4 13 18 19 11 
student 680: 12 9 7 3 8 1 17 18 20 10 11 13 6 2 16 5 4 19 15 14 
student 681: 4 17 9 1 10 12 18 14 19 15 6 16 11 8 7 5 2 20 13 3 
student 682: 8 12 2 7 5 6 19 16 17 4 10 14 11 1 18 3 9 20 13 15 
student 683: 3 18 8 2 6 19 15 14 16 10 5 13 17 1 12 4 7 20 11 9 
student 684: 2 18 3 4 11 8 17 15 20 7 9 12 13 5 16 1 6 19 10 14 
student 685: 6 17 1 9 8 11 18 16 15 5 7 20 2 12 13 3 4 19 14 10 
student 686: 8 13 7 1 16 15 14 3 12 9 10 18 6 5 19 11 4 20 2 17 
student 687: 3 20 7 2 14 19 16 10 17 8 5 9 13 4 12 1 6 18 11 15 
student 688: 1 10 5 11 16 13 14 18 20 7 4 15 9 2 19 3 12 17 8 6 
student 689: 6 13 7 2 3 11 20 18 10 1 4 16 12 17 14 9 5 19 8 15 
student 690: 2 8 3 4 16 13 19 18 20 12 10 17 11 5 15 1 6 14 7 9 
student 691: 2 14 9 4 12 10 16 20 18 6 11 13 7 3 15 1 5 19 8 17 
student 692: 4 20 12 10 13 16 18 19 6 9 3 14 5 7 15 1 8 17 11 2 
student 693: 7 13 8 2 14 16 6 20 17 4 12 18 1 11 19 3 5 15 10 9 
student 694: 3 14 5 1 13 11 16 20 18 9 7 19 2 4 12 6 8 17 10 15 
student 695: 4 15 13 1 14 2 17 9 18 6 7 19 12 3 8 5 11 20 10 16 
student 696: 2 12 8 3 11 13 17 19 20 9 10 6 4 7 15 5 1 16 14 18 
student 697: 4 12 2 1 17 11 20 14 19 16 5 8 10 6 13 3 7 18 9 15 
student 698: 5 18 9 1 12 13 14 16 19 3 10 15 7 6 17 2 11 20 4 8 
student 699: 9 12 8 3 7 11 16 17 19 6 4 14 5 13 15 2 18 20 1 10 
student 700: 6 11 1 2 3 4 18 10 13 14 9 17 15 8 16 5 12 20 7 19 
student 701: 2 10 3 11 15 14 20 18 13 7 4 12 8 1 19 6 9 17 16 5 
student 702: 2 15 13 12 7 8 18 16 19 6 17 9 11 3 10 1 5 20 14 4 
student 703: 5 13 6 1 12 14 17 19 16 7 9 15 10 2 18 3 4 20 11 8 
student 704: 2 13 7 4 10 14 20 19 18 8 5 15 9 3 12 1 6 11 16 17 
student 705: 8 11 6 1 5 20 4 18 14 19 16 17 10 2 12 3 7 15 13 9 
student 706: 3 18 5 1 12 13 19 20 11 8 4 16 15 6 10 7 2 17 9 14 
student 707: 4 14 9 1 6 17 20 11 8 12 13 15 5 2 16 10 3 19 7 18 
student 708: 1 15 3 4 13 9 19 16 11 12 14 10 8 6 20 5 2 18 17 7 
student 709: 4 11 5 6 15 20 10 14 18 2 9 17 12 1 16 3 7 19 13 8 
student 710: 4 18 7 1 11 15 17 5 12 8 9 16 10 6 14 2 3 13 19 20 
student 711: 5 15 1 2 12 16 19 14 20 8 11 10 9 3 18 4 6 17 13 7 
student 712: 5 10 8 7 11 13 16 17 18 4 2 15 12 6 20 9 1 19 14 3 
student 713: 2 19 8 9 4 15 20 12 13 14 3 11 10 5 6 1 7 18 16 17 
student 714: 3 4 8 5 10 7 19 16 18 20 11 15 6 1 17 12 2 14 9 13 
student 715: 1 18 9 3 17 4 19 15 16 10 6 13 5 8 20 2 7 14 12 11 
student 716: 11 18 6 2 15 9 16 8 17 4 13 20 12 3 14 5 1 19 7 10 
student 717: 2 12 8 1 7 9 20 19 18 5 6 10 13 11 14 3 4 17 16 15 
student 718: 3 13 11 4 2 12 15 19 18 8 5 14 17 6 16 1 9 20 10 7 
student 719: 5 4 1 8 13 14 19 16 9 10 12 11 17 7 18 3 6 20 2 15 
student 720: 2 16 3 4 14 15 17 8 19 11 12 13 5 10 18 6 1 20 7 9 
student 721: 6 13 15 2 9 7 19 20 14 1 5 10 11 8 16 4 3 17 18 12 
student 722: 1 14 3 4 8 7 16 15 19 17 2 20 10 5 9 6 12 18 11 13 
student 723: 1 8 10 3 13 9 19 18 20 6 5 14 7 11 12 2 4 16 17 15 
student 724: 2 9 14 1 19 6 18 12 20 11 3 17 7 10 16 4 5 15 13 8 
student 725: 5 12 7 1 9 19 15 6 20 11 13 16 10 4 17 3 2 18 14 8 
student 726: 10 8 13 2 6 5 15 11 18 9 16 17 12 3 20 1 4 19 14 7 
student 727: 7 16 4 2 12 17 13 9 18 8 14 20 6 5 19 3 1 11 15 10 
student 728: 6 14 2 4 5 10 19 16 18 7 8 12 11 9 17 3 15 20 13 1 
student 729: 7 9 6 5 11 12 15 17 14 18 1 16 4 8 19 3 2 20 10 13 
student 730: 3 12 1 4 19 13 17 16 18 5 6 8 10 14 20 9 7 15 11 2 
student 731: 5 16 13 8 7 14 19 4 20 11 10 18 2 6 12 3 1 15 9 17 
student 732: 8 10 9 3 5 12 19 13 20 11 1 15 6 4 16 7 2 18 17 14 
student 733: 4 11 10 2 19 9 16 17 18 13 7 14 15 3 12 1 5 20 6 8 
student 734: 11 6 4 1 7 13 18 15 19 12 5 10 8 2 16 14 3 20 17 9 
student 735: 1 14 12 4 13 7 18 11 17 3 15 16 10 9 19 2 6 20 8 5 
student 736: 7 16 12 4 6 15 11 17 20 14 5 13 8 1 18 2 3 19 10 9 
student 737: 12 9 1 2 5 6 19 17 11 8 7 14 10 4 18 3 15 16 20 13 
student 738: 5 12 10 1 6 8 11 19 17 9 13 14 18 3 15 2 4 20 7 16 
student 739: 4 18 3 12 20 9 17 14 13 11 8 16 5 2 10 6 1 19 15 7 
student 740: 2 13 4 10 18 11 20 6 14 15 7 12 17 1 19 5 8 16 9 3 
student 741: 8 14 3 4 7 11 13 20 15 9 5 18 1 6 16 2 17 19 12 10 
student 742: 8 10 6 2 9 14 19 18 17 3 15 1 13 7 12 4 11 16 20 5 
student 743: 6 8 9 3 13 18 10 7 16 4 11 19 17 2 12 1 5 20 15 14 
student 744: 1 13 12 3 10 14 15 20 6 7 16 17 9 2 19 5 4 18 11 8 
student 745: 7 10 2 1 11 12 16 18 19 3 13 14 9 4 17 5 6 20 15 8 
student 746: 5 16 2 6 7 13 15 8 19 10 11 1 17 3 14 4 9 20 12 18 
student 747: 8 15 3 1 4 6 18 17 20 16 2 10 5 11 14 9 7 19 12 13 
student 748: 6 14 9 8 12 15 17 4 16 7 10 13 1 3 19 2 5 20 18 11 
student 749: 3 13 20 5 8 7 16 15 18 1 19 14 9 6 17 2 11 10 12 4 
student 750: 1 18 4 6 15 2 14 20 19 7 10 16 11 3 12 8 5 17 13 9 
student 751: 3 9 5 4 8 19 18 15 20 11 2 16 13 6 14 12 1 17 7 10 
student 752: 5 18 6 3 11 4 12 7 20 9 10 15 8 13 19 2 1 16 14 17 
student 753: 3 16 1 4 15 10 20 19 8 12 13 18 6 5 17 2 11 14 7 9 
student 754: 4 14 6 3 8 16 19 15 17 9 2 18 10 5 11 1 7 20 12 13 
student 755: 16 13 4 1 8 9 18 14 19 7 6 11 12 3 15 17 2 20 10 5 
student 756: 5 15 11 1 3 14 17 16 20 2 4 7 9 6 18 10 8 19 13 12 
student 757: 3 10 2 4 15 17 20 16 18 6 11 5 12 7 14 9 1 19 8 13 
student 758: 7 15 6 1 12 8 17 5 19 10 14 18 9 4 16 3 2 20 13 11 
student 759: 7 12 8 4 20 11 14 19 18 3 13 17 10 2 15 9 1 16 6 5 
student 760: 5 12 7 3 18 9 1 17 15 8 20 14 10 6 16 2 4 19 13 11 
student 761: 6 11 13 1 5 10 14 17 20 4 8 16 7 12 15 2 3 18 19 9 
student 762: 5 8 7 1 4 2 19 9 20 11 12 18 17 3 16 10 6 15 13 14 
student 763: 6 13 18 4 10 3 19 16 8 9 11 15 17 7 12 2 5 20 14 1 
student 764: 9 8 5 3 11 15 20 14 13 6 4 18 10 2 17 1 7 19 16 12 
student 765: 5 8 13 9 6 10 19 14 18 3 11 20 1 4 17 2 7 15 16 12 
student 766: 13 8 4 1 16 9 3 17 15 12 14 18 6 2 20 7 5 19 11 10 
student 767: 4 18 3 2 9 16 19 13 20 11 6 15 10 5 8 1 7 17 14 12 
student 768: 20 12 6 1 8 11 18 14 13 10 5 15 9 4 17 3 2 19 16 7 
student 769: 1 17 12 3 10 5 15 14 18 8 7 9 11 4 19 2 6 20 16 13 
student 770: 4 8 6 1 10 13 20 14 12 5 7 17 18 3 19 9 2 16 15 11 
student 771: 3 10 4 8 5 13 16 18 19 6 12 15 11 2 20 1 14 17 9 7 
student 772: 5 19 6 9 8 3 18 12 16 10 11 7 17 4 14 2 13 20 1 15 
student 773: 9 18 2 7 4 16 1 10 11 8 14 19 6 5 20 3 15 17 13 12 
student 774: 5 19 9 11 8 16 12 13 15 4 6 20 7 2 17 1 3 18 10 14 
student 775: 4 5 13 8 7 11 15 16 20 3 6 18 10 9 19 1 2 17 12 14 
student 776: 7 17 6 1 14 3 12 16 19 10 13 15 11 8 18 2 4 20 9 5 
student 777: 6 16 8 3 2 15 20 18 17 7 1 12 9 5 19 14 4 13 10 11 
student 778: 16 20 5 1 19 9 14 13 15 8 10 11 4 3 7 6 2 18 12 17 
student 779: 4 15 6 2 5 8 17 9 16 13 3 20 10 7 11 1 12 19 14 18 
student 780: 6 17 1 11 8 14 19 12 20 9 13 10 7 4 16 2 3 18 5 15 
student 781: 1 7 12 4 16 10 11 20 18 9 15 14 6 8 19 3 2 13 5 17 
student 782: 12 17 6 1 2 3 16 11 19 4 9 15 8 20 18 5 13 14 7 10 
student 783: 5 18 2 3 4 8 20 19 15 9 6 16 11 1 14 10 7 17 13 12 
student 784: 4 13 8 1 12 14 6 16 20 5 10 15 11 7 17 2 3 18 9 19 
student 785: 12 5 7 15 4 10 16 18 20 1 13 17 2 8 14 3 11 19 9 6 
student 786: 1 17 3 2 7 5 18 20 13 8 15 14 9 6 16 10 4 19 12 11 
student 787: 4 13 10 2 15 8 17 18 20 16 3 11 9 6 19 5 1 14 7 12 
student 788: 6 12 11 8 5 10 19 14 16 7 3 18 13 1 17 9 2 20 15 4 
student 789: 1 11 3 4 8 15 16 17 14 5 19 12 2 6 20 9 7 13 18 10 
student 790: 1 18 9 4 14 8 7 19 16 3 15 13 10 2 12 6 5 20 17 11 
student 791: 1 19 4 2 12 5 14 10 20 3 6 13 7 9 17 8 11 18 15 16 
student 792: 3 15 4 10 1 5 19 13 20 12 11 9 8 14 18 2 6 17 7 16 
student 793: 1 13 5 4 9 18 16 11 17 2 7 19 8 3 15 14 12 20 10 6 
student 794: 4 14 10 1 6 8 19 11 15 9 16 18 13 5 17 7 2 20 3 12 
student 795: 2 11 13 1 17 15 16 14 20 8 5 18 7 3 12 4 10 19 6 9 
student 796: 1 16 3 2 11 17 19 20 18 6 7 8 9 5 13 4 14 15 12 10 
student 797: 9 14 4 3 1 15 18 17 19 7 10 8 13 6 16 5 11 20 2 12 
student 798: 1 11 12 4 13 5 20 15 19 7 2 9 10 3 14 8 6 17 18 16 
student 799: 2 14 4 6 15 11 20 17 18 3 8 13 10 7 16 5 1 19 12 9 
