student 0: 15 1 11 6 14 2 20 18 19 12 16 7 8 9 5 3 4 10 13 17 
student 1: 17 3 6 2 20 1 19 13 4 5 8 12 16 7 14 10 11 15 18 9 
student 2: 14 2 13 3 20 1 15 9 11 7 10 5 16 17 8 4 12 18 19 6 
student 3: 8 3 20 6 15 2 19 17 4 10 13 1 5 9 12 18 7 14 16 11 
student 4: 13 4 10 6 19 2 20 16 1 9 14 12 15 5 8 11 3 18 17 7 
student 5: 13 1 19 9 17 2 15 11 5 4 8 14 6 3 16 12 10 18 20 7 
student 6: 20 7 11 14 19 3 17 6 9 13 15 8 4 1 5 12 2 10 18 16 
student 7: 10 1 14 5 20 4 18 17 8 12 15 2 16 3 7 9 11 19 13 6 
student 8: 15 2 19 5 11 6 14 9 4 10 8 12 16 3 13 7 1 17 20 18 
student 9: 15 1 14 9 7 4 8 17 5 13 16 11 20 2 6 3 10 18 19 12 
student 10: 3 4 18 7 20 5 11 16 14 6 9 8 1 2 12 10 15 13 19 17 
student 11: 20 1 18 3 19 4 16 14 7 8 17 6 11 2 9 10 5 15 12 13 
student 12: 20 2 16 11 18 7 19 12 10 1 9 3 6 8 13 4 5 15 17 14 
student 13: 6 13 20 7 3 2 15 8 5 4 9 10 1 19 16 18 14 17 12 11 
student 14: 13 2 15 3 18 1 17 9 4 19 5 10 20 8 7 14 6 12 16 11 
student 15: 12 3 15 6 20 4 17 13 8 16 10 2 14 11 9 7 5 18 19 1 
student 16: 18 1 20 11 16 12 17 14 2 10 5 3 7 8 4 13 15 9 19 6 
student 17: 19 1 11 3 17 16 13 14 10 5 12 9 18 4 6 2 8 20 15 7 
student 18: 12 1 18 6 20 8 17 19 5 13 7 3 16 4 9 11 2 14 10 15 
student 19: 4 7 19 2 15 5 20 14 11 18 16 6 12 3 8 13 1 17 10 9 
student 20: 19 2 12 4 17 5 20 10 1 8 6 7 14 11 13 9 3 16 18 15 
student 21: 7 4 16 8 17 1 18 14 2 12 5 20 19 10 6 13 3 15 11 9 
student 22: 18 7 16 3 2 1 19 11 6 14 10 5 13 4 12 9 8 20 17 15 
student 23: 3 9 11 2 16 1 20 15 14 4 8 10 7 5 13 12 6 18 19 17 
student 24: 16 1 13 7 20 4 17 14 3 15 9 10 6 11 5 2 8 19 18 12 
student 25: 10 5 13 4 7 3 20 15 9 17 12 2 8 16 18 6 11 1 19 14 
student 26: 9 1 18 8 19 2 14 11 15 6 17 3 12 10 13 5 4 16 20 7 
student 27: 17 4 15 6 20 3 19 13 10 12 14 2 7 11 5 8 1 18 16 9 
student 28: 8 2 16 1 17 9 18 20 7 10 14 13 11 6 12 5 3 15 19 4 
student 29: 17 4 8 2 12 9 20 7 10 6 3 14 15 11 13 1 5 18 19 16 
student 30: 10 6 19 13 20 3 15 18 2 4 1 11 8 5 12 16 7 14 9 17 
student 31: 17 4 16 8 6 3 20 19 14 5 15 1 9 10 12 7 2 11 18 13 
student 32: 15 2 20 8 14 3 18 13 1 9 10 7 17 11 4 5 6 19 16 12 
student 33: 12 7 14 4 16 6 20 18 9 3 8 5 11 2 17 13 1 10 15 19 
student 34: 8 4 13 1 16 12 18 15 6 2 17 9 7 11 19 5 3 10 20 14 
student 35: 14 1 16 6 19 2 15 20 3 5 7 4 13 9 11 10 8 12 18 17 
student 36: 7 2 16 3 17 8 20 14 5 6 9 15 18 11 13 1 10 19 12 4 
student 37: 15 5 14 1 12 2 20 16 11 17 9 7 19 3 6 10 8 13 18 4 
student 38: 16 7 11 2 18 3 19 17 13 12 6 1 4 8 14 10 5 20 9 15 
student 39: 15 4 14 1 10 2 16 17 5 9 13 8 7 6 12 19 3 18 20 11 
student 40: 15 1 13 7 18 3 20 19 6 9 4 16 11 8 2 14 5 12 17 10 
student 41: 16 5 14 2 17 7 19 18 10 1 11 4 15 9 6 8 3 13 20 12 
student 42: 7 5 10 3 19 1 20 14 4 9 12 16 13 2 18 6 8 17 15 11 
student 43: 16 2 14 1 20 3 18 19 12 8 13 6 11 4 7 9 5 10 17 15 
student 44: 16 4 18 11 17 10 14 19 5 6 13 3 15 9 8 7 1 12 20 2 
student 45: 18 1 16 2 20 5 17 15 12 10 7 8 11 9 14 6 4 19 13 3 
student 46: 14 3 19 6 2 5 15 17 1 4 10 7 11 13 20 16 8 18 12 9 
student 47: 11 4 13 5 20 12 16 9 2 15 3 10 1 7 17 6 18 14 19 8 
student 48: 9 3 17 6 20 5 4 15 8 11 14 7 13 1 10 12 2 19 18 16 
student 49: 18 17 7 1 14 11 20 19 3 6 8 5 10 2 12 13 9 15 16 4 
student 50: 7 5 6 1 18 3 19 16 8 4 2 12 13 11 20 9 10 15 17 14 
student 51: 16 6 13 3 18 1 19 17 8 9 11 5 2 7 4 12 10 14 20 15 
student 52: 8 2 20 4 19 1 13 18 9 12 17 5 6 10 7 3 11 16 15 14 
student 53: 8 2 17 5 10 3 20 15 11 12 14 13 18 6 4 9 1 16 19 7 
student 54: 8 1 17 9 19 6 20 12 2 13 11 10 7 4 16 5 3 18 14 15 
student 55: 18 1 13 4 20 2 17 10 5 7 8 6 9 12 14 11 3 16 19 15 
student 56: 19 3 17 1 15 10 18 16 11 8 13 6 12 4 14 5 2 9 20 7 
student 57: 5 2 12 10 18 3 19 15 14 1 20 11 7 4 8 6 9 13 17 16 
student 58: 17 3 14 5 19 13 15 12 16 9 2 7 4 1 10 8 6 20 18 11 
student 59: 14 6 20 1 8 4 17 19 11 2 16 7 15 3 12 10 5 18 9 13 
student 60: 12 1 20 4 19 5 15 17 6 11 7 14 13 3 10 16 2 18 9 8 
student 61: 9 5 16 4 18 1 15 17 8 7 10 2 14 12 6 13 3 19 20 11 
student 62: 12 5 16 7 20 4 19 18 3 8 15 6 2 14 9 11 1 10 17 13 
student 63: 12 4 18 1 14 11 17 15 2 8 13 6 5 7 10 9 3 20 19 16 
student 64: 14 6 1 5 17 2 18 12 7 9 15 4 16 11 19 8 3 10 20 13 
student 65: 14 5 13 8 15 1 18 2 3 12 7 6 19 11 9 4 10 16 17 20 
student 66: 16 3 17 7 10 19 18 9 15 1 12 6 13 2 4 8 5 14 20 11 
student 67: 9 2 13 4 19 5 16 14 11 20 12 7 1 6 18 8 3 15 10 17 
student 68: 14 2 15 1 7 3 20 19 8 9 11 6 13 16 10 5 4 12 18 17 
student 69: 12 6 15 2 19 1 20 14 11 3 4 9 13 8 10 5 7 18 17 16 
student 70: 14 8 19 7 20 2 10 11 17 9 18 5 12 4 3 6 1 16 15 13 
student 71: 14 5 20 2 16 1 13 19 7 8 15 6 12 4 11 3 10 17 18 9 
student 72: 10 2 15 6 12 3 19 14 1 16 7 5 13 4 11 9 8 17 20 18 
student 73: 13 9 20 3 18 1 12 15 2 6 17 8 10 4 14 7 5 19 16 11 
student 74: 7 4 19 1 17 10 20 3 5 8 14 9 16 2 13 12 6 11 15 18 
student 75: 15 2 20 8 19 4 17 5 10 11 12 6 9 7 14 3 13 1 18 16 
student 76: 20 1 8 3 17 5 18 14 11 6 7 12 10 2 16 9 4 15 19 13 
student 77: 11 6 14 7 20 4 19 12 3 9 13 2 8 10 15 1 5 18 17 16 
student 78: 18 11 12 1 20 7 17 16 4 8 5 3 14 6 9 13 2 19 15 10 
student 79: 16 2 10 4 19 3 8 17 1 9 11 7 12 6 14 13 5 18 20 15 
student 80: 12 4 8 2 20 1 19 9 11 3 15 5 7 6 18 10 13 16 14 17 
student 81: 13 1 9 2 14 4 20 15 6 16 11 12 10 5 8 7 3 17 19 18 
student 82: 17 4 16 6 9 3 20 12 8 11 14 10 15 2 13 5 1 18 7 19 
student 83: 13 2 15 3 16 8 19 7 4 20 12 11 18 14 6 9 10 17 1 5 
student 84: 16 3 17 8 10 2 20 13 9 12 15 4 11 5 14 6 1 19 18 7 
student 85: 11 5 15 20 9 10 19 7 3 18 8 2 12 4 13 6 1 14 17 16 
student 86: 15 5 11 7 14 4 19 18 3 12 6 1 13 9 10 17 2 8 20 16 
student 87: 16 1 18 3 19 6 20 8 9 14 2 10 15 5 12 4 7 13 17 11 
student 88: 14 1 16 9 19 8 20 15 2 7 12 3 13 10 5 4 6 11 17 18 
student 89: 13 7 17 4 15 2 19 11 6 14 5 8 1 3 9 12 10 18 20 16 
student 90: 20 2 7 9 19 3 16 14 15 4 11 18 13 6 5 1 8 10 12 17 
student 91: 8 12 13 7 19 9 20 15 5 3 16 2 11 6 4 17 1 18 14 10 
student 92: 15 5 16 1 19 7 20 17 2 8 12 6 14 4 9 13 3 11 18 10 
student 93: 13 1 17 8 19 4 20 15 3 10 5 2 11 7 12 6 9 16 18 14 
student 94: 18 1 9 7 20 5 19 16 4 10 6 12 15 3 11 8 2 13 17 14 
student 95: 17 2 6 19 13 4 16 15 14 3 9 11 12 5 10 8 1 20 18 7 
student 96: 12 4 1 3 20 2 8 19 7 13 16 9 18 10 11 14 5 6 15 17 
student 97: 8 1 12 10 15 4 16 9 5 2 13 7 19 3 14 11 6 18 20 17 
student 98: 7 6 19 12 14 1 20 16 13 4 11 3 5 8 15 9 2 17 18 10 
student 99: 13 1 20 9 18 7 19 14 11 5 15 4 16 3 10 8 2 17 6 12 
student 100: 15 4 3 2 18 1 19 6 10 11 5 8 9 14 17 7 13 12 20 16 
student 101: 14 7 19 1 17 8 18 12 4 5 6 10 16 2 9 11 3 15 20 13 
student 102: 11 2 10 5 8 1 18 15 7 9 20 4 17 6 13 12 3 14 19 16 
student 103: 17 9 10 3 14 6 19 13 7 4 11 2 12 1 8 15 5 18 16 20 
student 104: 13 4 18 3 17 5 19 20 11 10 14 8 9 6 15 7 1 2 12 16 
student 105: 16 5 19 2 18 10 17 12 3 8 7 1 14 11 9 4 6 15 20 13 
student 106: 17 1 16 3 19 4 20 13 6 10 12 2 15 7 5 8 9 14 18 11 
student 107: 5 1 14 2 19 4 17 11 6 18 15 7 13 3 10 12 9 8 20 16 
student 108: 14 8 16 5 19 4 20 10 15 2 11 13 9 6 1 7 3 18 17 12 
student 109: 9 7 19 1 20 6 14 16 10 2 4 15 11 5 8 12 3 17 13 18 
student 110: 19 4 18 1 17 14 20 13 3 15 16 10 8 7 5 6 2 12 11 9 
student 111: 9 1 18 2 17 10 15 13 16 7 11 6 19 3 5 8 4 14 12 20 
student 112: 13 2 16 4 12 1 18 7 19 6 10 5 8 11 15 17 3 20 14 9 
student 113: 18 2 12 4 20 3 15 19 1 8 14 6 9 5 17 16 7 13 10 11 
student 114: 14 4 17 2 12 6 1 16 9 11 20 7 8 10 15 3 5 18 13 19 
student 115: 17 2 12 3 15 1 14 11 8 9 13 4 19 5 18 7 6 16 20 10 
student 116: 7 11 15 1 14 3 18 19 12 16 4 10 9 2 6 5 8 20 17 13 
student 117: 14 7 18 1 10 3 15 2 6 5 8 19 12 4 13 11 9 17 16 20 
student 118: 10 1 18 4 17 2 20 12 3 7 8 9 13 6 14 11 5 16 19 15 
student 119: 9 1 19 3 18 13 20 2 7 12 17 8 11 5 10 6 4 14 16 15 
student 120: 19 3 12 1 17 2 18 13 5 9 8 15 10 16 6 4 7 14 20 11 
student 121: 14 17 15 1 16 2 20 10 11 3 8 4 13 9 7 12 6 19 18 5 
student 122: 11 1 18 3 15 13 20 14 2 5 8 9 17 7 10 6 4 12 19 16 
student 123: 5 6 19 3 13 8 18 15 7 9 16 14 2 4 20 11 1 17 12 10 
student 124: 13 7 16 6 20 10 17 9 1 8 4 2 12 19 11 3 5 18 15 14 
student 125: 15 4 17 6 10 1 20 11 8 16 3 5 19 12 7 9 2 13 18 14 
student 126: 15 5 14 9 18 1 16 20 13 10 4 19 12 6 8 2 3 7 17 11 
student 127: 14 5 13 17 1 3 10 11 12 7 16 2 20 4 8 15 6 9 19 18 
student 128: 6 8 16 2 17 18 20 12 9 1 13 4 15 7 11 5 3 10 19 14 
student 129: 10 1 13 8 19 4 20 16 9 5 12 7 18 3 14 6 2 11 15 17 
student 130: 14 17 11 1 5 4 20 15 12 13 7 2 9 6 19 8 3 16 18 10 
student 131: 17 5 15 12 20 3 18 11 4 16 8 1 7 2 9 10 6 19 13 14 
student 132: 17 11 8 4 19 7 20 5 1 6 9 12 2 14 16 13 3 15 10 18 
student 133: 8 4 19 3 17 1 10 13 11 2 14 12 18 5 16 7 6 15 20 9 
student 134: 13 1 16 3 7 4 17 15 5 6 14 11 10 9 2 12 8 18 20 19 
student 135: 14 3 20 2 15 6 18 19 7 4 11 5 10 9 12 8 1 13 17 16 
student 136: 16 4 17 6 20 1 19 13 10 8 11 7 14 3 12 2 5 9 15 18 
student 137: 15 1 12 11 20 17 16 6 8 4 3 10 13 2 9 5 7 18 14 19 
student 138: 17 4 3 1 14 8 20 11 15 10 9 5 18 2 6 12 7 19 16 13 
student 139: 11 2 19 10 18 1 16 13 3 5 15 6 9 4 8 12 7 17 14 20 
student 140: 14 2 20 17 5 10 18 8 3 9 11 7 12 6 16 13 1 15 19 4 
student 141: 16 4 12 8 18 13 20 19 7 3 1 2 17 5 10 11 9 6 15 14 
student 142: 13 4 9 6 18 1 19 5 12 8 14 10 16 3 17 2 7 15 20 11 
student 143: 15 10 16 1 18 2 19 11 6 7 8 5 14 4 13 9 3 12 20 17 
student 144: 12 1 7 3 20 9 18 13 10 19 11 8 16 6 15 2 4 17 14 5 
student 145: 16 9 20 6 12 2 8 7 4 18 5 14 15 17 13 1 3 11 19 10 
student 146: 13 16 20 1 19 3 15 18 12 6 10 5 8 7 2 9 4 17 14 11 
student 147: 15 4 18 3 19 8 17 14 2 13 10 6 11 5 16 9 1 7 20 12 
student 148: 12 3 9 2 13 15 20 18 16 4 5 14 11 1 10 8 7 19 6 17 
student 149: 8 3 17 12 20 5 2 14 6 7 4 19 11 1 10 16 18 13 15 9 
student 150: 11 3 16 1 19 4 13 14 8 9 15 2 12 7 10 5 6 17 20 18 
student 151: 13 2 20 14 18 4 16 19 7 9 11 3 8 10 6 5 1 17 15 12 
student 152: 15 4 18 9 13 3 20 2 6 5 10 8 12 1 11 16 7 19 17 14 
student 153: 10 18 15 11 20 2 12 13 4 5 8 1 14 3 19 6 7 16 17 9 
student 154: 11 5 17 6 19 16 15 18 10 12 8 3 13 2 7 4 1 9 20 14 
student 155: 16 4 15 3 7 2 20 11 14 1 13 8 12 6 10 9 5 19 18 17 
student 156: 17 2 19 1 18 5 20 13 3 9 12 4 11 7 15 10 6 16 14 8 
student 157: 15 5 16 2 20 1 19 14 7 9 11 3 13 4 6 10 8 18 17 12 
student 158: 14 2 13 3 20 5 17 12 7 6 11 4 18 16 10 8 1 15 19 9 
student 159: 2 3 18 8 19 1 14 13 9 11 12 4 15 10 6 5 7 17 16 20 
student 160: 10 5 15 6 16 3 19 12 18 9 7 11 8 1 20 14 4 17 13 2 
student 161: 13 1 8 10 9 2 18 15 6 5 19 3 16 4 12 7 11 17 20 14 
student 162: 13 2 14 8 20 5 16 10 4 1 11 7 15 17 6 9 3 18 19 12 
student 163: 17 2 12 1 15 3 6 20 13 11 9 5 10 8 7 14 4 16 18 19 
student 164: 14 1 17 2 18 4 20 19 11 7 9 16 12 5 13 6 3 8 10 15 
student 165: 14 1 2 3 13 4 20 11 12 15 8 5 16 10 7 9 6 19 18 17 
student 166: 17 2 14 1 12 6 18 11 7 3 8 4 15 10 13 19 5 16 20 9 
student 167: 17 3 15 6 16 4 19 7 5 8 9 14 12 1 10 11 2 20 18 13 
student 168: 15 2 20 1 17 5 18 7 13 6 9 12 10 3 4 11 8 16 19 14 
student 169: 14 3 15 2 16 1 11 19 8 10 6 7 9 4 20 12 5 17 18 13 
student 170: 9 1 16 5 15 6 19 18 3 8 12 4 11 10 14 2 7 13 17 20 
student 171: 9 3 14 11 4 1 19 20 5 10 7 6 16 12 13 17 2 18 8 15 
student 172: 10 3 19 9 15 2 11 17 6 7 13 8 4 18 1 16 5 20 14 12 
student 173: 11 2 13 10 17 1 20 19 9 15 14 6 18 3 8 4 5 7 16 12 
student 174: 14 13 11 2 17 8 19 18 1 3 10 9 5 6 16 7 20 15 4 12 
student 175: 13 17 12 10 15 2 14 19 4 5 7 9 16 1 8 6 3 20 11 18 
student 176: 15 1 18 3 13 2 14 12 7 5 10 6 11 20 4 8 16 17 19 9 
student 177: 2 3 16 5 12 13 18 15 8 11 10 9 6 1 20 14 4 17 7 19 
student 178: 16 2 7 4 19 8 20 6 9 10 11 12 13 5 14 3 1 15 17 18 
student 179: 4 3 15 2 20 9 19 12 5 7 11 16 8 6 13 17 1 18 10 14 
student 180: 15 1 10 4 17 2 19 8 12 14 3 13 11 5 7 16 6 18 20 9 
student 181: 6 1 17 5 18 4 11 19 3 7 8 2 12 10 13 14 15 9 20 16 
student 182: 12 5 9 6 20 7 18 19 2 1 10 15 14 4 3 8 17 13 16 11 
student 183: 20 4 11 2 18 1 17 16 7 10 12 5 13 3 9 6 8 19 15 14 
student 184: 11 3 16 1 17 8 19 13 2 6 5 15 9 7 12 4 10 18 14 20 
student 185: 15 2 16 3 19 4 17 11 7 8 5 6 14 18 10 20 1 12 13 9 
student 186: 7 2 16 10 19 1 20 17 6 11 5 4 15 3 13 9 8 18 14 12 
student 187: 16 5 15 7 3 2 19 20 4 12 13 8 10 9 1 11 6 17 18 14 
student 188: 15 1 13 14 17 5 18 9 4 12 10 6 8 2 16 7 3 19 11 20 
student 189: 4 1 13 2 16 5 7 17 8 12 11 9 18 6 15 10 3 20 19 14 
student 190: 19 1 20 7 18 8 16 12 5 9 4 3 10 2 15 6 11 14 17 13 
student 191: 11 2 18 4 20 8 15 9 17 1 16 7 3 12 5 13 6 10 19 14 
student 192: 11 4 13 2 20 9 3 17 7 12 6 10 18 5 8 14 1 15 19 16 
student 193: 13 1 14 3 12 4 20 15 5 6 11 2 10 7 17 9 8 19 18 16 
student 194: 12 1 9 7 19 10 20 11 5 6 18 2 8 14 15 3 4 13 16 17 
student 195: 10 2 15 3 14 4 19 11 5 16 6 13 8 1 17 7 9 12 20 18 
student 196: 17 2 18 3 20 1 19 15 8 6 10 11 7 5 14 9 4 12 13 16 
student 197: 11 2 10 9 18 1 20 17 4 12 13 3 7 16 8 6 5 15 19 14 
student 198: 13 3 16 5 19 4 20 17 9 8 6 15 7 2 10 12 1 18 14 11 
student 199: 20 1 15 11 18 2 14 17 3 8 16 12 19 7 4 9 5 10 13 6 
student 200: 15 6 14 3 17 2 20 11 4 8 5 1 12 10 9 18 7 16 19 13 
student 201: 16 2 14 5 18 1 15 19 12 3 17 10 11 8 6 13 4 20 9 7 
student 202: 16 1 3 10 19 2 11 5 13 12 17 9 7 6 4 18 8 20 14 15 
student 203: 17 4 19 6 11 3 13 16 14 8 1 7 15 9 12 10 2 5 20 18 
student 204: 11 2 20 5 17 1 18 15 14 3 13 6 8 7 10 12 4 9 16 19 
student 205: 8 5 19 4 18 7 20 10 9 3 15 14 11 2 13 6 1 17 12 16 
student 206: 13 4 15 2 12 3 19 7 14 17 6 1 10 8 20 11 5 16 18 9 
student 207: 10 5 19 4 17 3 20 12 18 1 15 8 2 9 11 6 7 13 14 16 
student 208: 13 4 18 3 19 6 20 15 8 7 10 2 12 1 11 14 5 17 16 9 
student 209: 6 1 18 5 10 2 17 12 3 7 13 9 15 4 14 11 8 19 20 16 
student 210: 16 4 10 1 20 2 15 18 11 9 13 8 14 5 7 12 3 17 19 6 
student 211: 2 3 16 7 19 1 18 15 6 10 11 5 20 13 9 8 4 14 17 12 
student 212: 16 8 9 10 20 6 18 13 3 12 15 5 14 1 2 4 11 19 17 7 
student 213: 17 6 20 4 19 1 16 18 3 11 9 7 13 8 14 12 2 10 5 15 
student 214: 14 1 16 3 15 7 19 12 13 2 6 8 10 11 17 5 9 18 20 4 
student 215: 11 3 15 1 20 4 7 18 2 5 12 9 16 6 13 10 8 17 19 14 
student 216: 8 4 15 1 14 5 20 10 7 17 9 2 11 12 16 6 3 19 13 18 
student 217: 16 1 15 3 19 8 20 11 7 9 5 2 12 6 10 17 4 14 18 13 
student 218: 12 4 16 2 20 1 17 15 3 9 10 11 14 8 13 5 7 19 18 6 
student 219: 17 1 7 2 19 9 20 14 5 8 12 3 11 6 13 10 4 15 18 16 
student 220: 11 1 13 12 19 2 20 17 6 5 8 3 14 4 16 7 10 18 15 9 
student 221: 20 8 5 3 15 1 17 13 7 19 12 11 4 2 9 10 6 18 14 16 
student 222: 8 2 16 3 20 5 13 18 9 10 14 4 15 1 11 7 6 19 17 12 
student 223: 4 7 17 3 19 12 15 10 13 2 6 8 16 5 20 9 1 18 11 14 
student 224: 16 2 11 3 18 7 20 8 6 5 15 4 10 1 17 13 9 12 14 19 
student 225: 18 2 15 3 16 7 20 19 4 14 5 12 11 1 8 10 9 6 17 13 
student 226: 10 6 20 3 11 1 18 16 8 14 12 2 15 4 13 5 7 17 19 9 
student 227: 12 3 17 14 20 1 18 16 6 4 9 7 8 5 10 15 2 13 11 19 
student 228: 12 2 14 3 20 5 19 16 4 6 10 7 18 1 9 13 8 17 15 11 
student 229: 10 4 15 3 18 2 19 20 5 13 8 7 9 12 11 6 1 16 17 14 
student 230: 17 5 11 6 16 15 20 7 8 13 2 9 14 4 12 10 1 19 18 3 
student 231: 15 2 12 9 17 4 18 8 13 7 5 3 19 6 11 10 1 20 16 14 
student 232: 13 6 11 9 20 3 17 18 2 8 10 1 12 5 7 16 4 15 19 14 
student 233: 13 6 20 8 16 3 18 12 7 9 4 5 11 10 1 17 2 19 15 14 
student 234: 14 5 18 17 20 7 12 15 3 16 9 1 19 11 13 2 6 8 10 4 
student 235: 14 2 19 4 20 1 16 18 3 12 11 7 9 8 5 10 6 17 15 13 
student 236: 12 3 13 1 17 5 20 15 4 14 8 11 10 2 6 9 7 16 19 18 
student 237: 6 8 15 7 10 2 17 18 1 5 14 11 9 4 12 19 3 16 20 13 
student 238: 17 1 12 8 16 5 19 13 4 11 9 14 7 3 18 6 2 20 15 10 
student 239: 17 7 15 5 16 4 18 20 6 9 13 2 8 1 11 10 3 19 14 12 
student 240: 12 2 15 4 17 8 19 20 16 5 13 6 9 3 14 10 1 11 7 18 
student 241: 11 2 19 9 20 3 17 12 4 5 8 15 13 1 10 6 14 16 7 18 
student 242: 17 3 13 10 20 8 19 12 6 7 11 2 9 1 14 5 4 16 18 15 
student 243: 20 1 17 2 18 8 5 12 13 4 16 3 10 6 9 7 11 14 15 19 
student 244: 12 1 9 3 17 2 20 14 16 4 8 13 11 7 19 6 5 15 18 10 
student 245: 13 8 14 3 16 2 17 18 15 9 10 1 6 7 4 11 5 20 19 12 
student 246: 12 2 15 6 18 5 20 19 7 11 8 4 9 3 13 10 1 16 14 17 
student 247: 18 5 16 2 12 1 19 14 3 7 15 10 17 4 6 8 11 13 20 9 
student 248: 20 3 19 5 18 2 10 12 4 9 7 6 17 8 16 13 11 15 1 14 
student 249: 11 5 14 6 19 1 15 13 12 9 18 7 10 8 20 4 3 16 17 2 
student 250: 16 4 6 3 15 9 19 18 11 2 17 1 12 8 7 14 5 13 20 10 
student 251: 15 1 19 8 20 9 14 16 6 4 12 3 5 2 11 7 10 13 18 17 
student 252: 15 3 20 16 13 4 14 10 9 12 1 6 2 7 11 8 5 19 18 17 
student 253: 11 3 14 9 13 8 18 17 7 6 4 15 16 12 5 10 2 1 20 19 
student 254: 20 9 17 3 18 6 15 7 11 10 19 8 4 2 13 5 1 14 12 16 
student 255: 20 2 11 5 18 1 13 15 9 6 16 7 8 10 17 12 4 19 3 14 
student 256: 18 4 13 7 6 2 20 5 8 9 11 14 15 1 19 12 3 10 17 16 
student 257: 16 2 18 6 17 5 9 13 4 3 11 12 15 7 14 8 1 19 20 10 
student 258: 16 1 18 6 13 10 20 12 3 15 8 9 2 7 11 5 4 19 14 17 
student 259: 17 8 10 2 18 6 7 19 9 12 4 1 13 11 5 16 3 15 20 14 
student 260: 16 3 8 4 19 1 15 17 13 12 6 9 11 2 7 10 14 18 20 5 
student 261: 20 1 11 3 14 2 19 18 7 6 10 4 15 12 13 9 5 17 16 8 
student 262: 19 1 16 2 15 4 14 12 9 5 11 3 10 8 13 20 7 18 17 6 
student 263: 20 8 12 3 15 1 19 14 7 9 4 6 10 5 17 13 2 16 18 11 
student 264: 14 2 18 11 19 10 15 16 7 13 1 12 4 3 9 6 5 17 20 8 
student 265: 13 5 11 1 15 6 19 16 3 10 17 4 7 9 14 18 2 12 20 8 
student 266: 10 2 16 9 13 1 18 17 6 11 15 8 14 4 12 5 3 19 20 7 
student 267: 15 3 17 4 20 1 18 12 5 9 10 7 16 6 11 2 8 14 19 13 
student 268: 17 2 15 9 19 6 5 20 7 1 14 3 10 11 12 8 4 16 18 13 
student 269: 4 2 18 8 20 12 16 14 9 13 10 3 17 7 6 5 1 11 19 15 
student 270: 18 1 13 2 16 6 17 15 7 11 3 4 12 9 8 10 5 19 20 14 
student 271: 13 1 14 6 18 7 20 16 15 10 5 3 11 4 8 12 2 19 17 9 
student 272: 18 6 13 12 20 2 17 9 8 15 7 5 10 1 11 4 3 19 14 16 
student 273: 15 1 12 11 20 3 17 9 13 4 19 6 16 2 10 8 5 14 18 7 
student 274: 12 8 13 2 17 15 20 19 5 10 9 4 11 14 7 1 3 16 18 6 
student 275: 17 1 16 2 19 5 20 15 9 6 13 7 4 11 14 8 3 12 18 10 
student 276: 11 2 17 1 19 4 13 7 10 12 6 14 9 3 8 18 5 16 20 15 
student 277: 13 1 16 3 19 2 17 15 4 12 6 5 10 8 14 9 7 20 18 11 
student 278: 13 2 18 9 17 4 19 16 11 1 15 3 5 7 10 14 12 8 20 6 
student 279: 14 9 15 5 20 2 19 10 1 4 8 16 12 6 11 7 3 17 18 13 
student 280: 16 1 19 5 18 4 20 15 3 14 7 12 13 2 8 9 6 10 17 11 
student 281: 9 1 10 7 15 2 18 17 8 3 14 11 16 5 13 4 6 19 12 20 
student 282: 4 2 17 5 13 3 20 14 1 10 9 6 11 7 18 12 8 15 19 16 
student 283: 12 1 18 4 14 2 20 17 7 3 15 10 11 8 9 13 5 6 16 19 
student 284: 14 3 8 1 16 5 20 17 12 15 4 2 9 10 19 13 6 11 18 7 
student 285: 13 2 15 7 11 19 17 6 4 5 16 3 9 1 10 12 20 18 8 14 
student 286: 7 4 18 1 8 9 20 15 3 5 19 10 6 2 11 14 13 17 16 12 
student 287: 16 4 17 6 13 1 19 20 15 7 12 5 9 11 14 3 2 10 18 8 
student 288: 17 1 12 4 20 13 19 15 2 7 10 5 18 3 11 6 9 16 14 8 
student 289: 20 4 12 7 17 5 15 19 6 2 13 1 11 10 8 3 16 9 14 18 
student 290: 8 3 10 6 18 1 20 12 16 17 14 13 19 7 9 5 4 15 11 2 
student 291: 13 1 17 2 16 4 20 18 3 11 6 10 12 5 15 14 7 9 8 19 
student 292: 12 4 18 8 16 5 19 13 11 15 2 20 10 1 6 7 3 17 9 14 
student 293: 11 3 15 2 19 1 16 17 10 8 12 4 6 5 9 13 7 20 18 14 
student 294: 19 1 10 5 13 2 18 20 9 6 15 14 16 3 8 11 4 17 7 12 
student 295: 19 3 17 4 15 7 16 11 6 12 13 8 2 1 14 5 9 20 18 10 
student 296: 11 2 20 7 17 4 19 10 3 5 13 15 12 8 6 1 9 16 18 14 
student 297: 11 1 18 3 17 7 20 12 8 5 6 10 13 2 14 15 4 16 19 9 
student 298: 20 1 19 13 14 2 8 18 9 11 16 4 17 3 10 15 5 7 12 6 
student 299: 14 3 19 2 16 7 18 12 6 5 10 4 8 9 15 13 1 17 20 11 
student 300: 16 1 13 5 14 7 20 12 2 8 4 10 9 6 15 18 3 17 19 11 
student 301: 12 4 11 9 17 3 18 20 2 7 14 5 8 1 15 13 6 19 10 16 
student 302: 17 4 10 1 18 2 19 16 12 9 8 3 11 6 14 7 5 15 20 13 
student 303: 16 4 17 11 8 3 20 15 5 12 7 9 13 6 2 14 1 10 18 19 
student 304: 19 1 18 3 15 2 20 17 11 16 10 5 6 4 14 8 7 13 9 12 
student 305: 19 12 11 2 15 14 20 9 5 8 16 13 4 7 1 3 6 10 17 18 
student 306: 9 6 12 10 16 1 19 14 2 18 8 4 3 7 5 17 11 15 20 13 
student 307: 9 1 19 3 18 13 20 12 7 6 16 5 14 4 8 10 2 15 11 17 
student 308: 12 4 15 20 17 3 19 16 8 1 7 6 2 5 11 9 10 18 14 13 
student 309: 12 1 20 3 13 11 19 17 9 5 14 10 7 2 6 8 4 15 16 18 
student 310: 9 4 11 7 20 2 17 14 6 5 12 18 19 3 13 10 1 16 15 8 
student 311: 16 4 12 13 20 1 19 17 2 3 10 18 15 5 6 9 7 14 11 8 
student 312: 10 1 14 4 18 2 19 17 8 6 9 5 12 7 11 15 3 16 20 13 
student 313: 18 2 17 1 16 8 19 13 15 7 10 5 14 3 11 4 6 12 9 20 
student 314: 7 2 18 3 17 11 19 20 1 5 4 8 10 6 16 9 12 14 13 15 
student 315: 11 1 14 2 16 3 20 13 4 9 12 5 10 6 15 8 7 19 17 18 
student 316: 20 1 7 6 19 4 17 16 14 3 8 9 2 5 13 12 11 18 15 10 
student 317: 18 3 20 2 9 1 15 11 5 4 14 7 17 13 16 8 6 19 10 12 
student 318: 17 2 10 7 20 14 6 8 3 4 12 1 15 13 19 11 9 16 18 5 
student 319: 17 2 20 5 14 1 4 19 9 12 13 8 3 6 11 7 10 18 16 15 
student 320: 7 2 10 3 12 15 17 19 1 8 14 4 13 9 18 6 5 16 20 11 
student 321: 19 4 14 1 18 3 17 5 8 13 10 9 15 2 16 7 6 20 11 12 
student 322: 10 4 17 5 20 2 19 14 6 3 11 9 16 8 15 13 1 12 18 7 
student 323: 1 3 15 8 18 4 20 16 9 7 10 5 13 6 11 14 2 19 12 17 
student 324: 16 2 17 1 13 3 18 12 5 6 20 7 14 4 11 10 8 15 19 9 
student 325: 17 4 19 6 18 5 12 8 10 3 11 15 20 1 13 7 2 14 16 9 
student 326: 13 2 12 4 19 9 20 14 11 6 18 10 17 1 8 5 3 15 16 7 
student 327: 20 6 18 4 11 2 19 16 9 5 13 8 15 10 14 3 1 17 12 7 
student 328: 15 1 3 6 19 4 20 5 12 11 14 2 16 10 8 7 13 18 9 17 
student 329: 11 2 15 4 14 1 10 20 16 13 18 5 8 9 6 7 3 19 17 12 
student 330: 16 1 20 5 19 9 18 12 4 3 13 6 10 2 8 7 14 15 17 11 
student 331: 17 2 10 3 15 5 20 16 9 6 7 11 18 1 12 4 8 13 19 14 
student 332: 17 2 15 6 18 9 13 10 3 20 1 5 12 7 4 14 11 19 16 8 
student 333: 7 9 14 8 15 1 18 19 3 2 17 5 10 13 16 6 4 11 20 12 
student 334: 12 4 17 3 2 1 19 13 7 8 16 6 5 11 15 14 9 18 20 10 
student 335: 9 2 17 5 13 3 15 19 1 4 16 10 14 8 11 6 7 20 18 12 
student 336: 10 1 18 3 13 6 19 14 4 7 16 2 5 9 8 17 12 15 20 11 
student 337: 14 1 13 6 17 3 12 10 5 9 7 2 20 4 11 15 8 16 19 18 
student 338: 2 7 18 4 17 6 20 15 1 10 13 9 5 3 16 11 8 14 12 19 
student 339: 13 1 11 9 19 2 16 15 6 3 18 12 10 8 5 17 4 14 20 7 
student 340: 17 1 10 5 9 4 16 15 6 11 12 7 8 3 14 13 2 18 20 19 
student 341: 16 2 11 1 19 3 14 17 9 8 10 6 5 7 12 18 4 20 13 15 
student 342: 5 3 16 7 20 6 18 19 8 4 13 1 12 2 14 10 9 17 15 11 
student 343: 18 2 13 16 20 6 15 11 10 7 8 3 17 14 9 4 5 1 19 12 
student 344: 11 2 17 4 19 15 20 9 3 7 5 1 10 6 14 16 8 18 12 13 
student 345: 12 3 20 7 19 4 18 15 6 10 9 2 8 1 11 16 5 17 14 13 
student 346: 13 7 19 9 20 3 14 8 15 2 1 12 5 11 4 6 17 18 16 10 
student 347: 10 4 16 8 15 1 20 14 9 13 2 3 6 11 17 18 5 12 19 7 
student 348: 17 2 18 10 15 4 13 12 1 8 5 3 20 19 11 7 6 16 9 14 
student 349: 9 6 18 8 19 3 20 11 1 4 12 13 7 5 17 10 2 14 16 15 
student 350: 18 2 15 7 17 1 20 9 10 8 11 3 13 4 12 6 5 19 14 16 
student 351: 16 3 15 5 19 1 7 20 12 10 4 6 11 8 14 9 2 18 17 13 
student 352: 17 6 15 3 1 7 13 11 8 10 18 5 14 19 9 12 2 16 20 4 
student 353: 16 7 4 1 14 9 20 18 11 13 19 3 12 2 6 15 5 10 17 8 
student 354: 12 2 19 4 15 5 17 18 10 11 20 1 16 3 8 6 7 9 14 13 
student 355: 9 2 12 19 15 6 18 14 3 5 11 8 13 4 10 7 1 17 20 16 
student 356: 16 5 3 4 17 1 20 15 6 13 11 2 19 7 9 14 8 18 12 10 
student 357: 13 1 18 2 19 3 20 8 5 9 11 10 17 4 7 12 14 15 16 6 
student 358: 5 3 11 1 20 7 19 13 6 16 2 4 10 9 17 8 12 15 18 14 
student 359: 18 7 3 1 16 13 12 17 2 10 11 9 20 4 8 15 5 14 19 6 
student 360: 13 1 11 12 18 5 19 10 9 7 6 15 16 3 8 4 2 14 17 20 
student 361: 10 3 15 4 19 1 18 16 5 6 13 2 8 11 9 7 12 17 14 20 
student 362: 9 1 15 5 13 3 20 11 7 8 12 6 19 2 14 10 4 17 18 16 
student 363: 15 3 10 2 9 1 20 19 4 14 6 13 17 5 8 11 7 12 16 18 
student 364: 1 2 18 6 20 3 19 7 15 5 8 12 17 4 13 9 10 14 16 11 
student 365: 17 1 13 4 20 2 15 14 8 10 16 5 19 3 11 9 6 12 18 7 
student 366: 16 1 17 10 11 8 18 9 12 7 5 2 6 4 14 13 3 19 20 15 
student 367: 16 3 18 2 20 1 14 11 4 6 9 15 5 7 17 8 12 19 13 10 
student 368: 11 3 12 6 14 1 15 17 9 5 16 4 10 8 13 2 7 19 20 18 
student 369: 13 5 20 3 16 6 4 8 7 11 17 10 14 9 12 1 2 18 19 15 
student 370: 14 3 9 5 12 7 20 19 17 4 11 13 8 1 10 6 2 16 18 15 
student 371: 16 4 14 5 19 2 18 20 6 1 12 8 15 3 9 11 7 13 17 10 
student 372: 17 2 10 5 19 1 20 6 15 4 13 7 8 11 12 9 3 18 16 14 
student 373: 16 4 7 2 14 3 15 10 1 19 12 6 9 8 11 17 5 18 20 13 
student 374: 8 1 11 10 18 2 17 15 6 7 12 9 14 5 13 3 4 19 20 16 
student 375: 12 4 14 7 20 2 19 16 10 8 6 1 11 9 15 3 5 18 17 13 
student 376: 19 1 14 5 15 2 20 12 8 6 11 10 7 3 18 9 4 16 17 13 
student 377: 14 4 15 5 13 1 16 8 6 10 19 3 12 2 11 7 20 17 18 9 
student 378: 17 2 9 3 20 1 18 14 4 7 12 15 5 10 13 11 6 19 16 8 
student 379: 18 3 8 5 15 2 20 19 7 12 4 13 6 1 10 9 11 14 17 16 
student 380: 13 6 19 8 10 2 20 18 14 1 16 11 7 9 4 3 5 12 17 15 
student 381: 17 2 18 3 19 9 14 15 8 11 7 1 13 6 10 5 4 16 20 12 
student 382: 13 1 5 2 20 3 14 8 10 16 15 4 12 7 11 9 6 19 18 17 
student 383: 10 9 7 5 18 1 20 13 14 6 12 3 17 11 8 4 2 15 16 19 
student 384: 13 6 19 5 18 1 20 17 10 2 12 7 15 4 9 8 3 11 14 16 
student 385: 8 11 19 2 12 1 17 20 13 7 14 5 9 4 16 6 3 10 15 18 
student 386: 8 2 12 5 16 3 15 11 19 14 20 17 9 7 4 1 6 18 13 10 
student 387: 17 9 18 1 14 4 16 15 11 5 13 2 10 6 7 3 19 20 8 12 
student 388: 12 2 16 14 15 4 18 8 7 10 17 1 13 19 6 9 5 20 11 3 
student 389: 14 1 11 7 17 6 20 16 12 4 9 5 10 3 13 8 2 19 18 15 
student 390: 18 2 14 1 19 3 11 10 15 8 9 5 12 6 13 20 4 16 17 7 
student 391: 14 6 3 8 16 5 15 19 9 10 13 4 7 11 17 12 1 20 18 2 
student 392: 9 5 15 4 12 1 10 18 6 8 17 11 14 3 7 13 2 20 19 16 
student 393: 14 4 20 10 15 2 6 9 1 5 13 8 17 3 16 18 11 12 19 7 
student 394: 17 1 19 2 16 5 11 12 13 14 10 6 8 4 15 7 3 18 20 9 
student 395: 13 7 16 3 19 2 17 11 8 1 5 6 9 4 10 15 14 18 20 12 
student 396: 14 6 15 1 17 7 20 12 10 4 9 18 13 2 8 5 3 11 16 19 
student 397: 12 1 19 2 20 4 8 10 16 3 13 5 18 6 15 11 7 14 17 9 
student 398: 13 3 14 4 19 5 20 10 2 15 8 6 11 18 9 1 7 16 17 12 
student 399: 15 2 9 6 20 1 18 17 10 3 11 13 19 5 14 7 4 16 12 8 
student 400: 14 4 19 3 18 2 17 16 6 10 8 9 11 12 7 1 5 20 13 15 
student 401: 15 4 17 1 16 2 19 12 10 3 8 7 11 6 20 9 5 18 14 13 
student 402: 17 1 8 5 12 3 20 11 6 10 2 4 13 16 15 14 7 18 19 9 
student 403: 16 1 10 8 19 3 20 17 5 18 14 2 4 12 7 13 6 11 15 9 
student 404: 11 2 17 5 18 3 16 4 14 9 6 1 15 12 10 7 8 20 13 19 
student 405: 10 1 16 5 17 2 19 14 12 4 7 9 6 3 8 13 11 18 20 15 
student 406: 16 4 18 2 17 1 19 14 5 11 6 3 13 15 8 12 7 20 9 10 
student 407: 15 1 19 8 20 2 18 14 10 6 9 5 12 11 7 4 3 17 16 13 
student 408: 16 1 18 10 14 5 20 17 9 2 15 3 4 6 13 11 7 8 19 12 
student 409: 8 5 11 1 18 10 20 13 3 17 9 2 12 7 14 6 4 15 19 16 
student 410: 14 2 17 9 13 6 19 8 4 3 10 5 15 7 11 12 1 20 18 16 
student 411: 10 4 16 1 9 11 17 18 12 6 2 3 19 5 13 8 7 15 20 14 
student 412: 17 3 16 4 20 2 14 5 7 10 13 1 8 9 12 11 6 19 18 15 
student 413: 3 10 12 8 20 1 17 16 4 15 7 5 2 11 9 19 6 14 13 18 
student 414: 13 1 19 4 20 3 16 14 5 9 11 7 10 12 6 8 2 15 17 18 
student 415: 11 12 10 6 16 2 17 15 3 1 13 9 19 8 14 7 5 18 20 4 
student 416: 10 2 19 1 17 6 18 11 7 15 16 4 20 12 8 9 5 14 13 3 
student 417: 17 3 15 2 16 4 18 12 14 5 11 1 13 8 7 9 6 20 19 10 
student 418: 12 1 18 3 19 2 20 10 5 8 4 6 13 7 15 9 11 16 17 14 
student 419: 18 3 16 10 13 5 17 7 4 2 6 11 14 1 15 8 12 20 19 9 
student 420: 13 5 15 6 20 4 19 17 10 7 12 9 3 8 14 11 2 16 18 1 
student 421: 10 3 16 6 19 1 20 13 5 11 9 7 15 2 8 12 4 18 17 14 
student 422: 13 1 10 3 19 5 18 17 12 14 15 4 6 2 7 8 9 16 20 11 
student 423: 12 11 17 1 19 4 20 13 9 8 7 3 5 16 15 10 2 14 18 6 
student 424: 20 1 12 4 19 2 11 16 3 8 9 14 10 5 13 6 7 17 15 18 
student 425: 5 12 15 2 19 7 18 13 11 3 6 10 8 1 14 4 16 9 17 20 
student 426: 14 2 16 13 12 4 20 18 6 8 11 10 15 5 7 3 1 19 17 9 
student 427: 17 10 16 1 7 8 11 6 14 3 13 9 4 15 2 5 18 19 20 12 
student 428: 17 3 12 4 19 2 20 18 10 6 15 1 11 9 5 13 8 14 16 7 
student 429: 10 2 13 3 14 7 17 11 8 16 9 18 5 6 12 1 4 19 20 15 
student 430: 11 4 20 8 13 3 17 12 10 14 9 5 6 1 2 16 7 18 19 15 
student 431: 18 1 15 5 16 6 19 17 7 11 9 12 3 2 13 8 4 20 14 10 
student 432: 9 1 17 7 11 2 18 20 8 3 10 12 14 6 15 5 4 16 13 19 
student 433: 9 5 13 14 19 4 18 20 6 7 12 15 1 8 10 2 3 16 17 11 
student 434: 15 4 19 8 18 1 10 13 3 11 20 2 12 6 14 9 7 16 17 5 
student 435: 15 3 12 5 14 6 18 20 9 4 10 7 13 2 1 8 11 17 19 16 
student 436: 17 6 13 5 18 1 20 14 11 9 3 4 2 8 16 12 7 15 19 10 
student 437: 10 3 12 1 20 13 15 11 6 9 18 14 5 2 8 17 4 16 19 7 
student 438: 13 3 12 10 14 4 18 15 8 9 5 1 17 7 11 2 6 20 16 19 
student 439: 16 1 18 2 13 11 15 20 5 19 7 3 14 8 9 10 4 17 12 6 
student 440: 16 3 15 1 10 18 14 9 7 12 4 11 19 8 6 2 5 13 17 20 
student 441: 12 3 16 1 17 5 20 6 2 9 19 10 14 8 11 7 4 13 15 18 
student 442: 17 14 16 3 20 7 19 11 5 6 9 1 8 2 4 13 12 18 15 10 
student 443: 14 1 15 2 20 4 17 19 7 13 3 10 9 16 6 8 5 18 12 11 
student 444: 3 5 19 4 18 7 20 16 13 14 10 12 9 1 6 2 11 15 8 17 
student 445: 4 2 17 7 18 3 19 15 10 6 8 5 13 12 14 9 1 20 11 16 
student 446: 10 7 14 1 15 4 20 11 8 9 13 5 6 3 16 2 18 12 17 19 
student 447: 14 1 18 5 19 3 17 13 6 8 10 4 12 2 7 11 9 20 16 15 
student 448: 17 1 15 3 10 2 20 9 5 8 7 11 13 14 16 6 4 18 19 12 
student 449: 14 13 19 7 17 2 20 18 16 1 11 9 15 6 3 10 4 5 8 12 
student 450: 7 2 13 5 20 1 17 9 10 15 14 6 16 4 12 11 3 8 19 18 
student 451: 16 10 9 8 20 2 19 15 7 6 12 5 14 1 13 11 3 17 18 4 
student 452: 10 2 11 3 19 1 18 14 17 6 12 9 13 5 8 7 4 16 20 15 
student 453: 10 3 12 5 14 1 18 13 9 7 2 15 19 4 16 8 11 20 17 6 
student 454: 5 7 17 2 14 1 18 20 10 9 16 4 13 6 11 8 3 19 15 12 
student 455: 17 1 19 5 11 13 12 16 2 8 14 9 4 6 7 10 3 20 18 15 
student 456: 11 3 12 1 10 7 18 19 9 6 2 5 14 13 8 16 4 20 17 15 
student 457: 8 5 19 1 18 11 17 14 9 10 12 2 6 3 16 13 7 20 15 4 
student 458: 18 2 17 4 16 1 15 11 5 10 7 3 9 12 13 6 8 14 20 19 
student 459: 13 5 20 1 19 4 18 17 6 10 2 12 11 7 8 9 3 14 16 15 
student 460: 10 1 16 6 19 4 15 14 9 8 11 7 3 2 18 5 13 12 20 17 
student 461: 18 7 19 3 15 1 16 11 9 12 13 8 10 4 6 5 2 14 20 17 
student 462: 15 13 9 3 20 1 16 18 10 7 6 4 5 11 8 14 2 17 12 19 
student 463: 15 3 16 11 18 2 20 1 4 9 8 6 14 5 12 13 7 19 17 10 
student 464: 6 2 20 1 19 3 17 14 8 5 10 12 13 4 18 15 7 9 16 11 
student 465: 16 11 10 1 8 9 17 5 14 12 6 2 18 20 13 3 4 19 7 15 
student 466: 18 7 19 3 11 1 16 5 10 6 4 8 14 2 15 12 9 20 17 13 
student 467: 13 7 10 2 19 4 20 1 15 6 14 5 9 11 17 3 8 16 12 18 
student 468: 20 2 16 1 19 4 18 6 8 12 10 9 14 7 5 17 3 11 15 13 
student 469: 16 7 14 8 18 1 17 11 2 4 15 6 3 12 5 10 9 19 20 13 
student 470: 17 6 3 4 15 2 18 12 11 9 14 10 16 5 1 7 8 20 19 13 
student 471: 17 4 15 8 19 6 20 3 13 7 9 2 11 10 14 18 1 16 5 12 
student 472: 8 1 20 15 14 6 18 13 9 3 4 2 10 12 19 5 7 17 16 11 
student 473: 16 1 15 5 18 2 19 11 9 10 7 8 20 4 12 6 3 17 14 13 
student 474: 19 5 13 8 15 3 20 17 12 2 6 7 16 4 9 10 11 1 18 14 
student 475: 18 1 16 17 14 2 9 20 6 5 15 8 7 3 13 12 4 19 10 11 
student 476: 15 1 9 7 18 3 20 19 10 11 14 4 13 8 12 6 2 17 16 5 
student 477: 5 4 16 6 10 3 20 7 2 12 11 1 19 8 14 18 9 13 15 17 
student 478: 20 8 18 3 17 15 16 14 6 7 10 2 4 9 5 11 1 13 19 12 
student 479: 14 1 20 12 18 16 17 19 6 5 4 10 13 3 8 2 7 11 15 9 
student 480: 10 1 20 3 12 4 17 15 14 5 11 8 13 6 7 9 2 19 18 16 
student 481: 14 3 5 12 17 7 20 19 2 6 11 1 13 10 9 18 4 16 8 15 
student 482: 19 3 15 2 16 1 18 12 5 7 14 4 20 13 6 9 8 10 17 11 
student 483: 14 3 19 1 20 4 18 12 7 13 15 10 16 6 9 8 2 5 17 11 
student 484: 12 4 17 2 15 5 14 16 10 7 9 1 3 13 11 6 8 18 20 19 
student 485: 14 6 12 3 20 2 8 13 11 18 9 7 10 5 17 4 1 16 15 19 
student 486: 18 2 12 10 11 14 17 19 5 3 9 1 13 7 8 6 4 20 16 15 
student 487: 15 1 19 7 20 2 12 8 11 4 10 9 14 5 16 6 3 18 13 17 
student 488: 6 4 13 2 20 1 17 18 7 11 10 8 14 5 12 9 3 16 19 15 
student 489: 12 2 19 7 17 6 20 3 18 16 14 11 1 4 5 15 8 13 9 10 
student 490: 16 5 20 1 15 8 17 14 10 9 13 6 11 2 12 3 4 19 18 7 
student 491: 18 1 6 3 15 2 16 19 4 14 11 8 10 9 5 7 13 17 20 12 
student 492: 14 1 19 3 20 7 17 13 2 9 12 5 16 6 18 8 4 10 15 11 
student 493: 9 1 11 7 14 2 18 17 10 15 12 6 13 3 8 5 4 19 16 20 
student 494: 9 7 16 4 18 5 19 12 13 10 17 8 3 14 2 11 1 15 20 6 
student 495: 9 3 13 4 8 1 19 17 7 18 10 6 15 5 12 11 2 20 16 14 
student 496: 12 4 13 5 18 1 16 19 2 6 10 7 9 3 8 11 17 15 20 14 
student 497: 16 1 19 5 15 12 20 17 9 11 7 6 8 2 10 4 3 13 18 14 
student 498: 10 3 5 11 18 1 8 17 2 9 12 4 13 16 14 7 6 19 20 15 
student 499: 14 1 15 4 19 5 20 9 10 7 13 2 11 6 8 12 3 16 17 18 
student 500: 15 3 13 11 20 1 14 19 2 7 18 4 9 8 10 6 5 16 17 12 
student 501: 13 2 12 6 17 10 20 5 7 15 1 4 11 3 18 16 9 14 19 8 
student 502: 8 5 12 3 20 2 19 18 1 13 9 15 4 6 17 11 7 14 16 10 
student 503: 11 4 15 1 19 2 17 20 9 18 7 6 10 8 16 13 3 14 12 5 
student 504: 13 15 11 6 18 2 20 17 12 8 4 7 9 3 10 1 5 14 19 16 
student 505: 13 1 6 3 20 17 10 16 8 2 4 12 18 11 5 9 7 15 19 14 
student 506: 15 1 17 7 13 4 18 14 6 5 10 3 16 9 11 2 8 19 20 12 
student 507: 18 2 1 17 12 4 16 8 3 10 5 7 19 9 11 14 6 15 13 20 
student 508: 3 1 17 15 18 6 20 12 5 9 14 7 13 2 11 8 4 10 19 16 
student 509: 17 2 13 6 11 1 19 18 7 4 8 14 9 5 12 10 3 20 16 15 
student 510: 13 3 16 4 20 5 19 17 8 7 6 11 18 9 12 2 1 14 15 10 
student 511: 11 1 17 7 20 2 16 19 5 18 12 8 6 3 10 9 4 15 14 13 
student 512: 12 6 16 1 20 10 17 14 13 9 4 2 11 5 18 3 8 15 19 7 
student 513: 7 5 13 3 20 1 18 14 6 12 10 2 16 4 11 8 19 15 17 9 
student 514: 7 1 10 13 15 4 20 11 16 3 6 5 14 12 9 2 8 17 18 19 
student 515: 14 1 12 6 18 3 20 19 4 10 2 9 13 8 11 17 5 15 16 7 
student 516: 18 8 14 1 17 6 19 11 9 15 5 2 4 7 3 16 10 13 12 20 
student 517: 14 1 16 2 17 8 18 5 13 4 10 12 15 6 19 7 3 9 20 11 
student 518: 10 1 18 13 20 3 19 11 16 6 12 4 14 5 8 7 2 17 15 9 
student 519: 18 1 13 4 15 9 20 19 5 16 7 3 8 11 10 6 2 17 12 14 
student 520: 5 2 18 1 13 3 20 11 4 9 7 17 8 12 14 15 6 19 16 10 
student 521: 15 6 11 1 18 12 17 16 7 8 13 2 14 5 10 9 3 20 19 4 
student 522: 14 5 20 1 13 8 18 9 6 10 16 2 4 15 7 11 3 12 19 17 
student 523: 16 2 14 3 19 1 20 18 6 11 7 4 8 10 15 13 5 17 9 12 
student 524: 13 4 17 5 16 1 20 15 8 9 11 7 14 2 12 3 6 18 19 10 
student 525: 17 2 10 1 7 8 16 14 13 9 5 12 11 6 15 3 4 20 19 18 
student 526: 16 3 20 4 19 2 17 18 9 11 6 1 10 7 12 8 5 13 15 14 
student 527: 14 1 19 3 20 6 16 13 10 4 7 8 12 5 11 2 9 18 17 15 
student 528: 14 3 7 1 18 9 17 15 12 5 13 2 16 6 10 19 4 8 20 11 
student 529: 14 7 5 1 17 3 18 11 10 9 2 6 16 15 8 13 4 20 19 12 
student 530: 6 11 14 3 10 8 19 16 5 9 13 1 12 7 17 2 4 15 20 18 
student 531: 12 2 13 5 14 4 19 15 1 7 16 3 11 17 10 6 8 18 20 9 
student 532: 8 2 9 4 18 3 20 19 1 5 17 10 13 12 7 11 6 15 16 14 
student 533: 13 1 17 6 19 4 12 15 8 16 11 7 2 3 14 9 5 10 18 20 
student 534: 14 1 9 4 19 2 20 13 10 6 16 5 11 7 12 8 3 18 15 17 
student 535: 11 1 18 3 17 2 20 16 7 8 9 4 15 5 6 12 10 13 19 14 
student 536: 17 3 19 5 18 1 14 12 8 11 9 6 13 4 16 2 7 10 20 15 
student 537: 14 2 19 9 16 1 18 12 6 5 8 11 15 7 3 13 4 17 20 10 
student 538: 16 3 15 2 20 1 18 13 7 8 14 6 11 5 10 9 4 17 19 12 
student 539: 11 2 15 1 14 4 20 18 6 19 10 9 8 7 12 13 5 17 16 3 
student 540: 16 2 17 3 19 4 18 10 11 6 15 12 9 7 8 5 1 13 14 20 
student 541: 13 2 19 5 16 1 17 15 11 6 9 7 12 4 10 18 8 14 20 3 
student 542: 19 2 8 4 16 5 10 15 9 20 7 3 17 6 12 13 1 11 18 14 
student 543: 12 2 16 4 17 3 18 13 1 11 10 15 14 7 8 5 6 19 20 9 
student 544: 17 15 13 1 16 3 18 8 6 10 9 20 12 2 11 4 5 14 19 7 
student 545: 10 2 12 1 17 9 15 19 5 13 7 8 14 4 11 6 3 18 16 20 
student 546: 18 3 13 8 19 2 20 7 1 11 9 10 14 6 4 12 5 15 17 16 
student 547: 19 5 17 3 18 7 20 11 2 14 4 9 10 13 8 6 1 12 16 15 
student 548: 12 3 14 2 20 8 19 18 9 10 15 6 11 5 7 4 1 13 16 17 
student 549: 11 6 17 8 14 3 20 19 7 12 13 2 15 4 5 10 1 16 9 18 
student 550: 15 12 18 1 10 13 17 16 11 4 9 3 8 2 7 6 5 19 20 14 
student 551: 15 3 19 10 16 5 12 14 17 6 18 1 2 7 9 8 4 11 20 13 
student 552: 15 4 14 2 20 1 17 13 5 7 11 10 12 8 9 6 3 16 19 18 
student 553: 18 2 14 3 20 1 10 13 4 8 15 6 11 7 12 16 9 19 17 5 
student 554: 11 15 19 8 17 7 20 18 3 5 4 2 16 1 14 6 10 12 13 9 
student 555: 15 3 20 1 14 2 18 17 7 12 9 6 13 10 11 8 5 16 19 4 
student 556: 16 6 18 1 17 2 19 12 8 3 15 7 11 9 4 10 5 14 20 13 
student 557: 9 2 10 1 18 4 13 15 5 6 11 7 19 8 17 12 3 20 16 14 
student 558: 14 3 10 2 12 4 19 17 15 8 9 7 11 5 13 6 1 18 20 16 
student 559: 15 2 13 1 17 6 20 14 7 16 4 3 10 11 8 5 9 18 19 12 
student 560: 18 1 19 8 20 7 12 9 14 3 15 4 16 2 10 5 6 13 17 11 
student 561: 17 2 11 7 16 5 19 13 10 4 12 6 15 1 9 8 3 20 18 14 
student 562: 16 2 8 4 17 5 10 19 7 3 18 15 9 6 14 11 1 20 13 12 
student 563: 10 2 19 4 11 1 16 13 3 15 5 6 20 8 7 12 9 18 14 17 
student 564: 11 4 16 6 13 1 18 19 9 8 14 7 20 5 10 2 3 15 17 12 
student 565: 12 7 6 2 19 3 15 14 8 10 16 1 4 5 9 11 20 17 18 13 
student 566: 12 15 17 5 18 8 14 20 2 9 10 4 7 1 11 19 3 6 13 16 
student 567: 15 2 18 3 16 4 20 13 12 6 17 7 14 5 11 10 1 8 19 9 
student 568: 16 2 5 3 20 4 19 12 15 9 7 1 11 6 10 18 8 14 17 13 
student 569: 16 4 15 10 20 5 17 2 19 12 6 11 13 3 8 9 1 7 18 14 
student 570: 14 11 13 3 17 1 20 6 9 15 2 5 19 7 12 8 4 16 18 10 
student 571: 19 1 16 7 18 6 11 13 8 10 9 5 2 4 15 12 3 17 20 14 
student 572: 7 2 17 5 18 1 20 16 10 13 9 3 14 8 4 15 6 12 19 11 
student 573: 14 1 18 15 17 3 13 16 6 8 9 2 10 5 7 11 4 12 20 19 
student 574: 13 8 20 4 10 5 17 18 14 2 12 9 15 16 3 7 1 11 19 6 
student 575: 13 7 15 3 19 1 18 12 10 14 11 2 8 4 9 6 5 17 20 16 
student 576: 13 4 18 3 19 1 12 16 5 7 11 6 20 2 10 15 8 17 14 9 
student 577: 17 5 12 10 16 6 19 1 3 13 9 4 14 8 18 2 7 20 15 11 
student 578: 17 15 10 3 18 1 20 16 8 13 6 5 7 4 14 11 2 19 12 9 
student 579: 15 1 8 9 20 4 18 17 10 13 7 6 14 2 3 16 5 11 19 12 
student 580: 18 2 19 1 17 3 20 10 6 7 8 4 15 14 13 11 5 16 12 9 
student 581: 13 11 14 8 16 4 18 15 5 3 7 9 17 2 10 12 1 20 6 19 
student 582: 15 2 19 8 13 5 18 3 6 4 11 7 12 1 10 14 9 20 17 16 
student 583: 19 15 18 5 14 1 20 8 3 13 16 2 17 7 11 9 4 12 10 6 
student 584: 19 1 14 6 8 3 20 18 9 10 12 5 13 2 16 7 4 17 15 11 
student 585: 14 1 17 6 13 2 8 16 12 7 9 10 11 4 5 15 3 20 19 18 
student 586: 18 1 13 5 10 8 19 17 6 11 15 3 4 20 2 12 7 16 14 9 
student 587: 7 1 9 8 20 3 16 18 4 12 2 11 17 10 14 5 6 15 13 19 
student 588: 16 2 18 5 19 6 20 13 10 9 14 7 12 1 4 8 3 17 11 15 
student 589: 11 3 19 2 16 1 17 14 4 7 5 18 9 8 6 10 15 12 20 13 
student 590: 15 3 12 2 16 4 14 11 1 6 5 7 10 8 17 9 13 20 18 19 
student 591: 18 3 15 10 19 1 16 12 6 14 7 8 11 13 9 4 5 17 20 2 
student 592: 20 6 5 4 14 1 18 17 3 9 16 12 15 7 8 10 2 19 11 13 
student 593: 17 2 18 1 20 6 19 15 8 5 11 4 9 7 14 16 3 12 13 10 
student 594: 4 11 14 1 7 3 15 16 9 2 6 8 18 17 12 10 5 19 20 13 
student 595: 11 2 8 1 17 4 18 12 3 7 6 13 16 9 10 15 5 20 14 19 
student 596: 19 2 17 3 12 4 20 9 6 7 14 1 10 8 11 13 5 15 18 16 
student 597: 18 7 19 3 17 4 20 15 5 10 12 2 16 6 8 11 1 9 14 13 
student 598: 17 1 8 6 16 9 19 11 4 7 20 10 12 15 2 5 3 13 18 14 
student 599: 17 3 15 1 18 2 14 11 8 7 5 4 13 6 9 10 16 20 19 12 
student 600: 13 4 19 3 14 1 18 17 12 15 2 6 11 9 10 7 5 8 16 20 
student 601: 14 2 16 5 17 3 15 19 8 11 9 18 7 4 13 6 1 20 12 10 
student 602: 13 1 18 14 12 6 19 11 15 5 16 8 17 2 10 4 3 7 20 9 
student 603: 14 1 15 4 18 2 20 13 6 12 9 3 11 8 10 7 5 16 17 19 
student 604: 19 5 10 2 20 6 17 13 12 4 11 7 14 3 9 8 1 16 15 18 
student 605: 13 2 10 4 18 1 20 17 3 7 9 5 11 6 14 16 8 19 15 12 
student 606: 15 5 13 12 14 1 20 18 6 4 2 10 8 3 11 9 16 19 7 17 
student 607: 20 3 19 15 9 2 18 11 5 6 12 7 13 1 14 8 4 10 17 16 
student 608: 15 4 14 5 19 6 17 16 13 11 1 8 12 7 18 2 3 20 10 9 
student 609: 18 2 12 1 13 6 17 5 16 3 8 9 19 4 14 10 11 20 15 7 
student 610: 14 16 4 3 15 5 20 17 7 8 10 12 9 2 13 6 1 11 19 18 
student 611: 15 5 17 2 18 1 14 19 11 10 4 7 8 3 13 9 6 12 20 16 
student 612: 9 7 13 4 14 1 17 16 2 5 6 10 11 8 15 3 12 20 19 18 
student 613: 17 1 13 2 20 3 18 8 6 10 7 4 15 5 14 11 9 19 16 12 
student 614: 13 3 14 2 17 4 20 11 7 5 8 18 9 16 10 6 1 19 12 15 
student 615: 18 4 9 7 11 1 20 16 15 3 5 13 8 6 12 19 2 17 14 10 
student 616: 14 4 13 2 15 1 19 10 7 18 8 3 9 6 16 12 5 17 20 11 
student 617: 13 2 17 5 18 7 19 8 4 1 14 12 15 10 9 6 3 11 16 20 
student 618: 10 6 13 1 20 2 17 12 14 8 11 7 5 4 16 9 3 15 19 18 
student 619: 9 12 16 2 13 1 17 18 11 8 4 3 7 10 5 14 6 20 19 15 
student 620: 16 6 19 4 18 1 20 10 14 7 15 13 8 11 3 5 2 12 17 9 
student 621: 18 3 12 9 13 2 20 11 5 4 14 1 16 10 7 17 8 6 19 15 
student 622: 9 1 10 5 18 3 14 20 4 2 7 16 12 6 11 13 8 19 15 17 
student 623: 9 2 8 4 13 3 19 15 12 11 16 7 20 5 1 17 6 10 18 14 
student 624: 14 1 17 6 20 3 19 7 18 8 9 16 13 5 11 4 2 15 12 10 
student 625: 17 1 18 2 14 13 6 20 10 7 11 4 5 3 15 12 8 19 16 9 
student 626: 13 1 17 3 18 6 15 14 8 10 12 5 11 4 7 9 2 19 16 20 
student 627: 10 2 7 3 20 1 14 19 9 12 15 6 11 5 13 8 4 18 16 17 
student 628: 15 5 18 1 19 7 20 16 8 11 10 13 14 2 12 4 3 6 17 9 
student 629: 11 1 13 2 20 6 18 19 12 8 14 7 10 15 4 9 3 5 17 16 
student 630: 9 3 15 6 17 4 18 16 8 12 1 7 13 10 2 19 5 20 11 14 
student 631: 14 4 10 11 19 3 16 17 1 5 12 7 20 6 9 8 2 18 15 13 
student 632: 16 4 20 14 6 2 18 10 5 15 12 11 9 1 8 7 3 13 17 19 
student 633: 13 6 16 2 18 3 20 14 8 15 9 11 10 1 4 12 7 19 17 5 
student 634: 18 6 12 2 17 5 16 19 3 7 9 1 13 8 20 11 4 15 10 14 
student 635: 11 2 12 1 16 6 19 20 9 7 15 5 8 3 14 10 4 13 18 17 
student 636: 11 3 9 5 16 2 17 19 8 6 13 14 12 10 7 4 1 20 15 18 
student 637: 8 12 20 2 19 11 18 16 7 9 10 3 13 14 6 5 1 17 15 4 
student 638: 17 3 18 6 16 5 20 14 8 2 10 7 15 4 13 11 1 12 19 9 
student 639: 11 1 16 3 17 2 18 15 7 20 6 5 13 9 4 8 10 19 14 12 
student 640: 20 1 17 9 19 12 5 15 10 6 8 4 3 2 14 13 11 7 16 18 
student 641: 9 1 15 7 17 12 20 19 8 14 10 6 13 4 2 11 5 16 18 3 
student 642: 14 1 12 13 18 2 20 15 5 3 17 8 9 4 10 7 6 16 19 11 
student 643: 13 2 20 1 19 4 18 15 8 7 6 9 10 3 12 11 5 14 17 16 
student 644: 7 1 16 4 19 2 17 15 6 10 8 9 18 3 13 12 5 20 11 14 
student 645: 14 2 15 1 18 6 16 11 12 5 8 7 13 4 10 3 9 17 20 19 
student 646: 17 3 15 6 16 4 20 13 9 10 7 5 14 2 8 11 1 18 19 12 
student 647: 12 2 11 8 16 1 20 10 5 4 13 3 9 14 19 17 6 18 15 7 
student 648: 9 1 7 3 19 2 20 18 10 6 15 16 11 4 8 5 17 14 12 13 
student 649: 19 4 12 5 20 3 15 17 7 1 9 8 10 14 18 6 2 11 16 13 
student 650: 19 4 14 1 17 6 20 12 3 13 9 5 8 7 16 10 2 18 15 11 
student 651: 14 1 5 4 15 3 19 16 7 10 11 2 9 6 13 12 18 17 20 8 
student 652: 15 5 16 4 17 2 19 20 1 7 12 6 9 3 14 8 13 18 11 10 
student 653: 6 1 16 7 14 3 19 13 2 5 9 12 17 4 11 10 15 18 20 8 
student 654: 15 2 20 4 17 1 18 11 6 3 5 12 8 14 10 9 7 19 16 13 
student 655: 11 6 19 3 20 2 14 9 1 13 5 15 8 7 18 12 10 16 17 4 
student 656: 16 2 19 3 17 5 18 20 10 6 4 11 14 7 12 9 1 13 8 15 
student 657: 9 3 13 12 20 2 19 16 1 7 11 5 14 17 8 10 4 6 18 15 
student 658: 11 1 9 6 17 2 18 15 12 5 13 8 19 3 14 10 7 20 16 4 
student 659: 17 1 14 6 15 10 20 18 2 9 8 7 12 3 16 5 4 11 19 13 
student 660: 20 2 14 4 17 3 19 12 9 1 10 7 13 5 11 8 6 18 16 15 
student 661: 6 16 8 10 19 9 20 14 2 11 12 3 5 7 17 4 1 13 15 18 
student 662: 16 1 11 2 14 3 19 10 6 8 15 7 13 5 9 20 4 18 17 12 
student 663: 12 3 13 1 19 7 20 18 11 14 16 17 2 10 4 8 5 6 15 9 
student 664: 13 3 5 4 20 6 19 18 1 11 7 14 9 2 16 12 8 15 17 10 
student 665: 10 5 15 3 19 7 17 9 2 11 20 4 13 1 14 12 6 18 16 8 
student 666: 19 3 15 8 11 4 20 16 5 6 10 9 13 2 12 7 1 17 18 14 
student 667: 18 7 9 2 17 6 15 19 12 10 20 5 13 11 16 8 4 3 14 1 
student 668: 13 1 15 11 19 3 20 5 10 4 9 8 6 2 12 17 7 18 14 16 
student 669: 11 6 15 3 20 4 16 13 7 19 9 5 10 2 17 12 1 18 14 8 
student 670: 10 6 17 12 19 1 18 13 2 8 11 5 20 3 7 16 4 15 14 9 
student 671: 15 7 9 5 14 2 20 19 1 4 3 13 8 6 18 11 16 17 12 10 
student 672: 12 3 13 2 18 1 19 17 9 10 14 6 11 4 8 7 5 15 20 16 
student 673: 16 2 13 3 15 4 20 19 1 9 17 12 11 5 8 7 10 14 18 6 
student 674: 19 3 20 2 17 1 13 8 4 6 15 10 5 11 14 7 9 18 16 12 
student 675: 14 5 20 6 19 3 15 16 4 8 10 2 12 7 13 1 9 17 18 11 
student 676: 2 8 10 1 20 5 18 11 6 9 14 16 3 4 15 12 7 17 13 19 
student 677: 17 5 13 1 19 3 20 10 2 14 9 7 15 11 8 18 4 12 16 6 
student 678: 17 4 10 7 15 2 19 6 8 3 5 9 20 11 12 13 1 16 18 14 
student 679: 16 1 17 10 18 2 13 12 11 15 8 5 9 4 19 6 3 20 14 7 
student 680: 16 6 17 8 19 3 13 7 10 9 14 2 4 11 15 5 1 20 12 18 
student 681: 6 4 15 1 9 3 19 20 5 10 13 8 11 2 18 14 7 17 12 16 
student 682: 10 1 14 2 18 3 20 11 6 8 13 9 16 5 4 15 7 19 12 17 
student 683: 18 4 19 5 15 6 20 13 1 9 11 12 3 2 17 8 7 14 10 16 
student 684: 8 6 17 10 20 5 13 19 1 15 14 3 4 2 16 7 11 18 12 9 
student 685: 12 2 14 4 20 1 19 18 7 11 5 9 13 3 8 15 6 17 16 10 
student 686: 13 2 15 1 14 6 18 19 10 11 4 9 20 3 12 8 5 17 16 7 
student 687: 20 2 8 17 16 9 13 11 3 12 4 1 18 10 14 5 6 15 19 7 
student 688: 16 11 3 1 15 2 20 7 8 9 19 10 4 5 13 12 6 14 18 17 
student 689: 15 2 10 5 20 3 19 14 13 1 6 12 9 7 8 18 4 16 17 11 
student 690: 4 1 16 2 10 5 20 13 7 8 6 9 14 15 17 11 3 12 18 19 
student 691: 7 4 16 3 20 5 13 6 11 10 2 14 19 8 15 9 1 17 18 12 
student 692: 19 11 7 4 17 13 14 3 1 5 12 6 2 9 15 10 8 18 20 16 
student 693: 18 13 6 1 19 3 20 8 5 9 16 7 12 4 11 10 2 17 15 14 
student 694: 18 2 14 9 19 3 16 12 11 1 17 4 8 5 6 13 10 15 20 7 
student 695: 14 2 17 8 10 11 20 15 1 4 18 13 9 5 12 7 3 19 16 6 
student 696: 20 4 15 9 18 6 19 16 2 3 14 5 8 17 12 7 1 10 13 11 
student 697: 15 1 9 7 17 4 20 19 11 12 3 8 6 2 14 18 5 16 13 10 
student 698: 12 3 20 1 6 4 19 14 9 17 7 5 13 2 18 10 11 16 15 8 
student 699: 16 3 17 4 18 10 15 19 1 2 11 14 9 5 12 6 8 13 7 20 
student 700: 12 1 15 2 8 5 18 20 3 14 16 10 9 7 4 11 6 17 13 19 
student 701: 8 7 15 1 18 2 17 16 11 4 14 13 12 3 19 6 5 20 9 10 
student 702: 16 4 17 7 13 5 15 18 8 3 9 11 2 6 10 12 1 20 19 14 
student 703: 14 3 11 2 17 1 19 13 6 18 5 7 10 4 20 9 16 15 12 8 
student 704: 12 8 18 11 19 1 20 17 5 9 6 2 14 3 13 10 4 7 16 15 
student 705: 5 1 15 3 11 12 17 18 20 6 13 10 2 7 14 4 8 16 9 19 
student 706: 12 4 15 6 19 8 20 18 3 10 13 17 9 5 2 14 11 16 1 7 
student 707: 14 2 20 6 19 5 10 16 3 8 12 11 9 7 13 1 4 15 18 17 
student 708: 18 3 16 7 20 2 19 14 1 9 12 13 15 5 8 6 4 10 17 11 
student 709: 15 8 16 3 17 2 19 5 7 6 14 13 12 11 9 4 1 18 20 10 
student 710: 11 5 12 7 18 4 20 19 14 15 2 9 10 3 8 17 1 6 16 13 
student 711: 10 4 14 7 12 1 20 9 18 2 17 15 13 6 3 5 11 16 19 8 
student 712: 14 5 16 1 12 19 17 11 8 15 3 4 7 6 9 10 2 20 18 13 
student 713: 7 8 20 4 18 3 16 17 6 2 11 10 14 9 15 13 1 12 19 5 
student 714: 11 17 14 4 13 6 20 12 8 16 15 1 10 7 2 9 3 18 19 5 
student 715: 12 2 17 3 6 1 14 20 8 5 11 7 18 10 13 9 4 15 19 16 
student 716: 9 6 16 7 20 5 14 12 17 10 1 2 11 3 4 13 8 18 19 15 
student 717: 14 4 19 3 15 1 20 8 9 7 12 6 11 2 10 17 5 16 18 13 
student 718: 5 6 20 2 3 4 19 14 8 9 10 1 17 7 12 11 15 18 16 13 
student 719: 15 14 11 4 20 6 18 13 1 3 16 2 12 9 10 5 8 19 17 7 
student 720: 12 10 14 5 20 1 18 16 2 8 11 9 17 4 13 6 7 15 19 3 
student 721: 4 5 14 8 19 3 17 16 1 2 7 11 10 6 9 12 15 20 18 13 
student 722: 20 2 12 3 19 1 15 18 7 4 6 11 14 8 10 13 5 17 16 9 
student 723: 19 5 7 12 18 1 3 14 8 13 9 4 15 6 11 2 10 17 20 16 
student 724: 13 1 16 2 18 7 19 15 9 4 12 5 8 6 11 10 3 17 20 14 
student 725: 11 5 20 3 12 4 19 17 8 10 1 7 16 6 9 15 13 2 18 14 
student 726: 15 1 17 5 11 4 20 16 12 14 3 8 10 6 13 7 2 19 18 9 
student 727: 5 3 19 2 18 11 20 12 4 8 13 1 14 7 9 10 6 16 17 15 
student 728: 13 1 11 5 7 3 19 17 2 9 12 4 14 8 18 6 10 20 15 16 
student 729: 16 1 19 5 18 2 17 14 4 8 10 6 9 7 15 3 12 11 13 20 
student 730: 16 2 13 7 20 1 17 19 10 3 9 6 12 4 15 11 5 14 18 8 
student 731: 10 5 17 7 20 2 19 8 3 12 13 4 18 9 11 1 6 16 14 15 
student 732: 16 10 17 14 20 1 19 9 7 6 4 11 8 3 12 5 2 15 18 13 
student 733: 20 4 9 1 18 6 17 13 3 5 11 2 12 8 14 10 7 19 16 15 
student 734: 17 2 6 3 18 10 19 14 11 5 16 1 13 7 12 9 4 20 15 8 
student 735: 11 1 18 2 20 5 19 12 10 6 13 4 14 7 8 15 3 16 17 9 
student 736: 17 1 9 4 18 7 13 3 10 14 12 2 16 8 11 15 5 19 20 6 
student 737: 16 3 8 2 18 1 17 10 12 20 14 4 9 5 11 6 7 13 19 15 
student 738: 7 5 11 3 19 2 20 16 8 12 1 9 10 4 15 13 6 14 17 18 
student 739: 8 2 13 10 20 1 19 14 6 7 12 3 16 4 5 11 9 18 17 15 
student 740: 9 4 2 10 20 6 16 19 11 13 12 14 5 1 7 8 3 15 17 18 
student 741: 8 2 15 5 19 7 4 16 14 3 12 13 20 9 1 6 10 18 17 11 
student 742: 17 2 18 16 19 1 20 11 9 8 10 4 12 5 14 13 3 6 15 7 
student 743: 9 6 19 1 20 3 16 10 5 2 17 8 12 4 14 11 7 18 15 13 
student 744: 6 1 17 3 16 2 18 15 7 12 10 4 14 8 13 9 5 11 20 19 
student 745: 15 3 9 13 20 1 18 10 6 5 4 7 12 2 16 11 8 17 14 19 
student 746: 14 6 18 3 17 2 19 9 12 15 11 4 13 1 10 8 7 16 20 5 
student 747: 16 1 6 7 19 8 17 18 5 4 9 11 13 15 2 14 3 10 20 12 
student 748: 12 6 19 2 18 1 20 13 5 7 11 4 9 10 8 14 3 17 16 15 
student 749: 10 1 17 3 19 4 20 16 5 9 11 2 13 8 7 14 6 18 12 15 
student 750: 14 5 16 3 15 7 20 17 2 12 1 11 10 8 9 6 4 19 18 13 
student 751: 13 2 16 3 14 7 19 15 11 9 17 4 5 1 12 6 10 8 20 18 
student 752: 19 1 13 7 20 2 17 11 12 6 8 16 9 5 14 4 3 15 10 18 
student 753: 5 1 19 2 20 3 18 17 12 13 10 11 8 7 6 15 4 16 9 14 
student 754: 18 2 13 5 11 1 20 12 3 4 17 7 6 8 9 10 16 14 19 15 
student 755: 14 2 12 13 16 7 17 19 4 5 18 3 6 10 9 11 1 20 15 8 
student 756: 17 2 13 4 10 1 19 18 6 8 12 14 9 7 11 3 5 20 16 15 
student 757: 12 1 8 13 15 5 16 14 2 3 18 9 11 4 10 6 7 19 20 17 
student 758: 19 11 14 1 20 17 12 15 4 3 10 7 5 6 9 8 2 16 18 13 
student 759: 14 5 17 2 20 7 19 4 12 10 13 8 11 1 9 6 3 16 18 15 
student 760: 14 2 17 6 18 3 19 8 13 11 15 9 10 4 5 7 1 20 12 16 
student 761: 11 2 14 5 12 3 20 15 8 10 18 1 13 6 9 4 7 17 19 16 
student 762: 13 1 18 15 19 3 17 20 2 4 14 12 16 6 9 7 5 10 11 8 
student 763: 9 5 15 6 11 1 4 10 14 19 18 20 17 3 2 8 7 16 13 12 
student 764: 15 2 9 1 19 8 20 12 13 4 7 16 14 6 10 11 3 17 18 5 
student 765: 16 1 19 6 15 14 18 17 10 9 12 3 4 2 5 20 8 7 11 13 
student 766: 14 3 8 4 19 9 18 12 11 2 6 10 7 5 13 17 1 16 20 15 
student 767: 13 1 4 9 19 8 18 16 6 12 7 3 11 2 14 5 10 15 20 17 
student 768: 11 2 17 5 16 20 19 14 8 1 12 13 15 4 9 6 3 18 10 7 
student 769: 12 5 20 8 16 1 14 18 6 3 2 13 9 7 4 11 15 19 17 10 
student 770: 19 3 14 2 20 7 13 8 1 6 12 9 15 5 11 10 4 16 17 18 
student 771: 3 4 15 9 12 13 20 14 11 5 1 7 16 2 10 17 6 8 19 18 
student 772: 16 2 11 4 14 3 17 20 5 6 9 19 7 1 8 13 10 12 18 15 
student 773: 8 1 14 6 17 4 20 19 2 16 5 9 10 11 12 7 3 15 18 13 
student 774: 15 11 16 2 19 9 20 14 3 12 7 6 8 5 10 4 1 18 17 13 
student 775: 9 2 15 8 14 5 20 12 6 7 13 4 16 3 19 10 1 17 18 11 
student 776: 19 4 13 10 18 1 16 17 12 7 3 2 15 9 11 5 6 20 8 14 
student 777: 15 2 8 7 18 4 19 17 10 13 12 6 9 1 5 11 3 20 16 14 
student 778: 15 4 16 1 20 2 19 13 11 7 12 3 6 5 8 14 10 9 17 18 
student 779: 14 1 15 6 20 3 18 13 4 8 16 7 10 5 9 11 2 19 12 17 
student 780: 10 1 5 3 20 2 19 8 12 6 15 7 13 18 9 14 4 11 17 16 
student 781: 10 2 20 5 18 3 19 12 7 17 9 4 13 6 11 1 8 16 15 14 
student 782: 15 4 3 6 18 5 19 20 1 7 11 8 12 9 14 10 2 17 13 16 
student 783: 7 1 14 4 13 5 19 12 2 9 18 8 11 3 20 10 6 15 17 16 
student 784: 16 2 15 5 12 1 20 8 9 3 19 11 17 7 10 4 6 18 14 13 
student 785: 6 7 5 2 18 1 17 20 4 3 16 11 10 19 13 8 9 12 14 15 
student 786: 17 1 13 7 19 2 14 9 11 5 4 12 6 15 20 8 3 10 18 16 
student 787: 8 15 9 2 20 10 19 18 5 12 3 6 11 4 14 7 1 16 17 13 
student 788: 12 3 19 4 17 1 20 16 7 15 8 2 13 10 5 9 6 18 11 14 
student 789: 10 6 16 2 20 1 17 18 8 12 13 3 15 5 7 11 4 19 14 9 
student 790: 7 5 12 4 16 11 18 10 2 6 17 9 15 1 20 14 3 19 13 8 
student 791: 14 4 18 1 9 5 20 6 15 8 7 10 16 3 13 12 2 17 19 11 
student 792: 13 1 16 8 20 11 17 18 12 6 2 4 5 9 10 7 3 19 15 14 
student 793: 9 3 14 2 19 4 20 18 10 11 1 6 15 5 13 7 12 17 16 8 
student 794: 14 1 20 2 15 3 7 13 9 12 10 8 6 4 11 19 5 16 18 17 
student 795: 10 1 16 3 20 2 17 7 19 4 11 9 8 5 14 12 6 15 18 13 
student 796: 16 3 20 2 11 9 18 17 6 10 8 5 14 1 12 7 4 19 13 15 
student 797: 18 8 14 12 20 2 19 6 1 3 15 5 10 7 9 13 4 17 11 16 
student 798: 13 1 14 4 20 6 16 17 9 12 8 7 11 5 15 2 3 18 19 10 
student 799: 7 6 15 5 14 8 17 19 12 10 2 1 13 4 11 9 3 18 20 16 
