student 0: 6 2 14 10 7 13 18 16 5 20 11 3 1 8 15 9 12 19 4 17 
student 1: 4 10 7 5 19 20 18 17 12 13 11 3 2 16 6 1 8 9 15 14 
student 2: 13 7 16 4 9 19 14 12 3 17 11 8 1 20 2 6 18 15 5 10 
student 3: 5 3 19 1 15 9 20 2 11 18 13 12 4 17 8 10 16 14 7 6 
student 4: 13 9 19 1 18 14 16 5 10 15 17 4 7 8 2 3 6 20 12 11 
student 5: 8 4 20 2 14 17 10 1 5 18 13 7 9 16 3 6 15 19 11 12 
student 6: 10 17 14 6 11 16 20 15 2 19 12 9 8 18 1 3 7 13 4 5 
student 7: 9 8 19 6 18 17 10 14 4 20 13 7 3 15 1 2 11 16 12 5 
student 8: 6 1 18 10 15 20 19 5 13 16 11 7 8 12 2 4 9 14 3 17 
student 9: 16 6 13 4 19 12 18 2 9 17 14 5 1 11 3 7 15 20 8 10 
student 10: 6 8 18 7 15 20 16 10 9 19 5 12 4 14 1 2 11 17 3 13 
student 11: 10 12 8 1 16 18 13 2 11 19 15 14 6 20 4 7 3 5 9 17 
student 12: 16 4 19 1 15 18 14 11 13 20 5 10 17 12 8 3 9 2 6 7 
student 13: 17 16 18 12 4 9 20 11 10 19 7 5 2 13 1 3 14 15 6 8 
student 14: 8 12 16 20 17 9 13 7 10 19 2 6 3 14 5 1 11 18 4 15 
student 15: 9 13 19 1 12 17 14 8 2 20 10 7 5 18 6 4 16 15 3 11 
student 16: 16 3 17 4 14 10 7 6 15 18 13 9 2 19 1 5 20 11 8 12 
student 17: 7 14 18 4 11 10 19 6 16 13 9 8 3 20 1 12 15 17 2 5 
student 18: 10 5 17 1 19 15 16 7 11 14 8 13 3 20 2 6 18 9 4 12 
student 19: 6 18 12 9 8 17 20 14 4 19 2 15 5 16 1 7 13 10 3 11 
student 20: 11 8 20 3 12 14 15 17 9 19 4 5 2 16 7 6 13 18 1 10 
student 21: 16 7 5 6 18 12 13 8 2 19 17 15 3 9 1 14 10 11 4 20 
student 22: 19 10 16 5 13 17 20 1 12 18 11 8 3 14 4 6 15 7 2 9 
student 23: 10 1 20 4 11 17 16 2 9 3 14 12 5 18 6 7 15 19 8 13 
student 24: 3 13 18 8 20 16 10 5 12 17 7 9 1 14 2 6 19 11 4 15 
student 25: 5 10 17 6 16 9 19 12 11 15 3 7 18 20 4 1 8 14 2 13 
student 26: 11 3 19 2 9 15 20 4 8 16 18 5 1 13 6 10 14 17 7 12 
student 27: 8 10 15 3 20 17 18 7 13 14 19 12 6 16 2 1 11 4 5 9 
student 28: 7 10 19 5 15 11 16 8 13 20 6 4 1 18 3 2 17 12 9 14 
student 29: 1 7 11 8 14 17 19 9 4 16 18 12 3 20 2 5 13 15 6 10 
student 30: 3 5 11 8 13 16 20 7 6 9 18 12 1 19 10 4 14 15 2 17 
student 31: 8 3 19 5 18 17 11 10 13 20 6 14 2 9 7 4 15 16 1 12 
student 32: 6 5 20 13 15 17 19 11 8 10 18 12 4 16 2 7 9 1 14 3 
student 33: 4 8 13 6 16 14 18 17 10 20 11 19 2 15 3 7 9 12 1 5 
student 34: 6 3 13 2 16 18 20 8 10 15 9 7 12 14 1 5 11 17 4 19 
student 35: 1 8 14 10 15 17 18 7 20 19 9 2 5 16 11 4 12 6 13 3 
student 36: 7 8 16 1 15 9 20 4 12 19 10 5 3 17 11 2 6 18 13 14 
student 37: 4 9 14 3 7 17 20 10 12 16 13 11 1 18 5 2 15 19 8 6 
student 38: 7 4 19 9 16 20 12 5 13 14 11 15 6 8 3 1 10 18 2 17 
student 39: 2 6 20 8 16 12 19 7 14 17 15 9 4 13 1 11 18 10 5 3 
student 40: 9 6 20 4 11 15 16 14 10 19 13 7 1 17 8 2 5 18 12 3 
student 41: 8 15 17 2 20 16 19 5 10 14 12 7 1 18 3 6 13 9 4 11 
student 42: 4 3 19 6 14 12 18 20 10 11 8 17 2 16 7 1 9 13 5 15 
student 43: 4 14 13 5 11 19 15 7 12 10 18 9 2 20 8 16 1 6 3 17 
student 44: 7 8 9 2 13 16 20 18 1 15 5 4 6 14 12 11 17 19 3 10 
student 45: 10 8 20 6 14 15 17 2 18 19 4 11 5 13 1 9 7 12 3 16 
student 46: 4 5 18 9 14 15 20 8 7 16 3 12 6 11 1 10 17 19 2 13 
student 47: 1 13 4 7 17 15 20 8 11 18 5 10 6 16 2 9 14 19 12 3 
student 48: 11 6 18 12 19 17 10 8 15 20 7 4 3 13 1 5 9 16 2 14 
student 49: 7 8 18 12 11 19 15 4 6 16 17 14 1 13 2 5 9 20 3 10 
student 50: 8 6 14 3 15 17 18 7 13 20 12 9 2 10 4 5 19 11 1 16 
student 51: 5 8 16 15 12 18 20 11 7 13 14 2 3 19 1 4 10 17 6 9 
student 52: 8 6 20 1 17 13 15 4 7 19 9 3 2 14 10 18 16 12 5 11 
student 53: 6 4 13 7 17 19 20 5 8 15 9 3 1 14 2 10 16 18 12 11 
student 54: 10 7 20 4 12 18 15 9 14 19 13 2 3 11 5 1 8 16 6 17 
student 55: 3 12 13 7 16 15 19 17 8 18 11 6 1 20 5 2 10 14 4 9 
student 56: 9 7 17 10 15 18 20 8 2 19 11 14 4 16 1 5 12 13 3 6 
student 57: 12 9 20 4 17 15 13 10 16 19 11 2 3 18 8 1 7 5 14 6 
student 58: 20 5 19 7 11 10 16 4 8 17 14 12 1 18 2 9 15 13 3 6 
student 59: 10 7 18 3 13 15 19 16 11 20 5 6 8 14 1 2 17 12 4 9 
student 60: 11 2 16 1 13 9 20 5 4 8 10 14 3 18 6 17 15 19 7 12 
student 61: 8 6 20 2 13 10 19 7 11 16 12 9 1 17 4 3 14 18 5 15 
student 62: 8 6 14 2 20 13 17 11 10 19 16 12 9 18 3 5 1 15 4 7 
student 63: 15 1 20 2 16 18 17 7 9 19 5 10 4 12 3 6 11 14 8 13 
student 64: 9 5 14 2 18 20 8 12 16 17 13 6 1 19 4 15 7 11 3 10 
student 65: 8 3 9 13 20 15 17 4 14 18 16 5 1 2 6 7 12 19 11 10 
student 66: 11 6 9 8 19 18 15 7 13 17 12 10 2 14 4 5 16 20 1 3 
student 67: 4 14 19 1 17 3 16 8 10 20 12 9 5 18 2 6 7 13 11 15 
student 68: 6 4 14 7 13 16 19 15 3 17 10 9 5 11 2 1 20 18 8 12 
student 69: 11 7 20 3 12 18 15 8 14 16 17 5 2 13 1 4 10 19 9 6 
student 70: 9 5 17 2 12 19 14 7 20 18 10 11 4 16 1 6 15 8 3 13 
student 71: 4 2 16 5 10 17 18 12 11 20 15 8 3 14 1 6 7 19 9 13 
student 72: 12 4 16 3 18 15 17 10 9 20 19 7 6 14 5 2 13 8 1 11 
student 73: 8 1 20 6 15 16 17 7 5 19 9 12 2 18 4 11 14 10 3 13 
student 74: 6 10 20 4 9 18 13 16 3 15 8 12 2 17 5 1 11 19 7 14 
student 75: 6 11 19 1 16 14 12 3 9 20 4 8 5 10 2 13 15 18 7 17 
student 76: 16 6 15 5 13 17 20 10 14 18 4 8 1 12 3 7 9 11 2 19 
student 77: 12 7 18 2 13 17 19 8 10 20 5 15 3 16 1 6 11 14 9 4 
student 78: 17 4 12 2 14 20 18 3 7 19 6 8 11 15 1 5 10 9 13 16 
student 79: 12 8 17 3 15 11 19 9 7 20 14 6 1 18 5 13 16 4 2 10 
student 80: 8 1 18 6 15 17 19 2 7 20 13 11 10 16 4 3 5 12 14 9 
student 81: 11 6 19 1 13 17 18 15 9 20 12 5 4 14 2 7 10 8 3 16 
student 82: 13 10 18 7 9 17 16 15 14 19 6 11 3 20 4 5 8 2 12 1 
student 83: 6 2 15 3 18 17 19 11 10 20 8 14 1 12 4 5 13 7 9 16 
student 84: 10 4 13 9 19 8 6 11 5 18 14 1 3 20 2 7 17 15 16 12 
student 85: 12 5 14 4 13 19 17 7 9 20 18 11 3 10 6 1 8 15 2 16 
student 86: 5 2 13 12 14 15 17 8 9 19 18 6 1 16 3 7 10 20 4 11 
student 87: 10 4 20 17 12 13 8 14 15 9 6 5 3 18 1 2 16 19 7 11 
student 88: 6 7 20 3 9 15 10 11 17 18 13 12 1 14 2 4 5 16 19 8 
student 89: 9 14 17 3 7 18 15 2 6 20 12 11 5 13 1 4 19 16 10 8 
student 90: 12 8 15 5 14 16 7 10 3 19 11 9 2 18 1 6 13 20 4 17 
student 91: 7 14 16 5 13 19 10 11 2 20 15 12 1 17 4 8 9 18 3 6 
student 92: 6 18 15 5 13 20 16 10 12 17 7 4 2 19 3 8 11 14 1 9 
student 93: 6 4 19 10 16 17 20 12 9 11 7 13 5 15 2 1 8 18 3 14 
student 94: 2 6 15 7 13 19 20 3 4 16 12 10 1 18 8 9 11 17 5 14 
student 95: 8 2 15 1 12 18 19 7 9 20 14 3 5 13 10 6 17 16 4 11 
student 96: 7 8 15 4 17 16 20 10 12 19 2 13 3 11 1 9 6 14 5 18 
student 97: 9 10 18 6 13 19 20 4 11 8 12 5 7 16 3 1 14 15 2 17 
student 98: 3 9 18 5 17 16 20 13 10 19 6 12 7 8 4 1 15 14 2 11 
student 99: 12 4 19 6 10 20 17 5 18 16 14 15 2 8 9 3 13 11 1 7 
student 100: 6 5 18 3 13 17 14 12 15 11 10 9 1 19 7 2 8 16 4 20 
student 101: 15 13 20 8 14 4 6 11 12 17 16 5 2 19 3 1 10 18 9 7 
student 102: 4 9 19 2 13 17 18 8 6 20 11 7 10 15 1 5 12 16 3 14 
student 103: 9 2 12 3 16 19 20 5 6 14 10 11 13 18 4 1 15 17 7 8 
student 104: 5 3 19 13 17 7 12 1 14 15 10 9 2 6 4 8 11 20 18 16 
student 105: 7 6 15 1 10 16 20 3 11 17 12 9 18 19 8 4 5 13 2 14 
student 106: 20 7 18 1 4 17 14 10 6 19 11 5 8 15 3 9 16 13 2 12 
student 107: 3 20 13 5 19 18 15 8 11 14 12 7 4 17 1 6 10 9 2 16 
student 108: 11 10 9 3 19 20 16 4 1 14 15 7 2 17 5 6 18 13 8 12 
student 109: 10 7 14 3 19 17 12 9 16 18 8 4 1 13 2 5 15 20 6 11 
student 110: 9 11 16 2 6 18 17 10 7 19 20 14 3 8 1 13 5 12 4 15 
student 111: 13 14 19 1 11 18 16 7 9 20 12 6 4 15 2 5 3 17 8 10 
student 112: 9 3 7 5 16 14 15 6 10 18 17 11 13 20 1 4 12 19 2 8 
student 113: 15 3 20 2 11 13 19 10 8 6 14 7 1 17 4 5 16 18 12 9 
student 114: 8 10 14 1 12 16 20 6 11 19 9 7 3 17 2 4 18 15 5 13 
student 115: 1 5 17 13 10 19 11 8 18 20 9 7 2 14 3 4 16 15 6 12 
student 116: 7 3 16 10 14 19 17 5 11 18 15 12 1 8 4 9 13 20 2 6 
student 117: 4 8 11 5 15 20 9 6 10 12 7 14 1 16 13 2 17 18 3 19 
student 118: 7 4 11 5 16 13 14 2 17 20 18 6 9 12 1 3 10 19 15 8 
student 119: 12 13 19 7 6 20 15 8 14 17 18 1 2 16 5 4 11 3 9 10 
student 120: 11 1 18 9 19 17 20 10 8 16 7 13 2 12 3 5 14 15 6 4 
student 121: 9 11 14 12 6 8 18 4 5 17 19 15 10 16 7 1 13 20 3 2 
student 122: 10 8 17 5 14 16 19 15 11 18 20 9 3 12 6 4 2 13 7 1 
student 123: 8 1 20 5 2 15 18 7 13 19 16 10 6 14 9 4 17 12 3 11 
student 124: 12 8 18 1 14 17 16 5 10 20 13 2 4 19 3 6 11 9 7 15 
student 125: 16 2 14 9 13 17 19 7 11 15 18 8 6 4 5 3 10 20 1 12 
student 126: 11 9 15 6 14 8 18 3 10 20 19 12 4 13 1 2 7 17 5 16 
student 127: 4 10 19 2 15 12 17 3 11 20 16 9 14 8 7 1 13 18 5 6 
student 128: 3 11 18 4 9 16 19 13 5 20 6 14 7 15 1 10 17 12 2 8 
student 129: 4 5 13 7 17 14 19 18 8 15 16 10 1 20 3 2 12 9 11 6 
student 130: 10 6 16 1 14 13 20 7 19 17 5 11 2 18 3 4 9 12 8 15 
student 131: 16 6 18 3 12 15 17 13 14 19 10 7 4 9 1 2 5 20 11 8 
student 132: 5 16 17 1 6 12 20 4 19 7 15 8 9 14 2 13 10 18 11 3 
student 133: 11 4 2 8 13 19 17 5 6 18 10 9 3 15 1 7 20 16 12 14 
student 134: 9 5 17 4 20 13 19 6 18 16 15 11 3 14 1 2 7 8 10 12 
student 135: 11 7 16 6 18 14 20 1 10 17 19 12 9 13 4 5 3 15 2 8 
student 136: 3 2 19 1 15 13 20 6 9 16 10 8 5 18 4 7 17 11 14 12 
student 137: 13 5 19 4 8 14 20 11 9 16 1 2 6 15 3 10 17 12 7 18 
student 138: 8 7 20 5 10 18 14 4 13 17 11 9 15 19 1 3 6 12 2 16 
student 139: 2 7 20 8 12 13 16 4 6 19 18 14 10 9 5 3 15 17 11 1 
student 140: 8 2 19 5 13 20 17 6 4 18 15 11 14 10 1 3 9 16 7 12 
student 141: 3 2 17 5 20 15 13 10 7 19 11 9 4 16 1 6 8 18 12 14 
student 142: 9 7 20 6 15 18 16 4 13 19 12 8 2 10 3 1 14 17 5 11 
student 143: 14 1 17 4 11 18 20 6 8 19 9 7 3 12 2 5 16 13 15 10 
student 144: 4 5 17 8 7 20 18 10 15 11 1 19 2 16 6 12 13 9 3 14 
student 145: 20 7 10 4 3 17 18 6 14 9 12 15 2 11 1 5 16 19 8 13 
student 146: 4 5 15 8 16 13 19 11 7 20 12 10 6 18 2 1 9 17 3 14 
student 147: 10 8 14 1 11 18 17 6 4 19 5 13 7 15 2 16 12 20 9 3 
student 148: 4 9 11 6 17 19 18 5 13 20 3 12 8 15 2 16 10 14 1 7 
student 149: 1 8 17 4 15 16 14 6 7 20 13 9 2 18 3 5 12 19 10 11 
student 150: 2 5 18 1 20 15 13 11 9 16 17 12 4 19 3 14 8 10 7 6 
student 151: 5 6 18 19 9 12 13 8 7 20 16 10 3 14 2 1 15 11 4 17 
student 152: 2 9 11 4 15 17 16 1 18 20 19 7 6 13 3 5 12 14 8 10 
student 153: 7 1 20 4 8 18 15 10 12 17 16 11 5 19 2 9 14 13 3 6 
student 154: 5 6 18 9 16 13 20 1 12 19 7 8 10 17 3 4 11 15 2 14 
student 155: 18 9 17 5 15 7 19 16 10 20 12 6 3 11 1 4 13 14 8 2 
student 156: 7 6 18 4 19 16 11 12 13 20 8 14 2 10 3 1 17 5 9 15 
student 157: 6 14 19 2 10 12 20 5 4 17 16 7 1 13 3 11 18 8 9 15 
student 158: 12 3 13 1 17 18 16 11 14 20 6 10 2 8 7 5 15 9 4 19 
student 159: 9 1 20 10 13 16 17 6 8 18 11 7 2 14 4 3 12 19 5 15 
student 160: 3 13 14 7 12 15 19 9 20 18 6 5 1 11 2 4 10 16 8 17 
student 161: 13 12 14 4 5 8 18 19 6 20 7 2 10 16 1 9 15 11 17 3 
student 162: 6 5 15 1 12 20 14 9 7 19 16 17 2 18 8 10 4 13 11 3 
student 163: 2 5 17 1 18 19 9 10 11 15 16 8 6 13 14 7 3 20 4 12 
student 164: 14 6 19 5 16 17 20 8 3 18 10 1 4 12 2 13 11 15 7 9 
student 165: 7 12 13 9 11 14 20 3 5 19 6 8 4 18 2 10 16 17 1 15 
student 166: 6 2 18 3 16 19 15 1 11 20 17 10 9 12 5 13 14 8 4 7 
student 167: 7 5 16 4 14 15 20 9 11 19 10 17 1 8 3 2 18 12 6 13 
student 168: 5 9 15 18 7 20 19 14 2 16 10 11 1 8 6 3 13 17 4 12 
student 169: 8 6 18 1 15 16 20 9 7 14 13 2 3 12 5 4 17 19 10 11 
student 170: 6 8 19 2 18 9 20 5 11 15 12 7 3 14 1 4 13 16 10 17 
student 171: 6 13 16 2 8 20 18 5 11 19 14 17 12 15 3 4 7 10 1 9 
student 172: 12 10 20 3 11 18 15 7 5 17 16 2 1 14 8 9 13 19 4 6 
student 173: 14 8 16 13 20 11 19 4 7 12 17 3 2 18 5 6 10 9 1 15 
student 174: 5 4 19 7 13 18 20 2 6 16 9 11 1 17 8 3 15 12 10 14 
student 175: 14 4 17 1 10 16 20 8 5 18 13 9 7 19 6 3 12 15 2 11 
student 176: 3 7 12 6 20 17 18 16 13 19 4 9 8 11 2 5 10 15 1 14 
student 177: 2 6 18 10 8 13 16 12 14 19 15 7 4 17 3 5 20 11 1 9 
student 178: 9 4 19 1 14 15 13 6 7 16 12 10 5 17 2 8 11 20 3 18 
student 179: 11 5 3 2 17 19 16 13 10 20 15 14 9 18 1 4 12 7 6 8 
student 180: 3 13 18 7 16 12 20 10 6 15 8 11 2 19 1 4 9 17 5 14 
student 181: 13 4 19 2 17 15 18 8 14 11 16 10 3 5 1 6 12 20 7 9 
student 182: 5 4 17 7 13 14 9 3 8 15 18 19 10 12 1 6 16 20 2 11 
student 183: 9 6 12 8 16 20 10 7 3 15 19 14 2 17 11 1 13 4 5 18 
student 184: 3 9 18 6 17 16 14 11 13 19 7 10 5 12 4 1 20 8 2 15 
student 185: 17 12 16 4 14 13 9 6 7 19 8 18 2 20 1 3 10 15 5 11 
student 186: 6 4 7 13 17 18 11 14 1 20 16 8 9 10 2 5 12 19 3 15 
student 187: 8 3 16 1 20 15 19 11 7 17 12 6 2 13 4 9 18 14 5 10 
student 188: 10 5 18 9 13 19 17 4 7 20 3 6 12 14 1 8 15 11 2 16 
student 189: 12 10 6 1 20 16 15 8 7 18 13 5 2 9 3 11 19 17 4 14 
student 190: 10 3 15 7 17 18 20 9 11 8 16 1 5 12 4 2 14 19 6 13 
student 191: 2 13 12 4 17 18 15 3 7 20 6 11 8 10 5 9 16 14 1 19 
student 192: 6 5 13 4 11 16 19 12 7 18 17 8 1 10 2 3 14 20 9 15 
student 193: 8 4 16 12 17 15 18 3 14 20 2 10 5 9 7 11 6 13 1 19 
student 194: 6 1 17 10 12 13 16 7 8 20 18 4 11 19 5 2 9 3 15 14 
student 195: 6 5 18 17 12 16 15 8 9 20 13 7 2 14 1 4 10 19 3 11 
student 196: 5 6 18 4 15 12 17 7 8 20 9 3 16 19 1 11 14 13 2 10 
student 197: 9 1 12 4 14 19 16 5 7 20 13 10 2 18 3 6 15 17 8 11 
student 198: 10 7 20 2 9 16 18 5 8 19 14 11 13 15 1 4 17 3 6 12 
student 199: 7 10 18 5 14 12 15 8 20 17 16 6 1 19 2 3 9 13 4 11 
student 200: 8 3 17 2 18 9 14 10 7 19 15 16 5 11 1 4 20 13 6 12 
student 201: 6 4 19 3 18 16 17 8 5 15 12 7 14 13 9 2 10 20 1 11 
student 202: 6 17 8 3 15 18 20 9 7 19 14 10 1 13 2 12 11 16 4 5 
student 203: 3 10 17 5 9 20 12 2 11 16 15 14 7 13 1 6 18 19 4 8 
student 204: 11 6 13 10 20 12 15 8 17 19 14 2 1 18 9 3 16 7 4 5 
student 205: 6 7 18 1 17 19 10 5 14 20 13 8 3 16 9 4 11 12 2 15 
student 206: 10 14 19 5 13 17 16 6 12 20 11 9 3 15 4 1 18 7 8 2 
student 207: 5 6 20 13 18 19 12 10 11 16 4 8 1 17 3 2 15 14 7 9 
student 208: 9 3 17 10 8 15 20 14 2 13 6 16 1 19 4 7 12 18 5 11 
student 209: 7 6 9 3 12 16 17 5 10 14 18 8 1 19 15 2 20 13 4 11 
student 210: 6 16 11 2 9 18 20 14 8 17 13 12 10 15 5 1 4 19 3 7 
student 211: 17 8 12 16 10 3 20 6 7 5 2 18 4 15 11 9 19 14 1 13 
student 212: 7 6 20 2 15 19 18 8 11 12 17 9 3 16 1 4 13 10 5 14 
student 213: 8 1 20 2 17 12 19 6 14 18 16 3 7 15 5 4 10 13 9 11 
student 214: 10 7 12 6 15 14 19 4 18 20 11 13 3 17 2 1 5 16 8 9 
student 215: 12 3 15 5 19 18 20 9 7 14 13 10 1 16 2 4 17 11 8 6 
student 216: 9 7 20 2 13 17 16 5 10 19 18 8 3 14 1 4 12 15 6 11 
student 217: 9 3 18 7 5 20 15 12 13 14 8 10 4 19 6 1 17 16 2 11 
student 218: 10 6 15 8 17 13 16 14 11 20 18 5 4 9 1 12 7 19 3 2 
student 219: 16 1 15 2 9 14 18 5 13 19 7 10 6 11 12 4 8 20 3 17 
student 220: 9 18 11 4 12 17 16 5 13 19 7 3 8 20 2 1 10 15 6 14 
student 221: 14 8 15 1 12 20 16 11 5 17 7 4 10 13 3 2 19 9 6 18 
student 222: 3 15 18 10 7 19 17 1 4 20 16 2 11 12 8 5 6 14 9 13 
student 223: 10 5 16 6 9 17 18 11 13 19 14 7 2 20 1 4 15 8 3 12 
student 224: 7 17 19 1 18 14 11 2 10 20 15 3 4 12 9 8 6 13 5 16 
student 225: 9 3 20 2 19 16 12 4 10 15 14 7 13 18 5 1 17 8 11 6 
student 226: 10 7 20 5 12 15 18 8 6 19 13 11 4 17 3 2 16 14 1 9 
student 227: 14 10 20 5 1 13 18 8 6 19 15 17 12 16 4 2 7 11 9 3 
student 228: 8 7 18 16 10 17 19 4 13 20 15 1 2 12 6 3 11 14 5 9 
student 229: 1 17 15 5 14 20 19 9 10 18 12 4 2 16 3 8 11 13 6 7 
student 230: 10 3 18 13 8 17 19 6 4 20 12 9 2 11 1 5 7 15 16 14 
student 231: 3 5 18 1 11 16 20 8 10 17 14 12 4 15 2 9 19 13 6 7 
student 232: 13 2 15 8 20 17 19 4 18 14 16 11 9 12 3 5 10 6 1 7 
student 233: 5 11 20 4 10 17 15 6 12 18 16 8 3 19 1 7 9 13 2 14 
student 234: 6 2 20 1 5 9 19 15 17 13 14 11 10 12 3 7 16 18 4 8 
student 235: 6 2 16 1 15 17 18 4 14 19 11 5 10 8 3 9 20 12 7 13 
student 236: 3 1 19 5 14 15 20 10 7 17 6 9 2 8 4 12 16 18 13 11 
student 237: 16 5 19 2 7 17 14 8 9 20 18 4 1 12 3 15 10 13 6 11 
student 238: 11 7 17 1 13 18 16 8 4 20 12 10 3 15 2 5 9 19 6 14 
student 239: 14 5 16 2 7 13 17 4 9 20 19 15 6 10 1 8 11 18 3 12 
student 240: 6 17 15 7 20 18 16 1 3 19 2 11 8 14 4 10 9 12 5 13 
student 241: 12 18 14 1 20 13 17 5 15 16 10 9 2 6 4 11 3 19 7 8 
student 242: 14 7 20 3 8 18 13 9 16 17 10 11 2 19 1 5 15 12 6 4 
student 243: 19 3 20 6 16 14 17 11 10 18 12 5 1 15 2 7 4 13 9 8 
student 244: 10 7 8 2 13 20 17 9 14 19 18 11 1 6 5 3 4 16 15 12 
student 245: 5 10 18 2 12 14 20 16 4 13 6 11 7 19 1 3 17 15 9 8 
student 246: 11 2 17 5 10 19 18 3 6 14 20 1 7 16 4 12 13 15 8 9 
student 247: 8 11 15 12 19 20 18 10 13 17 4 3 5 16 2 6 9 14 1 7 
student 248: 14 12 16 4 19 11 17 15 5 20 9 10 8 18 1 2 6 13 3 7 
student 249: 7 12 18 11 3 13 20 8 6 16 19 9 5 14 1 2 17 10 4 15 
student 250: 16 1 18 4 14 15 17 11 19 20 3 12 2 5 10 9 13 7 8 6 
student 251: 3 17 14 6 16 15 20 7 5 19 9 11 2 18 1 4 12 13 10 8 
student 252: 6 19 20 12 18 15 17 2 4 13 10 3 1 9 5 16 14 11 8 7 
student 253: 12 6 19 5 13 16 20 9 11 18 14 10 2 17 1 3 8 15 4 7 
student 254: 7 4 19 2 13 17 20 8 16 18 15 10 5 14 1 3 9 12 6 11 
student 255: 11 8 17 1 14 10 20 6 12 19 5 16 7 18 2 3 15 13 4 9 
student 256: 9 6 15 7 8 17 20 2 11 19 13 10 3 16 5 12 14 18 1 4 
student 257: 16 2 20 10 14 18 7 13 8 9 19 6 4 17 1 12 5 3 11 15 
student 258: 9 6 18 1 10 14 20 8 11 12 19 13 4 17 7 3 16 5 2 15 
student 259: 9 1 20 7 19 13 16 11 4 17 5 8 3 12 2 14 18 6 10 15 
student 260: 6 7 2 3 15 12 19 14 5 17 16 11 1 20 4 9 18 10 8 13 
student 261: 16 2 14 1 18 19 13 9 5 17 8 10 4 7 3 12 11 20 6 15 
student 262: 11 10 8 5 15 18 20 3 13 19 6 12 7 16 1 2 17 9 4 14 
student 263: 6 4 17 10 13 18 20 8 15 19 12 11 2 7 3 5 9 14 1 16 
student 264: 5 8 9 3 20 18 19 15 13 10 17 12 4 16 7 2 6 11 1 14 
student 265: 8 7 15 10 6 19 17 11 9 18 1 4 2 16 5 12 13 14 3 20 
student 266: 8 3 20 5 4 14 19 11 10 16 13 9 6 17 7 1 12 18 2 15 
student 267: 5 4 17 6 12 9 18 7 13 19 14 8 2 20 1 10 15 16 3 11 
student 268: 9 7 19 13 12 16 17 6 11 18 8 10 4 15 1 2 14 20 5 3 
student 269: 2 5 16 1 15 14 12 13 8 18 17 6 3 20 9 7 10 11 4 19 
student 270: 15 13 9 3 5 19 14 7 4 18 6 8 2 20 1 10 17 11 12 16 
student 271: 14 7 10 4 16 18 20 11 3 19 15 6 9 5 2 1 12 17 8 13 
student 272: 10 6 16 1 18 9 20 5 8 15 14 2 7 17 4 3 12 19 13 11 
student 273: 8 10 17 3 16 9 15 4 11 18 19 13 1 12 2 6 14 20 5 7 
student 274: 6 10 17 3 13 14 20 9 11 19 18 4 1 16 2 5 12 8 7 15 
student 275: 17 7 14 4 1 12 18 5 6 16 19 11 9 20 3 8 13 15 10 2 
student 276: 12 10 18 2 11 13 20 4 8 19 14 6 5 16 1 15 9 17 7 3 
student 277: 10 2 12 6 14 19 18 4 5 13 15 8 1 20 3 7 16 17 9 11 
student 278: 5 13 16 6 1 8 19 2 9 18 10 11 12 17 3 4 15 20 7 14 
student 279: 2 11 13 10 17 9 19 6 8 18 16 20 3 7 4 14 15 12 5 1 
student 280: 10 7 11 9 13 17 20 3 12 18 2 14 1 19 4 8 15 16 5 6 
student 281: 12 8 18 2 10 19 17 4 6 16 14 7 1 15 5 3 13 20 9 11 
student 282: 4 10 17 3 13 14 18 9 8 20 16 7 5 19 1 2 11 12 6 15 
student 283: 3 15 18 8 16 20 19 5 14 17 10 7 4 13 1 9 11 12 2 6 
student 284: 20 7 14 10 12 16 19 1 11 18 8 15 5 17 4 2 9 13 3 6 
student 285: 12 5 18 4 15 17 20 9 10 19 14 2 6 16 3 1 11 13 7 8 
student 286: 5 18 19 3 7 17 16 6 14 11 20 10 2 15 1 4 9 12 13 8 
student 287: 7 1 17 3 12 18 15 8 14 19 6 5 10 13 2 9 11 16 4 20 
student 288: 3 7 16 1 17 11 18 6 10 20 14 12 8 19 5 2 9 15 4 13 
student 289: 14 9 10 4 2 16 17 13 11 19 20 12 3 15 1 8 7 6 18 5 
student 290: 13 3 14 1 20 15 17 7 12 18 9 5 2 16 6 4 10 19 8 11 
student 291: 4 7 13 3 9 17 20 10 12 19 15 8 1 14 2 5 18 16 6 11 
student 292: 4 8 19 13 7 16 17 12 6 15 20 3 5 18 2 1 9 14 11 10 
student 293: 6 11 17 15 18 14 13 3 9 20 7 8 2 16 1 4 12 19 5 10 
student 294: 3 10 18 4 20 15 19 5 8 11 17 12 1 14 6 7 16 13 2 9 
student 295: 9 6 8 5 11 17 19 1 13 20 15 12 2 16 10 7 4 18 14 3 
student 296: 1 13 12 5 19 18 10 11 17 16 6 9 3 20 4 8 7 15 2 14 
student 297: 7 13 19 6 18 14 17 3 10 20 16 4 1 15 2 11 5 12 9 8 
student 298: 3 12 20 5 4 14 9 6 16 19 7 15 1 2 10 8 18 13 17 11 
student 299: 7 1 19 5 13 17 16 10 11 20 14 8 2 18 12 4 9 6 3 15 
student 300: 6 3 9 4 13 12 20 14 16 18 17 8 10 19 2 1 11 15 7 5 
student 301: 12 13 20 8 18 15 19 5 11 10 7 9 2 16 3 6 14 17 4 1 
student 302: 10 6 13 5 15 20 17 1 18 16 4 12 2 19 3 9 11 8 7 14 
student 303: 11 10 20 4 14 15 19 13 12 17 2 7 6 16 5 3 9 8 1 18 
student 304: 8 1 16 6 15 18 17 2 13 19 14 5 3 10 4 7 11 20 9 12 
student 305: 6 3 8 2 13 16 19 7 12 20 9 4 1 17 10 14 11 18 5 15 
student 306: 13 8 16 1 11 19 20 2 10 18 17 5 9 12 6 4 15 7 3 14 
student 307: 13 1 16 9 11 12 18 2 10 20 7 5 8 19 3 6 17 14 4 15 
student 308: 2 5 13 8 11 17 20 4 10 19 9 7 1 16 6 3 18 14 12 15 
student 309: 4 6 13 1 11 19 18 8 10 20 14 7 2 17 9 3 16 15 5 12 
student 310: 6 5 15 3 7 16 20 4 12 18 19 10 2 17 1 8 13 14 9 11 
student 311: 8 4 17 5 11 16 13 10 9 20 3 19 1 18 6 12 7 14 2 15 
student 312: 14 7 13 3 16 20 19 8 1 15 11 5 4 18 2 6 9 12 10 17 
student 313: 7 8 11 3 12 14 16 6 13 18 17 10 1 19 2 5 9 15 4 20 
student 314: 10 7 8 3 20 12 11 4 16 18 14 5 1 17 2 6 15 19 9 13 
student 315: 12 7 19 3 17 13 11 4 14 20 8 6 1 18 10 2 15 16 5 9 
student 316: 9 12 16 5 14 15 17 8 2 18 19 3 4 6 1 13 10 20 7 11 
student 317: 7 3 17 9 10 18 19 6 8 20 15 13 5 16 1 4 12 11 2 14 
student 318: 8 5 19 3 15 16 18 12 13 17 20 10 1 14 4 2 11 7 6 9 
student 319: 12 10 19 7 5 17 20 8 1 15 13 18 4 14 3 2 11 9 6 16 
student 320: 3 6 18 4 16 14 15 9 8 19 10 17 2 13 7 1 12 20 11 5 
student 321: 15 6 20 14 19 17 5 12 18 16 9 11 3 13 2 1 10 8 4 7 
student 322: 5 11 15 6 14 12 19 10 8 20 1 18 3 16 4 2 17 9 7 13 
student 323: 5 13 19 6 3 15 18 2 10 20 9 14 4 17 1 7 12 16 8 11 
student 324: 12 16 15 10 18 6 11 14 7 19 17 2 1 20 3 9 8 13 5 4 
student 325: 6 5 17 11 20 15 18 13 7 19 14 10 2 3 8 4 9 16 1 12 
student 326: 8 7 13 9 16 17 19 4 15 20 14 10 1 18 5 2 11 12 3 6 
student 327: 7 8 10 5 16 18 19 1 12 15 13 11 4 17 2 3 14 20 6 9 
student 328: 16 8 10 12 20 15 17 3 11 13 9 5 1 14 4 6 7 19 2 18 
student 329: 7 14 18 11 16 15 19 4 3 20 5 10 2 17 9 6 8 13 1 12 
student 330: 14 4 16 3 6 11 19 9 5 20 17 15 7 18 8 10 1 12 2 13 
student 331: 2 9 18 5 20 17 19 10 3 16 11 12 6 15 1 7 8 13 14 4 
student 332: 13 7 20 2 8 18 19 3 10 16 11 9 1 12 4 6 15 14 5 17 
student 333: 8 9 18 2 16 12 20 7 14 19 11 10 1 17 4 13 6 15 3 5 
student 334: 1 14 13 5 6 17 15 11 8 18 12 9 3 20 2 10 16 19 7 4 
student 335: 15 6 20 2 9 10 19 7 12 18 16 8 5 14 1 3 11 17 4 13 
student 336: 6 8 17 2 20 15 16 12 10 19 14 4 5 18 1 3 7 13 9 11 
student 337: 4 10 20 14 8 16 18 1 6 17 13 9 3 19 5 2 15 11 7 12 
student 338: 3 4 18 2 14 16 20 11 12 19 17 7 9 15 1 6 13 10 5 8 
student 339: 8 12 17 6 14 13 19 18 16 2 15 3 7 9 5 4 11 20 1 10 
student 340: 6 11 4 7 9 15 16 3 8 18 19 12 1 17 10 2 20 13 5 14 
student 341: 5 11 12 4 10 14 17 9 19 20 18 16 3 13 2 15 1 8 7 6 
student 342: 4 10 18 3 14 17 20 2 7 15 9 11 5 19 8 6 12 16 1 13 
student 343: 4 14 18 1 15 13 17 8 9 19 10 11 5 12 3 2 16 20 6 7 
student 344: 8 11 12 2 14 17 16 4 9 19 10 13 3 20 1 5 18 15 6 7 
student 345: 6 8 17 4 18 19 16 5 2 20 13 11 3 14 1 10 9 15 7 12 
student 346: 10 3 15 2 17 18 20 8 9 16 12 19 4 13 1 5 14 7 6 11 
student 347: 9 5 20 6 13 15 19 7 8 18 11 12 3 16 4 1 17 14 2 10 
student 348: 9 6 8 4 19 20 17 11 10 15 16 14 3 18 1 2 13 12 5 7 
student 349: 14 7 10 3 19 2 16 9 13 20 15 18 5 8 4 6 17 12 1 11 
student 350: 6 7 14 1 15 12 16 3 11 20 9 8 18 19 4 2 13 17 5 10 
student 351: 5 6 15 4 17 18 19 8 11 20 10 13 1 7 2 3 9 16 12 14 
student 352: 5 16 20 1 17 18 14 4 6 15 19 8 2 11 7 9 12 13 3 10 
student 353: 11 5 20 4 9 18 17 3 15 19 7 6 2 13 1 8 16 10 14 12 
student 354: 11 5 18 3 15 17 19 8 1 20 9 4 7 13 2 6 16 14 10 12 
student 355: 9 8 15 3 14 19 18 11 7 20 6 4 5 12 1 10 16 17 13 2 
student 356: 9 8 16 1 19 15 20 13 6 17 10 18 5 14 2 3 12 7 4 11 
student 357: 7 9 19 5 8 11 18 6 17 20 14 16 1 10 2 4 12 13 3 15 
student 358: 8 6 15 1 11 13 17 12 7 18 9 20 4 16 2 14 19 3 5 10 
student 359: 9 10 14 3 15 20 19 2 13 18 1 5 6 16 8 7 12 17 4 11 
student 360: 9 12 20 1 16 17 18 13 14 8 2 5 4 19 3 7 10 15 11 6 
student 361: 13 7 19 14 10 16 11 12 5 18 20 9 1 15 3 4 8 17 6 2 
student 362: 6 13 16 8 18 19 14 1 12 17 4 10 3 20 5 2 15 7 9 11 
student 363: 4 16 19 5 8 17 18 11 14 20 13 2 3 12 1 7 15 9 6 10 
student 364: 10 3 18 7 16 15 11 2 19 20 14 12 4 17 1 5 6 13 8 9 
student 365: 12 2 16 3 13 19 20 8 4 17 9 14 1 15 6 10 5 11 7 18 
student 366: 6 9 20 1 15 12 17 13 18 19 10 8 2 16 7 3 14 11 4 5 
student 367: 11 13 18 8 6 16 20 7 1 12 15 9 2 17 4 3 10 19 5 14 
student 368: 2 4 20 10 16 18 19 11 6 15 7 9 3 14 5 12 8 13 1 17 
student 369: 15 7 2 5 13 19 16 6 12 20 17 9 1 10 4 3 18 14 11 8 
student 370: 11 1 19 6 9 17 18 8 12 20 10 15 2 16 3 4 14 13 5 7 
student 371: 8 2 16 14 9 7 17 6 11 19 18 1 4 20 5 3 10 15 13 12 
student 372: 14 6 18 1 10 17 20 4 19 12 3 7 2 16 8 9 13 15 5 11 
student 373: 11 15 19 13 10 18 16 7 12 20 6 17 4 9 3 5 1 14 2 8 
student 374: 12 3 9 1 5 8 19 7 10 20 16 11 6 15 2 4 18 17 13 14 
student 375: 11 6 14 4 15 10 20 8 5 16 19 13 7 12 2 1 17 18 3 9 
student 376: 6 4 14 2 15 18 17 5 7 20 19 10 1 11 8 3 13 16 12 9 
student 377: 13 3 17 6 14 15 18 5 11 20 10 8 7 16 4 2 19 12 1 9 
student 378: 3 9 18 4 15 10 19 5 12 20 13 6 2 16 8 14 11 7 1 17 
student 379: 2 11 17 10 18 20 9 6 3 19 5 12 4 16 1 7 14 13 15 8 
student 380: 17 3 16 10 12 8 19 7 13 6 14 11 5 18 1 2 20 15 4 9 
student 381: 6 11 19 7 2 13 15 5 3 20 10 16 4 17 1 9 12 18 8 14 
student 382: 6 3 18 5 13 17 14 7 4 19 16 11 1 20 2 8 10 9 15 12 
student 383: 11 6 9 3 18 16 13 4 2 19 15 7 1 20 5 8 17 10 12 14 
student 384: 8 10 13 1 16 17 20 9 4 18 19 11 3 7 2 15 12 6 5 14 
student 385: 9 4 19 2 12 14 18 13 11 20 5 7 1 16 3 10 8 17 6 15 
student 386: 4 10 19 1 12 18 17 2 9 20 13 5 3 16 6 8 15 14 11 7 
student 387: 8 3 13 6 18 17 20 1 4 15 12 11 2 10 5 7 14 16 9 19 
student 388: 8 7 16 5 18 17 20 3 6 10 12 14 2 15 1 4 13 19 9 11 
student 389: 3 10 19 5 9 14 18 12 4 20 11 17 6 16 1 2 13 15 8 7 
student 390: 10 3 18 2 5 12 19 6 15 16 11 13 8 17 1 7 20 9 4 14 
student 391: 11 10 19 3 14 15 20 4 7 18 13 16 2 12 1 5 17 6 8 9 
student 392: 2 4 16 3 17 13 15 10 20 19 11 12 1 18 5 6 8 9 7 14 
student 393: 11 8 18 2 20 14 15 6 7 19 12 9 3 17 5 1 4 13 10 16 
student 394: 5 12 19 1 10 17 20 18 3 9 16 14 15 13 4 2 8 11 6 7 
student 395: 7 11 18 1 15 20 19 9 13 16 12 8 5 17 4 3 10 14 2 6 
student 396: 11 3 18 10 19 17 16 4 5 20 6 9 2 8 1 12 15 14 7 13 
student 397: 6 4 20 8 7 19 15 2 9 18 10 17 5 13 3 11 16 12 1 14 
student 398: 12 10 15 5 16 20 17 1 13 18 6 8 4 19 2 11 9 14 3 7 
student 399: 8 5 11 1 16 19 12 7 6 20 13 14 3 17 9 4 18 10 2 15 
student 400: 1 5 16 6 15 13 20 8 11 18 10 7 9 19 3 2 17 14 4 12 
student 401: 6 3 14 2 9 12 16 7 15 18 17 4 11 20 5 8 1 10 13 19 
student 402: 8 11 19 1 17 16 7 4 9 13 15 20 2 12 3 6 10 18 5 14 
student 403: 4 12 16 10 13 19 20 9 11 17 7 6 2 18 5 1 15 14 8 3 
student 404: 5 7 18 3 16 19 2 11 9 17 10 12 1 14 6 4 15 20 8 13 
student 405: 14 8 16 11 19 17 20 7 4 15 5 13 3 12 2 6 10 18 1 9 
student 406: 9 5 17 11 13 18 20 8 10 19 6 4 2 15 1 7 12 16 3 14 
student 407: 7 11 18 5 14 1 20 12 8 19 15 17 6 16 3 2 10 13 4 9 
student 408: 12 5 13 6 8 18 20 16 10 15 11 1 4 19 2 7 17 14 3 9 
student 409: 7 4 18 2 20 14 19 5 17 12 6 10 3 16 1 8 13 11 15 9 
student 410: 3 8 17 1 16 10 20 12 15 18 13 5 4 19 2 7 14 11 9 6 
student 411: 8 7 17 6 9 15 18 1 13 19 10 11 5 14 2 4 16 3 12 20 
student 412: 17 2 19 9 15 16 10 7 6 20 14 8 1 13 5 3 12 18 4 11 
student 413: 8 6 20 4 17 11 18 10 14 19 15 12 2 13 1 3 9 16 5 7 
student 414: 6 2 13 9 16 17 12 15 10 19 11 7 3 18 1 4 14 20 5 8 
student 415: 13 5 19 3 20 17 15 11 6 18 16 12 4 14 9 2 7 8 1 10 
student 416: 3 6 18 11 16 10 12 7 13 19 17 4 1 14 5 2 15 20 9 8 
student 417: 20 7 16 2 15 14 18 3 8 19 17 5 1 11 6 4 10 13 9 12 
student 418: 10 11 17 4 6 18 20 3 14 15 13 9 1 12 7 2 8 19 5 16 
student 419: 10 1 15 6 3 12 16 14 13 19 20 18 7 11 2 4 17 8 9 5 
student 420: 11 4 20 1 14 15 19 6 10 18 12 8 9 13 5 3 16 17 2 7 
student 421: 6 3 12 7 18 17 20 14 19 9 10 16 4 13 1 5 8 15 2 11 
student 422: 14 10 16 6 17 15 20 4 3 19 9 11 2 18 1 8 12 13 7 5 
student 423: 14 3 11 2 9 18 19 15 10 20 16 4 6 12 1 5 17 13 8 7 
student 424: 11 6 20 1 10 13 16 7 17 19 9 18 4 12 2 3 14 15 5 8 
student 425: 8 4 17 3 14 18 19 2 13 20 6 11 10 12 5 1 9 16 7 15 
student 426: 5 11 10 4 7 16 17 1 15 20 8 12 3 19 2 6 14 13 9 18 
student 427: 3 4 20 6 10 18 9 17 13 19 15 7 1 11 5 2 16 12 8 14 
student 428: 13 14 18 8 9 20 12 2 6 15 16 1 11 10 4 3 7 17 5 19 
student 429: 4 13 6 9 16 18 8 5 3 19 10 7 12 20 2 14 17 11 1 15 
student 430: 4 1 9 8 13 15 17 3 20 18 14 10 6 19 2 5 11 16 12 7 
student 431: 10 2 19 3 11 16 18 7 15 17 8 5 9 13 1 6 12 20 4 14 
student 432: 9 12 8 4 16 1 17 6 11 20 14 10 7 19 2 3 18 15 5 13 
student 433: 9 3 15 2 13 20 18 5 16 17 11 4 1 8 12 7 14 19 10 6 
student 434: 6 11 19 3 12 14 16 8 17 20 7 10 2 13 1 15 9 18 4 5 
student 435: 6 5 17 1 18 14 15 8 16 20 11 7 2 19 9 3 12 13 4 10 
student 436: 14 4 13 7 20 12 19 2 5 15 18 9 8 16 3 6 11 17 1 10 
student 437: 8 3 19 5 13 18 17 2 10 20 16 4 6 12 1 9 7 15 14 11 
student 438: 5 18 15 14 13 16 19 1 12 20 11 9 2 8 6 3 10 17 4 7 
student 439: 1 10 3 4 13 14 17 6 16 18 12 20 2 19 5 9 11 8 7 15 
student 440: 10 6 8 4 11 16 20 9 13 18 14 12 3 17 2 1 19 15 7 5 
student 441: 7 2 18 5 15 17 20 8 10 19 11 6 4 12 3 14 9 16 1 13 
student 442: 9 7 15 1 14 20 18 4 10 19 12 5 3 17 8 6 11 13 16 2 
student 443: 6 3 16 4 9 20 18 12 11 17 8 5 2 10 1 7 15 19 14 13 
student 444: 5 9 14 4 17 16 18 2 8 20 15 6 3 10 1 7 13 19 11 12 
student 445: 10 4 20 5 18 15 13 3 11 17 16 7 1 6 2 9 12 19 8 14 
student 446: 8 4 19 5 13 17 18 1 20 15 11 6 7 16 3 2 9 10 12 14 
student 447: 14 4 17 2 13 16 18 3 9 20 11 10 1 19 5 8 12 7 6 15 
student 448: 1 10 15 4 12 17 16 20 3 19 7 11 5 18 2 6 9 13 8 14 
student 449: 11 6 18 9 12 14 16 10 3 20 19 4 1 15 2 7 8 13 5 17 
student 450: 10 4 18 7 19 14 20 9 11 15 8 5 1 12 3 2 17 16 6 13 
student 451: 9 4 20 6 11 17 12 7 8 16 13 14 5 19 3 15 10 2 18 1 
student 452: 5 4 19 10 7 20 9 12 8 15 14 11 6 17 1 2 18 13 3 16 
student 453: 8 7 16 4 15 18 17 5 9 20 14 12 1 10 3 2 19 13 11 6 
student 454: 8 13 20 1 17 4 18 10 6 11 9 14 2 19 3 7 15 16 5 12 
student 455: 7 3 18 9 15 16 17 6 10 20 5 12 2 13 4 8 11 19 1 14 
student 456: 3 12 17 4 10 18 20 7 2 8 16 11 6 19 1 9 15 14 5 13 
student 457: 8 7 14 1 10 19 20 18 9 17 5 13 3 16 6 4 12 15 2 11 
student 458: 12 16 1 4 18 17 19 8 11 20 15 14 5 10 2 6 3 9 7 13 
student 459: 16 2 14 6 15 8 17 7 12 18 13 3 4 20 1 9 19 5 11 10 
student 460: 14 10 9 8 13 17 5 12 11 19 18 2 1 16 4 3 15 20 7 6 
student 461: 5 3 15 1 16 10 17 8 7 20 13 12 6 18 9 4 19 14 2 11 
student 462: 8 4 19 16 18 17 14 3 13 20 10 12 2 11 1 9 7 6 15 5 
student 463: 14 5 11 8 7 10 15 4 6 18 12 9 3 17 19 1 16 20 2 13 
student 464: 7 5 18 6 11 13 16 12 15 19 8 17 3 20 1 4 10 14 2 9 
student 465: 14 8 13 1 20 18 19 9 4 16 10 12 3 15 5 2 7 17 6 11 
student 466: 2 7 18 10 11 17 16 5 6 20 9 14 1 12 3 4 19 13 8 15 
student 467: 2 3 15 13 18 14 20 17 7 11 19 6 4 12 1 5 9 8 10 16 
student 468: 1 6 16 5 13 17 19 4 15 20 8 11 7 14 2 12 18 3 9 10 
student 469: 5 8 7 2 14 19 17 4 12 18 11 10 9 20 1 13 15 16 3 6 
student 470: 6 9 20 4 10 19 12 13 8 17 15 1 5 14 2 3 11 18 7 16 
student 471: 9 6 17 8 2 16 20 18 13 19 12 4 1 10 5 3 7 11 15 14 
student 472: 9 3 19 6 16 13 20 7 18 17 11 12 4 2 1 10 14 15 5 8 
student 473: 9 11 14 2 13 15 16 7 10 17 12 19 5 20 3 6 18 8 1 4 
student 474: 9 7 18 1 14 17 20 8 10 19 11 6 3 12 5 4 13 16 2 15 
student 475: 4 10 17 3 14 16 18 13 7 20 11 8 2 15 1 5 12 19 6 9 
student 476: 9 12 13 6 17 18 16 4 10 20 15 5 3 19 2 1 8 14 7 11 
student 477: 15 10 20 2 11 17 18 1 9 16 8 13 7 12 3 4 19 14 5 6 
student 478: 11 15 20 1 12 16 19 9 3 17 18 5 4 13 2 6 10 14 7 8 
student 479: 12 2 19 9 10 18 14 7 13 17 8 4 5 15 1 11 16 20 3 6 
student 480: 4 2 14 3 17 20 15 6 13 18 11 10 5 16 1 8 19 12 9 7 
student 481: 7 4 18 3 10 6 19 11 14 16 9 8 1 20 2 5 17 12 13 15 
student 482: 14 11 18 2 4 7 12 16 9 17 19 6 10 20 1 8 13 15 3 5 
student 483: 10 8 19 5 13 17 20 2 7 15 12 9 3 16 1 6 14 18 11 4 
student 484: 16 4 18 3 7 20 17 12 6 19 9 5 8 13 1 10 15 11 2 14 
student 485: 2 12 18 8 13 20 19 15 11 10 14 6 1 7 3 9 16 17 4 5 
student 486: 9 3 19 4 17 15 18 11 5 20 8 16 1 14 2 6 12 13 7 10 
student 487: 5 6 18 3 19 20 14 10 4 17 16 7 2 11 1 8 12 15 9 13 
student 488: 6 17 5 10 20 16 19 14 18 11 12 1 15 8 4 7 2 9 3 13 
student 489: 14 11 17 3 1 18 20 5 7 8 19 12 4 16 6 2 10 15 9 13 
student 490: 7 1 16 2 10 13 20 8 9 15 11 12 5 19 4 3 17 18 6 14 
student 491: 3 4 19 5 14 20 18 15 10 11 6 9 1 8 2 7 13 16 12 17 
student 492: 9 4 13 3 11 15 17 19 8 7 6 18 5 20 1 2 12 16 10 14 
student 493: 15 5 17 2 19 13 6 11 9 14 12 8 1 16 3 4 10 20 7 18 
student 494: 3 6 9 4 14 19 16 11 20 18 15 7 2 17 1 10 13 8 5 12 
student 495: 2 5 15 10 19 20 18 11 6 16 12 9 1 13 8 7 14 4 3 17 
student 496: 4 3 14 11 5 19 17 1 7 20 18 13 10 16 6 9 12 15 2 8 
student 497: 10 8 20 1 3 18 17 7 12 15 19 13 5 14 4 2 11 6 9 16 
student 498: 3 1 19 4 18 9 20 12 7 17 10 6 13 16 2 5 8 11 14 15 
student 499: 16 1 12 7 8 20 17 9 10 19 11 6 4 18 2 5 13 14 3 15 
student 500: 10 9 7 4 17 15 20 5 12 16 8 6 1 19 2 14 13 18 3 11 
student 501: 6 11 20 4 8 18 19 12 7 15 2 16 1 10 3 14 9 13 5 17 
student 502: 3 13 16 8 10 15 18 7 9 19 12 6 5 20 1 2 14 17 4 11 
student 503: 14 9 20 7 12 17 18 4 11 15 13 2 1 19 10 3 8 16 6 5 
student 504: 9 5 20 3 15 19 18 10 16 14 13 8 2 12 1 7 11 17 4 6 
student 505: 3 12 18 4 9 10 14 17 6 16 11 8 1 20 2 5 15 13 7 19 
student 506: 5 8 12 2 11 10 13 16 9 17 18 14 4 15 1 6 19 20 3 7 
student 507: 9 3 19 1 16 18 20 7 8 13 15 5 4 14 6 12 10 17 2 11 
student 508: 7 3 13 8 1 12 20 10 15 19 16 11 2 9 4 5 14 18 6 17 
student 509: 8 3 18 1 10 17 16 9 11 19 13 4 6 20 14 5 7 15 2 12 
student 510: 6 14 20 1 12 18 19 8 13 10 9 11 3 17 2 4 7 16 5 15 
student 511: 8 4 15 7 6 16 19 18 11 20 14 9 3 12 5 1 17 10 2 13 
student 512: 13 9 19 3 10 18 7 11 8 20 15 16 2 17 1 5 12 4 6 14 
student 513: 7 13 10 2 15 20 19 5 14 18 11 8 1 12 4 3 17 16 6 9 
student 514: 14 7 19 2 11 17 12 15 6 20 16 5 1 10 4 8 9 18 3 13 
student 515: 2 7 18 4 16 17 19 5 10 20 6 9 8 11 3 1 15 14 12 13 
student 516: 8 7 19 1 16 15 17 9 12 20 10 4 2 6 18 3 11 14 5 13 
student 517: 1 7 19 14 18 13 12 15 10 17 3 11 5 16 4 9 6 20 2 8 
student 518: 3 8 16 6 15 18 11 4 14 20 19 7 10 12 2 1 9 17 5 13 
student 519: 4 3 16 7 2 17 19 1 15 20 13 10 8 12 5 9 14 18 6 11 
student 520: 11 3 18 9 17 16 20 5 12 19 7 14 2 8 6 1 15 13 4 10 
student 521: 10 8 17 4 14 18 19 5 6 20 13 11 3 15 2 7 16 12 1 9 
student 522: 7 15 3 12 10 17 19 5 9 18 8 20 2 14 6 1 11 16 4 13 
student 523: 2 8 16 1 19 14 17 5 9 18 13 15 3 20 4 6 11 12 7 10 
student 524: 11 7 14 4 13 16 17 3 6 15 10 5 9 19 1 2 8 18 20 12 
student 525: 7 1 20 5 13 16 6 10 12 15 18 19 3 14 9 11 17 2 8 4 
student 526: 9 7 5 4 15 10 20 2 1 19 13 16 3 14 8 6 12 18 11 17 
student 527: 12 3 20 4 9 16 18 5 15 17 13 19 2 8 1 11 7 10 6 14 
student 528: 8 3 19 1 18 14 13 7 9 20 10 6 4 16 5 17 15 12 2 11 
student 529: 8 2 17 5 16 19 20 4 12 15 14 11 3 18 6 1 9 13 7 10 
student 530: 8 17 20 3 14 11 2 12 16 19 13 6 1 18 4 10 9 15 7 5 
student 531: 14 5 8 9 20 16 17 3 10 19 11 7 1 15 4 2 18 12 6 13 
student 532: 12 4 17 15 18 20 11 9 10 19 16 7 3 14 1 5 8 13 2 6 
student 533: 16 4 17 2 20 19 10 8 5 13 6 9 11 12 1 7 15 18 3 14 
student 534: 7 2 20 10 14 17 18 6 8 19 13 11 3 16 5 1 9 12 4 15 
student 535: 12 5 20 1 6 16 15 3 14 18 8 13 7 19 2 4 11 17 9 10 
student 536: 8 4 15 10 6 18 19 7 13 20 16 11 5 17 2 1 12 9 3 14 
student 537: 18 5 12 8 10 13 16 11 20 6 9 17 3 14 1 2 15 19 7 4 
student 538: 5 8 20 3 13 11 17 10 19 18 14 4 2 15 1 7 12 16 6 9 
student 539: 7 18 14 3 12 19 20 6 10 13 15 8 5 11 1 2 16 17 9 4 
student 540: 10 17 15 7 18 5 16 11 20 19 3 13 6 14 2 1 8 12 4 9 
student 541: 11 3 12 9 10 17 18 8 6 19 7 13 1 14 2 4 16 20 5 15 
student 542: 9 19 14 8 4 16 15 2 6 7 13 17 3 12 1 5 11 20 18 10 
student 543: 7 12 13 5 10 19 17 9 14 20 11 2 4 18 1 3 15 16 6 8 
student 544: 11 5 16 3 13 14 20 7 15 18 19 9 10 17 1 2 8 4 6 12 
student 545: 5 2 20 6 13 17 18 4 9 19 16 10 7 15 1 3 12 14 8 11 
student 546: 3 7 15 8 17 16 13 11 9 20 10 6 2 18 4 5 14 19 1 12 
student 547: 11 10 20 1 13 19 17 9 6 15 12 16 2 7 5 4 14 18 3 8 
student 548: 13 6 7 1 20 17 15 8 10 16 14 18 5 19 2 4 11 12 3 9 
student 549: 8 2 16 6 19 10 13 7 3 18 11 15 4 20 5 9 12 17 1 14 
student 550: 3 12 18 5 14 17 16 10 8 20 15 2 1 13 4 6 9 11 7 19 
student 551: 1 17 18 5 15 19 16 3 14 12 4 7 6 8 11 2 13 10 9 20 
student 552: 17 7 15 5 12 18 19 6 8 16 14 11 2 9 1 3 10 13 4 20 
student 553: 5 14 11 2 12 18 19 6 15 9 20 10 3 16 7 4 1 17 8 13 
student 554: 13 4 15 10 12 20 11 3 14 18 16 7 1 17 8 6 9 19 2 5 
student 555: 15 12 20 2 10 13 14 7 4 9 17 8 3 18 1 5 19 16 6 11 
student 556: 1 8 6 4 16 20 14 10 7 19 13 12 3 17 2 9 15 18 5 11 
student 557: 13 6 15 2 14 9 19 17 5 18 20 10 4 12 1 7 8 16 3 11 
student 558: 3 7 17 2 11 15 20 4 8 18 13 9 1 16 5 14 12 19 6 10 
student 559: 14 7 13 1 11 17 20 8 5 19 6 9 4 18 2 10 12 16 3 15 
student 560: 9 7 19 4 8 11 15 18 1 14 17 6 2 20 3 5 16 10 12 13 
student 561: 2 7 16 1 18 20 15 8 11 19 12 13 4 14 3 6 17 10 5 9 
student 562: 3 1 18 5 17 16 20 12 11 15 8 14 6 13 2 4 10 19 9 7 
student 563: 9 6 12 2 13 16 19 5 14 18 10 8 7 11 3 1 15 20 4 17 
student 564: 13 4 15 1 7 20 16 3 9 18 14 12 5 10 2 8 11 17 6 19 
student 565: 7 6 19 1 10 17 18 5 12 20 9 11 3 14 4 2 16 13 8 15 
student 566: 10 7 14 2 17 20 19 15 11 18 4 8 1 16 6 3 5 12 9 13 
student 567: 8 7 16 3 20 14 13 10 9 17 12 6 1 19 4 2 18 15 5 11 
student 568: 4 8 18 5 11 14 15 16 2 20 10 1 3 13 6 7 17 12 19 9 
student 569: 10 9 12 18 15 7 19 1 6 17 11 2 8 20 4 16 14 5 3 13 
student 570: 6 10 11 4 17 14 18 2 19 15 12 7 8 20 1 3 16 13 9 5 
student 571: 20 4 13 10 18 14 17 5 12 19 9 8 2 7 1 6 16 15 3 11 
student 572: 3 5 20 2 15 18 14 11 17 6 13 7 12 16 8 10 1 19 4 9 
student 573: 15 2 20 5 17 19 8 3 9 10 16 12 13 18 1 4 7 6 11 14 
student 574: 6 3 18 4 8 17 19 9 13 16 10 5 2 15 11 1 20 12 14 7 
student 575: 10 5 19 2 16 20 15 8 12 18 13 6 9 17 1 4 14 11 3 7 
student 576: 7 4 18 6 11 17 20 10 9 19 14 5 2 15 3 8 16 13 1 12 
student 577: 10 8 18 3 9 16 15 5 11 20 14 17 6 12 1 4 13 19 7 2 
student 578: 11 6 18 2 3 13 19 9 4 16 20 7 1 17 12 8 10 15 5 14 
student 579: 10 7 19 2 12 17 16 8 5 20 6 9 1 14 4 13 15 18 3 11 
student 580: 17 10 18 3 19 15 20 11 12 14 13 6 7 16 2 5 1 8 4 9 
student 581: 8 1 20 11 16 18 17 2 3 14 15 4 5 19 7 12 10 9 6 13 
student 582: 11 5 4 10 18 16 19 1 15 7 12 9 6 20 8 2 17 13 3 14 
student 583: 9 3 17 1 15 7 20 10 4 19 11 12 2 8 5 6 16 18 13 14 
student 584: 11 6 16 2 20 17 14 7 9 18 15 1 4 12 3 13 19 10 8 5 
student 585: 9 7 14 5 6 13 19 3 8 20 17 15 2 11 1 4 18 16 10 12 
student 586: 9 10 19 1 13 18 17 7 11 14 6 8 3 20 5 2 12 16 4 15 
student 587: 7 2 20 6 15 11 8 5 9 17 18 14 12 19 4 1 16 10 3 13 
student 588: 7 8 19 5 15 16 10 6 4 13 20 17 1 14 3 12 11 18 2 9 
student 589: 9 20 18 7 16 10 19 3 8 13 11 6 1 17 2 5 14 15 4 12 
student 590: 14 1 17 5 12 20 18 7 9 19 13 8 3 15 2 4 10 16 6 11 
student 591: 2 6 20 11 19 15 18 8 12 14 9 16 3 5 7 1 13 17 10 4 
student 592: 8 6 13 1 10 18 20 14 9 17 19 12 5 16 2 7 11 15 4 3 
student 593: 6 13 8 9 17 19 20 10 15 11 12 7 4 18 2 1 14 3 5 16 
student 594: 2 4 16 1 10 20 15 14 11 13 17 9 3 19 7 5 8 18 6 12 
student 595: 9 14 15 1 12 6 17 3 13 19 10 7 11 20 2 8 16 18 4 5 
student 596: 4 11 18 1 16 5 17 6 14 19 10 7 2 12 9 3 15 20 8 13 
student 597: 1 11 19 7 10 17 20 2 13 14 9 5 3 18 4 15 12 16 6 8 
student 598: 6 8 15 4 10 13 20 16 9 17 12 2 3 18 5 7 14 19 1 11 
student 599: 5 2 15 10 14 17 20 11 4 19 18 13 6 8 3 1 12 16 7 9 
student 600: 13 4 17 11 2 3 16 15 9 19 7 6 8 14 5 1 20 18 12 10 
student 601: 12 5 14 3 11 15 16 10 7 18 13 6 4 20 1 2 19 8 9 17 
student 602: 4 12 9 3 15 18 20 10 8 19 17 5 2 16 7 6 11 13 1 14 
student 603: 6 10 20 3 11 18 16 13 12 19 17 9 1 8 4 5 14 15 2 7 
student 604: 4 9 18 1 14 16 19 7 11 20 2 6 3 15 10 5 13 17 8 12 
student 605: 14 8 13 4 11 19 20 3 16 12 18 10 2 9 5 7 17 6 1 15 
student 606: 2 8 15 4 13 17 20 7 19 18 11 16 1 14 5 3 12 9 10 6 
student 607: 4 10 20 2 14 17 19 5 9 16 12 8 3 13 1 7 11 18 6 15 
student 608: 14 9 15 11 17 13 16 1 8 18 12 4 3 5 6 7 2 19 10 20 
student 609: 2 12 9 5 14 20 18 17 7 19 13 4 8 11 1 3 15 16 6 10 
student 610: 7 6 19 1 14 17 20 4 8 15 13 12 5 16 3 2 18 11 9 10 
student 611: 4 11 15 3 13 16 18 12 9 20 19 8 2 5 1 6 14 17 7 10 
student 612: 16 7 20 5 18 8 17 1 13 15 6 4 3 14 2 9 19 11 10 12 
student 613: 12 7 19 2 6 17 20 4 5 16 18 8 3 14 1 9 15 13 10 11 
student 614: 8 5 15 6 12 7 17 4 10 9 13 11 1 20 2 3 14 18 16 19 
student 615: 14 10 16 9 17 18 19 7 11 20 8 4 1 13 5 3 2 12 6 15 
student 616: 5 3 15 4 17 18 14 11 1 20 16 13 10 9 6 2 8 19 7 12 
student 617: 5 2 19 18 16 4 17 8 10 12 7 20 6 15 1 3 14 13 9 11 
student 618: 2 4 18 1 16 15 20 10 11 13 17 8 3 14 7 6 9 12 5 19 
student 619: 6 2 20 13 17 8 18 1 7 15 16 11 9 10 3 5 14 19 4 12 
student 620: 9 5 14 2 18 16 19 10 8 20 15 7 4 13 3 1 17 12 6 11 
student 621: 11 12 19 2 8 20 16 3 13 17 5 9 1 15 6 10 18 14 7 4 
student 622: 4 6 18 14 20 8 19 15 3 16 5 17 2 10 1 7 13 11 12 9 
student 623: 7 8 17 1 19 10 16 11 9 18 15 2 6 12 3 5 13 20 14 4 
student 624: 4 12 17 7 19 11 14 1 6 18 10 13 5 16 2 8 15 20 3 9 
student 625: 16 9 19 10 8 13 20 1 3 18 15 5 2 17 7 4 6 11 14 12 
student 626: 7 3 17 18 16 20 14 1 19 12 11 10 6 8 4 2 15 9 5 13 
student 627: 11 15 17 2 9 10 18 7 16 19 13 8 3 12 6 5 20 14 1 4 
student 628: 1 3 17 9 13 19 16 4 14 18 7 10 12 5 6 8 15 20 11 2 
student 629: 8 4 19 1 17 14 20 9 3 18 10 2 5 15 7 12 11 13 16 6 
student 630: 7 5 15 3 18 10 16 4 8 20 11 9 2 17 12 6 14 19 1 13 
student 631: 11 6 20 3 16 17 19 8 9 18 5 14 1 13 4 2 12 7 10 15 
student 632: 8 15 18 6 17 12 19 5 9 20 16 7 1 13 4 3 14 10 2 11 
student 633: 4 8 1 7 12 19 18 9 10 20 16 11 3 14 2 5 17 13 6 15 
student 634: 7 3 17 6 14 10 20 9 12 19 15 2 1 8 5 4 16 18 11 13 
student 635: 10 9 19 5 12 17 13 16 7 20 14 15 4 18 1 3 8 11 2 6 
student 636: 7 5 16 4 12 14 19 2 10 20 13 9 3 17 8 1 18 15 6 11 
student 637: 1 11 18 6 10 20 16 17 5 19 15 9 2 12 3 8 4 13 7 14 
student 638: 6 15 19 11 18 17 20 3 7 16 13 4 1 14 10 2 5 12 8 9 
student 639: 11 9 15 8 16 17 20 13 3 19 5 12 2 18 6 1 7 10 4 14 
student 640: 13 6 19 1 16 14 18 3 7 20 8 10 11 15 5 2 9 17 4 12 
student 641: 18 7 17 10 15 13 4 6 14 19 11 16 5 9 3 8 2 20 1 12 
student 642: 15 6 20 2 12 16 18 8 5 19 9 14 7 17 1 3 10 13 4 11 
student 643: 15 11 6 2 18 17 19 8 16 13 10 7 9 5 1 3 20 14 4 12 
student 644: 6 12 20 5 9 19 16 2 13 18 14 4 3 11 8 10 17 15 1 7 
student 645: 8 11 19 6 10 12 20 7 14 16 9 3 4 18 1 2 15 17 5 13 
student 646: 11 6 20 7 13 19 14 8 17 3 12 5 1 16 4 10 15 18 2 9 
student 647: 10 11 18 6 15 19 12 13 16 20 3 14 7 17 5 8 9 4 1 2 
student 648: 20 1 18 6 16 19 17 15 3 12 7 14 8 11 5 4 13 9 2 10 
student 649: 8 4 18 10 7 9 19 6 13 20 15 11 1 17 2 3 14 12 16 5 
student 650: 14 7 17 5 15 8 18 10 12 19 16 4 3 11 1 2 6 20 9 13 
student 651: 4 3 19 5 12 17 20 14 9 18 7 6 8 16 1 2 15 13 11 10 
student 652: 1 6 14 5 15 16 20 10 7 17 11 9 4 19 3 2 18 13 8 12 
student 653: 4 15 18 8 14 19 20 3 6 17 7 9 2 13 1 16 10 11 5 12 
student 654: 13 11 20 1 16 17 19 3 6 18 10 2 4 15 5 9 14 8 7 12 
student 655: 2 4 16 11 18 19 17 14 8 10 12 1 6 13 3 5 7 20 15 9 
student 656: 5 9 15 1 18 17 19 11 10 20 14 7 2 13 6 8 16 12 4 3 
student 657: 7 3 16 5 14 18 15 6 8 20 11 9 2 19 4 10 12 17 1 13 
student 658: 9 1 18 8 17 11 20 4 15 12 5 6 14 16 3 2 10 19 7 13 
student 659: 5 6 16 8 12 18 20 14 9 19 7 13 1 15 3 2 10 17 4 11 
student 660: 8 15 10 2 11 17 6 7 9 14 5 3 1 20 12 13 16 19 4 18 
student 661: 5 11 20 3 13 19 17 16 14 18 12 1 6 9 8 2 15 10 4 7 
student 662: 18 10 19 5 8 20 17 6 9 16 12 4 1 15 2 3 11 14 7 13 
student 663: 10 5 19 3 15 20 18 4 9 17 14 11 6 12 1 8 2 13 7 16 
student 664: 10 4 18 3 17 12 8 11 6 19 20 9 1 16 5 2 13 15 7 14 
student 665: 5 15 11 3 8 20 6 18 7 17 10 13 9 12 1 4 19 16 2 14 
student 666: 10 14 16 2 15 20 19 5 7 6 12 13 1 18 4 11 8 17 3 9 
student 667: 10 13 18 3 15 16 17 2 9 20 12 8 5 19 1 6 11 14 7 4 
student 668: 7 4 19 2 8 17 18 1 16 20 11 9 3 14 5 10 13 15 6 12 
student 669: 11 2 10 12 18 16 14 17 15 19 8 6 5 7 1 3 9 13 4 20 
student 670: 12 6 18 4 15 16 19 13 7 20 14 3 1 17 10 11 8 9 2 5 
student 671: 11 9 20 8 19 17 10 2 12 18 13 14 1 5 3 6 16 15 7 4 
student 672: 1 9 19 8 5 17 18 10 7 16 11 14 3 15 2 4 13 6 20 12 
student 673: 14 6 18 3 13 15 20 10 9 19 17 7 5 8 2 4 12 16 1 11 
student 674: 2 9 8 7 17 12 19 14 15 16 13 10 1 18 6 3 4 20 5 11 
student 675: 8 7 18 2 12 16 17 9 3 20 19 13 6 15 5 10 14 11 1 4 
student 676: 4 5 19 3 13 14 20 7 6 17 11 8 2 16 9 1 10 15 12 18 
student 677: 1 10 19 4 16 18 15 9 14 20 5 3 6 13 8 2 11 17 7 12 
student 678: 3 6 17 2 8 10 13 4 11 14 16 15 5 19 1 7 20 12 9 18 
student 679: 2 9 20 6 16 19 18 14 4 13 10 5 7 15 1 3 11 17 8 12 
student 680: 15 9 12 6 7 20 19 2 10 17 18 5 4 11 1 13 8 16 3 14 
student 681: 7 1 20 5 11 14 16 9 12 18 8 13 2 15 4 6 19 17 3 10 
student 682: 6 12 16 5 8 14 18 4 13 20 15 9 1 19 2 7 17 10 3 11 
student 683: 18 3 20 7 5 12 17 13 14 15 9 2 4 11 1 6 16 19 8 10 
student 684: 11 3 14 8 19 20 15 7 9 18 6 10 2 16 1 5 12 17 4 13 
student 685: 6 4 20 7 13 17 14 5 8 15 10 12 2 16 1 9 18 11 3 19 
student 686: 2 8 16 7 15 3 18 9 12 20 14 5 4 11 1 6 19 17 10 13 
student 687: 1 2 8 4 17 6 9 10 3 19 18 11 5 12 7 13 15 20 16 14 
student 688: 15 3 19 2 11 18 17 7 10 20 14 8 4 16 1 6 12 9 5 13 
student 689: 12 7 15 1 17 6 20 4 8 18 9 13 2 19 5 14 11 16 3 10 
student 690: 5 9 19 10 12 17 15 2 11 20 13 6 3 18 4 1 14 16 8 7 
student 691: 6 10 15 5 3 20 17 11 2 19 12 13 8 9 1 7 16 14 4 18 
student 692: 8 7 19 3 14 15 20 9 11 18 16 13 1 17 4 5 12 6 2 10 
student 693: 16 5 14 7 15 18 19 9 17 20 4 1 3 13 2 6 11 8 10 12 
student 694: 7 17 15 2 16 20 14 5 8 19 18 6 4 11 3 10 13 12 1 9 
student 695: 3 2 7 5 16 15 17 9 12 20 18 8 14 13 1 4 10 19 6 11 
student 696: 6 5 9 2 19 10 20 3 13 14 11 1 15 18 4 8 16 17 12 7 
student 697: 9 10 11 3 14 8 17 12 7 20 13 18 4 2 1 5 16 19 6 15 
student 698: 11 10 20 5 14 2 19 4 18 12 16 1 6 15 7 3 9 17 8 13 
student 699: 3 6 19 1 15 14 18 10 9 20 11 16 5 12 2 4 13 17 7 8 
student 700: 5 8 16 3 18 17 20 12 4 19 11 9 1 13 7 2 14 15 6 10 
student 701: 14 6 19 2 15 16 20 9 8 18 10 7 5 13 1 4 12 17 3 11 
student 702: 20 3 16 1 19 15 18 13 9 17 5 10 2 14 7 6 8 12 4 11 
student 703: 6 10 15 3 9 17 20 12 1 18 13 11 5 14 2 8 16 19 7 4 
student 704: 8 3 20 5 13 18 14 7 11 19 10 9 1 17 4 6 12 16 2 15 
student 705: 9 13 11 1 12 16 20 4 18 19 6 10 5 15 7 8 2 17 3 14 
student 706: 10 3 16 2 13 18 9 4 15 19 17 6 11 12 5 1 7 14 8 20 
student 707: 17 5 16 8 18 12 20 7 10 19 14 6 2 15 4 3 11 13 9 1 
student 708: 6 11 17 1 12 20 15 7 13 16 14 10 9 5 4 2 18 19 3 8 
student 709: 7 3 17 5 16 11 18 9 12 19 10 8 6 15 1 2 14 20 4 13 
student 710: 4 10 6 12 7 19 14 8 13 20 9 15 3 2 1 11 16 18 5 17 
student 711: 10 3 19 7 11 17 15 4 5 20 9 8 6 16 1 18 12 13 2 14 
student 712: 2 8 16 6 19 15 20 10 13 17 14 9 1 18 3 4 12 11 5 7 
student 713: 6 11 17 4 9 15 18 8 13 14 16 7 3 20 2 19 10 5 1 12 
student 714: 20 7 16 6 10 18 15 1 17 19 12 11 2 13 4 3 14 9 5 8 
student 715: 8 12 17 6 9 20 18 3 11 19 10 4 1 16 5 2 13 15 14 7 
student 716: 6 5 20 1 16 14 13 11 10 19 12 7 2 18 15 4 9 8 3 17 
student 717: 13 5 19 8 15 18 20 9 14 17 12 3 7 2 1 10 6 16 4 11 
student 718: 8 5 18 2 10 19 15 6 11 20 17 13 1 14 7 4 12 9 3 16 
student 719: 12 5 17 3 18 11 16 1 2 19 13 9 6 15 7 4 20 8 10 14 
student 720: 5 2 13 7 15 18 19 14 8 11 9 6 3 20 1 4 10 17 12 16 
student 721: 4 2 15 9 10 16 19 12 11 18 17 14 1 20 13 3 5 6 8 7 
student 722: 9 4 20 1 16 17 18 12 8 19 14 13 5 11 3 6 10 15 2 7 
student 723: 9 2 18 6 7 15 19 11 12 17 14 13 3 16 1 5 20 8 10 4 
student 724: 12 9 17 6 15 8 19 4 10 5 16 14 3 20 1 2 13 18 7 11 
student 725: 9 5 16 1 13 17 18 3 6 19 12 8 4 20 7 2 11 15 10 14 
student 726: 7 13 17 5 14 18 11 8 3 15 10 2 1 19 6 9 16 20 4 12 
student 727: 8 7 16 4 9 13 19 11 17 20 10 5 2 12 3 1 14 18 6 15 
student 728: 11 8 18 5 16 1 20 6 14 13 15 7 4 17 3 2 12 9 10 19 
student 729: 13 7 18 2 11 14 15 12 8 19 16 3 5 9 6 4 17 20 1 10 
student 730: 11 3 13 6 15 8 14 5 19 20 10 7 2 17 1 4 12 18 9 16 
student 731: 18 8 13 9 14 19 4 10 12 16 15 7 5 17 2 1 11 6 3 20 
student 732: 7 8 18 6 10 11 20 12 15 13 9 4 2 16 1 3 17 14 5 19 
student 733: 9 1 20 4 13 11 17 14 12 19 5 2 3 16 8 15 10 18 7 6 
student 734: 10 5 15 7 20 12 18 8 6 19 17 3 4 11 13 9 14 16 2 1 
student 735: 1 3 13 8 15 18 12 4 5 17 16 9 2 10 14 7 19 20 11 6 
student 736: 5 8 20 3 10 16 15 11 7 17 14 12 1 9 2 6 19 18 4 13 
student 737: 11 7 16 12 13 18 20 4 5 19 14 8 10 9 3 2 15 17 1 6 
student 738: 3 10 13 2 7 18 19 9 15 17 14 4 6 11 5 1 16 20 12 8 
student 739: 3 14 16 2 17 12 18 7 8 20 13 4 6 15 1 5 19 9 10 11 
student 740: 3 2 14 5 8 17 20 4 10 16 12 6 1 9 7 19 11 15 18 13 
student 741: 15 10 18 1 8 19 12 9 17 20 4 7 3 11 5 6 14 16 2 13 
student 742: 19 13 16 4 14 18 9 6 10 20 17 12 7 11 1 2 8 15 5 3 
student 743: 3 4 13 6 17 18 19 8 9 16 15 5 2 20 1 10 7 14 12 11 
student 744: 8 13 10 4 12 15 18 5 11 19 6 16 3 17 1 7 14 20 2 9 
student 745: 10 2 14 5 8 16 18 9 7 17 20 19 4 15 1 6 13 11 3 12 
student 746: 18 3 13 2 20 16 14 8 4 19 15 9 5 10 6 1 11 17 7 12 
student 747: 8 6 17 1 14 19 20 12 13 16 9 7 4 15 3 5 11 10 2 18 
student 748: 10 6 12 2 15 20 19 7 17 18 8 13 4 16 5 1 9 11 3 14 
student 749: 8 6 10 5 15 20 17 1 16 13 7 18 2 14 3 4 12 19 9 11 
student 750: 5 6 13 8 20 17 18 9 11 19 10 4 3 14 1 7 12 16 2 15 
student 751: 13 4 16 6 7 20 18 12 10 19 9 14 2 11 1 5 15 17 8 3 
student 752: 6 3 19 1 13 14 18 12 10 4 20 8 2 17 7 9 16 11 5 15 
student 753: 19 8 5 10 15 20 17 9 3 18 12 11 6 14 1 2 16 13 4 7 
student 754: 1 10 20 2 14 18 16 4 15 19 11 8 5 9 3 7 12 17 6 13 
student 755: 6 7 18 8 19 3 20 12 2 17 9 14 4 13 11 5 15 16 1 10 
student 756: 12 1 9 11 16 17 20 7 14 15 8 6 4 18 5 3 13 10 2 19 
student 757: 10 8 18 2 11 19 15 4 9 20 12 6 5 14 1 7 16 17 3 13 
student 758: 15 1 20 3 8 11 16 9 6 19 12 14 2 18 4 5 13 17 7 10 
student 759: 10 14 6 7 15 17 20 9 13 19 8 3 2 16 1 4 12 18 5 11 
student 760: 9 6 12 1 13 17 18 19 7 16 8 15 5 20 2 3 11 14 4 10 
student 761: 4 11 18 3 17 19 13 7 2 16 12 10 6 15 1 5 14 20 9 8 
student 762: 6 3 16 1 12 19 17 14 4 20 8 13 2 18 7 5 15 11 9 10 
student 763: 9 7 15 6 17 18 19 5 8 20 13 16 2 14 1 3 10 11 4 12 
student 764: 6 8 18 4 15 19 11 2 13 20 16 7 10 17 3 1 9 14 5 12 
student 765: 5 6 17 2 4 19 12 9 7 20 8 15 3 14 11 1 13 10 16 18 
student 766: 3 7 19 12 20 9 15 8 10 18 13 11 1 16 2 4 14 17 5 6 
student 767: 9 10 19 4 2 14 20 11 16 18 17 15 1 12 5 6 8 13 7 3 
student 768: 4 6 17 1 14 11 19 7 13 20 12 9 2 16 5 10 15 18 3 8 
student 769: 3 11 18 4 13 15 16 5 7 20 9 12 6 14 1 10 17 8 2 19 
student 770: 9 7 17 6 16 13 10 8 2 19 12 1 3 18 11 5 20 4 14 15 
student 771: 7 6 10 2 16 3 17 13 19 18 15 14 11 12 1 4 9 20 8 5 
student 772: 3 7 16 5 20 13 18 10 2 19 9 17 6 11 4 12 15 14 1 8 
student 773: 5 3 19 6 14 18 11 13 8 20 12 4 2 17 1 7 15 16 9 10 
student 774: 9 2 18 1 10 17 12 11 13 19 4 16 3 20 8 7 6 14 5 15 
student 775: 7 5 9 13 12 10 19 4 17 20 8 16 1 6 2 14 18 15 3 11 
student 776: 13 11 12 2 14 6 19 8 17 20 5 10 4 18 3 7 1 16 9 15 
student 777: 13 2 20 12 9 19 16 10 7 6 15 3 4 18 1 5 8 11 14 17 
student 778: 6 5 16 4 15 18 20 7 8 19 13 9 11 10 1 2 14 17 12 3 
student 779: 10 2 19 5 13 18 17 7 8 20 12 6 3 16 1 4 15 14 9 11 
student 780: 8 7 17 13 14 16 18 9 5 20 12 4 1 15 3 2 10 19 6 11 
student 781: 5 10 18 1 14 19 15 17 6 16 13 7 12 20 2 4 3 11 9 8 
student 782: 8 3 16 1 4 18 14 12 9 20 15 13 2 19 5 6 17 10 7 11 
student 783: 8 9 16 4 6 19 15 5 17 18 12 14 2 10 3 7 20 13 1 11 
student 784: 10 6 19 1 12 15 14 4 17 18 11 9 3 16 2 8 13 20 5 7 
student 785: 13 1 5 6 12 17 16 7 9 19 15 14 4 20 2 10 11 18 3 8 
student 786: 1 4 12 8 18 19 20 9 16 17 7 3 5 14 2 10 6 13 15 11 
student 787: 5 15 9 3 12 20 19 4 18 17 16 1 7 8 2 11 10 13 6 14 
student 788: 11 12 14 7 5 10 19 6 8 20 15 17 4 18 2 1 13 16 3 9 
student 789: 10 6 2 8 20 18 19 3 12 17 15 5 7 16 4 1 14 13 9 11 
student 790: 7 6 16 5 15 19 12 9 10 20 14 8 3 17 1 11 13 18 4 2 
student 791: 2 7 20 4 19 14 17 11 6 18 10 13 1 12 3 9 15 16 5 8 
student 792: 7 4 15 2 11 17 12 14 18 19 9 16 3 20 6 1 13 8 5 10 
student 793: 9 11 20 4 14 18 13 2 3 15 6 17 1 19 7 5 12 16 8 10 
student 794: 14 7 17 1 11 20 19 8 9 18 15 4 3 13 2 10 12 16 5 6 
student 795: 13 6 15 18 11 17 20 8 12 7 9 10 4 16 3 1 14 19 2 5 
student 796: 4 3 12 10 8 16 13 15 2 20 17 18 1 19 6 5 9 14 7 11 
student 797: 11 4 17 8 15 14 18 6 5 20 7 9 2 10 1 3 12 19 16 13 
student 798: 12 13 20 6 9 15 18 4 11 17 10 7 5 14 3 1 19 16 2 8 
student 799: 10 4 7 6 16 13 14 9 15 20 19 3 8 18 2 5 12 17 1 11 
