student 0: 12 2 13 9 5 18 15 16 1 3 20 14 11 19 4 17 6 7 10 8 
student 1: 8 5 11 13 6 16 19 20 17 4 15 10 9 18 1 14 3 12 2 7 
student 2: 9 15 16 11 4 19 17 13 14 7 20 6 2 18 3 8 1 12 10 5 
student 3: 1 8 17 15 4 20 18 11 10 12 14 7 5 19 2 13 6 16 9 3 
student 4: 17 13 1 4 6 8 18 16 15 11 10 7 20 19 5 14 3 12 2 9 
student 5: 10 5 13 12 1 17 19 11 16 6 20 7 18 14 3 8 9 15 2 4 
student 6: 4 12 10 9 6 17 20 16 19 13 11 3 5 18 7 14 2 15 1 8 
student 7: 12 3 13 5 1 18 16 14 15 8 20 9 11 19 2 7 4 17 10 6 
student 8: 5 17 7 13 2 19 18 14 20 9 12 6 10 11 1 15 4 16 8 3 
student 9: 8 3 15 6 11 18 20 19 10 7 13 5 9 16 14 17 2 12 4 1 
student 10: 17 1 12 14 11 15 20 10 9 4 13 8 16 2 3 19 5 18 7 6 
student 11: 12 8 13 5 4 18 15 17 20 6 11 2 14 9 1 19 7 16 3 10 
student 12: 11 2 20 8 1 18 15 16 17 10 14 6 4 19 3 7 9 13 5 12 
student 13: 14 9 17 10 7 20 15 6 13 2 16 12 18 11 1 8 5 19 4 3 
student 14: 13 2 14 11 10 20 19 17 12 7 18 8 4 15 1 16 5 9 6 3 
student 15: 2 1 17 9 15 16 13 10 12 4 19 8 20 14 5 11 3 18 6 7 
student 16: 9 8 7 10 6 16 20 18 13 12 19 15 17 1 3 5 2 14 11 4 
student 17: 7 8 17 4 1 16 18 19 15 9 10 13 11 14 3 12 2 20 6 5 
student 18: 10 8 11 16 9 17 14 19 3 1 15 6 18 12 2 4 7 13 20 5 
student 19: 13 3 18 14 7 20 17 15 16 2 6 4 19 10 8 12 9 11 1 5 
student 20: 13 14 12 9 7 10 20 11 18 4 17 2 3 16 6 15 1 19 5 8 
student 21: 15 4 12 11 2 20 18 13 19 6 14 9 7 10 1 17 3 16 8 5 
student 22: 5 11 20 12 4 13 19 17 15 6 9 8 7 18 3 10 1 16 14 2 
student 23: 8 3 12 10 7 18 20 11 16 6 17 9 15 19 1 13 4 14 2 5 
student 24: 18 1 13 10 5 19 15 14 11 16 20 8 9 17 7 4 3 12 6 2 
student 25: 7 10 12 9 4 16 8 15 11 3 18 17 14 13 5 19 6 20 2 1 
student 26: 12 4 18 11 3 14 20 17 16 8 19 2 13 15 10 7 1 9 6 5 
student 27: 2 10 14 11 7 12 20 13 15 4 18 17 16 19 1 8 6 9 3 5 
student 28: 18 4 13 3 5 14 19 12 16 10 20 7 6 11 8 15 1 17 9 2 
student 29: 10 14 5 16 4 18 6 20 2 8 13 7 12 17 19 1 11 15 9 3 
student 30: 19 6 14 8 10 12 16 18 13 7 17 3 11 9 1 15 2 20 4 5 
student 31: 9 11 4 12 1 19 15 17 20 7 8 13 16 14 2 10 5 18 6 3 
student 32: 11 9 10 8 3 20 18 17 14 6 15 7 12 19 4 13 1 16 5 2 
student 33: 10 15 11 9 7 19 20 14 17 5 18 4 6 13 2 12 3 16 1 8 
student 34: 14 10 9 7 1 16 17 5 20 6 19 11 8 13 4 15 3 18 2 12 
student 35: 17 5 3 7 1 8 14 20 13 6 19 9 4 16 10 12 2 11 18 15 
student 36: 10 9 15 3 17 19 18 16 12 5 13 2 20 14 7 8 1 11 6 4 
student 37: 17 13 18 16 11 14 10 9 15 5 20 8 6 19 2 12 1 7 4 3 
student 38: 8 15 13 6 12 20 19 10 16 2 14 3 7 11 1 17 4 18 9 5 
student 39: 12 10 13 7 9 20 16 19 15 3 18 1 8 11 6 14 4 17 2 5 
student 40: 15 10 7 11 4 19 16 18 17 8 20 6 9 14 1 12 2 13 5 3 
student 41: 11 4 14 13 1 17 12 20 15 6 19 10 16 8 2 9 5 18 7 3 
student 42: 11 7 14 10 4 19 20 13 17 12 15 2 8 16 5 18 6 9 1 3 
student 43: 8 3 12 10 5 7 14 18 9 6 17 11 15 19 4 16 1 20 13 2 
student 44: 8 4 16 9 6 19 18 10 11 7 17 13 12 15 5 20 3 14 1 2 
student 45: 9 6 16 8 5 19 17 13 2 1 20 10 12 18 14 15 7 11 3 4 
student 46: 12 8 15 4 2 11 20 17 5 1 18 13 19 16 7 14 3 9 6 10 
student 47: 8 15 13 6 5 14 20 18 17 11 19 10 7 9 3 16 4 12 1 2 
student 48: 13 6 17 7 5 18 20 19 14 9 11 12 3 16 4 10 8 15 2 1 
student 49: 13 2 18 4 3 19 20 12 10 5 15 9 16 17 1 11 6 14 8 7 
student 50: 6 10 9 3 7 18 20 13 11 16 4 14 19 15 2 12 1 17 5 8 
student 51: 10 5 13 16 7 20 17 18 12 1 19 6 9 15 2 11 3 14 8 4 
student 52: 7 13 11 12 5 20 18 14 10 6 16 1 8 15 3 9 2 19 17 4 
student 53: 5 11 20 14 9 18 13 12 10 3 16 1 17 19 2 8 7 15 6 4 
student 54: 5 9 16 19 4 18 17 14 10 2 15 3 6 20 7 12 8 11 13 1 
student 55: 6 8 12 5 3 11 19 15 17 13 10 14 9 18 7 16 2 20 4 1 
student 56: 9 8 14 20 5 19 16 18 12 10 15 11 6 13 7 1 2 17 3 4 
student 57: 12 4 19 8 1 17 18 7 16 5 13 9 10 20 2 15 6 14 3 11 
student 58: 13 7 10 6 9 20 11 14 18 12 15 5 17 19 1 16 3 8 4 2 
student 59: 9 8 11 4 5 18 10 16 6 7 19 13 14 20 3 17 1 15 12 2 
student 60: 12 6 13 2 7 10 20 19 14 15 18 9 11 17 1 8 3 16 5 4 
student 61: 11 4 19 6 12 17 20 15 14 7 10 8 9 16 3 13 1 18 5 2 
student 62: 11 4 14 10 13 20 19 17 16 3 18 8 7 12 1 6 5 15 9 2 
student 63: 13 7 8 10 2 16 18 20 6 3 11 5 17 19 12 14 1 15 4 9 
student 64: 7 6 17 3 4 18 16 20 11 2 19 12 14 15 5 9 8 13 10 1 
student 65: 8 7 14 16 5 17 12 9 11 3 18 15 13 20 1 6 4 19 2 10 
student 66: 2 1 14 5 9 18 19 12 13 17 16 20 8 4 3 11 6 15 7 10 
student 67: 6 15 17 4 3 16 20 8 13 10 19 1 12 11 5 18 2 14 9 7 
student 68: 17 4 11 12 6 19 20 15 10 5 13 7 9 18 1 14 2 16 8 3 
student 69: 13 7 14 11 6 17 16 4 12 9 18 10 19 15 5 8 1 20 3 2 
student 70: 13 7 17 10 5 20 15 14 16 6 18 9 11 19 3 8 2 12 1 4 
student 71: 15 7 14 18 12 16 17 9 3 2 13 10 20 8 4 5 1 19 6 11 
student 72: 13 11 15 12 5 19 20 14 16 4 18 6 9 17 1 7 3 8 2 10 
student 73: 12 6 9 19 10 16 18 14 8 4 20 1 11 15 2 13 7 17 3 5 
student 74: 15 2 16 12 13 6 18 19 17 5 14 7 10 20 1 11 9 8 4 3 
student 75: 11 13 9 10 6 15 20 16 14 1 18 5 8 12 7 19 2 17 4 3 
student 76: 4 8 11 15 2 19 14 6 18 5 17 13 9 16 10 20 1 12 3 7 
student 77: 17 1 15 9 3 14 20 16 4 6 19 5 12 18 2 11 7 13 10 8 
student 78: 7 2 17 8 10 19 20 14 13 6 15 5 9 16 3 18 1 12 4 11 
student 79: 17 2 14 6 5 19 20 15 8 7 12 11 13 10 1 16 4 18 9 3 
student 80: 11 3 18 10 2 14 17 16 9 6 20 4 19 15 1 7 5 12 13 8 
student 81: 14 7 20 1 8 17 19 15 9 3 18 6 13 16 2 11 5 10 12 4 
student 82: 13 5 16 4 7 19 20 14 11 10 18 12 9 17 1 8 3 15 2 6 
student 83: 7 1 18 19 15 4 17 16 10 13 14 5 12 11 6 9 2 20 3 8 
student 84: 5 16 20 17 12 19 13 18 3 7 10 2 9 15 14 11 1 8 4 6 
student 85: 6 13 20 5 11 19 17 18 10 15 12 9 8 7 1 16 2 14 3 4 
student 86: 5 10 18 1 6 17 20 19 11 12 16 15 9 14 3 8 2 13 7 4 
student 87: 9 5 17 1 2 10 13 15 19 12 20 8 6 18 3 14 4 11 16 7 
student 88: 1 14 13 10 16 4 15 18 20 7 17 3 9 19 2 8 6 11 12 5 
student 89: 10 1 15 5 4 19 14 6 7 16 20 3 12 18 2 17 11 13 8 9 
student 90: 2 4 18 19 6 20 11 15 14 3 17 12 5 8 13 10 7 16 9 1 
student 91: 6 11 9 2 8 19 16 13 20 7 10 15 12 18 1 14 3 17 4 5 
student 92: 8 5 11 9 6 19 18 16 17 10 20 12 4 15 7 14 2 13 3 1 
student 93: 11 9 17 5 6 20 19 7 15 10 18 8 12 13 1 14 4 16 3 2 
student 94: 12 4 14 11 6 16 19 17 15 10 13 18 8 20 1 3 5 9 7 2 
student 95: 17 15 9 8 10 11 19 12 2 6 20 7 13 14 1 16 3 18 5 4 
student 96: 14 9 12 5 11 17 20 19 13 2 18 4 7 16 1 10 8 15 3 6 
student 97: 9 5 16 6 4 17 15 13 14 7 20 8 10 19 3 11 1 12 18 2 
student 98: 15 6 12 8 7 17 20 11 1 13 19 10 16 18 2 9 4 14 5 3 
student 99: 15 9 6 12 5 16 19 14 10 4 17 8 3 18 7 20 2 13 11 1 
student 100: 12 7 9 6 13 16 15 14 17 8 20 5 18 19 3 11 1 10 4 2 
student 101: 10 7 20 9 1 19 15 18 17 6 16 13 12 14 4 3 5 11 2 8 
student 102: 9 6 11 10 4 19 16 18 14 1 17 5 12 20 7 13 3 15 2 8 
student 103: 9 13 17 15 8 20 19 10 5 6 18 4 16 14 11 12 1 3 2 7 
student 104: 10 7 18 13 5 16 20 11 8 9 19 15 4 12 3 6 2 14 17 1 
student 105: 12 4 17 16 10 20 19 15 7 11 14 9 13 18 1 8 2 6 5 3 
student 106: 18 8 14 7 6 17 19 12 11 16 15 5 10 13 1 4 9 20 3 2 
student 107: 10 4 8 11 3 17 7 13 19 18 15 6 9 12 1 16 5 20 14 2 
student 108: 3 6 11 5 2 19 17 18 13 8 10 15 9 20 16 14 7 12 1 4 
student 109: 5 6 19 9 10 20 17 16 15 7 14 12 8 18 1 13 3 11 2 4 
student 110: 5 7 15 14 9 20 18 19 13 1 8 10 12 17 3 16 4 6 2 11 
student 111: 12 1 15 8 3 20 19 17 11 2 18 4 6 16 9 10 7 14 13 5 
student 112: 18 8 14 11 3 16 13 20 2 6 15 10 17 9 7 12 5 19 1 4 
student 113: 17 10 3 8 14 18 19 7 4 13 20 12 9 15 1 16 6 11 2 5 
student 114: 9 6 16 8 2 14 20 19 13 7 11 5 10 17 1 12 3 15 18 4 
student 115: 5 9 11 8 13 18 12 15 20 7 17 4 16 19 3 6 1 14 2 10 
student 116: 16 8 12 7 4 18 19 17 11 10 20 6 9 14 3 13 2 15 5 1 
student 117: 9 6 12 8 3 20 17 13 10 7 15 14 11 16 1 19 2 18 4 5 
student 118: 6 10 20 11 4 19 18 1 12 9 8 14 17 16 3 13 7 15 5 2 
student 119: 8 4 10 12 5 17 20 19 18 7 13 9 14 16 2 15 3 11 6 1 
student 120: 6 10 15 9 8 17 16 19 18 2 20 4 12 13 14 11 3 5 7 1 
student 121: 10 6 19 7 3 20 18 12 13 9 17 8 15 16 5 11 2 14 4 1 
student 122: 20 7 16 11 9 19 18 10 15 8 17 1 5 14 3 4 6 12 13 2 
student 123: 10 9 11 15 1 18 19 17 20 7 14 4 13 12 6 16 3 5 2 8 
student 124: 8 7 15 13 2 19 4 14 9 3 18 11 20 16 1 12 5 17 6 10 
student 125: 7 4 11 8 18 20 16 13 14 6 15 9 10 17 1 19 3 12 2 5 
student 126: 6 7 14 8 1 17 20 10 19 11 16 9 13 15 3 18 4 12 2 5 
student 127: 15 7 10 5 3 14 18 17 12 9 8 19 11 20 4 16 2 13 6 1 
student 128: 4 6 20 3 5 18 16 11 19 10 14 7 13 15 1 17 9 8 12 2 
student 129: 11 1 8 9 12 18 20 13 14 6 17 7 10 19 2 16 5 15 4 3 
student 130: 6 8 16 12 4 17 13 20 14 11 19 9 5 18 2 10 3 15 7 1 
student 131: 15 13 20 5 11 19 14 9 4 2 7 10 16 17 3 18 6 12 1 8 
student 132: 8 7 15 11 14 9 17 20 18 2 19 5 10 13 3 16 1 12 6 4 
student 133: 5 2 19 13 12 17 18 11 8 7 20 6 9 14 10 15 3 16 1 4 
student 134: 3 4 15 12 10 19 18 17 16 2 20 11 9 13 7 8 6 14 5 1 
student 135: 11 12 13 18 7 17 19 16 10 3 14 9 15 20 2 4 1 8 6 5 
student 136: 7 4 13 11 9 17 16 15 3 10 19 8 14 20 5 18 1 12 2 6 
student 137: 10 14 15 7 9 11 5 13 19 3 18 17 12 20 4 8 1 16 6 2 
student 138: 7 12 11 10 3 17 18 13 19 9 16 5 8 14 2 15 1 20 6 4 
student 139: 9 7 16 8 1 13 19 18 15 12 14 6 10 20 2 11 5 17 4 3 
student 140: 13 8 11 5 1 17 20 16 18 2 9 10 19 7 4 14 6 15 12 3 
student 141: 7 5 8 14 9 20 19 13 12 11 16 6 10 17 2 18 1 15 4 3 
student 142: 12 3 11 4 9 20 18 13 8 16 19 7 10 17 2 14 6 15 5 1 
student 143: 8 10 19 17 2 20 18 11 12 5 15 16 13 6 1 3 7 14 9 4 
student 144: 11 7 10 19 8 16 20 17 9 4 14 1 15 18 2 12 3 13 6 5 
student 145: 10 6 13 12 4 15 20 18 9 11 19 3 14 17 1 16 2 7 8 5 
student 146: 4 1 15 9 11 14 8 19 12 6 16 17 10 18 2 5 7 20 3 13 
student 147: 3 7 11 13 17 18 10 16 12 9 20 8 15 19 4 14 2 6 5 1 
student 148: 1 5 19 9 4 20 18 12 3 14 17 6 15 10 8 7 2 16 11 13 
student 149: 15 2 18 1 12 20 19 5 13 10 16 3 9 17 4 11 7 14 6 8 
student 150: 14 4 13 10 12 15 19 16 17 5 18 8 6 7 2 11 3 20 1 9 
student 151: 18 4 17 6 11 20 10 13 9 5 19 7 16 15 2 14 12 8 3 1 
student 152: 9 10 14 7 3 19 11 17 16 4 20 5 13 18 1 12 2 15 8 6 
student 153: 7 2 10 13 1 19 18 16 11 8 20 9 14 17 6 15 4 12 5 3 
student 154: 3 7 17 20 4 14 18 19 16 13 15 6 12 11 5 10 9 8 1 2 
student 155: 19 4 13 8 7 15 20 17 5 9 10 11 16 18 6 12 1 14 2 3 
student 156: 6 9 12 4 2 17 20 15 13 19 16 7 8 11 5 18 3 14 10 1 
student 157: 14 5 10 7 8 17 19 11 13 3 15 9 2 20 4 16 1 18 6 12 
student 158: 1 9 15 14 12 19 18 11 16 5 17 10 7 13 2 6 3 20 8 4 
student 159: 9 10 17 14 7 19 20 5 13 2 16 4 12 15 8 18 3 11 1 6 
student 160: 9 6 17 16 2 19 20 13 10 4 11 7 8 18 12 3 1 15 14 5 
student 161: 9 2 20 7 6 3 17 18 11 13 19 16 10 14 1 15 12 4 8 5 
student 162: 4 6 18 13 5 17 19 10 16 7 14 8 9 20 2 12 3 15 1 11 
student 163: 2 9 18 12 6 20 17 13 11 7 15 3 14 16 1 8 5 19 4 10 
student 164: 11 9 15 8 5 18 19 16 14 7 13 6 10 17 4 3 2 20 1 12 
student 165: 9 8 12 7 3 20 19 18 15 6 16 5 17 2 4 13 11 14 10 1 
student 166: 12 6 18 4 11 19 20 17 16 14 13 5 7 10 3 1 2 15 9 8 
student 167: 9 2 5 15 6 17 14 13 11 4 16 7 18 12 3 20 1 8 19 10 
student 168: 16 4 13 9 7 18 15 12 20 19 11 10 14 17 2 8 5 1 3 6 
student 169: 5 3 16 6 10 19 20 18 15 12 14 7 8 11 2 13 1 17 9 4 
student 170: 11 6 8 3 10 20 18 17 4 2 7 14 16 19 9 15 1 13 12 5 
student 171: 8 7 16 12 5 19 20 17 11 2 13 10 14 15 3 9 1 18 4 6 
student 172: 17 8 13 4 2 16 18 14 12 10 19 9 11 20 6 5 1 15 3 7 
student 173: 20 4 8 11 5 18 17 14 19 7 9 13 16 15 2 12 3 10 1 6 
student 174: 17 2 10 1 7 20 15 13 8 11 19 12 9 18 4 14 3 16 5 6 
student 175: 14 8 15 4 10 12 20 19 16 2 17 11 5 18 1 13 3 9 6 7 
student 176: 5 1 4 18 7 14 9 16 13 10 17 19 20 11 12 2 3 15 8 6 
student 177: 2 8 13 5 7 19 17 18 12 10 15 1 11 20 3 16 4 14 9 6 
student 178: 10 11 19 5 4 16 20 18 14 7 17 8 9 15 1 12 3 13 2 6 
student 179: 9 10 11 5 7 16 19 12 14 4 15 6 13 18 1 8 3 17 20 2 
student 180: 12 4 16 10 5 20 19 15 14 2 17 6 11 7 1 13 8 18 9 3 
student 181: 12 5 13 4 11 14 18 20 7 17 9 6 10 19 2 16 1 15 8 3 
student 182: 14 2 15 3 11 19 13 17 8 16 12 20 6 18 7 9 1 10 4 5 
student 183: 6 9 14 5 4 20 17 15 8 16 18 3 10 19 7 12 1 13 11 2 
student 184: 15 2 19 5 4 17 20 6 11 14 18 9 10 13 1 12 8 16 7 3 
student 185: 9 6 15 12 4 19 20 11 14 1 8 5 17 18 3 16 10 13 2 7 
student 186: 10 20 11 6 12 17 18 19 8 2 16 4 7 14 9 13 1 15 5 3 
student 187: 10 13 7 6 2 16 17 15 8 5 20 11 19 9 4 12 1 14 3 18 
student 188: 7 2 15 6 16 20 18 14 10 5 17 4 9 12 8 13 3 19 11 1 
student 189: 6 8 10 14 3 18 17 16 15 11 19 9 20 13 1 4 5 12 7 2 
student 190: 6 8 7 4 10 20 13 9 16 11 19 14 18 15 2 12 3 17 5 1 
student 191: 15 5 9 13 8 12 16 14 18 20 19 3 17 11 2 6 10 4 7 1 
student 192: 11 6 4 19 13 18 5 15 20 12 17 8 10 16 3 9 1 14 2 7 
student 193: 6 3 7 20 4 15 17 9 14 8 16 13 10 11 5 19 12 18 2 1 
student 194: 13 3 17 10 8 20 15 18 11 4 14 12 16 9 2 6 5 19 7 1 
student 195: 11 6 15 7 14 18 19 16 9 5 20 10 8 17 1 12 4 13 3 2 
student 196: 9 4 11 14 2 16 20 18 6 1 19 10 13 17 7 15 5 12 8 3 
student 197: 9 12 11 4 2 20 19 18 15 6 1 13 14 10 3 16 8 17 7 5 
student 198: 10 4 15 11 6 19 20 14 12 7 16 5 2 17 3 9 13 18 8 1 
student 199: 9 1 14 11 7 20 13 17 16 10 19 6 5 18 3 15 2 12 4 8 
student 200: 15 9 7 4 8 18 17 16 11 19 20 5 12 13 2 10 6 14 1 3 
student 201: 3 8 13 15 10 20 11 9 16 2 19 4 17 14 1 12 7 18 5 6 
student 202: 11 13 4 6 7 17 9 14 15 10 16 18 3 20 1 12 8 19 5 2 
student 203: 8 16 9 6 12 20 14 13 19 10 11 3 7 18 5 15 2 17 1 4 
student 204: 9 1 13 12 16 20 15 19 10 6 18 11 7 17 2 5 8 14 3 4 
student 205: 20 7 5 3 11 12 18 9 15 10 19 13 16 17 4 8 1 14 6 2 
student 206: 19 2 8 5 13 15 18 16 12 9 20 14 11 17 3 7 4 6 10 1 
student 207: 3 8 17 10 6 19 20 15 12 7 18 9 11 16 4 14 2 13 1 5 
student 208: 12 6 10 3 11 20 17 18 14 7 19 13 8 16 5 9 1 15 4 2 
student 209: 6 7 12 11 5 14 20 9 15 13 18 8 10 19 2 1 3 16 4 17 
student 210: 3 2 14 12 6 18 8 16 15 10 19 4 13 20 5 11 9 17 1 7 
student 211: 17 11 18 1 9 19 13 12 6 2 16 7 10 14 3 20 8 15 5 4 
student 212: 8 6 16 12 5 18 14 19 9 11 20 3 7 10 4 15 13 17 1 2 
student 213: 8 3 15 6 11 19 17 14 13 9 16 2 12 20 18 7 5 10 1 4 
student 214: 12 11 3 14 5 19 18 20 15 16 7 6 8 1 13 9 2 17 10 4 
student 215: 18 8 1 15 6 5 9 7 11 12 20 10 16 14 4 19 17 13 3 2 
student 216: 13 12 7 9 5 19 20 15 14 10 17 3 8 18 1 11 2 16 4 6 
student 217: 8 7 20 14 6 13 18 19 12 15 17 9 11 3 4 16 1 5 10 2 
student 218: 7 6 4 10 9 20 18 12 13 11 15 5 16 17 2 14 8 19 3 1 
student 219: 5 1 19 16 6 18 20 9 14 11 13 12 10 15 2 17 4 7 3 8 
student 220: 9 8 7 6 5 19 15 12 16 17 10 11 13 20 1 14 2 18 3 4 
student 221: 14 2 18 6 3 19 20 12 11 8 17 9 13 16 7 15 4 10 1 5 
student 222: 9 1 11 10 3 14 18 19 17 7 13 4 12 20 8 16 2 15 5 6 
student 223: 14 12 20 4 3 18 16 19 8 5 15 13 10 6 17 9 1 11 2 7 
student 224: 9 13 20 11 6 15 19 12 7 1 14 2 8 17 16 18 3 10 4 5 
student 225: 5 11 18 4 6 20 19 17 14 3 15 13 10 7 1 9 8 16 2 12 
student 226: 7 8 4 10 15 18 16 9 17 6 14 11 12 20 1 19 3 13 2 5 
student 227: 8 9 17 3 13 14 20 16 11 7 12 19 4 18 2 15 1 10 6 5 
student 228: 11 6 18 7 12 15 17 13 20 8 19 4 10 16 1 14 3 9 5 2 
student 229: 9 1 14 11 2 20 12 15 16 3 19 8 13 18 5 17 4 10 6 7 
student 230: 3 5 11 9 15 19 17 20 10 4 16 1 14 12 2 6 8 18 7 13 
student 231: 15 12 14 10 5 19 18 17 8 3 20 7 13 16 1 6 2 11 4 9 
student 232: 20 2 17 4 10 14 9 11 8 12 13 16 5 19 6 18 7 15 1 3 
student 233: 13 2 10 7 11 20 12 19 17 9 18 1 14 16 3 8 6 15 4 5 
student 234: 17 5 16 10 4 20 19 15 9 8 14 11 7 18 1 12 2 13 3 6 
student 235: 7 10 11 16 3 20 17 14 2 9 15 4 18 13 1 12 5 19 6 8 
student 236: 4 8 6 5 13 10 19 15 20 11 17 14 9 3 7 16 2 18 12 1 
student 237: 12 10 14 13 6 20 19 17 5 9 18 1 8 15 11 4 7 16 3 2 
student 238: 10 6 12 9 2 20 13 17 14 3 19 11 18 15 7 4 8 1 16 5 
student 239: 13 10 16 12 7 18 20 15 11 5 19 14 9 17 2 8 4 1 6 3 
student 240: 9 11 17 5 7 14 20 18 12 13 16 3 8 15 1 10 4 19 6 2 
student 241: 9 1 13 7 10 19 20 17 11 8 18 3 16 15 2 5 4 14 6 12 
student 242: 7 2 15 4 3 14 12 20 10 11 18 9 16 19 1 6 8 17 5 13 
student 243: 15 6 11 8 10 20 19 18 14 12 3 7 9 17 1 13 2 16 4 5 
student 244: 18 6 15 12 3 16 17 10 9 7 20 1 8 14 13 11 4 19 5 2 
student 245: 14 9 20 6 12 10 17 15 13 5 19 4 7 11 1 16 3 18 2 8 
student 246: 17 1 13 7 3 19 10 11 15 4 16 14 9 18 5 12 2 20 6 8 
student 247: 15 11 19 12 5 14 13 17 8 9 16 7 18 20 2 6 3 10 1 4 
student 248: 20 10 11 4 7 14 18 12 16 3 19 8 13 17 5 9 2 15 1 6 
student 249: 13 8 10 5 2 18 19 12 6 14 20 11 3 16 7 9 1 17 4 15 
student 250: 10 1 18 6 3 17 16 20 14 19 12 2 8 15 7 11 4 13 9 5 
student 251: 7 9 8 6 4 20 17 14 11 5 19 16 18 15 1 12 10 13 3 2 
student 252: 13 11 15 8 1 18 17 9 12 2 20 7 6 16 3 19 10 4 14 5 
student 253: 8 10 3 16 6 19 12 11 13 5 18 9 20 15 2 14 4 17 1 7 
student 254: 15 7 5 11 10 17 12 20 14 6 19 3 9 13 2 16 1 18 4 8 
student 255: 10 1 9 13 5 18 20 19 15 3 17 8 11 16 4 12 2 14 6 7 
student 256: 14 5 8 9 4 19 13 20 15 10 17 16 3 12 2 11 1 18 6 7 
student 257: 16 13 19 1 9 18 12 11 7 10 20 14 17 15 4 5 3 2 8 6 
student 258: 17 9 18 16 7 20 19 15 11 6 14 8 10 12 1 13 4 3 5 2 
student 259: 9 7 16 13 6 15 18 10 17 11 14 5 2 19 1 12 8 20 4 3 
student 260: 14 8 16 12 11 19 17 20 15 7 13 9 4 10 1 5 2 18 3 6 
student 261: 13 9 15 11 2 19 20 5 16 10 18 14 17 12 1 4 3 8 6 7 
student 262: 12 5 15 1 8 20 19 11 13 2 17 3 10 18 6 9 4 14 16 7 
student 263: 14 3 6 7 12 13 20 19 9 5 17 18 8 15 1 16 4 10 11 2 
student 264: 1 7 16 19 3 13 17 15 10 11 20 9 12 18 2 14 8 6 4 5 
student 265: 11 12 14 8 18 20 17 13 9 1 19 10 4 15 2 7 3 16 5 6 
student 266: 17 5 15 12 7 16 19 9 18 10 20 13 6 14 1 11 2 8 3 4 
student 267: 12 7 15 5 19 18 16 13 17 6 9 4 20 11 1 8 14 10 2 3 
student 268: 8 4 18 10 5 19 16 20 15 7 9 14 12 17 1 13 6 3 2 11 
student 269: 8 2 20 15 12 10 19 7 13 6 14 9 11 18 1 5 4 16 17 3 
student 270: 11 14 20 8 17 15 19 12 7 5 10 9 16 18 4 13 3 1 2 6 
student 271: 17 7 14 10 8 19 15 20 13 6 18 12 11 16 9 4 1 5 3 2 
student 272: 12 4 13 16 5 19 18 17 11 1 10 8 7 20 2 14 9 15 6 3 
student 273: 15 4 17 3 8 18 16 19 13 6 20 7 12 11 5 9 10 14 2 1 
student 274: 15 6 14 7 4 13 20 18 11 10 19 5 16 12 3 9 1 17 8 2 
student 275: 10 12 11 3 2 18 15 9 19 7 20 4 14 13 1 16 8 17 5 6 
student 276: 14 2 9 6 1 18 15 20 12 11 7 19 3 13 10 16 5 17 4 8 
student 277: 9 15 6 10 1 20 19 18 4 8 11 13 17 12 7 16 14 2 5 3 
student 278: 8 10 15 14 4 19 11 12 16 7 17 5 13 20 1 6 2 18 9 3 
student 279: 10 5 18 14 9 20 12 11 8 13 19 4 6 16 1 7 3 15 17 2 
student 280: 6 5 13 10 2 19 17 15 11 7 16 12 14 20 4 18 1 8 9 3 
student 281: 10 13 14 9 3 20 19 18 7 5 17 4 11 16 6 12 2 15 1 8 
student 282: 5 10 20 15 1 19 18 11 14 12 16 8 3 17 9 7 2 13 4 6 
student 283: 11 8 15 12 5 20 18 14 13 7 17 6 4 16 3 9 1 19 2 10 
student 284: 1 5 9 7 11 20 15 19 16 6 17 8 12 18 4 13 10 14 2 3 
student 285: 8 13 10 12 7 14 20 18 15 3 19 9 6 16 2 11 1 17 5 4 
student 286: 12 1 13 8 9 18 20 16 15 6 19 7 17 10 5 11 2 14 4 3 
student 287: 10 9 17 15 8 20 19 14 4 12 18 6 1 11 5 13 7 16 2 3 
student 288: 17 13 16 9 2 20 15 12 10 7 11 1 8 19 4 14 5 18 3 6 
student 289: 17 7 6 9 4 12 18 14 15 8 19 11 5 20 1 13 10 16 3 2 
student 290: 6 1 8 10 11 19 20 13 12 17 18 7 14 16 2 15 9 4 5 3 
student 291: 12 1 20 3 6 15 18 14 16 5 19 9 7 17 4 13 8 10 11 2 
student 292: 9 6 19 3 10 17 15 13 8 11 18 14 20 7 4 16 1 12 5 2 
student 293: 5 13 11 6 3 19 16 20 10 7 15 12 18 17 2 8 4 14 1 9 
student 294: 9 3 11 13 6 17 19 18 12 8 16 10 20 14 7 4 1 15 2 5 
student 295: 3 2 20 16 14 19 17 18 4 7 5 12 10 8 6 15 9 11 13 1 
student 296: 2 20 6 5 11 19 18 16 13 15 17 7 9 12 8 10 3 14 1 4 
student 297: 16 4 7 12 9 20 18 19 13 10 15 5 14 11 2 17 3 8 6 1 
student 298: 12 4 20 3 1 18 14 19 10 5 7 13 17 15 2 6 8 11 9 16 
student 299: 6 13 12 8 1 20 10 9 15 17 19 3 16 18 5 14 7 11 4 2 
student 300: 9 7 11 3 4 15 20 13 17 5 19 12 10 16 1 14 2 18 6 8 
student 301: 10 2 14 3 6 15 20 13 18 1 16 12 9 19 8 17 4 11 5 7 
student 302: 17 4 11 8 2 20 18 19 12 13 16 3 15 7 1 10 5 14 9 6 
student 303: 7 5 8 13 2 20 15 11 9 12 14 19 18 17 1 4 3 16 10 6 
student 304: 10 2 11 6 9 18 20 17 15 3 19 4 13 16 1 7 12 14 8 5 
student 305: 9 12 14 10 6 19 18 20 15 4 17 3 11 7 1 13 2 16 5 8 
student 306: 12 16 4 9 5 20 19 15 10 6 18 3 11 14 8 13 2 17 1 7 
student 307: 10 2 20 8 6 18 17 16 15 5 19 12 13 14 1 7 3 11 9 4 
student 308: 20 8 12 9 2 16 15 17 13 11 19 3 7 18 6 4 10 14 5 1 
student 309: 4 5 15 10 2 17 18 14 6 11 16 12 20 19 8 7 1 13 9 3 
student 310: 3 8 11 18 2 14 19 17 12 7 13 15 5 20 6 10 1 16 9 4 
student 311: 4 11 13 7 6 18 8 14 19 1 15 3 17 20 10 12 5 16 2 9 
student 312: 11 1 20 9 10 18 17 15 19 13 8 5 14 16 12 2 3 6 4 7 
student 313: 18 5 13 14 6 20 19 8 17 3 15 9 7 16 2 11 12 10 4 1 
student 314: 12 7 9 13 2 18 11 17 10 5 20 8 16 19 1 14 3 15 6 4 
student 315: 9 8 12 17 6 16 20 11 5 3 19 10 14 18 2 15 7 13 1 4 
student 316: 16 15 9 11 5 17 19 20 4 7 18 6 8 13 10 12 1 14 3 2 
student 317: 6 5 12 7 19 13 17 15 11 8 16 3 10 20 2 14 9 18 4 1 
student 318: 2 8 19 9 4 18 20 12 15 7 14 6 11 17 16 10 1 13 3 5 
student 319: 6 4 9 14 5 20 19 17 11 8 18 15 13 16 1 2 10 7 3 12 
student 320: 7 6 17 3 18 14 13 19 10 1 16 8 15 20 2 11 4 12 9 5 
student 321: 13 2 17 9 8 20 14 18 12 11 15 4 16 19 1 7 6 10 3 5 
student 322: 5 9 15 7 20 17 16 19 11 2 14 8 6 12 10 18 1 13 3 4 
student 323: 6 10 15 3 11 16 20 14 9 4 18 7 12 17 5 19 1 13 2 8 
student 324: 18 5 6 10 19 15 13 16 17 3 20 2 14 12 4 11 9 8 7 1 
student 325: 14 7 13 17 1 19 16 12 15 8 18 11 4 10 2 6 3 20 9 5 
student 326: 12 9 13 7 6 16 19 20 18 4 15 11 10 8 5 14 1 17 3 2 
student 327: 13 2 20 10 6 19 16 18 14 7 17 9 8 11 5 15 4 12 1 3 
student 328: 4 5 10 12 8 19 17 20 9 15 14 11 18 13 2 16 6 7 3 1 
student 329: 12 3 15 9 7 16 20 18 1 6 19 10 14 8 2 11 13 17 4 5 
student 330: 18 7 17 10 6 9 12 13 15 3 20 4 11 16 2 8 5 19 1 14 
student 331: 17 7 3 15 10 14 18 8 12 4 19 2 9 16 6 11 1 20 13 5 
student 332: 12 17 7 10 2 18 20 19 16 9 13 5 11 6 1 15 4 14 8 3 
student 333: 10 7 20 6 3 18 17 12 11 9 13 2 14 16 4 19 1 15 8 5 
student 334: 15 4 17 11 7 18 19 13 12 10 20 14 8 2 5 9 1 16 6 3 
student 335: 9 6 12 16 1 13 20 17 11 19 15 2 8 18 4 10 3 14 5 7 
student 336: 8 5 16 11 12 14 20 19 9 1 18 2 13 10 6 15 7 17 4 3 
student 337: 11 16 5 13 7 17 15 19 18 9 10 6 8 12 1 20 4 14 3 2 
student 338: 16 4 18 10 9 19 15 17 6 1 12 8 5 20 3 14 2 13 11 7 
student 339: 4 5 16 12 1 19 13 15 11 3 10 20 9 14 8 18 6 17 7 2 
student 340: 8 2 14 6 7 19 16 20 12 9 18 5 11 13 1 15 10 17 4 3 
student 341: 3 4 17 16 14 10 19 20 12 9 13 7 8 18 2 11 1 15 6 5 
student 342: 8 7 15 9 16 20 17 13 11 4 14 5 18 19 2 6 1 10 3 12 
student 343: 10 5 15 4 1 13 7 16 17 9 18 19 12 20 6 11 3 14 8 2 
student 344: 8 4 10 6 7 19 18 13 12 5 15 11 14 17 2 20 3 16 9 1 
student 345: 17 8 9 4 3 15 19 14 12 7 20 13 10 11 6 16 2 18 1 5 
student 346: 9 2 10 17 5 20 19 14 13 8 18 3 11 16 1 6 4 15 12 7 
student 347: 2 5 14 13 7 20 10 16 12 8 18 9 11 15 4 19 1 17 6 3 
student 348: 14 7 2 8 1 18 10 9 17 13 19 6 12 20 3 15 11 16 4 5 
student 349: 16 4 9 5 2 18 17 8 20 11 12 13 1 15 3 7 10 19 14 6 
student 350: 15 7 16 6 5 19 18 10 9 8 13 4 14 17 2 11 3 20 12 1 
student 351: 4 2 17 14 8 20 19 15 9 3 5 7 12 13 6 16 10 18 11 1 
student 352: 7 3 18 14 6 17 20 13 10 11 19 8 9 16 2 12 5 15 1 4 
student 353: 17 3 20 13 2 16 19 12 14 8 7 10 4 18 1 11 5 15 6 9 
student 354: 4 7 15 11 3 17 13 18 12 16 19 14 5 10 6 9 2 20 8 1 
student 355: 7 15 16 11 9 20 12 2 13 6 17 8 14 19 4 3 1 18 10 5 
student 356: 12 4 14 10 13 18 20 19 5 6 15 8 16 17 1 9 2 11 3 7 
student 357: 16 8 14 11 4 19 3 15 9 10 18 6 17 20 1 12 5 13 7 2 
student 358: 20 2 18 7 12 19 13 14 6 9 16 11 17 15 10 3 1 8 5 4 
student 359: 7 2 9 8 5 19 20 16 14 17 15 6 10 18 12 13 4 11 1 3 
student 360: 14 6 18 10 7 20 12 5 9 2 16 3 13 17 1 15 4 11 19 8 
student 361: 17 6 19 16 5 20 18 12 11 1 14 7 9 15 13 8 3 10 2 4 
student 362: 13 1 11 10 2 20 19 18 16 9 14 3 6 17 4 7 8 15 5 12 
student 363: 9 8 3 19 10 18 12 17 13 5 16 14 11 15 4 20 1 7 2 6 
student 364: 9 10 18 6 3 19 13 17 15 8 20 4 5 14 7 12 1 16 2 11 
student 365: 16 7 10 14 3 17 20 19 1 11 18 4 15 12 5 13 2 9 8 6 
student 366: 9 16 20 7 10 19 18 17 2 13 15 8 6 14 3 11 1 12 5 4 
student 367: 3 9 14 15 6 20 19 16 13 8 17 7 12 18 2 10 4 11 1 5 
student 368: 2 10 11 1 6 19 20 14 12 16 15 4 18 17 5 8 7 13 9 3 
student 369: 14 7 8 10 3 19 16 20 13 15 18 11 2 9 1 12 5 17 6 4 
student 370: 6 9 20 18 1 13 19 17 11 5 2 8 14 10 3 7 15 16 12 4 
student 371: 12 10 15 7 3 19 20 11 16 4 18 8 17 13 2 9 1 14 6 5 
student 372: 10 11 1 14 13 8 16 18 12 3 19 9 5 15 4 17 2 20 7 6 
student 373: 10 17 7 12 6 15 13 18 9 8 14 11 2 20 4 19 5 16 3 1 
student 374: 7 4 12 17 15 14 19 20 16 9 13 8 10 18 1 11 2 6 3 5 
student 375: 2 10 17 6 16 19 20 8 13 4 12 3 5 15 1 14 7 18 11 9 
student 376: 10 2 19 12 1 8 20 7 16 5 18 15 11 13 9 14 6 17 3 4 
student 377: 6 8 14 13 5 18 20 17 10 9 7 12 11 19 3 15 4 16 1 2 
student 378: 8 1 11 7 13 20 18 14 9 6 19 3 16 15 4 2 5 12 17 10 
student 379: 13 17 15 7 3 18 20 12 14 9 19 10 11 8 1 2 4 16 6 5 
student 380: 3 9 12 13 7 20 18 19 1 4 16 11 14 15 10 17 2 5 8 6 
student 381: 9 2 13 14 8 16 20 17 18 7 12 5 6 19 1 10 11 15 3 4 
student 382: 14 3 19 2 4 17 16 15 20 18 12 5 10 13 1 8 7 11 9 6 
student 383: 4 7 15 9 11 14 17 18 2 8 16 12 13 19 1 3 5 20 10 6 
student 384: 4 7 20 11 18 19 15 13 16 10 17 6 3 8 12 9 1 14 2 5 
student 385: 9 8 11 12 7 17 18 15 20 4 19 3 16 1 14 10 2 13 5 6 
student 386: 15 7 9 3 2 19 18 17 11 4 16 12 6 20 10 5 13 14 8 1 
student 387: 4 6 17 7 2 16 20 18 10 9 19 11 13 14 5 15 3 12 1 8 
student 388: 12 7 15 14 2 20 19 16 13 4 18 9 11 6 1 8 3 17 10 5 
student 389: 17 9 14 8 7 20 18 15 4 5 19 6 13 16 1 10 3 12 2 11 
student 390: 8 6 10 11 2 18 20 17 16 7 19 5 9 14 3 13 1 12 4 15 
student 391: 8 1 20 11 4 18 13 10 16 14 15 5 9 19 12 7 2 17 3 6 
student 392: 9 10 14 8 4 20 16 11 13 2 19 15 6 18 1 12 3 7 5 17 
student 393: 8 6 15 5 3 16 18 14 10 12 13 17 11 20 1 9 4 19 2 7 
student 394: 8 3 15 11 5 17 10 16 12 9 19 7 13 20 6 14 1 18 4 2 
student 395: 10 4 14 13 2 17 18 11 20 5 19 12 15 16 7 9 3 8 6 1 
student 396: 13 7 12 19 18 16 6 17 10 4 20 9 11 15 1 5 2 14 8 3 
student 397: 15 7 11 12 6 19 16 1 17 8 20 9 10 14 2 13 4 18 5 3 
student 398: 7 2 15 8 5 20 17 6 11 19 18 14 10 16 4 3 1 9 13 12 
student 399: 12 13 10 8 4 20 19 1 11 6 16 5 15 18 3 14 2 17 7 9 
student 400: 13 7 12 15 8 10 19 6 14 9 11 3 17 16 2 18 5 20 1 4 
student 401: 12 6 10 7 3 17 20 14 16 5 19 4 13 18 8 11 1 9 2 15 
student 402: 9 3 17 5 7 15 20 18 11 10 14 12 8 16 1 13 6 19 4 2 
student 403: 13 8 12 1 5 19 17 18 14 11 20 7 15 16 2 4 9 10 6 3 
student 404: 3 9 18 14 8 6 20 10 17 2 16 13 15 19 7 11 5 12 1 4 
student 405: 12 1 15 13 4 20 18 16 7 11 17 8 10 19 6 5 2 14 3 9 
student 406: 15 7 5 4 1 17 12 16 18 8 20 6 14 13 9 11 3 19 2 10 
student 407: 13 7 10 15 5 17 19 18 16 3 12 9 8 14 4 20 2 11 6 1 
student 408: 20 12 16 10 2 7 18 19 14 13 17 5 9 11 3 8 4 15 6 1 
student 409: 3 1 16 14 10 19 18 11 17 9 20 15 7 12 2 13 5 4 8 6 
student 410: 9 7 10 12 13 20 16 11 14 19 17 5 2 15 3 8 6 18 4 1 
student 411: 16 2 9 10 7 6 18 17 12 3 19 11 15 20 4 8 1 13 14 5 
student 412: 16 15 19 3 8 20 14 12 17 6 13 11 18 9 5 7 4 10 1 2 
student 413: 17 6 15 9 11 20 12 14 8 7 19 4 10 18 1 13 5 16 2 3 
student 414: 2 1 18 7 11 20 16 8 15 12 19 13 9 14 3 17 4 6 10 5 
student 415: 7 10 9 2 6 17 19 5 13 11 20 15 16 14 3 12 1 18 8 4 
student 416: 14 4 20 10 6 15 18 13 11 5 17 16 9 19 3 12 2 7 8 1 
student 417: 11 20 16 12 4 18 10 14 19 8 13 9 7 17 2 15 5 6 1 3 
student 418: 12 5 11 10 15 9 14 19 17 3 6 8 7 16 2 20 1 18 4 13 
student 419: 15 1 10 9 7 19 14 12 20 11 17 2 13 16 3 4 5 6 8 18 
student 420: 11 16 14 7 12 17 13 15 20 5 19 2 10 9 1 8 3 18 6 4 
student 421: 20 1 14 13 7 16 12 19 18 8 17 4 10 9 5 11 6 15 2 3 
student 422: 3 13 6 14 10 17 20 16 15 12 8 5 11 19 2 7 9 18 1 4 
student 423: 12 4 17 10 7 20 19 14 9 5 18 11 6 15 16 8 1 13 3 2 
student 424: 8 5 12 1 3 14 20 19 7 11 16 9 18 17 10 13 4 15 6 2 
student 425: 11 9 15 12 5 17 19 16 20 1 14 3 13 18 4 7 8 6 2 10 
student 426: 4 12 19 14 10 15 18 11 20 6 13 1 9 16 3 8 7 17 2 5 
student 427: 11 6 4 7 8 20 12 16 17 5 13 19 10 14 2 15 3 18 9 1 
student 428: 16 5 9 2 7 17 14 19 12 18 20 10 6 13 1 15 4 11 8 3 
student 429: 15 8 10 18 4 20 17 14 12 9 19 6 7 16 1 11 5 13 3 2 
student 430: 11 9 12 3 2 20 16 18 19 10 15 8 4 17 5 13 6 7 14 1 
student 431: 15 7 20 9 4 18 17 14 13 8 12 5 19 11 6 16 1 10 3 2 
student 432: 10 7 16 11 1 15 9 20 12 4 17 13 2 14 3 8 5 18 19 6 
student 433: 19 10 18 16 4 15 12 17 14 2 20 3 11 13 6 1 8 9 7 5 
student 434: 7 1 17 13 5 18 20 10 8 11 15 12 14 19 2 3 9 16 6 4 
student 435: 15 8 14 9 1 18 19 11 10 3 16 20 17 13 5 6 2 12 4 7 
student 436: 10 8 20 11 4 15 18 13 6 1 19 14 2 17 5 16 3 12 9 7 
student 437: 5 12 7 3 2 14 20 19 9 13 18 10 11 17 1 16 4 15 6 8 
student 438: 7 2 18 12 4 8 19 17 13 5 20 6 15 1 10 14 9 16 3 11 
student 439: 11 7 14 17 3 15 20 16 10 6 8 9 4 18 1 13 12 19 5 2 
student 440: 7 14 13 3 10 18 19 15 12 4 9 2 11 17 5 20 8 16 6 1 
student 441: 9 6 13 14 1 20 16 18 2 7 19 12 10 17 3 8 5 15 11 4 
student 442: 10 6 11 13 7 18 12 19 17 9 15 14 2 16 3 5 4 20 1 8 
student 443: 10 13 20 6 8 19 17 14 11 3 18 15 7 16 1 12 2 9 5 4 
student 444: 13 6 17 2 8 20 15 16 14 1 19 9 12 11 7 10 3 4 18 5 
student 445: 12 13 16 2 7 15 19 17 11 6 5 8 9 18 1 14 3 20 4 10 
student 446: 16 10 14 13 3 19 11 9 15 4 20 5 12 17 6 8 1 18 7 2 
student 447: 20 10 11 12 7 18 17 15 14 13 16 5 8 19 3 9 1 6 4 2 
student 448: 3 8 17 7 13 19 18 15 9 16 11 6 14 12 4 10 5 20 2 1 
student 449: 11 9 20 3 12 19 13 15 10 4 18 7 2 16 1 14 8 17 6 5 
student 450: 3 6 11 13 2 18 20 17 14 1 12 7 10 16 15 8 9 19 5 4 
student 451: 11 3 16 18 9 13 15 17 10 2 12 8 4 6 7 14 1 19 20 5 
student 452: 6 5 4 10 7 19 9 17 14 13 16 11 15 18 2 12 3 20 1 8 
student 453: 5 1 14 10 11 19 16 17 9 8 15 18 6 13 3 20 2 12 4 7 
student 454: 11 14 13 5 6 20 10 16 12 8 19 9 17 15 1 7 2 18 3 4 
student 455: 6 3 12 8 9 17 16 18 11 4 20 10 19 15 1 7 2 14 13 5 
student 456: 20 2 14 10 4 16 18 17 15 5 9 6 7 19 3 8 12 13 11 1 
student 457: 3 12 9 7 5 20 18 13 10 2 6 19 14 15 4 16 11 17 1 8 
student 458: 7 11 8 15 10 13 20 12 6 14 17 3 9 16 2 18 1 19 4 5 
student 459: 9 2 13 10 7 16 19 17 5 4 20 11 18 12 8 14 1 15 3 6 
student 460: 16 12 13 5 4 19 20 9 7 14 11 15 2 18 8 10 1 17 3 6 
student 461: 10 5 20 7 4 15 18 11 13 8 19 12 16 14 3 17 2 6 1 9 
student 462: 19 1 15 4 7 13 12 18 11 20 16 10 5 17 8 6 14 9 3 2 
student 463: 18 2 11 5 1 19 20 12 10 3 15 8 17 14 6 16 7 13 9 4 
student 464: 20 2 14 13 1 15 17 11 9 12 18 4 19 8 5 10 7 16 6 3 
student 465: 12 8 17 6 3 14 15 13 10 9 19 1 11 7 5 16 20 18 4 2 
student 466: 1 14 16 8 7 19 20 17 11 9 13 5 10 15 2 12 3 18 6 4 
student 467: 13 9 20 15 1 19 18 17 12 10 14 7 11 8 3 5 2 16 6 4 
student 468: 12 8 6 18 2 19 17 4 16 1 14 11 15 20 3 13 10 9 7 5 
student 469: 13 5 18 10 3 19 20 15 4 8 17 7 11 16 1 14 6 9 2 12 
student 470: 10 9 12 4 2 20 17 11 8 7 16 15 14 19 13 3 5 18 1 6 
student 471: 4 9 20 10 6 18 12 11 14 7 19 5 16 15 8 17 1 13 3 2 
student 472: 13 3 11 14 10 18 19 17 8 2 20 7 4 15 6 16 1 5 9 12 
student 473: 17 9 10 12 6 20 13 16 19 8 15 5 3 14 4 18 7 11 2 1 
student 474: 6 4 9 8 3 16 17 13 15 7 18 10 11 20 2 12 5 19 14 1 
student 475: 7 2 14 9 5 13 16 20 15 8 19 6 11 18 1 3 4 10 17 12 
student 476: 4 6 8 11 5 18 13 17 14 3 16 10 7 20 1 15 2 12 19 9 
student 477: 3 9 10 11 8 17 18 19 7 4 14 20 12 16 2 15 1 13 5 6 
student 478: 10 4 16 14 9 19 15 18 12 3 20 5 7 17 8 11 1 13 2 6 
student 479: 6 3 16 10 2 20 19 12 14 7 15 9 11 18 1 13 4 17 8 5 
student 480: 8 13 11 12 2 18 19 16 20 7 10 3 9 17 1 15 4 14 6 5 
student 481: 9 4 16 5 8 13 18 17 14 11 20 3 7 15 1 10 2 19 6 12 
student 482: 13 1 18 5 7 15 20 12 8 10 19 3 14 9 2 11 16 17 6 4 
student 483: 5 9 16 10 3 15 17 18 12 11 20 7 8 19 2 13 1 14 6 4 
student 484: 9 8 16 11 5 18 20 14 13 7 10 6 17 15 1 12 4 19 3 2 
student 485: 5 4 20 6 1 19 17 18 16 11 15 12 14 13 2 10 8 9 3 7 
student 486: 9 7 11 8 5 10 18 19 17 4 20 16 14 15 2 12 3 13 6 1 
student 487: 2 1 14 8 9 19 16 15 13 4 18 12 20 17 3 11 5 10 7 6 
student 488: 6 7 12 9 4 20 16 19 18 10 13 8 14 15 5 11 1 17 3 2 
student 489: 15 1 10 3 7 14 20 17 11 12 19 18 9 16 5 2 4 13 6 8 
student 490: 9 11 5 8 13 17 20 14 19 3 16 10 18 15 2 12 1 6 4 7 
student 491: 7 3 14 11 10 18 12 19 13 8 16 6 15 20 4 9 5 17 2 1 
student 492: 8 11 15 7 10 16 20 13 14 1 17 19 4 9 3 12 2 18 6 5 
student 493: 6 10 12 11 8 19 17 16 14 3 13 5 7 20 4 15 1 18 2 9 
student 494: 8 6 11 7 5 16 19 17 10 9 18 4 12 20 3 13 2 15 1 14 
student 495: 9 5 15 6 11 20 19 13 10 17 14 3 4 16 7 12 2 18 1 8 
student 496: 6 7 11 13 2 17 18 19 12 9 16 10 15 14 1 8 3 20 4 5 
student 497: 12 1 17 2 11 19 18 14 6 8 16 10 9 15 3 13 5 20 4 7 
student 498: 3 1 12 13 10 20 19 11 17 14 15 7 9 18 6 16 4 5 8 2 
student 499: 19 7 16 9 4 20 13 12 18 15 5 11 10 17 6 8 1 14 3 2 
student 500: 9 10 14 16 8 20 18 19 11 15 13 3 12 17 5 6 1 4 2 7 
student 501: 9 7 2 8 1 18 19 12 20 3 17 10 11 14 16 4 5 15 13 6 
student 502: 13 14 17 15 6 20 18 10 16 3 12 4 8 9 2 11 5 19 7 1 
student 503: 19 6 7 4 1 20 18 9 8 11 12 2 5 15 14 17 16 13 10 3 
student 504: 11 5 13 4 20 16 18 3 8 2 10 7 15 19 1 17 6 12 14 9 
student 505: 16 4 8 10 3 13 20 18 12 7 19 11 15 9 5 14 1 17 2 6 
student 506: 20 5 13 2 9 19 16 15 11 10 17 12 8 18 3 1 6 14 7 4 
student 507: 14 2 19 6 4 16 15 10 18 12 20 13 9 17 3 8 1 11 7 5 
student 508: 14 4 15 8 12 18 16 20 10 7 19 11 9 17 1 6 5 13 3 2 
student 509: 8 6 14 9 3 18 20 12 11 10 19 7 16 15 4 13 1 17 2 5 
student 510: 16 9 8 7 14 19 6 15 12 13 18 11 4 20 1 5 3 17 10 2 
student 511: 15 12 16 8 10 19 20 9 13 5 18 14 3 17 4 7 6 11 2 1 
student 512: 9 15 13 5 11 20 19 16 12 2 18 7 6 17 3 10 4 14 8 1 
student 513: 9 7 11 1 10 20 12 17 13 4 16 14 2 19 3 8 5 18 15 6 
student 514: 1 9 4 10 18 19 15 13 17 7 20 6 12 11 2 14 3 16 8 5 
student 515: 10 6 19 9 1 18 17 13 15 8 16 5 12 20 3 11 2 14 7 4 
student 516: 15 6 12 13 5 19 8 18 17 7 20 10 9 16 3 11 1 14 4 2 
student 517: 11 3 1 5 8 17 18 20 15 12 19 2 10 16 4 13 7 14 6 9 
student 518: 4 5 18 11 7 17 16 13 12 14 3 10 15 20 1 8 6 9 2 19 
student 519: 1 11 10 3 5 19 20 12 13 2 18 14 15 17 8 7 9 16 6 4 
student 520: 12 17 13 7 3 20 14 19 8 4 11 6 15 10 1 5 2 18 16 9 
student 521: 14 2 13 8 3 17 20 19 15 7 18 10 16 6 1 12 9 4 5 11 
student 522: 12 8 11 10 5 15 18 19 16 7 9 3 4 20 2 14 13 17 1 6 
student 523: 5 6 11 8 4 16 14 19 17 9 20 15 12 18 7 13 2 1 3 10 
student 524: 11 3 12 7 9 17 20 18 8 5 15 10 13 14 6 19 1 16 2 4 
student 525: 11 10 13 12 7 18 14 19 17 3 15 9 8 20 1 5 2 16 4 6 
student 526: 9 10 1 11 8 19 13 16 15 6 20 4 12 17 5 14 3 18 2 7 
student 527: 5 10 4 20 6 18 16 15 13 7 19 8 9 14 1 11 2 17 3 12 
student 528: 15 4 10 19 9 13 7 18 11 1 20 5 16 17 3 8 6 14 12 2 
student 529: 6 2 15 8 5 20 11 18 17 13 16 4 12 19 3 14 9 10 7 1 
student 530: 18 6 15 3 2 13 20 11 14 9 17 10 16 19 7 5 8 1 12 4 
student 531: 9 6 16 5 2 18 19 12 15 10 20 7 13 17 3 14 1 11 4 8 
student 532: 3 16 12 7 13 20 18 9 14 4 17 5 10 15 2 6 1 11 8 19 
student 533: 6 7 10 5 12 20 14 15 11 1 18 9 16 19 8 17 2 13 3 4 
student 534: 8 9 20 4 3 14 15 16 10 17 19 12 6 7 5 18 2 11 13 1 
student 535: 9 7 19 16 12 13 18 17 2 8 20 5 10 11 3 14 6 15 4 1 
student 536: 7 4 6 15 9 14 20 16 13 12 19 5 17 18 1 8 2 11 10 3 
student 537: 11 8 15 13 2 17 16 6 19 5 20 10 12 4 9 18 3 14 1 7 
student 538: 18 5 6 8 4 17 20 15 14 7 13 11 16 19 2 9 1 12 3 10 
student 539: 15 1 12 11 7 16 19 13 18 8 20 10 4 17 5 9 2 14 6 3 
student 540: 11 1 16 10 9 18 19 17 14 8 20 6 7 15 3 12 2 13 5 4 
student 541: 11 2 6 14 3 16 17 19 13 5 18 10 8 20 1 12 9 15 7 4 
student 542: 17 5 20 7 4 16 9 12 13 8 18 11 14 19 1 6 10 15 3 2 
student 543: 8 7 9 4 12 19 18 10 14 5 20 11 13 17 1 15 2 16 6 3 
student 544: 4 8 9 15 7 19 13 17 10 6 20 12 11 16 5 14 1 18 3 2 
student 545: 5 4 19 15 13 9 20 10 8 7 16 14 18 12 2 6 11 17 1 3 
student 546: 4 3 18 10 1 20 19 13 5 2 15 7 17 14 8 12 6 11 9 16 
student 547: 14 7 19 13 1 18 20 15 16 6 11 10 12 17 2 8 3 9 4 5 
student 548: 8 2 12 5 4 20 16 19 13 10 15 14 9 18 7 11 6 17 1 3 
student 549: 7 12 11 6 2 16 20 9 19 13 14 8 18 15 3 10 4 17 1 5 
student 550: 5 1 15 12 2 19 20 17 6 10 18 13 11 14 4 16 3 8 9 7 
student 551: 14 7 11 8 2 15 16 19 13 10 17 3 12 20 1 9 4 18 5 6 
student 552: 3 1 13 16 5 15 6 17 14 10 18 9 4 19 8 12 2 20 11 7 
student 553: 10 5 18 11 2 12 13 20 9 6 17 8 19 15 1 4 16 14 7 3 
student 554: 10 3 17 7 4 19 14 18 16 12 20 11 15 9 1 8 2 13 5 6 
student 555: 12 13 15 11 3 14 5 19 17 10 18 16 6 20 1 7 9 8 4 2 
student 556: 12 5 13 8 1 20 15 19 14 9 16 4 17 18 3 7 2 11 10 6 
student 557: 4 10 14 7 11 20 18 15 8 5 16 6 12 19 2 13 1 17 3 9 
student 558: 8 4 11 3 13 10 20 14 18 15 17 6 9 16 5 12 2 19 1 7 
student 559: 8 6 13 7 10 18 20 14 17 5 16 2 11 19 3 12 9 15 4 1 
student 560: 4 8 15 7 6 13 19 14 11 17 20 9 12 18 1 10 2 16 3 5 
student 561: 3 5 15 9 8 20 18 14 10 2 16 6 12 17 4 19 1 13 11 7 
student 562: 6 12 14 1 7 19 20 15 10 8 18 16 5 17 2 9 3 13 11 4 
student 563: 5 2 15 11 8 19 14 20 7 9 16 4 10 17 1 13 6 12 18 3 
student 564: 8 13 18 15 1 20 11 14 10 16 17 9 12 19 5 3 4 6 7 2 
student 565: 13 7 11 12 1 14 18 17 10 4 19 6 9 20 3 15 8 16 5 2 
student 566: 11 7 16 12 5 14 17 15 6 10 20 4 13 8 1 18 2 19 3 9 
student 567: 11 5 14 20 8 17 4 15 10 12 18 9 7 19 2 13 3 16 1 6 
student 568: 11 5 14 6 3 16 17 8 18 9 12 10 15 20 2 13 1 19 7 4 
student 569: 3 7 9 5 15 18 20 14 10 8 19 12 11 13 2 16 6 17 4 1 
student 570: 18 8 7 12 11 13 16 14 10 19 5 4 6 17 3 20 1 15 2 9 
student 571: 13 9 8 5 3 18 15 6 17 12 20 10 2 19 4 16 1 14 11 7 
student 572: 11 10 19 7 5 18 20 17 14 6 13 8 16 9 3 12 1 15 2 4 
student 573: 16 4 15 19 2 14 18 12 11 6 17 13 9 20 3 1 5 10 7 8 
student 574: 18 5 10 15 16 4 12 20 13 2 17 11 9 19 1 14 6 8 3 7 
student 575: 4 9 14 11 20 19 16 17 3 7 18 6 8 15 5 13 10 12 2 1 
student 576: 13 2 9 5 7 20 16 17 11 8 19 12 18 14 3 10 6 15 4 1 
student 577: 11 6 9 13 8 20 15 18 10 4 14 7 1 16 2 19 17 12 5 3 
student 578: 7 4 17 10 9 20 16 13 8 6 18 12 14 15 1 11 3 19 5 2 
student 579: 12 2 16 9 5 19 13 14 15 8 17 11 3 20 6 7 10 18 1 4 
student 580: 15 8 19 14 1 20 18 11 7 10 17 12 2 16 4 9 3 13 6 5 
student 581: 14 5 16 8 1 20 18 11 12 15 13 4 19 17 2 9 7 10 3 6 
student 582: 6 4 16 11 14 12 18 10 17 8 9 13 1 20 5 7 2 19 3 15 
student 583: 2 11 14 17 3 8 15 20 10 19 16 9 12 13 1 7 4 18 6 5 
student 584: 12 5 20 3 9 16 18 14 13 2 19 7 10 17 6 11 4 15 8 1 
student 585: 9 2 15 14 6 18 17 16 7 4 20 11 10 19 3 12 8 13 1 5 
student 586: 9 6 10 2 4 17 19 18 15 7 16 12 13 20 1 14 5 11 8 3 
student 587: 12 3 15 9 6 11 19 20 18 5 7 8 2 16 14 10 4 17 1 13 
student 588: 8 5 17 7 3 9 20 15 12 14 18 13 10 19 1 11 4 16 2 6 
student 589: 15 10 5 19 4 20 17 9 13 11 16 6 8 14 2 12 1 18 3 7 
student 590: 19 12 16 8 6 11 18 20 14 9 17 13 7 5 1 15 4 10 3 2 
student 591: 9 7 10 6 4 14 19 12 2 5 20 18 8 16 1 17 3 13 11 15 
student 592: 9 3 19 15 10 20 13 12 16 11 18 6 4 17 1 7 5 14 2 8 
student 593: 17 12 5 6 13 15 16 8 14 2 18 10 4 20 1 19 7 11 3 9 
student 594: 7 4 9 12 5 15 17 20 13 11 18 6 3 19 1 14 8 16 2 10 
student 595: 10 14 9 8 5 18 17 20 13 1 16 15 7 19 4 2 3 11 12 6 
student 596: 8 13 16 11 3 9 14 10 15 7 19 17 12 20 2 18 1 4 5 6 
student 597: 17 3 16 5 14 20 19 10 11 7 13 9 18 15 1 2 4 8 6 12 
student 598: 10 6 13 12 9 19 17 15 20 5 16 8 11 18 1 7 2 14 3 4 
student 599: 2 7 17 8 10 19 20 12 15 5 14 9 13 16 3 18 6 11 1 4 
student 600: 6 3 15 13 9 16 17 10 18 8 19 12 5 20 1 14 2 11 7 4 
student 601: 12 8 15 10 4 13 16 17 7 2 20 6 14 19 5 9 3 11 18 1 
student 602: 13 7 14 3 5 17 20 11 12 6 18 9 15 19 1 10 2 16 8 4 
student 603: 9 8 13 3 4 18 19 16 11 12 17 7 14 20 2 6 10 15 1 5 
student 604: 10 12 11 1 8 20 17 9 19 2 18 15 13 4 5 14 6 3 7 16 
student 605: 10 13 15 8 3 19 16 17 18 9 20 6 11 14 4 7 2 12 5 1 
student 606: 4 10 18 3 11 17 16 20 7 8 15 9 13 2 6 14 1 19 12 5 
student 607: 9 18 12 7 3 19 17 11 14 8 15 4 5 16 2 20 6 13 10 1 
student 608: 8 14 12 16 4 18 20 11 10 6 19 9 15 17 7 5 1 13 3 2 
student 609: 10 6 14 9 3 16 18 15 13 7 20 11 17 12 4 8 2 19 1 5 
student 610: 10 6 11 7 8 19 18 12 17 4 13 15 14 20 1 9 3 16 2 5 
student 611: 11 7 12 14 6 18 20 17 15 8 19 1 10 13 5 9 2 16 4 3 
student 612: 11 7 19 10 4 16 14 17 20 3 18 12 5 9 6 15 1 13 8 2 
student 613: 12 6 8 9 11 15 18 20 13 7 19 3 14 16 4 10 5 17 2 1 
student 614: 13 5 2 9 7 20 19 11 16 8 18 3 12 17 1 14 4 10 15 6 
student 615: 13 10 11 8 5 14 19 16 7 15 17 4 6 12 1 18 3 20 9 2 
student 616: 3 14 20 9 7 19 16 13 12 6 18 17 11 15 1 8 2 10 4 5 
student 617: 13 1 10 9 8 20 18 14 15 6 17 4 12 16 7 2 11 19 5 3 
student 618: 14 6 19 13 7 10 20 15 12 4 18 5 8 17 11 16 1 9 3 2 
student 619: 7 10 9 8 5 20 19 15 11 1 16 18 14 17 4 12 6 13 2 3 
student 620: 6 9 14 2 5 20 16 15 12 10 17 13 8 19 4 11 3 18 1 7 
student 621: 8 17 20 16 1 15 19 14 10 6 18 11 9 13 7 5 4 12 3 2 
student 622: 10 7 18 8 3 19 20 12 14 5 17 6 9 13 16 11 2 15 4 1 
student 623: 6 4 11 14 7 17 18 13 15 2 20 19 9 16 5 12 1 10 8 3 
student 624: 12 11 10 2 8 19 18 15 13 5 14 6 20 16 1 9 3 17 4 7 
student 625: 12 7 16 11 2 20 18 19 9 5 13 14 8 15 3 10 4 17 6 1 
student 626: 16 3 10 6 2 20 18 15 7 13 17 4 5 19 9 8 11 14 12 1 
student 627: 15 13 11 8 14 16 20 19 17 5 12 7 18 9 10 1 4 6 2 3 
student 628: 11 12 17 9 15 19 20 18 10 13 16 5 8 14 1 6 4 7 2 3 
student 629: 10 6 13 11 4 2 19 15 8 12 18 16 14 17 7 9 1 20 3 5 
student 630: 14 2 12 6 3 19 20 18 15 8 17 9 11 10 1 16 5 13 4 7 
student 631: 8 4 18 9 10 12 20 16 13 7 17 3 14 19 1 11 2 15 5 6 
student 632: 4 5 14 7 11 18 15 8 16 20 17 12 13 19 1 9 2 10 6 3 
student 633: 10 5 16 8 3 19 7 17 11 12 20 4 6 13 1 18 2 9 14 15 
student 634: 5 7 12 11 15 18 17 14 19 3 13 6 16 8 2 9 4 20 10 1 
student 635: 5 2 16 13 3 9 19 18 12 11 14 17 20 8 4 10 1 15 7 6 
student 636: 11 3 19 14 8 17 20 10 9 2 18 7 12 15 1 13 5 16 6 4 
student 637: 2 3 17 14 11 20 18 16 12 9 6 15 5 19 1 13 4 10 8 7 
student 638: 10 9 12 8 5 18 14 20 19 6 16 7 4 17 1 15 3 13 11 2 
student 639: 11 2 7 12 1 16 9 18 17 4 19 20 5 13 3 6 14 15 8 10 
student 640: 10 2 17 15 13 14 16 19 18 9 20 4 8 12 1 11 6 5 7 3 
student 641: 3 5 17 9 2 19 16 20 14 7 18 6 15 10 12 13 8 11 1 4 
student 642: 3 2 18 11 13 19 20 15 5 14 17 10 16 4 7 6 8 12 1 9 
student 643: 8 12 17 9 5 18 16 20 14 7 19 4 10 11 2 13 1 15 6 3 
student 644: 16 14 15 1 8 20 12 18 13 5 19 3 2 17 7 10 4 9 11 6 
student 645: 7 5 10 14 15 20 19 17 12 8 18 6 11 13 4 9 1 16 2 3 
student 646: 10 16 18 7 4 19 14 15 12 3 17 6 9 11 2 13 8 20 5 1 
student 647: 9 2 14 8 7 18 17 10 13 6 15 5 19 12 4 11 1 16 20 3 
student 648: 12 7 18 4 6 20 19 15 13 2 16 11 8 17 5 14 1 9 3 10 
student 649: 8 6 12 7 3 18 13 11 2 16 17 5 15 14 9 19 4 20 1 10 
student 650: 9 1 14 3 7 20 18 17 19 12 15 4 10 16 6 11 2 13 8 5 
student 651: 3 2 15 9 7 19 17 11 16 4 20 6 10 13 12 8 1 18 14 5 
student 652: 2 6 13 11 5 12 19 17 4 20 16 7 15 10 1 18 8 14 9 3 
student 653: 17 6 7 8 4 3 20 18 14 15 16 19 10 11 2 13 1 9 5 12 
student 654: 1 8 17 9 4 20 16 7 13 10 18 6 12 15 3 14 2 19 11 5 
student 655: 8 10 16 9 4 20 18 17 7 11 15 2 5 14 13 19 3 6 1 12 
student 656: 7 6 13 14 9 17 4 16 18 10 19 12 8 15 2 20 1 11 3 5 
student 657: 10 13 12 8 11 17 18 5 19 4 14 15 16 9 2 20 1 3 7 6 
student 658: 16 10 15 6 5 12 20 18 9 7 19 8 14 17 3 11 2 13 4 1 
student 659: 5 6 13 8 7 18 20 19 16 12 14 10 9 15 3 17 1 11 4 2 
student 660: 16 10 12 8 3 18 20 11 14 2 17 7 6 15 1 13 4 19 9 5 
student 661: 2 8 14 5 7 16 20 15 12 9 13 11 10 18 3 19 6 17 1 4 
student 662: 11 9 12 2 7 19 15 18 20 10 17 5 4 14 1 13 6 16 8 3 
student 663: 18 9 19 13 6 16 14 12 20 5 15 2 8 10 4 17 1 11 7 3 
student 664: 6 8 10 13 7 16 19 18 12 11 15 9 17 20 3 14 1 5 2 4 
student 665: 9 18 16 6 15 19 20 11 17 3 12 5 8 14 4 10 1 13 7 2 
student 666: 12 7 16 3 1 13 14 15 19 8 18 5 17 9 2 20 4 10 11 6 
student 667: 9 2 10 8 6 19 18 15 13 7 14 4 12 16 1 20 3 17 5 11 
student 668: 3 2 11 7 14 17 20 10 13 9 18 8 12 15 4 19 5 16 6 1 
student 669: 8 7 17 10 11 18 19 16 13 9 20 6 5 15 3 14 1 12 4 2 
student 670: 14 4 19 9 2 17 8 20 16 6 13 10 15 12 1 11 7 18 3 5 
student 671: 9 6 7 10 8 20 19 17 11 12 14 13 15 18 1 5 3 16 2 4 
student 672: 18 10 8 13 5 20 15 11 9 7 16 1 4 19 6 12 14 17 3 2 
student 673: 3 10 9 14 6 15 19 16 11 8 18 5 7 20 12 17 4 13 2 1 
student 674: 11 12 20 16 10 19 9 14 2 7 17 15 5 18 1 3 4 13 8 6 
student 675: 8 11 17 12 10 20 7 15 13 5 19 9 16 18 3 14 4 6 1 2 
student 676: 13 4 12 10 3 20 16 11 14 5 17 9 19 18 6 7 1 15 8 2 
student 677: 7 5 9 6 13 15 19 17 18 20 14 10 8 16 2 12 3 11 1 4 
student 678: 9 6 7 1 11 14 20 17 18 2 10 16 13 19 8 12 5 15 4 3 
student 679: 3 4 17 14 1 20 19 10 8 9 11 2 16 18 7 15 6 12 13 5 
student 680: 11 15 7 9 12 20 19 18 8 5 16 13 14 10 1 6 3 17 4 2 
student 681: 16 3 11 14 2 18 13 17 9 4 20 5 8 15 6 10 7 19 12 1 
student 682: 11 3 15 4 8 19 13 18 12 14 20 1 17 6 2 10 5 16 7 9 
student 683: 18 5 11 7 4 14 19 12 10 8 17 16 13 15 3 9 2 20 6 1 
student 684: 7 11 12 6 4 17 8 16 10 14 20 5 15 19 3 9 1 18 13 2 
student 685: 10 12 20 7 9 19 18 11 1 17 16 13 6 14 3 15 4 8 2 5 
student 686: 11 6 14 3 1 19 20 10 16 4 13 9 12 18 2 15 7 17 5 8 
student 687: 10 4 16 1 11 20 18 12 14 6 15 13 9 7 2 19 8 17 5 3 
student 688: 4 6 14 11 3 15 8 20 13 2 19 10 7 18 9 16 1 17 5 12 
student 689: 12 9 7 5 10 17 11 15 18 8 20 14 13 16 3 19 2 6 1 4 
student 690: 4 7 11 13 2 16 18 20 12 8 19 9 10 15 1 14 5 17 3 6 
student 691: 10 6 18 9 5 14 12 19 17 20 8 3 16 15 2 11 1 13 7 4 
student 692: 17 4 18 7 14 19 15 10 16 11 13 9 8 20 1 12 5 6 2 3 
student 693: 3 7 14 10 5 18 19 13 11 2 17 8 15 16 6 20 12 9 1 4 
student 694: 9 7 15 20 2 16 12 13 11 6 17 8 14 18 1 10 4 19 5 3 
student 695: 4 11 18 12 5 17 19 14 6 15 16 13 10 9 2 20 8 3 7 1 
student 696: 13 4 17 7 3 9 18 20 12 6 16 15 8 19 1 10 14 11 2 5 
student 697: 12 3 17 8 7 20 19 16 13 11 18 1 6 15 4 14 2 5 9 10 
student 698: 11 6 12 8 2 16 15 19 20 9 18 7 5 13 3 17 14 10 1 4 
student 699: 16 8 11 6 7 9 10 13 12 3 18 14 15 20 1 17 4 19 5 2 
student 700: 8 2 10 9 7 19 14 13 11 1 12 20 17 15 6 16 3 18 4 5 
student 701: 20 16 11 15 5 17 18 2 19 3 12 9 6 13 8 14 4 7 1 10 
student 702: 13 2 7 4 14 15 17 12 6 8 10 1 19 20 11 16 3 18 9 5 
student 703: 9 3 16 4 2 5 19 15 12 18 17 11 8 20 7 14 1 10 6 13 
student 704: 9 4 12 16 15 20 7 19 18 5 14 13 11 10 3 8 2 17 1 6 
student 705: 9 6 14 10 8 19 13 18 16 5 17 7 11 20 3 12 2 15 1 4 
student 706: 11 3 12 16 8 17 13 20 10 5 19 7 9 14 2 15 6 18 1 4 
student 707: 17 2 14 4 13 16 18 7 12 11 15 8 6 20 3 9 10 19 1 5 
student 708: 12 5 11 10 8 17 20 19 18 9 7 3 16 13 1 14 2 15 6 4 
student 709: 3 17 15 7 10 14 18 9 13 2 19 5 4 16 1 12 6 20 8 11 
student 710: 14 7 13 4 5 18 20 12 17 11 16 1 19 8 2 15 6 10 9 3 
student 711: 9 8 14 2 4 20 15 18 13 1 17 12 16 19 3 10 6 5 11 7 
student 712: 3 8 16 12 14 20 15 9 10 4 18 11 19 13 1 6 7 17 5 2 
student 713: 9 3 14 16 2 13 18 11 19 5 17 10 6 15 4 20 7 12 1 8 
student 714: 11 7 18 9 3 20 16 17 6 8 19 4 12 14 1 15 10 13 5 2 
student 715: 13 11 17 9 7 19 20 5 16 6 14 3 12 10 4 18 2 15 8 1 
student 716: 14 8 10 4 11 18 20 16 7 3 17 9 12 19 1 13 2 15 6 5 
student 717: 12 7 17 10 2 18 15 13 16 5 20 9 6 19 4 14 3 11 8 1 
student 718: 18 4 14 10 5 16 20 15 6 19 8 9 12 17 1 13 3 11 7 2 
student 719: 7 1 10 4 9 20 14 12 16 11 13 5 18 17 3 15 2 19 8 6 
student 720: 11 3 17 6 4 20 14 13 19 5 15 16 9 18 2 12 7 8 10 1 
student 721: 8 1 10 9 5 20 18 16 13 4 15 11 7 19 3 12 6 14 17 2 
student 722: 8 12 11 5 9 18 6 20 14 4 17 10 13 19 2 15 1 16 3 7 
student 723: 11 9 18 12 6 20 13 19 8 7 17 4 14 15 1 10 3 16 5 2 
student 724: 8 12 16 6 10 4 20 17 14 11 15 7 9 13 3 18 2 19 5 1 
student 725: 15 11 13 8 2 19 12 18 17 7 16 14 4 20 6 5 1 9 10 3 
student 726: 15 10 16 12 11 20 18 14 8 5 19 4 6 17 1 9 3 13 7 2 
student 727: 20 3 18 10 8 17 2 9 11 12 13 1 14 19 6 15 5 16 4 7 
student 728: 5 4 17 11 2 20 14 18 10 8 16 6 12 19 9 13 3 15 7 1 
student 729: 13 11 10 2 6 15 14 12 19 17 20 18 4 7 3 16 5 9 1 8 
student 730: 7 12 6 13 10 16 20 17 11 8 14 15 5 19 1 9 2 18 4 3 
student 731: 10 3 20 6 14 15 13 12 17 1 19 9 7 16 8 18 2 11 5 4 
student 732: 12 10 8 14 3 9 20 16 13 11 15 7 5 18 6 17 4 2 1 19 
student 733: 8 4 18 13 2 17 10 11 14 5 20 1 12 19 3 15 6 16 7 9 
student 734: 15 8 10 9 4 17 18 16 7 5 19 11 13 20 12 6 3 14 1 2 
student 735: 15 3 16 4 5 20 17 19 9 10 14 13 7 11 1 12 8 18 6 2 
student 736: 14 9 10 1 4 19 17 15 11 12 20 6 13 16 3 7 2 18 5 8 
student 737: 10 1 16 12 5 17 19 8 11 6 20 15 2 14 13 9 3 18 7 4 
student 738: 12 11 16 5 14 19 20 10 6 9 15 8 13 18 1 17 3 7 4 2 
student 739: 6 4 10 3 5 18 20 17 15 7 16 8 11 19 2 9 12 13 1 14 
student 740: 6 1 15 11 4 20 18 12 17 10 19 9 13 16 2 14 5 8 3 7 
student 741: 19 2 15 16 8 18 17 9 11 3 12 10 13 20 1 6 5 14 7 4 
student 742: 14 4 10 6 8 19 20 15 13 16 17 11 7 18 1 3 5 12 2 9 
student 743: 7 15 14 19 2 17 20 16 12 10 9 8 11 18 3 5 6 13 4 1 
student 744: 5 7 14 10 8 20 19 15 17 1 18 4 9 16 3 11 2 13 12 6 
student 745: 11 5 14 7 8 17 18 19 16 6 20 9 3 15 1 13 12 10 2 4 
student 746: 18 2 5 11 6 15 19 14 12 9 20 4 16 10 3 13 1 17 7 8 
student 747: 7 6 19 13 1 4 20 14 15 9 17 10 5 8 11 18 2 16 12 3 
student 748: 11 3 2 20 1 18 16 19 12 7 17 14 13 10 4 9 5 15 8 6 
student 749: 11 3 12 10 8 20 19 16 14 7 17 9 13 18 6 2 5 15 4 1 
student 750: 11 1 18 5 13 14 16 15 10 9 17 2 19 20 8 6 3 12 4 7 
student 751: 11 8 18 6 4 19 20 12 14 7 15 13 17 16 1 5 2 10 9 3 
student 752: 11 1 15 4 10 20 19 18 14 8 16 6 2 12 9 13 3 7 5 17 
student 753: 8 3 10 15 5 12 20 16 9 2 13 11 19 17 1 14 4 18 6 7 
student 754: 13 8 17 5 7 15 14 11 16 1 20 4 12 19 6 9 2 18 10 3 
student 755: 4 3 6 8 2 18 20 16 19 7 13 9 17 10 1 14 15 12 11 5 
student 756: 18 1 13 5 8 17 15 6 12 4 19 16 9 14 2 11 3 20 7 10 
student 757: 11 1 10 12 19 13 18 14 15 8 16 2 9 20 5 17 4 3 7 6 
student 758: 9 5 10 16 3 18 14 20 12 7 17 11 13 19 8 4 6 15 2 1 
student 759: 13 3 12 9 2 19 18 16 7 6 17 11 14 20 8 10 4 15 1 5 
student 760: 7 2 19 1 10 18 20 8 14 12 17 6 9 16 4 11 5 13 3 15 
student 761: 20 2 11 4 5 10 19 12 15 3 16 9 14 13 17 18 7 8 6 1 
student 762: 8 2 14 11 5 20 9 15 16 6 19 12 13 18 1 4 3 17 7 10 
student 763: 16 6 12 18 9 20 14 5 19 8 13 7 11 17 1 10 3 15 4 2 
student 764: 10 5 13 11 12 17 16 20 7 3 19 2 14 15 1 9 4 8 18 6 
student 765: 14 7 20 4 6 13 10 18 16 8 19 5 11 9 17 12 2 15 1 3 
student 766: 9 7 19 20 3 17 18 8 16 14 13 15 12 10 1 6 2 11 4 5 
student 767: 15 3 12 13 1 20 17 18 11 7 19 5 10 14 4 9 6 16 8 2 
student 768: 14 13 16 1 4 20 15 10 9 7 18 11 12 19 3 5 2 17 6 8 
student 769: 9 4 11 8 14 17 16 20 18 2 15 7 19 13 3 10 1 12 6 5 
student 770: 3 10 16 5 1 12 20 8 14 7 19 13 15 17 2 11 6 18 9 4 
student 771: 3 11 8 5 9 16 19 10 20 1 18 13 14 12 2 17 6 15 7 4 
student 772: 7 5 11 8 1 20 13 16 12 9 19 17 18 15 6 14 3 2 10 4 
student 773: 13 14 9 3 5 20 17 16 10 15 19 6 7 18 1 8 4 12 2 11 
student 774: 12 9 14 6 4 18 19 13 16 5 20 7 15 8 2 10 1 17 11 3 
student 775: 15 9 16 6 7 18 13 14 10 12 19 17 3 20 1 5 4 11 2 8 
student 776: 16 5 8 2 12 15 19 14 7 18 20 3 6 11 9 17 10 13 4 1 
student 777: 19 8 11 17 12 16 9 6 14 2 20 13 15 10 7 5 1 18 4 3 
student 778: 10 3 13 5 16 14 20 15 11 1 19 7 8 12 6 17 4 18 9 2 
student 779: 10 9 16 6 14 20 8 17 13 7 18 4 11 19 1 12 5 15 3 2 
student 780: 11 6 10 8 4 20 14 19 15 3 18 5 12 16 1 7 9 17 13 2 
student 781: 13 4 6 19 1 15 20 14 12 16 18 7 8 11 3 9 2 17 5 10 
student 782: 4 1 15 16 11 19 18 20 12 7 17 13 9 10 6 8 2 14 5 3 
student 783: 5 1 13 4 8 20 16 14 12 10 17 15 11 19 3 18 6 9 7 2 
student 784: 14 10 19 11 9 18 20 16 8 4 15 7 5 13 3 17 2 12 6 1 
student 785: 5 7 9 12 8 20 19 15 14 18 17 10 11 16 1 13 2 4 6 3 
student 786: 10 5 9 3 6 19 20 17 16 14 18 7 11 13 1 12 8 15 4 2 
student 787: 12 5 13 9 6 19 15 18 10 8 20 4 11 14 2 3 17 16 7 1 
student 788: 13 2 11 9 10 20 17 15 7 4 19 5 8 18 3 14 6 16 12 1 
student 789: 11 7 13 10 5 15 20 18 17 14 19 8 2 6 4 16 9 12 3 1 
student 790: 8 5 14 16 12 19 9 17 15 3 20 11 13 10 2 7 4 6 18 1 
student 791: 10 7 14 4 8 15 20 16 12 2 17 9 13 19 3 11 1 18 6 5 
student 792: 14 5 10 3 9 20 19 15 18 8 12 11 13 16 1 6 2 17 4 7 
student 793: 3 9 7 2 10 20 13 17 14 1 15 18 11 19 6 4 12 16 5 8 
student 794: 9 7 8 10 3 18 20 14 12 13 17 5 16 19 11 4 1 15 6 2 
student 795: 4 5 14 1 8 19 20 16 10 3 17 11 9 15 2 13 7 12 18 6 
student 796: 13 8 7 9 6 17 18 16 19 3 11 10 14 12 2 20 1 15 4 5 
student 797: 9 7 2 12 15 11 18 20 4 14 17 10 3 13 1 16 6 19 8 5 
student 798: 4 11 17 1 12 10 18 20 14 6 16 13 5 19 2 7 3 8 15 9 
student 799: 16 4 15 11 6 19 20 17 10 9 18 7 12 14 5 8 1 13 3 2 
