student 0: 3 5 14 12 15 20 10 6 2 17 19 16 4 7 9 11 18 13 8 1 
student 1: 3 4 16 14 17 20 10 2 1 11 19 12 18 8 7 6 15 9 13 5 
student 2: 3 12 1 14 16 18 7 13 2 20 17 15 11 4 10 9 19 6 8 5 
student 3: 2 9 17 15 13 18 7 6 11 19 16 1 12 8 10 5 20 4 14 3 
student 4: 1 10 16 13 20 19 3 9 7 14 17 11 5 6 4 15 18 2 12 8 
student 5: 2 4 17 19 14 20 3 6 1 5 16 12 7 10 9 11 18 15 13 8 
student 6: 1 5 13 14 16 15 3 2 11 19 18 10 20 9 6 7 17 8 12 4 
student 7: 9 1 11 16 20 10 5 7 4 19 18 12 17 13 2 6 15 8 14 3 
student 8: 7 1 8 15 17 20 4 13 3 19 11 9 12 18 5 10 14 6 16 2 
student 9: 1 6 12 14 11 16 5 7 2 19 18 8 17 20 3 10 15 4 13 9 
student 10: 5 12 15 16 14 18 4 7 11 13 20 8 2 17 3 10 19 1 9 6 
student 11: 2 8 16 5 10 14 3 11 1 20 17 13 9 19 15 12 18 6 4 7 
student 12: 1 10 14 18 15 20 7 5 2 19 16 12 17 8 4 6 13 9 11 3 
student 13: 4 1 17 14 18 20 3 9 2 19 15 5 10 13 11 7 16 12 8 6 
student 14: 1 2 16 8 19 14 6 11 4 12 9 15 17 13 18 5 20 7 10 3 
student 15: 1 8 14 12 20 17 5 10 4 19 13 7 11 2 3 9 15 18 16 6 
student 16: 2 7 14 15 17 18 6 10 4 16 19 11 12 8 3 9 20 5 13 1 
student 17: 6 7 10 8 19 18 16 12 1 4 20 3 15 9 5 11 14 13 17 2 
student 18: 1 6 10 12 8 20 5 7 9 18 15 11 17 2 3 13 19 14 16 4 
student 19: 2 4 11 14 16 17 10 19 1 15 18 5 9 12 7 3 20 13 6 8 
student 20: 1 8 14 20 11 15 6 13 3 19 18 5 9 2 7 4 17 10 12 16 
student 21: 1 3 12 20 14 13 4 8 5 18 19 16 15 6 10 7 17 2 11 9 
student 22: 9 6 12 11 17 16 1 8 5 18 20 14 7 3 15 4 19 10 13 2 
student 23: 7 8 13 19 15 17 6 4 1 11 18 14 16 9 12 5 20 10 2 3 
student 24: 2 6 19 18 16 20 4 14 1 11 12 10 13 3 7 15 17 9 5 8 
student 25: 4 12 7 10 19 18 5 13 2 14 20 11 17 8 3 9 15 6 16 1 
student 26: 8 3 17 9 11 12 6 2 1 16 20 14 13 15 7 18 19 5 10 4 
student 27: 3 1 13 15 16 14 7 10 6 17 19 12 20 2 4 9 11 5 18 8 
student 28: 3 4 15 11 18 19 2 6 5 17 20 10 1 12 14 8 16 9 13 7 
student 29: 4 8 12 17 13 19 6 5 3 11 20 10 7 1 9 18 16 2 14 15 
student 30: 5 8 3 20 18 15 11 2 7 16 17 12 14 10 1 13 19 4 9 6 
student 31: 6 1 16 3 15 19 4 8 10 12 20 7 13 14 17 5 18 9 2 11 
student 32: 4 12 3 11 19 16 2 9 7 17 20 13 15 6 5 8 18 1 10 14 
student 33: 1 2 12 17 19 13 7 11 4 20 16 8 14 15 5 6 18 9 10 3 
student 34: 8 3 18 17 13 6 4 10 1 19 20 12 15 7 9 5 14 11 16 2 
student 35: 3 13 12 16 19 18 2 6 7 17 20 8 14 5 4 11 9 1 15 10 
student 36: 1 8 5 14 18 13 2 9 7 10 15 11 16 6 12 4 19 17 20 3 
student 37: 1 5 13 14 19 16 2 7 3 18 4 9 20 12 8 15 17 11 10 6 
student 38: 1 2 13 15 16 12 10 7 5 17 19 14 4 11 9 3 20 18 8 6 
student 39: 3 1 12 14 18 17 5 16 7 6 20 13 9 11 15 2 19 10 4 8 
student 40: 9 2 20 11 15 16 1 17 5 14 10 6 13 12 4 18 19 8 7 3 
student 41: 1 7 11 15 18 20 2 5 8 13 16 14 9 4 3 10 19 17 12 6 
student 42: 3 1 9 15 18 19 10 12 5 17 16 13 7 8 4 6 20 2 14 11 
student 43: 5 2 15 10 18 17 4 7 1 16 12 14 9 6 19 13 20 3 8 11 
student 44: 13 3 16 10 20 15 19 6 4 14 18 9 11 17 5 2 12 8 7 1 
student 45: 1 2 11 19 13 16 4 6 3 17 15 18 14 9 10 8 20 12 7 5 
student 46: 1 3 17 7 8 14 5 19 6 20 16 11 18 10 13 2 15 4 12 9 
student 47: 7 8 18 15 17 20 4 9 1 13 19 14 6 3 5 11 16 2 12 10 
student 48: 1 5 20 13 17 15 4 2 7 18 19 11 14 12 8 9 16 6 10 3 
student 49: 3 12 11 17 13 19 5 14 1 16 18 15 4 7 6 10 20 2 8 9 
student 50: 1 11 12 17 19 10 5 15 3 16 18 13 14 9 2 4 20 6 8 7 
student 51: 3 7 11 16 13 15 1 17 2 20 14 5 12 6 4 10 18 9 19 8 
student 52: 9 11 17 3 15 5 1 12 2 19 20 13 10 8 6 7 14 16 18 4 
student 53: 2 4 15 18 11 17 9 3 1 16 20 14 13 10 12 5 19 7 8 6 
student 54: 6 2 20 10 4 14 3 16 9 18 11 12 19 1 13 8 17 5 15 7 
student 55: 11 4 8 17 15 18 5 14 1 12 20 9 13 6 16 7 19 3 10 2 
student 56: 1 9 8 13 18 19 4 11 5 15 17 2 16 14 7 12 20 10 6 3 
student 57: 5 3 12 16 15 14 2 6 1 10 20 19 4 18 8 11 17 13 9 7 
student 58: 4 6 8 14 16 19 1 2 3 5 20 10 9 7 12 17 18 13 11 15 
student 59: 9 3 14 15 7 13 6 10 4 18 8 19 12 1 17 11 20 5 16 2 
student 60: 2 3 14 1 17 10 7 9 4 20 15 11 18 13 5 12 16 6 19 8 
student 61: 13 11 3 18 20 17 2 12 9 10 16 15 14 8 5 6 19 1 7 4 
student 62: 3 4 14 12 17 18 15 6 1 13 20 16 11 8 7 5 19 2 10 9 
student 63: 4 3 13 14 20 18 2 8 1 11 16 15 12 17 6 10 19 7 9 5 
student 64: 4 7 10 15 19 18 3 6 14 16 12 11 13 5 8 2 17 9 20 1 
student 65: 2 5 14 13 17 19 10 16 4 15 18 11 12 6 3 8 20 1 9 7 
student 66: 10 7 4 9 13 17 2 15 1 20 16 8 14 11 5 19 18 6 12 3 
student 67: 1 4 8 11 20 19 2 3 9 14 18 15 13 16 5 7 17 10 12 6 
student 68: 1 14 20 15 17 16 2 9 5 11 18 10 6 8 3 12 19 13 7 4 
student 69: 6 8 10 13 15 19 4 3 9 17 20 7 16 11 2 5 18 1 12 14 
student 70: 5 9 12 19 14 18 1 11 8 10 15 13 16 7 2 4 20 6 17 3 
student 71: 2 5 10 15 20 18 1 9 14 19 17 13 12 11 7 8 3 6 16 4 
student 72: 1 5 17 18 15 7 3 10 13 11 20 8 19 14 4 9 12 6 16 2 
student 73: 1 11 13 17 14 18 3 4 2 19 20 15 5 6 7 8 9 16 12 10 
student 74: 4 3 13 18 14 16 1 8 2 10 20 9 17 11 6 15 19 7 12 5 
student 75: 1 3 20 15 18 19 5 13 8 12 16 14 10 11 4 6 17 9 7 2 
student 76: 2 6 16 3 20 18 4 11 10 5 12 15 17 9 8 13 19 14 7 1 
student 77: 3 7 6 15 18 17 2 8 4 10 20 14 9 12 1 13 19 11 16 5 
student 78: 13 9 15 11 16 20 1 7 2 17 18 14 8 6 10 12 19 4 3 5 
student 79: 2 20 9 18 12 19 7 4 6 11 16 15 13 10 1 5 17 8 14 3 
student 80: 1 5 8 18 20 16 2 3 4 17 11 6 13 10 14 12 19 15 9 7 
student 81: 17 5 18 20 12 9 10 6 2 4 13 8 19 7 1 14 16 3 11 15 
student 82: 3 15 20 2 17 16 5 9 4 13 19 10 14 11 7 12 18 8 6 1 
student 83: 2 11 8 10 9 13 5 6 1 20 16 17 19 12 3 14 18 4 15 7 
student 84: 3 8 14 15 18 13 6 5 2 10 19 16 12 7 4 9 11 17 20 1 
student 85: 2 10 12 17 19 16 5 7 8 15 18 9 14 3 6 11 20 4 13 1 
student 86: 10 5 2 19 13 16 1 7 6 12 20 8 11 14 18 15 17 4 9 3 
student 87: 3 4 14 17 10 13 1 11 5 7 20 9 16 12 8 15 19 6 18 2 
student 88: 4 14 6 9 19 16 3 2 5 17 18 11 13 8 1 10 20 7 15 12 
student 89: 4 9 13 15 7 19 12 11 6 16 18 14 17 3 5 10 20 2 8 1 
student 90: 1 8 14 11 19 16 7 13 3 20 18 4 10 6 5 9 17 15 12 2 
student 91: 2 12 16 18 17 19 4 7 1 14 3 13 9 5 11 10 20 6 15 8 
student 92: 1 3 10 14 13 16 2 7 9 19 17 8 15 18 11 5 20 12 6 4 
student 93: 2 7 14 11 16 19 9 8 1 18 17 13 15 5 10 12 20 3 4 6 
student 94: 5 2 14 19 17 8 9 11 6 16 20 7 12 15 1 10 18 3 13 4 
student 95: 1 3 11 10 16 17 7 13 5 12 14 18 19 4 15 9 20 8 6 2 
student 96: 6 16 14 17 19 10 2 11 1 18 15 5 9 12 4 3 20 7 8 13 
student 97: 1 8 18 9 16 15 5 6 14 2 17 12 11 7 4 19 13 20 10 3 
student 98: 2 1 11 12 19 17 14 6 9 18 10 16 15 8 3 4 20 7 13 5 
student 99: 3 1 18 14 16 13 6 19 4 15 20 11 10 9 2 5 17 8 12 7 
student 100: 3 8 18 20 9 15 4 1 6 12 19 16 17 2 7 10 14 11 13 5 
student 101: 2 9 18 11 14 7 4 5 3 16 20 12 15 17 8 13 19 6 10 1 
student 102: 1 4 11 2 9 17 15 5 6 19 16 7 18 14 13 12 20 8 10 3 
student 103: 2 1 16 20 13 14 7 5 3 18 19 11 10 9 6 15 17 8 12 4 
student 104: 2 7 3 5 14 16 1 12 4 13 20 15 18 11 8 9 17 19 10 6 
student 105: 1 4 17 13 14 16 9 6 7 19 18 5 20 11 2 12 15 10 3 8 
student 106: 1 12 17 9 15 19 6 2 5 20 14 16 3 4 8 13 18 10 11 7 
student 107: 5 2 15 17 20 18 3 9 6 14 19 12 7 16 1 10 11 8 13 4 
student 108: 1 8 10 12 17 16 6 9 4 11 20 14 19 13 5 2 18 7 15 3 
student 109: 2 4 11 9 20 13 18 7 1 16 19 5 15 12 6 10 17 14 8 3 
student 110: 2 5 4 20 18 10 3 9 1 15 13 16 17 11 6 12 19 8 14 7 
student 111: 1 7 13 12 15 16 5 8 3 14 19 10 11 18 4 17 20 6 9 2 
student 112: 1 8 20 9 18 7 3 13 4 15 19 6 2 11 5 14 17 12 16 10 
student 113: 1 12 14 16 4 19 2 7 8 17 18 10 13 11 6 9 20 5 15 3 
student 114: 2 14 18 13 20 16 1 7 4 11 17 12 10 5 8 3 19 9 15 6 
student 115: 2 13 14 20 12 16 11 10 1 15 17 9 6 7 5 4 19 8 18 3 
student 116: 2 14 5 16 19 20 7 11 3 18 10 8 9 6 12 13 17 4 15 1 
student 117: 2 4 10 13 18 17 5 8 1 16 20 15 14 9 6 12 19 7 11 3 
student 118: 2 4 16 17 11 19 3 10 1 9 20 12 14 15 6 5 18 8 13 7 
student 119: 2 5 12 20 17 18 4 8 1 9 19 3 10 11 7 15 16 14 13 6 
student 120: 2 1 16 12 18 14 5 8 3 17 19 15 13 9 6 10 20 11 4 7 
student 121: 5 1 13 20 18 11 15 14 2 16 17 8 9 4 10 6 19 7 12 3 
student 122: 3 6 14 12 18 20 7 10 2 15 19 5 11 1 9 17 8 13 16 4 
student 123: 8 12 4 18 20 10 1 14 3 15 19 7 9 6 2 13 17 5 16 11 
student 124: 1 4 2 19 18 10 3 8 6 15 20 17 9 11 12 13 16 14 5 7 
student 125: 4 2 14 15 5 17 1 8 3 12 19 16 9 11 10 13 18 6 20 7 
student 126: 13 8 11 4 18 19 2 10 1 6 9 5 17 12 3 15 20 7 16 14 
student 127: 1 7 6 18 15 12 2 10 3 20 19 14 13 17 4 11 16 8 9 5 
student 128: 1 7 14 18 17 19 6 8 3 16 20 5 13 9 11 4 10 15 12 2 
student 129: 8 3 10 11 12 19 1 7 9 16 17 20 14 18 4 5 15 6 13 2 
student 130: 2 4 3 17 18 20 1 9 5 8 19 11 10 7 12 15 14 6 16 13 
student 131: 3 16 14 17 15 18 5 6 4 8 10 7 20 13 2 12 11 9 19 1 
student 132: 1 7 18 2 15 16 9 4 6 14 20 19 17 8 5 12 11 10 13 3 
student 133: 1 6 12 7 11 20 9 10 4 16 18 13 5 14 3 8 19 15 17 2 
student 134: 1 2 13 11 18 15 4 12 3 14 16 10 17 8 6 9 19 7 20 5 
student 135: 2 7 14 20 18 9 4 3 12 11 17 15 13 8 16 6 19 1 10 5 
student 136: 9 4 2 16 18 13 3 8 6 19 14 12 7 11 5 10 20 15 17 1 
student 137: 1 2 12 18 16 15 5 10 3 11 20 17 9 14 4 6 19 8 13 7 
student 138: 11 17 12 14 19 15 2 5 4 18 16 6 13 9 3 8 20 1 10 7 
student 139: 5 6 19 14 20 15 1 4 3 12 17 11 7 9 10 16 18 2 13 8 
student 140: 1 6 15 12 20 17 3 13 5 18 14 16 9 11 10 7 19 2 4 8 
student 141: 5 2 4 11 17 18 8 3 1 15 20 14 19 16 6 9 12 13 10 7 
student 142: 7 17 13 3 14 19 9 15 2 18 5 11 16 1 12 10 20 4 6 8 
student 143: 9 7 12 17 18 16 1 6 4 10 20 15 14 11 13 5 19 3 8 2 
student 144: 1 8 15 9 5 17 12 14 3 18 11 19 4 10 7 13 20 6 16 2 
student 145: 3 9 12 14 13 19 7 18 2 15 6 10 17 5 4 16 20 11 8 1 
student 146: 4 16 15 20 17 10 2 12 3 13 19 9 18 5 7 8 11 6 14 1 
student 147: 7 6 17 13 15 20 4 9 2 14 19 16 11 10 3 1 18 5 8 12 
student 148: 1 9 12 8 16 20 3 5 4 11 19 15 7 13 10 14 18 6 17 2 
student 149: 1 4 14 16 3 20 2 11 8 15 18 6 9 10 17 7 19 5 12 13 
student 150: 3 7 12 19 15 14 1 5 6 18 17 16 13 11 9 8 20 4 10 2 
student 151: 3 7 19 15 10 18 1 14 11 20 17 6 12 4 5 8 16 2 13 9 
student 152: 1 9 20 11 12 18 3 7 4 16 19 17 15 6 5 8 14 13 10 2 
student 153: 4 5 11 9 15 20 2 10 1 16 18 8 13 6 7 12 19 3 17 14 
student 154: 1 4 5 15 17 8 6 11 7 16 20 14 12 10 3 18 19 2 13 9 
student 155: 4 1 8 11 12 15 2 3 7 18 16 9 19 10 13 14 20 6 17 5 
student 156: 4 8 9 16 18 19 1 6 5 17 12 2 14 10 13 15 20 7 11 3 
student 157: 15 11 16 20 18 10 3 14 5 19 17 2 7 12 1 6 13 8 9 4 
student 158: 1 6 10 11 17 20 12 8 5 15 4 9 14 16 13 19 18 2 3 7 
student 159: 3 8 18 20 2 11 5 10 1 19 12 17 15 7 9 16 13 6 14 4 
student 160: 9 13 16 10 18 15 1 6 5 11 19 4 7 8 2 14 17 20 12 3 
student 161: 7 4 16 9 20 13 1 6 2 19 15 11 12 17 5 8 18 3 14 10 
student 162: 1 4 14 8 15 16 2 6 3 19 20 11 12 13 5 10 18 7 17 9 
student 163: 4 10 11 18 7 13 6 5 8 15 20 2 19 14 1 16 12 3 17 9 
student 164: 2 7 13 18 16 17 5 9 1 10 20 11 15 8 4 14 19 6 12 3 
student 165: 1 3 13 15 19 9 2 10 5 14 16 18 17 8 11 12 20 4 6 7 
student 166: 3 1 11 4 14 19 2 5 6 16 20 9 18 13 10 17 15 12 8 7 
student 167: 4 5 14 15 13 19 8 1 3 17 20 6 12 10 9 16 18 2 11 7 
student 168: 2 5 6 16 17 13 1 11 8 18 20 15 12 19 3 9 10 4 14 7 
student 169: 4 10 12 15 19 13 1 9 3 18 16 8 11 17 2 6 20 7 14 5 
student 170: 2 6 17 12 16 15 8 4 13 20 19 14 5 11 7 9 18 3 10 1 
student 171: 1 4 14 15 19 17 3 12 5 6 20 16 10 7 9 13 18 11 8 2 
student 172: 14 5 8 11 16 13 1 18 6 12 17 20 15 9 3 7 19 2 10 4 
student 173: 15 7 17 4 18 20 12 3 6 8 19 9 11 10 1 2 13 5 16 14 
student 174: 2 4 13 15 14 20 3 10 6 18 17 12 8 16 5 9 19 7 11 1 
student 175: 7 5 17 15 16 20 8 10 1 14 18 9 11 6 13 12 19 3 4 2 
student 176: 11 3 10 15 18 16 9 2 8 19 13 14 12 6 7 5 20 4 17 1 
student 177: 5 3 10 19 20 18 7 13 11 6 17 12 14 9 4 16 1 8 15 2 
student 178: 1 16 14 7 18 20 6 10 5 8 15 9 19 12 3 2 17 4 11 13 
student 179: 8 7 13 14 18 15 2 5 6 11 17 10 16 1 4 12 20 3 19 9 
student 180: 5 2 14 16 19 17 4 9 3 20 18 12 10 11 8 7 15 1 13 6 
student 181: 2 9 12 18 13 16 5 4 1 19 20 7 10 11 6 15 17 8 14 3 
student 182: 2 3 4 20 14 11 5 9 1 16 12 19 18 8 6 13 17 10 15 7 
student 183: 4 5 14 17 15 13 2 11 3 19 16 12 9 7 10 20 18 6 8 1 
student 184: 1 7 19 16 14 13 4 10 3 15 20 2 11 12 6 17 18 8 9 5 
student 185: 7 1 13 19 16 20 3 5 4 14 18 12 8 9 10 11 15 2 17 6 
student 186: 5 2 13 15 14 20 8 6 4 18 17 19 10 11 9 7 3 16 12 1 
student 187: 13 3 12 16 9 18 1 8 6 19 17 7 14 10 4 15 20 2 11 5 
student 188: 12 7 9 18 15 19 5 16 4 11 20 8 3 17 13 1 14 6 10 2 
student 189: 3 6 15 9 20 17 2 8 12 14 16 4 13 10 18 7 19 11 5 1 
student 190: 1 6 12 15 9 20 3 8 5 16 14 4 10 7 13 18 19 11 17 2 
student 191: 5 1 16 8 11 19 3 14 10 18 17 13 15 12 7 2 20 4 6 9 
student 192: 9 5 12 17 16 1 8 2 6 19 18 3 20 10 13 11 15 7 14 4 
student 193: 1 5 2 7 18 20 3 4 8 15 16 13 17 10 9 11 14 12 6 19 
student 194: 1 5 14 20 16 18 2 6 4 15 17 10 12 13 8 11 19 3 9 7 
student 195: 12 9 17 11 16 18 3 7 4 20 15 6 13 10 2 5 19 1 14 8 
student 196: 9 2 18 7 13 15 11 12 1 14 17 10 6 20 8 5 19 3 16 4 
student 197: 2 11 14 20 19 17 9 4 3 12 16 10 15 5 8 13 18 7 6 1 
student 198: 5 8 14 6 16 17 4 12 9 19 18 3 2 1 7 15 20 11 10 13 
student 199: 2 5 11 12 15 17 3 16 1 20 18 9 7 6 10 13 19 8 14 4 
student 200: 3 12 13 8 20 17 10 6 1 18 16 7 15 9 5 14 19 4 11 2 
student 201: 2 4 10 18 14 20 6 15 3 11 16 7 19 8 5 9 17 13 12 1 
student 202: 2 5 13 16 17 11 18 9 3 14 20 6 8 4 7 10 19 1 12 15 
student 203: 3 5 6 10 19 12 7 11 2 18 16 17 1 14 9 13 20 8 15 4 
student 204: 4 6 9 11 15 17 1 7 10 16 19 20 13 3 2 12 18 5 8 14 
student 205: 1 3 11 12 20 19 7 4 2 18 14 10 15 13 9 8 17 6 16 5 
student 206: 6 8 5 19 18 17 13 4 2 16 20 9 10 7 1 15 14 3 11 12 
student 207: 5 1 13 15 16 20 8 7 2 17 18 9 12 4 10 11 19 3 14 6 
student 208: 3 1 14 7 19 20 6 10 2 4 18 8 16 9 12 11 17 13 15 5 
student 209: 2 10 18 12 20 4 6 5 3 17 14 11 15 9 1 13 19 16 8 7 
student 210: 1 3 18 6 19 14 7 4 5 17 12 10 8 2 11 16 20 9 15 13 
student 211: 4 11 13 17 19 18 2 9 1 12 20 15 10 14 3 6 16 5 7 8 
student 212: 12 1 15 13 17 14 2 8 3 7 19 4 16 9 6 20 18 5 10 11 
student 213: 5 15 16 14 13 17 4 9 3 19 18 11 7 12 8 2 20 6 10 1 
student 214: 2 1 18 17 16 13 3 14 4 12 19 9 8 11 6 10 20 5 15 7 
student 215: 14 5 19 6 11 17 10 9 2 15 18 12 16 13 8 3 20 1 7 4 
student 216: 1 12 18 8 14 19 2 7 3 9 16 10 20 13 11 6 15 5 17 4 
student 217: 5 4 19 12 18 16 8 10 1 11 13 15 17 9 7 14 20 6 3 2 
student 218: 3 2 5 20 19 16 12 9 1 14 15 8 17 10 7 13 18 4 11 6 
student 219: 1 8 15 17 19 18 2 4 3 14 9 7 13 6 16 10 20 11 12 5 
student 220: 7 2 12 17 13 16 5 6 4 18 19 15 14 9 3 11 20 8 10 1 
student 221: 4 9 11 18 5 13 1 2 17 15 19 8 16 3 6 14 20 10 12 7 
student 222: 1 19 15 9 17 20 10 5 2 13 16 11 12 8 7 6 18 4 14 3 
student 223: 4 2 16 12 18 20 10 7 9 14 15 5 17 13 1 19 6 3 11 8 
student 224: 8 11 18 10 19 13 5 2 1 15 16 14 9 17 6 12 20 4 7 3 
student 225: 5 13 6 18 16 15 4 2 1 14 19 11 9 17 7 10 20 8 12 3 
student 226: 2 3 15 16 18 17 4 14 1 12 19 11 10 5 8 9 20 7 13 6 
student 227: 4 2 14 13 17 18 9 7 6 15 19 11 10 5 3 12 20 1 16 8 
student 228: 1 13 19 14 17 15 7 9 3 16 20 6 12 4 5 11 18 8 10 2 
student 229: 9 6 17 19 20 18 1 5 3 16 13 14 12 11 10 4 15 7 8 2 
student 230: 11 1 16 19 18 17 6 7 2 13 20 10 12 9 3 8 15 5 14 4 
student 231: 1 6 11 14 16 15 12 8 3 17 18 19 13 4 7 9 20 5 10 2 
student 232: 7 4 9 14 19 10 8 5 1 20 15 18 17 12 2 13 3 6 16 11 
student 233: 5 6 18 16 19 13 10 9 4 20 2 11 17 15 3 8 14 1 12 7 
student 234: 4 5 1 14 15 17 2 7 3 16 18 20 13 9 11 12 19 6 10 8 
student 235: 14 7 17 15 19 20 5 8 2 11 18 6 10 3 1 12 16 13 9 4 
student 236: 3 16 18 11 19 14 8 2 7 13 12 17 6 5 4 10 20 9 15 1 
student 237: 3 12 16 15 19 17 5 10 1 9 18 8 11 6 7 13 20 4 14 2 
student 238: 3 10 18 7 12 13 5 17 1 19 11 9 16 14 4 15 20 8 2 6 
student 239: 2 1 18 19 14 17 8 7 5 4 16 9 12 10 15 13 20 6 11 3 
student 240: 1 3 12 5 17 20 2 15 9 16 19 13 18 11 14 7 8 6 10 4 
student 241: 3 2 20 15 18 9 17 10 6 16 13 14 7 12 4 11 19 1 8 5 
student 242: 1 3 10 9 11 19 2 17 5 12 13 15 18 14 6 8 20 7 16 4 
student 243: 3 1 8 19 18 15 5 2 6 14 13 9 20 7 4 12 16 10 17 11 
student 244: 4 1 17 16 20 11 2 6 5 19 13 14 15 8 3 12 18 7 10 9 
student 245: 1 3 12 14 18 10 4 5 2 20 19 6 8 15 9 7 16 13 17 11 
student 246: 7 12 17 11 15 13 5 16 2 14 18 19 9 4 1 8 20 3 10 6 
student 247: 1 2 15 14 20 13 5 17 9 8 19 12 11 3 4 7 18 10 16 6 
student 248: 3 4 9 20 15 18 2 8 1 16 17 13 12 6 10 11 19 5 7 14 
student 249: 6 15 17 19 18 9 1 4 2 12 16 8 10 11 5 7 20 3 13 14 
student 250: 2 14 19 17 11 15 5 8 4 12 13 9 7 1 16 10 20 6 18 3 
student 251: 2 6 14 16 17 11 5 12 1 20 18 15 9 4 19 10 13 7 3 8 
student 252: 4 2 10 5 20 19 3 12 1 14 9 8 18 6 15 7 16 17 13 11 
student 253: 2 6 9 11 16 12 3 15 1 14 20 17 4 7 10 8 18 13 19 5 
student 254: 1 5 17 14 11 12 6 7 4 18 16 10 19 9 2 13 20 8 15 3 
student 255: 4 3 18 2 13 10 5 7 1 14 20 17 8 12 6 11 19 9 16 15 
student 256: 8 5 15 19 17 20 10 7 3 12 2 11 13 9 6 14 18 1 16 4 
student 257: 8 4 9 15 16 18 5 6 1 17 13 14 20 10 3 7 19 11 12 2 
student 258: 10 4 14 9 17 20 2 16 1 15 11 12 8 3 13 7 19 6 18 5 
student 259: 2 9 19 12 20 6 8 13 3 15 18 14 10 5 1 16 17 11 7 4 
student 260: 2 5 10 14 16 17 3 1 7 20 18 15 13 8 6 9 19 4 12 11 
student 261: 8 16 17 11 12 20 6 5 2 15 14 10 13 9 7 3 19 1 18 4 
student 262: 4 2 12 18 14 17 11 10 7 15 20 6 8 9 5 16 19 3 13 1 
student 263: 1 3 19 20 12 17 4 11 7 13 16 14 15 5 8 2 18 9 6 10 
student 264: 7 4 18 6 10 20 1 9 2 16 11 13 15 17 12 14 19 5 8 3 
student 265: 1 5 17 14 19 18 3 6 2 11 20 16 13 9 10 4 15 7 8 12 
student 266: 5 9 14 7 20 17 8 16 2 12 19 6 15 1 3 11 18 13 10 4 
student 267: 5 2 15 17 12 16 8 9 1 18 19 13 10 14 3 11 20 4 6 7 
student 268: 1 12 10 14 17 20 2 7 4 19 18 13 15 8 11 16 6 3 9 5 
student 269: 5 3 16 20 12 19 4 7 2 14 17 10 18 6 1 11 15 8 13 9 
student 270: 1 5 9 3 20 18 6 11 8 14 19 15 17 16 13 4 10 7 12 2 
student 271: 11 13 4 15 17 12 8 9 10 5 18 20 19 6 1 14 16 7 3 2 
student 272: 8 11 6 17 14 15 12 1 4 16 19 10 20 7 5 2 18 3 13 9 
student 273: 11 12 19 18 10 20 5 4 8 17 7 14 9 16 6 13 15 1 2 3 
student 274: 7 11 13 17 14 9 2 10 6 20 18 12 8 5 1 19 15 3 16 4 
student 275: 1 2 19 17 14 15 7 9 10 18 16 4 12 8 11 6 20 3 13 5 
student 276: 4 8 18 13 16 19 3 1 10 14 5 17 11 6 9 15 20 7 12 2 
student 277: 2 5 15 12 19 11 10 13 3 20 4 18 16 14 8 7 17 1 9 6 
student 278: 4 6 15 8 17 18 2 12 14 16 19 3 11 5 7 13 20 10 9 1 
student 279: 1 5 18 20 16 6 3 11 2 19 13 14 15 9 8 7 17 10 12 4 
student 280: 6 7 16 18 14 20 2 8 4 13 12 9 11 10 1 15 19 5 17 3 
student 281: 12 3 7 18 16 19 6 9 1 15 20 11 14 5 2 13 17 4 8 10 
student 282: 3 7 13 15 18 19 4 9 5 16 17 14 10 11 6 1 20 12 8 2 
student 283: 3 2 14 10 16 15 5 11 12 17 18 6 13 9 4 20 19 7 8 1 
student 284: 2 4 10 9 19 18 12 13 8 17 20 11 14 6 5 1 16 7 15 3 
student 285: 3 6 4 17 19 18 1 5 8 15 11 9 13 10 2 7 20 14 12 16 
student 286: 4 5 7 12 13 18 9 2 1 15 19 14 17 8 3 11 20 6 16 10 
student 287: 9 4 19 11 13 16 3 8 6 18 12 10 15 5 1 14 20 7 17 2 
student 288: 4 5 18 17 10 15 3 11 7 13 20 16 9 12 1 6 19 14 8 2 
student 289: 5 2 8 16 9 17 4 3 14 15 20 19 18 13 10 7 12 6 11 1 
student 290: 4 2 17 16 19 18 9 20 6 11 13 14 7 12 1 3 10 5 15 8 
student 291: 4 2 14 17 13 16 7 10 6 9 18 20 12 15 5 3 19 8 11 1 
student 292: 1 5 16 19 4 20 9 8 3 17 14 15 7 10 2 6 18 13 11 12 
student 293: 5 3 19 11 15 20 4 7 2 13 18 12 9 16 14 8 17 6 10 1 
student 294: 16 14 17 7 13 5 8 4 1 18 19 9 15 11 12 6 20 3 10 2 
student 295: 2 5 14 19 16 17 4 7 10 15 20 8 12 11 1 9 18 6 13 3 
student 296: 4 8 6 16 15 19 1 2 3 20 14 7 13 10 17 5 18 12 9 11 
student 297: 5 2 13 15 18 20 3 4 1 12 19 9 11 8 10 14 16 6 17 7 
student 298: 7 1 10 13 17 18 3 5 4 16 19 12 15 11 9 6 20 2 14 8 
student 299: 1 5 12 16 11 17 9 7 4 20 19 10 13 15 2 8 14 3 6 18 
student 300: 1 2 19 13 16 8 6 10 17 14 18 11 15 5 4 7 20 12 9 3 
student 301: 1 7 15 17 20 16 4 6 5 14 19 9 13 10 8 3 18 12 11 2 
student 302: 2 10 14 13 16 20 3 6 11 18 19 1 17 15 5 8 9 12 7 4 
student 303: 1 4 9 14 19 17 10 18 2 12 16 6 15 13 3 11 20 8 7 5 
student 304: 15 5 11 14 19 12 3 16 1 13 20 8 18 6 7 9 17 4 10 2 
student 305: 1 12 9 20 18 15 3 10 7 19 14 8 16 6 4 11 13 2 17 5 
student 306: 5 3 6 18 14 15 2 9 10 19 12 11 17 8 1 16 20 7 13 4 
student 307: 2 13 12 9 17 11 4 3 10 19 18 16 14 15 7 8 20 5 6 1 
student 308: 3 13 18 20 8 9 2 6 4 11 16 10 17 12 15 1 19 7 14 5 
student 309: 1 4 6 16 10 20 5 9 12 7 13 2 17 3 18 19 15 14 11 8 
student 310: 1 8 10 12 20 15 2 5 11 4 18 9 17 13 6 16 19 7 14 3 
student 311: 1 7 18 13 14 16 5 2 4 19 15 8 12 11 6 9 17 10 20 3 
student 312: 5 18 12 16 13 15 2 10 3 20 17 11 7 9 8 19 14 1 6 4 
student 313: 3 19 12 14 20 17 2 1 4 16 7 11 5 9 6 13 18 15 10 8 
student 314: 2 6 13 16 15 17 9 1 5 20 14 12 10 11 4 3 18 8 19 7 
student 315: 3 8 17 14 16 18 1 9 5 19 15 4 7 11 10 20 13 6 12 2 
student 316: 3 10 17 15 16 12 2 9 1 19 20 8 13 6 7 11 18 4 14 5 
student 317: 4 12 10 11 16 17 7 13 1 15 18 2 8 5 9 3 20 6 19 14 
student 318: 3 8 1 15 18 19 2 6 14 16 13 17 9 11 4 5 20 7 12 10 
student 319: 1 3 11 17 20 8 4 7 2 13 18 15 10 19 12 5 16 14 6 9 
student 320: 1 7 19 17 8 18 11 2 3 16 13 10 15 12 4 9 20 5 6 14 
student 321: 7 13 5 20 10 17 4 3 1 15 19 14 11 8 2 9 18 12 16 6 
student 322: 12 16 14 8 20 19 4 6 2 10 17 15 5 11 1 13 18 7 9 3 
student 323: 3 5 18 10 19 14 7 11 4 2 20 17 15 16 6 8 12 13 9 1 
student 324: 1 5 14 17 19 20 3 9 2 12 15 16 7 13 8 11 18 6 10 4 
student 325: 3 6 19 10 11 8 4 16 18 9 17 15 7 13 2 5 20 1 14 12 
student 326: 3 7 10 15 18 17 1 8 4 16 19 20 13 14 11 2 12 6 9 5 
student 327: 9 7 16 12 20 18 1 8 3 19 14 10 13 6 2 15 17 4 11 5 
student 328: 2 1 17 12 20 18 16 10 7 19 11 5 15 8 4 9 14 13 6 3 
student 329: 2 6 9 12 17 16 1 14 3 19 15 11 18 4 7 13 10 8 20 5 
student 330: 2 7 20 12 14 18 6 9 1 16 17 10 11 13 3 15 19 4 8 5 
student 331: 1 4 19 13 20 16 6 7 2 11 15 5 8 12 9 14 18 3 17 10 
student 332: 3 6 12 20 18 15 1 13 4 11 16 7 17 14 5 10 19 8 9 2 
student 333: 8 10 17 9 16 14 1 2 4 20 18 13 12 3 15 6 19 7 5 11 
student 334: 6 5 14 11 18 19 4 2 1 16 17 9 12 7 13 3 20 15 10 8 
student 335: 1 9 11 14 15 18 4 10 5 17 19 2 12 3 6 20 13 7 16 8 
student 336: 7 6 11 19 15 20 2 4 3 13 16 14 17 18 5 9 12 8 10 1 
student 337: 2 4 10 17 18 7 5 9 1 13 19 20 3 12 8 15 16 11 14 6 
student 338: 2 8 20 12 17 6 3 5 9 15 18 16 1 14 11 10 19 7 13 4 
student 339: 1 7 6 12 14 20 13 3 2 19 18 5 17 8 4 9 15 16 11 10 
student 340: 2 9 18 14 19 15 3 20 1 12 11 5 16 10 8 13 17 4 6 7 
student 341: 1 4 13 16 19 20 3 12 6 17 18 7 14 10 9 5 11 8 15 2 
student 342: 2 12 18 15 20 14 1 5 3 11 17 9 7 8 4 13 19 10 16 6 
student 343: 5 7 16 18 17 20 8 3 2 14 15 4 13 9 11 12 19 1 10 6 
student 344: 2 1 18 12 14 19 3 9 4 20 17 8 11 15 6 13 16 5 10 7 
student 345: 3 4 16 13 18 17 8 6 2 15 20 9 19 5 11 10 7 14 12 1 
student 346: 1 5 13 11 17 20 2 8 3 12 14 15 16 9 7 10 18 19 6 4 
student 347: 1 9 11 14 20 19 4 7 2 13 17 10 16 12 15 5 18 6 3 8 
student 348: 3 5 20 11 12 18 6 8 1 16 17 14 10 4 7 9 19 13 15 2 
student 349: 2 4 12 18 11 15 6 16 5 1 20 9 14 19 3 7 17 10 13 8 
student 350: 4 6 14 12 18 19 1 10 3 11 17 13 16 8 7 15 20 2 9 5 
student 351: 2 9 3 20 17 19 1 5 8 14 11 18 12 7 6 15 13 10 16 4 
student 352: 1 14 13 9 16 18 11 5 3 17 19 7 15 4 10 6 20 2 12 8 
student 353: 13 5 14 15 7 18 2 8 3 20 17 12 19 11 4 10 16 1 6 9 
student 354: 2 8 14 5 15 11 1 3 6 18 20 19 10 9 16 13 17 7 12 4 
student 355: 1 5 14 15 18 19 8 11 2 10 17 16 13 4 6 9 20 12 7 3 
student 356: 8 9 12 13 14 16 5 4 1 19 20 10 2 17 11 6 18 7 15 3 
student 357: 2 7 11 15 18 12 5 19 3 20 14 9 1 4 6 10 17 8 13 16 
student 358: 7 10 16 15 18 20 5 8 3 14 19 17 11 1 6 9 12 4 13 2 
student 359: 6 1 16 18 17 19 8 9 5 13 20 4 15 11 3 12 14 7 2 10 
student 360: 3 6 16 14 18 17 4 10 1 19 20 7 13 9 5 11 15 8 12 2 
student 361: 2 1 17 16 9 18 6 10 5 19 15 8 14 11 4 12 20 3 13 7 
student 362: 4 9 14 17 18 11 3 6 1 19 20 5 10 15 2 8 12 13 16 7 
student 363: 6 14 18 13 11 20 2 8 3 12 19 9 15 5 1 7 17 4 16 10 
student 364: 2 5 12 9 15 16 4 8 3 18 19 14 11 17 6 10 20 1 7 13 
student 365: 2 11 18 10 8 15 1 13 5 20 14 17 16 9 4 7 19 6 12 3 
student 366: 2 1 12 16 19 13 3 7 5 15 18 8 14 17 9 11 20 6 10 4 
student 367: 1 5 9 12 15 11 2 6 10 18 8 17 20 14 13 3 16 7 4 19 
student 368: 2 5 16 15 19 17 1 6 10 18 20 12 13 7 4 14 11 9 8 3 
student 369: 1 6 17 16 15 12 4 8 3 19 13 7 14 9 5 11 20 10 18 2 
student 370: 1 10 18 11 12 15 4 13 2 20 16 8 14 6 5 7 19 9 17 3 
student 371: 3 13 17 9 18 19 1 5 6 12 11 7 15 10 4 14 20 2 16 8 
student 372: 6 1 12 19 20 18 7 17 2 9 5 16 15 11 8 3 10 14 13 4 
student 373: 3 2 9 13 16 18 5 6 1 20 14 15 17 7 12 4 19 10 8 11 
student 374: 4 6 13 20 9 17 3 12 15 14 19 16 5 10 8 2 18 7 11 1 
student 375: 1 2 10 16 19 12 11 7 5 6 18 13 15 9 3 8 20 4 17 14 
student 376: 1 5 6 14 16 9 15 11 10 12 19 3 8 13 7 18 17 2 20 4 
student 377: 2 1 18 17 11 19 6 14 8 20 7 4 15 13 10 3 16 12 5 9 
student 378: 14 6 19 10 16 11 3 5 4 17 15 12 7 9 1 18 20 2 13 8 
student 379: 2 10 5 17 15 18 4 8 12 1 19 13 11 14 3 9 16 7 20 6 
student 380: 2 7 13 17 11 19 3 12 4 14 20 6 16 10 5 8 15 9 18 1 
student 381: 2 7 16 17 19 13 5 8 3 9 20 15 10 1 11 12 18 14 6 4 
student 382: 3 10 20 13 17 9 6 4 2 16 19 11 15 12 14 7 18 1 5 8 
student 383: 5 6 15 11 12 19 2 7 1 16 18 17 14 9 3 4 20 8 13 10 
student 384: 5 16 12 14 18 15 3 9 1 20 19 13 11 8 7 6 17 4 10 2 
student 385: 3 10 12 8 18 19 6 17 1 9 20 14 11 2 16 5 15 4 7 13 
student 386: 7 6 10 16 18 17 3 5 1 19 14 15 12 9 2 11 20 4 13 8 
student 387: 9 4 10 13 17 11 8 16 1 18 19 3 12 5 7 15 20 2 14 6 
student 388: 6 1 10 14 16 17 2 12 8 9 18 11 19 5 4 15 20 7 13 3 
student 389: 5 2 15 8 11 19 13 4 3 10 17 18 9 16 12 7 20 1 6 14 
student 390: 6 5 16 12 13 20 1 4 2 15 18 11 8 14 3 10 17 9 19 7 
student 391: 2 3 10 13 11 18 4 14 1 15 16 7 8 17 6 5 20 19 9 12 
student 392: 7 1 17 16 12 19 3 8 2 18 13 10 9 11 5 15 20 4 14 6 
student 393: 4 8 11 19 16 18 5 12 1 15 17 2 14 10 9 7 20 6 13 3 
student 394: 5 1 9 10 16 20 8 4 6 7 17 14 19 11 3 12 18 13 15 2 
student 395: 2 7 12 15 17 20 3 9 1 16 14 8 11 18 4 13 19 6 10 5 
student 396: 10 7 16 8 18 19 5 12 4 17 14 2 11 13 3 9 20 6 15 1 
student 397: 5 3 4 14 17 18 7 10 2 13 20 16 8 15 12 11 19 9 6 1 
student 398: 3 5 13 12 20 17 11 4 1 18 19 8 9 6 10 7 16 14 15 2 
student 399: 3 9 11 17 8 19 15 7 12 14 20 2 10 1 4 13 18 6 16 5 
student 400: 2 18 15 20 6 14 9 5 1 11 17 19 13 12 3 8 16 10 7 4 
student 401: 3 8 9 11 18 19 2 12 1 15 20 6 16 14 5 7 17 13 10 4 
student 402: 2 1 10 13 16 14 11 12 4 20 15 7 17 19 5 6 18 8 9 3 
student 403: 3 2 4 20 9 11 5 10 1 19 14 12 15 7 16 8 18 6 17 13 
student 404: 2 4 13 14 17 16 1 8 12 15 18 10 5 7 19 9 20 6 11 3 
student 405: 2 8 20 15 16 18 14 6 3 10 13 5 17 4 11 12 19 9 7 1 
student 406: 2 7 19 12 18 20 1 8 4 17 6 11 3 10 14 9 16 13 15 5 
student 407: 4 18 17 7 19 12 3 6 15 1 16 8 10 5 2 14 20 9 11 13 
student 408: 1 9 13 15 12 16 2 5 8 18 20 10 11 7 4 14 19 3 17 6 
student 409: 5 10 15 4 13 19 1 2 14 7 20 11 12 3 6 18 16 9 17 8 
student 410: 2 5 11 13 18 20 6 19 4 16 14 1 7 10 12 15 17 9 3 8 
student 411: 5 13 7 16 18 20 2 12 1 15 17 9 14 8 6 11 19 10 4 3 
student 412: 5 16 14 15 11 12 17 4 1 13 18 8 10 7 6 19 20 3 9 2 
student 413: 1 5 20 12 9 15 2 4 13 11 16 8 14 7 6 19 18 10 17 3 
student 414: 1 3 10 12 18 20 5 15 2 7 11 17 14 19 8 6 16 9 13 4 
student 415: 13 2 6 16 14 19 10 8 5 12 20 11 9 15 1 7 18 4 17 3 
student 416: 3 7 15 8 9 20 6 5 2 19 14 12 16 13 1 4 17 18 10 11 
student 417: 3 9 12 6 18 20 5 10 4 19 17 16 2 14 7 15 8 13 11 1 
student 418: 6 1 18 13 17 19 8 7 2 14 20 16 9 4 10 12 15 11 5 3 
student 419: 2 3 15 9 14 17 4 5 10 18 20 12 11 8 1 13 16 6 19 7 
student 420: 5 6 18 17 19 20 4 8 3 12 7 13 10 11 16 9 15 1 14 2 
student 421: 3 4 18 20 10 13 1 8 9 16 15 14 12 11 2 5 19 7 17 6 
student 422: 1 6 18 19 9 8 12 11 14 15 20 4 5 2 3 17 16 13 10 7 
student 423: 5 6 12 11 17 8 1 4 7 16 20 3 14 18 10 19 13 15 9 2 
student 424: 6 7 9 12 14 11 1 2 17 19 13 4 10 18 5 15 20 16 3 8 
student 425: 2 4 15 17 14 20 1 16 3 18 19 6 11 10 5 8 13 9 12 7 
student 426: 1 3 15 17 20 18 6 7 5 14 19 12 11 4 2 10 16 8 13 9 
student 427: 5 6 18 15 19 20 8 13 1 11 17 10 9 4 16 12 14 2 3 7 
student 428: 8 3 16 18 5 13 10 4 2 17 20 15 11 19 9 12 14 6 7 1 
student 429: 3 8 12 20 17 13 2 9 7 19 11 10 14 4 1 5 15 18 16 6 
student 430: 1 6 13 20 8 17 3 10 2 14 19 15 16 12 7 11 18 9 4 5 
student 431: 3 4 14 5 19 8 12 6 10 13 18 16 9 2 7 15 20 1 17 11 
student 432: 5 4 15 19 13 17 3 9 14 16 7 11 12 1 8 10 20 18 6 2 
student 433: 1 6 17 16 5 19 7 8 3 18 10 12 13 11 4 9 20 15 14 2 
student 434: 3 8 6 15 20 16 1 4 5 13 18 11 12 7 9 17 19 10 14 2 
student 435: 13 4 18 12 14 17 2 1 3 20 16 7 15 6 11 8 19 9 5 10 
student 436: 11 13 14 16 9 19 8 4 2 17 18 6 5 10 1 12 20 3 15 7 
student 437: 3 6 16 14 17 20 1 7 2 4 18 9 11 5 12 10 19 15 13 8 
student 438: 1 5 10 15 20 19 4 3 16 17 12 7 11 6 9 8 13 2 18 14 
student 439: 2 6 13 10 20 19 7 1 5 9 12 14 17 8 11 16 15 4 18 3 
student 440: 1 8 14 11 16 13 6 3 2 19 18 10 17 9 7 12 20 5 15 4 
student 441: 3 9 8 14 19 16 7 6 4 11 15 20 5 12 18 2 13 17 10 1 
student 442: 2 5 12 18 15 19 9 8 6 17 20 14 13 10 7 11 16 4 3 1 
student 443: 7 5 18 6 20 14 1 4 3 10 19 17 16 13 2 12 15 9 11 8 
student 444: 4 10 14 7 15 19 6 8 5 11 16 18 17 1 12 13 20 3 9 2 
student 445: 1 8 11 13 20 19 4 6 7 18 17 9 16 2 3 12 14 10 15 5 
student 446: 1 9 16 11 19 17 4 15 3 18 14 6 10 2 7 13 20 8 12 5 
student 447: 2 1 17 18 20 9 3 6 4 14 10 8 19 7 11 16 13 12 15 5 
student 448: 2 5 13 17 19 14 4 16 1 8 15 12 18 9 11 6 20 7 10 3 
student 449: 1 10 19 14 15 16 8 7 9 17 20 18 3 2 4 6 13 11 12 5 
student 450: 1 10 17 7 8 18 2 11 3 14 19 16 20 4 12 6 9 5 13 15 
student 451: 3 8 1 10 6 17 4 13 2 15 18 14 19 7 9 12 20 5 11 16 
student 452: 3 10 5 17 19 7 4 6 9 20 18 14 11 2 13 15 16 8 12 1 
student 453: 1 8 15 10 17 16 13 11 2 5 19 9 20 14 3 6 18 7 12 4 
student 454: 5 4 19 16 10 18 1 9 6 17 11 2 15 13 7 12 20 8 14 3 
student 455: 1 2 13 14 16 18 7 8 3 17 19 9 11 10 6 12 20 5 15 4 
student 456: 1 5 17 20 9 11 2 8 3 19 18 7 15 10 6 12 14 13 16 4 
student 457: 4 8 18 13 12 20 1 9 5 17 19 14 16 7 3 11 15 2 10 6 
student 458: 1 13 11 12 16 14 2 7 4 19 17 6 10 15 18 8 20 3 9 5 
student 459: 1 2 20 19 14 13 4 7 11 12 5 16 10 15 3 18 17 8 9 6 
student 460: 6 2 17 13 16 19 1 12 3 15 20 14 10 8 4 9 18 7 11 5 
student 461: 7 3 14 9 17 20 6 5 4 16 18 12 15 8 1 10 19 11 13 2 
student 462: 1 7 15 11 16 17 4 8 3 14 19 10 9 13 5 6 20 2 12 18 
student 463: 2 3 14 18 9 19 10 6 11 13 20 5 4 7 8 15 17 16 12 1 
student 464: 1 7 15 9 18 17 3 8 5 13 19 12 16 11 4 10 20 6 14 2 
student 465: 1 5 12 8 18 15 3 10 6 14 17 9 16 4 7 20 13 2 19 11 
student 466: 9 5 13 20 19 14 3 16 2 11 15 6 8 4 17 12 18 10 7 1 
student 467: 1 12 7 14 16 18 2 10 5 17 19 11 20 6 3 8 13 9 15 4 
student 468: 6 20 17 16 11 12 7 19 1 14 13 3 10 5 4 15 18 8 9 2 
student 469: 13 3 16 15 6 20 4 8 1 17 18 10 11 14 9 5 19 7 12 2 
student 470: 5 9 20 16 7 13 6 3 4 17 18 10 14 12 2 15 19 8 11 1 
student 471: 1 8 19 12 13 20 14 11 2 18 16 6 17 10 9 4 15 7 5 3 
student 472: 2 9 12 16 18 11 6 1 8 15 20 13 14 4 5 10 19 7 17 3 
student 473: 2 3 15 20 19 16 1 13 5 14 17 9 18 4 8 10 12 11 6 7 
student 474: 4 3 12 7 16 15 5 8 2 14 18 17 11 6 1 13 19 10 9 20 
student 475: 11 4 14 15 17 13 5 6 1 18 19 16 9 7 8 12 20 2 10 3 
student 476: 7 3 16 19 5 18 4 6 1 15 13 11 14 9 8 10 20 12 17 2 
student 477: 7 3 17 20 18 11 1 9 5 14 19 15 12 10 8 6 16 4 13 2 
student 478: 7 12 15 13 19 16 2 8 3 11 20 14 10 1 6 9 17 5 18 4 
student 479: 13 4 12 17 18 20 1 9 3 7 15 5 16 10 14 2 19 11 8 6 
student 480: 7 2 13 20 9 18 1 3 5 15 17 14 8 11 12 6 19 16 10 4 
student 481: 1 3 9 18 20 16 6 8 5 17 19 13 15 10 7 11 14 4 12 2 
student 482: 1 2 16 10 20 13 3 11 8 14 15 12 19 18 9 6 17 4 5 7 
student 483: 2 8 11 12 10 16 13 9 7 15 19 18 17 1 5 14 20 6 4 3 
student 484: 4 5 13 17 15 20 3 12 2 14 9 11 8 10 7 18 19 6 16 1 
student 485: 2 6 7 10 17 18 1 14 3 20 9 16 8 19 11 12 15 5 13 4 
student 486: 1 7 3 8 19 16 17 6 2 14 20 13 11 15 9 5 18 10 12 4 
student 487: 6 5 12 1 16 13 3 10 8 14 11 19 18 17 7 15 20 2 9 4 
student 488: 2 16 19 11 13 14 3 1 8 15 5 7 18 17 9 12 10 4 20 6 
student 489: 3 7 10 18 17 20 5 4 2 11 15 13 14 8 6 12 16 9 19 1 
student 490: 5 3 16 11 12 17 15 7 2 13 20 14 19 8 6 10 18 9 1 4 
student 491: 5 3 7 18 13 15 1 6 2 17 9 19 12 16 8 11 14 10 20 4 
student 492: 2 1 7 16 18 19 5 4 11 14 20 8 12 13 3 6 17 15 10 9 
student 493: 1 7 12 18 16 17 4 11 2 14 20 9 6 13 3 10 15 5 19 8 
student 494: 2 1 14 12 17 19 10 15 3 16 18 13 9 7 5 8 20 6 11 4 
student 495: 3 9 14 20 17 18 2 16 1 12 15 5 13 10 6 8 19 11 4 7 
student 496: 7 10 19 11 17 14 4 5 6 12 16 9 15 8 2 20 18 3 13 1 
student 497: 2 8 11 15 17 20 9 5 4 6 16 18 19 7 3 13 14 10 12 1 
student 498: 1 12 16 20 15 6 10 14 7 9 18 4 8 5 2 11 17 13 19 3 
student 499: 4 15 13 19 2 20 3 14 6 8 10 7 17 5 1 11 9 16 18 12 
student 500: 1 5 15 12 17 20 2 6 7 14 18 11 4 10 8 16 19 9 13 3 
student 501: 3 2 11 18 17 20 1 5 9 19 15 16 12 4 10 13 7 8 14 6 
student 502: 4 7 19 13 14 12 2 8 11 10 16 6 20 1 17 9 15 3 18 5 
student 503: 3 8 14 9 11 20 5 2 1 19 18 10 6 15 12 16 13 4 17 7 
student 504: 1 6 3 12 18 20 4 7 5 17 15 14 13 11 9 2 19 8 16 10 
student 505: 2 3 14 7 15 16 8 10 1 19 17 9 13 5 4 12 11 18 6 20 
student 506: 6 3 11 12 14 20 7 8 2 17 13 18 15 5 9 16 19 1 10 4 
student 507: 3 4 13 7 17 20 1 9 10 16 19 2 18 12 5 15 8 6 11 14 
student 508: 3 7 14 10 17 19 4 11 1 9 16 6 13 8 5 15 20 12 18 2 
student 509: 3 5 11 19 15 20 1 7 13 12 2 17 14 9 6 18 16 4 8 10 
student 510: 3 9 12 17 15 19 5 10 2 13 18 14 8 16 7 6 20 4 11 1 
student 511: 1 9 13 19 16 20 2 11 4 10 18 15 7 8 14 3 17 6 12 5 
student 512: 5 13 15 12 18 20 6 8 9 17 14 11 10 1 4 2 19 7 16 3 
student 513: 1 5 11 15 18 14 3 8 2 16 20 19 7 6 12 13 17 10 9 4 
student 514: 1 10 16 18 5 19 3 7 2 20 17 13 14 6 4 11 12 8 9 15 
student 515: 3 5 16 9 14 20 1 8 15 19 10 17 18 13 2 7 12 11 6 4 
student 516: 2 5 14 12 17 7 6 1 3 16 19 10 13 15 4 18 20 9 11 8 
student 517: 8 7 12 15 13 14 5 11 2 19 10 18 17 9 1 3 20 4 16 6 
student 518: 1 4 20 19 12 13 18 2 11 9 15 7 17 5 14 6 16 10 8 3 
student 519: 8 1 13 16 3 20 6 12 4 7 19 10 2 15 5 11 17 14 18 9 
student 520: 3 5 7 18 13 16 12 8 1 19 20 11 14 17 6 15 10 4 9 2 
student 521: 9 7 6 5 19 12 3 14 1 11 10 20 18 17 8 2 15 4 16 13 
student 522: 2 1 8 18 12 16 6 15 3 20 17 11 14 9 7 13 19 4 5 10 
student 523: 5 6 13 9 16 20 1 8 4 19 18 15 11 10 2 7 14 12 17 3 
student 524: 2 1 18 6 4 19 8 17 3 11 16 10 15 12 9 14 20 13 5 7 
student 525: 4 1 12 15 19 10 9 13 2 18 20 17 8 5 3 14 16 11 6 7 
student 526: 8 7 11 20 17 6 3 9 2 14 16 4 15 18 10 12 19 13 1 5 
student 527: 2 4 14 9 20 13 5 8 1 18 16 12 19 6 3 17 15 7 11 10 
student 528: 11 2 20 13 18 15 5 3 1 19 14 7 12 10 6 8 16 9 17 4 
student 529: 8 1 14 3 15 18 11 6 4 20 17 13 19 9 16 10 12 5 7 2 
student 530: 1 8 16 17 20 13 3 10 4 11 18 9 7 6 5 14 19 15 12 2 
student 531: 6 7 17 13 16 19 3 1 2 12 14 10 15 9 11 5 20 8 18 4 
student 532: 5 4 13 9 14 17 7 15 3 12 20 16 18 2 1 11 19 6 10 8 
student 533: 10 1 13 19 14 17 5 6 3 16 15 12 8 4 2 11 18 9 20 7 
student 534: 4 7 14 16 10 18 8 12 1 17 19 2 15 11 9 5 20 6 13 3 
student 535: 15 3 10 7 13 16 1 9 8 18 14 19 12 17 6 11 20 2 5 4 
student 536: 3 5 10 12 17 20 1 9 2 15 18 6 16 11 7 13 19 8 14 4 
student 537: 1 4 17 18 19 12 11 8 2 14 9 10 16 5 3 13 20 6 15 7 
student 538: 2 4 13 9 17 15 5 12 3 18 19 6 11 8 1 10 16 14 20 7 
student 539: 3 1 16 20 12 14 8 5 2 13 18 15 11 7 6 9 19 10 17 4 
student 540: 1 4 10 12 18 16 2 8 11 14 19 13 17 9 7 6 20 5 15 3 
student 541: 18 7 14 5 9 19 1 3 2 16 11 12 13 4 10 15 20 8 17 6 
student 542: 1 7 10 5 12 20 4 9 8 13 19 11 16 3 2 15 17 18 14 6 
student 543: 5 9 14 17 19 10 4 15 1 13 18 16 6 7 2 11 20 3 12 8 
student 544: 2 7 14 11 15 17 4 6 1 18 19 8 13 5 9 10 20 16 12 3 
student 545: 1 5 16 11 12 19 8 3 2 20 18 14 7 10 4 15 17 13 6 9 
student 546: 5 13 11 18 14 17 3 15 1 19 16 6 12 4 2 8 20 10 9 7 
student 547: 1 5 15 12 16 19 4 10 3 17 18 2 11 13 8 7 20 9 14 6 
student 548: 8 2 14 17 20 13 6 9 1 12 15 7 18 16 3 11 19 4 10 5 
student 549: 3 5 7 19 17 15 6 8 1 18 20 12 10 14 2 9 16 13 11 4 
student 550: 4 3 13 9 14 15 6 5 2 18 17 12 19 7 11 16 20 8 10 1 
student 551: 3 4 9 14 17 18 1 5 6 15 16 20 7 11 13 10 19 8 12 2 
student 552: 2 10 8 16 12 19 1 9 3 18 14 15 17 13 6 5 20 4 11 7 
student 553: 6 7 10 18 15 13 1 2 11 20 16 5 3 8 9 12 19 14 17 4 
student 554: 4 13 19 17 18 8 5 1 7 15 14 12 16 10 9 11 20 6 2 3 
student 555: 1 10 15 11 12 17 3 5 2 20 18 16 7 4 6 13 19 9 14 8 
student 556: 10 2 11 17 13 20 14 5 4 9 12 16 18 15 8 1 19 7 6 3 
student 557: 1 2 16 8 18 10 6 3 4 20 11 14 15 13 9 12 17 5 19 7 
student 558: 1 2 9 7 15 18 6 12 5 16 11 8 10 14 17 20 19 4 13 3 
student 559: 4 7 13 12 20 17 5 10 6 11 18 2 15 14 9 8 19 1 16 3 
student 560: 2 9 14 13 20 19 8 12 1 11 18 10 17 4 6 15 16 7 3 5 
student 561: 2 3 20 19 17 18 4 7 1 14 16 5 15 10 8 11 12 9 13 6 
student 562: 5 8 17 11 13 19 9 15 2 1 20 12 14 4 7 10 18 6 16 3 
student 563: 3 9 16 14 15 19 6 10 4 13 18 5 11 2 8 12 20 1 17 7 
student 564: 1 8 9 11 20 17 12 13 3 16 4 10 15 2 7 6 18 14 19 5 
student 565: 2 6 20 5 16 7 1 12 4 9 15 13 17 14 3 18 19 8 11 10 
student 566: 8 1 14 15 4 20 2 9 3 16 17 12 13 10 6 5 19 11 18 7 
student 567: 4 1 12 2 19 20 15 11 7 5 18 8 17 3 6 14 16 13 10 9 
student 568: 3 6 16 19 13 17 1 12 2 18 15 9 8 11 5 10 20 7 14 4 
student 569: 3 1 16 17 19 20 5 13 4 14 15 12 11 7 10 8 18 2 9 6 
student 570: 3 7 9 15 18 4 5 11 1 17 19 13 14 10 2 12 20 8 16 6 
student 571: 1 4 18 19 15 14 5 3 2 9 20 16 13 12 10 8 17 6 7 11 
student 572: 9 7 14 20 19 13 1 8 4 18 17 15 11 3 6 5 12 2 16 10 
student 573: 1 8 19 18 13 14 5 15 3 9 17 12 16 4 10 7 20 11 6 2 
student 574: 2 9 17 13 19 14 7 8 3 16 20 11 15 1 10 5 18 12 6 4 
student 575: 2 3 18 12 16 19 4 6 1 20 9 15 13 7 17 8 14 5 11 10 
student 576: 9 4 12 14 20 16 1 2 5 15 19 11 18 3 6 8 17 10 13 7 
student 577: 3 4 15 11 17 19 2 7 1 12 20 14 13 18 5 10 8 16 9 6 
student 578: 2 7 12 20 14 5 3 13 4 17 15 11 18 10 16 8 19 9 6 1 
student 579: 4 8 16 15 17 19 5 10 1 18 12 11 14 13 9 7 20 6 3 2 
student 580: 3 7 12 4 11 18 1 15 2 14 19 20 6 8 9 13 17 10 16 5 
student 581: 8 2 14 20 18 10 1 7 4 9 17 12 16 5 6 11 19 13 15 3 
student 582: 2 1 16 17 13 10 4 12 8 19 20 15 14 9 11 3 6 5 18 7 
student 583: 4 10 13 15 18 17 3 6 2 16 14 11 12 8 1 9 20 7 19 5 
student 584: 13 7 14 12 15 20 2 1 4 16 17 11 9 10 5 6 19 8 18 3 
student 585: 7 5 20 12 10 17 1 14 3 19 15 13 4 6 16 8 18 9 2 11 
student 586: 4 5 11 18 13 14 2 8 1 17 19 16 15 7 6 10 20 12 9 3 
student 587: 1 3 10 14 19 7 6 15 2 16 17 8 18 4 5 9 20 11 12 13 
student 588: 2 9 12 11 18 13 3 8 1 16 17 7 14 10 6 5 20 15 19 4 
student 589: 3 13 18 14 10 11 1 5 2 20 19 12 9 15 7 8 16 4 17 6 
student 590: 4 6 18 14 12 15 10 8 2 19 16 7 17 11 9 13 20 3 5 1 
student 591: 3 2 17 10 19 18 1 7 11 15 14 5 16 12 4 9 20 6 13 8 
student 592: 2 12 15 20 14 17 11 1 7 19 18 8 10 4 9 5 16 3 13 6 
student 593: 1 13 11 9 20 17 2 3 4 15 19 5 7 18 8 10 16 12 14 6 
student 594: 8 6 18 15 20 19 1 17 11 16 4 12 2 10 9 3 13 14 7 5 
student 595: 2 6 11 17 13 16 5 4 3 14 19 7 18 12 10 8 20 9 15 1 
student 596: 1 12 8 14 20 18 6 16 3 19 2 4 5 17 7 15 13 10 11 9 
student 597: 3 1 19 12 20 18 2 4 6 17 14 15 10 9 11 13 16 8 7 5 
student 598: 8 18 12 10 19 13 11 6 5 15 20 7 17 3 2 14 16 4 9 1 
student 599: 3 12 15 20 16 17 2 11 7 14 19 10 8 5 13 9 18 6 4 1 
student 600: 2 1 12 15 17 13 3 8 5 10 20 6 18 14 4 9 19 7 16 11 
student 601: 1 11 20 12 16 17 3 7 2 19 18 15 6 8 5 14 10 9 13 4 
student 602: 1 3 12 15 16 17 5 8 6 20 19 10 13 9 7 14 18 11 2 4 
student 603: 1 5 15 13 18 17 6 14 8 19 9 4 12 16 3 2 20 11 10 7 
student 604: 2 5 16 9 18 17 4 10 3 20 19 12 14 6 7 8 11 15 13 1 
student 605: 1 3 18 13 5 15 4 10 2 16 17 19 11 14 7 6 20 8 12 9 
student 606: 1 17 15 10 16 18 6 7 2 9 20 11 14 8 4 12 19 3 13 5 
student 607: 3 4 11 12 19 14 1 10 7 17 18 9 16 8 5 13 20 6 15 2 
student 608: 3 9 16 13 17 18 1 11 8 2 14 10 6 12 19 5 20 4 15 7 
student 609: 11 1 16 20 15 17 3 10 2 13 19 9 6 8 4 18 12 5 14 7 
student 610: 1 8 14 18 19 3 2 13 4 16 15 11 17 5 6 10 20 7 12 9 
student 611: 4 7 11 12 14 20 3 9 1 8 18 5 16 10 6 13 19 17 15 2 
student 612: 1 9 13 12 14 16 7 8 4 17 20 10 18 5 2 6 19 11 15 3 
student 613: 7 2 12 19 15 18 3 9 1 10 20 14 17 13 4 11 16 8 6 5 
student 614: 1 15 12 11 7 20 6 4 13 18 14 10 17 3 9 5 19 8 16 2 
student 615: 1 4 17 14 2 19 3 11 7 18 16 9 12 13 5 8 15 10 20 6 
student 616: 2 4 12 14 17 13 1 7 5 19 18 8 16 11 15 6 20 10 9 3 
student 617: 1 2 14 10 19 16 6 3 4 20 15 12 11 9 5 18 17 8 13 7 
student 618: 1 6 18 13 8 19 15 7 2 14 16 11 17 12 3 5 20 10 9 4 
student 619: 1 6 19 12 20 16 7 3 2 18 10 5 13 8 11 14 17 15 9 4 
student 620: 3 2 11 16 18 19 1 8 6 15 17 10 13 7 5 12 20 14 4 9 
student 621: 3 6 4 17 13 20 7 11 15 12 18 14 8 16 9 1 19 10 2 5 
student 622: 2 6 14 12 19 16 5 4 1 17 20 11 15 8 7 13 18 3 9 10 
student 623: 2 4 14 10 11 15 5 12 3 16 19 1 17 6 13 9 18 20 8 7 
student 624: 11 2 14 17 16 13 1 9 6 15 18 10 7 8 4 12 19 5 20 3 
student 625: 6 2 10 19 9 18 4 13 11 14 12 16 17 8 7 3 20 5 15 1 
student 626: 7 2 17 15 14 16 4 13 3 18 19 10 12 5 1 6 20 8 11 9 
student 627: 8 5 15 6 20 16 2 13 3 17 19 9 14 11 7 10 18 4 12 1 
student 628: 1 12 15 19 17 20 2 13 8 4 18 10 9 7 11 5 16 3 14 6 
student 629: 11 6 9 13 15 18 2 1 4 20 14 16 5 3 10 17 19 12 7 8 
student 630: 1 3 17 7 20 16 2 11 5 8 15 18 13 12 6 14 19 9 10 4 
student 631: 12 9 13 15 20 17 1 8 5 18 14 11 2 10 4 7 19 3 16 6 
student 632: 7 4 14 9 16 13 12 17 1 11 20 8 6 5 15 10 18 3 19 2 
student 633: 1 3 7 4 20 18 2 12 5 15 17 16 14 9 8 11 19 10 13 6 
student 634: 2 7 15 18 17 13 4 5 1 20 12 14 16 9 8 10 19 6 11 3 
student 635: 1 14 17 12 19 20 9 7 2 13 18 6 11 4 8 15 16 5 10 3 
student 636: 8 4 7 19 20 12 1 14 2 15 17 18 13 11 9 5 16 10 6 3 
student 637: 3 5 10 15 20 16 7 6 2 9 13 4 17 14 11 12 19 18 8 1 
student 638: 1 13 7 10 18 17 4 5 2 15 19 9 14 3 8 11 12 20 16 6 
student 639: 19 2 9 15 10 16 4 14 11 12 17 8 13 6 5 7 20 3 18 1 
student 640: 1 8 4 18 15 20 10 12 6 14 17 13 16 5 2 9 19 11 7 3 
student 641: 1 7 16 19 17 15 4 2 6 13 18 3 12 5 8 9 20 11 10 14 
student 642: 3 6 9 19 12 18 1 7 15 16 14 5 17 4 8 11 20 13 10 2 
student 643: 6 5 15 11 16 19 2 4 10 14 17 18 12 7 9 13 20 1 3 8 
student 644: 11 13 15 12 19 17 3 5 2 18 6 16 20 9 1 8 14 7 10 4 
student 645: 10 11 18 14 16 20 1 4 2 12 17 13 19 9 7 5 6 3 15 8 
student 646: 3 2 12 9 19 10 4 17 1 16 18 13 15 11 7 8 20 6 14 5 
student 647: 2 13 6 11 19 15 3 12 4 14 17 1 20 16 8 7 18 5 9 10 
student 648: 1 3 5 20 15 18 4 8 6 13 17 14 10 16 9 11 19 7 12 2 
student 649: 2 12 15 13 19 17 5 6 3 18 16 7 9 10 4 14 20 1 11 8 
student 650: 11 3 17 14 20 18 2 6 1 4 19 15 13 12 7 8 16 9 10 5 
student 651: 7 6 11 16 5 17 3 2 8 18 20 19 13 1 10 12 14 15 4 9 
student 652: 2 7 12 16 10 19 9 8 3 15 18 6 17 5 4 14 20 13 11 1 
student 653: 1 6 12 17 13 14 2 5 9 20 18 11 15 16 4 7 19 8 10 3 
student 654: 2 3 18 5 16 20 8 6 1 12 19 10 11 17 15 9 14 7 13 4 
student 655: 2 1 14 19 12 18 4 9 5 8 16 15 11 10 7 17 20 13 6 3 
student 656: 7 1 16 10 13 19 4 5 2 3 17 18 15 9 6 11 20 12 14 8 
student 657: 1 6 12 17 19 5 2 4 3 20 18 16 7 15 13 9 14 11 10 8 
student 658: 5 6 12 15 17 20 7 10 1 19 18 11 13 9 3 8 16 4 14 2 
student 659: 4 9 17 11 15 20 2 12 1 16 18 6 8 14 10 13 19 3 5 7 
student 660: 2 7 14 20 15 17 5 9 4 11 18 10 16 8 12 6 19 1 13 3 
student 661: 5 7 6 19 13 18 8 12 3 20 14 10 16 17 2 9 4 11 15 1 
student 662: 1 8 6 14 13 11 2 5 3 18 16 9 17 7 10 20 19 12 15 4 
student 663: 2 1 11 16 14 17 6 9 4 8 18 10 19 7 3 15 20 12 5 13 
student 664: 5 4 13 20 17 15 6 7 1 14 19 2 16 11 12 9 18 8 10 3 
student 665: 1 3 10 16 18 9 12 7 4 17 19 11 20 2 14 5 13 8 15 6 
student 666: 3 7 8 15 17 18 5 16 2 11 19 1 13 12 6 10 20 9 14 4 
student 667: 9 15 12 13 18 17 14 2 4 16 20 7 8 3 6 5 19 1 10 11 
student 668: 5 3 15 16 17 13 4 1 2 18 20 12 14 6 8 7 19 10 11 9 
student 669: 5 4 18 12 19 13 1 15 2 17 20 11 7 3 6 8 14 10 16 9 
student 670: 1 7 5 17 20 12 3 6 2 9 18 14 19 10 4 11 13 8 16 15 
student 671: 3 9 11 14 7 13 2 18 1 5 17 16 12 15 10 20 19 6 8 4 
student 672: 2 15 18 4 19 16 3 6 5 17 13 9 14 8 12 1 20 7 10 11 
student 673: 1 6 17 13 16 11 4 8 2 15 14 20 9 7 3 18 19 12 10 5 
student 674: 3 1 10 14 19 9 5 4 7 18 20 12 17 13 11 2 16 8 15 6 
student 675: 8 3 17 11 18 13 1 9 4 7 16 10 12 20 2 6 19 15 14 5 
student 676: 1 5 10 12 18 19 6 11 4 17 15 9 7 16 8 14 20 2 13 3 
student 677: 1 13 7 10 17 18 4 2 5 15 19 16 14 12 3 8 20 11 9 6 
student 678: 1 9 12 8 19 17 2 13 3 5 20 6 4 15 11 16 18 10 14 7 
student 679: 4 1 17 18 16 19 5 8 6 11 20 9 14 13 2 3 15 7 10 12 
student 680: 4 7 18 16 17 15 5 3 1 14 19 8 13 10 6 11 20 9 12 2 
student 681: 2 1 10 20 18 17 8 7 3 9 15 12 13 14 5 11 16 4 19 6 
student 682: 2 7 13 17 18 14 1 10 6 20 15 5 12 8 3 11 19 9 16 4 
student 683: 2 1 10 17 20 9 3 4 13 15 19 16 14 7 6 11 18 8 12 5 
student 684: 1 3 12 9 15 11 13 7 4 20 16 10 18 17 5 2 19 6 8 14 
student 685: 3 7 19 11 20 13 10 9 5 6 16 12 4 17 18 14 15 8 1 2 
student 686: 1 5 14 19 11 18 4 8 6 7 17 3 12 10 2 20 16 13 15 9 
student 687: 1 9 8 15 16 19 2 5 3 20 14 7 12 10 6 11 18 17 13 4 
student 688: 3 6 9 18 14 17 1 2 5 15 19 12 13 11 8 10 20 7 16 4 
student 689: 4 2 10 12 14 18 13 3 5 9 20 17 19 6 8 11 16 1 7 15 
student 690: 1 5 7 15 18 14 3 6 9 8 16 11 20 17 4 13 19 10 12 2 
student 691: 1 6 13 20 16 11 4 2 3 18 17 12 10 5 9 19 15 7 14 8 
student 692: 2 10 15 16 18 11 9 12 1 17 6 7 19 5 3 13 20 4 14 8 
student 693: 2 4 15 8 13 19 6 10 5 16 17 18 14 1 3 12 20 7 11 9 
student 694: 7 1 19 14 13 17 5 4 2 16 20 3 12 9 6 11 18 8 15 10 
student 695: 4 6 20 19 11 18 2 16 1 15 17 12 14 9 10 5 13 7 8 3 
student 696: 5 3 17 16 18 7 6 4 2 13 9 15 11 20 8 14 19 10 12 1 
student 697: 3 8 11 13 15 18 7 4 5 20 17 12 16 2 10 9 19 1 14 6 
student 698: 1 6 15 18 19 14 5 13 8 9 17 10 11 16 7 2 20 4 12 3 
student 699: 5 1 16 19 17 20 11 9 4 3 18 15 10 12 2 8 14 6 7 13 
student 700: 4 12 11 14 18 20 7 8 1 13 19 17 10 5 6 15 16 9 3 2 
student 701: 1 20 8 11 17 19 18 4 3 14 10 7 6 12 5 16 15 9 13 2 
student 702: 12 10 13 18 9 14 2 3 1 15 19 16 17 5 8 6 20 11 4 7 
student 703: 5 6 8 15 19 18 3 17 2 14 9 16 7 11 1 20 13 4 12 10 
student 704: 1 13 16 18 19 20 3 10 4 11 9 14 6 8 7 12 17 5 15 2 
student 705: 4 3 16 18 19 13 5 10 7 11 20 12 14 9 2 17 15 6 8 1 
student 706: 10 2 12 16 17 20 6 3 9 15 19 7 13 14 1 4 18 8 5 11 
student 707: 1 3 10 15 18 16 5 17 2 13 19 4 20 12 8 9 14 11 7 6 
student 708: 5 7 19 16 9 12 4 8 1 14 20 3 13 6 17 2 18 15 10 11 
student 709: 5 4 19 11 17 16 1 3 6 13 20 10 15 9 2 12 18 8 14 7 
student 710: 1 9 15 10 14 18 6 5 2 19 11 8 16 3 17 7 20 12 13 4 
student 711: 1 5 12 18 16 17 4 6 10 11 15 8 13 9 2 7 19 14 20 3 
student 712: 6 11 17 8 20 15 1 12 3 18 14 10 7 13 5 19 16 9 2 4 
student 713: 1 8 6 15 18 17 3 7 4 16 20 13 10 11 12 5 19 2 14 9 
student 714: 3 6 19 1 18 20 7 11 2 17 14 9 16 12 10 8 15 4 13 5 
student 715: 7 20 11 1 19 12 4 15 3 14 9 17 8 6 13 5 18 2 16 10 
student 716: 6 5 18 10 7 19 1 8 4 15 20 11 13 3 14 16 12 9 17 2 
student 717: 1 17 16 6 12 19 2 4 3 13 18 11 9 15 8 10 20 5 14 7 
student 718: 6 2 17 16 12 19 14 11 3 9 18 5 8 1 7 13 20 10 15 4 
student 719: 8 7 16 20 19 3 2 5 6 17 13 12 10 15 9 4 18 11 14 1 
student 720: 8 5 13 12 20 17 2 7 1 4 15 14 18 10 11 9 19 6 16 3 
student 721: 4 1 13 14 16 19 5 8 2 17 20 15 10 7 12 6 18 3 11 9 
student 722: 10 7 14 19 13 20 1 8 3 16 12 11 17 5 4 2 9 15 18 6 
student 723: 4 3 14 20 18 17 10 12 1 8 16 19 15 7 13 5 9 2 11 6 
student 724: 2 5 14 11 15 20 7 18 4 10 13 9 17 16 6 3 19 12 8 1 
student 725: 3 2 20 8 15 16 9 12 5 13 14 18 4 10 11 6 19 17 7 1 
student 726: 5 2 11 20 17 18 4 8 3 13 19 12 10 16 6 7 14 9 15 1 
student 727: 3 4 11 13 15 17 5 14 2 18 16 7 12 6 10 9 19 8 20 1 
student 728: 2 5 15 12 11 19 3 8 10 18 16 9 13 6 4 1 17 20 14 7 
student 729: 4 6 15 11 13 16 3 10 1 20 18 8 12 9 7 5 19 14 17 2 
student 730: 3 10 15 20 11 18 8 12 2 5 17 16 6 19 1 9 14 4 13 7 
student 731: 2 3 16 9 11 18 7 15 4 17 20 13 10 12 8 6 19 5 14 1 
student 732: 5 7 18 12 16 20 3 8 1 15 17 14 10 11 4 6 19 13 9 2 
student 733: 14 7 20 10 6 17 2 4 9 13 16 11 18 3 12 1 19 15 8 5 
student 734: 1 8 18 9 14 11 3 6 5 13 19 10 16 7 2 12 20 4 17 15 
student 735: 3 7 17 15 12 11 10 9 1 20 16 8 18 4 2 6 19 13 14 5 
student 736: 5 7 18 12 17 19 2 1 4 10 15 8 14 6 3 9 13 20 16 11 
student 737: 7 1 15 17 10 14 3 5 4 11 20 6 18 9 12 13 19 2 16 8 
student 738: 1 10 17 6 18 14 9 7 3 16 20 15 13 8 11 4 19 2 12 5 
student 739: 1 11 15 12 17 13 7 20 3 18 19 6 8 2 5 9 14 4 10 16 
student 740: 8 5 9 19 16 15 2 10 6 17 18 1 14 11 7 13 20 4 12 3 
student 741: 1 8 18 16 9 14 6 4 3 15 17 13 12 19 7 5 10 11 20 2 
student 742: 3 6 16 13 14 18 5 20 1 15 17 12 9 2 4 11 19 10 7 8 
student 743: 7 4 10 15 14 19 1 5 2 20 17 6 16 12 11 9 18 3 13 8 
student 744: 4 5 15 18 20 16 2 10 7 19 13 14 12 3 6 11 17 8 9 1 
student 745: 5 3 15 12 14 19 10 6 1 13 20 9 2 7 4 16 18 17 11 8 
student 746: 1 3 18 10 16 19 5 17 2 11 20 14 9 8 7 12 15 13 4 6 
student 747: 8 9 13 20 19 18 2 5 7 15 17 14 12 10 4 6 16 1 11 3 
student 748: 3 2 11 15 13 10 9 20 4 17 19 16 12 6 8 14 18 1 7 5 
student 749: 6 8 14 15 18 19 7 11 1 3 17 4 12 13 2 16 20 10 9 5 
student 750: 1 11 4 14 16 18 2 9 7 15 20 13 17 3 5 8 19 10 12 6 
student 751: 2 4 15 7 11 17 1 6 10 16 9 14 19 12 8 20 18 5 13 3 
student 752: 1 13 19 17 16 18 4 5 2 11 10 14 15 12 6 7 20 9 8 3 
student 753: 3 7 16 18 10 17 8 12 2 13 19 6 15 4 1 5 20 14 9 11 
student 754: 2 3 1 15 17 16 5 4 6 12 18 20 13 10 9 11 14 8 19 7 
student 755: 1 17 6 13 15 14 3 9 4 18 19 12 16 10 8 5 20 7 11 2 
student 756: 6 7 16 9 15 19 11 14 5 17 20 13 3 8 4 10 18 1 12 2 
student 757: 3 13 10 15 11 20 5 7 4 19 16 14 9 8 6 2 12 18 17 1 
student 758: 4 1 12 15 18 19 6 10 2 13 20 17 11 7 3 9 14 5 16 8 
student 759: 2 7 15 17 16 20 4 9 1 18 14 6 12 13 11 10 19 5 3 8 
student 760: 1 4 13 14 6 20 11 9 5 15 19 7 10 16 17 2 18 8 12 3 
student 761: 1 3 8 14 19 18 5 6 7 12 20 9 11 4 2 17 15 13 16 10 
student 762: 1 9 18 15 16 10 3 5 4 7 11 12 14 2 19 6 20 13 17 8 
student 763: 1 8 12 18 14 7 2 6 3 13 19 5 10 17 9 11 20 15 16 4 
student 764: 2 3 17 7 4 19 13 18 1 16 20 5 15 11 10 9 14 12 8 6 
student 765: 4 3 15 17 20 9 1 8 11 18 19 2 7 12 5 14 16 10 13 6 
student 766: 1 7 12 19 20 15 8 9 4 13 17 6 16 10 11 5 18 3 14 2 
student 767: 1 9 13 17 5 19 8 4 6 11 14 18 16 2 10 12 20 7 15 3 
student 768: 5 7 8 14 11 9 4 20 3 19 17 13 16 2 10 12 18 6 15 1 
student 769: 1 8 3 15 10 20 2 12 5 18 14 16 4 9 6 13 17 11 19 7 
student 770: 5 8 16 14 12 17 10 7 11 4 18 3 15 6 9 13 20 1 19 2 
student 771: 3 5 12 17 9 16 2 10 4 19 18 8 11 14 6 13 20 7 15 1 
student 772: 7 12 20 18 10 13 2 4 1 11 14 15 16 6 3 9 17 8 19 5 
student 773: 4 6 17 2 13 16 14 11 9 19 20 12 7 5 10 8 18 3 15 1 
student 774: 17 3 16 7 15 9 2 12 5 4 8 19 18 11 6 1 20 13 14 10 
student 775: 10 2 15 14 13 18 6 8 1 20 17 16 12 7 5 9 19 4 11 3 
student 776: 5 2 16 8 15 9 1 4 14 18 19 10 13 6 3 20 17 12 7 11 
student 777: 2 1 5 13 18 4 8 15 7 19 17 14 16 12 3 11 20 10 9 6 
student 778: 3 9 18 13 17 20 4 12 6 19 10 8 14 11 1 5 15 2 16 7 
student 779: 5 12 15 9 20 11 3 1 4 16 19 7 13 14 2 8 10 18 17 6 
student 780: 6 3 13 4 18 17 2 9 12 20 14 11 16 1 7 10 19 8 15 5 
student 781: 5 3 6 19 16 9 1 15 7 2 17 10 11 13 12 14 18 8 20 4 
student 782: 2 5 17 19 15 14 1 8 4 20 18 3 12 11 9 16 10 7 13 6 
student 783: 1 7 14 16 20 17 5 8 4 19 3 12 15 9 10 11 13 2 18 6 
student 784: 13 10 9 17 15 4 7 6 2 1 18 3 16 19 14 11 20 8 12 5 
student 785: 6 11 14 17 13 19 5 1 3 8 18 10 12 9 16 7 20 2 15 4 
student 786: 4 3 16 18 17 14 2 6 1 15 19 13 8 9 11 7 20 10 12 5 
student 787: 1 6 15 17 19 16 5 3 9 12 20 7 13 8 4 11 14 10 18 2 
student 788: 1 5 16 18 20 13 6 8 2 19 10 7 14 17 3 11 12 4 9 15 
student 789: 2 8 12 13 17 20 11 9 1 15 18 6 16 10 5 7 19 4 14 3 
student 790: 3 6 8 13 10 20 1 18 2 15 19 7 16 4 11 12 14 17 9 5 
student 791: 8 2 12 14 19 13 11 10 4 15 17 5 18 6 1 16 20 3 9 7 
student 792: 1 5 13 15 16 8 9 6 7 19 20 10 14 11 4 17 18 3 12 2 
student 793: 3 8 20 7 6 19 2 12 5 17 16 14 13 11 4 9 10 15 18 1 
student 794: 1 2 6 15 19 20 7 4 3 16 5 14 13 18 10 12 17 8 11 9 
student 795: 2 5 8 13 18 15 3 4 1 14 19 7 12 11 9 17 20 10 16 6 
student 796: 3 6 16 13 14 19 12 10 2 17 18 9 7 11 1 8 20 4 15 5 
student 797: 5 9 18 16 11 12 4 3 1 17 13 8 15 7 10 19 20 2 14 6 
student 798: 1 5 18 16 19 14 4 8 2 6 20 9 15 11 12 7 17 3 10 13 
student 799: 6 4 14 13 19 12 1 15 3 17 18 16 10 9 5 7 20 8 11 2 
