student 0: 14 5 18 12 2 3 9 16 11 6 15 10 8 19 1 4 13 20 7 17 
student 1: 12 10 14 19 6 5 16 18 11 1 15 4 3 20 2 8 9 17 7 13 
student 2: 9 5 19 17 3 1 12 13 15 6 10 2 4 18 7 8 14 16 11 20 
student 3: 13 1 19 20 8 5 2 14 6 11 18 4 15 17 3 7 10 16 12 9 
student 4: 11 7 9 17 6 1 15 14 18 5 16 2 10 19 3 12 8 20 4 13 
student 5: 12 2 17 20 9 6 3 13 10 11 19 4 5 15 1 16 7 18 8 14 
student 6: 11 4 13 8 9 2 3 18 12 7 19 6 1 14 5 10 16 15 17 20 
student 7: 9 7 19 16 15 6 14 18 13 12 2 3 5 20 1 4 10 11 8 17 
student 8: 7 10 19 12 13 2 5 15 1 3 16 9 17 11 6 4 18 20 8 14 
student 9: 12 9 20 16 13 5 19 18 10 4 14 6 7 15 2 3 8 17 1 11 
student 10: 7 10 18 19 9 5 20 16 2 12 8 3 6 17 1 4 15 11 14 13 
student 11: 18 3 11 15 5 6 7 14 16 2 12 1 4 13 9 8 20 19 17 10 
student 12: 6 5 8 13 2 17 15 18 16 1 19 14 3 20 9 7 12 11 4 10 
student 13: 6 13 19 16 3 5 8 10 18 15 17 4 7 9 1 2 12 14 11 20 
student 14: 14 15 18 19 2 4 7 10 8 3 20 5 6 16 1 13 9 12 11 17 
student 15: 12 5 18 16 4 6 11 17 8 3 9 2 7 20 1 14 15 19 10 13 
student 16: 8 12 15 11 7 9 14 19 17 10 4 6 2 20 1 3 18 13 16 5 
student 17: 10 3 19 20 6 18 16 12 15 5 11 7 4 17 2 1 8 13 9 14 
student 18: 8 10 20 19 4 1 6 14 9 3 17 5 7 16 12 2 13 18 11 15 
student 19: 13 3 18 16 1 5 10 14 8 6 15 12 9 17 2 4 19 20 7 11 
student 20: 13 7 16 18 5 3 14 15 11 6 2 9 8 20 1 4 12 19 10 17 
student 21: 11 4 18 14 7 6 16 17 10 8 12 1 5 20 3 2 13 15 19 9 
student 22: 13 3 20 14 8 2 6 19 7 10 15 4 5 18 1 9 11 16 12 17 
student 23: 10 8 15 20 11 7 18 19 9 3 14 5 1 13 6 2 12 16 4 17 
student 24: 14 11 17 15 3 8 2 12 19 13 16 4 7 18 1 10 9 20 5 6 
student 25: 7 11 19 13 6 1 9 17 10 12 18 4 5 20 2 3 15 16 8 14 
student 26: 20 3 14 13 1 2 12 19 11 8 18 5 4 9 10 7 16 17 6 15 
student 27: 16 3 13 8 1 7 10 11 15 12 4 5 20 19 14 2 9 18 17 6 
student 28: 11 7 16 9 6 1 2 19 8 3 18 12 14 13 5 4 17 15 10 20 
student 29: 19 7 16 17 1 5 9 20 2 6 14 4 15 18 3 8 13 12 10 11 
student 30: 11 4 20 14 2 1 13 15 6 5 16 9 8 19 3 7 18 17 12 10 
student 31: 16 11 17 20 3 2 5 10 8 4 15 1 6 18 7 9 13 19 12 14 
student 32: 18 1 20 17 15 2 9 11 13 5 10 8 6 16 4 3 12 19 7 14 
student 33: 10 7 17 16 13 3 11 14 12 5 18 1 6 20 4 2 19 15 8 9 
student 34: 6 12 16 13 5 1 9 20 18 7 17 3 8 10 2 4 15 19 11 14 
student 35: 18 10 17 8 7 5 13 19 14 6 20 4 2 16 3 12 9 11 1 15 
student 36: 11 2 20 16 5 6 9 18 19 3 10 1 4 8 7 15 13 17 14 12 
student 37: 13 3 19 12 4 17 18 5 8 1 11 2 6 16 7 10 9 20 15 14 
student 38: 12 6 20 19 4 1 9 14 7 17 18 5 10 11 2 3 16 13 8 15 
student 39: 3 9 13 14 1 5 17 20 16 8 11 4 6 19 2 12 18 15 10 7 
student 40: 16 1 19 13 7 2 17 14 11 5 15 9 6 12 4 8 10 20 3 18 
student 41: 7 3 20 15 5 4 13 9 6 8 17 11 18 16 2 1 19 14 10 12 
student 42: 4 10 20 18 6 1 8 16 17 3 9 13 12 19 7 2 14 5 15 11 
student 43: 18 5 19 15 11 3 2 8 12 6 9 1 4 20 7 16 13 17 14 10 
student 44: 12 9 17 16 10 4 11 20 5 8 14 6 7 19 2 1 3 15 18 13 
student 45: 13 3 20 10 1 4 11 19 12 8 14 7 9 18 2 6 16 15 5 17 
student 46: 10 4 20 16 5 1 8 15 13 11 14 6 7 17 2 3 12 18 9 19 
student 47: 8 9 16 18 4 6 10 13 19 1 3 12 11 20 2 5 15 7 14 17 
student 48: 20 7 17 10 2 4 3 16 13 11 15 9 18 8 5 1 6 14 12 19 
student 49: 16 4 18 17 1 5 7 8 12 13 15 9 10 14 2 3 6 19 11 20 
student 50: 14 2 18 16 3 4 8 11 13 7 19 9 5 20 1 6 12 17 10 15 
student 51: 14 5 20 11 12 1 13 19 7 4 15 10 9 18 2 3 17 16 6 8 
student 52: 13 8 17 19 7 1 14 20 2 11 12 6 9 18 3 4 15 16 10 5 
student 53: 13 8 14 6 10 5 9 18 2 11 16 3 7 19 1 4 12 20 15 17 
student 54: 12 11 18 14 13 5 2 19 17 1 3 8 7 6 9 4 15 16 20 10 
student 55: 15 4 17 20 3 1 13 11 19 12 18 6 8 16 7 5 2 10 9 14 
student 56: 4 2 20 11 12 6 13 16 14 8 17 9 1 18 3 7 10 19 5 15 
student 57: 11 8 18 19 7 1 4 12 10 13 16 5 15 6 3 2 20 14 17 9 
student 58: 16 5 19 12 4 2 6 17 14 11 9 3 7 20 1 13 15 18 10 8 
student 59: 20 8 3 14 11 5 6 18 2 12 15 7 10 9 1 4 16 17 19 13 
student 60: 9 12 19 18 4 2 15 20 13 11 16 3 6 10 1 5 17 14 7 8 
student 61: 13 7 19 17 8 2 9 15 6 3 16 4 10 18 1 5 12 14 11 20 
student 62: 12 3 20 7 5 1 13 19 17 9 18 6 8 16 4 2 11 14 10 15 
student 63: 12 2 19 15 4 3 20 14 8 7 18 16 6 13 1 5 17 11 9 10 
student 64: 16 9 19 14 8 6 10 17 13 5 1 3 7 20 4 2 15 12 11 18 
student 65: 5 11 12 14 1 13 4 20 15 10 8 6 19 16 2 3 17 18 9 7 
student 66: 14 1 20 19 11 5 4 16 12 9 3 15 10 18 2 13 6 7 8 17 
student 67: 20 2 19 5 18 6 7 13 15 4 14 1 9 17 10 11 3 16 8 12 
student 68: 4 2 19 13 5 10 11 15 8 6 14 3 9 16 1 7 17 18 20 12 
student 69: 9 8 20 16 11 1 3 17 12 10 14 7 15 19 2 4 6 18 5 13 
student 70: 12 3 19 11 6 2 15 17 14 8 16 5 10 18 1 4 9 20 7 13 
student 71: 20 10 8 18 3 2 14 13 17 7 9 4 5 16 1 6 15 19 12 11 
student 72: 9 3 18 8 7 4 5 17 14 2 15 6 19 20 1 11 16 12 13 10 
student 73: 12 2 20 19 1 5 14 15 10 11 8 6 18 16 3 7 13 9 17 4 
student 74: 11 1 20 9 13 2 15 12 5 7 18 3 14 19 4 8 6 16 17 10 
student 75: 19 5 16 11 4 9 10 7 8 2 18 1 12 20 3 6 15 17 14 13 
student 76: 17 6 16 15 4 3 14 11 19 12 13 7 9 20 1 5 2 18 10 8 
student 77: 15 9 19 14 12 6 20 18 3 10 11 2 16 7 8 4 5 17 1 13 
student 78: 13 6 16 9 3 5 10 19 14 12 8 1 2 20 11 7 18 15 4 17 
student 79: 11 2 19 12 8 1 16 15 4 6 10 5 9 14 3 7 18 20 13 17 
student 80: 8 4 19 14 10 3 12 5 9 11 18 1 7 17 2 6 16 20 13 15 
student 81: 19 3 20 15 6 4 11 10 14 7 13 2 9 17 1 5 12 18 8 16 
student 82: 1 10 11 15 8 6 13 18 9 14 20 5 17 16 2 4 12 19 7 3 
student 83: 10 7 14 11 3 1 13 16 19 5 15 8 12 20 2 4 9 18 6 17 
student 84: 7 3 19 20 5 6 11 18 15 2 14 10 13 12 9 1 8 16 4 17 
student 85: 16 17 14 19 5 1 7 13 11 9 15 2 4 18 3 6 8 20 12 10 
student 86: 17 13 15 8 5 1 9 12 7 11 18 10 4 19 2 3 16 14 20 6 
student 87: 12 10 17 20 7 3 14 16 8 4 19 2 6 15 1 5 11 18 9 13 
student 88: 18 3 20 6 8 1 15 16 10 4 19 7 9 12 2 5 14 11 13 17 
student 89: 9 15 17 18 7 2 11 20 8 10 12 6 5 14 4 1 13 19 3 16 
student 90: 12 3 16 13 10 2 14 18 7 8 17 4 11 20 6 1 9 19 5 15 
student 91: 15 6 18 13 4 10 12 19 14 8 16 3 7 20 2 1 11 17 5 9 
student 92: 17 14 19 16 3 2 5 13 12 6 15 4 7 18 1 9 10 20 11 8 
student 93: 12 9 14 20 6 2 7 19 10 8 17 5 4 18 1 3 16 11 13 15 
student 94: 12 7 20 15 8 1 10 18 5 6 17 4 9 19 2 3 11 16 13 14 
student 95: 10 15 11 18 9 1 17 19 8 6 5 3 13 20 7 4 2 12 16 14 
student 96: 10 2 17 15 6 4 8 14 9 18 13 7 20 19 3 1 11 16 5 12 
student 97: 11 2 17 20 14 1 8 12 6 3 15 7 9 19 4 10 5 18 16 13 
student 98: 12 10 17 16 5 1 14 18 8 7 9 4 6 19 3 2 13 20 11 15 
student 99: 18 4 17 10 1 3 9 11 7 8 20 6 14 15 5 2 12 16 19 13 
student 100: 6 4 15 20 7 11 13 16 12 1 18 5 10 19 9 3 14 17 2 8 
student 101: 10 11 20 15 6 3 7 16 8 5 17 4 19 18 2 9 12 14 1 13 
student 102: 7 2 18 20 10 1 15 19 16 12 5 8 13 17 9 3 4 14 6 11 
student 103: 13 14 15 20 2 1 8 17 9 7 18 3 10 16 4 6 19 5 11 12 
student 104: 18 10 20 17 4 1 15 19 9 5 7 14 8 6 3 2 12 13 11 16 
student 105: 13 2 19 18 7 8 15 11 14 4 16 5 9 20 1 3 12 17 6 10 
student 106: 11 13 19 17 1 2 4 14 16 9 10 6 20 18 7 5 8 3 15 12 
student 107: 19 7 20 17 9 8 15 11 16 6 12 3 10 13 2 1 4 18 5 14 
student 108: 19 1 15 18 8 10 7 13 14 11 16 2 12 20 6 5 4 17 3 9 
student 109: 9 10 20 15 5 2 16 11 6 3 13 1 12 19 7 4 14 18 8 17 
student 110: 12 4 20 15 3 7 11 18 6 9 8 1 10 17 5 2 14 19 13 16 
student 111: 18 4 20 9 8 6 11 16 2 7 19 5 12 17 1 3 13 15 14 10 
student 112: 18 3 20 14 10 2 19 15 7 6 12 4 11 17 1 5 16 13 8 9 
student 113: 6 7 20 19 5 4 11 12 10 13 14 1 9 15 2 3 16 18 8 17 
student 114: 13 6 17 11 2 1 7 19 15 9 14 12 10 16 5 3 18 20 4 8 
student 115: 16 9 11 13 4 14 1 20 8 7 19 6 5 18 2 3 15 17 12 10 
student 116: 9 6 15 20 12 8 14 19 3 5 13 2 10 16 1 4 17 18 7 11 
student 117: 13 11 18 17 7 8 9 12 5 6 15 3 14 19 1 4 10 16 2 20 
student 118: 19 3 18 16 9 4 13 12 2 10 14 5 8 15 1 7 17 20 6 11 
student 119: 14 7 11 15 4 2 5 9 13 3 20 6 10 18 8 1 19 17 16 12 
student 120: 12 2 15 18 14 5 9 19 13 1 4 7 10 16 6 3 17 20 8 11 
student 121: 8 7 18 12 2 4 11 13 14 10 20 3 9 6 5 1 15 17 19 16 
student 122: 16 13 19 18 7 2 5 20 6 4 14 10 15 17 3 1 11 12 9 8 
student 123: 13 4 16 12 3 10 14 17 7 6 19 2 8 18 1 5 15 11 9 20 
student 124: 4 10 18 3 2 5 9 20 15 16 19 12 8 11 1 6 14 17 7 13 
student 125: 14 3 20 11 7 1 12 9 15 4 19 6 8 16 5 2 13 18 10 17 
student 126: 12 6 20 18 8 4 10 17 7 15 13 3 9 14 1 2 11 16 5 19 
student 127: 11 3 20 4 7 2 15 13 5 9 19 8 17 16 1 6 14 18 10 12 
student 128: 16 6 19 18 2 3 11 17 13 10 15 7 8 20 1 5 9 14 4 12 
student 129: 8 1 15 14 5 6 11 20 12 7 19 13 10 16 3 4 9 17 2 18 
student 130: 20 12 15 14 2 4 9 3 16 6 10 8 7 19 5 1 11 17 13 18 
student 131: 7 12 20 19 11 2 9 10 6 4 17 3 13 15 1 8 16 14 5 18 
student 132: 16 12 14 17 6 2 10 9 18 4 15 5 19 20 3 1 7 8 13 11 
student 133: 12 5 19 20 13 6 10 18 14 1 16 3 8 17 2 4 9 11 7 15 
student 134: 8 6 17 11 19 7 12 16 15 9 13 3 5 14 2 4 1 18 10 20 
student 135: 13 2 17 3 11 8 14 16 7 6 15 4 20 18 1 5 10 19 9 12 
student 136: 14 10 19 11 6 4 16 8 15 17 20 3 7 18 1 9 2 13 5 12 
student 137: 11 5 16 10 1 4 13 14 8 6 19 12 7 18 2 3 17 20 9 15 
student 138: 14 3 13 20 10 7 9 6 18 11 15 5 8 19 1 2 16 17 4 12 
student 139: 15 4 20 11 6 1 12 19 9 2 13 3 10 18 8 5 14 16 7 17 
student 140: 16 7 20 12 10 5 11 19 13 9 1 2 14 18 3 6 4 17 8 15 
student 141: 14 11 19 10 3 6 8 16 9 2 17 4 1 18 5 12 13 20 7 15 
student 142: 8 3 19 18 4 2 14 12 15 1 17 7 5 20 10 6 9 16 11 13 
student 143: 14 3 19 18 7 2 6 15 9 11 17 8 16 20 1 4 5 13 10 12 
student 144: 13 5 12 16 18 8 3 7 20 9 14 4 11 17 2 1 19 10 6 15 
student 145: 12 1 20 17 7 2 10 15 16 6 18 5 4 19 11 3 14 13 9 8 
student 146: 13 8 17 18 19 6 5 15 2 10 11 3 7 20 4 1 12 16 9 14 
student 147: 19 9 18 12 3 4 2 13 14 5 11 8 7 15 6 1 17 20 16 10 
student 148: 5 9 20 12 6 7 1 13 16 2 15 8 10 17 14 4 19 18 11 3 
student 149: 17 2 15 19 4 7 14 13 9 10 12 3 8 18 1 6 5 20 11 16 
student 150: 20 8 17 5 6 10 9 13 11 18 19 4 14 16 3 2 12 15 7 1 
student 151: 10 8 16 14 4 1 13 11 3 9 19 5 12 17 7 6 15 18 2 20 
student 152: 16 3 20 14 1 8 17 4 15 10 13 2 5 19 6 7 9 18 12 11 
student 153: 17 7 15 10 6 3 12 20 8 5 9 14 2 11 1 16 18 19 13 4 
student 154: 19 6 20 16 4 5 11 13 18 10 12 9 1 14 3 2 7 17 8 15 
student 155: 9 12 15 20 5 6 14 17 10 7 13 1 19 18 4 2 8 16 3 11 
student 156: 9 10 19 17 3 2 14 16 18 11 15 8 7 6 1 5 12 20 13 4 
student 157: 13 11 20 17 3 4 8 18 7 10 14 2 12 16 1 9 5 19 6 15 
student 158: 6 7 14 16 5 3 9 10 11 13 20 2 12 19 4 1 15 18 8 17 
student 159: 16 12 13 17 1 2 11 14 8 4 18 7 10 20 3 5 9 19 6 15 
student 160: 19 2 18 20 1 10 4 6 16 13 8 9 3 12 5 7 15 17 11 14 
student 161: 8 2 19 20 7 1 10 15 9 11 18 5 13 17 3 4 12 14 6 16 
student 162: 6 10 16 2 8 5 12 17 15 3 18 9 11 19 1 4 7 20 14 13 
student 163: 18 10 16 20 6 3 17 13 12 7 8 5 15 14 2 4 11 19 1 9 
student 164: 14 3 16 17 5 4 10 13 12 8 18 6 9 20 1 2 11 19 7 15 
student 165: 14 11 20 15 8 3 13 18 5 17 10 1 4 12 2 7 9 19 6 16 
student 166: 11 7 20 14 9 5 18 4 12 3 15 6 8 19 1 2 16 17 13 10 
student 167: 17 4 19 18 5 3 11 16 15 6 13 2 10 12 1 7 9 14 8 20 
student 168: 11 19 15 17 6 4 10 13 9 3 12 7 2 18 5 1 16 20 8 14 
student 169: 13 19 11 20 2 4 7 17 9 3 15 5 8 18 1 12 10 16 6 14 
student 170: 17 12 20 14 6 1 13 19 8 7 15 4 5 16 11 2 9 18 3 10 
student 171: 10 2 20 18 7 3 11 13 14 12 6 8 9 17 1 4 15 16 19 5 
student 172: 16 12 11 14 6 5 10 19 13 2 20 3 7 15 1 18 9 4 8 17 
student 173: 11 3 20 15 8 9 10 19 6 17 12 1 5 13 2 4 7 18 16 14 
student 174: 15 8 17 18 5 6 2 16 4 12 10 7 11 20 3 1 13 19 9 14 
student 175: 20 6 19 15 16 5 4 1 11 12 13 9 10 17 2 3 8 18 7 14 
student 176: 16 7 20 18 3 4 6 15 13 10 17 8 2 19 12 1 11 14 5 9 
student 177: 13 5 20 15 3 8 9 17 12 6 16 2 18 19 1 4 14 11 7 10 
student 178: 14 4 20 19 1 3 9 18 11 7 16 6 10 15 2 8 5 13 17 12 
student 179: 12 8 20 15 2 3 9 16 7 6 10 4 11 18 1 5 19 13 17 14 
student 180: 9 17 14 20 2 1 10 16 8 12 15 6 7 19 5 4 13 18 3 11 
student 181: 9 10 18 17 1 3 11 15 13 6 19 7 8 14 2 4 12 20 5 16 
student 182: 3 2 16 20 4 13 12 17 10 7 14 6 8 19 1 5 9 18 11 15 
student 183: 3 6 19 9 13 4 16 12 18 8 14 1 2 20 5 7 17 10 11 15 
student 184: 3 11 17 15 4 10 8 18 5 1 9 2 12 20 7 6 16 19 13 14 
student 185: 16 7 20 14 4 1 9 13 11 6 17 2 10 19 3 5 12 18 15 8 
student 186: 17 1 15 16 5 4 13 12 9 3 18 2 8 14 10 6 11 20 7 19 
student 187: 16 7 14 20 8 2 19 10 12 6 13 5 3 17 4 1 11 15 18 9 
student 188: 15 2 16 12 10 6 4 18 17 14 13 1 9 20 3 5 8 7 11 19 
student 189: 18 2 20 15 1 4 13 16 14 9 12 11 6 19 5 7 8 17 3 10 
student 190: 4 3 10 11 1 7 17 8 16 6 15 5 13 14 2 9 19 18 12 20 
student 191: 14 7 20 19 13 3 6 9 12 2 16 5 17 15 1 8 11 18 4 10 
student 192: 17 3 12 20 5 7 6 14 15 8 10 9 4 19 1 2 16 13 11 18 
student 193: 9 6 20 10 5 2 7 11 17 12 14 3 16 18 1 4 13 15 19 8 
student 194: 5 8 15 14 3 1 12 18 19 17 7 4 6 20 9 2 11 13 10 16 
student 195: 11 16 12 13 5 3 9 20 14 7 17 6 2 18 1 8 4 19 10 15 
student 196: 12 8 19 13 11 1 17 7 5 9 15 4 10 14 2 6 3 20 16 18 
student 197: 13 7 20 17 4 1 15 16 8 10 18 12 6 9 3 5 11 19 2 14 
student 198: 15 4 19 17 8 9 7 13 18 1 14 6 10 20 2 3 12 16 5 11 
student 199: 16 7 10 20 18 3 1 17 14 4 11 5 9 12 15 2 8 13 6 19 
student 200: 12 8 19 9 2 4 7 13 20 11 18 5 14 15 3 6 17 1 10 16 
student 201: 14 11 20 17 9 10 12 16 15 5 13 2 1 19 4 7 6 18 3 8 
student 202: 12 2 16 14 8 3 7 18 11 6 15 5 10 19 4 1 13 20 9 17 
student 203: 8 4 14 18 15 1 16 11 6 12 17 3 7 20 2 5 9 19 13 10 
student 204: 15 12 18 14 3 5 10 1 17 9 16 4 7 20 8 2 13 11 6 19 
student 205: 12 3 18 14 1 2 6 19 11 10 17 4 9 20 5 8 7 13 15 16 
student 206: 14 9 20 18 6 4 11 15 7 8 19 5 13 16 2 1 10 12 3 17 
student 207: 17 6 16 20 5 3 7 18 9 8 13 4 14 10 1 2 11 19 15 12 
student 208: 11 12 16 3 5 2 17 19 13 10 18 4 7 8 1 6 9 20 15 14 
student 209: 18 5 16 15 4 2 7 12 11 6 13 8 17 20 3 1 14 9 10 19 
student 210: 9 4 20 13 3 10 5 12 11 14 19 2 7 17 8 1 18 15 6 16 
student 211: 18 2 16 12 4 6 10 17 9 8 13 7 11 19 1 5 3 20 15 14 
student 212: 13 8 19 18 9 2 5 20 14 11 16 3 7 15 1 4 6 17 10 12 
student 213: 13 6 15 12 7 3 8 19 9 4 17 14 2 16 1 5 11 20 10 18 
student 214: 8 16 15 18 11 3 2 19 7 9 17 5 4 20 1 6 13 14 12 10 
student 215: 9 8 18 19 10 5 12 15 6 2 17 4 11 20 3 1 13 16 7 14 
student 216: 20 8 14 18 5 2 7 16 4 3 12 10 13 17 1 6 9 15 11 19 
student 217: 14 7 20 19 5 2 8 12 16 9 15 3 13 17 1 4 11 18 10 6 
student 218: 4 7 17 13 8 18 12 11 15 2 16 3 6 19 1 5 20 14 10 9 
student 219: 16 7 18 14 4 2 8 12 11 9 15 3 5 19 1 6 10 17 13 20 
student 220: 14 7 20 16 12 3 4 15 8 18 10 5 9 11 1 2 13 19 6 17 
student 221: 11 6 20 18 4 5 8 13 10 17 1 14 7 16 2 3 15 9 12 19 
student 222: 9 4 20 16 2 12 17 18 10 7 13 1 6 15 5 3 11 14 8 19 
student 223: 7 8 19 16 6 3 18 17 13 4 15 11 5 20 1 2 12 14 10 9 
student 224: 13 9 15 17 6 1 5 18 7 10 19 8 12 20 3 2 4 14 11 16 
student 225: 8 6 20 14 5 3 16 19 13 2 11 7 10 12 9 4 1 17 15 18 
student 226: 16 4 20 14 1 3 13 18 5 19 8 12 11 7 10 6 9 15 2 17 
student 227: 20 8 16 13 11 2 17 18 10 7 19 6 14 12 4 5 9 15 3 1 
student 228: 11 8 14 17 15 6 12 16 3 2 19 5 9 20 1 7 10 18 4 13 
student 229: 10 6 18 19 4 2 14 12 13 9 11 7 3 16 1 17 15 20 5 8 
student 230: 11 5 13 16 4 1 7 17 19 6 15 3 10 20 12 2 8 18 9 14 
student 231: 11 9 20 15 6 2 12 19 13 10 16 3 8 17 1 4 14 18 7 5 
student 232: 17 1 20 14 5 8 9 15 10 19 16 11 3 18 2 4 6 12 7 13 
student 233: 13 5 18 19 1 3 2 16 14 12 17 10 11 20 4 6 8 9 15 7 
student 234: 19 3 14 10 11 1 7 15 5 6 16 9 20 17 4 2 8 13 12 18 
student 235: 5 1 18 14 4 2 13 17 20 11 10 8 16 15 3 6 7 19 9 12 
student 236: 10 4 20 19 6 1 8 9 12 13 18 3 11 17 2 5 14 16 7 15 
student 237: 14 4 20 16 1 2 10 11 6 3 13 15 7 17 5 12 8 19 9 18 
student 238: 14 7 19 16 1 5 10 17 9 4 15 6 8 18 3 2 13 20 11 12 
student 239: 18 12 16 19 2 4 7 9 13 14 10 8 6 20 1 3 11 17 5 15 
student 240: 3 6 14 15 11 7 13 19 18 9 10 8 2 20 1 4 16 17 5 12 
student 241: 15 14 19 10 13 8 17 5 11 9 16 7 3 20 2 1 6 18 4 12 
student 242: 19 10 20 11 4 6 14 12 16 3 7 2 8 18 1 15 5 17 9 13 
student 243: 9 3 17 12 4 2 15 18 20 7 11 6 10 19 1 5 13 16 8 14 
student 244: 11 2 20 18 5 7 16 19 9 1 17 3 12 13 4 8 10 15 6 14 
student 245: 12 14 18 13 8 4 6 19 1 7 20 16 3 17 2 5 10 11 9 15 
student 246: 14 11 8 17 3 19 12 15 4 5 7 6 16 20 9 1 10 2 13 18 
student 247: 10 4 14 19 3 1 20 16 13 6 12 2 5 18 7 8 11 17 9 15 
student 248: 19 8 18 20 6 4 3 11 9 1 17 5 7 16 2 10 15 14 12 13 
student 249: 6 1 18 17 8 2 3 12 16 15 10 9 7 19 4 5 13 20 14 11 
student 250: 9 7 14 20 6 1 12 13 10 5 19 4 3 17 2 8 11 15 16 18 
student 251: 11 5 20 16 4 3 7 17 6 18 14 9 8 19 2 15 10 13 1 12 
student 252: 14 8 18 15 2 4 9 19 10 7 16 1 5 17 3 12 11 20 6 13 
student 253: 13 5 19 12 14 3 8 20 18 1 15 9 7 16 2 6 10 17 4 11 
student 254: 12 4 16 18 11 1 2 15 5 10 13 9 7 17 3 6 8 19 14 20 
student 255: 13 3 19 18 6 15 7 10 8 9 20 1 4 16 2 5 14 17 12 11 
student 256: 9 13 20 17 14 1 5 12 19 16 11 7 8 15 3 4 6 18 2 10 
student 257: 17 10 18 19 7 4 9 14 6 11 5 2 8 16 1 3 13 20 12 15 
student 258: 11 10 20 15 8 6 16 13 5 7 18 2 4 17 1 3 9 19 12 14 
student 259: 12 6 15 17 11 2 14 20 7 3 16 1 5 19 8 13 10 18 4 9 
student 260: 12 6 17 16 4 14 10 20 8 7 19 3 18 11 1 2 9 5 13 15 
student 261: 15 6 16 17 13 3 11 12 7 1 9 2 19 20 5 4 10 18 14 8 
student 262: 10 5 18 14 12 4 9 8 11 13 15 1 6 17 2 3 7 20 16 19 
student 263: 15 1 20 5 10 6 9 11 14 4 13 3 8 17 2 7 16 18 12 19 
student 264: 16 1 18 17 10 3 11 6 15 7 13 8 14 19 2 12 9 20 4 5 
student 265: 12 5 20 18 3 2 15 11 13 8 14 1 7 17 6 4 16 9 10 19 
student 266: 10 8 19 11 3 1 7 20 12 2 9 6 5 13 14 17 15 18 4 16 
student 267: 18 3 19 17 4 2 14 16 7 6 13 8 9 20 1 5 15 11 12 10 
student 268: 20 10 17 15 9 7 18 12 8 1 13 3 6 19 4 2 11 16 5 14 
student 269: 15 3 17 18 10 8 7 19 13 9 14 1 4 20 5 2 11 16 6 12 
student 270: 10 16 15 19 2 3 7 14 13 4 11 8 5 18 20 1 9 17 6 12 
student 271: 6 11 20 19 10 7 4 14 18 12 15 3 13 17 1 9 8 16 2 5 
student 272: 18 8 20 10 3 1 11 14 2 4 16 6 9 19 7 5 13 17 12 15 
student 273: 12 15 16 13 3 4 20 19 6 7 9 5 1 18 2 8 11 17 10 14 
student 274: 9 3 16 12 5 7 14 17 20 8 19 2 11 6 1 10 15 18 4 13 
student 275: 3 7 20 18 2 5 13 16 10 14 9 4 17 15 1 6 11 19 8 12 
student 276: 11 18 20 17 8 7 14 16 13 4 2 1 6 15 5 3 10 19 12 9 
student 277: 18 6 20 16 2 3 10 19 9 5 13 8 17 15 1 7 11 14 4 12 
student 278: 14 8 19 18 5 6 13 20 12 2 16 1 9 17 7 3 11 4 15 10 
student 279: 11 7 17 13 2 4 8 16 12 5 15 10 3 20 19 1 6 18 14 9 
student 280: 13 1 18 19 14 3 6 16 8 4 9 2 5 17 11 10 12 20 7 15 
student 281: 16 4 15 14 1 3 2 5 8 10 12 9 13 20 6 7 18 19 17 11 
student 282: 1 13 20 14 5 2 12 18 4 9 17 8 7 15 3 6 10 19 11 16 
student 283: 17 5 14 16 12 3 2 13 20 7 15 4 8 18 1 6 10 19 11 9 
student 284: 5 10 18 17 2 3 13 20 16 6 15 4 14 19 1 12 8 11 7 9 
student 285: 17 8 18 14 3 4 12 13 9 7 20 6 1 16 2 11 15 19 10 5 
student 286: 7 3 19 20 4 2 11 17 10 12 16 6 14 18 8 1 15 13 5 9 
student 287: 8 7 18 20 6 3 10 19 4 1 17 14 12 16 2 5 9 15 13 11 
student 288: 11 1 17 16 7 8 20 15 3 5 14 9 2 18 6 4 13 19 10 12 
student 289: 11 10 17 20 2 5 8 19 1 7 13 6 9 16 3 4 12 18 14 15 
student 290: 17 9 20 16 6 2 3 4 14 13 18 7 11 19 1 10 12 5 8 15 
student 291: 18 8 20 16 2 4 7 13 10 3 15 9 1 19 5 6 12 17 14 11 
student 292: 15 7 19 16 3 2 11 12 10 4 13 6 8 18 9 1 20 17 14 5 
student 293: 11 6 16 15 5 1 7 19 10 17 18 2 8 20 3 4 12 14 9 13 
student 294: 13 20 19 16 9 2 1 8 11 6 17 3 7 18 4 5 10 14 15 12 
student 295: 17 8 16 18 10 1 5 19 12 15 14 6 7 20 2 3 9 11 4 13 
student 296: 17 10 19 15 14 7 9 2 11 8 16 6 4 20 1 3 5 18 12 13 
student 297: 18 5 20 17 4 7 14 10 19 6 15 2 9 11 1 3 8 16 12 13 
student 298: 7 5 19 14 12 2 6 11 16 9 17 1 8 15 3 4 18 20 13 10 
student 299: 3 14 15 13 9 1 12 10 5 2 19 6 18 4 7 8 17 20 11 16 
student 300: 10 8 13 11 12 7 20 19 5 4 15 14 1 17 6 2 9 18 3 16 
student 301: 13 10 19 15 4 1 11 18 14 16 9 7 2 12 3 8 5 20 17 6 
student 302: 15 10 3 13 11 2 9 14 4 5 12 7 8 18 1 6 19 20 16 17 
student 303: 15 8 19 14 3 1 7 20 10 5 11 12 18 13 4 2 6 17 9 16 
student 304: 18 1 19 20 12 7 8 16 11 4 13 3 6 10 2 9 5 17 14 15 
student 305: 16 4 12 11 5 3 7 10 8 14 17 2 15 19 1 6 13 18 9 20 
student 306: 17 5 18 16 10 4 14 20 11 3 15 2 7 6 1 8 13 19 9 12 
student 307: 14 8 17 11 4 10 9 13 16 3 20 7 5 15 1 6 12 19 2 18 
student 308: 9 6 20 16 13 4 1 10 3 11 18 8 12 15 2 5 7 19 14 17 
student 309: 11 3 15 20 18 9 12 14 6 4 16 1 5 17 7 2 10 19 8 13 
student 310: 7 3 20 19 16 1 11 15 13 18 12 8 14 10 4 2 6 17 5 9 
student 311: 15 6 19 16 4 7 13 12 11 14 18 5 8 17 2 1 10 20 9 3 
student 312: 15 10 19 17 6 5 11 12 13 4 14 3 1 20 2 9 7 18 16 8 
student 313: 5 13 17 11 7 1 14 19 15 2 8 10 12 20 3 4 16 18 9 6 
student 314: 11 1 19 20 9 3 8 13 10 5 12 2 16 6 4 7 15 17 18 14 
student 315: 17 4 14 15 12 1 11 13 7 5 18 9 3 19 6 2 8 16 10 20 
student 316: 12 6 17 16 5 2 7 11 9 3 19 4 8 15 20 1 13 14 18 10 
student 317: 9 5 16 19 15 3 10 6 11 8 17 4 2 20 1 7 12 18 13 14 
student 318: 13 6 18 14 4 5 8 7 9 12 19 2 11 20 1 3 10 17 16 15 
student 319: 16 4 14 20 9 1 7 19 8 10 17 5 11 15 6 3 13 18 12 2 
student 320: 16 8 15 12 4 2 7 20 18 11 13 6 19 14 1 3 10 17 5 9 
student 321: 16 10 20 13 4 7 12 18 6 5 15 8 1 17 2 3 9 19 14 11 
student 322: 13 4 15 5 2 7 8 11 19 1 17 6 18 16 3 9 12 20 14 10 
student 323: 10 6 20 18 12 4 13 11 16 8 5 3 15 19 1 2 9 17 7 14 
student 324: 16 7 20 14 5 2 10 15 8 17 18 6 3 11 1 4 12 13 9 19 
student 325: 13 5 18 7 4 3 10 14 15 8 12 17 6 16 1 2 9 19 11 20 
student 326: 9 14 18 15 5 6 7 20 16 11 13 2 8 17 1 3 12 19 4 10 
student 327: 8 1 19 12 6 14 11 20 9 15 16 2 13 18 5 4 17 10 7 3 
student 328: 14 11 12 18 6 9 7 8 17 2 16 1 3 20 4 5 10 19 13 15 
student 329: 5 10 18 12 3 6 16 17 4 11 20 7 2 15 8 1 14 9 13 19 
student 330: 13 10 18 20 4 1 16 17 14 7 19 3 5 12 2 6 9 11 8 15 
student 331: 1 2 20 18 10 4 6 14 13 7 8 5 11 19 3 12 16 17 9 15 
student 332: 9 4 18 16 6 7 11 14 13 3 17 2 8 20 5 1 15 19 10 12 
student 333: 2 10 3 13 7 5 9 18 15 11 17 4 8 20 1 6 14 19 12 16 
student 334: 11 2 13 16 5 4 15 19 6 7 10 3 1 12 8 17 18 20 9 14 
student 335: 15 10 17 14 6 4 8 20 11 5 9 3 13 19 1 2 12 18 7 16 
student 336: 16 6 20 7 8 2 9 15 5 12 14 11 10 18 1 4 17 19 3 13 
student 337: 12 5 17 18 4 2 7 16 10 13 8 1 15 19 6 3 11 20 14 9 
student 338: 11 4 18 6 5 10 14 17 19 2 16 8 3 12 1 7 13 20 9 15 
student 339: 4 10 20 14 11 6 1 12 17 19 9 5 7 18 2 3 13 16 8 15 
student 340: 16 3 19 18 4 2 7 11 9 6 17 8 14 15 1 5 10 20 12 13 
student 341: 3 10 18 14 9 5 11 19 8 7 17 6 4 15 2 1 13 20 12 16 
student 342: 17 4 20 19 6 5 16 12 7 10 2 11 8 18 3 1 9 14 15 13 
student 343: 12 8 19 18 2 3 13 20 6 4 14 5 11 16 1 9 15 17 10 7 
student 344: 10 18 20 8 4 5 6 11 13 2 12 15 9 19 1 3 16 14 7 17 
student 345: 16 4 18 17 12 3 5 6 11 14 9 1 7 20 2 15 10 19 8 13 
student 346: 9 8 20 7 1 4 13 19 16 3 14 5 10 17 2 6 15 12 11 18 
student 347: 18 6 16 3 4 2 9 10 13 5 14 12 20 19 8 1 7 17 11 15 
student 348: 19 7 20 17 12 4 1 9 13 15 16 6 8 18 2 3 10 14 5 11 
student 349: 15 6 18 17 1 2 5 13 11 9 16 3 14 20 8 4 7 19 10 12 
student 350: 10 5 18 16 2 1 15 19 9 4 12 6 7 20 3 8 11 17 14 13 
student 351: 7 3 20 17 4 6 12 11 13 19 16 2 8 18 5 14 15 10 1 9 
student 352: 11 8 17 16 1 2 12 13 7 6 20 18 9 15 3 5 19 4 10 14 
student 353: 6 8 13 17 7 2 3 14 16 12 10 1 9 20 4 5 15 18 11 19 
student 354: 11 2 20 16 9 4 7 19 15 6 17 3 8 18 1 5 14 13 12 10 
student 355: 11 2 19 15 4 1 6 14 16 7 20 10 12 18 5 3 9 17 8 13 
student 356: 13 4 20 11 8 1 14 18 12 7 16 5 10 19 3 2 9 17 6 15 
student 357: 10 8 18 14 5 2 12 20 9 6 15 7 11 17 4 1 16 13 3 19 
student 358: 10 7 20 16 3 4 5 18 14 6 12 8 17 13 2 1 9 19 11 15 
student 359: 19 16 20 7 5 3 2 15 1 9 8 11 4 18 13 6 14 12 17 10 
student 360: 12 8 18 17 11 5 13 19 10 3 15 2 14 20 1 6 7 16 9 4 
student 361: 6 7 17 14 5 1 8 20 9 10 18 4 13 15 3 2 11 19 12 16 
student 362: 13 11 19 18 6 4 7 16 8 9 15 2 3 20 1 5 12 17 10 14 
student 363: 18 7 20 19 5 3 14 12 9 4 16 2 6 15 8 1 10 17 11 13 
student 364: 11 4 19 13 9 3 6 17 10 2 15 1 7 16 8 5 12 18 20 14 
student 365: 17 10 19 12 1 7 11 16 14 5 15 8 3 20 2 4 6 18 9 13 
student 366: 8 1 18 12 3 7 11 17 4 15 14 20 9 6 2 5 16 19 10 13 
student 367: 11 5 20 9 14 2 19 12 15 8 16 7 13 18 4 1 3 17 6 10 
student 368: 15 2 17 16 4 1 9 20 18 12 19 5 11 14 6 3 8 13 7 10 
student 369: 14 6 19 20 3 2 18 15 7 9 12 5 8 13 1 4 11 17 10 16 
student 370: 18 8 19 14 5 2 12 11 7 20 9 4 6 16 1 3 13 15 10 17 
student 371: 14 11 19 20 5 4 2 17 12 13 3 15 6 16 10 1 9 7 8 18 
student 372: 17 7 16 15 5 1 11 19 9 12 13 3 4 8 10 2 20 18 6 14 
student 373: 18 1 20 17 7 2 9 8 12 5 15 4 6 19 10 3 11 14 13 16 
student 374: 16 3 19 20 2 4 8 18 11 10 14 7 13 15 1 5 12 9 6 17 
student 375: 12 19 20 15 2 8 14 4 7 3 13 11 5 17 18 6 10 16 1 9 
student 376: 9 11 10 18 8 3 15 19 7 2 16 6 13 12 1 4 5 20 14 17 
student 377: 11 3 12 14 10 5 7 19 18 15 16 1 9 20 4 2 8 17 6 13 
student 378: 8 3 17 15 7 6 13 19 18 12 20 2 11 14 4 1 9 16 5 10 
student 379: 18 6 16 13 1 5 10 11 8 7 12 4 9 20 3 2 14 17 15 19 
student 380: 9 11 15 14 1 7 10 17 19 3 6 4 13 16 5 2 18 20 8 12 
student 381: 16 7 12 19 5 3 10 15 17 11 20 1 9 18 4 2 6 14 8 13 
student 382: 13 4 16 15 1 8 11 18 6 2 19 3 7 12 9 14 5 20 10 17 
student 383: 13 9 16 20 15 2 11 17 12 6 8 5 3 18 1 4 19 10 7 14 
student 384: 18 1 20 16 3 4 12 17 13 6 11 7 9 15 2 5 14 19 10 8 
student 385: 5 15 17 20 8 1 18 6 2 12 16 3 11 9 7 4 19 10 14 13 
student 386: 14 8 15 20 7 1 17 10 11 18 13 4 5 19 3 2 12 16 6 9 
student 387: 17 10 15 16 4 1 6 20 12 8 9 3 7 19 2 13 18 14 5 11 
student 388: 18 8 3 6 10 5 12 17 9 14 15 7 13 20 4 2 11 19 1 16 
student 389: 18 9 20 10 3 5 8 14 17 6 12 1 7 16 4 2 13 19 11 15 
student 390: 13 5 17 18 4 7 12 15 2 14 20 9 6 19 1 3 8 16 10 11 
student 391: 11 12 13 19 7 8 4 10 17 2 6 5 15 20 1 3 18 9 14 16 
student 392: 18 19 13 20 2 4 6 8 12 7 14 5 10 17 3 1 15 16 9 11 
student 393: 15 8 12 20 13 7 10 19 6 14 17 4 2 16 5 1 9 18 3 11 
student 394: 20 3 16 15 1 9 7 12 13 4 14 8 19 18 2 6 10 11 17 5 
student 395: 18 4 17 15 11 5 14 19 10 13 20 3 6 16 2 1 8 7 9 12 
student 396: 10 6 19 20 13 2 8 18 9 7 14 5 4 17 1 3 12 16 15 11 
student 397: 10 13 12 16 1 2 5 15 9 8 14 4 6 17 3 7 18 20 11 19 
student 398: 12 6 19 18 3 2 17 9 5 4 7 10 14 20 8 1 11 16 13 15 
student 399: 15 14 17 13 3 6 12 19 16 10 5 8 7 4 1 2 9 20 11 18 
student 400: 10 8 20 17 5 4 13 11 15 12 6 1 14 19 2 3 7 16 9 18 
student 401: 10 8 19 12 5 6 15 9 14 13 3 1 7 20 2 4 18 17 11 16 
student 402: 20 12 17 19 4 2 11 14 15 3 8 10 7 13 5 1 16 18 6 9 
student 403: 14 8 20 11 2 12 18 15 4 5 13 3 9 16 6 1 10 17 7 19 
student 404: 17 6 18 16 4 8 15 12 7 5 14 2 9 20 1 3 11 19 10 13 
student 405: 1 5 20 19 6 8 12 11 2 15 3 9 10 18 7 4 13 16 14 17 
student 406: 12 6 19 17 1 4 11 16 15 7 10 5 8 20 3 2 9 18 14 13 
student 407: 15 4 19 20 1 3 6 12 11 13 10 8 5 16 7 2 9 17 14 18 
student 408: 14 4 18 13 9 6 11 19 7 5 12 3 2 16 1 8 15 20 10 17 
student 409: 18 1 20 16 5 6 11 14 10 7 9 4 8 19 2 3 12 17 13 15 
student 410: 12 8 19 11 1 6 20 17 9 5 15 14 4 18 3 2 7 16 10 13 
student 411: 11 8 18 20 5 9 12 19 6 15 7 4 1 16 2 3 14 17 10 13 
student 412: 18 13 20 17 2 4 8 11 15 19 7 9 3 14 6 1 16 12 5 10 
student 413: 8 7 13 18 12 2 5 16 11 3 17 9 6 20 1 4 15 19 10 14 
student 414: 18 1 16 20 14 11 17 19 5 7 6 2 4 15 3 8 9 10 12 13 
student 415: 20 1 17 16 10 7 11 14 8 6 15 3 5 18 2 4 12 19 9 13 
student 416: 14 7 15 18 6 2 9 13 12 10 17 3 4 20 1 5 11 19 8 16 
student 417: 1 4 16 19 7 2 3 12 6 8 20 10 18 15 5 13 11 17 9 14 
student 418: 10 14 20 16 11 1 13 18 12 6 17 2 3 9 5 4 7 19 8 15 
student 419: 18 17 14 15 9 1 7 10 8 2 16 4 3 19 5 11 6 20 12 13 
student 420: 15 6 19 13 8 3 18 14 12 5 11 4 10 17 1 9 20 16 2 7 
student 421: 10 6 19 13 5 4 8 9 11 7 20 3 12 17 1 2 16 14 18 15 
student 422: 3 12 19 16 6 1 15 20 10 2 11 8 13 9 7 4 18 14 5 17 
student 423: 9 4 20 18 2 1 13 17 11 7 10 5 8 19 6 14 16 12 3 15 
student 424: 20 5 19 14 1 3 17 18 7 13 11 8 4 16 6 2 10 15 9 12 
student 425: 10 1 19 20 4 9 7 18 13 3 15 5 11 16 6 2 12 17 8 14 
student 426: 12 1 19 6 4 7 8 18 16 10 15 3 20 14 2 5 17 11 9 13 
student 427: 13 5 14 19 3 2 9 15 20 6 18 4 11 17 8 1 7 16 12 10 
student 428: 14 9 20 17 4 2 10 16 6 5 13 3 12 19 1 7 8 18 11 15 
student 429: 15 2 20 18 11 3 6 12 17 14 16 8 10 5 1 4 13 19 9 7 
student 430: 13 9 16 5 6 4 14 8 15 11 18 2 7 19 3 1 12 17 10 20 
student 431: 10 15 18 17 2 7 4 12 8 6 11 9 13 16 3 1 5 20 19 14 
student 432: 8 3 15 1 5 6 14 16 12 4 20 9 13 10 2 7 11 19 18 17 
student 433: 16 4 20 18 3 1 13 15 11 5 14 8 7 17 2 6 12 19 10 9 
student 434: 18 7 19 14 3 1 4 12 8 13 11 6 9 17 2 5 15 16 10 20 
student 435: 8 11 19 20 5 6 13 9 12 10 2 4 7 15 3 1 18 17 14 16 
student 436: 19 10 17 20 2 18 11 9 15 3 16 7 4 8 1 5 12 14 13 6 
student 437: 12 5 18 10 15 3 19 20 11 7 6 4 9 13 2 1 16 17 8 14 
student 438: 10 5 20 19 1 12 7 9 6 15 17 8 14 18 4 16 2 13 3 11 
student 439: 15 2 18 3 1 4 13 17 6 11 16 8 10 19 5 7 14 20 9 12 
student 440: 12 9 20 18 10 6 3 16 8 2 15 1 7 19 4 5 13 14 11 17 
student 441: 13 1 19 15 8 14 9 16 20 5 18 12 6 11 4 3 7 17 10 2 
student 442: 10 8 18 16 7 13 2 20 19 6 17 14 4 12 1 3 5 15 9 11 
student 443: 13 3 20 18 9 8 19 15 7 10 12 5 16 17 1 6 11 14 4 2 
student 444: 10 8 3 17 4 9 19 16 14 6 13 2 11 20 1 5 12 18 7 15 
student 445: 16 7 19 20 11 5 13 8 12 10 6 9 3 15 4 1 18 14 2 17 
student 446: 18 5 17 20 8 2 7 15 9 3 13 6 12 19 1 4 11 14 16 10 
student 447: 4 5 20 18 7 8 9 19 14 10 11 6 16 15 3 1 2 17 13 12 
student 448: 8 16 20 15 7 2 18 14 5 6 17 3 9 12 4 1 11 19 10 13 
student 449: 20 10 14 16 12 1 11 19 9 7 8 5 6 15 3 4 13 17 2 18 
student 450: 12 6 19 16 1 7 15 11 10 2 4 3 9 17 5 8 20 18 13 14 
student 451: 9 4 19 13 11 6 8 15 3 10 17 1 5 12 2 7 16 20 18 14 
student 452: 12 2 20 14 5 1 11 16 13 6 18 8 7 19 4 3 10 17 9 15 
student 453: 6 8 15 17 5 3 9 14 10 7 11 2 13 20 1 4 12 19 18 16 
student 454: 7 3 18 20 9 5 17 6 16 12 19 2 8 10 4 1 14 13 11 15 
student 455: 19 3 17 18 4 7 11 2 15 9 14 6 1 13 8 10 5 16 12 20 
student 456: 6 7 19 16 3 5 13 20 14 4 17 9 8 15 2 1 12 18 11 10 
student 457: 7 4 16 15 13 1 8 20 5 11 14 9 10 17 3 2 6 19 12 18 
student 458: 10 11 18 20 8 2 6 13 19 14 5 15 3 16 7 1 4 17 12 9 
student 459: 2 6 19 20 12 1 18 13 8 7 10 9 11 16 3 5 17 14 4 15 
student 460: 13 12 20 18 6 3 10 14 9 4 16 2 15 17 1 8 11 19 7 5 
student 461: 11 8 20 19 7 1 14 18 6 9 13 3 5 15 2 12 17 10 4 16 
student 462: 20 8 15 16 5 10 6 12 1 11 18 4 7 19 2 14 3 17 9 13 
student 463: 9 2 19 14 8 3 7 17 1 20 13 6 12 10 15 4 11 16 5 18 
student 464: 8 5 18 15 4 3 14 13 20 2 16 1 6 19 7 12 10 17 9 11 
student 465: 7 3 16 8 4 13 10 18 9 6 19 2 17 14 1 5 11 20 15 12 
student 466: 16 6 15 19 5 1 9 10 8 11 18 7 4 12 2 3 20 13 14 17 
student 467: 12 1 13 20 5 2 8 18 11 6 17 7 9 10 4 3 14 19 15 16 
student 468: 13 3 19 16 5 9 4 18 14 7 15 11 8 20 2 1 12 17 10 6 
student 469: 9 7 17 18 12 3 16 15 13 2 10 8 6 19 4 5 11 20 1 14 
student 470: 14 9 19 17 6 2 15 20 5 4 18 7 10 8 3 1 11 13 12 16 
student 471: 13 7 20 15 9 4 11 14 6 12 17 10 1 18 3 2 8 16 19 5 
student 472: 17 4 16 15 1 8 10 11 13 7 18 5 20 14 6 2 3 19 9 12 
student 473: 14 8 18 19 4 1 10 17 11 9 12 2 6 20 7 3 5 16 15 13 
student 474: 7 1 19 20 14 8 9 17 2 10 13 6 5 15 3 4 11 18 16 12 
student 475: 17 2 19 18 6 9 4 20 13 7 14 3 1 15 5 8 11 16 10 12 
student 476: 8 9 17 18 2 7 4 20 3 12 13 6 11 16 1 5 14 19 10 15 
student 477: 9 4 19 20 6 8 7 14 10 15 11 2 13 17 3 5 12 16 1 18 
student 478: 13 3 17 16 5 2 9 19 12 10 18 4 7 14 8 1 15 20 11 6 
student 479: 18 4 16 15 13 2 8 17 12 5 3 7 10 11 1 6 20 19 9 14 
student 480: 2 8 18 17 14 5 7 20 13 10 9 6 11 19 1 3 15 16 4 12 
student 481: 11 9 19 14 16 2 6 18 7 8 12 3 13 20 5 1 10 15 4 17 
student 482: 15 10 20 1 5 6 11 19 17 8 14 7 4 16 2 3 9 18 13 12 
student 483: 18 13 17 12 6 3 11 16 15 8 20 5 4 9 1 2 7 19 14 10 
student 484: 5 9 19 20 8 4 16 11 13 2 17 6 15 18 1 3 7 14 10 12 
student 485: 20 12 18 13 8 4 17 19 7 5 16 6 14 9 2 1 3 15 10 11 
student 486: 17 9 18 5 6 2 3 14 16 12 19 4 11 15 1 7 10 20 13 8 
student 487: 18 4 19 16 2 1 7 20 11 9 13 8 10 17 3 5 14 15 6 12 
student 488: 12 8 17 16 7 1 2 19 13 6 18 5 11 20 4 3 14 15 9 10 
student 489: 16 13 17 19 8 1 9 14 15 3 18 2 7 11 6 4 5 20 10 12 
student 490: 12 4 16 2 11 6 13 15 14 3 8 9 10 20 1 5 17 19 7 18 
student 491: 17 1 19 18 12 4 13 3 8 11 15 6 2 20 9 5 10 16 7 14 
student 492: 13 4 19 15 14 5 9 10 11 3 18 6 7 20 1 2 12 16 8 17 
student 493: 3 10 18 20 6 2 7 14 13 8 17 11 9 19 5 4 15 12 1 16 
student 494: 14 6 19 18 7 5 11 15 10 9 17 4 2 13 1 3 12 20 8 16 
student 495: 15 4 14 13 1 2 19 20 8 9 18 5 7 16 3 6 10 17 11 12 
student 496: 13 4 18 17 15 3 5 16 11 20 12 2 6 14 1 10 9 8 7 19 
student 497: 14 5 16 20 7 9 12 19 4 13 11 3 10 18 2 1 6 15 17 8 
student 498: 20 5 15 14 8 2 10 4 13 11 12 17 6 18 9 1 19 16 7 3 
student 499: 18 6 19 17 5 4 11 16 7 3 14 8 2 15 1 20 10 12 13 9 
student 500: 13 5 19 18 8 3 9 12 16 6 14 4 7 17 1 2 11 15 10 20 
student 501: 12 5 10 19 2 3 11 16 6 8 18 7 13 20 4 1 14 15 9 17 
student 502: 20 7 19 13 5 1 8 12 9 3 15 6 14 11 4 2 16 18 10 17 
student 503: 14 5 18 6 9 12 13 16 8 4 15 2 7 20 1 3 10 17 11 19 
student 504: 17 8 20 14 1 4 11 19 10 12 13 9 5 15 2 3 7 16 6 18 
student 505: 2 13 19 20 1 3 6 17 11 8 14 7 15 10 4 5 16 18 9 12 
student 506: 16 3 17 19 15 1 10 12 11 6 9 7 2 20 5 4 13 18 8 14 
student 507: 12 8 20 18 11 6 9 16 5 13 15 1 4 17 2 3 7 19 10 14 
student 508: 11 4 20 19 7 2 16 13 15 8 12 5 10 17 1 3 9 14 6 18 
student 509: 11 2 19 20 1 10 8 16 13 7 15 9 5 18 6 3 12 17 4 14 
student 510: 13 6 18 9 3 4 11 16 12 8 17 1 10 20 2 5 7 19 15 14 
student 511: 7 6 20 13 10 1 5 17 15 2 19 9 4 16 3 8 12 18 14 11 
student 512: 6 4 11 18 3 5 15 7 9 10 19 2 14 20 1 8 13 16 17 12 
student 513: 7 5 20 13 17 11 18 10 19 6 12 1 4 15 2 3 9 14 8 16 
student 514: 14 1 20 18 19 3 5 13 9 2 11 7 12 17 6 8 10 16 4 15 
student 515: 15 3 20 17 13 6 7 5 14 4 11 18 8 16 1 2 10 19 12 9 
student 516: 11 10 20 15 3 4 6 16 12 8 1 9 7 19 5 18 13 17 2 14 
student 517: 12 3 19 18 1 2 14 15 8 10 9 5 11 16 4 6 13 20 7 17 
student 518: 13 4 16 18 8 2 6 12 14 7 10 5 9 19 3 1 20 15 11 17 
student 519: 10 3 19 17 4 5 14 13 9 1 18 6 11 20 8 2 7 12 16 15 
student 520: 13 6 17 10 4 7 16 19 9 8 3 1 20 15 5 2 11 12 14 18 
student 521: 17 2 15 20 12 1 19 18 10 9 7 16 11 8 5 4 3 13 14 6 
student 522: 15 5 19 12 10 8 11 20 13 1 17 6 3 16 2 4 7 14 9 18 
student 523: 16 11 17 19 4 6 15 5 10 3 9 7 8 12 1 2 13 20 14 18 
student 524: 17 19 13 18 5 3 11 14 9 7 12 1 4 16 6 2 20 15 10 8 
student 525: 12 6 19 17 3 1 9 15 11 4 20 2 7 18 8 5 13 14 10 16 
student 526: 7 4 14 1 8 18 16 10 13 5 19 2 15 17 3 11 6 20 12 9 
student 527: 12 4 20 18 14 3 15 17 8 7 9 6 5 10 1 2 13 19 11 16 
student 528: 17 11 6 19 10 2 5 12 1 7 20 9 8 14 3 4 15 18 16 13 
student 529: 6 11 20 7 3 2 12 16 10 5 19 9 15 18 1 4 14 8 13 17 
student 530: 7 8 20 15 1 3 9 10 13 11 18 5 2 12 4 6 16 17 19 14 
student 531: 15 11 17 19 4 7 13 16 8 1 14 3 2 20 5 10 12 18 6 9 
student 532: 8 4 17 18 15 6 11 16 10 3 13 9 7 12 2 1 14 20 5 19 
student 533: 3 5 15 20 1 11 16 17 18 2 14 7 12 19 9 8 10 13 4 6 
student 534: 14 2 18 15 11 1 5 19 9 13 16 3 12 8 4 7 20 6 17 10 
student 535: 16 14 19 20 5 3 11 18 8 9 17 7 4 13 2 1 15 12 10 6 
student 536: 11 7 17 20 8 4 2 18 13 5 12 15 10 19 1 6 3 16 9 14 
student 537: 16 5 19 14 11 10 18 12 2 15 7 6 4 20 3 1 8 13 9 17 
student 538: 14 3 11 9 8 2 13 17 6 10 18 4 5 16 12 1 19 20 7 15 
student 539: 14 2 20 17 1 6 5 12 10 13 9 7 11 18 3 4 8 19 16 15 
student 540: 3 15 14 16 7 4 6 19 10 8 20 2 9 18 1 13 17 11 5 12 
student 541: 14 11 20 17 7 5 13 15 6 4 16 1 10 18 3 8 9 19 2 12 
student 542: 8 6 12 14 2 1 4 16 11 5 19 10 7 13 9 3 17 20 18 15 
student 543: 3 2 20 14 5 1 13 19 7 9 16 6 11 18 10 4 12 17 8 15 
student 544: 15 14 20 13 3 1 7 6 9 4 12 10 8 17 5 2 16 19 11 18 
student 545: 11 7 20 16 9 4 2 3 18 1 17 15 10 19 8 5 6 14 12 13 
student 546: 13 6 12 18 3 15 2 8 9 4 16 5 7 19 1 11 10 17 20 14 
student 547: 6 8 17 15 2 12 4 14 3 13 10 16 18 20 1 7 5 19 11 9 
student 548: 9 2 18 17 3 8 5 20 14 6 16 12 1 19 13 10 11 15 7 4 
student 549: 7 14 15 16 1 5 18 19 11 13 12 4 17 10 2 6 3 20 9 8 
student 550: 14 8 18 16 5 1 9 12 13 4 15 3 10 20 6 2 17 19 7 11 
student 551: 19 13 20 18 8 3 15 9 5 4 7 10 11 14 2 1 12 16 6 17 
student 552: 6 8 13 15 3 4 9 18 12 10 20 5 16 19 2 1 14 11 17 7 
student 553: 12 5 18 10 8 11 7 6 17 15 14 3 13 20 1 2 4 16 9 19 
student 554: 7 3 14 16 4 2 12 18 8 11 19 13 5 15 9 1 17 20 6 10 
student 555: 10 1 19 18 5 3 17 11 9 7 2 14 6 20 4 8 12 15 13 16 
student 556: 11 7 13 17 12 3 9 15 10 8 16 2 5 20 1 6 4 14 18 19 
student 557: 7 9 20 18 6 2 15 12 10 11 17 14 3 19 1 4 5 13 8 16 
student 558: 4 3 18 20 7 6 5 13 9 11 16 1 19 17 2 8 10 15 12 14 
student 559: 12 1 18 15 7 9 8 14 16 5 17 6 11 20 4 3 2 19 13 10 
student 560: 8 3 20 12 7 1 9 14 15 17 18 2 6 16 4 19 10 13 5 11 
student 561: 15 8 20 16 1 2 11 19 12 7 9 6 5 18 13 4 10 17 3 14 
student 562: 10 12 20 18 8 3 9 15 11 6 17 5 2 16 4 1 13 14 7 19 
student 563: 12 8 14 19 5 1 10 16 20 11 7 4 18 17 2 3 9 15 6 13 
student 564: 11 10 18 17 4 3 12 16 15 6 8 9 1 14 2 5 13 19 7 20 
student 565: 6 4 18 13 8 2 12 10 5 14 16 3 11 19 7 1 15 20 9 17 
student 566: 14 12 16 19 11 1 5 15 8 3 9 6 7 20 2 4 13 18 17 10 
student 567: 10 1 17 15 5 3 19 9 11 6 16 14 8 20 4 2 13 18 7 12 
student 568: 14 17 20 15 8 4 2 18 13 3 12 6 5 19 1 10 9 16 11 7 
student 569: 5 1 14 19 11 8 10 18 12 6 13 16 20 7 4 3 2 15 9 17 
student 570: 9 15 20 17 8 1 10 18 11 5 16 3 2 14 12 7 6 19 4 13 
student 571: 10 5 19 18 11 3 9 20 6 8 13 4 7 16 2 1 12 15 14 17 
student 572: 13 8 19 15 6 4 9 20 10 16 11 2 1 17 3 7 5 14 12 18 
student 573: 16 4 19 15 3 1 13 18 12 5 11 7 10 20 2 6 14 17 8 9 
student 574: 15 6 13 7 5 4 11 19 8 2 18 1 10 20 3 14 12 17 9 16 
student 575: 8 5 18 17 7 4 9 6 15 2 19 1 10 16 12 11 3 20 13 14 
student 576: 16 14 9 7 3 1 10 19 4 2 17 13 15 18 5 6 11 20 8 12 
student 577: 10 18 17 13 6 4 8 16 14 7 11 3 9 20 5 1 12 15 2 19 
student 578: 12 4 20 13 8 1 11 16 14 7 17 3 9 19 2 5 10 18 6 15 
student 579: 10 1 17 19 6 7 5 14 3 2 12 9 15 18 4 16 11 20 13 8 
student 580: 13 10 15 20 7 5 16 18 9 6 17 1 11 19 3 2 12 8 4 14 
student 581: 2 5 17 9 7 8 6 16 10 11 15 4 13 20 1 3 12 19 18 14 
student 582: 5 1 20 19 10 6 11 13 12 4 9 7 8 17 2 3 16 15 14 18 
student 583: 11 9 19 14 1 2 12 15 10 3 17 6 4 18 8 5 20 16 13 7 
student 584: 16 4 20 6 7 1 11 12 13 14 17 9 10 19 3 5 15 18 8 2 
student 585: 12 7 18 15 1 3 13 20 11 10 4 6 2 17 14 8 5 19 9 16 
student 586: 17 1 16 12 6 2 5 13 19 9 14 4 11 18 8 15 7 10 20 3 
student 587: 8 4 13 14 6 5 15 10 16 9 19 3 12 20 2 1 7 17 18 11 
student 588: 16 1 19 12 6 4 8 17 20 3 15 10 14 13 5 11 9 18 7 2 
student 589: 12 2 18 6 11 1 10 17 5 8 16 7 19 15 4 9 14 20 3 13 
student 590: 3 2 20 15 11 4 14 7 5 9 16 8 18 19 1 6 12 17 10 13 
student 591: 15 6 20 13 2 5 9 19 12 8 16 4 14 18 1 3 11 17 7 10 
student 592: 8 9 15 16 5 4 12 13 20 3 17 6 7 10 1 2 14 19 18 11 
student 593: 11 7 1 16 9 4 12 19 17 20 14 2 10 13 3 5 15 18 8 6 
student 594: 12 7 20 16 6 3 4 18 8 5 13 2 11 19 9 1 15 17 14 10 
student 595: 20 7 18 17 10 3 14 12 11 13 5 1 8 19 2 4 15 6 9 16 
student 596: 18 1 11 20 5 10 12 7 14 4 13 2 16 15 9 3 17 8 6 19 
student 597: 20 5 16 18 1 2 15 11 10 12 9 8 14 19 13 3 4 17 7 6 
student 598: 14 8 20 19 3 1 9 10 7 4 15 6 11 18 5 2 16 13 12 17 
student 599: 10 8 14 16 5 3 13 18 11 9 17 2 6 19 1 4 7 12 15 20 
student 600: 10 8 16 18 13 6 1 17 15 12 11 7 2 20 5 4 14 19 9 3 
student 601: 14 7 20 18 6 2 13 10 15 11 16 4 9 19 1 5 17 12 3 8 
student 602: 1 7 19 12 5 2 9 18 4 13 14 6 11 20 3 10 17 16 8 15 
student 603: 8 7 18 17 2 4 5 12 15 9 14 1 6 19 13 3 16 20 10 11 
student 604: 19 4 17 16 8 2 10 6 12 5 13 7 9 20 1 3 11 18 14 15 
student 605: 20 6 10 16 4 1 12 17 9 7 14 5 11 15 2 3 19 18 8 13 
student 606: 14 8 20 13 4 1 10 17 9 6 15 3 12 16 11 2 7 19 5 18 
student 607: 15 3 9 14 2 1 11 6 5 16 17 12 8 18 4 7 13 19 20 10 
student 608: 7 9 13 20 3 1 15 18 16 12 17 2 6 11 4 5 8 14 10 19 
student 609: 15 2 19 17 1 4 14 12 9 8 16 5 7 20 3 6 10 18 11 13 
student 610: 12 6 17 20 2 1 9 4 14 10 15 3 7 19 5 8 16 13 11 18 
student 611: 9 13 19 17 5 10 11 15 4 3 18 7 12 16 1 6 2 20 8 14 
student 612: 5 3 19 14 8 10 11 17 12 15 20 6 7 13 2 1 4 16 18 9 
student 613: 13 8 15 14 12 1 11 16 3 17 18 4 6 19 2 5 7 20 9 10 
student 614: 16 9 20 10 13 6 7 8 12 11 17 3 14 18 2 15 4 19 1 5 
student 615: 11 8 19 18 3 4 5 17 12 6 13 7 15 14 1 2 16 20 10 9 
student 616: 16 7 20 18 15 4 14 13 5 3 11 2 8 19 1 6 10 17 12 9 
student 617: 9 5 20 16 1 3 12 14 11 19 18 10 6 17 2 8 4 15 7 13 
student 618: 16 9 15 5 8 6 2 17 20 1 19 4 11 18 3 7 12 14 10 13 
student 619: 18 1 13 19 4 2 10 14 15 8 20 3 9 17 5 6 7 12 16 11 
student 620: 5 11 20 17 2 1 8 9 16 3 12 4 13 15 7 6 14 18 10 19 
student 621: 9 12 13 7 17 5 10 14 4 3 19 1 6 20 2 8 11 16 15 18 
student 622: 16 7 18 19 8 1 15 11 12 6 3 5 14 20 2 4 13 9 10 17 
student 623: 18 3 14 15 4 6 8 16 9 12 13 5 7 20 2 1 11 19 10 17 
student 624: 3 7 19 9 11 1 14 10 6 15 16 2 8 18 4 5 20 17 12 13 
student 625: 13 1 16 9 7 6 3 15 14 8 17 10 4 20 2 11 12 19 5 18 
student 626: 15 8 14 10 1 6 4 13 9 11 20 7 16 12 3 2 19 18 5 17 
student 627: 13 4 8 20 2 3 9 16 12 10 17 11 1 18 6 7 14 19 5 15 
student 628: 17 16 19 11 2 4 12 20 9 5 6 8 10 18 1 3 13 15 14 7 
student 629: 8 9 17 14 4 2 12 13 6 10 5 7 11 20 3 1 19 16 15 18 
student 630: 3 7 19 17 5 4 20 14 12 11 18 6 9 10 1 2 8 15 16 13 
student 631: 12 5 18 19 4 1 11 2 9 8 14 16 13 20 7 3 15 17 6 10 
student 632: 11 2 18 17 6 1 13 19 10 8 14 3 7 20 12 9 4 15 5 16 
student 633: 9 1 15 14 8 12 4 16 11 7 20 5 10 19 2 6 13 17 3 18 
student 634: 12 11 20 15 9 6 4 18 8 3 19 5 13 17 7 1 2 14 10 16 
student 635: 15 6 19 18 7 3 4 17 16 8 9 5 13 20 2 1 10 12 11 14 
student 636: 9 2 16 12 11 6 10 15 7 17 19 3 13 14 5 1 8 20 4 18 
student 637: 20 6 15 16 11 2 3 17 9 13 12 1 8 18 4 7 14 19 5 10 
student 638: 16 2 15 10 9 4 7 8 14 12 20 5 6 13 1 17 3 19 11 18 
student 639: 17 1 20 5 4 2 12 18 9 6 15 10 8 14 3 7 13 19 16 11 
student 640: 15 2 20 13 9 6 7 17 11 4 18 5 8 16 1 3 14 19 10 12 
student 641: 18 7 19 16 3 5 8 15 12 9 13 6 11 17 1 2 4 20 14 10 
student 642: 17 10 13 20 1 9 16 14 6 4 12 7 11 2 8 5 18 19 3 15 
student 643: 14 7 19 12 6 4 8 18 1 9 13 3 5 20 2 17 10 15 11 16 
student 644: 6 19 10 17 2 1 7 18 5 8 13 3 12 20 9 4 15 16 14 11 
student 645: 10 8 11 12 7 13 20 15 18 4 16 3 5 17 1 2 9 19 6 14 
student 646: 13 7 18 17 3 5 4 14 8 10 11 6 12 19 1 2 15 20 9 16 
student 647: 14 10 19 20 1 4 3 15 9 8 17 7 5 11 2 6 12 16 13 18 
student 648: 11 6 14 13 5 4 12 16 9 1 20 7 8 19 3 15 18 17 2 10 
student 649: 14 3 17 12 9 4 13 19 18 7 10 8 5 15 2 6 1 20 11 16 
student 650: 10 5 16 20 6 1 11 14 17 3 13 7 9 18 2 4 8 15 12 19 
student 651: 9 5 14 10 6 4 15 19 2 13 17 11 7 12 3 1 18 16 8 20 
student 652: 10 17 20 18 7 9 12 5 14 6 13 8 2 19 3 1 15 11 4 16 
student 653: 12 7 8 17 2 5 9 16 3 4 18 6 10 14 1 11 15 20 13 19 
student 654: 8 2 12 17 3 4 15 10 18 7 13 1 11 20 9 5 16 19 14 6 
student 655: 11 10 20 16 9 7 8 17 12 3 6 5 14 19 2 1 18 13 4 15 
student 656: 11 2 9 16 3 5 15 19 17 4 20 14 6 8 1 12 10 18 7 13 
student 657: 13 1 20 12 8 3 19 10 14 16 11 9 4 18 2 6 15 17 7 5 
student 658: 14 8 18 16 10 1 9 13 11 20 15 3 2 19 4 7 6 17 5 12 
student 659: 5 6 20 15 3 1 13 14 9 8 18 4 7 16 2 11 17 19 10 12 
student 660: 11 10 16 19 2 1 6 14 17 4 13 8 15 18 5 3 9 20 12 7 
student 661: 14 6 10 15 2 4 11 20 12 9 17 7 3 16 1 13 5 19 8 18 
student 662: 13 8 19 15 3 6 9 17 11 10 12 5 14 18 2 1 4 16 7 20 
student 663: 19 3 17 12 8 4 15 18 2 11 10 6 14 13 1 5 9 20 7 16 
student 664: 11 13 19 20 5 6 8 15 16 12 14 4 10 9 7 3 17 18 1 2 
student 665: 17 2 20 13 8 1 18 9 15 10 16 6 14 11 4 3 12 19 7 5 
student 666: 11 6 19 18 9 7 15 12 3 8 5 4 10 20 1 2 17 16 14 13 
student 667: 19 9 16 12 5 2 6 15 10 11 20 3 13 1 7 14 8 17 4 18 
student 668: 13 14 20 12 1 3 2 15 11 10 17 5 9 19 8 4 6 18 7 16 
student 669: 17 10 14 16 6 2 7 20 15 5 11 8 13 19 3 1 9 12 4 18 
student 670: 14 13 16 17 6 5 15 19 7 3 10 1 8 20 2 4 9 18 11 12 
student 671: 16 7 20 19 6 1 13 9 11 5 14 4 8 18 2 3 15 17 12 10 
student 672: 10 12 17 20 9 1 15 14 8 7 18 5 16 19 2 3 6 11 4 13 
student 673: 9 11 19 20 14 4 6 15 17 7 13 1 5 16 3 2 12 10 8 18 
student 674: 17 6 16 11 7 1 15 13 4 14 8 2 10 20 5 9 12 19 3 18 
student 675: 10 11 20 16 3 6 17 15 7 4 9 5 12 19 1 2 14 18 8 13 
student 676: 1 4 17 19 7 3 8 10 6 5 13 2 9 16 12 18 14 20 11 15 
student 677: 10 9 11 17 2 3 4 16 15 13 14 7 12 19 5 6 18 20 1 8 
student 678: 2 9 17 13 4 7 10 14 12 16 11 6 8 20 1 3 18 19 15 5 
student 679: 16 4 17 20 3 1 10 12 6 8 18 2 14 15 7 5 11 13 9 19 
student 680: 17 8 20 19 2 7 6 13 3 9 12 4 5 15 1 14 16 10 11 18 
student 681: 15 4 20 11 5 1 10 16 13 7 18 12 2 19 3 9 8 17 6 14 
student 682: 16 5 18 11 3 2 12 20 14 9 13 1 15 19 8 10 4 17 7 6 
student 683: 3 11 20 16 6 5 12 17 9 7 14 10 1 18 4 2 13 19 8 15 
student 684: 12 9 20 14 4 3 5 16 13 11 18 1 10 19 2 8 15 17 6 7 
student 685: 10 11 19 20 8 2 3 14 4 16 13 7 1 17 6 5 15 18 9 12 
student 686: 12 3 19 14 4 5 8 17 13 9 10 6 11 16 2 1 15 20 7 18 
student 687: 8 6 16 17 11 10 4 14 15 7 5 13 3 19 1 2 12 20 9 18 
student 688: 14 6 20 19 2 4 8 18 15 11 9 3 5 12 1 10 13 17 7 16 
student 689: 16 2 20 17 18 5 8 14 12 9 13 1 4 19 6 10 3 15 7 11 
student 690: 11 10 20 16 4 3 13 17 5 6 14 15 8 19 1 2 9 18 12 7 
student 691: 11 4 20 19 7 2 5 16 18 9 14 8 17 15 1 3 12 13 10 6 
student 692: 16 13 18 10 2 17 12 8 9 5 4 6 1 20 3 7 15 11 19 14 
student 693: 9 2 18 13 6 1 5 16 11 8 15 4 10 17 12 3 20 19 7 14 
student 694: 13 7 20 14 5 2 10 19 16 12 15 4 6 17 1 3 11 18 9 8 
student 695: 13 9 19 18 12 16 8 15 7 1 10 4 5 20 2 6 11 17 3 14 
student 696: 11 7 19 18 9 2 3 16 13 5 15 8 14 17 1 4 12 20 6 10 
student 697: 6 3 16 13 14 4 11 18 12 7 17 5 9 20 1 2 15 19 10 8 
student 698: 15 5 13 17 2 1 10 16 4 7 11 12 6 18 8 9 14 19 3 20 
student 699: 12 7 19 14 3 1 8 17 11 2 16 5 9 18 4 6 10 20 15 13 
student 700: 15 8 14 20 7 2 17 18 5 10 11 12 9 19 1 4 3 16 13 6 
student 701: 7 12 18 15 10 6 13 11 9 8 20 2 3 19 1 4 14 17 5 16 
student 702: 19 7 13 12 8 1 9 17 10 3 14 2 11 20 4 6 15 18 5 16 
student 703: 10 15 14 12 7 2 6 18 13 8 17 5 20 11 1 4 16 19 3 9 
student 704: 20 12 16 13 4 3 8 17 9 7 15 1 14 18 2 5 11 19 6 10 
student 705: 13 6 18 15 5 1 14 19 10 8 20 2 3 17 4 9 7 16 12 11 
student 706: 9 11 19 16 2 6 5 13 10 12 17 4 7 14 1 8 20 18 3 15 
student 707: 12 1 15 17 11 3 7 13 20 4 14 2 9 19 5 6 10 18 8 16 
student 708: 9 3 10 17 2 7 6 16 15 12 13 14 1 20 8 5 11 19 4 18 
student 709: 13 7 20 18 6 1 17 11 8 12 9 5 4 10 2 3 14 19 16 15 
student 710: 11 4 19 12 6 8 7 18 13 2 15 5 10 17 3 1 20 16 9 14 
student 711: 8 4 11 18 3 16 7 17 14 6 20 1 13 19 5 2 9 10 12 15 
student 712: 8 1 16 14 12 4 7 15 9 3 13 11 2 20 6 10 18 19 5 17 
student 713: 5 11 9 16 1 2 8 7 6 14 13 12 15 19 3 4 17 20 10 18 
student 714: 15 9 18 14 10 4 3 12 17 8 16 5 6 20 1 2 7 19 11 13 
student 715: 12 3 19 17 9 2 8 14 11 16 6 7 18 13 1 4 15 20 5 10 
student 716: 15 7 18 19 5 3 9 14 12 6 13 1 11 16 4 2 17 20 8 10 
student 717: 14 10 20 15 7 4 13 17 16 5 12 1 8 19 3 6 2 18 11 9 
student 718: 8 10 19 13 2 5 3 15 4 14 18 1 6 17 11 9 20 16 12 7 
student 719: 10 7 18 20 11 6 12 15 2 4 5 3 9 16 1 19 17 14 8 13 
student 720: 12 1 16 10 3 2 5 14 13 4 11 6 15 19 20 9 17 18 7 8 
student 721: 7 14 17 13 5 6 12 18 15 10 11 1 8 16 3 2 4 19 20 9 
student 722: 15 5 18 19 9 16 12 4 2 10 14 11 7 6 3 8 13 20 1 17 
student 723: 8 4 18 20 5 3 13 11 16 12 9 2 19 10 1 7 6 15 14 17 
student 724: 16 2 19 15 5 4 12 18 6 8 17 7 3 13 9 1 11 20 10 14 
student 725: 11 1 19 17 9 7 5 18 10 3 16 14 2 12 4 8 13 20 6 15 
student 726: 8 7 11 12 13 2 10 20 15 1 18 5 3 16 9 4 19 17 6 14 
student 727: 4 6 17 16 8 3 13 18 10 2 9 1 12 19 11 7 14 20 5 15 
student 728: 14 7 6 13 11 1 16 19 10 15 12 4 8 17 3 5 20 18 9 2 
student 729: 9 5 19 20 10 3 6 13 17 8 16 4 15 14 1 2 11 18 7 12 
student 730: 12 7 19 15 11 2 6 10 9 3 18 1 13 20 5 4 14 17 8 16 
student 731: 5 1 12 18 19 2 13 14 11 3 17 9 8 16 7 10 6 20 4 15 
student 732: 17 9 19 18 12 3 4 20 16 1 7 10 6 15 2 5 14 8 11 13 
student 733: 13 5 18 20 6 12 10 16 4 1 8 3 7 17 9 2 11 19 15 14 
student 734: 15 5 14 16 2 1 13 12 10 7 20 8 11 9 6 4 18 17 3 19 
student 735: 12 8 17 16 1 6 9 20 7 4 15 2 10 18 14 3 5 19 11 13 
student 736: 16 6 17 15 3 4 20 14 8 5 11 2 13 19 1 12 10 18 7 9 
student 737: 15 3 20 7 1 5 6 18 12 4 17 9 10 16 2 11 14 19 13 8 
student 738: 17 5 19 16 1 3 7 14 15 10 13 2 6 20 4 9 8 18 12 11 
student 739: 5 6 20 14 12 1 13 19 11 7 17 3 10 15 2 9 8 16 4 18 
student 740: 5 4 19 16 3 10 8 17 13 6 18 2 9 20 14 1 12 11 7 15 
student 741: 12 6 7 13 5 2 14 16 17 9 11 1 8 20 4 3 10 15 18 19 
student 742: 8 10 18 14 4 1 11 20 3 17 15 5 9 16 6 2 13 19 7 12 
student 743: 2 8 18 1 6 10 19 20 9 5 16 4 11 12 3 17 7 14 13 15 
student 744: 10 1 18 8 5 9 4 17 7 2 20 14 11 12 6 3 13 16 15 19 
student 745: 14 12 19 18 2 7 11 6 15 5 9 16 3 13 1 4 20 17 8 10 
student 746: 11 10 19 16 6 8 12 9 15 3 2 1 7 20 4 5 13 17 18 14 
student 747: 12 13 18 9 7 1 15 20 10 2 17 8 4 14 3 5 11 16 6 19 
student 748: 12 1 7 18 9 5 10 15 8 3 20 17 6 19 2 4 11 14 16 13 
student 749: 12 9 20 17 4 5 7 18 13 1 11 2 14 16 10 3 8 19 6 15 
student 750: 13 2 14 19 12 5 6 18 9 16 15 7 1 17 4 3 10 8 11 20 
student 751: 15 9 17 18 6 2 8 13 12 10 16 4 1 20 3 5 11 19 7 14 
student 752: 3 2 19 7 1 9 6 13 4 12 17 11 5 20 8 10 15 18 14 16 
student 753: 13 5 12 19 16 2 15 17 6 8 14 3 11 20 4 1 7 18 10 9 
student 754: 12 7 20 10 3 6 14 19 16 9 4 2 8 11 1 5 17 18 13 15 
student 755: 12 3 16 17 5 2 18 7 9 10 13 1 8 15 6 4 14 20 11 19 
student 756: 17 9 19 20 5 2 6 15 11 12 8 3 10 18 4 1 14 13 7 16 
student 757: 14 9 16 18 4 10 3 17 8 5 15 7 13 6 1 2 19 20 12 11 
student 758: 17 5 18 20 4 3 7 11 15 9 14 2 13 19 1 6 8 16 10 12 
student 759: 16 3 17 18 1 5 8 14 9 6 15 7 13 19 2 4 12 20 10 11 
student 760: 9 7 20 6 3 10 2 17 13 5 15 1 11 12 8 4 14 19 18 16 
student 761: 16 7 19 18 4 5 13 20 3 11 15 1 10 17 2 8 14 9 12 6 
student 762: 18 4 16 20 5 3 8 14 11 2 15 1 9 17 6 13 19 12 7 10 
student 763: 14 4 18 19 8 7 16 15 2 13 17 1 12 9 3 11 5 20 6 10 
student 764: 3 7 11 20 15 4 13 19 9 6 12 5 10 18 1 2 16 17 8 14 
student 765: 13 9 18 14 5 4 6 19 10 12 17 11 7 20 3 1 8 16 2 15 
student 766: 9 11 5 17 16 2 12 18 8 6 14 13 7 19 1 10 4 20 3 15 
student 767: 10 16 18 17 8 4 15 14 9 3 13 6 1 20 5 2 11 19 12 7 
student 768: 7 4 20 15 11 2 9 13 10 16 17 6 5 8 1 3 18 19 14 12 
student 769: 4 10 18 17 7 6 19 9 13 2 16 1 8 20 15 5 11 12 3 14 
student 770: 20 5 14 16 8 6 9 19 11 12 4 1 7 13 2 3 18 17 15 10 
student 771: 14 2 19 13 5 1 11 15 16 9 12 3 10 18 8 4 6 17 7 20 
student 772: 12 2 18 9 11 3 16 17 10 1 14 6 5 15 4 7 20 19 13 8 
student 773: 9 19 13 18 8 1 6 15 12 4 16 11 3 14 2 7 5 20 10 17 
student 774: 17 4 14 12 5 7 15 13 16 3 18 8 9 20 6 1 2 19 10 11 
student 775: 18 12 17 19 7 9 10 15 13 3 6 4 8 14 1 2 11 20 5 16 
student 776: 6 11 13 15 9 8 7 12 10 5 18 1 3 19 4 2 16 17 14 20 
student 777: 10 7 19 20 5 4 14 17 9 12 18 6 3 16 1 2 13 11 8 15 
student 778: 17 4 20 7 10 5 3 15 18 11 19 8 2 13 1 6 9 14 12 16 
student 779: 13 11 19 20 2 4 10 14 12 7 15 3 6 17 5 1 9 16 8 18 
student 780: 9 7 20 14 11 1 16 13 2 4 19 6 8 18 3 5 17 12 10 15 
student 781: 17 1 19 12 3 4 7 20 14 13 11 2 15 16 5 6 8 18 9 10 
student 782: 14 10 18 20 19 3 5 16 12 6 11 1 15 9 2 13 7 17 4 8 
student 783: 19 8 5 20 4 1 11 12 15 10 13 7 14 17 3 2 6 16 9 18 
student 784: 16 8 15 19 4 1 13 14 9 6 12 5 11 18 2 3 10 17 7 20 
student 785: 7 1 20 15 12 3 8 16 10 5 18 6 13 17 9 4 19 2 14 11 
student 786: 11 18 16 10 5 12 6 13 9 2 20 17 8 19 4 1 7 14 3 15 
student 787: 14 13 17 19 6 3 16 20 18 15 10 9 11 12 1 7 5 8 2 4 
student 788: 17 3 18 20 12 6 2 14 10 5 19 9 13 16 7 4 8 15 1 11 
student 789: 4 12 19 17 14 1 9 11 7 3 15 2 8 16 6 5 20 18 10 13 
student 790: 7 6 20 8 1 2 11 12 10 4 18 3 15 17 5 16 14 19 9 13 
student 791: 20 3 19 16 4 10 12 18 7 5 13 8 6 17 1 2 15 9 11 14 
student 792: 12 3 20 10 8 7 15 17 5 11 18 4 13 14 1 2 16 19 9 6 
student 793: 19 7 8 12 10 9 17 14 16 1 11 3 13 18 2 4 5 15 6 20 
student 794: 12 8 20 19 1 6 3 13 16 5 17 7 9 15 2 4 10 18 11 14 
student 795: 2 5 12 20 4 11 13 8 18 17 15 1 3 10 9 7 19 16 6 14 
student 796: 13 8 19 18 5 3 9 7 12 2 17 1 14 20 4 6 16 11 10 15 
student 797: 14 4 12 20 2 7 10 17 15 8 11 9 5 16 1 3 6 19 13 18 
student 798: 14 8 18 16 3 1 15 13 5 6 19 4 7 20 9 12 10 2 11 17 
student 799: 18 8 14 20 10 4 7 11 3 6 19 5 12 15 1 2 13 17 9 16 
