student 0: 7 8 13 4 15 6 16 20 19 18 12 11 14 5 3 10 1 9 2 17 
student 1: 10 14 9 4 19 2 15 16 17 20 18 13 12 3 6 5 7 8 11 1 
student 2: 11 4 6 1 15 8 18 20 14 19 9 12 16 3 10 5 13 2 7 17 
student 3: 12 2 15 5 20 4 19 14 13 18 8 17 10 3 6 9 11 7 1 16 
student 4: 5 19 15 10 16 2 12 18 17 8 13 9 14 3 11 6 7 4 1 20 
student 5: 12 17 15 14 11 1 19 16 18 9 10 7 13 2 20 3 8 5 4 6 
student 6: 9 13 15 2 16 5 7 17 19 20 18 10 11 1 8 4 3 6 14 12 
student 7: 10 13 14 20 16 3 11 18 19 17 1 9 15 6 5 4 8 2 7 12 
student 8: 8 1 16 4 20 3 18 9 14 11 19 12 17 2 6 5 15 13 7 10 
student 9: 3 18 14 2 19 7 8 12 16 11 15 17 9 4 13 6 5 1 10 20 
student 10: 3 8 10 1 20 9 19 15 17 16 11 6 12 4 14 13 5 2 7 18 
student 11: 11 9 4 2 14 5 17 20 19 18 13 16 15 1 10 3 7 6 12 8 
student 12: 10 12 20 3 11 1 13 18 19 15 8 9 14 2 16 7 6 4 5 17 
student 13: 12 10 19 6 16 1 18 14 20 15 11 4 17 2 8 3 9 5 7 13 
student 14: 2 10 13 3 18 6 16 20 17 5 19 8 15 4 9 7 1 12 11 14 
student 15: 9 14 12 1 19 5 13 20 18 11 4 10 15 3 7 8 6 2 17 16 
student 16: 18 7 16 6 17 2 14 15 20 19 13 9 11 12 4 3 1 5 10 8 
student 17: 5 12 11 10 17 15 18 20 13 19 14 8 6 7 3 4 2 9 1 16 
student 18: 7 12 17 3 16 2 5 19 18 20 6 9 15 4 11 13 10 1 8 14 
student 19: 8 14 17 1 15 3 10 19 7 11 13 5 18 4 6 2 12 16 9 20 
student 20: 10 13 14 4 19 2 20 16 18 15 8 9 11 1 7 6 5 3 12 17 
student 21: 6 12 16 5 17 2 15 18 10 19 14 20 9 3 4 7 1 11 8 13 
student 22: 4 13 15 8 18 3 12 20 17 16 11 14 19 1 6 7 5 2 10 9 
student 23: 7 9 15 3 14 5 13 16 17 20 8 18 10 4 11 6 2 1 19 12 
student 24: 1 10 17 9 15 4 16 20 19 18 12 11 8 14 6 13 3 2 5 7 
student 25: 10 4 6 5 16 3 13 18 14 20 12 15 19 9 11 8 2 1 7 17 
student 26: 14 15 17 10 12 7 20 19 18 13 6 8 9 2 5 1 11 4 3 16 
student 27: 5 15 18 11 20 1 16 19 17 14 12 13 9 7 8 10 2 3 4 6 
student 28: 5 13 17 7 19 3 18 14 16 20 8 12 10 2 9 1 11 6 4 15 
student 29: 14 16 13 4 18 7 15 11 12 19 20 5 6 10 3 17 9 2 1 8 
student 30: 6 8 10 3 16 4 9 15 18 7 19 14 13 5 12 11 1 2 20 17 
student 31: 4 13 17 10 16 3 5 19 18 14 7 11 9 6 1 12 8 2 20 15 
student 32: 12 8 10 3 15 1 20 19 16 11 5 18 17 7 6 2 13 4 9 14 
student 33: 11 8 15 1 18 3 7 20 14 19 12 9 16 4 17 13 6 2 5 10 
student 34: 15 6 16 1 19 2 12 17 20 13 9 14 11 8 10 3 4 7 18 5 
student 35: 3 12 15 17 20 11 13 16 14 19 2 9 18 4 7 10 6 1 5 8 
student 36: 14 12 13 6 20 3 9 18 19 15 17 10 2 5 11 1 7 4 8 16 
student 37: 6 13 19 2 20 3 14 16 17 18 5 9 12 1 11 10 8 7 4 15 
student 38: 9 14 11 8 19 2 10 18 20 15 7 13 17 6 4 1 12 3 5 16 
student 39: 15 7 16 11 18 6 12 19 5 17 9 2 10 3 1 13 4 8 14 20 
student 40: 11 4 12 2 19 1 18 13 20 15 14 7 16 3 17 9 8 6 5 10 
student 41: 10 11 17 1 13 6 12 19 20 18 15 8 16 3 9 4 2 5 7 14 
student 42: 10 13 15 1 8 3 11 17 18 6 16 19 14 12 9 7 4 5 2 20 
student 43: 10 5 14 2 20 1 16 15 19 17 11 3 18 4 13 9 8 12 7 6 
student 44: 11 8 15 7 19 1 14 17 18 13 16 2 20 3 6 10 4 5 9 12 
student 45: 6 14 18 8 17 3 11 20 19 13 12 9 15 1 2 7 5 4 10 16 
student 46: 6 9 12 5 17 2 15 18 16 20 11 8 14 1 10 13 7 4 3 19 
student 47: 13 14 19 11 16 3 4 20 18 12 8 10 15 7 9 5 1 6 2 17 
student 48: 15 12 11 3 19 2 18 20 13 17 7 8 9 14 1 5 6 10 4 16 
student 49: 10 11 18 7 15 1 8 16 19 20 6 14 17 4 2 9 13 3 5 12 
student 50: 6 9 18 3 19 5 16 17 20 11 10 13 12 2 4 15 8 1 7 14 
student 51: 9 15 20 2 19 5 17 8 16 18 3 10 14 4 7 12 6 1 11 13 
student 52: 5 11 17 4 13 9 8 20 19 14 10 12 18 3 15 7 1 2 6 16 
student 53: 7 9 20 6 18 1 17 15 13 19 4 12 10 14 8 16 2 5 3 11 
student 54: 14 18 16 2 13 3 12 20 19 17 11 15 10 1 8 5 7 6 4 9 
student 55: 10 5 18 6 20 11 17 12 19 14 9 13 16 7 3 8 1 2 4 15 
student 56: 12 7 9 2 19 3 20 18 17 13 5 16 14 10 8 6 15 4 1 11 
student 57: 7 10 13 6 20 2 16 12 9 19 18 1 17 5 11 3 4 8 14 15 
student 58: 8 18 17 1 14 4 13 19 20 10 12 9 15 3 5 2 11 7 6 16 
student 59: 8 13 12 5 16 4 18 17 20 15 10 14 19 3 7 11 2 1 6 9 
student 60: 2 9 13 7 17 4 15 18 20 16 12 10 19 1 6 3 5 11 8 14 
student 61: 19 13 5 1 20 3 15 18 17 16 6 12 10 9 4 14 2 8 11 7 
student 62: 10 13 15 12 19 3 14 5 18 20 7 8 11 9 4 1 2 6 16 17 
student 63: 4 17 18 12 15 1 9 14 19 20 10 8 7 2 11 16 6 3 5 13 
student 64: 8 18 11 6 19 20 12 15 16 13 10 9 17 2 7 1 3 4 5 14 
student 65: 14 13 18 5 19 1 12 20 17 9 7 10 15 6 4 11 3 8 2 16 
student 66: 6 10 20 8 16 5 7 17 14 19 15 12 18 3 11 4 2 1 9 13 
student 67: 11 12 16 5 15 2 13 17 20 19 1 8 18 7 14 3 6 4 9 10 
student 68: 14 15 17 2 18 4 13 11 20 19 5 9 10 1 16 6 8 3 7 12 
student 69: 10 17 14 6 19 2 13 18 20 16 3 7 9 1 5 15 11 4 8 12 
student 70: 8 11 14 10 18 1 16 17 20 15 4 7 9 2 12 13 3 6 5 19 
student 71: 5 10 20 6 19 1 14 15 16 17 7 13 18 12 3 4 9 2 8 11 
student 72: 9 8 20 6 16 19 13 12 18 17 11 5 7 4 15 3 10 1 2 14 
student 73: 2 11 19 6 15 1 12 16 20 17 14 18 10 4 3 8 7 5 9 13 
student 74: 12 1 20 2 16 3 13 18 19 17 5 8 11 6 15 9 4 7 10 14 
student 75: 14 16 18 3 20 1 12 13 19 17 2 15 10 5 11 9 4 8 6 7 
student 76: 14 12 9 5 20 3 18 16 13 19 10 11 17 2 8 7 1 4 6 15 
student 77: 10 19 12 3 11 4 14 13 16 20 17 18 6 1 8 2 7 9 5 15 
student 78: 11 19 15 3 14 5 10 20 16 8 17 12 18 2 7 9 6 1 4 13 
student 79: 7 10 11 3 19 1 20 4 17 16 14 8 18 12 13 9 5 2 6 15 
student 80: 9 14 15 2 19 3 11 16 20 17 12 7 18 1 8 13 4 10 5 6 
student 81: 9 13 19 2 16 5 11 20 18 15 14 1 17 8 10 7 3 4 6 12 
student 82: 1 20 15 9 16 3 12 14 17 18 10 7 19 2 8 13 11 5 6 4 
student 83: 7 14 19 11 20 13 15 18 17 16 9 12 10 6 3 1 2 4 5 8 
student 84: 12 10 6 4 19 7 13 16 15 14 11 20 3 1 9 5 17 2 8 18 
student 85: 9 7 20 4 16 3 15 19 18 14 10 17 11 1 12 8 2 6 5 13 
student 86: 14 7 17 5 19 2 12 20 18 15 11 6 13 1 9 3 8 4 10 16 
student 87: 10 12 14 6 19 5 7 18 20 13 11 1 16 17 2 4 8 3 9 15 
student 88: 15 12 17 4 18 1 8 19 20 13 9 10 14 2 7 11 6 5 3 16 
student 89: 6 18 19 1 17 10 11 7 13 14 20 5 16 4 15 12 8 3 2 9 
student 90: 9 12 19 10 13 4 18 17 11 15 8 16 7 2 5 20 3 1 6 14 
student 91: 16 9 11 5 18 6 15 19 13 20 14 12 17 4 2 8 7 1 3 10 
student 92: 7 1 9 5 17 3 16 18 20 19 10 14 11 4 12 8 13 6 2 15 
student 93: 14 19 17 4 15 2 20 18 16 12 10 9 3 1 11 7 6 8 5 13 
student 94: 12 10 18 5 20 1 15 13 19 6 16 17 11 7 8 4 3 2 9 14 
student 95: 14 20 13 1 19 2 17 12 18 10 15 9 3 4 7 11 8 5 6 16 
student 96: 7 19 6 2 11 1 18 20 14 15 5 10 16 3 9 4 8 12 17 13 
student 97: 9 7 20 2 18 3 15 14 19 17 11 10 13 1 16 12 6 5 4 8 
student 98: 10 15 13 5 17 2 19 18 20 16 6 12 14 1 7 9 3 8 4 11 
student 99: 11 12 15 2 18 5 14 13 19 20 6 17 16 3 10 9 1 7 4 8 
student 100: 6 9 10 13 14 7 18 19 20 16 12 8 17 11 1 3 2 4 5 15 
student 101: 7 10 16 1 19 13 11 12 17 20 8 9 15 3 14 5 2 4 6 18 
student 102: 5 17 16 4 12 1 19 11 20 15 9 14 18 13 10 7 2 6 3 8 
student 103: 14 8 15 3 19 2 18 17 20 12 9 13 11 1 6 7 4 10 5 16 
student 104: 13 19 11 18 14 7 2 12 20 17 15 10 16 5 3 9 8 4 1 6 
student 105: 13 18 12 1 16 7 17 10 15 20 19 4 8 2 14 6 9 5 3 11 
student 106: 3 12 16 4 19 5 20 14 17 7 10 11 6 2 8 9 1 15 13 18 
student 107: 16 11 20 5 17 3 14 9 15 19 12 6 2 7 18 8 1 4 10 13 
student 108: 14 17 16 1 19 6 11 20 15 13 8 9 12 4 7 5 3 2 10 18 
student 109: 7 11 14 2 19 5 20 17 18 10 16 4 15 3 12 6 8 13 1 9 
student 110: 8 11 12 4 17 2 14 15 20 19 13 10 18 3 9 6 5 1 7 16 
student 111: 7 14 16 4 19 2 18 15 17 20 12 8 11 1 13 6 10 3 5 9 
student 112: 20 9 11 4 17 5 16 18 14 12 7 10 15 8 13 1 2 3 6 19 
student 113: 9 20 14 1 19 7 16 13 18 17 11 12 15 4 2 8 6 3 5 10 
student 114: 11 8 15 6 16 1 18 19 13 17 14 20 7 3 2 12 5 4 9 10 
student 115: 16 14 12 7 13 2 20 18 19 17 8 15 4 5 9 3 6 1 11 10 
student 116: 8 13 15 1 9 5 12 19 20 17 18 4 16 2 11 10 6 3 7 14 
student 117: 2 12 19 8 16 11 7 14 18 20 13 15 17 4 6 10 3 1 5 9 
student 118: 6 14 15 10 12 3 17 8 19 20 16 1 18 2 5 4 7 9 11 13 
student 119: 9 13 19 5 14 4 16 10 20 18 8 17 15 2 7 3 11 6 1 12 
student 120: 10 15 19 3 20 1 17 11 18 16 12 8 5 4 14 7 2 6 9 13 
student 121: 10 11 16 9 20 6 13 15 19 14 3 7 18 1 8 12 2 4 5 17 
student 122: 3 19 2 4 7 5 9 16 17 14 12 15 20 1 11 8 6 13 10 18 
student 123: 3 4 17 9 19 7 15 18 20 16 5 14 8 1 6 2 11 10 13 12 
student 124: 2 15 12 7 20 4 10 17 19 18 13 16 9 1 3 6 11 5 8 14 
student 125: 8 6 15 2 17 3 18 16 20 19 4 14 11 9 10 1 13 5 7 12 
student 126: 20 13 17 3 19 2 9 15 18 16 10 4 14 1 7 12 8 6 5 11 
student 127: 6 9 13 12 20 3 15 17 19 16 8 11 10 4 2 18 1 5 7 14 
student 128: 12 16 7 4 15 6 18 20 19 13 1 17 11 5 2 10 8 3 9 14 
student 129: 9 5 18 4 17 3 16 20 19 6 15 13 14 1 10 12 2 7 8 11 
student 130: 4 19 14 3 17 1 13 16 18 20 15 5 7 6 10 8 2 9 11 12 
student 131: 17 14 3 10 8 2 11 20 13 19 15 12 16 4 9 5 1 6 7 18 
student 132: 12 17 9 7 19 4 11 20 18 16 13 10 3 2 6 5 8 1 14 15 
student 133: 4 9 12 6 17 1 13 18 19 14 7 11 15 3 16 5 10 2 8 20 
student 134: 14 12 16 1 17 4 15 20 19 18 9 10 3 5 8 11 7 6 2 13 
student 135: 10 9 13 12 5 6 15 20 16 18 11 17 19 4 2 8 1 3 7 14 
student 136: 2 12 18 10 17 7 13 20 19 16 15 9 14 3 11 6 1 8 5 4 
student 137: 18 12 19 15 13 2 10 11 17 16 7 9 20 3 8 6 1 5 14 4 
student 138: 10 18 14 4 3 2 16 19 17 20 7 9 15 5 12 6 8 13 1 11 
student 139: 7 9 20 10 6 1 16 19 17 14 5 12 18 4 11 8 15 2 3 13 
student 140: 3 6 16 7 19 2 13 17 20 11 5 10 15 1 14 4 18 9 12 8 
student 141: 13 11 19 7 15 3 12 16 18 20 14 10 9 2 8 4 5 1 6 17 
student 142: 12 14 16 6 15 2 20 17 19 18 10 11 9 5 4 1 3 8 7 13 
student 143: 15 17 14 7 20 2 8 13 18 4 16 12 19 6 9 10 5 3 11 1 
student 144: 6 18 15 2 14 4 10 16 19 11 17 9 20 5 7 3 12 1 8 13 
student 145: 10 13 17 4 18 2 16 20 11 19 12 7 14 3 1 9 8 5 6 15 
student 146: 10 12 15 4 18 2 17 19 13 20 14 8 16 3 9 7 1 6 5 11 
student 147: 11 12 15 5 19 13 17 16 20 18 2 14 9 4 6 3 8 1 7 10 
student 148: 11 5 17 13 18 9 15 20 19 12 2 16 14 4 1 8 7 6 3 10 
student 149: 14 7 18 4 17 2 16 20 13 19 15 9 12 1 10 3 8 5 11 6 
student 150: 7 16 14 1 20 4 13 12 18 17 5 19 15 11 8 9 3 6 10 2 
student 151: 17 18 14 3 20 9 19 10 16 15 12 7 13 5 11 4 2 1 6 8 
student 152: 14 1 12 4 3 7 17 15 18 16 8 9 13 6 10 5 19 20 2 11 
student 153: 16 15 20 2 18 6 13 17 19 7 8 12 10 5 4 11 3 1 9 14 
student 154: 15 6 14 9 19 1 18 16 13 12 5 7 17 4 11 8 3 2 10 20 
student 155: 18 5 16 1 10 2 11 17 19 13 9 14 12 6 3 8 20 15 4 7 
student 156: 6 13 14 16 17 2 4 15 19 10 7 8 20 3 5 11 1 12 9 18 
student 157: 2 9 18 4 14 16 17 20 12 8 10 13 15 3 11 7 5 1 6 19 
student 158: 9 11 19 4 20 1 3 7 16 17 10 14 18 6 12 8 5 2 13 15 
student 159: 12 5 15 4 17 1 14 18 19 20 13 8 16 6 10 7 9 2 3 11 
student 160: 10 13 18 11 20 4 16 19 17 14 8 1 15 9 5 7 2 6 3 12 
student 161: 13 10 15 2 20 1 11 17 19 14 12 9 16 3 4 8 7 5 6 18 
student 162: 1 12 15 5 20 11 19 13 14 17 8 7 10 3 16 9 2 6 18 4 
student 163: 9 3 20 4 18 6 13 16 19 14 11 12 17 7 10 5 1 2 8 15 
student 164: 4 9 15 1 20 5 14 19 18 16 7 17 11 2 3 6 13 12 8 10 
student 165: 10 5 13 2 16 6 12 11 18 17 14 15 19 1 9 3 7 4 8 20 
student 166: 7 6 13 9 20 16 12 14 19 17 18 8 15 3 11 10 2 4 1 5 
student 167: 15 10 11 2 16 9 14 17 18 19 12 20 13 1 8 7 3 6 5 4 
student 168: 3 19 17 2 12 7 13 18 14 20 8 11 10 1 4 15 9 5 6 16 
student 169: 9 19 16 1 18 4 15 20 17 13 7 12 8 10 3 2 5 6 14 11 
student 170: 11 15 8 5 17 3 14 12 20 19 6 7 18 4 10 1 16 2 9 13 
student 171: 13 14 17 4 11 7 10 18 15 16 6 2 20 1 5 8 12 3 19 9 
student 172: 11 18 14 7 20 2 17 5 16 19 9 1 12 6 4 10 8 3 15 13 
student 173: 2 13 16 6 15 1 14 17 18 20 12 19 10 11 8 5 7 4 3 9 
student 174: 4 6 12 2 16 13 9 15 20 19 14 8 10 5 7 11 3 1 17 18 
student 175: 12 8 16 1 17 2 19 20 18 13 5 14 9 6 10 3 7 4 11 15 
student 176: 13 1 12 2 19 5 17 16 18 20 8 15 10 3 6 7 4 9 11 14 
student 177: 8 15 18 1 16 2 14 19 17 20 9 10 12 3 5 7 6 4 11 13 
student 178: 11 14 17 1 13 2 20 19 18 16 10 4 15 9 12 5 3 8 6 7 
student 179: 8 11 14 5 13 3 17 20 19 15 7 12 18 1 6 9 4 2 10 16 
student 180: 11 15 19 6 20 3 2 18 16 17 10 14 8 5 7 12 9 1 4 13 
student 181: 4 20 17 11 14 2 16 8 13 19 7 10 15 1 9 18 6 3 5 12 
student 182: 12 11 14 4 17 6 9 15 19 18 8 20 16 3 2 5 10 1 7 13 
student 183: 13 12 18 3 19 5 17 15 20 8 7 14 11 4 9 2 10 6 1 16 
student 184: 13 10 15 1 20 3 17 9 19 18 12 16 11 2 4 7 8 6 5 14 
student 185: 13 9 6 3 18 4 17 19 20 14 10 12 11 1 7 15 8 2 5 16 
student 186: 12 5 19 4 17 3 18 20 15 16 1 13 11 6 9 10 2 8 7 14 
student 187: 9 13 17 8 19 6 16 18 20 15 4 3 14 10 5 11 7 2 1 12 
student 188: 10 14 19 2 18 1 12 13 20 8 16 17 11 6 4 15 5 9 3 7 
student 189: 10 7 11 4 20 6 17 19 18 16 13 12 14 8 2 5 1 3 9 15 
student 190: 12 8 17 6 20 2 1 18 19 11 15 14 16 4 10 9 5 3 7 13 
student 191: 4 19 11 17 9 2 13 20 15 14 7 1 10 6 12 18 8 3 5 16 
student 192: 19 8 20 3 17 2 10 18 15 14 1 12 13 9 4 6 5 7 16 11 
student 193: 2 11 14 1 16 5 7 4 18 13 20 15 19 8 6 9 3 12 10 17 
student 194: 9 12 16 3 20 2 4 18 17 19 13 14 15 6 7 10 5 1 8 11 
student 195: 10 13 14 6 20 3 12 17 15 18 7 8 16 1 9 11 5 2 4 19 
student 196: 6 9 12 13 18 1 11 20 19 16 17 14 15 5 3 8 4 7 2 10 
student 197: 10 17 16 1 6 2 18 20 19 12 14 13 15 3 11 7 5 9 4 8 
student 198: 4 9 17 3 20 6 14 19 15 18 11 10 5 12 2 8 16 1 7 13 
student 199: 12 13 14 2 19 1 17 16 18 15 10 9 20 4 8 6 3 5 7 11 
student 200: 11 9 17 2 13 4 15 19 18 20 8 16 14 3 6 5 10 1 7 12 
student 201: 1 12 16 3 17 4 15 19 20 18 9 10 8 7 5 6 13 2 11 14 
student 202: 11 10 20 2 19 3 17 13 15 16 12 9 18 1 4 7 5 8 6 14 
student 203: 10 14 11 3 16 6 4 13 19 20 8 2 12 5 9 15 1 7 17 18 
student 204: 10 14 4 8 17 3 19 20 16 9 6 11 15 18 7 13 1 5 12 2 
student 205: 15 18 8 6 12 17 7 19 20 11 14 1 13 2 9 10 4 3 5 16 
student 206: 5 10 16 4 14 3 17 11 20 18 7 6 13 1 8 19 9 2 12 15 
student 207: 4 9 8 2 20 11 15 16 18 12 13 17 19 1 10 6 7 3 5 14 
student 208: 9 14 18 5 19 1 13 20 15 17 10 12 4 7 16 3 6 2 8 11 
student 209: 11 18 14 6 15 3 19 17 13 8 5 9 12 2 1 4 20 10 7 16 
student 210: 10 12 13 9 17 7 11 15 20 19 6 5 16 3 18 14 8 4 1 2 
student 211: 10 17 16 7 19 5 3 15 20 14 13 18 11 2 9 8 6 4 1 12 
student 212: 3 13 16 4 11 6 15 18 19 20 17 12 14 5 8 10 7 2 1 9 
student 213: 8 10 3 9 15 4 17 20 13 19 18 2 12 7 16 14 6 1 11 5 
student 214: 9 17 18 4 12 8 7 20 19 14 2 16 13 3 1 10 6 11 5 15 
student 215: 10 15 20 6 19 11 14 18 4 17 12 13 7 3 8 5 2 1 9 16 
student 216: 13 11 17 5 19 9 15 10 20 16 6 12 7 2 1 8 4 3 14 18 
student 217: 12 16 17 6 20 1 15 18 19 11 8 4 14 5 3 13 2 7 9 10 
student 218: 9 16 18 5 17 3 12 19 20 14 6 15 13 10 2 8 7 4 11 1 
student 219: 14 9 13 4 19 1 17 16 20 18 10 11 15 2 12 8 7 3 6 5 
student 220: 11 9 12 4 19 2 17 20 13 15 18 10 16 3 8 1 7 5 6 14 
student 221: 2 6 17 11 18 1 12 20 19 15 10 7 14 3 13 8 5 4 16 9 
student 222: 11 15 17 7 16 5 19 18 12 20 10 13 8 4 1 3 9 2 6 14 
student 223: 2 4 18 11 14 1 17 15 16 19 5 9 20 3 8 7 13 6 10 12 
student 224: 4 3 19 1 5 2 14 13 20 18 17 7 16 9 15 6 10 12 8 11 
student 225: 8 15 13 5 17 1 9 19 18 20 3 4 11 10 14 16 12 7 2 6 
student 226: 9 12 14 2 20 5 10 18 11 17 13 6 16 1 4 7 19 3 15 8 
student 227: 11 5 15 7 19 1 13 18 16 20 9 17 6 2 4 14 3 8 10 12 
student 228: 9 12 13 5 18 1 17 19 20 14 10 8 11 7 2 15 6 4 3 16 
student 229: 11 14 19 4 20 3 13 18 16 17 12 6 9 5 7 10 1 15 2 8 
student 230: 7 9 13 1 16 4 10 14 17 18 11 5 20 2 6 15 12 3 8 19 
student 231: 8 15 10 4 18 3 16 14 20 19 9 11 17 2 7 13 5 6 1 12 
student 232: 16 2 14 7 19 4 18 10 17 20 13 11 15 1 5 12 9 3 8 6 
student 233: 8 17 20 4 15 7 10 12 14 19 16 2 18 3 11 1 9 5 6 13 
student 234: 2 10 16 5 20 6 12 13 14 15 7 18 4 1 9 17 11 3 8 19 
student 235: 13 8 19 3 18 4 9 12 15 17 14 20 7 1 10 6 5 2 11 16 
student 236: 17 7 15 1 14 3 10 8 16 11 6 13 20 18 5 4 9 2 12 19 
student 237: 3 20 15 5 18 6 11 17 19 14 9 13 8 2 12 7 10 4 1 16 
student 238: 4 8 17 13 19 9 14 15 20 18 11 5 16 1 10 7 2 6 3 12 
student 239: 4 13 10 5 18 7 15 16 20 19 8 9 17 6 3 14 1 11 2 12 
student 240: 16 8 18 5 12 4 15 19 20 10 13 11 17 3 6 9 2 7 1 14 
student 241: 10 7 19 2 20 4 16 15 17 11 5 18 9 1 6 13 14 12 3 8 
student 242: 6 7 12 8 18 4 19 17 20 15 9 11 13 3 2 16 1 5 10 14 
student 243: 6 11 15 9 16 3 8 17 20 19 14 10 13 2 12 1 5 18 4 7 
student 244: 4 9 10 13 16 18 15 14 20 17 19 11 12 1 6 8 2 5 7 3 
student 245: 6 12 13 4 15 3 20 11 16 14 9 19 17 1 8 18 5 2 7 10 
student 246: 4 14 13 10 16 1 19 18 20 17 15 11 9 2 3 8 12 6 5 7 
student 247: 8 11 18 2 16 1 6 10 17 20 4 19 14 5 3 9 7 13 15 12 
student 248: 20 6 13 1 11 18 19 9 14 16 4 10 17 5 2 3 12 7 15 8 
student 249: 5 12 7 4 17 2 18 19 20 10 6 13 16 3 15 11 8 1 9 14 
student 250: 10 11 15 8 20 5 17 16 19 13 12 9 7 1 3 18 2 4 14 6 
student 251: 4 14 15 5 19 8 18 20 10 17 9 6 16 3 7 2 1 12 11 13 
student 252: 5 12 20 9 19 3 14 18 13 17 10 15 6 4 7 8 1 2 16 11 
student 253: 11 14 6 10 17 2 13 19 20 16 12 8 7 3 18 15 1 5 4 9 
student 254: 5 10 18 3 17 2 16 11 15 13 6 20 4 1 14 9 12 8 7 19 
student 255: 13 17 18 3 16 5 14 15 20 8 7 19 11 2 6 9 4 1 10 12 
student 256: 7 12 13 3 16 5 18 14 19 17 15 11 9 2 10 4 6 8 1 20 
student 257: 9 15 17 5 16 4 20 13 19 18 8 14 12 1 6 10 11 3 2 7 
student 258: 9 7 16 3 18 2 17 13 19 14 11 15 20 1 6 5 12 8 4 10 
student 259: 10 1 8 3 18 2 16 14 20 19 12 13 17 5 9 4 6 7 15 11 
student 260: 18 7 16 14 19 6 15 11 17 10 20 13 12 3 1 9 4 5 2 8 
student 261: 4 16 11 5 13 7 9 12 20 19 6 8 18 2 1 14 15 10 3 17 
student 262: 7 18 11 6 15 1 13 17 19 20 14 12 10 2 9 3 5 4 8 16 
student 263: 16 12 20 3 15 4 13 18 10 14 7 11 17 1 19 2 6 5 9 8 
student 264: 3 12 17 5 18 4 6 13 16 9 14 15 19 11 8 7 1 2 10 20 
student 265: 19 17 20 1 15 8 12 11 16 14 9 13 18 6 5 3 10 7 2 4 
student 266: 7 11 16 5 20 2 17 18 19 9 14 4 15 1 12 13 6 10 3 8 
student 267: 18 8 14 7 15 2 17 16 19 20 5 3 12 1 13 10 6 4 9 11 
student 268: 7 15 16 4 18 1 8 12 19 17 6 14 20 2 10 5 9 3 11 13 
student 269: 14 9 12 4 16 5 18 20 19 15 11 8 17 1 10 7 6 3 2 13 
student 270: 9 7 18 3 19 5 16 15 20 13 11 17 10 1 8 6 4 14 2 12 
student 271: 1 8 7 9 20 3 13 11 19 18 5 17 14 2 16 12 6 4 15 10 
student 272: 7 10 12 8 16 5 19 15 20 14 11 13 17 3 4 6 1 2 9 18 
student 273: 12 11 14 5 15 3 19 20 18 17 8 13 16 1 10 9 7 2 6 4 
student 274: 4 5 13 12 14 6 17 1 20 18 10 9 16 2 8 15 11 3 7 19 
student 275: 11 9 20 4 19 16 5 18 13 10 7 14 17 3 12 6 8 15 1 2 
student 276: 7 4 5 11 17 3 16 19 20 14 10 13 18 1 8 12 6 2 9 15 
student 277: 8 1 16 12 19 4 14 17 15 11 10 13 18 2 20 7 3 5 6 9 
student 278: 13 10 19 5 11 3 17 15 20 18 8 9 16 1 7 6 2 14 4 12 
student 279: 17 7 19 1 3 5 20 16 14 6 15 13 18 4 11 12 9 2 10 8 
student 280: 7 9 14 5 17 2 12 18 20 19 8 13 10 4 16 11 3 1 6 15 
student 281: 6 13 12 4 16 5 2 15 18 19 8 9 20 14 10 11 3 7 1 17 
student 282: 12 11 13 3 20 4 15 17 16 19 1 9 14 7 5 6 2 8 10 18 
student 283: 20 15 19 5 14 9 12 17 16 2 10 13 11 4 8 7 1 3 6 18 
student 284: 13 14 3 9 17 2 15 20 19 16 10 6 18 7 11 4 1 5 8 12 
student 285: 8 12 19 2 20 1 16 15 17 18 4 5 14 11 9 6 10 7 3 13 
student 286: 16 12 15 5 20 4 7 19 17 13 1 10 14 2 9 6 3 8 11 18 
student 287: 11 12 8 10 14 1 18 20 16 15 2 17 13 5 9 4 7 6 3 19 
student 288: 8 16 17 5 19 3 18 20 13 10 14 9 15 2 11 7 6 1 4 12 
student 289: 12 17 15 3 20 7 13 18 16 11 8 9 14 2 19 6 5 1 4 10 
student 290: 6 18 15 11 19 2 9 16 17 20 14 7 12 3 5 10 4 1 8 13 
student 291: 8 13 11 3 16 6 19 20 17 18 5 14 7 1 15 9 12 2 10 4 
student 292: 10 16 1 12 18 2 6 14 15 20 4 7 19 11 9 8 3 5 17 13 
student 293: 10 17 18 5 19 1 3 15 20 12 14 11 13 8 4 9 2 7 6 16 
student 294: 12 13 6 4 14 1 7 20 19 18 15 5 17 3 11 2 8 9 10 16 
student 295: 5 2 11 9 14 1 17 20 16 8 18 13 15 12 19 7 6 10 4 3 
student 296: 8 10 13 9 18 1 15 20 16 17 4 14 11 2 6 12 3 5 7 19 
student 297: 8 11 15 5 17 1 7 18 19 13 20 16 2 9 6 3 12 4 10 14 
student 298: 10 4 15 7 18 3 16 17 19 20 12 11 5 2 13 8 6 1 9 14 
student 299: 10 8 13 6 20 1 19 14 15 18 7 17 16 2 3 9 4 5 11 12 
student 300: 8 12 13 2 18 11 15 20 17 16 19 6 14 3 7 4 9 5 10 1 
student 301: 14 7 10 18 20 3 15 16 13 19 8 17 12 4 6 11 9 5 2 1 
student 302: 8 14 15 4 18 2 19 11 17 6 12 5 16 1 13 10 3 7 9 20 
student 303: 6 7 17 12 16 3 14 20 18 19 1 10 11 2 8 15 13 4 5 9 
student 304: 17 11 16 5 12 13 4 15 20 19 2 9 18 1 8 3 7 6 10 14 
student 305: 7 15 16 2 17 4 9 20 19 14 11 10 18 12 13 5 1 6 3 8 
student 306: 6 11 17 15 12 7 13 16 14 10 8 19 20 1 3 5 2 4 9 18 
student 307: 8 16 9 1 20 4 15 18 17 11 10 19 14 3 12 6 5 2 7 13 
student 308: 13 10 20 3 16 9 4 17 18 15 11 12 19 1 2 5 7 8 6 14 
student 309: 5 18 12 6 14 3 17 20 10 16 8 9 13 1 15 7 4 2 11 19 
student 310: 9 19 10 1 17 6 13 20 18 14 15 12 16 4 8 5 7 11 2 3 
student 311: 5 12 1 7 20 4 16 19 17 15 8 18 11 3 13 14 10 2 6 9 
student 312: 13 10 12 7 19 4 20 14 17 16 6 18 3 2 1 9 8 5 15 11 
student 313: 11 4 20 5 15 1 8 17 19 9 12 14 18 2 6 16 10 3 7 13 
student 314: 13 5 20 6 16 3 12 19 14 18 15 4 17 1 8 9 7 10 2 11 
student 315: 6 12 17 14 19 3 9 15 13 20 5 18 10 1 8 2 7 4 11 16 
student 316: 11 9 19 5 17 3 12 15 16 7 1 13 20 2 8 14 4 10 6 18 
student 317: 11 7 6 3 17 1 19 20 18 16 14 12 15 4 9 8 2 5 10 13 
student 318: 12 10 6 16 19 4 17 20 2 18 8 9 13 1 7 14 3 5 15 11 
student 319: 14 11 18 3 17 8 13 19 20 16 6 9 15 1 10 2 5 4 7 12 
student 320: 14 11 9 1 20 6 10 18 17 13 12 15 16 3 8 5 4 2 7 19 
student 321: 8 13 12 3 14 16 4 19 18 15 9 11 20 2 10 7 5 1 6 17 
student 322: 4 13 10 3 19 5 16 15 20 17 8 14 18 1 11 12 2 7 6 9 
student 323: 10 8 15 7 20 4 14 18 19 17 5 12 16 2 6 9 13 3 1 11 
student 324: 2 10 18 4 20 8 19 16 17 9 13 14 6 3 12 1 11 7 5 15 
student 325: 15 8 19 4 18 2 13 17 20 16 12 7 9 5 10 14 6 1 3 11 
student 326: 9 20 17 11 18 2 14 19 16 15 5 12 7 4 10 3 8 6 1 13 
student 327: 8 12 20 6 19 3 14 18 16 17 11 10 9 1 13 7 5 2 4 15 
student 328: 12 5 20 9 17 8 2 14 19 18 15 11 13 16 10 3 6 4 1 7 
student 329: 7 12 17 2 19 6 13 18 9 20 11 8 16 3 14 1 10 5 15 4 
student 330: 12 11 20 5 18 3 10 16 19 13 9 6 17 15 8 1 4 2 7 14 
student 331: 5 12 20 3 17 7 13 18 16 15 10 11 14 1 9 2 6 8 4 19 
student 332: 4 18 12 5 16 3 14 15 20 19 7 10 13 6 2 8 1 17 9 11 
student 333: 9 15 12 14 18 5 20 16 19 10 6 13 17 8 4 11 1 2 3 7 
student 334: 12 4 20 5 19 1 13 18 14 16 7 10 15 2 9 8 6 11 3 17 
student 335: 15 4 16 10 19 2 17 18 20 13 11 12 7 5 14 9 3 1 8 6 
student 336: 17 5 15 9 19 4 18 14 16 20 6 11 13 1 10 3 12 2 7 8 
student 337: 5 15 16 4 19 2 18 11 20 10 13 8 17 6 12 9 1 3 7 14 
student 338: 9 12 15 3 17 1 14 16 18 13 8 10 20 2 5 19 11 4 6 7 
student 339: 5 14 17 12 15 2 19 10 20 9 8 18 11 1 4 16 6 3 13 7 
student 340: 10 9 14 6 20 2 16 18 19 17 11 13 7 8 3 1 5 4 12 15 
student 341: 18 14 15 13 16 2 8 20 17 19 7 10 11 4 3 12 1 9 5 6 
student 342: 10 8 15 2 17 1 18 11 12 19 6 20 16 4 5 7 3 9 13 14 
student 343: 18 15 13 5 20 3 12 16 19 11 14 6 17 2 4 9 7 1 8 10 
student 344: 8 13 15 2 17 3 6 19 18 20 12 9 14 1 7 16 11 5 4 10 
student 345: 3 8 12 10 20 6 5 19 18 17 4 11 15 1 9 13 2 7 16 14 
student 346: 14 3 15 8 16 1 11 17 20 18 7 12 9 2 13 6 4 5 10 19 
student 347: 7 17 9 1 16 6 20 11 19 10 8 18 15 12 2 14 4 5 3 13 
student 348: 10 12 18 2 20 3 14 16 15 6 8 11 19 1 13 7 4 5 9 17 
student 349: 2 19 14 7 16 8 17 20 13 9 11 12 18 1 6 15 5 4 3 10 
student 350: 14 8 11 6 16 2 10 19 20 12 9 17 18 1 13 5 7 3 4 15 
student 351: 12 20 14 5 17 1 15 16 19 18 4 9 13 2 10 11 6 3 8 7 
student 352: 5 6 14 9 18 1 17 19 7 8 16 20 11 4 15 10 13 3 2 12 
student 353: 8 13 14 10 20 3 16 18 19 17 12 4 15 2 9 6 1 5 7 11 
student 354: 9 5 20 3 15 4 17 19 16 18 14 12 13 1 10 11 6 8 7 2 
student 355: 11 20 14 8 13 2 19 17 15 16 7 6 18 1 4 9 12 3 5 10 
student 356: 20 11 15 6 18 1 12 5 16 19 4 10 8 7 9 13 17 3 2 14 
student 357: 7 17 16 2 19 6 11 18 13 20 14 1 8 3 15 4 5 9 12 10 
student 358: 4 9 18 15 19 1 16 12 20 17 7 13 11 2 5 10 6 3 8 14 
student 359: 3 15 18 6 20 1 10 19 16 17 14 13 12 4 11 5 2 9 7 8 
student 360: 7 9 14 3 16 1 11 19 20 18 17 10 8 4 15 5 2 13 12 6 
student 361: 2 11 20 5 17 3 18 15 16 12 6 13 14 4 19 7 10 1 9 8 
student 362: 14 8 18 5 20 15 17 12 19 13 16 9 11 2 6 4 1 7 3 10 
student 363: 7 11 19 6 18 13 8 16 15 20 5 12 17 10 4 2 1 14 3 9 
student 364: 10 19 14 6 18 3 12 16 20 17 11 13 15 1 8 9 5 4 7 2 
student 365: 1 7 20 4 18 2 10 19 17 15 16 12 13 8 9 6 14 3 5 11 
student 366: 7 17 20 4 12 2 14 19 6 18 10 11 13 3 1 8 16 5 9 15 
student 367: 17 7 9 3 16 6 19 18 20 13 8 12 15 1 4 14 10 2 5 11 
student 368: 9 15 14 1 7 3 17 19 20 18 16 11 10 5 8 4 13 2 6 12 
student 369: 5 14 12 1 20 16 13 7 19 17 8 11 18 3 9 4 2 10 6 15 
student 370: 8 9 12 2 15 4 17 18 20 19 14 10 16 5 1 3 6 11 7 13 
student 371: 7 11 15 2 20 1 13 16 19 4 18 9 14 3 12 6 8 10 5 17 
student 372: 12 9 19 2 20 1 18 17 16 10 8 11 13 5 3 6 4 7 14 15 
student 373: 4 10 15 5 13 6 17 20 19 8 12 11 16 3 14 9 1 2 7 18 
student 374: 8 16 13 4 19 3 9 11 15 17 14 12 20 2 6 7 1 5 10 18 
student 375: 7 15 14 8 20 6 10 17 19 16 11 13 18 1 5 9 2 3 4 12 
student 376: 13 10 9 7 17 1 11 16 20 14 8 6 19 4 12 2 15 5 3 18 
student 377: 8 9 18 1 17 5 16 19 20 14 11 15 13 4 12 7 3 2 6 10 
student 378: 10 8 18 15 17 4 12 19 20 14 16 5 9 2 7 3 11 1 6 13 
student 379: 13 11 14 2 20 4 17 18 19 16 3 15 9 1 10 7 8 6 5 12 
student 380: 9 12 14 6 20 3 2 18 17 19 15 10 16 1 11 5 7 4 8 13 
student 381: 6 13 18 8 17 5 10 14 20 19 1 11 15 2 16 7 12 4 3 9 
student 382: 10 9 14 4 20 8 15 12 18 17 16 5 19 2 7 11 13 1 6 3 
student 383: 9 15 14 5 13 12 18 19 20 10 11 7 16 2 1 3 8 4 6 17 
student 384: 19 10 16 7 15 4 14 18 20 11 9 1 13 2 5 6 8 17 3 12 
student 385: 7 15 12 4 18 2 9 17 19 20 14 11 10 3 8 6 13 5 1 16 
student 386: 9 20 13 16 19 2 12 15 17 5 8 11 18 3 10 4 6 7 1 14 
student 387: 5 12 20 4 16 1 13 15 18 19 8 9 17 14 11 6 2 3 7 10 
student 388: 4 19 16 6 18 7 9 15 20 11 12 14 17 3 13 8 10 2 1 5 
student 389: 12 10 15 6 18 8 19 20 2 13 14 11 7 5 16 4 9 3 1 17 
student 390: 13 15 5 8 19 2 9 20 7 11 4 16 3 10 12 14 17 6 1 18 
student 391: 5 6 16 1 13 11 20 14 19 17 12 7 18 10 9 4 2 3 8 15 
student 392: 2 13 16 6 20 4 15 17 12 19 11 18 14 9 10 7 3 5 1 8 
student 393: 11 15 20 8 13 6 10 19 18 16 5 17 14 2 4 12 3 1 9 7 
student 394: 2 12 19 11 20 3 14 18 8 16 15 9 17 5 6 10 4 7 1 13 
student 395: 7 12 10 6 15 8 14 19 20 18 9 16 17 2 5 4 1 3 11 13 
student 396: 5 10 13 6 15 4 12 20 16 18 8 11 19 3 7 14 17 1 2 9 
student 397: 10 15 12 1 19 4 16 20 17 18 5 9 11 2 7 8 3 13 6 14 
student 398: 17 14 9 4 19 2 7 16 1 18 8 20 12 3 10 6 11 15 5 13 
student 399: 5 10 19 4 18 2 8 13 17 12 16 15 11 14 7 9 3 1 6 20 
student 400: 12 14 17 7 16 6 15 13 19 18 9 4 10 5 11 8 1 3 2 20 
student 401: 17 15 9 8 18 4 16 20 19 12 10 5 11 1 2 7 3 6 14 13 
student 402: 9 14 16 7 15 1 19 18 20 10 3 12 17 5 6 13 4 2 8 11 
student 403: 9 12 15 8 20 3 5 19 18 16 2 14 17 1 7 11 6 4 10 13 
student 404: 1 13 7 11 14 5 6 20 18 8 10 4 17 3 19 9 12 2 15 16 
student 405: 19 10 11 3 13 2 12 17 16 15 20 9 8 1 7 6 4 5 14 18 
student 406: 14 9 10 5 8 11 16 18 19 15 4 7 20 1 3 2 6 12 17 13 
student 407: 8 14 13 6 18 2 19 16 20 12 11 5 15 1 17 9 7 4 3 10 
student 408: 8 10 16 2 18 1 15 20 17 19 13 11 14 5 6 7 12 4 3 9 
student 409: 5 6 19 4 20 2 15 12 18 14 8 11 16 1 3 10 7 9 13 17 
student 410: 2 20 18 8 14 6 19 15 5 12 13 4 17 7 11 1 9 10 3 16 
student 411: 16 7 15 4 13 18 10 17 20 12 14 6 3 1 19 2 9 8 11 5 
student 412: 15 8 13 1 17 6 14 19 20 9 3 11 12 2 4 18 10 5 7 16 
student 413: 8 18 14 4 15 6 10 19 20 17 9 16 11 3 12 7 2 1 5 13 
student 414: 7 18 8 11 20 3 13 19 16 17 9 15 10 2 6 5 14 4 1 12 
student 415: 11 10 16 2 6 3 12 14 20 19 15 7 17 1 9 8 5 13 4 18 
student 416: 11 9 18 6 14 10 7 17 13 19 4 3 15 2 8 12 1 5 20 16 
student 417: 11 18 19 8 16 4 17 10 14 20 2 12 7 1 9 15 5 6 3 13 
student 418: 11 12 17 9 19 1 13 16 18 15 6 20 10 5 4 8 2 7 3 14 
student 419: 14 8 15 6 19 4 13 17 20 16 9 10 11 1 2 18 7 3 12 5 
student 420: 9 3 15 4 20 1 16 17 13 18 10 14 19 5 11 8 6 7 2 12 
student 421: 7 20 16 6 17 2 12 15 19 18 10 13 14 1 9 11 4 5 8 3 
student 422: 4 7 12 5 2 9 17 18 19 20 8 14 13 3 11 10 1 6 15 16 
student 423: 5 15 14 4 18 6 10 20 12 19 8 3 13 1 11 2 7 9 16 17 
student 424: 7 13 11 8 18 2 19 16 20 15 10 12 17 1 4 3 9 5 6 14 
student 425: 16 15 14 4 20 1 10 19 18 12 3 8 13 11 9 17 5 2 6 7 
student 426: 9 10 5 12 16 1 19 17 20 13 14 7 15 2 18 4 6 3 8 11 
student 427: 10 13 15 2 17 8 14 19 20 16 12 4 18 3 11 6 5 1 9 7 
student 428: 10 15 9 2 19 1 13 17 18 20 12 14 8 7 6 11 3 4 5 16 
student 429: 12 17 5 13 16 4 15 20 19 18 6 10 11 2 9 8 7 3 1 14 
student 430: 10 9 18 1 16 3 11 17 20 15 14 13 19 2 7 5 12 6 4 8 
student 431: 12 10 16 6 20 2 9 19 18 14 15 13 7 5 11 8 3 1 4 17 
student 432: 10 16 18 7 19 1 12 17 13 20 3 11 5 2 14 9 6 15 4 8 
student 433: 16 11 18 1 20 2 15 13 17 19 8 7 10 4 9 6 3 5 14 12 
student 434: 16 14 17 6 12 3 8 18 20 19 13 15 2 1 5 9 10 4 7 11 
student 435: 5 12 15 2 13 1 18 16 17 19 14 7 9 3 10 4 11 6 8 20 
student 436: 17 10 15 2 18 4 14 13 19 20 9 3 16 1 12 7 6 8 11 5 
student 437: 13 7 5 2 17 3 19 12 16 20 9 11 6 14 10 15 8 1 4 18 
student 438: 1 9 14 7 20 3 10 19 13 18 15 11 17 2 6 4 12 5 8 16 
student 439: 7 12 13 8 16 1 18 17 20 15 10 11 19 2 14 9 4 3 5 6 
student 440: 10 20 16 12 19 3 13 15 14 9 6 18 7 1 17 4 5 2 11 8 
student 441: 12 15 8 10 17 2 3 13 19 16 6 4 20 1 14 5 9 7 11 18 
student 442: 6 16 17 7 18 3 15 20 19 12 14 10 5 1 2 9 13 4 8 11 
student 443: 6 13 16 5 19 2 12 17 18 8 10 7 20 1 11 3 9 4 15 14 
student 444: 6 7 18 5 20 12 15 17 19 16 10 11 13 14 4 2 9 3 1 8 
student 445: 11 13 20 7 16 2 12 19 17 10 15 5 8 6 1 3 9 14 4 18 
student 446: 9 17 11 2 20 1 10 18 19 15 14 5 16 6 13 4 8 7 3 12 
student 447: 3 18 12 5 20 4 16 13 17 19 7 10 9 1 11 8 6 2 15 14 
student 448: 14 6 15 7 16 5 18 17 20 13 12 19 9 2 3 10 8 4 1 11 
student 449: 7 4 11 3 20 16 12 19 10 17 13 15 14 5 9 18 1 8 2 6 
student 450: 17 9 10 1 19 2 11 13 20 18 4 5 12 3 16 7 6 8 14 15 
student 451: 14 3 11 4 17 5 6 16 20 18 15 12 19 2 13 10 1 7 9 8 
student 452: 9 6 17 7 20 5 4 12 18 15 14 8 10 1 19 2 13 11 3 16 
student 453: 6 15 9 13 18 2 19 16 17 20 5 11 14 10 8 1 3 4 7 12 
student 454: 10 7 18 6 8 19 17 20 1 16 13 12 15 4 3 9 5 14 2 11 
student 455: 7 1 11 2 15 4 16 10 19 20 5 9 13 14 8 17 6 12 3 18 
student 456: 7 10 17 2 16 1 15 13 18 14 19 11 12 3 5 9 8 6 4 20 
student 457: 17 10 20 3 18 1 14 13 19 7 11 12 16 2 9 6 8 4 5 15 
student 458: 10 13 16 2 17 1 14 19 20 18 8 9 12 7 11 5 4 3 6 15 
student 459: 3 16 17 4 19 1 12 13 20 18 10 11 8 2 14 9 5 6 7 15 
student 460: 15 9 3 11 19 4 20 13 18 17 8 16 10 1 6 7 5 2 14 12 
student 461: 8 9 13 2 20 1 15 19 18 16 12 10 17 7 14 6 3 11 4 5 
student 462: 10 11 13 4 18 5 17 20 15 16 12 3 14 2 9 8 6 1 7 19 
student 463: 12 9 17 10 16 2 18 20 19 6 11 8 13 1 5 7 3 4 14 15 
student 464: 9 18 15 4 17 3 20 19 5 16 10 13 6 1 14 7 11 2 8 12 
student 465: 6 9 20 10 19 4 15 11 16 17 18 13 12 5 8 14 2 1 3 7 
student 466: 17 12 16 6 18 3 19 14 20 13 7 8 11 1 4 9 2 10 5 15 
student 467: 9 13 16 2 17 3 14 19 20 18 8 11 7 1 12 10 5 4 6 15 
student 468: 13 10 19 2 18 4 20 14 17 16 3 5 11 12 8 7 1 9 6 15 
student 469: 6 13 18 9 7 8 12 15 20 19 14 11 16 4 3 10 1 2 5 17 
student 470: 8 9 16 7 20 4 15 13 19 18 12 11 14 1 3 5 10 2 6 17 
student 471: 15 17 10 8 11 3 14 16 18 20 13 4 5 1 7 9 12 2 6 19 
student 472: 6 11 15 13 20 5 14 17 19 8 10 16 18 7 3 2 9 12 1 4 
student 473: 12 13 19 7 20 2 18 10 11 16 15 6 14 4 5 8 9 3 1 17 
student 474: 10 18 16 4 20 1 13 17 19 14 9 11 12 2 8 7 5 3 6 15 
student 475: 13 15 19 4 12 7 17 18 20 8 11 6 14 1 9 2 10 3 5 16 
student 476: 8 9 13 1 20 2 11 16 15 17 7 6 18 4 14 19 3 12 5 10 
student 477: 14 8 20 9 16 4 12 15 17 19 6 11 10 3 5 1 7 2 13 18 
student 478: 3 15 2 1 20 10 13 19 18 17 11 14 16 6 4 7 9 5 12 8 
student 479: 9 14 19 5 11 2 12 20 13 18 16 10 17 1 7 8 6 4 3 15 
student 480: 6 15 11 14 19 1 12 16 13 20 7 9 17 3 2 8 5 10 4 18 
student 481: 9 8 13 5 16 3 15 20 19 18 7 10 12 2 17 6 4 1 11 14 
student 482: 13 3 15 1 19 14 12 20 16 18 5 6 10 2 8 11 4 9 7 17 
student 483: 13 1 15 2 8 4 20 18 17 12 10 9 19 14 6 11 5 7 3 16 
student 484: 5 15 12 2 9 4 18 16 20 7 13 19 14 1 8 6 17 3 11 10 
student 485: 18 10 12 9 13 2 20 19 14 6 8 16 15 4 5 7 17 1 3 11 
student 486: 3 15 7 10 13 2 4 17 18 16 5 19 11 6 14 1 12 9 20 8 
student 487: 10 11 9 1 5 6 14 17 19 18 20 15 16 7 8 4 2 13 3 12 
student 488: 10 16 20 5 14 4 15 12 17 19 9 11 13 2 8 6 1 3 7 18 
student 489: 3 14 17 4 19 11 10 18 20 16 15 8 12 2 7 9 13 1 5 6 
student 490: 6 15 18 7 19 5 20 16 17 14 11 9 13 8 10 4 1 2 3 12 
student 491: 10 4 5 9 18 6 19 16 13 20 2 8 14 15 12 7 1 3 17 11 
student 492: 9 13 15 14 20 5 16 17 18 11 6 10 12 2 8 3 7 1 4 19 
student 493: 8 15 10 4 17 2 14 7 12 18 19 20 9 1 3 11 6 16 5 13 
student 494: 8 10 12 7 19 1 20 16 15 18 2 17 13 11 3 4 5 6 9 14 
student 495: 6 18 16 5 20 7 10 19 17 15 11 12 13 1 8 3 14 2 4 9 
student 496: 1 20 18 4 10 14 12 11 19 13 15 8 9 7 6 17 5 3 2 16 
student 497: 9 15 11 12 14 4 20 17 19 10 8 13 16 3 6 2 18 5 1 7 
student 498: 3 13 4 8 19 1 18 15 20 14 7 9 17 2 10 6 12 11 5 16 
student 499: 8 11 10 3 12 2 20 17 14 19 9 13 18 5 6 15 4 1 7 16 
student 500: 10 5 8 18 14 4 6 7 15 19 16 20 1 2 17 13 12 3 11 9 
student 501: 18 9 12 6 17 5 16 13 20 19 4 11 14 3 10 7 1 2 8 15 
student 502: 3 15 13 7 20 5 17 19 16 18 1 12 8 11 10 2 4 6 9 14 
student 503: 4 17 18 1 11 8 14 20 19 7 9 10 16 2 13 5 15 3 6 12 
student 504: 7 16 19 10 18 2 11 17 15 20 4 13 14 1 3 8 6 12 9 5 
student 505: 5 9 10 2 13 6 12 20 19 14 15 16 17 3 7 11 1 8 4 18 
student 506: 11 9 15 4 20 10 17 16 12 19 7 18 6 5 14 3 8 2 1 13 
student 507: 13 8 18 6 17 5 7 16 19 20 4 10 15 3 11 9 12 1 2 14 
student 508: 9 11 20 6 16 5 19 17 18 10 15 13 14 1 3 12 2 4 8 7 
student 509: 3 10 12 11 17 18 20 19 6 15 9 8 16 1 14 7 5 2 4 13 
student 510: 13 6 20 9 15 12 17 10 19 18 8 3 16 4 5 2 1 7 11 14 
student 511: 2 9 14 11 18 3 10 19 16 20 8 17 6 1 5 13 4 7 12 15 
student 512: 5 10 12 1 16 3 19 18 20 17 4 11 14 13 8 7 6 9 2 15 
student 513: 1 18 14 4 17 2 15 20 19 12 10 11 16 9 13 7 3 5 8 6 
student 514: 17 11 20 7 18 3 19 13 15 16 9 10 12 4 5 2 14 6 8 1 
student 515: 7 11 13 4 20 3 12 15 17 19 9 18 14 1 8 5 10 6 2 16 
student 516: 8 11 17 2 16 3 9 18 20 19 12 10 15 1 4 7 6 5 13 14 
student 517: 15 11 13 3 10 2 18 19 20 17 12 16 14 1 8 9 7 4 5 6 
student 518: 3 8 18 2 19 4 15 17 20 9 10 14 12 1 5 16 11 6 7 13 
student 519: 4 6 20 8 18 1 15 10 19 11 3 9 12 13 16 14 7 5 2 17 
student 520: 7 3 17 2 18 4 16 19 20 13 15 9 14 1 6 8 12 11 5 10 
student 521: 11 19 10 7 17 2 13 12 18 15 6 4 20 3 9 8 16 1 5 14 
student 522: 13 10 16 4 20 5 14 19 12 18 2 17 9 3 15 11 7 1 8 6 
student 523: 12 14 16 5 19 2 10 17 20 18 3 13 11 4 7 8 6 1 9 15 
student 524: 14 6 15 4 17 3 7 13 18 16 5 20 19 1 10 11 9 2 8 12 
student 525: 12 10 17 1 20 2 14 16 13 19 8 9 15 7 4 5 6 3 11 18 
student 526: 8 16 5 2 18 1 13 14 20 17 11 19 12 3 9 10 4 6 7 15 
student 527: 4 17 14 3 6 1 13 16 20 18 19 12 7 9 2 10 8 11 5 15 
student 528: 7 10 6 13 19 1 18 15 16 20 8 14 12 4 11 17 5 2 3 9 
student 529: 10 14 3 6 18 5 15 20 17 19 12 13 11 2 8 9 4 7 1 16 
student 530: 9 15 11 5 19 3 14 16 17 18 8 2 20 1 13 7 4 6 10 12 
student 531: 10 8 17 2 15 6 19 18 16 20 7 12 11 5 13 3 1 9 4 14 
student 532: 12 20 15 3 9 7 13 18 5 19 2 14 8 6 17 1 11 4 16 10 
student 533: 14 11 15 9 19 3 10 18 20 17 5 6 12 2 1 4 8 13 7 16 
student 534: 12 15 18 6 7 3 16 19 13 20 9 14 17 2 10 4 8 1 5 11 
student 535: 4 7 9 11 18 2 15 20 19 14 13 8 16 1 17 10 6 3 5 12 
student 536: 6 13 16 11 14 4 8 17 20 19 9 7 12 2 10 15 5 3 1 18 
student 537: 19 5 9 2 15 7 13 20 11 18 14 6 17 1 10 3 12 4 8 16 
student 538: 3 9 15 5 14 1 17 19 20 18 8 12 16 4 11 7 6 2 10 13 
student 539: 14 5 6 3 19 1 15 13 17 18 20 16 11 10 7 9 8 2 4 12 
student 540: 5 17 16 4 13 2 9 20 19 11 14 8 12 1 7 10 3 6 15 18 
student 541: 11 18 20 3 13 7 19 14 17 16 8 10 5 9 4 6 2 12 1 15 
student 542: 9 13 10 2 20 5 16 19 18 17 7 12 8 1 15 4 14 3 6 11 
student 543: 1 16 20 9 17 2 12 13 18 19 4 14 5 3 15 8 6 10 11 7 
student 544: 9 7 13 6 17 1 12 18 19 16 4 8 15 14 11 10 3 2 5 20 
student 545: 4 15 1 2 20 11 17 16 18 19 10 14 13 6 3 8 12 7 5 9 
student 546: 6 12 10 4 16 2 14 15 18 17 8 13 20 1 7 11 9 3 5 19 
student 547: 7 9 16 11 17 8 14 13 20 18 15 19 2 3 10 4 5 1 12 6 
student 548: 1 18 10 16 9 5 19 15 20 17 7 12 14 3 6 11 2 8 4 13 
student 549: 6 13 18 4 19 2 17 20 15 10 16 12 8 5 11 1 14 3 7 9 
student 550: 11 7 16 6 18 3 12 17 19 8 13 5 15 2 9 20 4 1 10 14 
student 551: 5 11 18 4 20 6 15 13 19 16 9 17 12 2 3 10 7 8 1 14 
student 552: 12 18 11 5 9 1 13 15 20 16 17 19 14 4 6 10 7 2 3 8 
student 553: 14 8 12 2 5 7 18 20 9 15 16 13 19 3 10 11 6 4 1 17 
student 554: 14 10 15 2 12 1 19 17 20 18 8 13 16 4 7 11 9 3 5 6 
student 555: 6 12 10 8 13 2 7 19 20 18 11 4 9 1 15 3 14 16 5 17 
student 556: 10 19 20 3 14 5 17 2 18 12 11 7 9 1 15 4 13 8 6 16 
student 557: 13 12 14 1 19 2 15 6 20 16 9 11 18 4 8 10 3 5 7 17 
student 558: 1 11 20 6 15 3 13 18 19 14 4 16 17 2 12 10 7 5 9 8 
student 559: 9 20 10 4 18 8 15 16 14 7 11 17 13 1 19 5 2 3 6 12 
student 560: 20 6 15 1 18 4 16 11 19 17 14 7 13 8 2 10 3 9 12 5 
student 561: 11 13 10 1 20 2 17 19 16 18 14 7 15 4 3 5 9 6 8 12 
student 562: 7 14 13 2 18 1 20 12 15 19 10 9 16 3 8 4 6 5 11 17 
student 563: 5 7 18 9 12 1 14 20 11 16 15 10 17 3 4 2 6 19 8 13 
student 564: 6 11 16 3 20 1 12 19 17 15 8 13 14 7 9 5 4 2 10 18 
student 565: 19 12 9 2 18 10 13 11 14 17 20 8 6 1 4 7 5 3 16 15 
student 566: 9 10 16 15 19 3 20 18 17 14 6 4 12 1 11 8 7 5 2 13 
student 567: 3 14 16 10 20 2 17 15 12 18 1 8 6 5 9 11 7 4 13 19 
student 568: 4 15 16 9 11 8 18 19 12 20 3 10 6 1 2 13 7 5 14 17 
student 569: 17 8 9 4 18 5 12 19 20 16 2 10 13 3 1 11 6 14 7 15 
student 570: 9 11 20 5 14 3 18 15 17 19 13 12 7 1 16 6 2 4 8 10 
student 571: 11 9 14 2 20 6 19 17 18 15 8 16 12 1 10 13 4 5 3 7 
student 572: 11 8 5 3 15 2 18 10 19 20 13 17 16 1 4 9 7 12 6 14 
student 573: 13 15 17 4 20 8 12 19 16 14 9 6 5 1 7 2 10 3 11 18 
student 574: 10 15 17 6 12 3 18 20 19 16 8 13 11 2 9 5 4 1 7 14 
student 575: 9 12 17 2 18 1 11 15 19 14 13 20 16 3 10 6 4 8 7 5 
student 576: 8 14 16 3 20 6 17 18 15 19 2 12 10 1 11 5 13 7 4 9 
student 577: 12 16 10 2 20 1 18 15 17 19 13 8 14 3 5 9 7 4 6 11 
student 578: 11 10 17 5 15 1 16 18 20 19 12 7 14 8 6 4 9 2 3 13 
student 579: 6 11 19 8 16 2 15 13 17 20 14 7 18 1 12 3 10 4 9 5 
student 580: 10 11 17 7 13 1 18 15 16 9 6 19 20 4 12 3 14 8 2 5 
student 581: 9 5 17 3 19 2 12 20 18 16 6 14 15 1 8 13 4 7 10 11 
student 582: 4 13 15 2 20 7 11 18 19 16 9 12 1 5 14 8 10 17 3 6 
student 583: 17 18 14 7 13 2 16 20 15 3 9 10 19 4 12 8 1 5 11 6 
student 584: 6 19 11 8 20 3 9 18 14 17 12 16 5 2 1 15 7 4 10 13 
student 585: 12 14 20 2 19 3 10 15 18 17 11 13 16 1 9 8 4 7 6 5 
student 586: 4 7 16 12 18 1 20 15 10 19 11 17 13 8 9 5 3 2 6 14 
student 587: 11 7 13 12 5 4 18 19 20 16 17 9 15 3 2 8 1 10 6 14 
student 588: 7 15 14 3 17 2 19 13 18 16 12 5 20 6 4 10 1 9 8 11 
student 589: 5 7 15 6 16 3 17 20 19 13 10 14 18 1 8 12 9 2 4 11 
student 590: 9 12 18 6 20 4 16 14 19 13 8 11 17 5 7 10 2 1 3 15 
student 591: 5 18 16 4 17 1 13 20 14 19 15 9 12 6 3 11 10 8 2 7 
student 592: 17 10 15 2 11 4 8 19 16 20 13 18 7 1 14 3 9 6 5 12 
student 593: 11 19 12 7 16 5 14 15 18 9 10 13 20 2 8 17 4 6 3 1 
student 594: 17 2 8 9 12 6 11 16 20 15 4 13 10 1 14 19 18 7 3 5 
student 595: 16 13 20 9 11 5 19 8 18 17 15 6 12 10 3 7 1 2 4 14 
student 596: 12 13 20 8 19 2 11 18 14 17 5 16 7 6 15 3 4 1 10 9 
student 597: 19 17 7 3 15 4 18 16 20 10 13 11 12 1 6 9 2 5 8 14 
student 598: 3 4 8 6 14 5 16 19 20 9 17 12 13 1 11 18 7 2 10 15 
student 599: 13 12 14 4 20 2 17 19 18 15 9 10 16 7 5 1 6 3 11 8 
student 600: 10 9 15 4 17 1 16 19 18 20 12 14 13 3 8 6 7 2 5 11 
student 601: 5 12 16 3 17 2 18 15 20 19 6 9 13 4 11 10 8 1 7 14 
student 602: 7 6 11 2 20 1 19 16 18 13 14 12 15 8 5 17 10 3 4 9 
student 603: 10 11 17 16 18 3 20 6 12 15 14 13 19 2 5 9 1 7 8 4 
student 604: 7 12 19 1 17 8 14 13 20 15 9 10 18 3 2 11 5 4 6 16 
student 605: 9 10 12 4 11 6 8 19 18 20 2 15 7 3 5 16 14 1 13 17 
student 606: 9 7 5 11 18 17 15 19 16 20 14 12 13 4 1 6 8 2 3 10 
student 607: 11 3 15 2 20 6 13 14 19 16 18 17 12 8 4 9 5 10 1 7 
student 608: 14 11 16 6 20 5 12 18 19 17 13 8 4 2 10 7 3 1 9 15 
student 609: 4 11 12 3 20 2 16 14 19 17 10 13 18 1 15 8 5 6 7 9 
student 610: 2 15 18 1 20 10 13 19 8 9 6 4 16 7 12 3 14 5 11 17 
student 611: 7 11 15 12 19 1 16 20 17 18 10 8 14 3 9 6 4 2 5 13 
student 612: 8 14 18 9 16 6 13 3 17 19 5 10 20 2 4 11 7 1 12 15 
student 613: 14 17 16 13 11 6 19 18 20 7 2 10 15 4 8 1 3 5 9 12 
student 614: 9 15 19 6 20 2 14 16 17 18 12 11 13 4 8 7 1 3 5 10 
student 615: 16 10 15 3 14 2 13 7 20 4 8 18 11 1 5 17 6 19 9 12 
student 616: 10 17 19 7 16 8 13 14 18 11 5 6 20 1 3 15 4 9 2 12 
student 617: 8 9 13 2 20 5 11 12 14 19 1 18 15 4 10 6 17 7 3 16 
student 618: 15 3 12 2 11 1 18 5 20 19 17 8 14 6 13 10 9 7 4 16 
student 619: 10 6 18 7 19 4 14 17 20 16 3 15 12 5 2 9 8 1 11 13 
student 620: 5 13 17 2 19 4 14 18 15 20 11 12 16 3 8 10 9 1 6 7 
student 621: 14 7 20 9 6 3 15 19 17 10 5 12 11 1 16 2 4 8 13 18 
student 622: 5 7 11 2 20 10 18 17 15 13 9 3 14 1 6 16 8 4 19 12 
student 623: 3 12 18 7 17 1 20 8 15 16 9 13 14 4 11 2 6 5 19 10 
student 624: 12 9 17 14 19 8 15 13 6 16 4 3 18 7 5 11 20 2 1 10 
student 625: 3 5 19 7 15 1 4 13 16 20 11 12 18 2 17 9 8 6 10 14 
student 626: 5 17 9 3 20 2 13 15 16 19 6 18 11 1 14 8 7 4 10 12 
student 627: 11 5 14 4 19 1 16 20 18 12 6 17 7 10 8 13 3 2 9 15 
student 628: 15 8 11 3 20 6 16 19 18 17 13 10 9 5 12 1 7 2 4 14 
student 629: 14 3 15 8 19 1 6 18 20 16 4 10 9 5 17 13 11 2 7 12 
student 630: 11 13 15 4 20 2 14 10 18 19 16 7 17 6 12 8 1 9 5 3 
student 631: 3 13 17 2 18 6 16 20 19 10 8 9 15 1 14 11 12 7 5 4 
student 632: 4 20 13 2 16 11 17 14 18 19 5 6 15 1 12 9 3 7 10 8 
student 633: 7 16 18 2 6 3 15 5 19 20 17 9 14 1 10 13 12 8 4 11 
student 634: 3 13 18 9 14 6 17 16 19 20 2 11 4 5 8 15 1 7 12 10 
student 635: 12 15 10 4 20 6 7 16 17 18 19 3 13 1 11 5 8 9 2 14 
student 636: 13 15 11 2 16 1 17 20 9 19 14 10 18 4 3 8 7 6 5 12 
student 637: 13 9 14 1 20 8 18 16 19 10 4 15 17 5 6 2 11 7 3 12 
student 638: 10 12 19 6 16 1 15 20 17 18 9 3 14 2 5 13 4 7 8 11 
student 639: 4 6 20 9 17 7 19 14 13 15 5 11 18 3 10 16 12 2 1 8 
student 640: 3 15 10 6 14 12 17 20 16 18 9 11 8 13 4 7 2 1 5 19 
student 641: 15 16 14 1 18 2 10 20 9 19 8 17 12 4 6 13 5 3 7 11 
student 642: 5 3 18 4 10 1 19 13 20 17 12 8 15 2 14 9 7 6 11 16 
student 643: 3 10 18 1 17 7 15 14 19 13 4 8 16 9 11 12 2 5 6 20 
student 644: 11 14 10 5 20 6 9 18 19 16 8 12 17 1 2 15 3 4 7 13 
student 645: 7 9 14 8 19 3 20 15 16 13 18 10 17 1 6 4 5 12 2 11 
student 646: 4 8 17 3 20 1 15 19 16 18 10 11 9 7 14 2 6 5 13 12 
student 647: 8 9 17 13 12 6 15 20 11 19 14 16 18 3 10 4 5 1 2 7 
student 648: 5 11 12 6 14 4 17 20 16 18 10 9 19 1 8 7 13 3 2 15 
student 649: 12 14 17 1 15 4 19 20 13 11 7 18 16 2 8 10 5 3 6 9 
student 650: 11 15 18 2 17 4 19 13 10 20 12 14 16 3 7 6 8 1 5 9 
student 651: 14 16 18 6 3 8 20 19 13 17 2 15 9 5 12 10 4 1 7 11 
student 652: 9 12 13 5 14 1 17 15 19 20 16 11 18 2 8 6 7 4 3 10 
student 653: 5 14 12 1 6 4 15 19 18 20 7 9 17 11 10 16 3 2 8 13 
student 654: 6 9 10 5 18 4 16 14 20 19 8 15 17 1 11 7 3 2 12 13 
student 655: 15 6 20 2 17 4 16 14 18 19 13 5 11 1 7 12 9 3 8 10 
student 656: 13 10 16 1 17 2 20 9 14 19 18 11 12 3 8 7 5 6 4 15 
student 657: 7 15 17 5 20 6 13 19 14 18 9 10 16 1 11 3 12 2 4 8 
student 658: 16 11 19 13 20 8 15 14 9 18 10 17 12 2 5 1 6 4 3 7 
student 659: 16 14 15 9 18 2 11 12 17 19 10 3 20 1 5 7 4 8 6 13 
student 660: 20 12 11 5 14 1 15 18 16 2 17 10 9 4 7 13 6 3 8 19 
student 661: 14 6 15 7 17 10 18 20 19 12 16 13 8 1 11 3 5 2 4 9 
student 662: 4 10 20 6 18 8 5 16 17 14 11 19 15 1 7 9 12 2 3 13 
student 663: 14 15 17 6 13 7 20 18 8 19 16 11 12 1 9 3 5 2 4 10 
student 664: 12 10 4 7 16 1 13 17 19 15 5 8 14 2 20 18 6 3 11 9 
student 665: 7 17 18 5 13 4 10 20 16 12 9 15 19 1 6 11 8 2 3 14 
student 666: 8 11 12 9 20 2 19 17 10 16 18 3 13 15 14 6 5 1 4 7 
student 667: 10 12 18 4 15 2 8 3 20 9 17 13 19 1 11 7 16 5 6 14 
student 668: 15 11 10 3 16 1 8 14 20 17 6 19 18 4 12 9 5 2 7 13 
student 669: 13 11 14 2 16 5 20 18 19 17 12 8 10 1 7 9 6 3 4 15 
student 670: 10 18 15 16 17 4 12 19 20 11 6 8 7 1 9 13 5 2 3 14 
student 671: 8 4 11 6 14 1 15 12 20 13 16 18 19 2 17 5 7 3 9 10 
student 672: 19 10 15 18 12 3 16 20 8 17 5 14 13 4 11 9 2 1 6 7 
student 673: 7 13 17 9 18 8 11 12 15 19 6 10 14 1 5 4 3 2 16 20 
student 674: 11 12 9 5 16 1 18 15 19 20 10 2 14 4 8 3 13 7 6 17 
student 675: 7 15 17 2 16 6 14 20 19 11 8 12 18 9 13 1 5 4 3 10 
student 676: 5 12 19 4 18 2 16 13 14 20 10 1 15 8 11 9 3 7 6 17 
student 677: 5 14 18 2 15 3 11 17 19 20 9 12 16 1 7 8 10 4 6 13 
student 678: 2 12 10 3 16 14 18 13 19 15 9 11 17 8 6 7 20 1 5 4 
student 679: 3 12 17 2 11 1 14 19 16 20 8 5 13 18 9 7 4 10 6 15 
student 680: 9 17 15 8 19 1 16 12 20 10 18 13 11 5 2 14 6 4 3 7 
student 681: 10 7 18 5 15 3 17 9 20 19 13 11 6 8 4 14 12 1 2 16 
student 682: 11 15 18 1 17 2 13 19 12 20 14 10 9 3 8 5 6 4 7 16 
student 683: 8 15 20 2 9 1 13 19 10 17 11 18 16 3 12 7 5 4 6 14 
student 684: 12 16 13 7 18 3 17 15 20 19 14 10 11 4 8 9 5 1 6 2 
student 685: 6 8 14 2 15 1 13 19 20 18 4 17 11 5 10 12 9 3 7 16 
student 686: 4 14 12 7 18 1 15 20 16 13 10 6 17 3 11 19 2 5 8 9 
student 687: 8 14 9 5 13 3 17 19 20 18 4 12 11 2 15 7 10 1 6 16 
student 688: 17 3 4 12 16 6 9 13 18 2 14 20 15 5 11 7 8 1 10 19 
student 689: 3 11 13 12 17 4 19 18 20 7 1 9 14 15 2 10 6 5 8 16 
student 690: 13 12 10 2 15 9 18 20 19 16 7 17 6 1 3 5 11 14 8 4 
student 691: 9 16 15 3 20 1 10 12 19 17 4 14 8 13 11 6 5 2 7 18 
student 692: 11 15 9 7 20 3 14 17 19 18 12 16 13 2 8 10 6 1 4 5 
student 693: 2 13 14 4 17 7 15 20 12 19 18 8 11 1 16 3 6 5 9 10 
student 694: 4 18 11 16 8 2 20 14 19 12 10 1 17 3 13 7 5 6 9 15 
student 695: 12 2 13 11 15 8 18 20 16 14 9 19 5 7 3 17 1 4 6 10 
student 696: 7 10 19 6 12 4 15 18 17 11 9 13 14 3 2 5 20 8 1 16 
student 697: 10 14 17 7 19 6 18 9 20 16 12 8 15 2 3 11 5 1 4 13 
student 698: 12 14 9 3 20 1 18 17 19 16 8 11 7 5 13 4 2 6 10 15 
student 699: 9 8 18 1 19 4 16 15 20 14 11 13 17 2 12 5 3 6 7 10 
student 700: 7 15 20 6 19 2 10 17 18 12 8 14 16 3 9 1 13 4 5 11 
student 701: 1 11 19 3 20 6 15 8 18 7 13 9 17 10 16 5 4 2 14 12 
student 702: 7 14 20 3 15 1 11 17 18 19 13 12 16 4 8 10 9 6 5 2 
student 703: 4 16 7 10 20 2 18 19 13 17 12 9 1 5 11 6 14 3 8 15 
student 704: 4 20 15 16 14 6 11 17 18 10 7 9 5 19 2 12 3 1 8 13 
student 705: 8 11 17 4 12 2 16 20 19 18 14 9 15 1 10 5 13 7 3 6 
student 706: 7 18 6 2 20 4 12 14 17 19 13 10 15 1 11 9 3 8 5 16 
student 707: 14 11 8 1 10 4 18 15 20 19 12 17 2 5 6 13 9 3 16 7 
student 708: 2 13 14 6 19 3 15 20 8 16 12 10 18 1 5 7 9 11 4 17 
student 709: 9 15 20 8 13 4 14 19 16 18 5 12 6 1 3 17 7 11 2 10 
student 710: 9 6 18 7 16 10 19 17 20 11 5 15 14 1 8 4 13 3 2 12 
student 711: 8 11 19 9 20 17 12 16 18 4 3 10 13 1 14 2 5 6 7 15 
student 712: 9 16 15 8 18 5 14 17 20 19 6 7 11 3 10 13 1 2 4 12 
student 713: 5 16 14 6 17 4 19 20 18 13 2 10 12 1 3 15 9 7 11 8 
student 714: 7 18 14 8 16 4 11 15 20 19 12 9 2 3 10 6 5 1 13 17 
student 715: 11 4 16 13 10 1 2 19 12 20 17 14 9 3 15 6 7 5 8 18 
student 716: 11 14 13 4 18 1 10 19 20 16 9 17 12 3 8 7 2 5 6 15 
student 717: 3 19 16 6 20 8 15 11 18 17 12 9 13 1 10 7 4 5 2 14 
student 718: 11 12 16 4 18 13 19 20 15 17 6 7 14 1 8 9 2 5 3 10 
student 719: 8 12 18 6 20 1 15 17 10 13 14 9 4 11 3 7 19 5 2 16 
student 720: 3 10 15 7 18 8 12 20 19 16 6 14 11 1 9 2 4 17 5 13 
student 721: 8 16 19 4 18 10 14 20 17 13 7 12 11 3 9 6 2 1 5 15 
student 722: 13 11 16 6 18 14 15 20 19 3 2 12 8 4 9 17 10 7 1 5 
student 723: 14 15 19 8 17 6 13 20 9 12 18 16 5 2 11 1 4 3 10 7 
student 724: 8 13 14 5 19 1 20 16 18 17 10 11 15 2 12 9 6 4 7 3 
student 725: 4 7 17 6 18 2 12 5 14 20 13 11 19 3 8 1 15 10 9 16 
student 726: 8 14 9 1 19 4 13 20 16 17 10 12 15 2 18 7 6 3 5 11 
student 727: 11 8 10 5 20 7 16 17 14 18 2 19 15 4 13 3 1 6 9 12 
student 728: 14 13 20 7 9 2 10 15 19 17 5 16 12 1 11 4 8 6 3 18 
student 729: 14 6 20 2 9 7 17 13 4 19 18 10 15 1 11 12 5 8 3 16 
student 730: 6 11 16 2 18 1 15 17 20 19 14 13 3 5 12 8 9 10 4 7 
student 731: 2 8 11 7 19 3 9 17 15 13 10 12 18 1 16 14 4 6 5 20 
student 732: 13 12 11 6 9 3 15 16 17 19 8 18 14 1 7 4 5 2 10 20 
student 733: 10 14 16 6 12 7 8 20 18 19 2 15 13 1 17 5 11 4 3 9 
student 734: 13 10 14 15 19 9 17 18 20 16 8 5 6 1 3 12 2 4 7 11 
student 735: 4 11 19 8 17 10 16 15 18 20 7 9 14 6 5 12 1 3 2 13 
student 736: 5 17 14 7 16 2 15 18 19 20 6 8 11 3 1 12 10 4 9 13 
student 737: 3 11 13 14 18 5 20 17 19 15 6 9 10 1 7 4 12 2 8 16 
student 738: 5 9 19 6 18 1 16 17 15 20 11 7 12 2 8 10 4 3 13 14 
student 739: 8 18 19 4 14 2 13 16 17 15 9 10 12 3 20 5 7 1 6 11 
student 740: 9 15 14 3 11 5 20 19 18 17 10 16 13 2 8 1 7 4 12 6 
student 741: 9 4 20 5 16 3 15 13 19 17 10 6 14 2 11 12 1 8 7 18 
student 742: 15 14 11 3 20 13 19 9 18 17 16 12 7 1 8 5 6 2 4 10 
student 743: 7 16 11 3 14 6 10 12 20 13 9 18 19 1 2 17 5 4 8 15 
student 744: 19 9 14 1 18 2 16 17 20 15 7 13 10 12 3 11 4 8 6 5 
student 745: 11 12 8 3 17 2 5 16 20 18 19 7 15 9 14 6 1 4 13 10 
student 746: 11 6 16 8 15 5 19 12 18 4 3 10 14 1 7 9 13 17 2 20 
student 747: 13 7 20 9 11 3 19 17 15 16 1 14 18 4 8 2 6 5 12 10 
student 748: 5 12 15 7 20 10 8 19 14 11 13 6 16 1 18 4 17 2 3 9 
student 749: 11 6 14 4 20 9 16 19 18 17 5 15 13 2 12 10 1 3 8 7 
student 750: 7 19 20 3 17 4 15 13 18 10 16 6 8 2 11 12 9 1 5 14 
student 751: 12 20 19 3 15 4 10 18 17 14 1 16 8 5 6 2 7 11 9 13 
student 752: 7 17 20 1 18 3 11 19 13 15 14 5 8 2 4 6 9 10 16 12 
student 753: 3 15 18 2 16 1 13 14 20 19 11 9 17 8 7 6 12 4 5 10 
student 754: 13 5 17 11 18 1 16 15 19 20 8 14 6 4 2 10 9 3 7 12 
student 755: 10 13 18 9 17 1 20 14 19 15 11 12 5 2 8 7 6 3 4 16 
student 756: 6 11 12 9 20 1 15 17 18 19 8 10 14 3 5 2 7 4 16 13 
student 757: 14 12 11 8 19 4 15 18 20 7 5 6 10 2 3 17 16 1 13 9 
student 758: 14 11 16 3 17 9 19 2 20 7 13 10 12 6 15 5 4 1 8 18 
student 759: 6 4 16 2 19 1 7 17 18 20 13 9 14 5 12 10 8 3 15 11 
student 760: 15 10 17 2 13 1 20 14 18 19 11 4 8 9 5 6 16 3 7 12 
student 761: 14 9 20 1 17 8 16 18 19 15 3 12 7 4 13 6 11 2 5 10 
student 762: 4 10 19 6 17 5 15 18 20 14 12 8 16 3 7 11 9 1 2 13 
student 763: 15 2 3 11 12 4 10 19 16 20 9 17 18 7 6 8 1 14 5 13 
student 764: 4 9 19 2 16 6 12 20 17 18 15 5 14 8 1 13 7 3 10 11 
student 765: 12 7 18 8 20 1 10 16 13 14 11 19 9 15 2 4 5 6 3 17 
student 766: 17 5 9 15 13 10 20 12 19 16 3 6 18 2 14 7 4 1 8 11 
student 767: 7 8 12 1 13 6 15 17 19 2 14 18 16 3 20 9 10 5 4 11 
student 768: 16 6 12 7 19 3 5 10 20 18 17 11 13 2 14 4 1 15 8 9 
student 769: 8 7 19 1 20 2 11 9 13 18 14 10 17 4 15 12 3 5 6 16 
student 770: 5 18 20 3 19 11 14 12 16 9 1 13 17 4 6 7 8 2 15 10 
student 771: 13 11 12 4 19 1 17 15 18 20 8 10 14 2 5 9 3 7 6 16 
student 772: 11 16 6 9 12 1 15 17 14 20 8 10 19 3 18 2 4 7 13 5 
student 773: 7 10 18 13 17 3 20 9 16 14 15 19 12 1 5 2 8 6 11 4 
student 774: 11 12 20 7 13 3 14 15 18 5 16 10 19 2 6 9 8 4 1 17 
student 775: 18 12 19 5 15 2 7 16 20 11 14 8 9 1 13 10 6 4 3 17 
student 776: 8 3 18 13 17 1 16 19 20 5 14 15 9 12 6 4 2 10 7 11 
student 777: 2 7 15 17 16 3 13 19 18 8 20 11 6 1 9 5 14 4 12 10 
student 778: 5 8 18 3 9 1 20 16 14 15 6 17 11 7 10 2 13 4 12 19 
student 779: 8 12 13 1 19 6 17 9 20 16 14 11 18 4 7 10 2 5 3 15 
student 780: 13 9 10 1 19 7 17 20 12 16 11 14 18 2 8 15 4 3 6 5 
student 781: 10 2 19 4 11 6 20 18 15 13 14 7 12 17 8 9 5 1 3 16 
student 782: 17 13 16 2 10 7 19 20 12 18 4 5 11 3 9 15 6 1 8 14 
student 783: 6 9 18 5 19 2 12 17 20 16 7 11 13 1 15 14 8 3 4 10 
student 784: 10 12 18 8 20 1 15 17 19 16 6 13 14 3 5 4 2 9 7 11 
student 785: 17 2 18 1 19 3 15 20 11 9 14 6 16 10 5 12 8 4 13 7 
student 786: 8 17 15 3 14 1 19 16 12 20 13 9 18 2 4 10 7 6 5 11 
student 787: 3 13 20 11 17 1 9 16 19 18 12 2 14 5 8 10 7 6 4 15 
student 788: 1 11 19 16 14 10 7 17 12 20 8 18 15 4 3 9 6 5 2 13 
student 789: 19 3 17 8 12 2 13 15 16 20 14 4 11 1 6 7 10 9 5 18 
student 790: 6 10 19 1 18 5 17 16 20 13 15 14 12 2 7 4 3 11 8 9 
student 791: 14 6 15 7 20 4 17 18 16 19 8 12 13 5 11 3 1 2 9 10 
student 792: 3 8 18 1 17 15 14 20 19 2 4 12 16 5 13 6 9 10 7 11 
student 793: 9 12 14 3 18 1 10 6 19 17 16 20 15 2 4 7 8 5 11 13 
student 794: 11 14 15 7 19 3 18 16 20 17 2 10 13 1 9 6 5 4 8 12 
student 795: 8 10 11 5 13 3 17 19 15 20 9 4 18 1 7 12 2 6 14 16 
student 796: 4 9 14 3 15 2 18 16 19 8 17 13 7 6 10 11 20 1 12 5 
student 797: 7 10 18 3 8 2 14 15 20 19 9 12 16 1 11 4 6 5 13 17 
student 798: 8 12 15 3 17 1 10 18 20 13 9 19 16 7 11 6 4 2 14 5 
student 799: 9 7 19 5 15 8 6 20 18 13 17 2 12 3 11 14 4 1 10 16 
