student 0: 11 10 6 4 3 17 2 5 15 19 8 18 14 1 16 20 12 9 13 7 
student 1: 13 6 9 5 8 20 3 4 17 18 2 7 11 1 14 16 19 12 15 10 
student 2: 7 1 9 4 12 20 15 3 19 14 6 11 18 2 8 17 5 13 16 10 
student 3: 6 13 11 8 4 16 2 1 20 7 10 19 15 5 12 17 18 9 14 3 
student 4: 7 2 14 19 3 17 1 6 18 12 5 15 11 4 8 20 10 13 16 9 
student 5: 7 4 9 13 1 19 2 3 18 17 5 16 11 6 12 15 10 14 20 8 
student 6: 7 10 5 8 19 20 13 2 11 14 3 4 15 1 9 18 12 6 16 17 
student 7: 9 11 10 7 6 19 1 8 17 5 2 14 13 4 20 15 16 12 18 3 
student 8: 3 1 12 6 4 15 2 13 5 14 9 19 18 7 16 10 17 8 20 11 
student 9: 3 2 12 11 9 17 1 4 20 16 6 14 7 10 13 19 18 8 15 5 
student 10: 6 12 15 18 4 17 5 7 13 1 3 14 10 2 16 11 8 20 19 9 
student 11: 7 6 8 12 3 16 2 11 19 9 13 10 20 1 14 15 17 5 18 4 
student 12: 16 13 12 15 1 20 3 4 11 2 6 14 9 7 17 8 18 10 19 5 
student 13: 10 1 13 5 7 14 8 4 20 12 3 16 15 2 18 17 19 11 9 6 
student 14: 4 5 9 10 2 20 6 1 18 15 8 16 11 3 19 14 12 13 17 7 
student 15: 8 5 11 1 16 17 7 2 18 13 6 14 12 19 15 20 3 10 4 9 
student 16: 12 5 15 7 3 13 2 6 18 10 4 1 14 8 16 20 17 9 19 11 
student 17: 5 3 13 7 1 20 2 14 19 16 6 11 8 10 12 9 18 17 15 4 
student 18: 13 10 14 2 11 18 5 1 20 17 4 16 12 3 19 15 7 6 9 8 
student 19: 5 2 12 1 11 10 7 4 17 14 8 15 20 3 16 18 13 6 19 9 
student 20: 15 8 13 3 12 19 2 10 11 14 1 20 18 4 7 9 5 6 17 16 
student 21: 9 4 14 13 3 19 1 7 20 8 5 18 11 2 15 10 12 17 16 6 
student 22: 5 9 13 10 11 20 2 3 15 17 7 14 8 4 16 19 18 12 1 6 
student 23: 10 7 14 9 4 16 3 2 20 6 5 13 12 1 18 17 15 11 19 8 
student 24: 12 2 8 7 9 6 1 4 20 11 16 19 17 3 14 18 13 5 15 10 
student 25: 14 3 6 9 8 15 2 1 17 19 4 11 10 5 12 18 16 13 20 7 
student 26: 3 7 5 11 10 18 2 8 19 12 1 20 9 6 13 14 15 4 17 16 
student 27: 3 4 11 10 9 19 1 6 20 13 5 12 8 2 15 17 14 16 18 7 
student 28: 4 10 16 8 7 20 6 2 15 13 1 18 17 3 12 11 19 9 14 5 
student 29: 7 1 8 6 2 19 11 3 20 16 12 17 9 4 18 14 13 10 15 5 
student 30: 6 5 15 8 10 20 1 3 18 12 4 7 14 2 13 17 16 9 19 11 
student 31: 8 7 12 10 1 20 5 9 15 13 3 16 14 2 17 19 11 4 18 6 
student 32: 7 8 9 14 10 15 2 1 20 5 6 18 11 3 16 17 13 12 19 4 
student 33: 7 1 13 10 8 14 4 2 20 18 5 15 9 3 16 19 12 11 17 6 
student 34: 18 7 13 4 8 20 2 1 15 9 11 12 17 6 19 5 16 10 14 3 
student 35: 6 7 10 8 3 16 4 2 14 11 5 19 9 1 18 17 13 12 20 15 
student 36: 14 2 10 5 7 18 3 4 9 6 11 19 17 1 8 20 15 12 16 13 
student 37: 11 5 18 8 4 16 1 3 15 10 9 14 13 7 17 20 12 6 19 2 
student 38: 9 2 10 7 8 16 1 3 19 15 11 5 13 4 20 12 17 18 14 6 
student 39: 1 2 10 8 19 18 7 4 14 11 6 16 13 3 17 15 20 5 12 9 
student 40: 7 10 19 8 6 16 4 5 13 9 2 17 14 1 12 20 18 11 15 3 
student 41: 9 4 10 8 7 20 1 2 19 13 3 14 11 5 12 18 17 15 16 6 
student 42: 7 2 17 9 10 20 6 1 13 11 4 16 14 3 15 8 18 5 19 12 
student 43: 4 7 5 11 19 18 1 3 20 8 6 14 12 15 17 16 10 9 13 2 
student 44: 2 8 9 3 6 18 1 13 12 16 4 10 17 7 19 14 15 11 20 5 
student 45: 5 8 12 1 19 18 9 7 20 13 4 11 16 3 2 14 15 10 17 6 
student 46: 7 1 5 4 9 16 2 6 18 10 12 15 13 8 19 17 20 11 14 3 
student 47: 9 8 12 1 4 17 3 2 16 13 11 5 15 7 18 19 14 10 20 6 
student 48: 5 15 19 18 4 12 3 2 13 11 6 9 14 1 20 16 8 7 10 17 
student 49: 9 8 10 12 5 19 4 2 18 14 3 11 13 1 16 20 17 7 6 15 
student 50: 6 1 8 5 13 19 4 3 20 11 10 18 12 2 15 14 9 7 17 16 
student 51: 18 3 10 8 9 20 6 7 17 11 5 13 16 2 4 14 12 15 19 1 
student 52: 9 3 12 10 14 15 20 2 17 19 11 18 6 1 5 13 16 8 7 4 
student 53: 3 2 5 7 4 19 16 1 20 9 10 18 12 6 14 15 13 8 17 11 
student 54: 17 5 8 9 11 6 2 1 18 12 7 19 13 4 15 10 16 14 20 3 
student 55: 5 4 11 9 3 20 6 1 19 10 2 12 15 14 18 16 13 8 7 17 
student 56: 9 5 10 7 3 19 6 2 18 12 14 20 15 1 13 16 17 11 4 8 
student 57: 4 7 10 6 3 16 1 5 18 20 15 17 8 2 19 9 11 12 13 14 
student 58: 4 16 12 8 7 15 3 1 19 6 5 9 18 2 13 17 10 11 20 14 
student 59: 3 2 16 10 1 19 5 7 17 14 13 4 15 8 12 18 11 6 20 9 
student 60: 14 3 11 8 1 19 2 6 20 10 7 16 12 4 13 18 15 9 17 5 
student 61: 1 14 2 5 18 20 3 10 7 15 16 19 11 6 4 12 13 9 17 8 
student 62: 4 6 12 20 13 10 3 5 19 16 2 8 15 1 18 17 7 14 9 11 
student 63: 12 10 6 15 7 19 5 1 17 4 9 8 18 2 13 16 11 14 20 3 
student 64: 5 4 11 20 8 14 7 1 18 10 9 15 12 2 16 19 13 6 17 3 
student 65: 13 5 11 14 8 18 7 2 19 4 6 9 10 1 17 20 16 15 12 3 
student 66: 8 3 20 11 1 19 2 9 18 14 10 16 13 5 17 12 7 4 15 6 
student 67: 8 2 11 10 5 17 6 3 18 14 9 13 12 1 19 20 16 4 15 7 
student 68: 6 5 12 17 2 20 1 16 18 9 4 15 8 3 14 19 13 7 11 10 
student 69: 13 12 1 7 10 20 2 4 14 16 6 15 3 9 8 17 19 11 18 5 
student 70: 14 3 6 12 8 20 7 5 18 9 2 11 10 1 19 13 16 17 15 4 
student 71: 13 4 9 6 5 17 1 8 20 14 3 12 11 2 15 18 16 10 19 7 
student 72: 5 4 10 14 3 17 1 8 18 19 7 6 13 2 15 20 16 9 11 12 
student 73: 10 8 11 20 2 17 1 3 19 13 9 4 14 5 12 15 16 7 18 6 
student 74: 3 5 8 7 4 12 2 14 20 15 6 16 13 1 17 19 10 11 18 9 
student 75: 9 7 19 12 2 20 1 4 18 15 14 10 11 3 17 8 13 6 16 5 
student 76: 6 8 10 11 4 20 14 5 16 9 2 13 15 1 17 19 12 7 18 3 
student 77: 13 11 12 9 2 17 4 1 19 5 10 20 16 3 7 6 18 8 14 15 
student 78: 5 7 13 12 2 17 9 3 19 11 4 15 20 1 18 16 10 14 8 6 
student 79: 13 2 4 18 6 19 1 8 20 3 16 11 9 10 12 17 15 7 14 5 
student 80: 15 2 13 17 11 16 1 5 18 6 10 12 9 3 4 19 14 7 20 8 
student 81: 11 3 12 13 7 6 1 4 19 17 2 10 15 9 16 14 18 8 20 5 
student 82: 9 3 7 8 19 17 1 6 18 10 5 15 14 4 12 11 16 2 20 13 
student 83: 17 6 4 19 8 20 3 12 15 16 1 7 11 2 13 10 18 9 14 5 
student 84: 10 3 20 9 6 16 1 2 18 12 5 14 13 7 15 19 11 8 17 4 
student 85: 7 15 12 10 4 8 3 2 19 13 1 16 9 6 18 14 20 11 17 5 
student 86: 8 2 16 13 5 19 1 6 20 11 4 12 10 3 18 15 17 9 14 7 
student 87: 7 3 9 10 5 20 4 13 18 16 6 8 17 2 11 19 14 12 15 1 
student 88: 18 1 10 15 11 14 2 7 17 20 6 19 12 3 9 13 5 4 8 16 
student 89: 11 9 4 7 5 19 3 1 17 6 12 16 10 2 18 13 15 14 20 8 
student 90: 4 8 3 12 11 16 1 10 18 9 7 5 13 6 17 19 14 15 20 2 
student 91: 7 5 10 9 4 18 2 6 15 16 3 19 13 1 20 14 11 12 17 8 
student 92: 6 5 4 15 1 20 9 7 19 8 2 12 10 3 16 18 13 17 14 11 
student 93: 9 4 11 12 5 13 1 6 20 17 8 15 10 3 16 19 14 7 18 2 
student 94: 14 1 15 6 2 19 9 5 18 10 7 13 8 4 17 16 12 11 20 3 
student 95: 9 5 6 7 11 20 2 1 19 16 13 12 14 4 15 18 17 8 10 3 
student 96: 7 9 11 14 15 5 1 3 18 17 6 8 2 4 12 16 13 19 20 10 
student 97: 10 3 17 2 7 20 1 11 18 13 6 8 9 5 16 19 12 14 15 4 
student 98: 1 3 13 2 8 19 5 12 20 18 4 16 15 7 14 11 10 9 17 6 
student 99: 13 7 5 14 9 20 3 8 18 11 4 15 10 2 16 12 19 6 17 1 
student 100: 11 1 14 13 3 17 6 7 18 9 5 12 10 2 20 15 16 4 19 8 
student 101: 15 2 9 5 4 18 6 3 13 11 8 14 12 1 16 19 20 7 17 10 
student 102: 9 2 15 10 3 16 5 1 19 20 8 11 6 4 12 13 14 18 17 7 
student 103: 17 4 11 6 12 10 2 1 14 13 8 20 9 3 19 18 15 5 16 7 
student 104: 2 7 12 8 11 10 1 3 20 19 9 6 15 5 14 17 16 4 18 13 
student 105: 8 7 15 3 4 16 1 6 19 9 17 11 10 2 12 20 13 14 18 5 
student 106: 8 13 9 10 4 12 3 2 16 14 1 18 15 7 11 20 19 6 17 5 
student 107: 8 20 15 5 9 12 1 3 7 18 10 19 11 2 13 6 17 14 16 4 
student 108: 7 1 8 10 4 20 2 6 16 9 3 15 12 5 17 14 13 11 18 19 
student 109: 13 8 4 9 6 19 3 2 20 16 5 14 12 1 18 17 11 10 15 7 
student 110: 11 14 2 5 6 20 1 9 15 13 3 10 8 7 18 17 19 12 16 4 
student 111: 7 2 10 8 4 16 13 1 18 15 3 17 12 5 19 14 11 6 20 9 
student 112: 13 5 16 2 8 17 1 3 20 7 11 14 10 6 15 18 12 9 19 4 
student 113: 8 14 13 9 6 17 12 7 19 15 3 11 10 2 1 18 16 5 20 4 
student 114: 2 4 17 15 16 6 3 7 14 19 9 12 13 1 11 10 20 8 18 5 
student 115: 6 5 8 3 7 20 2 4 19 16 12 18 9 1 10 15 13 14 17 11 
student 116: 5 4 19 12 3 14 10 1 17 11 8 18 6 2 15 13 20 7 16 9 
student 117: 9 8 16 10 6 18 5 2 17 7 3 13 12 1 20 19 14 4 15 11 
student 118: 6 5 9 14 2 19 7 1 20 11 3 12 15 4 13 17 16 10 18 8 
student 119: 17 5 12 10 9 19 1 3 20 11 4 7 13 2 18 16 15 6 14 8 
student 120: 6 16 10 14 2 9 3 12 19 8 1 11 18 7 15 17 13 5 20 4 
student 121: 7 9 12 3 8 15 4 2 20 10 5 14 17 1 19 11 18 13 16 6 
student 122: 5 15 8 11 4 19 12 1 9 7 3 16 17 2 20 6 14 13 18 10 
student 123: 19 16 7 2 4 18 3 8 20 11 9 17 15 1 12 14 5 6 13 10 
student 124: 9 14 10 7 6 16 5 3 20 4 17 15 18 2 11 12 13 8 19 1 
student 125: 3 1 7 10 8 17 4 2 19 14 5 18 13 11 20 16 6 12 15 9 
student 126: 8 5 9 13 18 19 4 1 15 16 6 11 10 2 17 20 12 7 14 3 
student 127: 10 16 2 12 1 20 3 5 17 18 7 4 13 8 11 15 9 14 19 6 
student 128: 7 1 4 3 2 20 11 8 18 10 6 12 17 5 15 16 14 13 19 9 
student 129: 5 6 17 12 8 19 4 3 20 15 2 18 11 1 10 13 14 7 16 9 
student 130: 13 7 12 5 4 20 2 1 18 3 14 10 19 6 9 17 16 11 15 8 
student 131: 6 2 18 8 13 20 9 1 17 11 4 15 19 3 16 14 12 10 7 5 
student 132: 8 7 2 10 13 19 1 5 20 11 6 15 12 3 14 17 16 9 18 4 
student 133: 4 12 14 2 7 17 6 3 15 8 11 9 19 1 16 18 13 10 20 5 
student 134: 7 14 12 6 3 19 4 11 18 1 10 8 16 9 17 20 15 2 13 5 
student 135: 10 4 14 9 2 15 8 3 6 12 20 18 5 1 19 13 17 11 16 7 
student 136: 8 2 15 5 3 20 1 7 19 12 17 18 16 6 9 11 4 14 13 10 
student 137: 11 17 18 6 4 14 1 2 19 13 9 10 16 3 12 15 7 8 20 5 
student 138: 14 2 11 7 9 8 4 1 15 10 6 13 17 3 5 18 20 16 19 12 
student 139: 9 3 7 20 6 18 2 4 19 8 5 12 10 1 13 14 16 11 15 17 
student 140: 9 7 4 20 13 17 1 2 19 10 8 14 15 3 12 18 11 6 16 5 
student 141: 11 14 8 4 17 16 5 6 20 12 1 9 15 3 7 19 18 2 13 10 
student 142: 8 3 11 15 6 20 1 2 19 13 4 17 5 7 12 18 16 10 14 9 
student 143: 10 3 19 13 11 20 1 14 15 8 4 6 9 2 17 16 12 5 18 7 
student 144: 17 6 10 11 13 18 1 3 19 20 2 7 16 12 9 15 8 4 14 5 
student 145: 5 8 11 2 9 19 3 1 20 16 7 12 10 4 13 17 15 14 18 6 
student 146: 1 4 15 11 5 13 9 2 17 12 14 18 8 10 19 6 20 7 16 3 
student 147: 11 1 8 2 4 16 5 3 15 17 7 19 14 6 13 12 18 10 20 9 
student 148: 10 11 9 2 16 4 1 7 13 5 8 12 3 6 17 14 20 19 15 18 
student 149: 7 1 8 4 2 17 3 12 20 9 15 13 19 6 18 10 16 5 14 11 
student 150: 15 7 16 12 3 18 1 5 13 8 4 17 14 11 10 19 2 6 20 9 
student 151: 8 5 9 11 6 20 2 4 14 15 3 16 7 1 17 19 12 10 18 13 
student 152: 10 6 15 17 5 20 4 2 19 12 3 14 9 1 13 16 7 8 18 11 
student 153: 3 2 18 12 10 16 5 1 14 15 4 17 11 6 13 20 8 9 19 7 
student 154: 10 6 14 11 8 19 2 3 17 12 1 4 15 7 13 18 16 5 20 9 
student 155: 10 1 9 2 8 18 7 3 20 17 4 15 19 5 16 13 11 12 14 6 
student 156: 5 2 8 12 7 19 1 9 18 16 4 14 10 3 17 15 11 13 20 6 
student 157: 7 5 13 9 6 14 8 1 16 10 3 15 18 4 20 12 17 11 19 2 
student 158: 7 4 9 5 1 19 6 2 20 17 11 10 12 3 14 16 13 15 18 8 
student 159: 17 12 6 4 13 19 1 9 20 11 7 10 15 5 16 8 14 3 18 2 
student 160: 16 6 9 4 7 19 1 3 15 13 2 11 10 5 18 20 12 14 17 8 
student 161: 6 13 12 5 1 16 7 2 19 10 8 3 18 4 15 14 11 20 17 9 
student 162: 7 2 11 16 6 19 4 8 15 10 1 17 13 3 9 14 20 5 18 12 
student 163: 8 10 7 15 4 12 1 9 19 14 6 13 3 5 16 20 17 11 18 2 
student 164: 11 3 12 18 9 13 5 1 19 20 7 10 14 4 16 6 15 8 17 2 
student 165: 6 4 7 8 15 20 1 5 18 10 9 19 12 3 11 16 13 17 14 2 
student 166: 8 7 14 5 6 16 4 1 19 10 3 15 13 2 17 18 20 9 11 12 
student 167: 5 6 13 4 7 18 8 2 17 14 10 11 20 3 12 15 16 9 19 1 
student 168: 8 4 18 9 7 19 3 2 20 13 11 16 10 1 15 12 14 6 17 5 
student 169: 7 4 18 6 2 17 1 5 12 13 11 10 9 3 14 16 15 8 19 20 
student 170: 11 8 10 6 2 9 3 5 20 13 7 19 17 1 14 18 16 12 15 4 
student 171: 10 2 13 6 5 15 3 4 16 20 1 14 8 7 9 17 12 18 19 11 
student 172: 17 4 9 13 5 10 1 6 20 7 2 15 16 3 18 12 11 14 19 8 
student 173: 13 2 9 10 1 18 11 8 19 4 6 15 17 5 3 20 16 12 14 7 
student 174: 10 5 12 11 7 15 3 2 20 13 1 4 16 6 17 18 14 9 19 8 
student 175: 6 5 4 19 9 20 1 3 18 13 15 10 7 2 17 16 14 12 11 8 
student 176: 7 4 16 10 2 17 1 3 13 5 19 15 8 9 14 18 11 12 20 6 
student 177: 3 6 5 8 13 20 9 11 19 15 1 16 12 4 10 18 14 2 17 7 
student 178: 12 1 20 11 8 13 4 5 16 6 2 14 9 3 15 17 10 19 18 7 
student 179: 9 5 18 10 7 14 2 13 20 15 6 16 11 4 12 8 19 3 17 1 
student 180: 4 2 14 6 5 16 7 8 12 10 3 11 9 1 20 13 19 15 18 17 
student 181: 14 15 10 6 2 19 1 4 17 20 3 9 7 16 18 13 5 8 11 12 
student 182: 2 6 7 10 3 19 1 5 20 4 12 13 8 17 14 16 15 11 18 9 
student 183: 15 6 18 7 11 13 3 1 19 5 2 8 17 4 10 16 14 9 20 12 
student 184: 17 1 6 10 5 19 14 4 16 7 3 12 18 2 9 13 20 8 15 11 
student 185: 15 2 8 3 1 18 4 12 6 11 9 14 16 5 10 20 17 7 19 13 
student 186: 4 1 10 9 6 15 5 3 12 16 8 11 13 2 19 20 14 7 17 18 
student 187: 12 8 11 13 5 19 3 2 15 16 4 20 10 1 14 18 17 9 7 6 
student 188: 8 12 7 10 19 20 5 6 14 9 3 16 13 2 17 11 15 4 18 1 
student 189: 19 7 11 5 4 18 2 3 14 6 9 16 13 1 17 12 20 10 15 8 
student 190: 1 3 17 9 19 18 2 5 20 15 6 10 16 4 12 11 14 7 13 8 
student 191: 11 3 10 19 5 17 1 2 9 15 7 13 12 4 14 20 18 8 16 6 
student 192: 9 18 7 12 10 13 1 2 19 15 11 8 5 3 16 20 6 14 17 4 
student 193: 1 3 8 6 5 20 2 9 18 13 4 15 16 7 11 19 17 14 12 10 
student 194: 5 1 17 10 3 15 2 8 18 7 12 13 14 6 11 20 9 16 19 4 
student 195: 3 2 14 11 5 19 6 1 13 16 4 15 10 7 17 20 12 8 18 9 
student 196: 7 10 4 6 5 9 1 3 15 12 11 18 20 8 17 13 19 16 14 2 
student 197: 7 11 14 15 13 12 1 4 20 10 5 19 18 2 16 8 9 3 17 6 
student 198: 7 10 11 2 3 18 9 1 19 13 4 14 15 5 16 12 20 6 17 8 
student 199: 3 6 8 15 1 16 2 4 18 11 7 12 14 5 20 19 9 10 13 17 
student 200: 11 6 7 9 3 16 1 12 20 4 5 17 14 10 13 15 19 2 8 18 
student 201: 6 9 11 10 7 19 4 5 20 12 8 16 18 1 17 13 14 3 15 2 
student 202: 13 11 15 6 7 14 4 5 19 9 1 8 2 3 17 20 18 10 16 12 
student 203: 7 6 11 5 10 16 4 3 17 1 19 13 9 12 20 18 14 15 2 8 
student 204: 5 3 10 12 8 17 1 4 20 13 2 11 9 6 19 18 14 15 16 7 
student 205: 5 3 9 4 1 20 12 2 17 19 8 10 15 7 13 18 14 6 16 11 
student 206: 8 4 6 11 3 12 10 5 18 17 2 16 15 1 14 20 7 13 19 9 
student 207: 11 3 13 1 9 19 2 4 18 8 7 12 20 6 15 16 14 10 17 5 
student 208: 2 1 12 4 17 19 5 8 20 9 3 13 11 7 18 16 15 10 14 6 
student 209: 6 5 8 11 10 20 3 2 19 15 1 9 7 17 14 16 12 13 18 4 
student 210: 7 1 20 5 4 18 6 2 16 8 10 15 11 3 19 17 13 12 14 9 
student 211: 5 6 17 13 2 14 1 3 12 20 16 15 10 4 18 19 11 7 8 9 
student 212: 11 3 4 2 15 10 5 8 12 6 1 20 14 9 18 16 19 13 17 7 
student 213: 19 2 12 10 7 11 6 8 18 17 3 13 14 1 9 5 20 16 15 4 
student 214: 9 1 4 8 5 12 2 13 20 14 3 17 11 6 7 15 18 16 19 10 
student 215: 8 4 16 14 1 19 10 3 17 9 13 11 7 2 18 20 5 12 15 6 
student 216: 5 9 10 16 8 17 3 6 19 11 4 14 12 2 20 15 1 13 18 7 
student 217: 9 8 4 5 7 20 1 6 19 13 2 17 12 3 14 15 18 10 16 11 
student 218: 8 4 20 7 6 14 1 3 19 16 13 18 10 11 9 12 17 5 15 2 
student 219: 10 9 5 8 2 15 1 6 17 20 11 13 3 4 16 12 18 14 19 7 
student 220: 8 3 12 9 4 20 5 2 13 11 10 15 16 1 17 14 18 7 19 6 
student 221: 8 1 9 3 4 20 5 7 18 13 16 12 6 2 14 19 15 10 17 11 
student 222: 10 8 12 11 3 17 1 7 9 13 2 14 18 4 19 15 16 6 20 5 
student 223: 4 2 16 1 9 18 3 12 20 10 7 19 13 6 14 17 15 8 11 5 
student 224: 9 1 12 15 3 18 6 13 19 2 7 11 8 4 16 20 14 5 17 10 
student 225: 7 1 17 16 4 18 11 10 14 13 6 19 5 3 9 8 15 2 20 12 
student 226: 8 6 7 1 2 18 14 4 20 16 12 5 9 3 15 13 17 11 19 10 
student 227: 7 12 8 2 3 16 1 9 20 17 5 11 15 6 13 18 10 14 19 4 
student 228: 7 11 13 20 4 15 2 3 12 9 10 8 16 1 19 14 17 6 18 5 
student 229: 10 4 9 13 6 18 1 3 14 11 5 20 12 2 16 17 15 7 19 8 
student 230: 6 1 10 18 5 15 3 7 20 11 2 9 12 4 13 19 14 8 17 16 
student 231: 9 4 13 2 10 16 6 1 18 11 5 17 15 8 12 19 14 7 20 3 
student 232: 6 9 11 7 3 18 2 1 12 13 10 15 17 5 14 20 16 8 19 4 
student 233: 9 7 14 11 12 19 2 1 17 13 4 10 18 3 5 20 16 15 8 6 
student 234: 6 1 14 7 11 18 4 10 20 12 3 16 8 5 13 15 17 9 19 2 
student 235: 8 7 20 4 3 18 6 12 16 13 1 10 9 2 14 15 17 5 19 11 
student 236: 5 11 12 9 4 18 6 2 20 8 1 17 13 7 19 16 10 15 14 3 
student 237: 11 4 12 6 3 17 8 1 10 18 14 7 13 2 16 19 9 15 20 5 
student 238: 10 8 16 5 1 17 2 4 19 6 7 11 15 3 13 20 12 14 18 9 
student 239: 13 3 8 7 9 19 2 14 20 4 1 10 17 6 18 11 12 15 16 5 
student 240: 7 6 14 18 5 16 2 4 13 12 8 20 15 3 17 19 11 1 9 10 
student 241: 11 6 5 15 7 17 1 13 18 12 4 9 2 3 20 10 19 14 16 8 
student 242: 9 5 12 10 1 16 3 17 19 8 7 20 14 2 13 4 15 11 18 6 
student 243: 15 1 3 10 7 19 2 6 20 12 9 13 11 5 18 17 16 4 14 8 
student 244: 6 11 12 7 3 18 5 10 16 14 4 19 9 2 17 20 15 8 13 1 
student 245: 5 1 6 12 7 18 9 3 20 13 8 10 16 2 17 11 19 14 15 4 
student 246: 4 3 7 9 8 19 1 6 12 11 10 16 13 2 14 20 18 15 17 5 
student 247: 4 8 16 9 3 14 2 10 20 6 1 17 11 7 13 18 19 12 15 5 
student 248: 10 5 13 15 9 18 1 3 19 7 6 12 11 2 16 17 8 14 20 4 
student 249: 10 5 14 8 7 19 1 4 20 13 6 16 15 2 17 18 12 11 9 3 
student 250: 14 4 8 20 9 19 1 2 18 7 5 6 11 3 16 13 12 17 15 10 
student 251: 7 9 14 8 10 20 3 1 18 2 13 16 6 11 15 17 5 12 19 4 
student 252: 10 1 14 4 6 12 2 5 7 17 19 8 20 3 13 18 11 9 16 15 
student 253: 11 5 3 13 7 14 1 2 19 9 4 12 20 6 15 10 17 16 18 8 
student 254: 20 4 17 11 10 16 1 5 2 13 3 9 7 8 15 18 19 14 12 6 
student 255: 2 3 9 19 7 17 1 4 18 10 5 13 16 6 20 12 11 14 15 8 
student 256: 11 4 16 9 7 13 1 5 18 3 8 6 12 2 20 15 19 17 10 14 
student 257: 13 5 17 12 2 16 10 3 15 14 6 19 7 1 20 18 9 11 8 4 
student 258: 2 1 12 3 10 13 6 11 18 20 4 19 15 7 14 16 9 8 17 5 
student 259: 11 3 9 4 14 20 5 2 19 13 6 17 8 1 12 15 18 7 16 10 
student 260: 3 5 4 8 10 19 6 9 18 16 7 17 15 11 14 20 1 13 12 2 
student 261: 9 6 8 20 10 11 1 7 19 12 2 15 14 3 17 18 13 4 16 5 
student 262: 12 1 3 11 8 18 5 2 20 15 6 17 9 10 16 13 14 4 19 7 
student 263: 7 5 9 8 13 18 1 3 17 14 6 16 19 2 11 20 12 4 15 10 
student 264: 6 5 19 2 3 16 1 8 20 11 10 18 7 4 12 17 14 13 15 9 
student 265: 6 7 13 8 9 10 5 2 18 1 3 11 19 4 12 20 16 15 17 14 
student 266: 3 7 6 4 1 18 10 5 19 11 17 9 16 2 13 12 15 8 20 14 
student 267: 8 6 10 9 3 14 1 5 16 20 7 12 11 2 17 18 15 13 19 4 
student 268: 5 7 12 8 3 16 1 9 17 10 6 15 13 2 11 18 20 14 19 4 
student 269: 17 9 6 3 5 8 10 1 20 14 4 13 7 2 12 19 18 11 16 15 
student 270: 5 7 8 9 12 19 1 4 20 10 18 14 15 13 2 17 16 11 3 6 
student 271: 4 1 9 10 5 20 7 8 16 6 2 19 13 3 17 11 14 12 18 15 
student 272: 8 1 4 5 9 14 3 12 13 7 10 11 20 6 19 17 16 2 18 15 
student 273: 9 3 6 11 5 18 4 1 17 12 2 14 10 8 16 19 13 15 20 7 
student 274: 13 2 16 15 7 19 3 10 20 17 1 6 11 9 14 18 12 8 5 4 
student 275: 6 1 10 9 5 14 2 7 19 11 18 15 17 3 12 16 20 4 13 8 
student 276: 1 12 8 3 11 17 2 4 15 16 5 20 14 9 13 10 19 18 7 6 
student 277: 16 6 19 7 5 17 3 2 20 1 8 14 9 4 10 15 11 12 18 13 
student 278: 11 1 15 17 7 19 4 6 20 8 3 2 14 5 13 16 12 10 18 9 
student 279: 7 5 13 12 2 18 3 1 14 6 4 16 17 8 15 19 9 10 20 11 
student 280: 3 9 5 6 2 15 10 8 19 20 7 13 12 1 4 18 16 17 11 14 
student 281: 12 8 9 7 14 18 5 4 16 10 1 13 15 2 17 6 19 11 20 3 
student 282: 9 7 14 10 8 18 5 2 12 15 4 20 17 1 13 16 6 11 19 3 
student 283: 5 10 19 3 6 15 1 8 20 9 2 18 16 4 11 12 7 17 13 14 
student 284: 12 6 10 9 4 20 5 1 14 16 3 18 11 7 13 17 2 15 19 8 
student 285: 10 13 8 9 3 15 4 18 19 7 6 14 12 2 17 11 16 1 20 5 
student 286: 7 1 14 11 10 20 5 4 18 13 2 19 15 6 17 16 9 8 12 3 
student 287: 4 3 10 7 5 16 2 8 15 11 6 17 13 1 19 12 9 18 20 14 
student 288: 7 4 11 9 6 16 1 5 20 3 12 18 8 2 13 15 19 10 17 14 
student 289: 8 1 6 10 7 18 5 3 19 17 11 13 9 2 15 12 20 14 16 4 
student 290: 14 2 11 6 10 17 3 1 16 13 4 15 7 5 18 19 9 12 20 8 
student 291: 7 6 9 8 5 20 2 4 12 15 10 14 11 3 17 13 19 16 18 1 
student 292: 8 5 12 9 6 18 1 2 20 10 7 13 14 3 17 19 16 11 15 4 
student 293: 12 6 10 7 11 19 2 3 20 15 9 13 17 4 5 14 18 1 16 8 
student 294: 1 4 15 2 13 16 7 5 20 9 10 12 8 3 19 11 14 6 18 17 
student 295: 8 5 15 14 1 16 4 3 20 10 9 13 11 2 19 18 12 7 17 6 
student 296: 6 2 11 9 5 17 8 3 18 10 1 7 12 14 19 15 20 13 16 4 
student 297: 5 4 9 11 10 18 1 2 14 15 7 8 12 3 16 19 17 13 20 6 
student 298: 10 2 19 15 8 18 1 11 20 6 3 12 5 4 14 17 16 9 13 7 
student 299: 7 11 12 8 9 19 6 4 20 18 5 13 10 2 16 17 14 3 15 1 
student 300: 10 1 9 8 3 20 2 7 19 11 5 13 18 4 14 17 15 12 16 6 
student 301: 16 5 8 14 10 17 1 3 20 11 2 18 6 7 13 19 12 4 15 9 
student 302: 11 8 6 9 7 19 4 2 15 14 3 13 12 1 16 20 17 10 18 5 
student 303: 10 2 15 5 7 19 3 4 18 12 6 20 17 1 11 14 13 8 16 9 
student 304: 14 3 11 16 10 6 1 8 17 5 7 4 20 2 15 13 12 18 19 9 
student 305: 10 8 7 6 12 18 1 4 20 19 3 15 11 2 9 13 14 17 16 5 
student 306: 10 2 5 18 6 17 3 4 20 12 1 13 9 7 8 16 19 14 15 11 
student 307: 15 4 17 16 6 10 5 2 20 13 1 8 11 3 12 14 18 9 19 7 
student 308: 10 2 11 14 9 15 1 3 20 16 5 17 6 4 18 13 19 12 8 7 
student 309: 8 4 9 15 5 18 6 1 20 12 3 19 10 2 16 13 11 7 17 14 
student 310: 6 9 17 5 7 18 3 2 13 14 1 20 15 4 12 19 10 11 16 8 
student 311: 5 4 7 6 13 17 1 3 16 11 9 19 12 8 14 20 15 2 18 10 
student 312: 1 14 7 5 3 11 9 10 20 15 6 8 18 2 16 17 19 4 12 13 
student 313: 14 4 16 12 8 20 7 1 18 9 3 13 11 5 6 17 19 15 10 2 
student 314: 3 4 8 7 11 16 2 6 17 12 9 18 5 1 10 15 19 14 20 13 
student 315: 8 2 11 9 7 19 5 1 18 13 6 12 14 4 15 10 20 17 16 3 
student 316: 11 4 9 5 2 20 1 7 19 10 3 15 13 6 14 18 16 12 17 8 
student 317: 13 6 8 4 2 15 3 5 16 14 7 18 11 1 10 17 19 12 20 9 
student 318: 18 3 13 8 4 15 2 16 12 10 1 9 14 19 11 7 20 5 17 6 
student 319: 7 13 15 8 3 20 1 9 14 11 4 19 10 2 5 17 18 16 12 6 
student 320: 5 2 18 6 17 12 3 4 14 13 10 15 1 8 20 16 19 9 7 11 
student 321: 7 8 12 9 4 20 2 3 16 15 6 19 17 1 13 11 18 10 14 5 
student 322: 4 1 16 5 10 18 7 2 14 8 6 17 11 3 9 20 15 13 19 12 
student 323: 1 7 17 12 5 20 4 11 16 18 2 9 10 3 13 14 15 8 19 6 
student 324: 8 7 15 12 11 18 6 4 20 10 5 17 14 3 9 16 2 13 19 1 
student 325: 8 11 12 5 15 19 1 6 18 9 2 14 20 3 10 13 17 7 16 4 
student 326: 16 9 7 4 3 15 1 8 20 6 13 17 14 2 10 19 12 5 18 11 
student 327: 5 3 12 11 10 18 8 2 19 16 13 9 4 1 15 20 14 6 17 7 
student 328: 2 6 13 7 8 18 10 4 19 5 3 12 9 1 15 20 17 14 16 11 
student 329: 2 6 8 10 1 16 4 15 17 19 7 9 18 3 20 12 11 13 14 5 
student 330: 20 11 7 14 3 19 2 13 16 6 4 10 15 1 12 8 9 17 18 5 
student 331: 9 5 11 6 12 19 2 3 18 14 10 17 4 7 16 20 15 8 13 1 
student 332: 7 4 10 6 16 19 1 5 20 12 3 14 11 2 13 17 15 9 18 8 
student 333: 13 5 11 9 4 18 2 3 19 8 1 10 17 6 14 20 16 12 15 7 
student 334: 8 3 20 13 5 19 2 7 16 6 1 12 10 4 18 14 11 15 17 9 
student 335: 20 6 3 14 5 16 7 2 11 9 4 10 19 1 13 12 15 8 18 17 
student 336: 3 6 14 11 2 17 12 15 16 10 4 18 5 1 19 13 7 20 9 8 
student 337: 8 9 10 11 14 16 1 2 20 7 6 17 15 3 13 18 12 5 19 4 
student 338: 14 3 10 8 6 15 4 2 18 16 5 17 12 1 13 11 19 9 20 7 
student 339: 17 4 10 2 11 16 1 3 7 9 6 14 18 5 12 20 15 8 13 19 
student 340: 14 3 6 5 9 15 2 7 19 20 1 16 18 4 11 13 10 8 17 12 
student 341: 9 5 14 15 8 20 3 1 19 11 7 16 2 4 12 17 18 10 13 6 
student 342: 7 5 9 1 8 19 2 4 17 10 6 11 12 3 16 20 18 15 13 14 
student 343: 7 4 1 8 10 11 3 5 16 13 17 18 14 2 20 19 9 6 15 12 
student 344: 5 12 16 7 4 20 6 3 17 8 2 13 18 1 9 11 15 14 19 10 
student 345: 7 1 5 12 9 15 2 11 19 20 4 14 10 3 13 18 17 16 6 8 
student 346: 12 3 10 5 8 20 2 7 19 9 4 13 14 1 16 15 17 11 18 6 
student 347: 2 9 16 1 6 17 4 3 12 15 7 10 20 5 18 14 13 11 19 8 
student 348: 8 11 14 3 10 18 6 2 19 12 1 16 17 5 7 20 13 4 15 9 
student 349: 14 2 13 4 5 19 7 1 20 10 6 3 9 11 15 17 8 16 18 12 
student 350: 11 3 9 10 14 17 4 8 18 16 5 12 6 1 19 20 13 2 15 7 
student 351: 7 3 15 10 6 18 5 2 20 17 4 9 11 1 14 16 12 13 19 8 
student 352: 8 12 11 6 3 17 1 2 4 7 15 18 16 5 20 19 13 10 14 9 
student 353: 12 7 14 15 8 20 2 6 19 3 1 17 11 5 4 18 13 10 16 9 
student 354: 5 1 7 8 9 19 2 6 16 17 4 12 18 3 14 20 10 11 15 13 
student 355: 9 8 11 7 4 18 2 5 20 19 3 15 17 1 12 16 14 13 10 6 
student 356: 3 1 7 11 6 20 5 4 10 12 2 13 17 8 18 16 19 9 15 14 
student 357: 2 11 13 12 6 19 1 14 20 9 5 15 8 4 17 18 16 7 10 3 
student 358: 9 4 13 14 10 19 3 2 20 15 6 8 18 1 17 16 11 7 12 5 
student 359: 10 2 8 7 14 16 1 4 19 12 6 17 9 3 11 18 15 13 20 5 
student 360: 6 10 13 12 14 20 3 4 9 8 5 11 16 2 19 17 15 1 18 7 
student 361: 13 9 5 2 1 17 8 10 6 15 3 7 14 4 18 19 16 11 20 12 
student 362: 7 11 6 8 4 19 5 3 17 16 1 10 20 2 14 13 18 9 15 12 
student 363: 12 5 13 4 7 18 2 1 20 15 6 16 8 3 19 11 14 9 17 10 
student 364: 8 1 19 13 10 20 2 3 18 16 4 12 9 7 14 15 11 5 17 6 
student 365: 7 15 12 9 2 18 3 13 20 4 14 8 5 1 19 16 17 10 11 6 
student 366: 4 10 9 20 2 18 5 1 19 7 14 12 13 6 15 17 3 11 16 8 
student 367: 15 19 14 5 2 13 9 4 7 11 8 1 16 3 10 18 17 12 20 6 
student 368: 8 3 9 11 1 16 6 4 15 13 10 20 14 2 12 17 7 19 18 5 
student 369: 7 3 10 8 11 15 4 2 18 9 5 16 14 1 19 13 12 17 20 6 
student 370: 4 3 8 12 10 15 6 5 18 11 7 13 17 1 14 20 16 9 19 2 
student 371: 9 5 11 6 7 20 3 2 15 12 4 10 18 1 16 19 14 13 17 8 
student 372: 11 6 12 3 9 17 1 7 20 13 8 18 19 2 14 10 16 5 15 4 
student 373: 3 15 10 11 4 19 1 9 20 8 2 18 13 7 16 5 14 12 17 6 
student 374: 10 8 4 9 6 18 1 3 16 15 14 13 11 2 20 19 7 12 17 5 
student 375: 13 10 3 16 12 20 2 4 8 19 6 11 15 1 14 18 9 5 17 7 
student 376: 19 6 7 1 5 16 2 4 13 9 11 17 15 3 18 20 12 8 14 10 
student 377: 20 6 12 10 8 19 4 3 18 1 5 13 11 2 9 16 14 15 17 7 
student 378: 10 12 13 3 6 14 1 8 11 15 2 19 17 5 4 20 7 16 18 9 
student 379: 7 1 10 6 8 9 5 2 19 13 4 17 11 3 16 15 20 12 18 14 
student 380: 15 14 5 11 13 19 2 8 20 12 4 7 18 3 17 9 6 10 16 1 
student 381: 10 3 19 6 16 14 1 2 20 11 8 15 12 4 5 13 18 7 17 9 
student 382: 11 1 13 2 7 15 4 8 20 3 12 19 14 9 16 18 17 10 6 5 
student 383: 13 8 9 6 7 19 1 5 20 11 3 10 12 2 18 14 17 15 16 4 
student 384: 14 13 5 10 3 18 7 6 20 16 1 15 12 2 19 11 9 4 17 8 
student 385: 5 1 14 7 13 20 4 6 19 10 2 17 16 8 15 12 18 9 11 3 
student 386: 10 2 17 7 9 12 1 4 19 13 6 11 14 3 18 15 16 8 20 5 
student 387: 3 5 8 14 7 19 2 4 20 6 13 17 15 1 10 18 12 11 16 9 
student 388: 11 1 12 8 16 18 4 3 19 20 7 5 13 2 14 17 10 6 15 9 
student 389: 5 12 9 1 4 8 7 2 19 15 3 14 18 6 17 11 20 13 16 10 
student 390: 11 10 13 6 4 17 3 1 19 14 2 12 9 8 16 20 18 7 15 5 
student 391: 14 6 11 7 18 19 3 2 17 8 9 16 12 5 20 15 10 4 13 1 
student 392: 11 17 16 4 7 15 3 2 13 14 10 8 19 5 9 6 18 1 20 12 
student 393: 11 10 12 5 7 15 1 2 18 16 3 14 9 4 13 19 20 8 17 6 
student 394: 10 4 12 15 14 17 1 3 20 11 6 13 8 2 9 18 5 19 16 7 
student 395: 4 6 9 8 7 20 5 3 18 13 2 1 17 11 16 19 15 14 10 12 
student 396: 11 10 6 7 12 14 1 4 17 18 2 15 8 3 19 20 9 16 13 5 
student 397: 6 5 20 12 7 14 4 3 16 9 2 15 18 1 11 13 10 17 19 8 
student 398: 14 1 6 11 4 19 3 5 16 15 2 18 20 7 12 13 10 9 17 8 
student 399: 17 9 10 11 6 5 2 4 19 14 3 15 7 8 13 20 12 18 16 1 
student 400: 1 3 9 10 11 8 6 7 20 12 14 16 13 5 18 19 4 15 17 2 
student 401: 15 5 11 3 1 17 4 2 14 9 7 12 8 6 13 18 19 20 16 10 
student 402: 12 3 10 9 8 20 1 2 15 17 5 13 14 7 16 19 4 6 18 11 
student 403: 2 6 8 13 1 20 4 10 16 14 7 3 17 5 19 15 12 11 18 9 
student 404: 14 12 5 13 7 20 2 4 9 10 6 19 3 1 16 18 15 11 17 8 
student 405: 16 7 10 11 5 13 2 4 15 17 1 19 20 3 9 14 18 12 6 8 
student 406: 6 7 14 3 11 16 9 5 17 10 2 18 20 4 12 19 1 15 13 8 
student 407: 4 1 16 6 5 18 7 2 19 11 13 8 12 3 14 10 17 15 20 9 
student 408: 12 8 6 15 7 16 2 1 20 5 10 17 14 4 11 18 9 13 19 3 
student 409: 17 16 15 5 3 20 2 12 13 19 4 6 18 8 10 9 11 1 14 7 
student 410: 1 5 11 9 8 20 2 6 18 13 7 14 12 3 19 4 17 16 15 10 
student 411: 6 2 9 7 4 17 15 1 12 16 13 10 8 14 18 11 19 3 20 5 
student 412: 14 16 6 15 2 18 4 1 17 7 3 12 9 5 20 19 13 10 11 8 
student 413: 13 3 15 5 1 20 2 8 16 18 4 14 12 7 19 9 17 10 6 11 
student 414: 10 4 9 6 14 17 7 3 19 12 2 13 8 1 16 11 20 5 18 15 
student 415: 7 4 11 12 6 20 1 8 18 14 9 2 19 3 16 17 15 10 13 5 
student 416: 1 7 19 15 2 13 8 5 17 12 11 14 6 3 18 20 9 10 16 4 
student 417: 1 7 9 3 10 18 15 11 19 13 4 5 8 2 14 20 12 16 17 6 
student 418: 13 7 9 15 11 17 1 12 20 3 4 14 6 2 16 18 19 8 10 5 
student 419: 7 2 18 11 12 20 3 6 14 8 4 9 16 1 15 17 5 13 19 10 
student 420: 8 7 10 6 5 18 1 4 17 19 3 9 11 2 14 13 16 15 20 12 
student 421: 9 6 10 13 3 12 2 7 19 16 4 20 15 1 5 18 14 11 17 8 
student 422: 13 2 17 20 3 15 12 5 11 10 1 14 6 7 18 19 8 9 16 4 
student 423: 7 8 14 13 6 19 4 1 18 20 10 16 5 2 9 17 11 3 15 12 
student 424: 6 13 7 5 3 16 2 12 14 20 8 17 9 4 10 19 15 18 11 1 
student 425: 9 2 12 14 4 20 1 7 19 16 5 6 15 3 13 17 18 11 10 8 
student 426: 8 13 7 9 16 18 1 2 4 15 10 14 12 6 3 20 17 11 19 5 
student 427: 6 5 9 17 3 20 1 4 10 11 7 14 19 2 12 16 15 8 18 13 
student 428: 12 2 17 11 13 19 7 3 20 8 4 15 10 6 14 18 9 1 16 5 
student 429: 7 2 4 6 13 11 3 5 18 12 8 19 10 1 17 20 16 15 9 14 
student 430: 7 2 17 16 9 19 5 1 20 10 4 13 6 3 14 11 15 12 18 8 
student 431: 8 1 9 6 4 19 3 2 16 10 20 15 14 13 17 7 11 5 18 12 
student 432: 1 15 9 8 11 13 3 5 20 17 4 18 14 2 16 10 12 7 19 6 
student 433: 1 9 8 10 14 17 2 6 19 13 3 15 7 4 18 12 11 5 20 16 
student 434: 8 7 3 12 1 13 2 4 18 9 16 14 11 6 10 20 15 5 19 17 
student 435: 10 4 11 3 1 18 2 7 19 17 5 13 12 6 16 20 9 14 15 8 
student 436: 11 6 16 7 4 20 3 10 14 19 2 18 9 1 17 12 13 8 15 5 
student 437: 11 3 9 6 4 18 1 7 20 10 16 13 5 2 17 19 14 12 15 8 
student 438: 13 3 12 10 6 19 5 1 2 18 9 14 16 4 20 11 17 8 15 7 
student 439: 3 7 17 4 5 11 2 6 15 16 9 14 13 1 8 19 18 12 20 10 
student 440: 18 11 8 9 2 10 7 1 20 16 4 15 13 5 17 19 14 12 6 3 
student 441: 2 1 6 15 12 16 5 10 19 7 8 18 11 3 20 17 9 14 13 4 
student 442: 4 6 19 8 3 17 1 5 20 10 9 15 11 2 14 16 12 7 18 13 
student 443: 11 5 14 7 10 12 2 1 20 16 8 18 9 6 15 19 3 4 17 13 
student 444: 9 1 11 5 2 20 7 8 16 12 6 14 15 3 17 19 4 13 18 10 
student 445: 5 7 10 13 9 18 1 6 19 11 3 4 8 2 12 16 14 17 20 15 
student 446: 8 4 14 15 5 16 17 2 18 10 6 12 11 1 9 13 19 7 20 3 
student 447: 5 1 7 13 6 17 4 10 20 9 3 11 8 2 16 18 12 15 19 14 
student 448: 11 13 12 3 9 19 2 1 20 5 10 15 8 7 17 18 16 14 4 6 
student 449: 14 4 16 11 7 18 3 2 19 8 5 15 17 1 10 6 9 12 20 13 
student 450: 6 11 4 7 5 17 8 3 19 18 2 10 9 1 14 20 16 12 15 13 
student 451: 9 1 11 14 6 20 5 2 17 4 8 12 10 3 19 18 15 13 16 7 
student 452: 9 12 8 15 6 16 7 1 5 19 2 20 4 11 3 18 10 17 13 14 
student 453: 9 6 7 12 5 16 4 11 20 14 8 19 18 1 13 15 17 2 10 3 
student 454: 10 8 14 3 6 20 7 2 18 13 12 5 15 1 9 19 16 4 17 11 
student 455: 8 5 9 1 3 19 6 4 17 11 15 18 16 2 13 14 12 10 20 7 
student 456: 18 2 10 6 5 14 1 9 19 13 11 15 12 4 17 8 7 16 20 3 
student 457: 6 11 12 9 3 15 2 4 20 7 1 17 8 18 13 14 16 10 19 5 
student 458: 8 5 10 6 12 20 7 3 11 19 4 18 17 2 14 15 13 9 16 1 
student 459: 14 7 12 4 10 13 6 1 17 18 3 19 11 2 8 16 15 9 20 5 
student 460: 5 6 14 10 7 19 4 1 20 12 3 16 13 2 18 15 8 11 17 9 
student 461: 13 6 19 15 7 20 2 3 9 5 4 14 11 1 16 8 10 17 18 12 
student 462: 17 5 16 6 10 18 3 1 19 7 2 12 14 4 11 15 8 13 20 9 
student 463: 4 2 3 6 7 19 1 11 17 9 5 20 10 8 18 12 14 13 16 15 
student 464: 10 3 12 9 1 19 2 14 17 13 4 20 16 6 15 18 5 7 11 8 
student 465: 9 3 1 2 15 19 5 10 20 12 4 11 13 6 17 14 18 7 16 8 
student 466: 6 1 14 8 3 17 5 12 18 13 4 19 9 2 15 16 10 7 20 11 
student 467: 7 8 2 9 6 18 3 4 15 14 1 17 13 5 12 20 19 10 16 11 
student 468: 3 1 10 12 8 20 5 2 19 13 9 14 16 7 18 11 4 15 17 6 
student 469: 10 4 9 7 3 15 2 1 19 14 5 12 17 6 11 16 8 18 13 20 
student 470: 10 4 3 2 16 8 6 9 18 12 5 15 17 1 11 14 20 13 19 7 
student 471: 6 9 11 14 5 19 2 4 20 1 13 15 10 3 18 17 8 7 12 16 
student 472: 5 3 13 15 4 17 1 2 20 6 11 12 10 9 14 18 16 8 19 7 
student 473: 8 4 11 7 5 18 2 1 16 12 6 9 14 3 13 15 17 10 20 19 
student 474: 12 5 11 8 6 20 4 3 19 9 2 10 17 1 16 15 13 14 18 7 
student 475: 15 4 5 3 10 18 7 8 20 12 6 19 17 2 13 9 14 11 16 1 
student 476: 4 8 12 14 5 18 1 3 20 15 7 13 10 11 9 17 16 6 19 2 
student 477: 5 6 17 4 7 20 3 2 16 10 14 9 15 1 13 19 11 12 18 8 
student 478: 6 4 12 7 2 14 1 3 20 16 5 15 10 11 18 19 13 9 17 8 
student 479: 7 14 17 9 5 18 8 1 16 10 3 13 12 6 15 19 4 11 20 2 
student 480: 12 4 8 9 3 19 2 11 14 16 6 13 10 1 15 18 7 17 20 5 
student 481: 14 2 20 13 7 19 1 3 12 17 8 9 6 4 15 11 10 16 18 5 
student 482: 12 5 9 15 6 18 2 1 16 13 8 14 17 4 10 19 20 3 7 11 
student 483: 7 8 6 13 1 9 3 2 19 17 10 18 11 4 16 15 14 12 20 5 
student 484: 6 9 8 13 7 11 3 2 19 12 4 15 10 1 14 16 20 17 18 5 
student 485: 19 1 5 4 7 20 2 3 16 12 6 15 18 13 10 14 8 11 17 9 
student 486: 6 4 7 8 11 19 1 3 18 10 9 12 13 2 20 17 14 5 16 15 
student 487: 2 11 20 10 6 18 1 8 16 17 3 5 13 7 12 15 9 4 19 14 
student 488: 8 4 10 2 12 17 5 1 20 14 3 9 15 11 16 19 18 7 13 6 
student 489: 11 3 8 14 9 20 4 1 19 13 7 6 12 5 18 17 16 2 15 10 
student 490: 8 10 11 12 4 20 7 1 16 18 9 15 14 2 19 17 6 5 13 3 
student 491: 2 1 14 10 4 19 6 12 18 15 8 11 9 3 16 20 13 5 17 7 
student 492: 10 5 2 13 8 20 1 4 19 15 7 16 11 6 17 14 18 3 12 9 
student 493: 15 10 8 9 3 14 6 5 20 7 2 11 13 4 17 19 18 12 16 1 
student 494: 1 4 10 8 17 15 2 3 20 12 14 6 18 5 19 16 7 11 13 9 
student 495: 7 1 5 12 10 14 2 8 17 11 3 15 4 6 19 18 16 13 20 9 
student 496: 6 17 9 5 7 20 4 19 16 3 2 10 11 1 14 18 12 8 15 13 
student 497: 2 1 3 8 12 19 5 7 13 11 6 14 10 4 15 20 16 18 17 9 
student 498: 13 6 9 5 4 20 7 3 19 14 1 11 18 2 15 16 12 8 17 10 
student 499: 9 10 7 11 14 15 1 6 20 2 5 16 13 12 17 18 4 8 19 3 
student 500: 3 6 13 11 12 18 10 1 16 19 8 7 9 5 4 15 17 14 20 2 
student 501: 7 4 6 9 11 15 5 3 20 17 16 19 10 2 8 12 14 1 18 13 
student 502: 4 12 7 10 9 20 5 3 16 15 1 14 11 2 18 19 6 13 17 8 
student 503: 4 6 13 11 10 20 1 2 19 16 5 9 8 3 17 15 14 12 18 7 
student 504: 20 9 4 13 12 18 3 2 19 17 5 7 14 1 10 11 15 8 16 6 
student 505: 8 6 7 4 9 20 1 5 18 16 11 17 15 3 14 10 19 13 12 2 
student 506: 16 9 8 11 12 14 3 1 19 10 5 13 15 4 18 17 6 2 20 7 
student 507: 6 1 8 9 7 18 5 3 13 19 11 10 14 4 17 20 12 15 16 2 
student 508: 18 8 6 5 3 20 2 4 19 15 9 11 17 1 10 16 7 13 14 12 
student 509: 13 7 20 3 15 14 1 10 18 9 2 8 12 4 6 17 16 5 19 11 
student 510: 5 3 14 8 1 18 2 6 20 7 4 11 15 9 13 17 10 12 19 16 
student 511: 2 13 11 8 5 19 3 6 12 14 4 15 9 1 7 18 16 10 17 20 
student 512: 4 6 11 13 9 18 8 2 17 14 7 19 5 1 16 15 12 3 20 10 
student 513: 9 11 14 13 6 20 3 5 17 8 2 10 1 4 18 15 19 12 16 7 
student 514: 8 4 5 10 6 13 2 14 15 9 3 16 17 1 18 20 12 11 19 7 
student 515: 9 2 15 11 6 14 1 3 7 18 4 8 13 5 16 20 17 10 19 12 
student 516: 16 15 3 9 1 18 8 10 14 11 6 2 12 4 5 17 19 13 20 7 
student 517: 4 3 16 9 6 19 8 2 12 5 1 18 11 7 17 15 14 13 20 10 
student 518: 7 1 10 16 8 18 2 6 13 17 5 19 9 4 14 15 11 3 20 12 
student 519: 5 12 9 10 6 20 2 7 17 13 1 16 14 3 15 18 11 8 19 4 
student 520: 11 3 9 12 4 8 2 1 20 6 10 18 7 5 19 14 16 13 15 17 
student 521: 13 6 16 7 4 15 1 2 17 10 5 19 18 3 12 14 11 8 20 9 
student 522: 6 1 20 7 5 19 2 10 17 9 3 16 8 15 18 11 13 12 14 4 
student 523: 8 14 1 9 7 20 2 5 18 6 3 15 11 12 19 13 16 10 17 4 
student 524: 13 3 2 9 7 18 11 5 19 12 6 14 16 1 17 20 15 4 10 8 
student 525: 6 2 11 10 5 17 4 3 14 8 9 20 15 1 13 12 18 7 19 16 
student 526: 13 7 9 5 6 19 1 4 17 20 3 16 14 12 10 15 18 8 11 2 
student 527: 4 13 16 11 6 10 2 1 20 17 7 8 5 3 18 14 15 19 9 12 
student 528: 5 4 12 9 6 17 8 1 18 10 11 13 7 2 19 16 14 15 20 3 
student 529: 4 5 7 6 2 16 1 3 17 9 12 20 15 10 14 19 18 8 13 11 
student 530: 12 5 2 9 4 19 1 8 20 15 7 16 13 3 18 11 6 14 17 10 
student 531: 8 6 10 15 4 19 1 2 17 3 11 5 14 7 20 13 18 9 16 12 
student 532: 6 4 8 11 15 20 5 7 19 9 1 3 13 2 16 17 14 12 18 10 
student 533: 14 1 10 12 6 20 7 5 4 16 8 18 13 2 15 19 17 9 11 3 
student 534: 3 5 11 15 7 19 6 10 14 13 2 16 9 1 8 18 17 12 20 4 
student 535: 7 13 14 2 6 5 8 1 20 9 11 15 16 4 18 10 12 3 19 17 
student 536: 6 1 4 17 10 18 7 12 9 5 3 11 2 14 19 20 15 16 8 13 
student 537: 13 5 14 18 3 15 2 4 20 17 10 19 16 1 11 9 6 12 8 7 
student 538: 5 2 13 8 9 17 3 4 19 11 1 18 15 7 12 20 6 14 16 10 
student 539: 3 9 18 19 6 17 1 8 20 12 4 10 7 5 16 15 13 14 11 2 
student 540: 11 2 13 15 8 17 1 4 19 12 6 7 14 3 9 16 20 5 18 10 
student 541: 11 5 17 1 6 4 2 13 14 15 8 18 16 3 19 12 9 10 20 7 
student 542: 12 4 7 5 6 13 3 8 20 9 2 16 19 1 14 18 17 15 10 11 
student 543: 10 1 14 3 6 15 11 5 18 17 7 19 12 4 9 20 8 13 16 2 
student 544: 12 3 14 13 1 18 7 4 15 6 5 16 8 2 20 17 10 11 19 9 
student 545: 11 5 17 13 4 18 3 6 15 7 9 19 1 2 14 16 10 8 20 12 
student 546: 19 2 16 1 7 18 3 4 17 9 5 13 12 11 10 15 14 8 20 6 
student 547: 3 5 19 11 7 20 1 12 17 14 8 9 18 4 10 6 13 16 15 2 
student 548: 9 4 16 7 11 19 1 3 20 17 8 13 5 2 10 14 18 12 15 6 
student 549: 12 3 5 13 2 20 7 8 19 10 6 16 14 1 17 18 15 9 11 4 
student 550: 13 2 11 6 9 20 1 3 12 4 7 16 10 5 14 19 18 15 17 8 
student 551: 17 8 12 4 2 15 1 5 20 10 3 16 11 7 6 13 19 9 18 14 
student 552: 6 7 12 13 9 19 5 1 20 2 3 16 11 15 18 8 10 4 14 17 
student 553: 5 1 16 7 6 20 2 4 12 13 3 18 10 8 17 15 14 9 19 11 
student 554: 14 1 9 5 2 19 3 4 13 16 7 12 10 6 17 20 18 8 15 11 
student 555: 10 3 15 11 6 20 1 4 16 18 17 12 2 8 14 19 7 13 9 5 
student 556: 17 5 9 7 2 16 3 4 19 18 8 14 13 1 15 10 12 6 20 11 
student 557: 8 4 11 9 2 14 1 5 19 10 6 17 16 3 15 7 18 13 20 12 
student 558: 14 1 12 11 5 20 10 3 19 15 6 13 9 2 7 18 16 4 17 8 
student 559: 15 16 10 7 4 18 2 3 19 17 5 12 14 6 20 11 1 9 13 8 
student 560: 1 10 16 4 2 20 7 6 19 8 3 13 15 9 12 18 11 14 17 5 
student 561: 2 1 9 12 6 20 7 4 11 15 10 18 19 3 8 17 14 13 16 5 
student 562: 9 2 6 10 7 12 3 8 19 16 11 13 18 5 17 20 4 15 14 1 
student 563: 2 6 5 7 12 17 1 4 20 10 9 19 15 3 11 16 14 13 18 8 
student 564: 4 1 14 2 6 9 5 11 17 12 7 19 13 8 18 15 10 16 20 3 
student 565: 7 3 6 12 2 16 4 9 19 15 1 20 17 5 8 14 18 11 13 10 
student 566: 15 1 7 13 12 18 2 4 19 3 10 9 8 5 14 17 20 6 16 11 
student 567: 12 17 9 11 8 19 3 4 20 10 2 15 16 6 13 7 14 5 18 1 
student 568: 5 4 10 14 11 15 1 3 20 17 9 8 13 2 18 19 12 7 16 6 
student 569: 14 6 5 4 20 19 1 2 16 8 3 7 13 12 15 11 17 10 18 9 
student 570: 5 10 9 7 2 13 4 3 20 15 8 12 17 1 11 18 14 16 19 6 
student 571: 4 7 13 10 8 19 2 9 20 12 1 18 6 5 15 14 11 3 16 17 
student 572: 15 5 6 12 8 17 4 2 18 10 7 13 3 1 16 14 11 19 20 9 
student 573: 18 3 16 5 14 10 2 1 17 12 4 9 13 7 11 19 20 8 15 6 
student 574: 16 14 12 3 2 19 5 1 18 10 6 11 7 4 15 13 17 9 20 8 
student 575: 5 4 9 7 3 16 2 6 17 15 11 10 14 13 18 19 12 20 8 1 
student 576: 11 8 12 9 7 20 3 2 18 10 5 6 15 1 17 13 14 4 16 19 
student 577: 9 13 6 4 5 19 1 3 20 16 10 14 17 2 15 11 18 8 12 7 
student 578: 4 1 15 6 2 19 5 12 18 17 7 14 20 3 10 16 8 9 13 11 
student 579: 6 8 18 13 5 20 4 2 17 14 1 11 16 3 19 15 7 9 12 10 
student 580: 7 5 6 9 13 16 1 4 19 15 3 10 18 2 12 8 17 11 20 14 
student 581: 7 8 17 9 4 11 2 3 1 20 12 14 10 5 6 16 19 13 15 18 
student 582: 6 1 17 9 8 20 2 7 19 18 5 11 14 3 16 15 10 4 13 12 
student 583: 14 3 13 7 9 18 6 1 15 11 5 16 20 8 12 19 4 10 17 2 
student 584: 9 11 7 10 8 14 1 4 19 6 5 15 12 3 13 18 20 16 17 2 
student 585: 1 8 20 14 9 16 3 4 18 13 5 2 10 19 11 15 12 7 17 6 
student 586: 14 4 1 6 3 11 2 5 20 10 7 15 17 8 13 16 19 12 18 9 
student 587: 15 5 4 18 2 17 1 6 14 9 13 8 3 12 16 20 11 10 19 7 
student 588: 4 14 8 16 6 19 1 5 20 11 7 12 9 3 15 13 17 2 18 10 
student 589: 3 5 2 8 1 19 4 11 20 13 6 10 15 7 14 16 17 9 18 12 
student 590: 5 12 10 11 2 17 1 3 18 15 4 16 8 6 13 14 20 9 19 7 
student 591: 15 2 16 3 5 18 6 7 8 9 10 13 12 1 17 11 19 14 20 4 
student 592: 4 3 16 15 13 8 9 11 20 2 10 14 7 5 18 17 6 1 19 12 
student 593: 16 8 6 12 5 18 3 1 17 13 2 9 4 7 14 20 10 11 19 15 
student 594: 9 3 7 10 1 20 4 12 19 14 5 16 18 2 13 11 8 15 17 6 
student 595: 8 5 10 20 4 17 6 2 14 18 3 12 11 1 13 15 19 9 16 7 
student 596: 8 1 9 5 13 10 2 4 18 12 6 17 15 3 16 20 14 11 19 7 
student 597: 12 11 4 8 5 3 1 2 20 17 7 19 15 13 10 16 18 9 14 6 
student 598: 9 3 11 2 10 20 4 5 19 16 6 17 13 1 15 12 14 8 18 7 
student 599: 6 4 10 5 14 16 8 1 13 11 9 12 7 2 18 19 17 15 20 3 
student 600: 9 7 2 4 1 15 3 5 17 10 8 11 16 6 19 13 20 12 18 14 
student 601: 8 1 15 11 5 17 3 2 19 6 7 12 9 10 16 20 14 13 18 4 
student 602: 3 4 5 11 12 20 14 6 19 16 8 10 9 1 13 17 18 7 15 2 
student 603: 7 10 5 9 6 20 2 3 13 19 4 12 15 1 17 14 11 16 18 8 
student 604: 8 20 1 13 5 16 3 6 15 17 7 12 10 4 2 11 19 14 18 9 
student 605: 9 3 12 6 5 19 2 1 18 11 10 15 13 4 17 16 20 8 14 7 
student 606: 9 5 12 8 15 19 1 3 20 6 13 7 18 10 11 17 14 4 16 2 
student 607: 11 6 9 5 4 12 15 3 13 10 1 19 14 2 7 20 17 16 18 8 
student 608: 14 3 7 5 8 18 1 4 19 12 10 6 11 2 17 13 15 16 20 9 
student 609: 7 5 12 9 4 19 1 2 17 10 6 18 11 16 15 13 14 3 20 8 
student 610: 6 18 11 13 3 20 5 7 19 8 1 12 10 4 16 14 17 9 15 2 
student 611: 16 5 19 13 3 18 1 2 20 7 9 4 6 8 17 15 12 11 14 10 
student 612: 7 5 2 11 4 19 10 9 17 8 18 12 6 3 13 14 15 20 16 1 
student 613: 10 8 11 6 2 13 3 4 18 9 1 17 16 5 14 12 15 20 19 7 
student 614: 10 5 15 6 8 18 2 4 20 9 1 12 13 3 19 17 14 16 11 7 
student 615: 4 3 14 9 2 19 5 1 20 7 8 17 16 12 11 13 18 10 15 6 
student 616: 4 1 9 6 11 19 5 3 17 15 8 10 13 7 18 16 14 12 20 2 
student 617: 18 4 20 7 9 8 2 3 17 6 10 12 14 1 19 16 15 11 13 5 
student 618: 7 3 14 15 11 16 1 2 19 8 6 9 17 4 20 13 12 10 18 5 
student 619: 10 4 11 19 7 17 2 5 13 15 3 14 9 1 8 20 16 6 18 12 
student 620: 7 4 8 12 1 15 5 2 19 20 13 6 18 17 11 16 10 9 14 3 
student 621: 13 4 9 2 3 17 8 5 20 11 6 16 12 1 14 18 15 10 19 7 
student 622: 14 4 12 13 5 18 6 7 19 15 10 3 16 2 17 20 1 9 8 11 
student 623: 8 4 10 14 5 19 1 6 18 16 13 7 15 3 12 17 11 2 20 9 
student 624: 6 1 8 12 5 17 2 7 19 11 3 14 16 4 15 13 10 20 9 18 
student 625: 4 7 17 11 10 19 2 1 18 12 13 20 6 3 5 9 15 8 16 14 
student 626: 6 4 14 9 7 8 3 1 18 10 5 11 13 2 15 16 20 19 17 12 
student 627: 6 4 5 17 11 16 2 1 20 13 3 14 7 10 15 19 12 8 18 9 
student 628: 7 5 11 14 9 17 2 6 20 19 3 1 13 8 18 16 15 10 12 4 
student 629: 8 2 10 12 16 18 1 5 17 15 7 14 4 6 20 19 11 3 13 9 
student 630: 6 4 8 9 12 20 2 13 17 14 5 11 19 3 15 10 16 7 18 1 
student 631: 12 9 15 8 6 10 2 1 13 16 4 7 17 3 18 14 20 11 19 5 
student 632: 14 6 15 13 8 19 1 3 18 17 7 11 2 5 16 12 20 4 10 9 
student 633: 9 8 19 10 4 17 2 3 20 14 1 18 13 7 12 16 15 11 5 6 
student 634: 7 8 4 6 11 18 1 3 20 10 9 15 12 5 17 14 13 16 19 2 
student 635: 10 11 5 18 3 16 2 4 17 1 6 15 8 9 7 20 19 12 13 14 
student 636: 9 1 10 11 2 16 3 6 19 4 7 14 15 5 20 18 17 12 13 8 
student 637: 13 4 9 6 15 17 2 5 19 8 1 7 14 3 12 20 16 11 18 10 
student 638: 18 7 13 8 3 15 4 1 20 16 9 11 10 6 14 5 19 12 17 2 
student 639: 6 5 15 12 9 19 4 2 11 17 1 14 8 7 16 18 10 13 20 3 
student 640: 4 3 10 12 8 16 2 6 20 13 1 15 11 5 19 17 14 7 18 9 
student 641: 11 1 14 4 3 18 2 8 20 15 6 17 12 9 19 13 5 10 16 7 
student 642: 4 9 10 8 7 20 1 6 19 11 2 13 14 5 17 18 16 15 12 3 
student 643: 14 6 7 9 16 12 2 1 18 15 11 5 20 4 19 13 17 10 8 3 
student 644: 7 3 12 15 5 18 2 8 17 13 4 10 9 1 20 19 11 14 16 6 
student 645: 7 2 12 3 10 14 5 1 19 6 11 9 16 8 18 17 13 4 20 15 
student 646: 17 4 16 13 5 19 2 3 20 10 9 7 15 1 14 18 12 6 11 8 
student 647: 17 8 13 4 1 16 2 9 20 11 10 12 15 3 14 19 18 6 5 7 
student 648: 3 4 9 16 6 18 1 5 19 13 10 7 11 2 15 12 17 14 20 8 
student 649: 7 8 3 9 2 18 6 13 20 14 5 10 11 4 15 17 16 12 19 1 
student 650: 4 2 11 13 3 17 5 1 15 16 14 18 7 6 19 20 8 10 12 9 
student 651: 3 12 16 7 8 17 4 5 20 18 6 10 13 1 14 15 11 9 19 2 
student 652: 7 4 13 11 12 10 1 6 20 5 3 16 14 8 18 15 17 9 19 2 
student 653: 12 4 11 19 7 14 8 2 16 17 3 10 9 1 18 13 5 15 20 6 
student 654: 5 1 4 8 2 18 19 7 16 11 3 9 10 6 15 14 13 12 17 20 
student 655: 8 4 15 6 5 19 1 2 17 16 3 11 10 7 20 18 9 12 13 14 
student 656: 16 6 8 15 10 14 1 5 17 20 9 13 7 2 18 19 11 3 12 4 
student 657: 10 1 11 8 9 15 3 7 19 20 6 5 12 2 14 17 13 18 16 4 
student 658: 9 18 14 10 2 16 3 8 20 4 1 17 7 13 11 15 12 5 19 6 
student 659: 7 1 11 8 3 20 2 5 18 14 12 17 9 4 16 19 13 10 15 6 
student 660: 12 5 4 15 6 14 19 2 20 13 7 3 16 1 18 10 17 9 11 8 
student 661: 12 8 18 4 1 19 3 7 20 6 15 17 10 5 9 16 14 2 11 13 
student 662: 3 4 6 11 1 17 2 5 20 7 9 18 12 14 15 13 16 8 19 10 
student 663: 7 2 12 10 8 19 1 5 18 16 6 11 4 3 20 13 17 15 14 9 
student 664: 1 10 16 7 5 19 6 3 18 11 13 12 4 2 15 17 20 8 14 9 
student 665: 16 5 15 4 7 12 1 8 20 9 6 19 14 2 18 17 10 3 13 11 
student 666: 17 3 14 16 12 6 1 8 20 11 7 18 5 2 9 15 10 4 19 13 
student 667: 12 1 4 7 5 19 6 3 11 10 15 14 13 2 18 20 17 9 16 8 
student 668: 9 2 13 8 11 20 7 4 16 17 3 14 12 1 19 18 15 5 10 6 
student 669: 12 10 15 4 7 19 1 3 20 8 5 18 13 2 17 16 14 6 11 9 
student 670: 18 2 10 5 3 19 9 1 20 13 14 12 11 7 15 8 17 6 16 4 
student 671: 17 12 8 3 13 20 2 5 18 6 1 10 9 11 19 16 14 7 15 4 
student 672: 10 7 17 8 12 13 2 4 20 11 6 14 15 3 16 18 19 9 1 5 
student 673: 6 1 13 12 7 20 4 5 11 14 10 16 8 2 15 19 18 3 17 9 
student 674: 16 10 4 6 5 19 1 3 20 17 8 12 13 2 15 18 11 7 14 9 
student 675: 11 4 12 10 8 20 6 1 15 14 2 18 17 3 5 19 16 9 13 7 
student 676: 6 3 9 7 4 18 1 2 19 12 5 14 17 11 13 20 8 10 16 15 
student 677: 13 2 11 8 1 19 4 5 20 7 3 14 17 6 15 16 12 9 18 10 
student 678: 13 7 11 9 2 16 1 3 19 4 5 6 10 14 18 20 15 17 12 8 
student 679: 2 5 12 15 7 16 1 3 18 19 9 8 20 4 17 13 10 11 14 6 
student 680: 10 3 18 8 13 12 2 1 20 7 6 15 16 4 11 19 17 9 14 5 
student 681: 14 10 13 11 2 18 9 4 5 8 1 19 15 3 20 16 17 7 12 6 
student 682: 4 5 13 8 10 20 1 6 16 12 7 14 15 2 11 19 17 9 18 3 
student 683: 3 1 5 14 10 13 6 4 17 9 2 12 11 8 7 20 19 15 18 16 
student 684: 6 10 14 8 5 16 1 2 17 20 4 15 13 3 12 18 19 11 7 9 
student 685: 6 1 12 11 5 17 14 7 18 16 9 10 20 2 4 19 13 3 15 8 
student 686: 4 13 12 7 15 5 1 3 20 19 11 8 18 2 17 14 10 16 9 6 
student 687: 18 8 4 3 13 14 2 5 17 16 6 20 9 1 12 19 11 7 15 10 
student 688: 13 2 7 4 8 20 3 10 19 12 6 16 14 1 11 15 18 9 17 5 
student 689: 9 1 18 12 14 17 2 6 20 4 11 19 16 5 10 13 8 3 15 7 
student 690: 3 8 15 5 12 18 1 6 19 11 7 9 20 2 17 13 10 16 14 4 
student 691: 8 4 10 9 7 6 1 5 18 17 3 19 11 2 16 12 14 13 20 15 
student 692: 14 3 7 6 5 18 1 2 19 15 4 17 11 10 20 16 12 9 13 8 
student 693: 6 18 5 12 4 20 3 1 19 7 2 13 15 8 17 16 11 9 10 14 
student 694: 12 13 11 9 4 16 7 3 19 10 6 2 8 15 17 20 18 5 14 1 
student 695: 2 6 19 16 5 14 4 3 20 8 13 10 18 1 15 12 11 9 17 7 
student 696: 14 1 6 9 3 20 4 15 17 8 10 16 11 2 18 12 13 7 19 5 
student 697: 6 3 8 13 15 18 1 2 20 11 5 7 14 4 17 19 10 12 16 9 
student 698: 6 3 11 4 9 18 5 15 20 8 10 19 14 7 13 17 12 2 16 1 
student 699: 11 5 15 18 8 16 1 4 19 7 6 17 3 2 12 13 20 9 14 10 
student 700: 12 11 13 10 4 9 8 1 14 16 3 20 18 5 15 17 2 6 19 7 
student 701: 18 6 7 2 12 17 8 4 20 15 9 5 13 3 16 19 10 1 14 11 
student 702: 6 8 15 4 3 19 1 2 18 16 12 17 10 5 7 20 14 9 13 11 
student 703: 7 4 8 14 3 17 1 9 20 15 6 5 10 2 19 11 16 13 18 12 
student 704: 10 4 11 5 1 18 7 2 20 9 13 17 8 3 19 15 16 12 14 6 
student 705: 12 5 6 18 4 13 2 15 20 7 1 9 8 10 17 16 14 19 11 3 
student 706: 9 4 18 11 7 15 5 1 17 10 6 16 14 3 20 19 12 8 13 2 
student 707: 3 8 15 14 10 19 1 7 20 11 6 2 12 9 16 13 18 4 17 5 
student 708: 4 6 11 10 1 19 3 2 13 16 9 15 14 5 12 18 17 8 20 7 
student 709: 3 5 14 11 6 18 1 10 12 7 4 19 17 2 20 16 8 13 9 15 
student 710: 7 4 9 8 12 18 2 10 19 15 11 17 5 1 20 16 13 6 14 3 
student 711: 10 1 3 5 9 12 2 7 17 4 8 20 14 6 11 19 15 18 16 13 
student 712: 9 7 18 6 15 13 2 1 14 5 12 16 10 3 19 17 11 8 20 4 
student 713: 11 3 9 12 5 17 2 7 20 14 4 10 15 1 13 18 19 6 16 8 
student 714: 4 2 15 13 14 12 7 5 19 8 3 17 20 1 10 11 16 6 18 9 
student 715: 8 3 12 5 4 18 7 2 14 11 13 15 16 1 10 20 19 9 17 6 
student 716: 17 1 8 7 4 14 5 3 16 12 18 19 11 2 6 10 20 15 13 9 
student 717: 11 3 16 9 4 18 1 7 17 12 8 6 14 5 20 15 19 10 13 2 
student 718: 2 6 12 9 7 17 4 5 18 16 3 10 13 1 15 20 14 11 19 8 
student 719: 4 9 1 16 7 17 2 5 20 10 3 14 8 11 13 12 6 15 18 19 
student 720: 5 1 19 16 4 18 7 10 14 17 3 11 20 2 15 9 12 13 8 6 
student 721: 7 1 11 8 15 20 2 3 19 12 5 16 13 6 18 17 10 9 14 4 
student 722: 8 1 18 3 12 20 4 2 16 14 10 9 7 6 11 19 15 13 17 5 
student 723: 5 11 9 4 6 20 1 2 18 10 3 19 17 7 12 14 15 13 16 8 
student 724: 11 2 10 5 8 20 1 7 9 14 16 19 3 4 18 6 15 13 17 12 
student 725: 4 6 14 5 2 17 1 16 20 10 9 19 7 3 12 18 13 11 15 8 
student 726: 5 1 11 3 16 14 6 9 10 18 17 13 2 7 8 15 19 4 20 12 
student 727: 10 5 20 4 7 19 1 14 13 18 3 6 8 2 15 17 11 12 16 9 
student 728: 10 8 20 15 4 16 5 2 19 3 1 12 13 7 17 18 14 9 11 6 
student 729: 7 13 9 8 16 11 2 1 19 10 5 20 14 6 15 3 17 18 12 4 
student 730: 14 8 6 5 1 17 2 4 18 9 11 12 20 3 15 16 10 7 19 13 
student 731: 12 6 9 13 5 19 4 3 18 17 7 10 14 1 11 16 15 2 20 8 
student 732: 8 5 16 3 10 15 1 4 11 14 12 17 9 2 7 18 19 6 20 13 
student 733: 5 6 11 7 2 16 3 1 18 19 4 20 8 10 14 15 12 9 13 17 
student 734: 7 2 4 13 11 8 1 3 10 12 6 9 19 14 18 16 15 17 20 5 
student 735: 4 8 10 9 3 18 1 6 20 7 5 16 12 2 17 19 14 15 13 11 
student 736: 10 3 13 12 8 17 2 4 19 6 9 20 15 1 16 14 18 5 11 7 
student 737: 5 2 12 11 6 19 1 8 16 17 14 10 9 3 13 20 4 15 18 7 
student 738: 9 6 12 8 7 17 2 4 20 16 5 14 3 1 18 13 15 10 19 11 
student 739: 1 5 9 14 4 18 3 2 16 15 7 12 13 6 11 19 17 10 20 8 
student 740: 8 11 12 9 4 16 2 5 18 10 3 17 14 1 15 20 19 6 13 7 
student 741: 5 2 11 16 10 19 1 3 18 6 9 14 12 4 17 15 7 13 20 8 
student 742: 11 1 17 8 3 19 4 2 16 18 7 9 14 6 5 20 15 10 13 12 
student 743: 9 1 18 10 6 13 2 4 12 11 16 19 5 3 17 7 15 8 20 14 
student 744: 13 5 10 7 8 12 1 2 19 14 4 18 11 3 17 20 16 15 9 6 
student 745: 9 2 3 12 5 16 1 6 20 11 15 13 17 18 8 10 7 19 14 4 
student 746: 11 14 8 16 10 20 4 5 19 7 2 9 15 1 13 12 17 6 18 3 
student 747: 7 3 5 6 11 18 14 2 19 9 1 12 10 8 20 17 4 16 15 13 
student 748: 9 2 10 1 3 13 5 7 19 16 4 15 11 17 20 18 6 8 12 14 
student 749: 4 5 12 11 2 9 1 7 20 19 8 17 14 3 15 18 13 10 16 6 
student 750: 11 10 4 17 8 13 6 1 15 7 14 9 19 3 16 20 12 2 18 5 
student 751: 6 10 17 8 9 13 3 4 20 14 2 12 7 5 11 18 16 15 19 1 
student 752: 16 7 15 3 5 13 4 12 20 9 2 8 6 1 18 14 11 19 10 17 
student 753: 12 7 9 8 6 19 1 2 3 20 10 13 14 4 18 15 11 17 16 5 
student 754: 12 1 10 17 6 19 3 4 18 11 7 13 15 5 20 8 16 2 14 9 
student 755: 19 3 12 6 7 16 9 2 20 18 5 17 13 1 10 14 4 8 15 11 
student 756: 13 7 15 10 3 5 4 1 16 20 6 14 11 2 17 19 12 8 18 9 
student 757: 18 7 14 20 9 17 6 1 10 12 5 16 11 2 13 15 8 4 19 3 
student 758: 8 3 1 12 6 17 5 4 19 14 9 11 13 2 20 16 18 10 15 7 
student 759: 18 5 10 7 6 20 2 4 14 16 3 13 9 1 19 15 11 12 17 8 
student 760: 3 9 13 14 11 17 5 1 18 8 2 20 10 6 16 12 15 7 19 4 
student 761: 15 14 9 16 7 13 1 3 17 18 5 10 8 4 6 19 12 11 20 2 
student 762: 18 6 12 8 3 17 9 7 16 15 2 5 20 4 10 19 14 13 11 1 
student 763: 12 2 10 5 11 9 6 1 16 13 3 18 7 8 19 15 17 14 20 4 
student 764: 4 2 5 7 3 16 6 9 20 17 8 14 13 1 18 15 12 10 19 11 
student 765: 14 4 8 6 11 18 5 10 20 9 3 16 2 12 13 7 17 15 19 1 
student 766: 1 10 7 3 16 12 11 5 13 8 2 9 19 6 20 17 14 4 18 15 
student 767: 14 3 11 15 13 19 1 9 18 8 4 12 7 2 20 10 16 5 17 6 
student 768: 12 4 8 13 5 17 7 6 18 16 10 9 20 2 15 11 19 14 3 1 
student 769: 17 3 15 9 6 18 1 10 19 11 4 12 5 2 13 20 14 8 16 7 
student 770: 5 7 11 10 6 16 1 8 14 17 2 15 13 12 9 19 20 4 18 3 
student 771: 2 5 15 7 10 18 3 6 19 20 12 8 13 4 11 14 17 9 16 1 
student 772: 19 5 12 6 10 18 2 4 20 7 3 11 9 8 15 16 14 13 17 1 
student 773: 12 8 15 5 3 11 7 6 16 17 2 14 9 1 18 13 19 10 20 4 
student 774: 18 13 12 9 8 15 4 7 20 11 3 16 10 1 19 17 14 5 2 6 
student 775: 7 3 10 4 18 12 1 2 17 13 8 14 19 6 16 11 20 9 15 5 
student 776: 8 5 12 6 10 19 4 2 15 17 3 20 13 1 18 7 14 11 16 9 
student 777: 9 2 13 4 10 14 3 1 17 8 6 11 20 5 16 19 7 15 12 18 
student 778: 12 6 14 16 3 18 4 2 20 8 7 19 5 1 15 11 10 9 17 13 
student 779: 5 6 12 16 8 19 2 4 20 13 7 11 15 3 1 14 18 9 17 10 
student 780: 6 7 20 10 3 19 4 2 13 11 9 12 18 5 8 16 14 1 17 15 
student 781: 2 9 7 8 14 19 3 5 20 12 11 4 10 6 18 13 15 1 17 16 
student 782: 13 1 6 16 9 17 2 8 19 20 3 7 11 5 12 14 18 10 15 4 
student 783: 16 8 7 14 11 20 1 6 19 12 9 15 17 4 13 18 5 2 3 10 
student 784: 11 3 7 12 4 20 2 6 19 9 1 13 16 5 17 14 15 8 18 10 
student 785: 9 19 4 5 8 11 2 1 14 10 6 12 18 3 17 15 13 7 20 16 
student 786: 5 4 2 7 11 17 3 1 20 12 6 15 8 10 19 14 13 9 18 16 
student 787: 5 2 12 3 6 15 1 7 17 10 9 14 20 4 19 18 13 16 11 8 
student 788: 15 5 13 8 2 6 7 4 14 10 12 17 9 1 18 19 20 16 3 11 
student 789: 10 4 11 13 5 16 3 9 18 6 1 14 7 2 17 19 8 15 20 12 
student 790: 10 5 9 12 1 15 4 3 20 13 7 16 8 2 14 18 17 6 19 11 
student 791: 10 5 20 3 2 18 4 6 17 13 1 11 8 7 12 15 16 14 19 9 
student 792: 7 5 14 4 1 18 2 12 19 10 6 16 13 3 11 17 15 9 20 8 
student 793: 4 9 3 18 8 13 1 6 16 14 2 15 20 10 12 7 5 17 19 11 
student 794: 8 6 14 9 17 20 5 2 19 16 4 10 12 3 18 13 1 7 15 11 
student 795: 3 13 11 5 8 19 2 6 20 15 7 12 10 4 18 16 17 9 14 1 
student 796: 8 5 13 12 7 18 6 2 20 16 11 10 15 3 14 19 9 1 17 4 
student 797: 8 14 9 6 5 18 1 2 19 16 3 20 11 7 12 17 15 10 13 4 
student 798: 17 6 1 5 9 20 3 2 10 15 7 8 12 4 11 19 18 14 13 16 
student 799: 15 6 4 7 5 19 9 1 14 8 3 12 11 2 13 17 18 20 16 10 
