student 0: 17 20 19 16 10 14 12 15 13 11 18 9 6 5 2 3 4 1 8 7 
student 1: 7 19 18 17 5 20 15 11 12 13 16 6 10 9 1 3 4 8 14 2 
student 2: 18 20 16 17 6 14 11 1 15 8 12 7 4 13 3 10 2 9 19 5 
student 3: 13 19 16 14 11 20 7 12 17 6 15 8 2 10 1 5 4 18 9 3 
student 4: 17 20 15 5 9 14 8 13 19 4 12 1 10 7 3 11 6 16 18 2 
student 5: 16 18 12 13 7 15 10 14 11 8 20 9 5 6 2 4 3 19 17 1 
student 6: 17 20 16 8 4 14 7 18 6 13 15 3 11 10 1 9 5 12 19 2 
student 7: 13 19 14 10 5 17 15 11 12 8 20 4 18 7 3 2 1 16 9 6 
student 8: 10 20 18 17 7 14 8 13 19 11 15 4 6 5 3 2 9 16 12 1 
student 9: 11 20 13 19 6 12 8 9 10 17 15 4 7 16 3 2 5 18 14 1 
student 10: 14 20 16 13 5 18 9 4 3 8 17 6 2 15 10 12 7 11 19 1 
student 11: 9 11 18 15 14 20 6 8 12 5 16 10 7 13 2 4 3 19 17 1 
student 12: 18 15 13 12 6 11 3 10 4 16 20 8 7 14 2 9 5 19 17 1 
student 13: 19 12 20 15 9 8 10 14 16 11 18 2 7 13 1 3 4 6 17 5 
student 14: 7 19 20 17 9 18 8 14 11 6 16 12 10 5 3 2 4 15 13 1 
student 15: 20 18 19 16 7 15 11 6 12 3 13 10 2 17 1 4 5 8 14 9 
student 16: 13 19 20 11 14 18 12 10 7 8 16 3 9 6 2 4 5 15 17 1 
student 17: 16 20 15 18 3 10 6 13 8 5 9 12 11 14 7 1 2 17 19 4 
student 18: 15 16 20 17 8 5 6 7 12 10 19 13 11 18 3 2 4 9 14 1 
student 19: 20 13 19 4 10 15 17 18 8 9 14 7 3 12 2 1 5 6 16 11 
student 20: 16 20 15 13 6 9 5 10 8 14 19 2 12 7 11 4 3 17 18 1 
student 21: 19 15 18 2 3 10 5 7 20 6 13 8 17 12 1 9 11 14 16 4 
student 22: 14 20 17 10 5 16 8 15 13 9 18 1 2 7 6 3 4 12 19 11 
student 23: 17 13 16 14 5 15 9 18 10 12 20 7 4 11 3 8 2 6 19 1 
student 24: 15 17 19 20 1 18 7 14 12 4 16 11 6 9 2 8 3 13 10 5 
student 25: 18 12 17 7 9 20 15 13 8 11 19 1 3 10 5 4 2 14 16 6 
student 26: 14 16 20 11 2 13 8 15 10 7 19 6 18 9 4 3 5 17 12 1 
student 27: 20 18 15 14 9 16 2 8 13 5 17 10 12 3 6 4 7 11 19 1 
student 28: 15 18 19 17 3 9 14 16 2 7 20 8 6 10 13 11 5 4 12 1 
student 29: 13 14 19 11 6 20 4 18 8 17 15 2 5 10 1 9 3 12 16 7 
student 30: 16 19 18 8 6 17 15 11 10 7 20 9 5 12 4 2 3 14 13 1 
student 31: 14 19 20 17 6 18 13 8 2 7 16 4 1 12 9 11 5 15 10 3 
student 32: 17 13 20 11 4 15 6 14 7 12 18 2 16 9 5 10 1 8 19 3 
student 33: 2 20 19 10 3 12 8 4 18 17 16 7 9 6 1 14 13 15 11 5 
student 34: 19 17 15 14 3 16 8 7 11 12 20 5 2 6 4 1 10 13 18 9 
student 35: 9 20 12 14 18 17 7 1 19 11 5 8 3 10 2 15 6 16 13 4 
student 36: 8 12 16 4 14 7 10 3 19 20 13 11 6 18 1 5 9 17 15 2 
student 37: 14 20 16 5 13 15 17 10 9 1 12 4 8 11 2 3 6 19 18 7 
student 38: 14 18 19 16 6 11 7 15 9 8 20 10 3 12 5 4 2 13 17 1 
student 39: 15 17 19 20 2 12 6 8 16 11 18 1 10 5 7 9 3 13 14 4 
student 40: 17 20 14 10 3 12 6 8 16 9 15 7 11 13 2 5 4 18 19 1 
student 41: 9 19 12 13 3 11 6 16 20 5 18 15 8 10 2 4 7 14 17 1 
student 42: 9 18 14 15 8 17 12 5 19 10 20 11 4 1 2 3 13 16 6 7 
student 43: 19 16 18 12 9 17 8 3 13 10 14 6 20 11 1 5 7 15 4 2 
student 44: 18 17 15 7 9 12 6 11 13 5 19 8 10 14 1 4 2 16 20 3 
student 45: 20 19 18 3 5 11 12 7 13 9 14 8 10 16 6 2 1 15 17 4 
student 46: 18 20 14 9 4 17 13 11 6 15 12 3 8 1 7 5 2 16 19 10 
student 47: 20 18 15 16 2 17 5 10 7 6 19 8 14 13 1 3 9 11 12 4 
student 48: 15 12 20 8 1 16 11 10 14 17 18 6 7 9 3 5 2 13 19 4 
student 49: 13 20 18 15 8 16 6 7 17 10 19 2 4 11 5 3 9 14 12 1 
student 50: 13 20 16 2 7 12 11 14 15 9 19 5 3 10 4 8 6 17 18 1 
student 51: 14 20 17 11 12 16 10 7 15 1 13 4 6 5 3 9 8 19 18 2 
student 52: 19 18 16 17 3 8 10 5 12 4 9 14 2 15 1 6 7 11 20 13 
student 53: 20 15 19 16 6 12 8 5 11 13 18 1 4 10 3 9 2 14 17 7 
student 54: 15 19 18 20 13 17 10 14 6 4 16 5 11 8 2 1 7 9 12 3 
student 55: 20 17 18 14 6 19 15 10 16 8 9 5 7 4 3 11 2 12 13 1 
student 56: 17 20 16 18 5 15 8 12 10 11 13 6 1 14 4 3 2 7 19 9 
student 57: 18 17 19 9 15 3 5 14 10 8 20 1 13 12 7 6 4 11 16 2 
student 58: 9 18 20 14 1 17 6 12 16 10 19 15 11 7 2 5 4 8 13 3 
student 59: 17 20 15 13 4 16 9 10 12 8 18 2 3 11 6 5 1 14 19 7 
student 60: 11 20 12 15 8 18 3 9 17 5 19 4 7 14 2 13 6 16 10 1 
student 61: 15 20 18 10 4 19 7 17 8 3 11 1 12 16 9 2 6 14 13 5 
student 62: 17 20 15 10 13 8 16 11 12 4 18 5 9 6 7 1 3 14 19 2 
student 63: 10 19 20 16 7 15 6 13 17 9 12 14 5 8 1 2 4 18 11 3 
student 64: 20 16 17 6 13 12 4 10 19 18 15 1 9 8 5 7 11 3 14 2 
student 65: 10 16 19 15 3 14 12 6 2 4 18 1 9 13 17 5 8 11 20 7 
student 66: 19 20 8 7 5 18 16 11 17 9 12 6 15 4 3 1 10 14 13 2 
student 67: 10 17 19 15 11 16 12 4 8 9 18 7 3 13 5 6 1 14 20 2 
student 68: 16 18 11 17 4 19 8 10 12 14 20 6 7 9 3 5 2 15 13 1 
student 69: 19 14 18 13 6 16 8 5 11 15 20 10 3 12 1 4 7 9 17 2 
student 70: 20 18 16 10 11 2 3 15 8 12 19 7 9 6 4 13 1 17 14 5 
student 71: 16 19 17 9 1 18 12 8 10 3 20 15 2 11 7 4 13 6 14 5 
student 72: 18 17 19 15 13 20 8 11 14 2 16 1 7 12 6 9 3 10 5 4 
student 73: 14 20 19 7 2 11 12 1 10 13 17 5 9 15 6 4 8 18 16 3 
student 74: 16 20 19 11 9 12 1 7 10 5 15 17 8 6 4 2 3 13 18 14 
student 75: 18 19 20 15 10 17 4 12 16 9 14 13 7 8 1 5 2 6 11 3 
student 76: 12 15 18 4 10 9 14 20 11 5 19 1 6 17 7 2 13 16 8 3 
student 77: 16 11 17 12 14 8 5 20 15 10 9 4 7 18 1 13 6 3 19 2 
student 78: 16 17 18 14 6 19 13 7 20 2 12 3 5 15 11 10 4 8 9 1 
student 79: 12 18 15 11 7 14 3 19 16 9 10 4 8 13 1 6 5 20 17 2 
student 80: 19 13 18 14 7 11 9 5 10 8 16 12 6 20 1 4 2 15 17 3 
student 81: 20 16 19 18 7 13 8 9 15 12 17 2 6 10 5 1 4 14 11 3 
student 82: 12 17 14 6 15 20 10 5 18 7 19 13 8 2 3 11 4 9 16 1 
student 83: 11 18 20 12 15 8 9 13 16 4 19 3 7 5 1 10 2 14 17 6 
student 84: 11 15 13 17 20 8 16 18 4 5 14 1 7 9 12 3 2 10 19 6 
student 85: 18 20 13 11 1 5 7 12 14 15 19 8 6 10 9 3 2 17 16 4 
student 86: 20 11 18 17 1 16 3 10 14 6 19 5 2 9 4 8 7 15 13 12 
student 87: 11 19 18 14 6 12 7 13 9 8 17 2 10 15 5 3 4 20 16 1 
student 88: 17 20 19 12 7 15 8 14 9 11 18 5 3 10 6 4 2 13 16 1 
student 89: 16 18 15 12 11 14 4 8 3 1 17 9 6 19 2 10 7 13 20 5 
student 90: 11 19 16 10 2 12 8 6 17 20 14 4 13 3 5 9 7 15 18 1 
student 91: 17 15 14 6 9 20 11 7 19 5 18 3 2 16 1 10 4 8 12 13 
student 92: 6 20 19 11 12 17 8 15 10 9 16 7 5 13 4 2 1 14 18 3 
student 93: 19 18 15 8 2 20 10 9 4 14 12 13 7 5 6 11 3 16 17 1 
student 94: 16 18 17 14 15 10 11 20 7 12 13 6 5 9 2 1 3 19 4 8 
student 95: 13 17 14 15 4 18 9 8 11 7 20 2 5 6 3 10 1 12 19 16 
student 96: 9 19 18 13 7 12 2 14 11 8 20 3 17 10 5 6 4 15 16 1 
student 97: 9 17 20 15 7 10 2 13 14 12 16 11 5 8 1 3 6 18 19 4 
student 98: 11 19 13 16 15 14 9 12 7 6 20 1 8 10 3 5 2 17 18 4 
student 99: 17 18 16 15 7 20 1 13 12 6 19 8 10 11 4 5 2 9 14 3 
student 100: 13 9 15 16 10 18 12 20 17 3 19 2 4 14 6 11 8 5 7 1 
student 101: 14 19 18 20 15 12 5 2 13 3 17 10 7 9 1 6 4 16 11 8 
student 102: 15 20 19 10 3 8 5 9 2 12 17 16 7 13 4 1 6 14 18 11 
student 103: 19 18 17 16 8 5 4 12 10 15 14 3 1 13 2 6 7 20 11 9 
student 104: 19 20 18 9 5 14 8 11 12 13 17 1 6 10 3 7 4 15 16 2 
student 105: 20 18 14 12 5 13 3 9 6 11 19 17 4 8 1 2 10 16 7 15 
student 106: 14 16 20 4 9 15 12 10 2 13 19 5 3 11 6 1 7 17 18 8 
student 107: 12 16 18 11 7 20 4 15 13 8 14 3 1 19 6 5 9 10 17 2 
student 108: 12 11 18 17 5 9 7 15 14 10 19 4 1 16 2 3 8 13 20 6 
student 109: 19 15 20 13 8 16 7 10 14 9 11 2 5 3 18 6 1 12 17 4 
student 110: 12 15 20 9 8 16 6 17 10 2 7 13 5 14 1 11 4 18 19 3 
student 111: 7 18 17 19 8 14 20 11 15 5 16 4 9 13 1 10 2 6 12 3 
student 112: 19 20 17 18 7 1 13 14 12 11 15 5 6 9 4 10 3 8 16 2 
student 113: 18 17 14 10 6 15 7 9 13 12 16 4 20 3 5 8 1 11 19 2 
student 114: 15 19 14 17 4 13 7 16 12 11 20 10 5 8 6 3 1 9 18 2 
student 115: 9 13 15 19 10 12 3 18 11 8 16 6 14 17 5 1 4 7 20 2 
student 116: 17 15 20 13 9 11 6 16 5 8 19 7 14 12 1 3 2 18 10 4 
student 117: 17 19 20 9 18 13 7 15 16 11 3 8 6 12 5 1 4 10 14 2 
student 118: 19 17 16 10 8 9 12 7 13 4 20 2 15 6 3 1 11 18 14 5 
student 119: 10 17 19 15 12 16 5 7 13 11 20 9 6 8 3 4 1 14 18 2 
student 120: 17 20 16 10 6 11 13 12 2 15 19 7 1 18 4 9 5 14 8 3 
student 121: 18 12 20 13 14 2 7 6 10 4 19 5 3 16 8 9 17 11 15 1 
student 122: 18 19 20 13 11 12 2 3 7 6 17 4 10 8 5 9 14 15 16 1 
student 123: 14 20 17 5 4 10 6 15 9 8 18 2 13 12 7 3 11 16 19 1 
student 124: 15 19 18 17 11 14 7 13 8 12 20 5 4 10 6 1 3 9 16 2 
student 125: 18 17 16 15 11 13 6 9 12 20 19 1 4 5 7 3 10 8 14 2 
student 126: 14 18 17 9 19 10 7 13 11 12 20 15 4 8 1 2 5 6 16 3 
student 127: 15 16 19 7 10 17 8 11 14 12 18 3 5 2 1 6 9 13 20 4 
student 128: 11 10 16 20 4 19 13 6 12 14 17 7 3 18 1 2 9 8 15 5 
student 129: 17 20 11 7 10 16 5 12 6 13 19 4 8 9 14 2 3 15 18 1 
student 130: 18 17 19 9 12 14 3 7 11 8 20 6 1 13 16 5 4 10 15 2 
student 131: 8 18 16 14 11 19 9 20 3 13 17 6 4 7 2 10 1 12 15 5 
student 132: 19 14 18 10 6 17 5 2 11 13 16 8 7 15 4 9 3 12 20 1 
student 133: 18 19 13 9 8 17 2 11 12 15 16 7 14 4 3 6 1 20 10 5 
student 134: 16 10 19 12 4 18 2 7 13 17 20 9 1 11 3 6 8 15 14 5 
student 135: 15 19 18 10 2 16 8 6 14 13 17 7 12 9 4 1 3 11 20 5 
student 136: 16 19 18 13 6 15 8 12 9 11 17 7 4 10 5 2 3 14 20 1 
student 137: 16 17 19 15 9 18 3 13 7 2 20 12 5 10 1 14 8 11 6 4 
student 138: 15 18 16 7 11 19 14 13 17 8 20 2 4 9 3 5 6 12 10 1 
student 139: 16 17 19 10 12 7 9 18 6 11 15 8 13 14 1 4 3 5 20 2 
student 140: 8 16 18 6 4 14 2 15 3 12 19 5 10 17 11 1 7 13 20 9 
student 141: 14 18 16 15 6 5 11 13 12 8 19 2 17 9 1 7 4 20 10 3 
student 142: 18 19 20 13 2 16 7 17 8 11 15 4 6 12 3 1 10 9 14 5 
student 143: 14 18 19 16 10 12 8 17 2 11 15 9 1 4 3 5 7 20 13 6 
student 144: 17 19 20 10 5 16 8 13 14 11 15 2 4 12 6 7 1 9 18 3 
student 145: 15 16 19 8 10 12 17 9 2 7 14 4 11 20 6 5 1 13 18 3 
student 146: 20 19 18 7 12 6 11 8 14 15 13 4 9 1 2 5 10 16 17 3 
student 147: 17 19 9 15 18 6 2 16 5 13 20 7 14 8 3 10 4 11 12 1 
student 148: 9 20 16 6 4 15 8 12 10 13 19 5 11 17 1 3 7 14 18 2 
student 149: 19 18 17 14 5 12 7 15 16 11 10 9 6 13 3 4 2 8 20 1 
student 150: 8 18 19 7 10 13 17 16 6 14 20 3 9 11 2 5 4 15 12 1 
student 151: 12 14 20 10 3 17 4 15 13 5 18 2 9 16 7 1 11 8 19 6 
student 152: 15 18 17 14 3 16 5 19 7 12 10 13 4 8 1 2 6 9 20 11 
student 153: 14 19 20 16 6 8 11 13 7 2 17 4 10 18 1 9 5 12 15 3 
student 154: 12 6 16 15 11 18 13 14 5 7 19 8 3 10 9 1 2 17 20 4 
student 155: 13 20 17 8 4 16 12 5 11 15 14 3 6 9 2 10 1 18 19 7 
student 156: 17 18 19 12 9 8 4 10 16 14 1 6 7 15 2 3 5 13 20 11 
student 157: 16 19 18 13 17 20 9 3 12 6 7 10 2 4 1 5 8 14 15 11 
student 158: 12 19 16 13 6 17 9 15 10 8 20 5 4 11 2 7 3 14 18 1 
student 159: 12 20 15 10 4 17 19 14 13 9 18 3 8 5 2 6 7 11 16 1 
student 160: 14 19 17 11 6 3 9 2 7 16 20 1 4 18 5 10 12 13 15 8 
student 161: 9 19 20 15 14 17 4 10 11 3 16 7 12 8 6 5 1 18 13 2 
student 162: 18 19 14 8 10 1 15 12 9 13 16 4 11 5 2 6 7 20 17 3 
student 163: 17 20 19 14 7 16 4 10 13 6 18 9 11 8 2 3 1 12 15 5 
student 164: 20 17 16 14 6 12 10 13 18 9 19 4 7 11 1 2 5 8 15 3 
student 165: 14 20 19 10 15 13 1 16 12 11 18 4 7 6 3 9 2 8 17 5 
student 166: 17 12 15 11 10 16 8 18 19 14 13 7 5 4 2 1 6 9 20 3 
student 167: 17 20 19 15 9 13 18 6 10 8 12 5 7 16 3 1 2 11 14 4 
student 168: 13 20 19 11 6 9 10 17 18 7 15 8 4 16 1 5 2 12 14 3 
student 169: 8 19 18 17 14 12 1 2 13 16 15 4 10 5 3 9 7 20 11 6 
student 170: 14 19 17 16 4 18 12 13 20 7 9 1 6 11 8 3 10 5 15 2 
student 171: 17 14 19 9 2 18 11 7 5 13 15 1 4 12 6 3 10 8 20 16 
student 172: 14 10 17 13 18 19 4 7 6 11 20 9 3 8 1 12 5 16 15 2 
student 173: 20 17 10 8 12 15 11 5 19 13 18 6 4 2 1 7 3 16 14 9 
student 174: 16 19 20 15 12 10 14 8 4 18 13 2 7 6 11 5 1 17 9 3 
student 175: 17 13 18 9 5 15 2 10 16 12 20 14 8 7 4 3 6 19 11 1 
student 176: 16 20 19 8 17 13 6 12 14 10 18 4 9 5 3 2 1 11 15 7 
student 177: 15 19 18 16 10 17 4 2 14 11 13 5 7 12 1 9 6 8 20 3 
student 178: 15 19 18 9 4 13 8 20 12 6 17 3 5 10 1 11 7 14 16 2 
student 179: 16 19 13 9 8 10 20 12 4 7 18 6 2 17 3 5 1 15 14 11 
student 180: 11 15 20 8 6 9 10 19 7 12 13 5 1 4 14 2 3 18 17 16 
student 181: 20 18 15 12 8 6 1 5 14 10 17 11 9 16 7 2 4 13 19 3 
student 182: 18 19 20 17 7 16 6 12 13 9 15 1 8 14 5 3 11 10 4 2 
student 183: 18 19 17 11 7 15 10 13 8 9 16 4 6 12 3 5 2 14 20 1 
student 184: 15 19 11 14 18 7 9 12 13 6 16 5 3 4 1 10 2 17 20 8 
student 185: 15 19 17 8 18 12 16 7 11 6 20 10 9 13 2 3 4 14 5 1 
student 186: 13 20 18 16 6 14 8 5 11 4 15 12 2 17 10 7 3 9 19 1 
student 187: 15 19 20 17 6 10 9 14 11 16 13 8 12 7 2 3 1 5 18 4 
student 188: 9 15 8 3 10 12 14 13 18 7 17 16 6 11 2 4 5 20 19 1 
student 189: 18 16 20 11 10 17 14 7 8 12 19 5 6 9 1 2 3 13 15 4 
student 190: 11 18 6 13 19 20 5 15 17 4 16 9 10 14 12 2 3 1 7 8 
student 191: 18 20 10 11 1 4 2 5 8 13 15 9 12 16 14 7 3 17 19 6 
student 192: 20 14 19 13 8 18 10 16 11 9 15 5 6 12 4 7 2 3 17 1 
student 193: 20 18 17 11 12 16 3 9 10 14 15 2 1 8 4 6 7 13 19 5 
student 194: 19 20 13 15 3 12 6 14 10 16 17 7 1 9 8 5 2 11 18 4 
student 195: 17 18 20 19 2 16 6 12 15 7 8 10 13 5 9 4 3 11 14 1 
student 196: 14 18 15 20 10 5 12 6 19 13 17 11 4 7 2 8 1 9 16 3 
student 197: 12 19 18 13 4 10 5 7 9 17 15 6 14 16 2 8 3 11 20 1 
student 198: 20 18 16 13 12 15 7 8 5 14 19 10 2 9 3 1 4 6 17 11 
student 199: 14 19 13 12 5 20 1 10 15 8 17 3 7 6 2 11 9 4 16 18 
student 200: 20 18 11 15 12 17 5 8 13 6 16 9 7 10 1 4 2 14 19 3 
student 201: 13 19 18 20 9 16 6 15 10 11 4 14 7 2 1 3 12 17 8 5 
student 202: 20 19 12 17 6 2 7 11 13 9 16 5 8 14 10 3 1 15 18 4 
student 203: 15 16 19 7 12 17 14 8 3 11 18 10 6 1 4 5 9 13 20 2 
student 204: 7 15 13 6 5 20 12 16 2 14 19 1 10 17 3 11 8 9 18 4 
student 205: 16 17 20 14 3 13 18 8 12 5 15 7 2 6 1 4 10 11 19 9 
student 206: 18 19 15 14 8 16 10 5 17 9 7 12 11 4 1 6 2 13 20 3 
student 207: 12 18 8 14 5 13 16 3 17 11 20 7 10 9 6 2 4 15 19 1 
student 208: 17 19 20 14 2 16 8 10 11 5 18 7 6 12 1 15 3 9 13 4 
student 209: 18 20 7 12 4 16 14 9 10 11 17 5 6 15 1 8 2 13 19 3 
student 210: 19 10 12 17 8 14 13 7 18 5 16 6 1 15 2 9 11 20 4 3 
student 211: 10 13 14 8 12 18 15 7 5 11 19 4 9 17 2 1 3 20 16 6 
student 212: 16 20 15 17 10 3 5 18 6 14 13 4 12 7 8 11 2 9 19 1 
student 213: 14 20 17 19 5 10 8 7 13 6 16 11 3 12 2 9 4 18 15 1 
student 214: 13 19 20 15 9 14 3 12 11 7 17 10 2 18 5 8 6 4 16 1 
student 215: 18 20 14 15 7 17 9 10 5 13 6 3 19 11 2 1 12 8 16 4 
student 216: 16 19 17 12 3 20 4 14 10 7 15 11 5 6 2 9 1 13 18 8 
student 217: 16 15 19 14 1 13 11 8 9 7 12 4 10 17 5 3 2 18 20 6 
student 218: 13 20 19 16 7 17 18 15 4 2 12 8 14 11 3 10 6 5 9 1 
student 219: 19 15 20 13 9 18 8 11 5 14 17 4 3 6 1 2 7 16 12 10 
student 220: 16 19 17 13 9 20 6 11 14 10 15 5 4 12 8 3 2 18 7 1 
student 221: 16 18 19 5 6 14 12 8 17 10 20 1 11 13 3 9 2 7 15 4 
student 222: 5 17 19 18 3 10 12 9 14 13 20 7 4 8 2 6 11 15 16 1 
student 223: 15 20 17 9 8 18 11 12 7 2 19 10 3 16 1 6 5 13 14 4 
student 224: 18 20 14 17 7 9 10 11 16 3 19 5 2 12 1 4 6 13 15 8 
student 225: 14 19 18 8 7 20 12 15 10 5 9 6 4 13 3 1 2 16 17 11 
student 226: 12 17 15 18 3 20 6 8 7 14 11 1 9 10 2 16 4 19 13 5 
student 227: 5 20 16 19 1 17 15 8 10 14 18 3 7 9 6 2 11 12 4 13 
student 228: 10 20 15 17 9 16 5 14 13 8 18 2 12 7 1 4 11 6 19 3 
student 229: 20 19 14 8 1 15 9 13 12 11 18 4 7 10 5 3 6 16 17 2 
student 230: 9 15 20 14 8 17 10 7 6 12 11 2 16 4 3 13 1 19 18 5 
student 231: 13 8 7 6 11 17 5 10 14 12 20 9 15 3 19 4 2 16 18 1 
student 232: 17 18 20 15 1 12 9 7 4 10 19 5 3 16 2 6 14 11 13 8 
student 233: 7 19 14 18 6 13 8 15 11 9 17 2 5 12 1 10 3 16 20 4 
student 234: 17 19 12 16 5 20 15 14 11 7 13 6 9 8 4 3 1 10 18 2 
student 235: 13 17 16 7 2 18 6 15 12 9 20 10 4 14 3 8 1 11 19 5 
student 236: 18 17 19 2 12 9 1 14 15 7 8 11 5 13 4 16 3 6 20 10 
student 237: 12 19 18 6 9 10 7 17 14 8 15 1 2 13 11 5 4 16 20 3 
student 238: 9 18 16 15 11 20 7 14 12 13 19 3 4 5 1 6 10 8 17 2 
student 239: 17 20 19 6 8 16 15 18 10 7 14 4 2 9 3 1 5 13 12 11 
student 240: 20 13 14 15 10 19 16 9 12 6 18 8 4 5 2 11 7 3 17 1 
student 241: 19 9 17 12 4 18 8 15 16 1 20 11 14 7 10 2 3 5 6 13 
student 242: 14 15 18 11 5 12 20 4 9 1 17 7 10 19 6 2 8 16 13 3 
student 243: 18 20 19 11 15 16 4 12 10 17 7 8 9 5 1 6 2 13 14 3 
student 244: 16 20 19 17 11 14 7 9 12 8 18 6 4 3 2 10 5 13 15 1 
student 245: 16 20 17 19 7 14 9 8 10 4 11 13 3 18 6 1 2 15 12 5 
student 246: 15 18 16 12 8 20 6 4 11 13 14 3 9 10 1 7 5 17 19 2 
student 247: 14 20 11 18 3 17 5 9 15 12 16 6 8 7 2 10 4 13 19 1 
student 248: 10 19 15 14 4 12 16 8 17 6 11 13 3 2 7 9 5 20 18 1 
student 249: 19 14 20 18 8 13 12 15 17 7 16 6 5 9 2 1 4 11 10 3 
student 250: 15 20 4 18 10 19 12 9 14 7 16 3 2 17 5 1 8 13 11 6 
student 251: 17 19 15 13 12 18 9 20 2 8 11 4 6 14 1 3 5 10 16 7 
student 252: 8 7 20 16 10 15 5 9 18 13 17 11 3 14 2 4 6 12 19 1 
student 253: 17 20 13 10 15 19 9 12 4 6 18 3 8 14 1 5 7 11 16 2 
student 254: 18 20 19 11 10 15 12 4 8 9 17 6 3 7 16 5 2 13 14 1 
student 255: 12 20 17 13 7 18 9 8 19 2 16 5 6 11 3 10 4 15 14 1 
student 256: 18 20 17 12 16 14 6 9 13 4 19 1 8 5 3 10 7 11 15 2 
student 257: 15 19 5 14 8 3 17 11 2 10 20 4 13 16 9 6 7 12 18 1 
student 258: 18 20 19 12 6 14 9 10 11 2 16 8 3 13 4 5 1 15 17 7 
student 259: 16 15 20 6 13 12 4 10 9 8 19 7 17 14 3 5 1 11 18 2 
student 260: 3 20 17 12 11 14 5 15 19 10 13 2 7 16 6 1 4 8 18 9 
student 261: 16 19 18 7 4 14 11 6 10 9 15 5 8 13 3 12 2 17 20 1 
student 262: 14 15 19 5 20 8 6 9 17 16 7 13 3 10 2 12 4 11 18 1 
student 263: 20 15 19 14 12 18 6 11 10 17 16 8 9 2 3 5 1 4 13 7 
student 264: 15 18 19 8 13 14 5 4 12 7 17 11 9 16 6 2 3 10 20 1 
student 265: 13 14 18 15 7 19 8 11 16 17 20 6 5 10 3 2 4 9 12 1 
student 266: 15 20 16 17 9 19 7 13 10 8 18 2 5 11 3 4 6 12 14 1 
student 267: 12 17 16 18 10 19 7 14 11 15 20 13 1 9 3 2 6 8 4 5 
student 268: 10 19 17 4 7 18 15 14 20 11 16 3 6 5 8 13 1 12 9 2 
student 269: 12 20 18 17 4 19 16 11 13 8 10 1 3 5 2 9 6 15 7 14 
student 270: 19 6 9 16 4 7 10 17 12 5 18 11 2 13 1 3 8 14 20 15 
student 271: 13 19 18 7 3 17 6 12 9 8 5 2 16 11 1 4 15 20 10 14 
student 272: 17 20 14 12 3 15 16 8 11 7 18 9 6 10 1 5 4 13 19 2 
student 273: 14 20 10 18 3 16 9 17 15 1 12 5 7 11 4 8 2 19 13 6 
student 274: 16 12 20 11 8 18 6 19 10 7 14 4 13 9 1 2 3 15 17 5 
student 275: 14 20 15 13 6 12 9 11 10 7 19 3 5 16 2 8 1 18 17 4 
student 276: 18 15 19 11 3 10 17 13 5 8 14 9 7 4 2 1 12 16 20 6 
student 277: 1 20 17 9 13 19 14 11 8 6 5 16 12 7 3 2 10 15 18 4 
student 278: 14 19 16 7 13 18 8 11 9 5 17 6 12 10 1 2 4 15 20 3 
student 279: 15 19 11 17 8 20 9 6 13 12 16 5 7 14 3 4 1 10 18 2 
student 280: 14 12 16 20 13 11 4 18 10 7 15 3 8 6 2 5 1 17 19 9 
student 281: 18 20 14 16 4 9 8 13 10 5 12 1 7 19 2 11 6 15 17 3 
student 282: 17 19 11 12 6 16 13 5 14 9 15 7 8 10 2 3 1 20 18 4 
student 283: 14 17 16 5 7 13 11 18 12 6 20 2 4 10 3 15 8 19 9 1 
student 284: 15 19 20 10 7 18 16 9 8 14 12 4 6 11 1 3 5 13 17 2 
student 285: 16 15 20 7 4 14 17 12 13 8 18 5 2 6 3 10 1 9 19 11 
student 286: 14 18 16 4 15 8 19 10 13 11 17 9 6 12 2 1 3 7 20 5 
student 287: 17 15 18 13 6 20 8 14 11 9 12 1 5 10 7 4 3 16 19 2 
student 288: 18 14 17 19 7 12 8 9 3 10 16 5 1 15 4 11 6 13 20 2 
student 289: 14 16 18 8 7 20 9 19 17 13 10 3 5 6 2 12 1 11 15 4 
student 290: 20 19 17 13 14 18 2 12 9 11 10 7 1 8 3 6 5 15 16 4 
student 291: 17 13 20 12 6 16 7 15 11 19 9 2 14 4 1 8 3 10 18 5 
student 292: 9 18 19 16 7 3 11 13 15 6 12 5 10 14 1 4 8 20 17 2 
student 293: 18 15 13 10 17 16 5 11 12 3 19 4 2 8 6 9 1 14 20 7 
student 294: 10 17 16 19 4 14 6 12 8 1 20 7 11 9 2 18 3 13 15 5 
student 295: 17 20 19 13 2 14 10 7 12 5 15 6 11 4 1 9 8 16 18 3 
student 296: 18 19 14 16 7 11 13 17 9 15 20 4 2 6 8 1 5 10 12 3 
student 297: 10 20 14 15 6 7 8 19 17 11 12 9 5 18 1 16 3 4 13 2 
student 298: 18 16 20 7 9 5 12 13 15 10 19 11 8 4 2 6 3 14 17 1 
student 299: 15 18 19 9 20 13 7 14 5 11 16 1 8 10 6 3 2 17 12 4 
student 300: 15 16 19 8 2 14 5 18 7 12 20 13 10 9 3 6 4 17 11 1 
student 301: 19 20 13 18 10 14 8 12 6 1 17 4 7 9 3 5 15 11 16 2 
student 302: 20 15 19 14 3 11 6 16 9 5 17 2 7 13 1 10 8 18 12 4 
student 303: 14 18 20 8 7 15 12 16 11 5 19 6 2 9 3 1 10 13 17 4 
student 304: 17 16 19 12 7 20 9 13 11 2 14 10 6 8 1 4 3 15 18 5 
student 305: 13 14 19 16 5 20 7 11 12 2 18 9 10 8 1 6 4 17 15 3 
student 306: 14 13 16 19 11 9 4 15 12 18 17 5 6 10 3 1 7 8 20 2 
student 307: 19 20 18 12 5 14 10 9 17 13 15 7 6 4 2 3 8 11 16 1 
student 308: 17 18 19 9 14 15 8 4 13 10 12 7 1 3 2 6 11 16 20 5 
student 309: 16 20 18 14 7 9 8 13 17 10 19 3 5 12 1 6 2 11 15 4 
student 310: 16 20 19 13 3 17 8 7 12 9 18 5 6 11 10 4 2 14 15 1 
student 311: 11 17 19 3 8 7 13 20 16 12 15 5 10 2 6 9 1 18 14 4 
student 312: 15 20 7 13 9 19 11 4 14 12 18 3 8 17 5 6 2 10 16 1 
student 313: 16 17 19 12 1 15 4 5 9 13 20 3 8 7 6 2 10 14 18 11 
student 314: 15 16 19 17 3 13 7 1 12 11 20 4 9 14 5 6 8 10 18 2 
student 315: 7 20 17 9 4 19 11 10 5 8 15 13 1 6 2 16 3 14 18 12 
student 316: 9 20 19 16 5 1 18 17 15 13 14 3 4 8 2 12 7 11 6 10 
student 317: 14 20 19 11 5 18 8 13 10 15 7 3 2 9 4 12 6 17 16 1 
student 318: 16 14 19 9 13 20 11 10 12 5 17 4 7 8 2 3 6 15 18 1 
student 319: 17 16 18 13 4 14 10 12 20 11 19 3 9 8 5 7 6 2 15 1 
student 320: 15 16 17 2 20 18 5 11 13 1 19 6 8 10 3 9 7 12 14 4 
student 321: 15 20 19 11 3 14 13 8 10 7 17 2 5 12 4 9 6 16 18 1 
student 322: 6 20 17 16 7 15 8 12 14 19 18 11 10 5 2 4 1 9 13 3 
student 323: 20 18 17 14 8 5 6 16 11 10 19 3 7 13 2 4 1 12 15 9 
student 324: 15 18 19 14 5 20 16 10 13 6 17 11 9 7 1 2 3 12 8 4 
student 325: 15 19 18 13 7 10 3 9 12 6 17 8 2 16 4 5 1 14 20 11 
student 326: 17 18 9 3 10 14 8 11 16 15 12 4 7 13 2 5 6 19 20 1 
student 327: 19 18 20 13 11 15 5 2 10 14 6 3 1 16 9 7 8 12 17 4 
student 328: 19 20 17 7 10 12 9 18 15 6 16 2 1 3 5 4 14 13 8 11 
student 329: 16 18 20 6 17 15 5 13 8 12 10 9 1 11 3 2 7 14 19 4 
student 330: 14 15 12 20 4 17 11 8 13 6 19 10 5 9 2 1 3 16 18 7 
student 331: 8 20 19 17 1 18 3 4 7 13 15 10 2 11 9 14 12 16 6 5 
student 332: 18 20 10 9 4 15 5 17 7 12 16 11 8 13 2 6 1 14 19 3 
student 333: 19 20 15 11 18 9 6 12 10 13 16 8 4 1 2 7 3 14 17 5 
student 334: 17 20 16 4 9 14 11 6 3 15 18 2 10 13 1 8 7 19 12 5 
student 335: 14 18 19 8 15 20 3 16 4 9 17 6 12 10 5 7 2 11 13 1 
student 336: 15 20 18 13 4 11 12 8 16 5 19 2 3 9 7 10 1 14 17 6 
student 337: 20 12 19 10 2 9 3 17 4 11 18 13 7 8 14 6 5 16 15 1 
student 338: 15 14 16 19 18 9 7 11 8 5 20 10 13 12 2 1 3 6 17 4 
student 339: 19 17 18 12 16 14 3 10 6 1 15 9 7 20 2 4 8 13 11 5 
student 340: 15 14 18 17 10 16 12 6 3 11 8 9 20 1 7 5 4 19 13 2 
student 341: 18 16 20 19 7 15 12 11 5 8 10 9 14 4 1 3 6 13 17 2 
student 342: 14 18 17 13 2 11 4 9 10 8 19 3 1 12 5 6 15 16 20 7 
student 343: 18 16 20 19 2 10 7 14 11 15 13 3 12 6 5 1 9 8 17 4 
student 344: 19 8 13 9 12 17 6 18 7 11 20 1 14 15 2 5 3 10 16 4 
student 345: 18 16 20 15 9 11 2 5 4 13 17 8 6 10 1 3 7 14 19 12 
student 346: 15 17 20 19 9 13 6 11 10 16 18 4 12 8 1 3 2 5 14 7 
student 347: 10 20 13 9 16 4 5 14 8 18 11 3 12 2 7 6 19 15 17 1 
student 348: 16 18 14 1 12 20 6 15 7 13 19 4 10 11 5 3 8 9 17 2 
student 349: 15 20 18 16 11 14 9 8 10 12 13 7 2 3 1 6 4 19 17 5 
student 350: 17 14 16 13 4 3 10 15 9 11 19 7 6 8 2 5 12 20 18 1 
student 351: 14 8 15 17 6 16 19 13 12 7 18 11 2 4 3 10 1 9 20 5 
student 352: 12 18 19 10 16 2 9 14 15 4 8 7 6 13 1 3 11 20 17 5 
student 353: 20 18 19 13 8 16 17 12 11 5 6 3 9 7 4 10 1 14 15 2 
student 354: 9 20 16 13 15 6 10 17 7 5 14 4 2 12 11 3 1 18 19 8 
student 355: 11 13 18 9 12 19 16 5 8 2 15 17 10 4 3 6 7 14 20 1 
student 356: 18 5 17 13 6 20 11 7 19 15 16 4 9 12 1 2 10 14 8 3 
student 357: 20 18 19 9 3 17 11 13 10 6 16 1 5 8 4 15 7 14 12 2 
student 358: 20 18 16 1 14 12 15 3 17 11 19 9 6 10 7 2 4 8 13 5 
student 359: 16 14 19 7 12 11 9 6 5 8 18 2 3 15 1 10 13 17 20 4 
student 360: 12 18 9 4 7 17 1 13 16 5 14 6 15 20 3 2 8 11 19 10 
student 361: 17 19 18 16 3 12 1 9 20 13 10 8 11 4 6 7 5 15 14 2 
student 362: 19 16 11 9 17 15 4 13 12 10 20 1 2 5 3 7 8 14 18 6 
student 363: 17 20 19 9 7 13 16 11 12 5 18 4 14 10 3 2 6 15 8 1 
student 364: 19 20 10 12 4 13 6 14 5 9 18 8 7 15 2 3 11 16 17 1 
student 365: 14 18 19 7 3 16 6 10 15 12 20 11 8 9 1 4 5 13 17 2 
student 366: 15 20 13 14 10 12 11 7 18 8 17 1 2 4 5 3 9 16 19 6 
student 367: 15 20 18 11 8 19 9 10 12 3 13 2 4 7 1 6 17 16 14 5 
student 368: 7 18 19 9 20 15 10 14 13 12 16 4 6 11 2 5 1 8 17 3 
student 369: 19 15 18 12 8 20 17 3 11 6 16 7 2 9 5 4 13 14 10 1 
student 370: 15 19 18 14 7 11 16 13 10 12 20 8 2 4 6 5 3 9 17 1 
student 371: 15 20 18 5 16 11 14 8 10 19 17 7 1 9 12 2 6 3 13 4 
student 372: 8 17 20 19 7 11 2 13 14 18 15 5 9 10 3 4 6 12 16 1 
student 373: 19 18 20 16 3 13 4 14 11 5 17 2 15 8 1 9 7 12 10 6 
student 374: 17 11 20 9 6 19 15 14 16 10 13 5 4 8 3 1 7 18 12 2 
student 375: 18 20 16 12 9 6 3 14 11 13 19 1 5 8 2 10 7 17 15 4 
student 376: 13 19 17 18 8 20 3 11 12 6 16 2 1 7 5 14 15 9 10 4 
student 377: 13 9 20 18 11 19 14 8 12 15 17 2 5 10 1 6 4 7 16 3 
student 378: 17 19 20 8 3 10 6 5 11 9 18 13 12 14 2 7 1 16 15 4 
student 379: 15 19 20 7 5 16 4 11 14 12 18 13 6 9 8 3 2 10 17 1 
student 380: 7 17 18 6 1 16 8 12 15 9 11 13 3 20 14 5 2 10 19 4 
student 381: 17 19 10 15 9 16 6 1 12 8 18 2 5 14 4 11 7 20 13 3 
student 382: 20 16 13 4 15 19 7 12 11 10 8 5 9 14 1 3 2 17 18 6 
student 383: 19 18 17 15 4 9 10 7 16 12 20 1 14 11 3 2 6 5 13 8 
student 384: 11 15 18 17 13 10 5 4 7 3 20 2 12 8 1 16 6 14 19 9 
student 385: 15 20 17 6 10 12 7 14 16 9 19 4 3 11 8 2 5 18 13 1 
student 386: 18 19 20 6 15 16 17 14 7 5 12 2 4 9 1 13 10 8 11 3 
student 387: 16 19 5 6 15 8 10 7 11 13 18 12 14 3 2 9 1 17 20 4 
student 388: 8 20 13 16 6 18 4 14 11 9 12 15 3 10 1 7 5 17 19 2 
student 389: 15 17 11 10 4 20 8 13 5 19 14 6 18 7 1 12 3 9 16 2 
student 390: 14 19 11 4 7 16 12 13 17 9 10 15 2 20 1 5 6 8 18 3 
student 391: 14 19 17 11 1 16 12 13 6 5 15 10 7 8 3 2 9 18 20 4 
student 392: 4 19 20 7 10 1 16 14 13 8 15 6 11 12 3 9 2 18 17 5 
student 393: 14 20 17 12 4 11 7 9 16 8 15 18 19 6 1 10 5 2 13 3 
student 394: 18 19 17 20 11 13 7 5 10 14 16 6 9 15 8 4 2 12 1 3 
student 395: 16 20 19 12 3 17 8 9 15 5 18 6 10 11 2 7 4 13 14 1 
student 396: 12 20 17 19 9 14 6 11 13 2 16 1 18 7 10 3 4 8 15 5 
student 397: 16 18 12 14 17 15 10 20 11 4 19 13 6 1 3 9 2 7 5 8 
student 398: 16 20 15 18 8 14 9 7 17 12 19 3 5 11 6 4 2 13 10 1 
student 399: 11 19 16 14 8 18 4 15 12 3 20 6 9 10 7 2 1 13 17 5 
student 400: 17 19 16 12 5 9 13 11 14 10 20 8 4 3 2 7 6 18 15 1 
student 401: 11 20 17 15 5 6 12 14 9 8 13 1 2 18 4 10 7 16 19 3 
student 402: 12 20 18 14 7 17 8 6 15 11 16 2 5 10 3 1 9 19 13 4 
student 403: 14 13 17 12 1 15 8 18 16 10 20 9 4 11 3 5 2 7 19 6 
student 404: 20 19 15 10 14 17 6 8 11 9 18 1 5 13 2 4 7 12 16 3 
student 405: 17 20 6 16 10 18 12 8 14 13 19 2 9 11 5 1 4 7 15 3 
student 406: 17 19 14 16 6 18 8 12 13 9 11 5 7 10 1 2 4 15 20 3 
student 407: 15 20 17 14 6 12 19 11 8 13 18 9 1 7 3 5 4 10 16 2 
student 408: 11 15 12 20 7 14 10 8 13 3 18 1 5 9 4 6 2 17 19 16 
student 409: 20 18 15 5 16 13 12 10 19 9 17 7 4 8 2 6 3 11 14 1 
student 410: 12 14 18 7 3 11 16 5 17 13 20 19 2 6 1 8 10 9 15 4 
student 411: 13 12 16 20 5 17 7 11 14 10 19 4 8 9 1 6 3 15 18 2 
student 412: 15 20 8 7 5 16 10 18 19 17 14 6 11 13 1 2 3 12 4 9 
student 413: 18 20 19 12 7 13 9 5 10 11 17 3 14 6 1 2 4 16 15 8 
student 414: 17 20 18 16 4 14 2 15 11 7 13 10 8 12 5 9 3 6 19 1 
student 415: 13 15 18 9 12 14 6 17 2 16 19 7 8 10 4 5 3 11 20 1 
student 416: 20 19 15 8 4 16 14 7 11 13 18 9 12 5 3 1 6 10 17 2 
student 417: 9 20 15 19 10 16 5 6 12 7 18 14 2 8 3 11 1 13 17 4 
student 418: 19 13 12 16 1 17 11 20 15 10 14 6 4 7 2 5 3 18 8 9 
student 419: 20 18 15 17 10 9 12 11 19 16 14 6 3 7 2 1 5 8 13 4 
student 420: 17 18 16 15 8 11 9 5 14 1 20 7 13 6 12 4 3 10 19 2 
student 421: 10 11 19 15 7 6 17 9 20 3 13 2 8 18 16 4 5 14 12 1 
student 422: 18 19 10 16 8 20 5 6 4 13 7 2 12 11 3 9 14 17 15 1 
student 423: 16 18 20 6 8 13 9 12 14 17 15 3 7 10 2 1 4 11 19 5 
student 424: 18 14 16 20 13 5 11 6 15 10 8 9 4 17 7 3 1 12 19 2 
student 425: 11 20 17 15 3 14 19 1 7 12 18 2 9 8 5 4 10 13 16 6 
student 426: 18 8 20 13 17 11 6 7 14 15 16 4 2 12 3 10 9 19 5 1 
student 427: 19 20 18 13 15 11 7 12 10 5 17 6 9 8 1 4 3 16 14 2 
student 428: 19 16 18 12 2 13 7 17 15 4 8 3 5 10 1 9 6 14 20 11 
student 429: 11 16 19 14 20 10 1 13 12 6 18 5 8 7 9 3 4 17 15 2 
student 430: 11 20 18 4 7 8 15 16 17 10 14 6 9 12 3 2 5 19 13 1 
student 431: 8 19 20 9 6 10 5 16 3 14 15 7 4 13 1 11 12 18 17 2 
student 432: 10 14 18 17 2 20 6 8 15 9 11 16 7 12 3 5 1 19 13 4 
student 433: 13 17 15 11 16 14 9 10 12 7 5 6 8 18 1 2 4 20 19 3 
student 434: 17 18 14 9 15 16 5 11 12 6 19 1 8 3 10 7 2 13 20 4 
student 435: 20 7 18 6 15 12 1 16 13 10 19 9 4 14 3 5 8 11 17 2 
student 436: 17 20 18 13 5 10 11 9 14 16 4 6 2 12 1 3 7 15 19 8 
student 437: 20 19 13 11 4 15 14 10 12 8 17 6 5 9 1 2 3 16 18 7 
student 438: 12 18 20 14 3 19 10 8 13 11 15 9 7 5 6 4 2 16 17 1 
student 439: 12 18 7 16 4 14 9 6 11 3 20 2 13 17 10 5 8 19 15 1 
student 440: 12 16 20 8 6 19 2 5 15 9 14 11 3 13 1 10 4 17 18 7 
student 441: 15 18 14 16 7 17 10 11 9 8 19 13 5 4 1 3 2 12 20 6 
student 442: 1 12 17 5 8 15 11 13 4 6 19 7 18 14 10 9 2 16 20 3 
student 443: 11 18 16 10 1 15 8 14 3 4 17 20 9 12 2 6 5 13 19 7 
student 444: 11 19 14 20 12 18 13 9 10 15 17 6 3 8 1 4 5 16 7 2 
student 445: 11 14 19 16 5 18 10 8 15 13 20 1 7 9 6 3 4 17 12 2 
student 446: 16 19 20 15 6 13 8 9 17 11 18 4 10 12 1 5 2 7 14 3 
student 447: 14 16 19 10 7 11 13 17 12 4 9 3 8 15 1 6 5 18 20 2 
student 448: 15 14 20 9 6 12 10 18 7 13 17 16 3 8 2 5 4 11 19 1 
student 449: 13 18 19 15 17 11 10 16 20 14 8 4 9 6 2 3 5 12 7 1 
student 450: 20 18 17 13 8 16 5 12 10 11 3 7 14 9 6 2 1 19 15 4 
student 451: 13 11 19 15 12 16 8 14 18 10 20 5 9 17 4 6 3 2 7 1 
student 452: 5 16 19 20 7 15 10 4 8 13 12 11 3 9 2 6 1 17 18 14 
student 453: 18 19 16 11 8 13 17 12 20 15 10 3 9 5 1 6 4 7 14 2 
student 454: 17 19 20 12 6 18 2 7 15 14 8 11 16 4 3 10 1 9 13 5 
student 455: 20 17 19 18 9 15 13 14 8 7 11 6 3 10 2 5 4 12 16 1 
student 456: 14 7 18 6 2 16 11 17 15 5 20 3 9 10 1 8 12 13 19 4 
student 457: 2 20 14 13 3 11 16 15 18 17 19 9 8 10 5 6 1 7 12 4 
student 458: 11 20 19 17 5 12 14 7 8 1 18 6 2 10 3 9 4 15 16 13 
student 459: 19 17 16 12 20 18 15 14 7 8 13 4 3 2 9 5 1 10 11 6 
student 460: 7 17 12 15 16 18 9 13 6 10 19 8 2 14 1 5 4 11 20 3 
student 461: 16 17 18 7 11 15 6 9 14 12 20 1 8 4 10 2 5 13 19 3 
student 462: 12 16 20 11 9 14 7 6 15 18 13 8 4 19 3 5 2 1 17 10 
student 463: 20 18 16 7 6 17 4 3 13 11 14 5 9 10 8 2 1 12 19 15 
student 464: 14 19 15 11 5 17 2 20 8 3 13 1 4 6 10 16 9 7 18 12 
student 465: 18 19 7 9 12 10 1 8 16 5 20 15 4 13 11 6 3 14 17 2 
student 466: 14 12 15 19 4 20 9 10 16 6 18 3 8 7 5 2 1 13 17 11 
student 467: 20 17 15 5 7 13 9 8 18 4 19 16 2 12 1 10 3 11 14 6 
student 468: 11 19 16 17 7 13 8 14 3 12 15 4 6 18 1 9 2 10 20 5 
student 469: 13 16 19 14 6 18 8 12 5 11 10 2 9 17 7 3 4 15 20 1 
student 470: 18 13 20 5 8 14 4 15 9 11 16 10 7 12 6 2 1 19 17 3 
student 471: 10 14 17 7 3 8 12 18 20 11 16 2 6 13 9 4 5 19 15 1 
student 472: 16 19 17 18 14 20 7 3 12 13 11 6 10 8 4 5 1 9 15 2 
student 473: 13 19 20 9 5 12 16 4 6 18 14 7 3 11 1 10 8 17 15 2 
student 474: 5 19 12 14 8 16 15 11 20 10 18 9 1 13 3 2 7 4 17 6 
student 475: 15 17 19 13 11 14 1 10 8 12 18 3 9 20 6 7 2 5 16 4 
student 476: 20 14 18 7 10 12 9 16 15 3 13 5 4 11 1 6 8 17 19 2 
student 477: 15 16 20 12 10 18 1 9 4 8 19 17 7 11 3 6 2 14 13 5 
student 478: 18 16 20 5 4 15 8 9 10 12 11 1 17 7 2 13 3 14 19 6 
student 479: 17 20 16 7 14 11 19 3 13 6 18 9 10 12 4 2 5 8 15 1 
student 480: 16 20 15 17 14 13 12 6 11 10 19 5 7 8 1 4 3 9 18 2 
student 481: 18 16 13 14 5 17 6 11 10 8 19 4 12 1 9 3 7 15 20 2 
student 482: 14 17 20 5 9 12 13 10 11 15 19 6 8 3 7 1 4 16 18 2 
student 483: 11 13 16 12 10 15 6 19 17 9 18 5 1 7 2 14 3 8 20 4 
student 484: 11 17 14 13 9 10 3 15 8 12 20 1 6 7 5 4 2 18 19 16 
student 485: 19 20 16 8 15 14 10 13 12 5 17 4 7 9 3 1 6 18 11 2 
student 486: 14 16 13 12 18 11 2 15 5 10 20 17 3 9 6 8 1 7 19 4 
student 487: 11 20 17 14 3 13 4 12 18 9 16 1 15 6 5 7 8 10 19 2 
student 488: 16 15 20 14 12 10 7 11 17 8 19 2 6 9 1 4 3 13 18 5 
student 489: 15 19 16 11 12 17 3 18 9 6 13 4 8 7 1 20 2 14 5 10 
student 490: 9 20 17 10 8 15 13 19 11 1 16 5 7 12 2 6 4 14 18 3 
student 491: 15 18 14 13 10 8 2 9 19 12 20 1 6 7 3 5 11 16 17 4 
student 492: 16 18 20 4 5 15 6 13 9 17 19 3 8 7 1 10 2 11 14 12 
student 493: 6 9 19 17 15 18 10 1 12 2 8 13 11 14 3 5 4 16 20 7 
student 494: 17 20 18 12 7 14 8 1 16 11 15 9 4 10 3 6 2 13 19 5 
student 495: 16 10 19 15 11 4 12 17 6 1 20 5 13 14 8 2 3 9 18 7 
student 496: 16 13 20 17 4 14 10 11 8 9 18 2 5 6 3 7 1 12 19 15 
student 497: 11 19 18 10 3 12 5 15 13 9 20 8 14 6 1 2 4 16 17 7 
student 498: 15 16 19 11 8 14 12 7 13 9 18 4 1 5 2 20 6 10 17 3 
student 499: 19 16 20 11 3 13 14 6 12 5 10 18 9 8 7 2 4 15 17 1 
student 500: 15 17 19 13 3 16 12 8 14 7 20 4 6 11 1 5 2 9 18 10 
student 501: 8 15 20 11 6 17 2 16 10 9 18 5 12 13 3 4 1 19 14 7 
student 502: 9 18 16 19 5 17 10 14 11 13 20 3 7 8 4 1 6 15 12 2 
student 503: 13 10 20 7 12 17 16 8 19 11 15 4 9 3 2 6 5 14 18 1 
student 504: 16 5 17 18 7 9 4 14 15 13 20 10 11 8 2 3 6 19 12 1 
student 505: 10 15 17 8 3 12 4 14 5 11 20 9 19 6 13 7 1 16 18 2 
student 506: 20 8 18 12 11 15 4 16 13 3 19 1 7 14 9 5 6 17 10 2 
student 507: 16 19 18 17 9 14 5 2 8 12 20 7 15 10 1 4 3 11 13 6 
student 508: 9 17 14 12 11 20 16 10 19 3 2 6 8 13 1 4 7 18 15 5 
student 509: 14 18 19 3 7 20 5 16 13 8 12 17 6 10 1 2 4 11 15 9 
student 510: 12 20 18 10 9 14 8 6 11 5 15 3 16 17 1 7 4 19 13 2 
student 511: 15 17 20 11 2 18 12 7 14 16 9 13 4 5 6 8 3 10 19 1 
student 512: 18 15 20 11 17 16 4 7 8 5 13 12 10 9 3 6 2 14 19 1 
student 513: 18 17 16 6 8 19 10 11 14 12 13 9 4 3 1 7 5 15 20 2 
student 514: 20 15 10 17 8 18 6 13 7 5 16 11 4 9 2 3 1 14 19 12 
student 515: 13 15 14 11 2 16 3 4 10 5 18 8 7 17 6 1 12 20 19 9 
student 516: 14 18 20 16 13 17 9 12 19 10 15 1 2 8 3 5 6 11 7 4 
student 517: 16 20 17 14 18 10 4 7 13 11 19 8 9 12 5 3 2 6 15 1 
student 518: 20 19 16 9 6 13 8 11 10 15 14 7 1 18 5 2 4 12 17 3 
student 519: 19 18 12 17 4 13 5 11 16 8 20 7 1 10 3 6 2 15 14 9 
student 520: 10 14 18 5 4 20 19 13 17 3 16 1 15 11 8 2 6 12 9 7 
student 521: 14 20 17 11 1 18 4 15 10 6 19 5 12 9 8 2 7 13 16 3 
student 522: 11 20 19 15 8 4 12 1 13 14 17 5 10 16 6 7 9 2 18 3 
student 523: 11 16 19 15 3 18 4 13 10 9 12 14 7 8 6 2 5 20 17 1 
student 524: 15 14 20 16 8 19 2 3 7 9 17 12 10 11 4 1 5 13 18 6 
student 525: 16 18 17 20 9 8 10 13 19 11 15 7 3 2 1 5 4 14 12 6 
student 526: 16 20 18 14 7 15 8 12 19 9 17 5 11 4 1 6 3 13 10 2 
student 527: 12 15 14 17 10 7 4 19 5 11 20 8 9 18 2 6 3 13 16 1 
student 528: 17 19 20 12 5 16 11 10 15 7 18 2 6 8 3 14 4 13 9 1 
student 529: 11 15 14 18 7 20 13 19 5 2 17 6 12 16 8 1 4 9 10 3 
student 530: 1 18 12 13 8 20 7 11 17 5 14 6 10 15 3 19 2 9 16 4 
student 531: 11 14 19 6 8 13 17 9 16 4 20 7 12 2 3 1 5 18 15 10 
student 532: 20 14 18 11 9 16 15 4 5 13 19 1 3 12 2 8 7 17 10 6 
student 533: 17 19 15 8 6 7 3 12 14 9 18 10 11 16 2 1 4 13 20 5 
student 534: 15 19 17 7 1 18 12 8 10 4 14 5 9 16 2 6 3 13 20 11 
student 535: 18 20 19 11 5 14 8 12 13 4 16 7 9 2 3 1 10 15 17 6 
student 536: 15 19 14 13 8 18 12 17 11 6 20 5 1 2 3 7 10 16 9 4 
student 537: 16 18 19 9 3 14 10 12 11 8 15 2 4 13 1 7 6 20 17 5 
student 538: 12 20 19 14 2 17 10 9 11 4 16 6 15 7 3 8 1 13 18 5 
student 539: 17 14 20 16 5 6 8 12 10 9 19 4 2 15 7 3 1 18 13 11 
student 540: 10 20 19 15 12 17 11 7 16 9 3 5 13 14 1 6 2 8 18 4 
student 541: 13 20 17 15 9 10 11 12 4 6 18 2 7 16 3 5 8 19 14 1 
student 542: 12 20 11 13 4 19 3 15 8 9 18 14 10 6 7 2 1 16 17 5 
student 543: 20 16 19 13 8 17 14 12 15 4 18 2 11 9 5 7 3 10 6 1 
student 544: 16 15 18 7 11 13 17 10 14 8 20 6 5 9 2 4 3 19 12 1 
student 545: 13 17 20 11 6 18 3 7 14 16 19 12 9 10 8 5 1 2 15 4 
student 546: 18 10 20 16 6 14 8 4 17 12 15 7 5 3 2 13 11 19 9 1 
student 547: 16 17 19 15 2 9 5 14 7 12 18 11 8 3 4 6 10 13 20 1 
student 548: 20 18 17 12 11 16 4 13 5 7 19 8 1 14 10 9 3 6 15 2 
student 549: 16 15 14 11 6 18 5 8 12 17 19 4 9 13 1 3 7 10 20 2 
student 550: 13 19 18 5 7 9 11 8 10 14 20 4 15 3 6 16 2 17 12 1 
student 551: 7 2 16 19 6 17 4 15 11 12 20 8 10 14 9 5 1 13 18 3 
student 552: 14 20 19 11 9 15 12 5 8 18 16 3 4 7 2 1 10 17 13 6 
student 553: 6 18 20 13 5 11 15 12 10 9 19 3 8 14 2 7 4 17 16 1 
student 554: 18 12 20 15 5 16 13 10 3 8 19 2 9 14 7 1 6 11 17 4 
student 555: 11 17 20 14 16 8 13 9 19 5 12 1 10 15 2 3 6 7 18 4 
student 556: 7 20 10 15 6 18 11 12 17 8 19 4 3 9 2 14 5 13 16 1 
student 557: 16 15 11 10 17 18 3 12 7 14 20 8 13 6 1 4 2 9 19 5 
student 558: 16 17 19 10 9 20 13 12 11 7 18 4 2 8 3 6 5 14 15 1 
student 559: 11 17 19 15 8 12 7 13 18 5 14 3 9 4 6 10 1 16 20 2 
student 560: 16 17 13 15 11 10 3 7 9 6 20 5 19 14 4 8 1 12 18 2 
student 561: 8 17 18 9 4 10 20 16 11 7 14 5 3 15 1 6 2 12 19 13 
student 562: 18 20 6 14 4 12 13 17 8 10 15 5 11 3 7 2 1 16 19 9 
student 563: 10 20 15 13 1 16 8 11 12 19 18 9 6 14 7 3 4 5 17 2 
student 564: 17 8 19 12 5 13 7 6 18 15 14 9 3 16 2 1 11 10 20 4 
student 565: 11 13 10 17 5 9 7 14 8 16 20 12 1 6 15 4 3 19 18 2 
student 566: 17 20 19 14 6 8 5 7 18 12 10 11 1 4 13 3 15 16 9 2 
student 567: 11 16 19 15 8 12 3 14 10 13 20 5 6 7 1 2 9 17 18 4 
student 568: 18 14 19 16 7 15 1 10 11 8 20 2 3 6 4 12 9 13 17 5 
student 569: 17 20 18 14 12 15 10 8 11 1 19 6 9 5 2 7 3 16 13 4 
student 570: 15 17 20 13 9 16 10 4 6 14 18 5 8 11 1 7 2 12 19 3 
student 571: 20 15 11 10 9 14 7 16 13 6 18 12 5 2 1 8 3 19 17 4 
student 572: 19 7 20 15 9 13 10 6 11 8 18 5 4 12 2 3 1 17 14 16 
student 573: 12 18 20 9 6 14 19 7 15 10 16 3 8 11 5 4 2 13 17 1 
student 574: 15 20 14 16 2 11 5 18 8 9 12 6 7 10 3 4 13 17 19 1 
student 575: 19 20 13 17 6 12 7 14 15 10 16 2 5 4 3 1 9 18 11 8 
student 576: 10 16 17 20 1 19 11 12 3 14 13 4 9 8 2 5 7 18 15 6 
student 577: 9 10 19 12 13 16 8 18 7 15 20 4 3 14 2 17 1 6 11 5 
student 578: 15 20 16 7 1 17 4 10 6 13 8 9 2 18 14 19 5 11 12 3 
student 579: 13 12 20 8 7 11 2 16 18 6 15 17 10 14 3 5 4 9 19 1 
student 580: 16 13 19 6 10 12 8 14 11 5 17 2 4 9 3 18 7 15 20 1 
student 581: 14 18 20 16 8 15 6 10 13 11 17 3 2 9 1 5 7 12 19 4 
student 582: 16 19 14 18 4 20 6 15 12 8 17 7 10 11 2 5 3 9 13 1 
student 583: 4 19 14 13 11 15 7 18 9 8 17 16 6 3 5 2 12 10 20 1 
student 584: 17 19 20 10 6 13 4 12 15 9 18 5 14 11 8 2 3 7 16 1 
student 585: 13 16 20 10 4 14 6 15 17 12 18 7 8 5 1 9 3 2 19 11 
student 586: 18 19 7 17 1 20 5 11 8 6 16 13 15 10 2 9 4 12 14 3 
student 587: 12 20 18 14 3 11 15 16 8 7 19 9 6 1 2 5 10 4 17 13 
student 588: 13 16 18 7 10 15 2 17 12 9 20 6 8 11 4 5 3 14 19 1 
student 589: 13 15 20 11 10 12 14 9 17 16 19 6 4 7 2 1 5 8 18 3 
student 590: 13 20 11 17 10 3 15 2 14 19 16 5 7 9 1 6 12 8 18 4 
student 591: 9 16 17 19 12 10 8 7 18 2 20 4 11 6 1 3 13 15 14 5 
student 592: 16 10 12 9 4 14 18 19 7 15 20 6 3 13 1 5 2 8 17 11 
student 593: 10 17 19 16 2 13 7 15 12 11 20 6 9 4 1 5 8 14 18 3 
student 594: 18 20 15 14 3 16 6 4 9 13 19 17 12 1 8 10 5 7 11 2 
student 595: 17 20 18 12 7 13 9 15 16 10 19 1 6 8 4 5 2 11 14 3 
student 596: 11 20 14 13 9 15 16 12 18 10 19 1 7 8 2 5 3 6 17 4 
student 597: 16 18 12 13 10 17 4 11 8 14 19 1 9 15 3 5 6 7 20 2 
student 598: 16 18 19 14 13 11 5 12 8 6 15 9 10 4 2 7 3 17 20 1 
student 599: 16 19 17 12 11 18 5 8 15 9 20 6 7 13 3 4 1 14 10 2 
student 600: 14 18 17 8 5 15 2 13 3 10 12 19 7 20 1 4 9 11 16 6 
student 601: 4 19 12 17 2 16 7 14 15 6 18 10 11 9 3 8 5 13 20 1 
student 602: 19 18 16 14 9 17 5 11 12 15 4 7 13 8 3 1 2 10 20 6 
student 603: 16 10 19 17 7 20 6 11 15 9 18 2 12 8 5 3 1 14 13 4 
student 604: 20 11 18 19 14 3 9 13 12 6 16 7 8 10 2 5 4 15 17 1 
student 605: 17 19 20 10 6 15 5 7 14 11 13 2 4 18 1 8 9 12 16 3 
student 606: 9 14 18 12 1 17 20 6 10 19 13 3 15 8 5 7 4 16 11 2 
student 607: 15 16 12 17 10 19 7 1 13 2 20 6 11 14 9 3 5 4 18 8 
student 608: 19 15 12 16 14 20 2 4 3 6 18 10 11 9 7 1 5 13 17 8 
student 609: 11 19 20 9 7 15 16 3 17 10 18 12 1 13 4 2 6 14 8 5 
student 610: 16 19 20 7 11 13 8 14 15 9 18 6 5 12 2 3 4 10 17 1 
student 611: 10 15 13 16 17 5 1 7 20 9 12 2 11 14 6 3 4 18 19 8 
student 612: 12 14 20 11 10 18 8 16 7 9 19 2 1 6 5 4 13 17 15 3 
student 613: 12 17 18 14 5 20 7 13 19 10 16 8 3 4 1 9 11 6 15 2 
student 614: 7 15 19 18 9 13 10 14 17 12 20 4 1 5 6 11 2 8 16 3 
student 615: 11 17 18 9 6 14 7 20 10 13 19 8 5 12 2 3 4 15 16 1 
student 616: 18 20 13 10 3 9 11 7 19 5 8 2 1 17 4 14 16 15 12 6 
student 617: 17 19 3 15 5 18 11 12 13 8 20 10 2 7 1 6 4 14 16 9 
student 618: 16 14 20 13 4 17 10 12 15 6 19 8 5 11 3 1 2 9 18 7 
student 619: 19 15 13 14 4 11 10 20 9 5 16 8 7 18 2 3 1 12 17 6 
student 620: 13 17 19 12 20 18 8 11 5 15 16 7 9 4 3 1 6 10 14 2 
student 621: 19 17 1 14 4 16 9 11 12 10 20 5 13 2 7 8 6 15 18 3 
student 622: 5 7 18 16 8 13 2 19 3 10 17 15 4 14 9 11 1 12 20 6 
student 623: 18 15 20 10 5 17 6 11 9 8 16 2 13 19 1 7 4 12 14 3 
student 624: 19 11 20 12 7 17 4 14 5 16 15 13 6 10 1 8 2 9 18 3 
student 625: 13 18 19 16 6 12 14 10 15 9 17 1 4 7 2 8 5 11 20 3 
student 626: 18 20 19 13 8 10 11 14 6 9 17 1 5 15 2 7 3 16 12 4 
student 627: 15 18 20 19 10 9 8 16 17 11 14 6 4 7 2 3 1 13 12 5 
student 628: 14 19 15 3 7 13 6 8 9 11 20 1 10 17 2 5 16 12 18 4 
student 629: 17 16 20 12 9 8 10 5 11 7 15 6 14 18 1 3 4 13 19 2 
student 630: 14 16 18 17 7 19 6 10 8 11 13 2 20 9 3 1 5 12 15 4 
student 631: 17 19 20 15 4 16 1 11 8 12 18 13 3 5 10 7 6 14 9 2 
student 632: 14 20 19 18 10 17 11 15 13 9 12 5 4 6 7 8 2 16 3 1 
student 633: 16 18 13 15 2 11 6 8 9 17 10 3 5 12 4 19 1 14 20 7 
student 634: 19 20 7 13 9 16 10 15 12 6 18 8 4 11 5 2 1 17 14 3 
student 635: 5 17 18 19 6 10 3 11 20 7 16 9 15 8 2 4 12 14 13 1 
student 636: 7 19 16 9 8 17 3 14 13 12 18 10 6 11 1 4 2 15 20 5 
student 637: 13 19 16 20 10 17 9 11 14 6 15 7 4 8 3 1 5 12 18 2 
student 638: 6 16 19 15 11 20 9 12 10 8 17 7 3 2 4 5 1 14 18 13 
student 639: 17 10 19 14 9 16 8 6 12 11 18 5 7 20 1 2 4 15 13 3 
student 640: 14 20 16 13 4 19 2 8 12 9 17 6 7 10 5 15 3 11 18 1 
student 641: 15 20 19 13 7 17 8 9 10 14 16 4 5 11 1 3 2 12 18 6 
student 642: 15 13 19 20 9 4 6 16 7 11 17 5 14 8 2 10 3 18 12 1 
student 643: 12 18 20 9 7 17 2 14 13 10 16 5 6 11 3 4 1 15 19 8 
student 644: 15 12 17 3 13 6 5 19 14 10 18 1 2 9 4 11 7 16 20 8 
student 645: 1 19 17 9 12 20 14 8 2 13 18 11 10 6 3 7 5 15 16 4 
student 646: 13 19 20 7 5 9 11 12 3 8 18 10 14 15 4 2 1 16 17 6 
student 647: 11 19 18 10 7 16 8 13 14 5 17 9 3 12 6 4 1 15 20 2 
student 648: 16 18 20 1 4 15 7 11 12 8 19 9 13 14 3 5 10 6 17 2 
student 649: 15 16 19 13 12 17 10 14 11 3 20 2 5 9 4 8 1 18 6 7 
student 650: 17 20 18 13 10 15 11 9 12 4 8 7 16 5 3 2 6 14 19 1 
student 651: 13 20 16 19 9 12 11 14 17 7 15 5 4 8 1 2 3 10 18 6 
student 652: 16 20 18 11 3 19 7 15 9 2 17 10 5 8 1 14 6 13 12 4 
student 653: 18 20 19 11 7 17 16 5 12 8 13 6 9 10 3 4 2 15 14 1 
student 654: 7 17 20 13 11 15 12 16 18 9 19 8 6 14 2 5 1 4 10 3 
student 655: 19 20 17 10 9 18 7 14 16 8 13 4 2 11 1 5 6 12 15 3 
student 656: 4 16 13 14 11 20 7 9 12 2 17 10 15 6 1 5 3 18 19 8 
student 657: 12 20 15 11 6 14 7 10 16 9 17 2 4 8 3 1 5 18 19 13 
student 658: 15 20 10 16 6 14 8 5 17 11 12 13 7 1 4 9 18 3 19 2 
student 659: 16 18 10 15 9 17 11 7 5 20 12 3 1 6 2 8 19 14 13 4 
student 660: 15 20 19 14 5 17 1 2 12 10 6 16 3 11 4 7 8 13 18 9 
student 661: 20 19 16 12 14 18 5 6 10 4 8 13 2 11 3 9 7 15 17 1 
student 662: 17 19 16 15 5 20 8 11 4 10 18 7 2 12 1 9 3 13 14 6 
student 663: 10 18 13 14 5 17 8 16 20 9 19 2 7 1 12 6 3 11 15 4 
student 664: 16 19 20 8 13 15 4 3 12 5 18 11 10 9 1 7 6 14 17 2 
student 665: 20 19 18 12 2 15 11 7 17 9 14 10 6 13 1 4 8 16 5 3 
student 666: 20 13 18 10 3 14 9 11 17 8 16 2 5 12 1 6 7 19 15 4 
student 667: 17 18 14 6 11 15 13 5 16 12 19 4 8 9 3 2 1 20 7 10 
student 668: 20 14 17 5 6 18 11 12 9 7 15 13 3 8 2 10 4 16 19 1 
student 669: 12 18 19 17 11 13 8 5 9 20 7 4 10 15 3 1 6 16 14 2 
student 670: 17 20 12 14 10 11 13 4 16 8 19 6 7 9 1 2 3 15 18 5 
student 671: 1 20 16 18 7 11 4 14 17 9 19 5 6 8 2 13 10 12 15 3 
student 672: 14 19 17 10 8 20 11 9 15 13 16 7 6 5 1 3 2 12 18 4 
student 673: 6 19 16 14 10 20 11 18 12 8 17 9 5 7 1 2 4 13 15 3 
student 674: 7 19 20 18 9 2 3 14 17 11 15 1 5 8 10 6 4 16 13 12 
student 675: 10 17 16 15 7 12 11 14 20 4 13 8 5 18 1 2 3 9 19 6 
student 676: 12 20 18 9 2 19 3 7 13 16 17 15 1 6 8 10 5 14 11 4 
student 677: 9 19 16 8 2 17 10 15 13 7 18 6 1 14 3 11 4 12 20 5 
student 678: 16 20 19 11 7 12 3 5 10 8 15 9 1 13 18 2 4 14 17 6 
student 679: 19 16 18 15 13 12 20 10 14 5 4 8 7 9 2 6 1 11 17 3 
student 680: 15 19 20 9 7 14 1 16 4 18 10 11 3 13 6 2 8 12 17 5 
student 681: 17 20 19 13 5 16 9 6 11 12 18 10 4 8 1 7 3 15 14 2 
student 682: 15 20 18 19 7 16 8 6 9 13 10 4 12 1 3 11 5 14 17 2 
student 683: 9 18 16 11 6 12 17 2 7 13 20 4 14 10 1 8 3 19 15 5 
student 684: 16 19 13 5 8 6 18 14 9 11 12 1 4 15 2 7 3 17 20 10 
student 685: 12 19 15 10 20 5 14 17 16 7 11 9 3 6 1 13 4 8 18 2 
student 686: 13 12 17 18 8 20 7 15 6 4 19 3 1 9 10 5 2 11 16 14 
student 687: 10 19 20 18 2 15 14 3 8 11 12 4 1 9 6 7 13 17 16 5 
student 688: 19 11 9 16 3 17 12 10 7 6 20 1 5 15 4 14 8 18 13 2 
student 689: 19 18 16 14 1 20 15 8 13 7 12 4 11 17 6 5 2 9 10 3 
student 690: 10 19 20 17 9 18 7 13 11 14 4 2 5 8 1 6 12 15 16 3 
student 691: 11 16 19 18 10 14 7 9 15 6 20 13 3 17 5 2 1 8 12 4 
student 692: 7 14 13 8 4 19 9 15 10 6 17 12 18 11 1 5 2 16 20 3 
student 693: 13 18 8 14 5 9 16 12 17 7 19 4 11 10 1 6 3 20 15 2 
student 694: 16 20 12 11 17 19 13 9 10 4 18 6 2 3 7 15 1 8 14 5 
student 695: 17 14 20 6 11 7 5 8 15 10 19 13 16 9 1 4 3 12 18 2 
student 696: 18 11 20 4 8 17 1 9 13 15 14 10 6 2 7 5 16 12 19 3 
student 697: 19 17 20 18 3 16 6 12 14 11 15 4 7 13 5 1 9 2 10 8 
student 698: 15 19 20 12 5 17 9 13 8 2 16 3 4 10 7 18 6 14 11 1 
student 699: 16 20 14 13 3 9 6 15 12 10 18 2 11 19 4 1 7 5 17 8 
student 700: 17 14 18 12 13 15 7 11 10 9 19 2 5 8 4 3 6 16 20 1 
student 701: 19 20 17 5 15 14 16 13 2 10 9 8 12 3 7 6 4 11 18 1 
student 702: 19 16 17 5 18 14 9 12 11 15 7 3 10 4 2 6 1 13 20 8 
student 703: 18 17 19 12 4 13 6 9 15 10 11 8 14 7 1 3 5 20 16 2 
student 704: 16 18 17 14 11 10 1 8 7 9 12 13 3 20 2 6 5 15 19 4 
student 705: 11 20 16 14 1 15 10 9 19 8 18 7 6 12 3 5 4 13 17 2 
student 706: 11 19 17 9 8 18 10 15 4 12 20 1 6 13 5 3 2 14 16 7 
student 707: 17 13 18 12 7 20 14 15 11 6 19 2 9 5 1 3 8 10 16 4 
student 708: 17 13 20 18 12 11 7 16 14 6 19 2 4 8 9 3 1 15 10 5 
student 709: 17 11 16 20 4 13 5 8 6 10 18 3 1 14 7 12 19 15 9 2 
student 710: 17 19 12 16 2 6 14 5 10 7 20 9 13 15 3 8 4 18 11 1 
student 711: 18 20 14 9 5 16 3 7 13 10 17 8 11 12 4 6 2 15 19 1 
student 712: 16 20 17 13 14 15 12 8 11 10 7 2 4 6 9 1 5 18 19 3 
student 713: 19 20 12 2 13 11 8 14 4 9 17 10 7 15 6 5 1 18 16 3 
student 714: 18 20 17 12 10 16 2 13 5 4 19 9 15 11 8 6 7 14 3 1 
student 715: 17 13 19 15 6 20 8 11 14 10 18 5 4 7 1 9 3 16 12 2 
student 716: 16 14 20 17 12 11 6 5 10 4 19 1 9 18 2 7 8 13 15 3 
student 717: 19 18 13 11 4 12 14 17 8 7 10 6 2 16 1 5 9 15 20 3 
student 718: 17 20 18 7 3 19 2 6 16 5 11 12 10 4 9 1 14 13 15 8 
student 719: 19 17 18 2 6 13 11 15 12 10 14 4 5 9 1 7 8 16 20 3 
student 720: 15 12 20 5 2 16 11 14 7 13 17 10 3 18 4 8 6 9 19 1 
student 721: 17 18 20 16 4 12 9 8 11 10 19 6 7 14 1 5 3 15 13 2 
student 722: 4 20 18 14 6 15 19 10 17 1 16 9 3 5 13 2 8 12 11 7 
student 723: 19 14 15 20 6 16 8 12 10 9 17 5 2 13 1 7 3 11 18 4 
student 724: 20 9 14 16 7 17 18 13 15 11 19 5 2 8 10 4 3 6 12 1 
student 725: 19 20 14 4 5 17 18 6 12 9 3 8 10 11 2 1 7 13 16 15 
student 726: 19 18 13 12 3 17 5 16 9 10 20 15 2 8 1 7 6 11 14 4 
student 727: 15 13 11 17 4 18 20 12 14 9 19 5 8 10 1 6 3 7 16 2 
student 728: 18 20 12 17 8 19 5 7 15 14 16 9 1 11 2 4 3 10 13 6 
student 729: 18 13 19 14 5 11 10 12 16 6 20 4 8 2 3 1 9 17 15 7 
student 730: 16 12 20 11 4 14 13 8 15 5 10 7 9 19 2 3 1 18 17 6 
student 731: 17 20 19 8 10 16 6 14 9 5 15 12 13 7 1 4 2 11 18 3 
student 732: 19 9 18 20 6 15 1 17 10 4 16 13 14 8 5 2 11 12 7 3 
student 733: 19 17 18 15 14 16 11 3 7 12 13 4 9 1 10 2 6 5 20 8 
student 734: 15 18 14 11 2 20 4 9 13 5 17 10 1 16 8 3 7 12 19 6 
student 735: 15 20 17 2 13 8 7 4 12 10 19 5 3 14 1 9 6 16 18 11 
student 736: 16 20 19 9 3 15 6 7 12 10 14 13 5 18 8 4 2 11 17 1 
student 737: 15 20 7 17 14 13 5 16 6 18 19 12 10 8 9 4 2 11 3 1 
student 738: 12 20 15 10 14 16 7 13 9 2 18 6 8 4 3 5 1 19 17 11 
student 739: 6 20 16 13 11 18 17 19 9 2 14 7 10 8 3 5 1 12 15 4 
student 740: 4 15 16 18 1 19 12 10 3 7 20 2 14 11 6 9 5 13 17 8 
student 741: 11 18 16 13 10 17 12 3 19 6 20 8 9 15 1 2 4 7 14 5 
student 742: 18 15 13 7 4 17 5 11 10 8 20 2 3 19 1 9 14 12 16 6 
student 743: 15 20 19 13 6 12 4 14 8 11 16 5 7 10 1 2 9 17 18 3 
student 744: 8 20 19 10 7 18 11 13 9 14 17 4 6 16 1 5 3 12 15 2 
student 745: 17 20 11 9 18 15 12 7 14 13 19 3 5 8 4 1 6 10 16 2 
student 746: 15 20 19 11 9 12 10 18 5 13 17 4 6 7 8 1 3 14 16 2 
student 747: 14 19 6 1 13 18 11 16 7 15 20 10 8 4 2 5 3 17 9 12 
student 748: 15 13 19 8 5 18 3 16 7 1 12 6 9 10 11 14 2 20 17 4 
student 749: 11 20 17 13 15 6 14 7 2 10 16 5 12 18 8 3 4 1 19 9 
student 750: 17 9 20 15 8 13 12 11 19 6 18 5 7 10 4 2 1 16 14 3 
student 751: 18 20 13 17 2 10 16 14 7 3 19 8 1 12 9 6 5 11 15 4 
student 752: 19 18 20 12 6 8 9 14 15 10 11 4 7 17 3 5 1 13 16 2 
student 753: 14 15 20 17 4 11 8 7 12 9 18 5 10 19 2 6 3 13 16 1 
student 754: 9 6 15 3 8 19 10 12 20 7 16 2 17 14 5 11 1 18 13 4 
student 755: 17 18 20 13 6 16 8 9 12 15 19 1 10 7 4 5 3 14 11 2 
student 756: 18 20 19 16 7 11 8 6 12 10 17 9 4 14 2 5 1 15 13 3 
student 757: 16 18 19 8 5 11 12 9 14 10 13 4 2 15 3 1 7 17 20 6 
student 758: 16 18 19 20 10 12 9 7 13 6 15 5 4 11 1 8 3 14 17 2 
student 759: 14 12 17 13 9 20 3 11 15 6 18 8 1 7 5 10 4 19 16 2 
student 760: 19 15 20 12 4 18 7 3 10 17 9 11 1 13 6 8 2 14 16 5 
student 761: 19 18 14 13 3 17 16 2 7 6 15 1 10 11 8 5 4 12 20 9 
student 762: 11 20 18 15 8 14 13 12 7 10 16 6 2 4 3 9 5 17 19 1 
student 763: 17 18 19 5 14 16 11 9 20 12 6 1 8 10 2 4 7 13 15 3 
student 764: 19 20 18 8 16 15 9 4 11 10 17 13 7 3 1 2 5 12 14 6 
student 765: 15 20 4 18 9 10 8 17 13 16 14 11 2 12 5 3 6 1 19 7 
student 766: 20 14 17 9 2 8 12 15 13 11 19 1 3 4 6 18 5 10 16 7 
student 767: 19 18 20 12 11 15 2 13 17 16 8 7 1 9 3 10 4 14 6 5 
student 768: 14 16 19 8 9 17 7 11 18 10 20 4 6 12 1 2 5 13 15 3 
student 769: 20 19 14 15 9 7 3 11 13 12 6 4 8 18 1 5 2 17 16 10 
student 770: 13 18 16 12 5 17 11 7 15 10 19 8 9 1 2 3 6 14 20 4 
student 771: 7 20 17 6 9 13 11 14 10 15 16 2 5 19 1 4 18 8 12 3 
student 772: 19 20 18 17 5 9 7 10 11 8 13 14 15 4 3 2 6 16 12 1 
student 773: 14 17 10 7 19 18 8 12 15 5 16 2 11 9 1 4 6 13 20 3 
student 774: 13 20 14 7 10 15 12 18 4 5 19 1 9 11 6 8 2 16 17 3 
student 775: 15 19 20 9 6 17 3 11 16 10 18 12 4 14 1 7 5 8 13 2 
student 776: 8 19 20 15 14 13 7 9 17 12 16 2 4 10 5 3 1 6 18 11 
student 777: 9 14 17 16 5 20 8 12 3 15 18 1 10 6 2 7 13 19 11 4 
student 778: 15 17 18 19 9 20 4 13 16 7 12 5 8 11 2 3 10 14 6 1 
student 779: 11 19 20 18 6 10 12 14 7 13 15 8 2 9 1 3 4 17 16 5 
student 780: 2 16 17 9 6 18 3 20 12 10 15 5 11 13 1 4 8 19 14 7 
student 781: 12 15 17 9 5 18 13 16 1 4 11 8 7 19 6 3 2 14 20 10 
student 782: 15 12 19 9 20 14 16 10 7 11 17 2 5 6 1 3 8 13 18 4 
student 783: 14 20 18 17 15 9 8 11 19 5 16 12 2 4 1 3 7 13 10 6 
student 784: 10 20 17 18 12 5 1 16 7 2 15 14 8 6 3 4 11 13 19 9 
student 785: 20 18 17 11 6 15 5 13 12 8 19 2 16 9 1 3 7 10 14 4 
student 786: 7 20 17 11 5 13 12 14 15 9 19 3 8 6 1 10 4 16 18 2 
student 787: 10 20 19 14 7 5 11 13 17 12 18 6 4 9 1 8 3 15 16 2 
student 788: 18 14 20 11 13 12 7 17 10 2 19 9 15 6 1 3 5 16 8 4 
student 789: 17 19 13 16 3 7 4 6 9 5 20 11 18 15 1 8 12 14 10 2 
student 790: 15 14 17 16 3 10 4 1 19 13 18 11 12 9 5 8 2 20 7 6 
student 791: 16 13 15 12 1 20 8 9 4 11 19 7 5 17 3 10 2 14 18 6 
student 792: 7 18 15 8 14 17 16 9 11 12 6 10 4 19 3 1 5 13 20 2 
student 793: 10 7 15 16 6 18 5 11 14 20 2 3 19 9 1 13 12 8 17 4 
student 794: 17 18 20 16 2 14 13 8 15 9 19 1 7 11 5 6 4 12 10 3 
student 795: 16 13 17 12 3 15 7 10 4 8 18 9 14 20 2 6 1 11 19 5 
student 796: 15 19 20 13 8 12 10 3 6 7 17 5 9 14 2 4 1 16 18 11 
student 797: 15 16 11 5 4 20 8 13 2 12 18 6 14 10 1 7 9 17 19 3 
student 798: 13 19 3 18 6 11 7 14 20 17 16 8 9 10 4 2 5 12 15 1 
student 799: 5 19 16 20 11 13 3 17 10 14 15 6 7 12 8 2 9 4 18 1 
