student 0: 9 13 6 10 19 18 3 8 5 2 12 4 17 11 7 1 14 20 16 15 
student 1: 7 12 4 5 3 19 11 6 13 2 8 15 18 10 1 9 20 17 16 14 
student 2: 8 16 4 3 11 14 5 17 2 1 13 10 19 9 6 7 12 18 15 20 
student 3: 6 8 12 11 16 18 2 15 10 1 20 5 14 13 4 3 9 17 7 19 
student 4: 7 15 2 16 11 18 3 17 9 8 10 1 14 13 4 5 6 20 12 19 
student 5: 5 15 8 1 19 17 3 11 10 6 14 7 13 16 4 2 9 20 12 18 
student 6: 5 17 12 6 19 18 3 13 1 2 14 8 16 15 9 10 4 20 7 11 
student 7: 11 19 6 10 1 15 3 18 5 7 14 4 20 17 2 8 9 13 12 16 
student 8: 5 13 4 18 19 14 3 16 1 7 11 2 17 9 6 10 8 15 12 20 
student 9: 5 16 13 8 10 20 4 7 9 3 17 1 18 15 2 11 12 19 6 14 
student 10: 13 17 7 6 10 20 2 16 1 3 11 4 19 14 9 5 8 18 12 15 
student 11: 15 4 1 13 7 20 2 17 14 6 10 3 16 18 5 9 12 8 11 19 
student 12: 3 15 12 13 17 18 5 11 1 6 10 2 16 14 4 7 9 20 8 19 
student 13: 11 6 10 5 7 17 8 12 1 2 3 9 20 13 4 18 14 16 15 19 
student 14: 5 15 4 3 16 14 2 19 6 1 18 9 10 13 7 8 12 17 11 20 
student 15: 12 16 8 1 2 20 11 14 7 10 15 3 19 17 4 9 13 18 5 6 
student 16: 15 9 16 10 2 17 8 13 1 5 11 7 20 14 6 3 4 18 12 19 
student 17: 3 11 6 10 8 14 1 12 7 2 13 5 18 19 4 9 15 20 16 17 
student 18: 9 17 13 3 8 14 5 20 7 2 16 1 18 15 4 6 11 10 12 19 
student 19: 6 10 14 7 13 19 8 12 1 5 15 2 3 20 4 9 16 18 11 17 
student 20: 7 10 16 6 5 15 8 17 2 1 19 9 14 13 4 3 11 20 12 18 
student 21: 15 16 4 8 10 14 2 17 5 1 11 6 7 20 3 13 9 18 12 19 
student 22: 8 17 2 4 6 18 7 15 5 1 14 10 20 11 12 13 9 16 3 19 
student 23: 12 2 16 10 17 20 1 14 8 4 13 6 15 18 9 7 11 5 3 19 
student 24: 11 13 5 14 17 12 9 15 1 7 10 4 20 18 2 3 8 19 6 16 
student 25: 13 5 1 16 9 19 14 10 8 7 15 2 12 18 3 6 4 17 11 20 
student 26: 17 1 9 11 10 18 6 14 7 4 13 8 15 19 2 3 5 16 12 20 
student 27: 13 15 6 9 10 5 4 11 14 1 16 2 20 19 3 8 7 17 12 18 
student 28: 6 18 10 5 9 15 12 17 11 1 14 7 2 19 3 4 8 16 13 20 
student 29: 12 14 4 10 13 18 3 5 7 1 9 2 17 8 15 16 6 19 20 11 
student 30: 5 14 11 3 12 17 1 4 8 9 10 6 20 15 2 7 13 19 16 18 
student 31: 8 18 6 12 11 17 5 9 2 4 15 1 16 20 7 3 13 14 10 19 
student 32: 5 12 9 6 20 18 4 13 10 1 17 2 8 19 3 11 7 16 14 15 
student 33: 17 9 7 13 11 14 2 16 4 1 5 8 15 20 6 3 12 18 10 19 
student 34: 10 17 12 2 13 9 6 19 8 5 15 3 18 14 1 11 4 16 7 20 
student 35: 7 15 3 10 13 18 5 9 17 4 11 1 20 16 8 2 14 19 12 6 
student 36: 6 15 7 12 17 19 3 13 2 4 11 1 18 20 8 9 14 10 5 16 
student 37: 9 12 20 7 13 16 2 17 4 5 10 3 14 15 1 8 6 18 11 19 
student 38: 12 7 16 4 6 19 3 11 1 9 14 2 15 13 8 10 5 17 18 20 
student 39: 7 20 2 13 17 19 4 8 3 14 11 9 15 12 5 1 6 16 10 18 
student 40: 3 20 11 8 13 19 6 4 7 5 15 2 12 18 1 16 9 17 10 14 
student 41: 6 16 4 2 11 8 9 10 7 1 17 15 19 12 5 3 13 20 14 18 
student 42: 15 14 7 1 2 20 4 12 3 5 10 9 17 18 6 8 13 19 11 16 
student 43: 6 13 5 14 15 20 1 4 11 3 10 7 18 16 2 12 9 17 8 19 
student 44: 13 18 7 20 2 19 5 17 10 1 3 8 6 11 4 12 9 16 14 15 
student 45: 14 10 18 11 6 16 8 5 2 3 17 1 13 15 12 4 9 20 7 19 
student 46: 13 15 4 12 16 14 1 17 7 3 18 6 10 5 2 8 9 20 11 19 
student 47: 10 14 6 7 15 16 1 12 5 4 13 2 20 17 8 3 11 19 9 18 
student 48: 2 16 19 8 4 6 10 20 7 5 9 1 11 18 13 14 12 17 3 15 
student 49: 15 17 2 6 12 19 1 13 10 5 8 3 7 18 9 11 4 20 14 16 
student 50: 6 16 2 15 13 19 9 12 3 4 17 7 18 10 1 5 8 14 11 20 
student 51: 18 13 8 4 12 5 3 15 9 2 20 6 17 14 7 1 10 16 11 19 
student 52: 10 9 15 12 19 17 1 13 3 5 6 2 11 18 4 7 14 20 8 16 
student 53: 6 12 15 3 10 20 1 8 5 9 17 2 13 18 11 4 7 16 14 19 
student 54: 7 15 9 5 10 17 2 18 8 1 13 12 6 19 3 4 14 16 11 20 
student 55: 14 18 5 12 16 19 2 10 4 7 9 3 17 11 1 8 6 13 15 20 
student 56: 8 7 13 3 17 19 6 16 9 2 10 4 11 15 1 14 12 18 5 20 
student 57: 9 16 15 13 6 17 1 11 7 2 8 3 12 19 4 5 14 20 10 18 
student 58: 5 12 14 3 11 17 1 16 10 4 8 2 18 15 6 9 13 19 7 20 
student 59: 12 17 4 9 7 13 6 14 8 1 15 3 10 19 2 11 5 18 16 20 
student 60: 13 20 3 7 5 19 1 12 10 4 16 6 11 18 2 8 14 15 9 17 
student 61: 13 14 5 6 12 9 1 20 8 3 15 4 18 16 11 2 7 19 10 17 
student 62: 8 13 3 9 17 18 7 10 16 5 4 2 15 14 11 6 1 20 12 19 
student 63: 4 9 7 3 15 17 5 14 12 1 18 8 16 10 2 11 13 20 6 19 
student 64: 12 4 11 6 8 14 1 10 5 2 20 9 17 18 3 7 19 16 13 15 
student 65: 12 9 6 8 14 17 3 15 5 2 13 1 18 16 4 11 7 19 10 20 
student 66: 8 14 11 13 12 16 1 17 6 2 7 4 15 18 3 9 10 20 5 19 
student 67: 11 14 3 4 10 15 5 13 1 2 16 6 20 17 8 12 7 18 9 19 
student 68: 11 14 12 10 6 18 4 15 13 1 2 7 16 8 5 3 9 17 19 20 
student 69: 11 14 5 7 15 20 2 13 8 6 12 1 17 16 10 3 4 19 9 18 
student 70: 13 12 9 5 17 15 1 10 7 3 16 2 18 11 4 6 8 19 14 20 
student 71: 6 16 12 7 20 10 5 11 3 4 13 1 18 17 2 8 9 14 15 19 
student 72: 12 11 7 6 17 13 3 14 5 2 20 4 19 18 1 9 8 16 10 15 
student 73: 10 15 8 5 9 11 14 16 2 1 13 6 19 18 3 7 12 17 4 20 
student 74: 8 20 15 9 5 12 2 4 11 3 10 6 14 17 1 7 13 19 16 18 
student 75: 14 17 18 7 6 19 1 10 3 2 5 8 12 15 9 11 4 13 16 20 
student 76: 10 14 17 12 3 9 1 19 6 8 15 4 2 16 7 5 11 18 13 20 
student 77: 10 6 4 1 17 9 5 15 8 3 16 2 18 14 7 11 12 19 13 20 
student 78: 6 13 9 5 11 17 8 19 2 1 16 3 18 12 7 4 15 14 10 20 
student 79: 4 19 14 17 12 18 1 13 3 6 2 8 9 15 5 7 10 16 11 20 
student 80: 11 8 4 9 13 19 2 14 3 1 20 5 16 17 7 6 15 12 10 18 
student 81: 6 16 8 5 14 15 19 17 2 1 10 7 18 11 4 3 9 12 13 20 
student 82: 7 15 5 8 10 19 4 14 6 1 12 3 17 11 2 9 13 18 20 16 
student 83: 4 5 7 13 11 15 2 9 3 10 18 1 12 16 17 6 8 19 14 20 
student 84: 13 16 3 11 14 19 2 9 6 5 18 1 15 10 7 4 12 17 8 20 
student 85: 8 14 6 4 10 18 1 16 15 5 13 7 17 9 2 3 12 20 11 19 
student 86: 9 7 5 2 15 17 1 20 8 6 19 4 12 10 13 3 11 16 14 18 
student 87: 1 7 6 12 19 17 9 13 5 4 14 2 16 15 8 3 10 20 11 18 
student 88: 13 12 7 5 11 15 8 6 10 1 17 2 19 16 3 9 4 18 14 20 
student 89: 3 14 12 9 7 18 5 10 6 1 4 8 20 16 2 13 11 15 17 19 
student 90: 14 18 11 12 3 9 13 19 1 2 20 4 10 16 5 8 7 17 6 15 
student 91: 4 15 9 11 12 7 1 16 2 8 13 5 17 14 3 18 6 20 10 19 
student 92: 12 9 8 11 6 19 2 20 3 1 13 5 17 16 14 7 4 15 18 10 
student 93: 17 16 9 4 7 18 8 15 5 13 6 1 12 11 10 3 2 19 14 20 
student 94: 15 12 11 3 16 20 5 17 4 1 7 8 13 19 6 10 2 18 9 14 
student 95: 10 13 5 7 3 19 6 15 8 9 18 4 16 14 2 1 12 17 20 11 
student 96: 14 15 9 8 7 20 1 19 10 4 12 3 17 6 5 2 13 18 11 16 
student 97: 12 13 2 9 8 20 1 7 10 3 15 5 16 14 6 4 18 19 11 17 
student 98: 19 13 12 8 6 15 1 7 2 10 9 5 20 16 4 3 18 14 17 11 
student 99: 9 13 6 8 11 14 4 17 1 3 12 5 20 19 2 7 10 15 16 18 
student 100: 14 17 3 10 1 11 2 15 9 8 6 5 16 19 7 12 4 18 13 20 
student 101: 6 12 10 19 16 15 2 11 5 1 14 3 17 9 8 7 4 18 13 20 
student 102: 13 17 1 10 9 20 5 14 4 2 12 8 16 11 6 3 7 18 15 19 
student 103: 8 2 6 9 17 18 3 14 7 15 13 1 10 16 5 4 11 19 12 20 
student 104: 6 8 15 14 10 16 5 17 1 7 12 9 20 19 3 2 11 13 4 18 
student 105: 8 14 6 11 7 16 2 10 4 5 17 1 12 18 3 15 9 19 13 20 
student 106: 8 15 7 4 13 20 9 17 3 5 1 6 11 12 2 10 16 19 14 18 
student 107: 15 10 9 7 6 19 1 8 3 5 18 2 17 13 4 14 12 20 11 16 
student 108: 14 17 13 5 9 20 1 2 6 3 11 12 18 10 7 4 15 16 8 19 
student 109: 8 11 3 7 14 20 9 16 2 5 15 6 19 17 10 1 12 18 4 13 
student 110: 6 15 4 7 9 14 2 13 1 3 8 11 19 20 12 5 10 16 17 18 
student 111: 4 18 9 10 15 19 1 16 8 11 13 2 17 14 3 6 7 12 5 20 
student 112: 4 7 12 3 13 16 5 17 8 9 11 2 14 20 1 6 19 15 10 18 
student 113: 2 15 4 17 10 13 3 19 6 1 16 5 20 11 7 8 12 18 9 14 
student 114: 2 12 16 4 9 14 6 18 11 1 17 8 13 3 5 10 19 7 15 20 
student 115: 7 17 6 4 9 13 1 19 12 2 15 5 14 18 8 10 16 3 11 20 
student 116: 8 17 18 6 12 16 1 13 7 2 10 4 15 9 3 11 5 20 14 19 
student 117: 11 19 3 1 8 20 6 16 7 2 13 5 15 14 9 4 12 18 10 17 
student 118: 5 14 10 1 19 13 4 8 18 3 9 6 15 17 2 7 20 11 12 16 
student 119: 3 8 7 18 13 15 4 16 10 2 6 5 17 12 1 11 14 20 9 19 
student 120: 9 12 14 5 8 16 1 10 20 7 18 3 17 15 2 4 11 13 6 19 
student 121: 9 14 5 7 8 16 1 15 12 6 13 4 18 19 2 3 10 20 17 11 
student 122: 14 19 6 11 9 17 3 10 5 7 2 1 18 13 15 16 8 12 4 20 
student 123: 10 13 1 2 12 19 3 15 4 5 16 6 17 18 14 9 7 8 11 20 
student 124: 19 18 9 11 5 16 1 10 2 8 20 6 12 15 7 4 3 14 17 13 
student 125: 10 6 9 14 15 17 3 16 7 1 13 2 20 11 4 8 5 18 12 19 
student 126: 6 17 12 4 18 10 8 13 11 2 16 5 3 20 1 7 19 15 14 9 
student 127: 11 20 3 9 8 16 7 18 6 1 13 10 12 17 5 2 15 14 4 19 
student 128: 17 8 6 12 14 18 2 13 5 9 11 1 10 16 3 4 7 15 20 19 
student 129: 9 15 10 14 2 16 1 17 4 6 13 5 12 20 7 3 11 19 8 18 
student 130: 17 11 7 20 8 18 2 9 1 15 4 3 19 16 10 5 6 13 12 14 
student 131: 11 15 12 7 16 17 6 13 9 4 8 3 19 18 1 2 10 14 5 20 
student 132: 11 8 5 6 12 20 1 17 10 3 13 2 19 16 7 4 9 15 14 18 
student 133: 13 17 12 8 7 15 10 18 4 3 16 5 11 14 2 6 1 19 9 20 
student 134: 2 20 10 9 12 13 4 11 8 1 16 5 17 15 3 14 6 19 7 18 
student 135: 14 11 4 12 16 7 3 1 8 2 20 9 19 18 5 6 15 17 10 13 
student 136: 7 19 2 12 13 15 1 10 5 6 16 9 18 14 3 8 11 17 4 20 
student 137: 10 15 7 12 4 16 1 8 3 5 19 2 17 6 13 20 11 9 14 18 
student 138: 8 12 6 10 14 7 4 20 9 3 15 16 18 17 5 2 11 19 1 13 
student 139: 12 5 8 9 14 13 6 18 1 2 19 11 16 15 3 7 10 17 4 20 
student 140: 3 16 4 11 13 20 7 14 10 1 6 8 18 15 2 9 12 17 5 19 
student 141: 6 13 4 8 11 18 9 16 2 3 12 1 17 20 14 5 10 15 7 19 
student 142: 7 13 1 6 15 17 8 16 5 3 9 4 14 18 12 2 11 20 10 19 
student 143: 10 9 6 5 12 13 2 11 17 8 18 4 16 19 3 1 7 14 15 20 
student 144: 1 13 6 10 9 18 8 7 2 3 19 4 17 12 15 5 20 16 14 11 
student 145: 13 8 7 15 16 14 2 18 12 1 3 9 11 19 6 5 4 20 17 10 
student 146: 7 16 8 3 15 20 4 9 5 2 17 1 13 19 10 6 12 18 11 14 
student 147: 6 15 8 9 16 4 1 10 13 5 12 3 19 7 2 14 17 18 11 20 
student 148: 4 16 8 7 12 10 5 18 9 6 11 3 19 17 1 2 13 14 15 20 
student 149: 6 9 3 15 8 18 11 17 2 1 14 4 16 13 5 10 12 19 7 20 
student 150: 6 17 13 8 7 18 2 10 1 4 9 3 12 16 14 5 11 20 19 15 
student 151: 9 16 7 4 13 18 2 20 1 3 6 12 11 8 10 5 15 17 14 19 
student 152: 10 7 5 8 14 16 3 15 12 1 19 2 18 13 4 11 9 20 6 17 
student 153: 12 7 6 11 20 13 16 14 8 3 5 4 17 10 2 15 1 18 9 19 
student 154: 14 17 6 13 8 15 1 12 4 3 7 2 20 9 10 16 5 18 11 19 
student 155: 9 7 15 4 17 16 2 18 11 3 1 8 14 10 5 6 13 12 19 20 
student 156: 5 13 9 12 10 20 3 16 6 2 11 4 19 15 7 1 8 17 14 18 
student 157: 12 15 3 5 6 19 2 18 8 1 14 7 11 20 13 10 4 16 9 17 
student 158: 11 17 5 6 10 13 1 12 8 7 19 2 9 15 3 18 4 20 16 14 
student 159: 7 19 9 6 8 15 5 17 11 2 14 3 12 18 10 1 4 13 16 20 
student 160: 3 9 7 16 10 13 2 12 4 1 11 5 17 19 8 6 14 20 15 18 
student 161: 3 19 14 16 13 12 9 6 1 7 15 4 20 11 2 5 8 18 10 17 
student 162: 9 8 10 6 2 18 3 16 5 4 20 1 17 13 11 14 12 15 7 19 
student 163: 19 12 15 9 18 16 2 8 3 1 5 6 11 13 7 4 10 17 14 20 
student 164: 10 17 6 5 11 14 1 12 7 4 9 2 16 13 15 3 8 20 18 19 
student 165: 8 5 1 13 7 15 4 12 3 6 19 2 17 16 9 10 14 18 11 20 
student 166: 12 20 9 7 3 14 1 19 11 2 13 5 17 18 4 8 6 16 10 15 
student 167: 13 11 16 3 19 15 5 14 7 1 6 4 12 20 9 10 8 18 2 17 
student 168: 15 10 8 7 9 19 2 13 17 5 18 4 12 16 1 3 6 20 14 11 
student 169: 8 18 10 16 9 17 5 13 7 1 12 3 19 14 2 6 11 15 4 20 
student 170: 13 17 8 5 14 16 4 12 7 1 18 6 10 15 2 3 11 19 9 20 
student 171: 18 5 9 10 3 20 2 7 8 12 14 6 11 17 4 1 19 15 13 16 
student 172: 8 11 10 7 15 19 5 20 1 3 6 16 17 14 4 12 2 13 9 18 
student 173: 19 12 13 3 7 9 2 17 4 15 11 1 16 18 6 10 5 14 8 20 
student 174: 9 15 6 11 10 19 1 14 8 4 12 2 20 18 3 5 16 13 7 17 
student 175: 12 15 6 10 7 14 4 16 18 2 13 3 17 8 1 9 5 20 11 19 
student 176: 16 10 7 3 12 19 1 14 9 4 2 5 13 15 6 8 11 20 17 18 
student 177: 16 13 8 11 10 18 4 19 15 2 7 1 14 12 9 5 3 17 6 20 
student 178: 12 14 2 11 15 19 1 18 9 5 6 3 10 17 8 4 7 16 13 20 
student 179: 5 8 10 18 12 14 7 11 9 1 2 4 13 17 6 3 15 20 19 16 
student 180: 9 13 18 6 8 20 5 19 2 4 14 3 16 10 1 7 12 15 11 17 
student 181: 16 20 7 4 14 19 3 13 8 10 6 5 11 17 1 2 9 15 12 18 
student 182: 14 15 5 10 9 12 11 18 3 6 13 7 19 16 4 2 1 17 8 20 
student 183: 8 19 7 12 15 10 4 2 6 1 16 9 5 17 3 13 11 18 14 20 
student 184: 13 10 6 2 12 18 1 15 3 5 14 4 17 16 7 11 8 20 9 19 
student 185: 3 13 8 2 11 19 4 17 7 9 15 5 18 14 1 16 6 20 10 12 
student 186: 13 18 6 17 19 11 2 16 4 1 8 3 14 12 5 15 10 20 9 7 
student 187: 20 13 11 10 3 19 12 17 8 1 7 6 5 16 2 9 4 14 15 18 
student 188: 5 11 7 15 12 13 4 9 18 3 19 6 14 17 1 8 2 16 10 20 
student 189: 10 12 5 7 9 20 6 13 3 4 16 11 18 14 2 1 17 19 8 15 
student 190: 7 15 13 5 11 17 4 18 12 1 6 2 16 14 3 9 10 19 8 20 
student 191: 8 17 5 12 15 18 2 14 3 4 13 1 20 9 6 7 10 16 11 19 
student 192: 12 16 7 11 18 19 4 8 14 3 9 1 13 20 2 6 5 15 17 10 
student 193: 9 6 7 13 8 12 4 14 1 3 15 5 19 18 10 2 11 16 20 17 
student 194: 16 6 13 11 9 17 7 18 2 4 8 1 20 12 3 5 10 14 15 19 
student 195: 7 15 5 6 16 9 8 17 3 1 4 11 20 18 2 14 10 12 19 13 
student 196: 11 13 9 5 18 14 2 10 7 1 8 3 17 15 4 6 12 20 16 19 
student 197: 3 17 1 12 14 16 4 18 8 2 10 5 20 19 7 6 9 11 15 13 
student 198: 9 18 8 10 7 11 5 16 14 6 13 2 19 15 1 3 12 17 4 20 
student 199: 3 11 7 12 6 20 1 14 9 2 16 8 15 13 4 5 10 17 18 19 
student 200: 10 7 8 4 6 18 3 13 2 5 11 9 19 15 17 1 12 20 14 16 
student 201: 5 15 10 1 13 12 7 11 6 3 17 4 16 18 2 14 8 19 9 20 
student 202: 11 14 7 2 16 10 3 19 8 6 13 1 20 17 5 12 9 15 4 18 
student 203: 11 18 8 4 13 16 1 7 6 3 14 9 20 15 12 2 17 10 5 19 
student 204: 11 15 3 14 13 18 6 10 9 1 8 4 16 17 2 5 12 20 7 19 
student 205: 9 15 11 16 6 13 5 18 4 2 8 3 19 17 1 14 7 10 12 20 
student 206: 12 11 4 15 17 18 2 14 8 3 10 6 19 5 7 1 9 13 16 20 
student 207: 11 10 12 3 13 17 2 20 5 1 14 4 16 19 9 6 7 18 8 15 
student 208: 17 19 2 10 4 16 6 12 3 5 9 7 14 13 1 11 8 18 15 20 
student 209: 5 17 9 10 13 19 3 16 8 1 11 6 20 7 2 15 4 18 12 14 
student 210: 10 17 6 8 13 18 3 20 4 1 16 5 2 9 11 7 12 15 19 14 
student 211: 6 1 7 13 14 16 10 18 2 3 15 4 8 12 5 9 19 11 17 20 
student 212: 9 10 14 8 18 16 2 15 3 1 17 6 13 12 4 5 7 19 11 20 
student 213: 3 17 12 4 5 13 2 19 7 1 8 6 16 15 11 10 9 18 14 20 
student 214: 10 8 7 9 13 20 3 18 4 2 15 11 17 12 5 1 16 19 14 6 
student 215: 5 13 14 1 12 20 2 15 9 4 7 8 10 18 3 16 11 19 6 17 
student 216: 11 12 18 4 7 20 2 14 8 5 9 3 13 10 6 16 17 15 1 19 
student 217: 5 12 11 4 6 14 2 13 7 1 10 8 18 20 9 15 3 16 17 19 
student 218: 3 6 5 14 15 20 2 10 4 1 13 11 17 9 8 12 18 19 7 16 
student 219: 6 8 5 19 12 16 1 11 13 4 9 2 17 15 7 10 20 14 3 18 
student 220: 9 7 5 3 8 20 1 12 17 2 18 10 13 14 6 4 16 15 11 19 
student 221: 4 11 10 7 18 12 6 20 5 2 15 1 14 16 3 13 8 19 9 17 
student 222: 8 18 14 1 15 11 2 6 9 4 7 5 19 12 3 13 16 20 10 17 
student 223: 8 13 9 10 7 11 18 16 2 4 17 6 1 12 3 5 15 14 20 19 
student 224: 7 13 18 5 11 16 4 6 1 3 10 2 20 17 8 9 12 19 14 15 
student 225: 5 16 13 9 19 20 1 14 2 3 11 10 15 18 7 4 8 12 6 17 
student 226: 10 17 7 9 5 19 6 11 13 3 8 12 18 14 1 4 2 16 15 20 
student 227: 6 18 14 11 10 17 4 13 7 1 15 2 12 5 3 8 9 19 16 20 
student 228: 18 15 3 11 5 14 1 12 4 2 19 6 16 13 9 10 8 20 17 7 
student 229: 8 10 7 14 2 15 3 20 9 6 11 5 16 12 17 4 1 19 13 18 
student 230: 8 3 6 15 9 19 1 12 5 4 17 10 16 13 2 7 11 20 14 18 
student 231: 11 19 9 6 12 17 4 15 3 7 8 2 20 16 1 5 13 18 10 14 
student 232: 6 16 9 5 14 19 3 8 7 1 12 10 15 18 4 2 13 20 11 17 
student 233: 8 12 6 16 11 15 13 20 7 1 5 3 18 19 4 9 10 2 14 17 
student 234: 6 13 15 9 12 17 1 14 3 5 8 2 20 16 4 7 10 19 11 18 
student 235: 6 20 19 4 9 18 1 12 3 5 10 14 16 15 2 8 7 13 11 17 
student 236: 10 15 5 2 14 19 3 20 8 1 18 4 16 17 9 12 7 11 6 13 
student 237: 13 1 9 11 17 12 5 6 7 4 14 8 19 15 2 3 10 18 16 20 
student 238: 1 15 7 4 13 20 2 19 8 3 18 5 16 12 6 9 11 17 14 10 
student 239: 7 6 5 9 11 20 1 16 12 2 18 4 17 8 3 13 14 15 10 19 
student 240: 12 15 6 8 9 14 2 17 1 3 13 4 16 18 5 7 10 19 11 20 
student 241: 19 12 13 10 11 20 1 14 2 3 8 4 15 16 7 6 9 17 5 18 
student 242: 10 15 9 7 13 20 8 18 6 1 14 2 11 19 5 3 4 17 12 16 
student 243: 3 16 9 15 17 19 6 12 5 2 13 1 7 14 4 8 10 18 11 20 
student 244: 12 13 4 7 10 20 1 14 3 8 16 9 18 15 2 5 6 17 19 11 
student 245: 5 17 10 15 19 14 1 9 6 2 3 4 16 11 7 8 12 18 13 20 
student 246: 10 7 3 4 20 15 5 19 8 2 14 9 11 16 6 1 18 13 12 17 
student 247: 5 17 11 3 4 13 6 19 7 2 9 8 14 10 12 1 15 18 16 20 
student 248: 9 20 7 6 8 15 14 4 5 1 18 13 19 12 3 2 11 10 16 17 
student 249: 8 18 13 10 9 16 1 19 7 3 14 6 15 11 2 4 17 20 12 5 
student 250: 9 5 7 8 19 17 2 10 18 12 16 6 15 14 1 4 13 11 3 20 
student 251: 18 20 15 1 10 6 7 14 2 4 13 9 8 11 3 12 16 19 5 17 
student 252: 11 19 3 8 15 16 1 12 7 9 17 4 18 14 2 6 5 20 10 13 
student 253: 17 4 6 12 19 20 5 15 13 1 10 3 11 14 2 7 9 18 8 16 
student 254: 8 6 15 4 20 14 3 13 2 1 11 7 19 17 10 5 9 12 16 18 
student 255: 8 19 12 4 16 11 5 10 1 6 7 9 18 15 2 3 13 20 14 17 
student 256: 13 15 4 6 14 17 2 20 1 11 8 3 16 12 5 9 10 19 7 18 
student 257: 11 18 1 6 12 17 9 20 5 3 8 4 13 19 2 7 15 10 16 14 
student 258: 14 8 2 12 6 16 4 13 7 10 5 3 18 15 1 11 9 20 19 17 
student 259: 12 16 3 15 11 20 2 8 9 4 17 1 14 18 5 10 6 13 7 19 
student 260: 5 13 3 15 7 18 1 16 2 6 14 4 20 12 10 11 8 19 9 17 
student 261: 6 8 12 13 15 3 11 20 10 1 16 4 18 14 2 5 7 19 9 17 
student 262: 11 9 3 7 14 10 5 19 1 2 15 6 17 16 8 4 12 20 13 18 
student 263: 4 7 1 13 14 19 3 6 16 2 20 5 15 10 12 9 8 11 18 17 
student 264: 11 5 3 6 13 16 1 14 7 8 10 9 18 20 15 2 4 17 12 19 
student 265: 8 18 10 5 9 12 4 15 2 11 7 1 17 20 3 14 6 19 13 16 
student 266: 12 14 6 4 11 16 15 3 7 1 9 2 10 13 18 5 8 17 19 20 
student 267: 9 14 17 5 18 19 2 16 11 1 6 7 15 12 4 3 13 20 8 10 
student 268: 8 16 12 5 10 14 1 17 6 3 15 7 13 18 4 2 9 11 19 20 
student 269: 7 15 11 8 9 20 16 18 4 3 14 12 17 5 1 2 13 19 6 10 
student 270: 13 15 7 6 16 9 1 11 5 4 18 2 19 14 3 8 12 10 17 20 
student 271: 19 13 8 11 16 14 3 18 2 1 4 7 17 12 9 6 10 15 5 20 
student 272: 9 12 8 17 4 15 3 19 13 2 11 1 14 10 6 5 7 18 16 20 
student 273: 12 14 1 9 10 15 7 20 6 2 13 5 18 16 11 3 4 17 8 19 
student 274: 8 16 5 10 11 17 4 15 2 7 14 1 12 13 9 3 6 19 18 20 
student 275: 13 2 11 1 10 20 3 14 8 4 15 6 17 16 12 7 5 19 9 18 
student 276: 16 20 6 10 11 19 1 7 8 3 17 4 14 18 5 2 9 15 12 13 
student 277: 15 17 5 9 12 20 8 11 1 2 14 3 10 16 4 7 6 18 13 19 
student 278: 7 15 8 12 9 14 10 5 3 1 11 2 4 17 13 19 6 20 16 18 
student 279: 6 14 16 17 10 20 8 15 5 3 18 4 12 13 11 1 9 19 2 7 
student 280: 17 15 7 4 9 16 2 13 5 1 14 20 19 8 6 3 10 18 11 12 
student 281: 12 6 13 17 2 19 5 16 7 8 4 1 11 20 9 3 15 18 14 10 
student 282: 7 19 11 10 16 4 8 12 6 5 1 3 18 17 9 2 14 15 13 20 
student 283: 17 2 9 10 14 20 3 6 1 4 5 11 13 16 7 8 18 19 12 15 
student 284: 6 12 3 4 16 17 5 14 13 1 11 9 20 15 8 2 7 19 10 18 
student 285: 9 13 12 6 11 18 2 15 1 3 16 4 19 8 5 14 7 20 10 17 
student 286: 18 19 7 3 16 15 2 10 12 4 6 9 13 5 1 8 11 17 14 20 
student 287: 18 11 7 3 8 16 1 10 9 13 14 2 12 15 4 6 5 20 19 17 
student 288: 4 15 8 5 12 17 3 14 10 2 13 1 9 20 6 7 11 19 16 18 
student 289: 9 19 7 10 13 20 1 17 6 3 8 5 15 18 2 4 12 14 11 16 
student 290: 7 10 4 9 15 18 8 17 6 2 19 5 20 12 1 11 14 16 3 13 
student 291: 3 20 6 4 9 15 2 18 7 16 11 5 12 14 1 13 10 17 19 8 
student 292: 8 9 3 13 15 19 2 18 6 1 5 4 14 12 11 7 10 17 16 20 
student 293: 12 4 13 7 11 20 5 18 9 1 14 6 19 3 2 16 10 15 8 17 
student 294: 5 12 14 9 6 11 4 15 10 1 19 8 17 16 13 2 3 20 7 18 
student 295: 10 20 8 4 12 16 2 6 13 3 11 7 9 18 1 5 15 17 19 14 
student 296: 13 3 7 17 2 19 6 11 8 4 14 5 20 9 1 10 16 18 12 15 
student 297: 3 2 14 10 16 5 1 6 4 7 18 9 15 17 11 8 13 19 12 20 
student 298: 12 9 15 8 1 18 3 11 2 6 19 20 7 17 13 10 4 16 5 14 
student 299: 14 11 8 10 19 17 2 16 3 1 12 7 4 15 5 6 9 18 13 20 
student 300: 17 10 5 12 8 16 4 13 2 1 3 6 19 11 9 7 14 18 15 20 
student 301: 16 17 12 2 15 19 1 7 5 3 13 11 9 8 4 6 14 18 10 20 
student 302: 6 14 10 1 13 17 5 18 9 4 7 2 20 12 3 11 8 19 16 15 
student 303: 11 15 13 5 10 18 7 17 8 3 1 4 9 12 6 2 16 19 14 20 
student 304: 12 20 10 9 11 1 2 14 3 8 19 4 18 16 5 7 6 15 13 17 
student 305: 13 15 8 4 12 18 7 17 3 1 19 6 20 9 2 5 14 10 11 16 
student 306: 9 17 5 18 12 20 4 14 3 1 10 2 19 8 13 7 6 16 11 15 
student 307: 9 19 10 5 8 20 1 15 2 6 13 7 16 18 3 12 4 14 11 17 
student 308: 4 13 8 5 14 19 7 15 6 1 9 2 17 18 3 11 12 16 10 20 
student 309: 8 14 4 3 9 11 1 18 5 2 16 6 20 17 13 7 15 12 10 19 
student 310: 8 9 7 10 18 6 2 15 13 5 17 1 20 11 4 3 12 16 14 19 
student 311: 11 12 3 9 6 17 2 13 14 1 8 10 15 16 5 4 7 20 19 18 
student 312: 17 6 14 7 13 10 11 12 3 4 19 8 16 15 1 5 9 18 2 20 
student 313: 11 10 18 12 13 6 4 15 9 3 19 8 20 14 1 5 2 17 7 16 
student 314: 1 9 2 8 14 20 3 17 11 4 10 6 15 18 5 16 7 19 12 13 
student 315: 7 14 1 2 8 15 17 12 4 3 11 5 19 16 6 13 9 20 10 18 
student 316: 10 13 6 2 12 14 9 17 5 7 15 3 19 16 4 8 11 18 1 20 
student 317: 2 8 5 16 4 17 3 11 1 6 9 14 20 12 10 7 19 15 18 13 
student 318: 5 18 9 10 11 14 7 15 2 6 13 12 19 20 1 4 17 16 8 3 
student 319: 3 16 20 6 13 18 7 14 2 5 11 12 15 8 1 4 9 17 10 19 
student 320: 6 12 7 8 10 17 1 13 9 4 19 5 18 15 3 11 2 16 14 20 
student 321: 12 9 15 2 11 16 4 8 6 1 17 7 14 18 10 5 13 19 3 20 
student 322: 1 11 13 19 10 18 3 14 5 2 16 7 20 15 4 9 8 17 6 12 
student 323: 4 17 5 9 12 19 3 10 1 6 13 2 20 14 7 8 15 16 11 18 
student 324: 8 16 1 10 17 14 2 11 3 12 15 4 19 13 7 5 6 20 9 18 
student 325: 4 18 3 8 6 20 5 14 17 2 15 7 19 13 9 1 12 11 10 16 
student 326: 9 10 11 12 6 15 3 19 5 2 13 1 20 16 4 8 17 18 7 14 
student 327: 11 4 13 6 18 17 7 15 1 3 12 5 19 16 8 2 14 10 9 20 
student 328: 8 15 12 10 16 18 3 13 5 1 17 4 19 11 14 9 2 20 7 6 
student 329: 8 18 12 6 5 15 1 19 4 9 10 3 16 14 2 7 11 17 13 20 
student 330: 14 17 8 15 11 18 3 12 2 6 1 5 16 20 10 9 4 13 7 19 
student 331: 13 19 9 7 12 16 4 11 2 1 17 8 14 15 5 6 18 20 10 3 
student 332: 9 16 6 11 10 13 4 20 5 8 15 1 19 7 2 3 12 17 14 18 
student 333: 7 9 2 13 11 17 5 14 10 4 12 1 19 16 6 8 3 18 15 20 
student 334: 2 16 15 6 13 1 11 14 8 4 10 9 19 12 3 7 17 20 5 18 
student 335: 2 16 5 19 18 17 9 10 6 1 14 3 15 20 7 12 4 13 11 8 
student 336: 8 17 6 9 10 19 4 13 5 2 14 12 18 11 7 1 3 15 16 20 
student 337: 6 12 4 11 17 16 8 10 3 5 14 2 19 13 9 1 7 18 15 20 
student 338: 13 16 6 7 10 15 2 11 1 5 18 4 12 19 3 9 14 17 8 20 
student 339: 14 20 9 7 8 18 2 12 4 5 13 3 15 17 6 1 11 16 10 19 
student 340: 12 18 5 13 9 19 7 11 1 3 14 2 15 10 4 8 6 20 17 16 
student 341: 7 11 8 14 19 18 2 15 4 1 6 10 16 17 3 5 12 13 9 20 
student 342: 3 7 15 19 20 12 6 14 8 2 4 9 16 18 1 5 11 13 10 17 
student 343: 7 16 6 9 8 17 1 15 5 3 13 12 11 20 4 14 2 18 10 19 
student 344: 1 15 7 14 8 17 6 13 2 3 4 9 18 12 10 5 11 19 16 20 
student 345: 17 12 8 15 13 18 1 19 6 4 11 3 16 5 7 9 2 20 10 14 
student 346: 3 14 5 7 16 19 8 4 12 1 18 2 15 17 10 11 6 20 13 9 
student 347: 14 12 10 15 11 9 4 16 2 3 7 1 20 13 6 5 8 17 19 18 
student 348: 9 6 2 10 13 20 1 12 7 5 3 4 19 16 8 14 15 18 11 17 
student 349: 4 9 11 13 15 20 1 14 5 2 8 10 18 17 3 7 6 19 12 16 
student 350: 3 14 16 8 9 13 1 11 10 2 6 5 19 15 17 4 7 20 12 18 
student 351: 11 9 8 7 17 20 1 15 6 10 16 2 13 12 5 3 18 14 4 19 
student 352: 5 16 11 13 12 20 1 10 3 6 14 2 18 17 9 8 15 7 4 19 
student 353: 1 19 7 17 14 18 6 13 3 2 11 4 12 16 8 10 5 20 9 15 
student 354: 7 16 9 4 13 15 1 11 3 5 12 2 18 14 8 10 6 20 17 19 
student 355: 5 14 3 9 17 12 4 15 1 13 7 6 19 18 2 8 10 20 11 16 
student 356: 5 8 11 4 7 15 6 17 1 10 19 9 18 14 2 3 13 20 12 16 
student 357: 8 15 2 12 14 13 5 17 9 3 4 11 18 19 1 6 7 16 10 20 
student 358: 4 6 2 8 13 10 11 18 7 3 15 1 20 16 5 14 9 19 12 17 
student 359: 10 7 9 14 5 20 3 19 4 13 16 8 15 17 1 12 2 18 11 6 
student 360: 9 6 5 11 14 8 1 17 12 3 16 4 18 10 7 15 2 20 13 19 
student 361: 7 1 20 16 9 10 13 19 3 4 14 2 17 15 5 6 8 12 11 18 
student 362: 15 14 13 9 6 20 3 16 5 1 11 7 18 19 4 17 2 12 8 10 
student 363: 15 10 3 9 12 20 14 8 17 1 6 2 18 16 7 4 13 11 5 19 
student 364: 16 11 6 5 17 12 1 19 7 3 15 2 10 20 14 4 9 8 13 18 
student 365: 10 4 20 9 12 13 15 14 1 7 18 2 11 16 8 3 5 17 6 19 
student 366: 16 20 14 4 17 15 1 9 7 2 18 6 12 11 5 3 8 10 13 19 
student 367: 5 7 6 13 14 11 2 16 3 1 15 4 20 17 9 8 12 19 10 18 
student 368: 10 13 2 5 19 16 4 14 11 3 7 1 15 17 9 12 8 20 6 18 
student 369: 9 16 5 11 10 17 4 18 14 2 12 1 13 8 6 3 7 19 15 20 
student 370: 3 14 10 5 11 13 2 15 6 9 17 8 19 20 1 4 7 16 12 18 
student 371: 14 12 8 7 15 17 3 18 11 1 9 5 20 6 4 13 2 16 10 19 
student 372: 3 7 9 1 19 16 20 12 8 6 14 5 17 13 2 10 4 18 11 15 
student 373: 12 17 16 11 13 20 1 9 7 3 15 5 19 2 14 6 4 10 8 18 
student 374: 7 9 4 5 20 11 14 17 12 1 10 2 6 16 3 13 19 15 8 18 
student 375: 6 19 5 10 14 17 1 11 4 13 9 7 16 8 3 12 18 20 2 15 
student 376: 5 14 12 8 13 16 2 15 3 6 11 10 20 19 1 4 7 18 9 17 
student 377: 6 16 9 4 14 13 3 18 11 2 8 10 12 19 1 7 5 17 15 20 
student 378: 2 19 11 18 12 6 9 5 10 7 4 8 16 15 1 3 14 17 13 20 
student 379: 20 11 6 8 12 17 1 14 4 3 15 10 16 13 5 2 7 18 9 19 
student 380: 10 14 8 9 11 17 7 12 6 1 13 2 16 20 4 3 15 19 5 18 
student 381: 5 8 20 11 15 9 4 16 2 6 17 3 7 18 12 1 10 14 13 19 
student 382: 13 12 7 9 14 16 3 18 11 1 10 5 15 17 4 2 6 20 8 19 
student 383: 4 12 6 13 11 14 3 15 5 7 20 1 8 17 9 2 10 19 16 18 
student 384: 5 10 14 12 13 11 1 17 4 3 18 2 16 15 8 7 9 20 6 19 
student 385: 14 8 11 19 4 18 10 16 2 3 12 1 9 15 6 7 5 17 13 20 
student 386: 6 17 9 10 7 16 2 15 12 5 11 3 18 19 4 8 1 14 13 20 
student 387: 11 13 5 9 6 19 3 17 1 2 16 8 14 15 7 4 10 20 12 18 
student 388: 11 16 1 8 5 20 2 14 4 3 17 6 19 12 7 15 9 18 13 10 
student 389: 15 18 11 3 4 14 2 20 7 5 9 16 10 19 1 8 6 17 12 13 
student 390: 17 18 4 7 9 19 1 14 2 10 11 3 12 15 5 8 13 20 6 16 
student 391: 1 6 8 4 15 12 3 16 7 13 17 9 10 11 14 5 20 18 2 19 
student 392: 5 17 4 14 9 20 1 10 7 6 15 3 19 11 2 12 8 18 13 16 
student 393: 15 7 12 5 9 20 10 18 6 4 13 1 14 19 8 3 11 16 2 17 
student 394: 5 11 3 18 15 17 10 16 4 7 8 1 19 14 6 12 13 20 2 9 
student 395: 18 4 11 1 13 17 7 9 3 5 10 2 16 14 6 8 15 19 12 20 
student 396: 7 14 6 20 8 18 4 16 10 1 13 5 11 9 2 3 15 19 12 17 
student 397: 5 18 4 13 10 15 1 14 9 2 16 8 12 19 3 6 11 17 7 20 
student 398: 15 8 13 17 12 6 3 16 7 5 11 1 19 14 2 4 10 18 9 20 
student 399: 13 20 12 10 11 15 5 3 2 4 6 1 19 14 7 8 9 16 17 18 
student 400: 3 15 7 4 12 17 2 11 8 5 18 6 13 14 1 10 19 20 9 16 
student 401: 4 12 14 15 6 18 3 11 5 2 9 7 16 17 10 1 8 13 20 19 
student 402: 12 16 3 6 11 17 7 15 10 1 13 5 20 14 8 2 4 19 9 18 
student 403: 9 17 11 10 18 13 6 19 4 1 12 5 15 16 2 3 7 20 8 14 
student 404: 5 18 11 9 15 20 4 16 1 2 13 3 19 14 6 8 7 17 12 10 
student 405: 11 14 12 5 17 13 2 10 4 1 9 8 15 20 3 7 16 19 6 18 
student 406: 11 13 10 9 12 18 4 15 5 6 14 2 17 16 8 3 7 20 1 19 
student 407: 12 13 14 10 5 15 3 8 2 1 19 4 20 9 7 6 18 16 11 17 
student 408: 1 16 2 14 13 20 6 5 12 3 15 11 17 7 8 4 9 18 10 19 
student 409: 2 12 10 8 14 19 9 17 1 3 18 5 16 4 7 6 11 20 15 13 
student 410: 19 10 16 12 9 14 6 13 8 2 20 5 3 4 1 7 18 15 11 17 
student 411: 13 11 6 15 5 16 14 18 12 7 17 8 2 10 1 3 9 19 4 20 
student 412: 9 18 12 4 13 11 2 10 8 6 17 7 20 19 3 1 5 14 16 15 
student 413: 9 13 1 2 19 20 11 14 12 5 16 7 10 17 3 4 8 15 6 18 
student 414: 8 16 7 12 11 15 4 9 5 1 18 2 17 10 3 6 13 14 19 20 
student 415: 10 18 5 6 16 20 1 15 4 3 8 2 11 17 7 9 13 19 14 12 
student 416: 20 5 7 8 12 14 10 9 11 1 17 2 15 13 6 3 4 18 19 16 
student 417: 14 13 8 4 12 17 6 16 7 3 10 1 19 15 2 5 11 18 9 20 
student 418: 9 14 12 7 18 15 1 16 4 8 13 3 5 20 6 2 11 17 10 19 
student 419: 11 19 10 9 6 18 1 12 7 2 15 4 17 16 3 8 13 14 5 20 
student 420: 4 3 10 5 11 19 6 16 2 1 18 13 8 15 9 7 12 17 14 20 
student 421: 8 13 10 4 18 15 6 14 11 1 9 3 2 16 5 17 20 12 7 19 
student 422: 9 15 8 6 13 16 2 18 10 7 12 3 17 14 4 5 1 19 11 20 
student 423: 12 16 7 5 19 9 14 11 6 2 15 1 18 10 4 3 13 20 8 17 
student 424: 9 11 17 10 12 20 1 16 5 3 6 2 14 18 13 4 8 19 7 15 
student 425: 3 12 1 9 11 15 5 14 8 2 20 7 18 16 6 17 4 10 13 19 
student 426: 13 5 6 8 12 18 4 19 11 3 15 1 17 16 2 7 10 9 14 20 
student 427: 3 13 4 10 9 18 2 14 8 6 16 15 17 12 7 1 5 19 11 20 
student 428: 9 11 7 2 16 13 1 17 5 3 19 15 20 14 12 6 4 10 8 18 
student 429: 2 7 13 19 11 15 4 20 10 1 3 6 14 18 5 12 9 16 8 17 
student 430: 6 5 10 18 15 20 1 14 4 8 17 9 11 16 3 13 2 19 7 12 
student 431: 8 14 12 7 16 18 2 10 6 1 19 3 17 13 5 4 9 20 11 15 
student 432: 6 10 4 3 15 18 5 16 14 1 13 8 17 19 7 2 9 12 11 20 
student 433: 16 7 2 10 9 17 3 20 13 6 12 1 19 11 4 5 8 14 18 15 
student 434: 10 19 5 9 13 18 6 16 3 8 7 2 12 11 1 4 14 20 15 17 
student 435: 10 11 7 13 6 17 2 18 9 1 15 4 12 20 3 8 5 16 14 19 
student 436: 17 3 8 7 13 19 12 20 1 5 6 14 10 11 2 9 15 16 4 18 
student 437: 13 16 1 7 6 17 8 15 11 2 4 5 14 18 3 12 9 19 10 20 
student 438: 5 18 10 20 9 17 3 15 6 2 8 4 14 13 1 7 11 19 12 16 
student 439: 4 11 7 9 14 17 8 19 2 5 16 1 12 18 6 3 15 13 10 20 
student 440: 12 6 10 4 16 8 1 15 3 2 17 7 18 19 9 11 5 20 13 14 
student 441: 3 17 9 8 12 18 1 15 7 6 14 4 20 19 2 5 13 11 16 10 
student 442: 8 11 7 13 10 17 3 15 1 4 14 2 19 12 16 5 9 18 6 20 
student 443: 18 13 2 15 7 14 5 11 8 4 16 1 12 3 6 10 9 17 20 19 
student 444: 4 14 1 12 11 19 5 16 10 8 9 2 17 7 6 3 15 20 13 18 
student 445: 9 13 14 10 19 16 3 11 5 1 8 2 20 15 6 4 7 17 12 18 
student 446: 15 13 1 8 11 16 4 14 6 3 10 12 19 18 2 9 7 17 5 20 
student 447: 12 14 3 5 13 20 2 10 4 1 15 6 17 18 8 9 11 19 7 16 
student 448: 8 18 6 5 11 13 2 14 3 1 12 4 20 15 7 17 10 16 9 19 
student 449: 10 14 3 7 6 17 9 15 1 4 13 8 12 20 5 2 11 18 19 16 
student 450: 4 15 3 12 7 13 2 11 6 1 9 16 18 20 8 5 10 19 17 14 
student 451: 9 20 8 13 18 14 1 19 6 10 7 2 16 11 4 3 17 12 5 15 
student 452: 11 8 12 15 9 20 5 14 2 1 18 7 17 19 4 13 16 10 3 6 
student 453: 5 11 9 10 19 20 1 15 2 6 14 13 18 8 16 4 3 12 7 17 
student 454: 8 15 9 5 12 13 3 18 6 4 17 1 14 16 11 20 2 7 10 19 
student 455: 17 18 5 2 4 19 9 12 8 7 13 1 15 16 3 11 10 14 6 20 
student 456: 6 11 8 10 18 15 1 19 5 3 17 2 12 20 4 9 13 7 14 16 
student 457: 9 7 4 1 15 8 10 16 11 3 2 5 19 17 6 12 14 20 13 18 
student 458: 12 13 3 6 8 14 15 7 9 4 10 2 20 11 1 5 16 17 19 18 
student 459: 9 17 1 4 10 19 5 13 7 2 16 6 18 15 3 11 12 8 14 20 
student 460: 16 12 9 7 20 11 2 10 6 3 8 5 18 19 1 4 14 13 17 15 
student 461: 11 17 10 5 13 15 1 14 3 8 7 4 12 20 2 6 9 19 18 16 
student 462: 12 6 18 11 13 14 4 16 5 3 15 9 7 17 2 8 10 20 1 19 
student 463: 18 12 15 10 11 19 6 20 2 1 13 4 8 17 9 3 7 14 5 16 
student 464: 11 10 6 8 7 14 5 17 13 2 12 3 16 15 4 9 1 19 20 18 
student 465: 19 14 9 7 15 16 13 12 1 2 5 8 3 18 4 6 10 17 11 20 
student 466: 5 3 9 6 13 17 8 12 1 2 20 4 16 19 7 11 10 15 14 18 
student 467: 9 19 10 6 15 11 2 13 5 1 16 3 18 20 4 8 7 17 12 14 
student 468: 16 11 7 15 18 19 8 20 3 1 17 2 14 10 6 5 9 12 4 13 
student 469: 12 16 4 11 10 13 9 8 2 6 15 3 5 20 1 7 14 17 18 19 
student 470: 11 12 9 16 10 18 2 14 3 4 15 5 20 8 6 1 19 13 7 17 
student 471: 6 19 13 11 14 18 4 15 2 1 16 10 5 9 8 7 3 20 12 17 
student 472: 10 9 6 18 14 20 2 12 8 5 4 1 19 13 3 7 17 11 15 16 
student 473: 11 12 3 9 14 13 1 16 5 4 15 2 17 19 7 8 10 18 6 20 
student 474: 2 9 6 8 11 19 1 20 5 7 13 4 16 14 3 17 12 15 10 18 
student 475: 2 19 5 9 14 16 3 17 7 6 12 10 18 8 1 4 11 20 13 15 
student 476: 3 16 6 13 15 12 1 9 4 7 14 2 18 19 5 8 10 20 11 17 
student 477: 7 4 2 11 10 14 17 15 3 1 9 5 19 18 8 6 12 16 13 20 
student 478: 10 12 8 9 11 15 6 2 3 1 20 4 18 16 5 7 13 17 14 19 
student 479: 8 16 5 10 11 18 1 12 4 2 13 3 17 15 7 6 9 19 20 14 
student 480: 10 15 14 16 2 11 7 12 5 13 18 3 9 17 1 4 6 19 8 20 
student 481: 9 19 11 18 13 14 5 16 1 3 6 7 15 12 8 10 2 20 4 17 
student 482: 7 12 9 6 3 13 2 17 11 5 19 8 16 20 4 14 10 15 18 1 
student 483: 6 8 9 19 17 14 1 11 10 3 13 2 18 12 4 7 5 15 16 20 
student 484: 9 16 4 8 15 20 5 12 7 2 11 6 19 14 3 1 13 17 10 18 
student 485: 6 10 7 12 17 1 8 14 19 4 18 11 13 15 5 2 9 20 3 16 
student 486: 4 15 8 6 18 16 2 12 11 3 9 5 20 13 10 1 14 19 7 17 
student 487: 5 15 11 9 14 19 4 17 6 2 12 1 16 18 3 7 10 13 8 20 
student 488: 8 14 3 7 11 16 4 10 5 1 13 6 17 19 2 15 12 20 9 18 
student 489: 15 13 8 10 6 18 2 20 9 1 16 3 17 14 5 4 11 7 12 19 
student 490: 8 18 4 5 16 13 2 20 12 6 11 1 15 14 10 7 3 19 9 17 
student 491: 4 14 13 11 18 15 5 17 7 3 12 2 10 19 6 9 8 16 1 20 
student 492: 6 9 3 5 14 17 2 13 12 4 18 11 16 15 1 7 10 20 8 19 
student 493: 9 12 7 5 15 16 4 14 6 1 13 2 17 19 3 8 11 18 10 20 
student 494: 5 15 13 8 18 12 10 16 9 2 11 1 17 6 4 3 14 20 7 19 
student 495: 10 11 12 7 13 17 1 15 3 4 16 9 19 18 5 8 6 14 2 20 
student 496: 10 15 16 11 7 20 4 13 5 2 12 3 9 17 6 1 18 19 14 8 
student 497: 8 14 9 11 16 12 1 10 15 2 6 3 18 19 4 5 7 20 13 17 
student 498: 2 16 5 18 13 20 8 12 7 1 10 3 19 15 4 9 6 17 11 14 
student 499: 4 7 15 11 12 20 9 14 10 1 18 5 13 3 6 2 17 19 8 16 
student 500: 16 15 8 14 3 17 2 9 5 20 11 1 12 19 4 10 7 18 6 13 
student 501: 5 14 13 4 11 19 10 9 12 2 15 1 16 17 3 6 7 20 8 18 
student 502: 5 11 9 12 8 19 6 18 2 1 13 14 16 17 7 4 10 15 3 20 
student 503: 5 17 11 8 15 20 2 16 3 1 12 7 9 19 4 6 13 14 18 10 
student 504: 12 13 11 5 8 19 6 7 4 1 15 2 18 14 9 3 10 20 16 17 
student 505: 2 9 11 8 5 17 3 7 1 6 20 12 10 18 15 4 13 19 16 14 
student 506: 12 14 20 2 11 18 5 6 8 4 16 3 19 9 1 10 15 13 7 17 
student 507: 9 16 11 13 19 14 18 10 4 2 12 5 8 7 1 3 15 17 6 20 
student 508: 13 14 10 6 17 18 3 11 7 2 5 4 16 12 1 8 15 20 9 19 
student 509: 6 9 8 10 15 17 5 12 1 3 14 2 13 19 4 11 16 20 7 18 
student 510: 13 17 3 10 11 8 1 12 6 4 15 9 19 18 16 2 7 14 5 20 
student 511: 17 12 4 6 10 18 1 14 11 8 13 7 20 16 3 2 5 19 9 15 
student 512: 15 17 9 8 12 11 7 18 13 2 3 4 16 5 6 1 10 19 14 20 
student 513: 14 20 8 13 11 12 3 17 1 6 15 5 16 18 7 2 10 19 4 9 
student 514: 9 12 7 10 14 19 3 2 16 1 11 5 17 18 4 6 13 15 8 20 
student 515: 13 16 14 10 11 12 5 1 8 3 4 2 18 17 6 15 7 19 9 20 
student 516: 6 20 10 18 8 17 2 9 5 4 16 3 15 14 1 7 13 11 12 19 
student 517: 8 14 5 11 13 20 3 17 16 1 12 2 9 19 15 7 4 10 6 18 
student 518: 4 6 5 14 16 18 7 20 1 2 17 9 11 12 3 10 15 13 8 19 
student 519: 5 12 10 15 7 16 9 13 3 4 8 6 11 14 2 19 17 20 1 18 
student 520: 10 19 1 7 6 17 4 12 5 3 15 2 18 13 8 11 9 14 16 20 
student 521: 5 9 10 3 1 19 7 14 11 2 6 12 17 18 4 13 8 15 16 20 
student 522: 6 14 5 11 16 20 2 15 3 1 10 7 17 13 12 4 8 18 9 19 
student 523: 6 16 10 12 9 13 2 17 7 11 18 3 15 4 1 8 5 19 14 20 
student 524: 15 14 7 5 6 13 1 11 12 9 10 4 18 19 8 3 20 17 2 16 
student 525: 13 6 14 4 8 19 7 15 11 1 9 5 18 10 3 2 12 20 16 17 
student 526: 7 17 20 11 9 18 2 8 4 1 14 3 6 10 5 15 13 12 16 19 
student 527: 4 13 10 8 11 20 2 15 7 1 14 6 16 18 3 5 9 17 12 19 
student 528: 4 17 9 8 10 14 11 20 2 6 13 7 19 15 5 3 12 16 1 18 
student 529: 6 17 7 13 14 10 3 15 5 1 11 4 12 19 2 9 8 18 20 16 
student 530: 11 17 1 13 12 14 3 15 5 8 10 2 19 16 4 9 7 20 6 18 
student 531: 3 14 7 19 12 18 2 16 15 4 5 6 13 11 1 8 10 17 9 20 
student 532: 13 11 5 2 7 18 6 20 3 1 9 4 17 16 8 10 14 12 15 19 
student 533: 1 14 10 9 8 17 7 15 4 3 13 11 18 16 2 6 5 19 12 20 
student 534: 9 8 5 10 14 20 4 15 13 1 16 7 18 12 2 3 17 19 11 6 
student 535: 11 16 15 3 12 10 9 18 8 4 7 1 19 13 14 5 2 20 6 17 
student 536: 10 16 3 9 15 11 1 20 2 5 13 6 18 4 8 7 14 17 12 19 
student 537: 10 4 17 8 16 18 2 15 3 9 14 1 6 20 7 5 11 19 12 13 
student 538: 6 9 18 8 5 19 2 10 3 16 15 1 17 13 7 4 14 12 11 20 
student 539: 8 12 3 9 16 19 2 18 4 5 10 1 14 17 7 6 11 15 13 20 
student 540: 8 12 3 5 10 20 4 7 2 1 11 16 13 18 15 6 9 14 17 19 
student 541: 13 19 12 9 7 3 4 16 2 10 17 1 14 20 6 5 15 11 8 18 
student 542: 15 19 5 12 3 16 1 17 4 2 9 6 14 18 11 13 8 7 10 20 
student 543: 3 19 11 2 15 17 4 18 9 6 14 1 12 8 5 7 13 16 10 20 
student 544: 7 19 12 5 3 20 13 18 1 10 14 6 17 8 2 4 9 16 11 15 
student 545: 17 16 6 10 19 18 4 7 5 1 15 3 12 11 2 9 14 13 8 20 
student 546: 11 14 12 15 9 20 6 4 1 7 17 2 18 16 3 5 8 19 13 10 
student 547: 5 17 3 13 14 9 1 15 6 4 8 2 19 18 12 10 7 16 11 20 
student 548: 19 15 3 18 8 12 1 9 4 6 11 5 10 20 2 16 17 14 7 13 
student 549: 10 20 1 2 11 19 3 12 4 5 17 8 15 16 6 13 9 14 7 18 
student 550: 2 16 13 11 14 12 10 17 7 1 18 3 9 15 6 4 5 19 8 20 
student 551: 6 13 4 10 7 15 5 14 3 8 1 16 18 9 12 2 11 17 19 20 
student 552: 8 9 6 10 17 20 4 19 1 2 11 3 16 15 5 7 13 18 12 14 
student 553: 9 14 8 4 6 18 1 13 10 7 11 5 17 20 3 12 15 16 2 19 
student 554: 8 14 10 4 11 20 6 18 5 3 17 1 16 15 7 2 12 13 9 19 
student 555: 6 15 9 4 13 20 8 17 3 1 10 5 11 18 2 7 14 12 19 16 
student 556: 4 5 6 17 2 20 7 8 18 12 15 1 19 9 10 3 13 14 16 11 
student 557: 9 7 6 10 15 18 1 14 13 2 5 3 17 16 11 4 12 19 8 20 
student 558: 17 15 10 3 11 14 1 8 19 5 12 4 13 18 7 2 9 20 6 16 
student 559: 4 17 9 8 13 20 2 11 10 1 12 5 16 14 3 7 6 18 15 19 
student 560: 10 15 6 14 4 20 3 13 8 9 7 1 19 17 2 5 12 18 11 16 
student 561: 9 15 13 12 10 16 3 17 7 1 18 4 8 14 11 6 2 20 5 19 
student 562: 9 17 10 8 16 18 1 5 6 14 12 3 15 13 2 7 4 19 11 20 
student 563: 5 16 6 3 13 20 9 11 1 8 10 14 18 17 2 4 12 15 7 19 
student 564: 10 16 8 3 15 18 1 20 5 2 12 4 11 14 9 6 7 17 13 19 
student 565: 6 12 5 11 19 17 3 14 4 7 16 1 18 13 2 9 8 20 10 15 
student 566: 2 16 9 10 12 13 3 15 8 1 14 7 18 17 4 6 5 19 11 20 
student 567: 7 14 6 10 18 16 4 15 3 5 13 1 20 9 2 8 11 17 12 19 
student 568: 2 12 13 4 15 19 5 11 7 3 16 8 18 9 6 1 17 14 10 20 
student 569: 15 13 2 5 9 12 1 16 6 7 14 3 17 18 4 8 11 19 10 20 
student 570: 11 15 10 12 13 20 3 17 7 1 14 4 18 16 6 8 5 2 9 19 
student 571: 4 11 5 9 8 3 1 15 18 7 20 2 16 17 6 14 12 13 10 19 
student 572: 1 14 7 3 11 19 6 13 10 2 16 5 15 17 4 9 8 20 12 18 
student 573: 13 18 7 12 17 15 2 19 9 1 11 10 16 6 3 4 5 20 8 14 
student 574: 17 10 15 5 16 19 7 1 8 12 11 2 20 13 3 4 6 14 9 18 
student 575: 8 16 5 11 6 15 19 18 3 4 14 12 10 9 2 1 7 20 13 17 
student 576: 14 15 3 2 8 12 4 19 10 6 20 7 11 17 9 13 16 18 1 5 
student 577: 10 18 5 9 8 15 2 12 6 3 11 16 13 14 1 4 7 19 17 20 
student 578: 16 17 2 10 8 19 3 13 5 1 9 4 18 14 7 11 6 20 12 15 
student 579: 9 20 5 11 10 15 3 19 6 8 13 1 17 14 2 4 12 18 7 16 
student 580: 6 16 4 10 9 17 7 18 1 5 13 11 14 19 2 12 3 20 8 15 
student 581: 8 14 5 9 13 20 7 6 2 4 12 1 18 17 11 16 3 19 10 15 
student 582: 3 13 1 5 19 17 12 16 8 6 18 2 9 14 4 11 7 20 10 15 
student 583: 9 18 4 10 17 6 2 20 7 1 16 3 19 11 5 8 13 14 15 12 
student 584: 6 8 7 15 13 18 9 11 2 12 16 1 17 19 4 5 3 10 14 20 
student 585: 12 18 8 7 11 20 6 13 4 1 15 2 14 16 3 10 5 17 9 19 
student 586: 2 18 14 3 9 15 4 12 5 6 10 7 19 20 13 1 11 17 8 16 
student 587: 8 2 12 7 13 20 1 19 9 3 11 5 4 16 6 10 14 17 15 18 
student 588: 3 13 1 15 8 19 11 16 9 5 20 2 18 17 6 10 7 14 12 4 
student 589: 10 17 5 9 16 18 1 14 6 7 12 2 13 4 3 8 11 15 19 20 
student 590: 8 14 11 7 13 16 3 10 17 2 5 4 19 15 6 1 9 20 12 18 
student 591: 2 18 5 7 9 20 3 16 11 8 17 4 15 13 1 14 6 19 10 12 
student 592: 9 17 3 1 13 19 6 10 5 2 11 12 15 16 4 14 7 18 8 20 
student 593: 18 8 7 14 10 19 5 9 11 2 16 3 12 17 4 13 6 20 1 15 
student 594: 11 15 9 10 12 18 3 17 5 1 14 6 20 13 2 8 7 16 4 19 
student 595: 10 1 4 5 2 15 16 6 7 3 14 9 17 12 11 8 20 19 13 18 
student 596: 7 14 11 12 10 20 6 16 2 1 17 4 15 13 3 9 8 19 5 18 
student 597: 9 18 5 6 14 11 2 15 1 7 17 3 8 12 4 10 16 19 13 20 
student 598: 5 14 6 10 13 18 2 16 9 4 11 3 15 19 1 8 12 17 7 20 
student 599: 13 16 2 15 12 8 3 14 6 1 11 4 17 18 7 5 9 19 10 20 
student 600: 20 5 8 9 15 13 1 14 4 7 12 2 18 17 6 11 3 10 16 19 
student 601: 9 12 1 13 11 15 7 17 10 5 16 6 18 14 3 8 2 20 4 19 
student 602: 15 19 7 4 14 16 1 18 6 10 9 3 20 17 2 11 8 12 5 13 
student 603: 15 6 11 3 16 20 7 18 2 5 4 1 14 9 10 12 13 17 8 19 
student 604: 3 14 4 10 8 19 5 16 7 1 17 11 6 13 9 2 12 18 15 20 
student 605: 8 14 1 12 19 7 3 15 2 5 20 11 10 17 4 6 9 16 13 18 
student 606: 15 13 8 12 9 14 2 20 5 1 11 3 7 17 4 6 10 16 19 18 
student 607: 8 17 3 6 16 18 12 11 7 2 4 5 13 15 1 10 14 19 9 20 
student 608: 8 18 17 4 9 14 3 11 5 6 13 1 16 19 7 10 2 20 12 15 
student 609: 14 9 6 3 10 19 7 11 2 13 15 5 17 16 4 8 12 18 1 20 
student 610: 17 14 8 4 10 18 1 13 12 5 6 3 19 15 2 7 9 20 11 16 
student 611: 4 14 5 13 11 19 2 15 1 3 9 7 18 16 6 12 8 17 10 20 
student 612: 1 8 10 17 12 15 7 14 3 5 9 6 16 13 4 2 11 19 18 20 
student 613: 18 12 1 9 8 20 2 13 14 5 17 4 16 19 6 3 11 7 10 15 
student 614: 7 16 10 5 15 17 2 13 3 4 19 8 9 14 6 1 12 20 11 18 
student 615: 1 16 5 18 10 12 3 11 19 13 4 2 20 9 8 7 6 15 14 17 
student 616: 19 15 9 16 17 20 3 18 12 11 7 2 14 4 5 6 13 10 1 8 
student 617: 2 17 14 12 15 20 1 6 7 4 11 8 9 16 5 10 3 19 13 18 
student 618: 5 16 6 3 8 20 1 14 9 15 18 2 17 11 4 7 12 13 10 19 
student 619: 15 13 3 8 10 18 5 14 9 7 17 1 11 16 6 4 2 20 12 19 
student 620: 10 14 12 9 18 15 2 6 4 5 11 3 17 13 1 7 16 19 8 20 
student 621: 13 17 14 11 12 20 5 16 4 3 10 1 8 18 6 7 9 15 2 19 
student 622: 4 14 10 11 8 19 5 9 3 2 6 1 15 17 12 7 18 16 13 20 
student 623: 9 15 7 11 12 18 4 16 2 1 17 3 14 19 5 6 8 13 10 20 
student 624: 18 19 5 2 1 9 3 16 8 7 13 10 12 17 4 6 15 20 11 14 
student 625: 6 15 8 3 12 14 1 11 4 9 20 7 13 16 2 5 19 17 10 18 
student 626: 16 14 11 1 10 18 4 12 8 2 9 3 15 13 5 7 6 17 19 20 
student 627: 2 18 4 13 15 14 10 16 3 1 9 7 12 19 17 5 8 6 11 20 
student 628: 20 15 12 6 8 17 1 10 3 4 14 7 16 19 2 5 9 13 11 18 
student 629: 9 14 2 8 18 15 1 12 6 4 11 3 20 13 10 7 17 16 5 19 
student 630: 6 12 11 4 7 16 3 17 10 5 14 1 20 15 2 13 9 18 8 19 
student 631: 8 9 5 6 4 17 7 18 14 16 15 2 13 12 1 3 10 20 11 19 
student 632: 16 17 4 14 10 19 3 12 8 1 11 7 15 18 2 5 6 13 9 20 
student 633: 7 14 13 16 8 18 4 17 10 3 9 1 11 12 2 6 5 20 15 19 
student 634: 8 18 12 10 13 20 1 19 7 2 16 3 14 6 4 5 9 15 11 17 
student 635: 7 9 10 11 15 17 1 16 8 2 13 5 19 6 3 4 14 20 18 12 
student 636: 13 9 2 8 17 3 6 15 12 1 14 5 20 18 4 10 7 16 11 19 
student 637: 8 10 5 20 9 12 14 15 16 6 18 4 13 11 7 3 2 19 1 17 
student 638: 13 15 12 6 8 16 7 18 11 1 5 2 10 19 9 3 14 20 4 17 
student 639: 3 9 7 2 14 20 5 19 12 8 16 15 10 11 4 6 1 17 18 13 
student 640: 15 16 7 11 12 18 2 17 10 6 9 1 8 13 5 4 3 19 14 20 
student 641: 5 8 6 3 15 16 2 13 10 4 19 7 20 14 1 9 12 11 18 17 
student 642: 10 14 5 4 8 19 1 11 6 20 9 2 15 17 13 7 3 18 12 16 
student 643: 9 17 3 4 15 18 2 13 12 5 11 8 10 20 6 1 7 16 14 19 
student 644: 8 13 9 3 14 17 2 19 4 6 20 1 15 12 7 5 11 18 10 16 
student 645: 4 16 2 7 3 13 11 15 6 1 10 8 18 17 5 14 12 19 9 20 
student 646: 9 16 5 4 15 10 7 17 6 3 18 12 20 14 2 1 11 13 8 19 
student 647: 7 12 1 14 17 15 3 13 5 2 10 4 20 19 8 6 9 18 11 16 
student 648: 10 12 3 7 13 19 2 15 6 9 18 1 17 14 5 4 11 16 8 20 
student 649: 10 16 14 7 6 20 5 13 4 1 15 2 17 19 3 9 11 18 12 8 
student 650: 2 4 9 5 13 18 3 19 1 7 20 10 14 15 6 8 11 16 12 17 
student 651: 11 3 20 9 12 16 6 5 1 10 13 4 19 15 8 2 7 18 14 17 
student 652: 6 19 4 5 18 13 12 17 2 7 11 3 15 14 1 8 9 16 10 20 
student 653: 17 14 13 12 10 15 6 20 9 1 4 2 18 11 5 3 8 16 7 19 
student 654: 7 9 1 2 11 19 4 18 6 3 15 5 12 10 16 13 8 14 17 20 
student 655: 11 15 14 5 20 1 3 7 19 2 10 9 12 17 4 6 8 13 16 18 
student 656: 6 19 5 11 12 17 2 15 9 4 7 3 16 14 1 8 13 18 10 20 
student 657: 6 15 1 9 17 18 2 11 13 3 10 4 16 19 8 5 12 20 7 14 
student 658: 12 14 9 11 18 17 1 19 16 5 13 4 10 2 7 3 6 15 8 20 
student 659: 12 17 5 9 13 20 3 19 18 6 8 7 15 11 4 2 10 14 1 16 
student 660: 11 7 12 5 1 20 4 14 3 13 15 2 19 10 17 6 9 16 8 18 
student 661: 8 2 13 6 18 17 5 11 3 1 19 4 9 14 7 10 16 20 12 15 
student 662: 1 12 7 11 18 13 4 15 10 2 16 3 19 17 6 5 14 20 9 8 
student 663: 6 18 7 9 8 17 5 14 4 3 13 1 19 20 15 2 12 11 10 16 
student 664: 8 12 11 5 19 16 4 14 3 6 7 1 17 18 2 9 15 20 13 10 
student 665: 14 13 8 10 16 11 1 17 6 4 15 5 20 18 2 3 7 12 9 19 
student 666: 6 12 8 11 17 19 2 15 7 1 13 3 18 16 4 5 9 14 10 20 
student 667: 8 19 7 12 9 20 1 11 5 2 13 6 14 15 4 3 17 16 10 18 
student 668: 12 13 6 8 9 16 17 10 5 1 15 11 14 19 3 2 7 18 4 20 
student 669: 13 20 6 1 18 16 2 10 4 5 11 9 17 14 3 12 7 15 8 19 
student 670: 6 13 1 9 14 17 4 10 8 2 20 5 16 18 3 11 12 15 7 19 
student 671: 9 14 10 5 13 19 4 18 3 7 8 6 17 16 1 2 11 15 12 20 
student 672: 13 11 6 3 5 15 2 17 8 7 16 10 9 20 4 14 12 19 1 18 
student 673: 19 15 14 4 12 16 5 6 7 2 10 9 11 17 13 3 1 18 8 20 
student 674: 9 20 6 2 11 16 4 18 7 3 13 5 15 12 1 8 14 19 10 17 
student 675: 10 12 5 6 20 14 2 16 9 1 15 13 18 11 8 3 4 19 7 17 
student 676: 5 11 8 6 12 20 7 16 9 2 19 3 14 13 1 4 15 17 10 18 
student 677: 4 15 10 11 13 16 1 19 9 3 14 2 17 7 6 5 8 20 12 18 
student 678: 9 5 6 2 11 18 4 14 3 10 20 12 16 15 1 8 13 17 7 19 
student 679: 8 14 7 9 10 17 1 16 5 11 12 2 18 15 3 4 6 20 13 19 
student 680: 8 15 4 13 12 16 3 19 9 2 10 5 11 20 6 1 17 14 7 18 
student 681: 12 10 7 18 17 16 1 13 2 3 14 8 9 19 5 4 6 15 11 20 
student 682: 9 15 5 12 13 20 3 14 7 6 11 2 16 17 8 1 10 18 4 19 
student 683: 17 15 11 1 10 2 3 18 13 5 6 16 14 7 8 12 4 9 19 20 
student 684: 12 20 5 3 13 7 9 16 4 2 17 8 19 6 1 15 10 14 11 18 
student 685: 9 12 7 4 20 18 2 1 5 8 6 11 16 13 3 10 14 15 17 19 
student 686: 13 10 11 7 14 20 2 15 3 1 9 5 16 17 4 6 8 19 12 18 
student 687: 3 18 10 13 17 15 6 4 8 5 9 7 14 19 2 1 12 20 11 16 
student 688: 3 17 6 9 12 16 2 14 8 4 13 1 20 15 7 10 5 18 11 19 
student 689: 5 11 7 9 12 18 2 15 13 3 14 4 17 20 6 1 8 16 10 19 
student 690: 16 11 7 6 13 19 1 12 4 2 14 9 20 15 3 5 8 17 10 18 
student 691: 12 14 8 9 11 19 6 15 13 3 10 2 17 16 4 7 1 20 5 18 
student 692: 14 13 9 6 19 15 1 10 5 3 20 8 18 17 4 2 12 11 16 7 
student 693: 7 12 5 6 17 15 8 14 2 4 10 13 16 11 3 1 20 19 9 18 
student 694: 5 13 7 14 16 15 3 8 10 2 19 6 11 17 1 9 4 18 12 20 
student 695: 7 16 8 9 14 15 4 20 11 2 13 1 10 17 3 6 12 19 5 18 
student 696: 11 15 2 3 16 19 6 14 4 1 20 8 10 18 12 13 7 17 5 9 
student 697: 9 15 13 5 7 19 3 12 4 1 17 11 16 2 10 6 14 18 8 20 
student 698: 10 17 12 9 16 13 2 7 1 6 14 4 18 15 5 8 3 20 11 19 
student 699: 7 13 15 8 14 18 3 6 2 1 12 9 16 10 4 5 11 19 17 20 
student 700: 3 18 9 15 10 16 4 13 1 6 17 8 14 7 12 2 5 19 11 20 
student 701: 14 13 4 9 16 8 3 12 15 5 20 1 10 17 2 6 7 19 11 18 
student 702: 15 7 11 12 9 17 1 13 4 2 5 3 16 19 6 10 8 20 14 18 
student 703: 11 16 3 9 13 18 6 17 4 7 12 1 14 8 2 10 5 19 15 20 
student 704: 18 16 5 1 4 17 6 13 9 2 10 3 15 19 12 8 11 14 7 20 
student 705: 9 11 6 7 12 20 2 16 4 1 13 3 15 14 10 5 8 18 17 19 
student 706: 7 13 3 6 14 19 1 18 4 5 12 2 15 17 10 8 11 16 9 20 
student 707: 17 15 5 7 9 16 6 20 3 4 13 2 11 18 1 10 12 19 8 14 
student 708: 7 13 8 9 3 19 4 17 12 2 15 6 18 11 1 14 10 20 5 16 
student 709: 7 10 5 14 16 19 3 11 4 1 17 12 18 13 8 2 9 20 6 15 
student 710: 16 7 9 4 6 17 3 19 8 5 10 1 14 15 2 11 12 18 13 20 
student 711: 10 15 20 2 3 18 5 14 7 1 9 4 11 16 6 8 12 19 13 17 
student 712: 7 14 12 9 6 18 2 19 10 1 16 8 13 11 3 4 5 17 15 20 
student 713: 9 16 12 10 14 17 4 6 1 2 5 3 15 13 8 7 11 19 20 18 
student 714: 12 18 10 11 13 15 6 8 9 1 5 2 14 17 3 4 7 20 16 19 
student 715: 13 15 4 11 6 9 2 18 3 10 14 1 19 12 7 8 5 20 17 16 
student 716: 6 13 9 7 12 14 3 17 8 1 10 2 16 19 4 11 15 18 5 20 
student 717: 13 20 12 11 16 9 8 19 4 2 10 6 17 18 3 1 7 14 5 15 
student 718: 16 11 6 15 2 18 10 12 5 1 8 3 20 14 4 13 7 19 9 17 
student 719: 5 4 13 8 7 18 2 17 6 1 19 15 9 16 10 14 3 20 12 11 
student 720: 10 16 19 7 14 18 2 12 8 1 6 5 13 17 4 3 9 20 11 15 
student 721: 15 10 6 1 13 14 11 19 9 4 20 17 16 3 5 2 7 12 8 18 
student 722: 5 16 9 6 12 15 7 17 13 1 14 3 19 18 2 4 10 11 8 20 
student 723: 3 19 16 13 6 2 11 12 1 10 18 4 8 15 5 7 9 14 17 20 
student 724: 7 12 6 9 15 17 5 3 2 11 10 1 20 16 4 8 13 18 14 19 
student 725: 9 14 7 5 12 13 3 17 6 2 10 1 11 20 8 18 4 15 16 19 
student 726: 5 17 3 4 15 12 6 7 2 10 19 1 20 11 13 9 14 18 8 16 
student 727: 7 20 3 11 12 10 2 16 6 5 17 4 18 14 1 8 13 15 9 19 
student 728: 14 19 7 15 12 17 1 16 8 3 10 4 13 9 5 11 6 18 2 20 
student 729: 8 13 3 6 17 16 2 11 4 1 19 7 14 12 5 9 15 18 10 20 
student 730: 2 7 12 9 17 16 5 10 11 6 19 4 20 15 1 3 8 14 13 18 
student 731: 13 3 7 10 12 14 2 18 4 6 8 1 16 20 5 11 15 19 9 17 
student 732: 2 7 15 16 17 19 1 11 3 4 8 10 13 9 5 6 12 20 14 18 
student 733: 11 16 6 12 15 20 1 14 10 5 8 2 19 4 3 7 13 18 17 9 
student 734: 3 16 9 14 8 18 2 12 4 1 13 6 17 15 5 7 10 19 11 20 
student 735: 8 20 6 2 11 14 3 18 7 1 12 5 15 17 9 4 10 19 13 16 
student 736: 6 19 2 8 12 18 5 10 3 4 17 13 15 14 9 1 7 16 11 20 
student 737: 11 15 10 8 14 18 3 20 4 1 12 2 5 13 6 7 19 17 9 16 
student 738: 4 18 10 6 15 20 5 8 7 3 13 2 19 14 11 1 9 17 12 16 
student 739: 11 15 9 2 6 19 3 14 7 4 13 8 17 16 5 18 10 20 1 12 
student 740: 8 17 1 7 11 10 2 13 6 3 12 5 20 19 16 4 15 14 9 18 
student 741: 14 17 8 11 13 16 1 10 3 4 9 2 18 15 6 5 7 20 12 19 
student 742: 16 17 8 9 11 18 3 15 6 1 7 5 13 10 2 4 12 20 14 19 
student 743: 5 20 11 7 19 8 9 6 4 1 13 14 15 12 2 3 16 17 10 18 
student 744: 6 10 1 8 11 16 3 9 7 12 5 14 17 18 2 4 15 19 13 20 
student 745: 5 15 1 12 10 18 2 7 9 4 14 3 20 13 8 16 17 19 6 11 
student 746: 19 8 4 7 6 18 1 10 5 2 20 3 15 17 11 9 16 13 12 14 
student 747: 14 19 7 15 12 13 9 11 10 3 6 2 8 20 4 16 1 18 5 17 
student 748: 16 20 8 9 10 14 5 18 4 1 11 3 12 15 2 6 7 19 13 17 
student 749: 12 19 8 9 7 16 2 10 5 4 13 3 20 15 1 6 17 18 11 14 
student 750: 5 16 10 8 19 14 11 15 3 1 7 6 2 20 9 4 12 17 13 18 
student 751: 9 15 2 11 10 20 6 18 3 14 4 1 16 19 5 8 13 7 12 17 
student 752: 10 11 9 5 12 19 2 16 7 1 17 4 20 15 3 8 6 14 13 18 
student 753: 8 16 13 19 6 20 1 18 4 2 15 7 12 11 3 9 5 14 10 17 
student 754: 4 20 11 6 10 13 1 16 7 5 8 3 12 17 2 9 15 19 14 18 
student 755: 12 13 11 3 5 20 1 17 7 4 10 2 18 19 6 8 16 14 9 15 
student 756: 10 15 7 9 11 14 2 18 6 3 13 1 16 17 4 5 8 19 12 20 
student 757: 20 16 6 5 12 17 2 18 3 1 9 10 15 13 11 4 7 19 8 14 
student 758: 9 15 8 12 13 16 6 18 3 4 11 5 19 14 2 1 7 20 10 17 
student 759: 11 17 3 8 14 10 1 13 4 2 16 9 20 7 6 5 18 12 15 19 
student 760: 3 14 2 8 9 17 4 16 11 1 10 5 15 19 13 7 6 20 12 18 
student 761: 8 16 12 13 15 11 3 18 2 1 5 6 10 17 9 4 14 20 7 19 
student 762: 7 9 11 13 12 19 3 15 10 1 6 2 14 20 5 4 8 16 17 18 
student 763: 1 18 14 7 12 17 3 16 6 2 19 4 9 11 5 10 8 15 13 20 
student 764: 19 18 6 17 11 12 3 15 1 2 14 7 13 16 10 8 5 20 4 9 
student 765: 5 10 3 2 9 18 1 14 11 4 20 7 19 15 8 12 6 17 13 16 
student 766: 13 9 1 10 14 18 3 17 6 8 11 5 12 20 4 2 7 16 15 19 
student 767: 8 12 4 11 9 19 5 16 6 7 14 1 17 18 2 3 15 20 10 13 
student 768: 12 18 4 7 11 13 8 6 10 1 16 3 19 17 5 2 9 20 14 15 
student 769: 6 20 12 14 16 17 2 7 10 9 11 8 13 15 1 4 3 18 5 19 
student 770: 7 11 14 2 12 15 10 17 4 6 16 1 18 20 3 5 9 13 8 19 
student 771: 12 14 11 3 16 18 1 13 5 2 10 8 19 15 6 7 4 17 9 20 
student 772: 8 14 1 15 17 18 2 11 9 5 10 3 13 16 7 6 12 20 4 19 
student 773: 11 17 5 8 10 20 1 16 7 3 12 2 15 19 14 6 13 9 4 18 
student 774: 3 13 11 1 8 15 10 6 9 7 19 5 14 17 18 2 12 16 4 20 
student 775: 7 13 8 12 3 4 2 17 6 9 15 5 16 20 10 1 11 18 14 19 
student 776: 14 16 5 15 17 11 3 20 19 2 9 4 12 8 6 1 18 10 7 13 
student 777: 20 4 7 17 6 16 3 12 2 1 19 5 13 9 14 8 11 18 10 15 
student 778: 8 14 10 1 7 20 2 13 3 6 19 4 16 15 9 5 12 17 11 18 
student 779: 1 9 11 6 18 19 4 14 10 2 13 5 15 17 7 8 3 20 12 16 
student 780: 2 7 1 15 17 9 3 18 11 14 16 4 13 6 5 12 8 19 10 20 
student 781: 9 15 3 16 18 4 7 14 6 5 13 1 11 19 8 12 10 17 2 20 
student 782: 11 12 5 7 15 19 2 10 8 6 9 4 16 18 1 3 13 14 17 20 
student 783: 4 12 3 5 20 17 7 15 1 6 10 2 11 16 8 9 13 18 14 19 
student 784: 4 11 3 9 18 15 2 19 7 5 16 1 12 10 6 8 13 17 14 20 
student 785: 9 16 5 7 6 17 4 14 10 3 1 15 13 18 2 12 8 19 11 20 
student 786: 15 19 12 14 11 13 6 7 2 4 9 8 18 17 5 10 1 16 3 20 
student 787: 8 15 9 3 13 18 11 20 7 6 14 5 4 19 2 1 10 16 12 17 
student 788: 4 8 5 17 19 15 9 10 2 7 14 6 16 13 12 1 3 18 11 20 
student 789: 11 20 9 3 13 15 2 19 8 4 12 1 14 17 7 5 10 18 6 16 
student 790: 11 13 9 8 6 17 1 12 7 2 15 3 14 10 5 4 16 19 20 18 
student 791: 4 15 5 6 16 13 2 11 14 9 12 7 19 17 3 8 1 18 10 20 
student 792: 9 16 1 3 15 12 17 20 8 2 11 4 18 13 5 7 6 14 10 19 
student 793: 4 10 3 6 17 13 1 15 7 9 19 2 18 16 8 5 11 20 14 12 
student 794: 14 8 7 3 10 15 5 13 1 6 11 12 16 18 2 4 9 20 17 19 
student 795: 12 15 1 11 19 18 6 4 8 7 13 2 10 17 14 3 5 16 9 20 
student 796: 8 12 10 7 13 19 2 9 6 3 18 5 15 17 4 1 11 16 14 20 
student 797: 15 11 7 9 3 12 1 13 5 4 14 2 6 16 8 17 10 20 19 18 
student 798: 10 13 6 9 4 20 3 17 8 2 7 1 14 19 11 5 12 16 15 18 
student 799: 10 14 4 6 13 18 2 16 7 12 11 8 1 17 3 5 9 20 15 19 
