student 0: 2 3 12 19 20 15 10 11 18 8 4 1 5 7 17 16 6 14 13 9 
student 1: 9 12 6 15 10 19 17 5 20 7 8 3 2 4 16 11 1 13 14 18 
student 2: 6 3 11 13 10 18 17 2 16 9 5 4 8 12 20 14 1 15 19 7 
student 3: 8 1 7 14 18 16 20 3 17 10 2 6 5 4 9 19 15 13 11 12 
student 4: 7 2 1 12 18 19 16 9 20 10 3 4 6 8 17 13 5 15 11 14 
student 5: 7 8 13 16 18 19 14 4 15 1 3 6 2 12 11 20 5 17 10 9 
student 6: 8 6 4 14 18 19 17 11 20 12 7 3 2 1 16 13 5 10 15 9 
student 7: 2 3 9 15 16 20 18 7 17 4 6 8 5 1 19 12 11 10 14 13 
student 8: 2 1 10 15 20 16 19 13 18 12 8 11 9 4 17 6 14 3 7 5 
student 9: 4 2 8 11 14 18 15 1 13 9 12 5 3 6 20 10 7 19 17 16 
student 10: 9 3 15 11 8 19 16 10 20 13 1 5 2 4 14 17 7 12 18 6 
student 11: 15 5 2 20 19 16 18 12 14 17 7 3 6 1 11 13 8 9 10 4 
student 12: 5 9 7 3 18 17 13 1 15 4 8 2 14 19 20 10 6 16 11 12 
student 13: 3 8 14 5 17 20 16 9 19 12 11 1 2 7 13 18 6 4 10 15 
student 14: 11 4 3 15 9 18 13 2 20 10 12 1 6 8 19 16 5 7 17 14 
student 15: 13 5 7 20 8 19 18 1 14 12 4 6 3 2 16 17 11 15 9 10 
student 16: 4 1 16 11 17 6 20 13 10 2 5 7 3 9 19 12 15 18 8 14 
student 17: 5 1 9 12 10 19 18 7 20 8 3 4 2 6 15 17 16 11 13 14 
student 18: 10 1 5 19 9 20 18 6 17 11 13 8 3 4 14 15 16 12 7 2 
student 19: 11 1 8 12 15 14 20 7 16 17 4 6 2 3 19 13 9 10 18 5 
student 20: 6 3 11 18 14 19 15 10 16 8 2 1 7 4 5 13 12 17 20 9 
student 21: 4 7 13 18 16 19 17 8 3 11 5 2 6 9 20 15 10 12 14 1 
student 22: 4 3 1 19 15 16 20 17 7 13 8 5 2 6 11 18 12 10 14 9 
student 23: 8 4 7 16 19 11 18 17 10 12 2 1 3 5 20 13 9 14 15 6 
student 24: 4 2 9 11 12 20 15 10 6 13 8 5 3 19 18 7 14 17 16 1 
student 25: 16 3 10 20 13 18 9 8 15 6 1 12 5 2 19 11 7 17 14 4 
student 26: 8 3 12 14 17 20 15 2 18 11 1 6 4 7 19 10 13 9 16 5 
student 27: 6 7 2 14 8 16 20 4 17 19 3 11 5 1 15 12 9 18 13 10 
student 28: 8 14 7 15 10 19 4 6 18 11 1 5 2 3 17 12 9 20 16 13 
student 29: 2 3 8 14 19 18 13 9 20 17 1 4 5 6 16 15 10 11 7 12 
student 30: 9 2 8 5 16 20 15 12 18 17 10 6 7 3 19 14 4 11 13 1 
student 31: 6 4 15 17 13 16 9 11 18 7 2 5 1 3 19 8 12 10 14 20 
student 32: 19 5 9 17 15 20 13 4 18 7 1 3 2 6 16 11 14 8 10 12 
student 33: 5 6 2 20 10 16 11 1 18 8 13 9 7 14 19 4 17 12 15 3 
student 34: 9 7 6 14 13 1 17 3 20 11 8 4 2 5 19 12 16 15 18 10 
student 35: 12 2 6 16 20 18 11 5 17 15 3 9 1 4 19 14 13 10 8 7 
student 36: 1 6 5 17 19 18 11 7 8 10 4 9 13 3 14 2 16 12 20 15 
student 37: 7 3 8 17 11 20 5 2 19 13 10 9 4 6 18 12 15 16 14 1 
student 38: 4 2 11 19 13 16 9 3 14 17 8 10 1 5 20 12 7 18 15 6 
student 39: 10 4 3 16 14 8 19 9 18 13 7 1 2 5 20 17 6 12 11 15 
student 40: 13 2 6 16 18 14 10 1 20 11 4 7 3 9 19 15 17 5 8 12 
student 41: 14 1 9 12 16 20 11 4 18 15 2 13 5 3 19 17 8 7 10 6 
student 42: 5 2 8 14 11 18 19 16 17 7 4 9 1 6 15 10 3 13 20 12 
student 43: 11 6 4 9 14 19 20 2 18 10 1 3 5 7 15 16 17 8 13 12 
student 44: 7 4 11 3 14 20 13 2 18 17 5 1 6 8 15 9 10 19 12 16 
student 45: 3 5 9 14 18 19 16 15 20 17 12 8 2 1 11 10 6 7 13 4 
student 46: 8 6 7 5 15 20 18 2 12 19 9 4 1 3 17 14 16 10 11 13 
student 47: 7 6 10 9 13 17 14 18 12 4 1 16 2 15 19 20 8 3 11 5 
student 48: 10 4 9 3 16 13 19 8 7 15 1 6 2 5 20 18 11 17 14 12 
student 49: 11 2 9 5 17 20 19 8 18 15 3 6 4 1 7 12 14 10 16 13 
student 50: 11 9 5 14 16 10 18 6 19 3 7 4 2 1 13 20 12 15 17 8 
student 51: 5 1 9 15 7 20 18 13 19 6 2 4 12 10 11 17 8 14 16 3 
student 52: 5 2 9 7 16 13 20 10 18 15 1 3 8 4 17 12 11 19 14 6 
student 53: 7 2 13 20 17 15 16 5 19 11 3 1 4 9 18 8 14 6 12 10 
student 54: 8 2 4 13 19 15 20 18 14 10 7 1 3 12 17 11 5 6 16 9 
student 55: 2 6 7 12 16 18 14 11 15 1 5 9 3 4 13 17 20 8 19 10 
student 56: 13 2 12 9 15 16 14 4 19 17 5 11 3 10 18 8 6 7 20 1 
student 57: 5 4 14 9 18 6 15 10 19 8 11 3 1 2 20 12 17 16 13 7 
student 58: 7 2 3 13 16 19 18 10 14 8 6 4 5 1 20 11 17 12 15 9 
student 59: 18 4 2 14 12 20 9 17 19 5 1 8 6 3 15 11 7 16 13 10 
student 60: 10 4 7 16 20 15 11 9 17 13 8 2 1 3 14 19 12 18 6 5 
student 61: 9 1 11 19 14 17 15 5 12 20 4 3 2 6 18 13 10 8 16 7 
student 62: 4 6 13 11 14 20 12 2 18 10 7 9 3 1 17 19 5 16 15 8 
student 63: 5 1 18 11 14 20 8 15 17 12 6 9 3 2 16 19 7 10 13 4 
student 64: 6 1 10 14 15 20 18 7 19 3 11 2 4 8 16 17 9 13 5 12 
student 65: 5 1 8 12 14 19 16 9 20 7 11 3 2 6 18 15 10 17 4 13 
student 66: 3 1 13 10 20 19 17 14 18 6 2 5 12 4 16 11 7 8 15 9 
student 67: 8 1 6 17 19 16 20 3 5 10 4 15 7 2 18 12 13 9 11 14 
student 68: 4 1 13 14 16 20 18 6 19 9 11 10 2 7 17 5 8 15 3 12 
student 69: 2 6 9 19 20 17 8 11 18 12 5 7 3 1 15 4 16 13 14 10 
student 70: 12 4 14 10 15 19 18 2 13 7 6 20 8 5 17 1 11 3 16 9 
student 71: 10 6 11 1 19 16 20 3 15 4 8 9 7 5 18 17 2 12 14 13 
student 72: 5 3 8 19 18 13 16 1 17 11 12 4 9 2 20 7 10 14 15 6 
student 73: 4 3 5 10 14 17 15 7 20 16 6 11 1 2 8 19 13 12 18 9 
student 74: 7 1 11 18 17 20 16 2 15 9 4 12 5 6 19 10 13 14 8 3 
student 75: 2 13 8 11 17 20 15 10 19 9 3 5 1 4 18 14 12 7 16 6 
student 76: 4 3 13 16 11 15 19 7 18 10 1 9 5 2 14 20 8 17 12 6 
student 77: 13 3 9 17 16 10 12 7 19 8 2 6 1 5 20 18 11 15 14 4 
student 78: 4 5 7 17 11 20 16 8 10 9 3 2 6 1 14 13 12 18 19 15 
student 79: 12 8 4 16 14 20 18 9 19 1 5 10 2 3 15 13 7 17 6 11 
student 80: 15 5 16 20 9 18 2 12 11 3 10 19 7 1 17 14 4 13 8 6 
student 81: 3 1 9 15 12 11 20 8 17 10 2 6 4 5 19 16 7 13 14 18 
student 82: 7 3 9 16 19 18 1 5 17 13 2 4 11 8 20 6 15 12 14 10 
student 83: 2 4 16 7 15 19 14 1 20 6 5 8 3 11 18 17 10 13 12 9 
student 84: 2 3 9 16 17 20 19 6 7 15 8 12 1 10 18 14 11 13 4 5 
student 85: 10 1 3 12 14 20 18 9 15 11 4 8 2 7 19 6 13 16 17 5 
student 86: 9 7 13 15 18 19 14 5 20 10 1 3 2 6 11 12 4 16 17 8 
student 87: 5 4 6 12 16 11 20 7 14 10 2 15 1 3 18 9 17 8 19 13 
student 88: 12 1 9 7 14 19 20 18 16 15 6 5 3 4 17 13 10 11 8 2 
student 89: 9 1 2 16 17 19 13 5 14 11 10 8 3 4 20 12 6 7 18 15 
student 90: 3 1 9 17 12 20 13 8 16 14 4 5 2 6 18 10 11 19 15 7 
student 91: 7 5 4 8 15 18 17 10 20 13 1 2 3 14 19 11 9 16 12 6 
student 92: 5 3 2 10 20 18 16 4 17 7 6 1 11 14 19 9 8 13 15 12 
student 93: 8 1 4 13 18 20 10 7 17 14 3 5 11 2 16 15 6 12 19 9 
student 94: 16 2 10 13 18 9 17 4 15 7 5 11 6 3 20 19 1 12 8 14 
student 95: 10 16 7 18 20 13 19 6 17 4 3 5 1 2 9 12 8 11 14 15 
student 96: 7 15 10 3 13 18 17 1 20 11 9 5 4 2 16 14 19 8 12 6 
student 97: 3 5 9 15 17 13 20 8 12 4 1 10 2 6 16 18 19 11 14 7 
student 98: 4 3 8 14 19 18 15 11 20 5 2 9 1 6 17 16 13 12 10 7 
student 99: 10 4 8 14 13 15 17 9 19 11 3 5 1 7 18 16 2 12 20 6 
student 100: 10 4 16 19 15 20 17 7 18 14 5 8 2 1 9 13 11 6 12 3 
student 101: 14 1 15 19 20 18 16 3 4 8 11 6 2 5 17 10 13 12 7 9 
student 102: 4 2 9 14 16 18 13 3 17 19 6 5 10 7 11 15 12 8 20 1 
student 103: 7 4 3 12 17 20 16 11 18 2 10 5 1 8 19 14 9 6 15 13 
student 104: 5 6 8 18 12 19 10 4 20 14 13 1 7 2 17 11 9 15 16 3 
student 105: 8 3 18 10 17 7 20 6 16 5 12 1 2 9 19 15 13 4 14 11 
student 106: 13 6 11 19 14 18 16 3 20 10 5 2 8 1 17 15 7 12 4 9 
student 107: 6 5 3 10 13 17 12 15 20 16 4 8 2 1 11 7 18 14 19 9 
student 108: 13 8 2 11 18 17 19 12 20 7 5 1 6 4 16 10 14 9 15 3 
student 109: 2 1 3 12 17 14 16 7 20 8 9 5 4 6 19 10 15 11 18 13 
student 110: 16 2 13 15 17 20 14 5 12 9 1 6 7 3 19 18 10 4 11 8 
student 111: 8 1 5 15 17 11 13 10 18 16 7 3 4 2 20 19 6 9 12 14 
student 112: 8 1 2 12 16 15 19 3 20 9 17 6 13 4 18 11 14 5 10 7 
student 113: 2 11 10 13 17 16 19 12 18 5 6 20 1 9 14 7 8 3 4 15 
student 114: 8 2 6 19 20 18 13 7 16 10 5 15 3 1 14 11 4 9 17 12 
student 115: 2 5 13 7 18 17 6 12 20 14 8 3 1 4 15 11 16 9 19 10 
student 116: 13 2 20 16 15 9 19 5 14 6 3 4 11 1 17 18 7 10 12 8 
student 117: 2 8 4 14 3 19 20 15 18 12 1 7 5 6 13 17 16 11 10 9 
student 118: 3 6 4 18 9 13 20 1 19 5 12 10 8 2 16 17 7 11 14 15 
student 119: 17 8 4 6 19 20 18 10 14 16 3 7 5 2 9 15 1 12 11 13 
student 120: 10 5 4 11 13 20 16 3 17 8 9 6 2 1 18 15 14 19 12 7 
student 121: 11 1 3 15 17 14 16 10 12 6 2 7 4 5 18 13 8 19 20 9 
student 122: 7 1 13 14 11 20 9 8 15 4 18 2 3 6 19 5 16 17 12 10 
student 123: 10 2 8 1 17 15 13 7 20 12 14 5 4 6 11 18 3 19 16 9 
student 124: 3 7 5 16 10 19 12 15 20 13 2 17 11 1 18 4 14 9 6 8 
student 125: 5 4 17 13 20 19 1 3 18 10 9 7 8 6 12 14 16 2 15 11 
student 126: 9 3 11 8 18 19 15 7 20 12 1 6 2 5 16 17 14 13 4 10 
student 127: 14 2 5 16 10 19 18 4 20 12 3 8 1 6 17 13 15 11 9 7 
student 128: 8 1 6 11 16 15 20 4 13 7 5 9 3 2 19 18 10 12 14 17 
student 129: 8 1 7 17 16 13 18 3 15 12 11 2 5 4 20 14 10 6 19 9 
student 130: 8 3 6 18 11 19 12 5 17 15 2 4 7 1 20 13 16 10 14 9 
student 131: 14 5 4 20 16 17 12 8 19 11 1 3 2 6 18 7 9 13 15 10 
student 132: 7 2 12 15 19 20 16 5 13 8 10 4 1 3 18 11 9 14 17 6 
student 133: 10 7 3 9 15 13 16 11 20 14 1 6 2 8 19 5 12 18 4 17 
student 134: 4 1 2 19 16 18 11 5 20 13 12 6 9 3 15 17 10 8 14 7 
student 135: 16 3 11 9 14 13 18 7 20 1 4 6 2 5 17 19 8 10 15 12 
student 136: 10 3 12 19 18 20 8 2 16 6 5 13 1 4 17 14 9 15 11 7 
student 137: 3 12 2 16 10 20 11 18 17 8 15 4 1 5 19 14 9 13 7 6 
student 138: 10 2 17 18 14 15 19 5 20 6 7 12 4 1 16 11 13 8 9 3 
student 139: 15 1 17 18 12 16 14 4 19 7 8 9 5 2 20 10 11 3 13 6 
student 140: 2 12 8 6 11 20 18 16 19 5 4 1 15 3 14 10 17 7 13 9 
student 141: 6 13 7 10 15 16 20 8 18 19 3 1 2 5 17 12 9 14 11 4 
student 142: 6 3 9 13 15 20 14 5 18 8 4 2 1 10 19 11 7 12 17 16 
student 143: 3 8 11 18 19 15 17 4 20 6 9 10 5 2 14 16 7 13 12 1 
student 144: 2 3 6 15 18 13 20 4 17 14 9 1 5 7 16 12 11 19 10 8 
student 145: 15 11 5 16 19 18 14 2 20 12 13 10 1 9 17 7 8 6 3 4 
student 146: 1 3 2 16 15 19 18 7 20 12 9 13 6 8 17 11 10 4 5 14 
student 147: 1 3 11 12 16 19 14 9 18 8 10 4 2 6 20 13 5 17 7 15 
student 148: 8 1 5 13 14 19 15 6 9 17 2 11 3 12 20 18 4 7 10 16 
student 149: 3 2 13 17 16 10 9 8 20 12 1 7 6 5 19 18 14 15 4 11 
student 150: 6 2 4 15 18 19 17 14 13 5 3 10 8 1 11 12 16 7 9 20 
student 151: 8 2 7 17 14 20 18 5 19 9 4 11 3 1 15 16 12 13 6 10 
student 152: 7 1 8 20 15 16 14 19 13 9 6 3 2 4 17 11 12 5 10 18 
student 153: 12 1 9 13 20 18 16 6 19 14 5 4 2 3 17 11 15 8 10 7 
student 154: 16 12 5 11 18 15 6 10 17 20 1 3 2 13 8 4 14 9 19 7 
student 155: 6 9 10 11 3 15 17 5 19 14 2 1 7 4 18 12 8 13 16 20 
student 156: 5 10 7 17 8 16 18 15 20 12 2 6 3 1 13 11 9 14 19 4 
student 157: 14 2 9 5 20 13 15 7 17 10 11 6 4 1 19 8 12 16 18 3 
student 158: 20 5 10 17 11 18 14 9 16 13 2 4 3 6 12 15 1 8 7 19 
student 159: 1 4 6 19 9 12 18 5 17 16 2 11 13 3 20 15 7 8 10 14 
student 160: 7 2 12 18 16 19 14 8 20 1 15 5 4 3 9 17 13 11 6 10 
student 161: 7 3 13 18 20 19 10 9 17 11 2 8 4 1 16 15 14 12 6 5 
student 162: 10 1 13 20 15 18 11 4 17 5 3 12 2 8 9 14 6 16 19 7 
student 163: 11 2 6 14 12 19 17 5 7 16 1 3 4 9 18 20 15 10 13 8 
student 164: 3 4 8 13 18 16 12 6 19 20 10 2 1 9 17 7 11 14 15 5 
student 165: 1 7 12 6 18 19 11 3 17 10 14 9 8 5 15 4 16 20 13 2 
student 166: 8 2 5 19 15 20 18 6 17 7 1 3 4 12 16 9 13 11 14 10 
student 167: 8 5 6 12 19 16 14 1 18 17 7 9 10 2 20 13 15 4 11 3 
student 168: 12 7 8 6 13 18 19 5 17 10 1 9 2 4 11 15 3 16 14 20 
student 169: 6 3 9 11 15 20 19 5 18 10 14 16 1 7 17 8 13 4 12 2 
student 170: 12 3 16 18 8 19 11 9 17 5 7 4 2 1 14 15 10 13 6 20 
student 171: 5 2 3 18 14 19 15 11 16 13 8 9 6 1 20 17 4 12 10 7 
student 172: 6 2 10 17 20 15 14 4 18 19 9 7 1 3 13 16 5 8 11 12 
student 173: 11 2 5 9 16 14 17 8 20 10 4 6 3 1 18 19 12 15 13 7 
student 174: 5 3 7 15 17 13 16 18 20 10 4 8 1 2 19 12 11 6 9 14 
student 175: 18 1 10 14 19 11 20 5 12 16 4 3 9 2 7 6 8 17 13 15 
student 176: 10 12 5 18 13 15 9 8 20 16 1 7 2 3 19 11 4 6 14 17 
student 177: 5 3 10 8 19 18 14 7 20 11 6 13 4 2 15 9 12 16 17 1 
student 178: 11 3 7 15 14 18 17 13 10 20 4 6 2 1 9 19 8 12 16 5 
student 179: 8 5 6 12 19 4 10 7 20 1 15 18 2 3 13 14 16 9 17 11 
student 180: 4 11 9 18 8 19 14 10 20 7 3 5 2 1 16 15 13 17 6 12 
student 181: 10 4 9 15 17 19 18 7 20 12 1 8 5 6 16 11 3 13 14 2 
student 182: 11 2 14 10 20 18 15 4 13 3 1 12 8 6 17 19 7 9 16 5 
student 183: 9 1 5 16 20 18 11 7 17 19 8 4 2 3 14 12 6 15 13 10 
student 184: 6 1 7 18 12 15 16 10 17 11 3 4 8 2 19 5 20 13 14 9 
student 185: 8 2 7 13 20 19 18 1 16 10 5 9 6 3 15 11 12 17 4 14 
student 186: 4 10 11 12 8 17 20 1 19 18 14 3 6 9 15 13 16 7 5 2 
student 187: 12 3 6 15 17 18 19 1 14 5 10 7 2 4 9 20 16 8 13 11 
student 188: 13 2 15 14 11 20 16 8 17 9 3 7 1 5 19 10 6 4 18 12 
student 189: 10 3 12 19 18 16 20 1 14 2 5 7 4 6 15 8 9 11 17 13 
student 190: 11 2 20 14 19 4 13 9 17 8 7 3 1 6 18 10 12 5 16 15 
student 191: 8 2 10 16 9 11 20 6 19 12 7 4 3 1 14 15 17 18 13 5 
student 192: 2 5 8 11 20 19 15 4 16 13 3 7 10 1 12 17 14 18 9 6 
student 193: 7 2 13 5 20 17 19 3 18 16 8 9 4 6 11 10 12 14 15 1 
student 194: 8 5 12 11 19 16 17 13 20 4 2 3 7 1 18 10 6 15 9 14 
student 195: 15 1 9 11 10 17 18 14 20 19 3 4 6 2 13 16 8 7 12 5 
student 196: 4 7 12 10 19 20 17 3 18 11 5 8 6 1 15 16 2 13 14 9 
student 197: 7 5 14 12 18 19 13 6 20 11 3 4 2 1 17 10 16 15 9 8 
student 198: 13 1 7 11 18 20 16 2 19 3 10 8 4 5 15 9 6 12 14 17 
student 199: 11 4 6 17 19 18 15 2 20 12 3 8 5 1 10 9 16 14 7 13 
student 200: 4 1 8 16 13 20 18 3 14 5 7 9 6 10 19 11 15 17 2 12 
student 201: 6 3 5 16 20 18 14 8 19 10 1 7 4 2 17 9 13 15 12 11 
student 202: 7 2 13 16 17 18 11 10 12 15 3 5 1 4 19 9 8 14 20 6 
student 203: 2 5 8 12 11 19 16 4 14 10 9 15 1 3 18 17 13 20 6 7 
student 204: 14 3 6 9 10 18 19 11 17 12 1 7 8 2 20 15 4 13 16 5 
student 205: 5 1 9 16 19 17 8 3 20 11 7 2 6 4 15 18 14 12 13 10 
student 206: 9 1 10 6 17 16 15 7 18 13 4 8 3 2 19 14 12 20 5 11 
student 207: 7 2 3 11 18 17 16 6 19 10 4 1 5 9 14 12 8 13 15 20 
student 208: 6 2 8 14 12 19 17 3 15 20 5 7 11 18 16 13 9 10 4 1 
student 209: 20 1 8 7 15 18 19 6 16 4 14 2 5 3 17 11 10 12 13 9 
student 210: 18 3 11 19 5 20 15 4 8 12 2 7 6 1 17 16 13 14 10 9 
student 211: 2 4 5 19 16 15 20 1 13 14 7 18 6 12 11 8 17 9 10 3 
student 212: 12 1 7 13 18 20 17 6 14 10 2 5 3 4 11 19 9 16 15 8 
student 213: 16 2 7 17 13 20 12 6 18 9 3 10 4 14 19 15 5 1 11 8 
student 214: 10 1 13 18 3 19 16 5 14 17 11 6 9 12 20 8 4 7 2 15 
student 215: 6 1 16 14 8 5 20 9 18 7 3 11 2 4 12 19 15 17 10 13 
student 216: 2 8 1 11 20 12 9 4 18 19 14 5 3 10 13 17 15 7 16 6 
student 217: 7 1 12 14 18 20 17 5 19 13 4 6 2 3 16 9 15 8 11 10 
student 218: 1 2 3 14 17 13 20 15 16 6 5 8 7 4 18 10 12 11 19 9 
student 219: 2 3 9 18 15 20 16 14 19 10 7 6 1 8 13 17 11 4 12 5 
student 220: 1 4 5 19 14 17 20 9 16 8 7 2 3 12 18 15 10 11 13 6 
student 221: 14 2 8 13 12 20 18 3 17 15 4 9 5 1 19 11 10 6 16 7 
student 222: 7 1 9 13 19 18 16 3 10 8 2 6 4 5 14 20 11 17 15 12 
student 223: 3 1 8 17 12 20 15 5 19 10 14 11 2 4 18 13 7 6 16 9 
student 224: 8 4 6 17 14 20 19 3 18 11 10 2 5 1 15 7 13 16 9 12 
student 225: 10 1 15 2 7 19 20 14 16 17 9 6 4 5 18 12 3 8 13 11 
student 226: 7 6 5 15 18 19 13 4 20 9 3 8 2 1 14 16 12 17 11 10 
student 227: 12 1 7 17 19 20 14 5 13 11 3 4 6 2 18 15 10 16 8 9 
student 228: 15 1 6 16 18 11 17 8 19 7 3 10 4 2 12 20 13 5 14 9 
student 229: 4 6 8 13 10 20 17 3 19 11 7 2 1 5 18 12 14 15 16 9 
student 230: 8 3 12 7 17 19 20 14 15 9 2 4 1 5 18 16 11 13 10 6 
student 231: 7 1 9 19 16 11 13 3 17 12 2 6 8 4 20 14 18 10 15 5 
student 232: 6 4 7 14 19 15 9 8 3 20 5 1 13 10 18 2 11 12 17 16 
student 233: 11 7 17 12 18 19 13 9 20 8 3 4 1 2 15 6 10 16 5 14 
student 234: 9 1 12 10 19 20 11 5 15 7 3 6 2 13 16 14 17 18 4 8 
student 235: 2 12 6 16 13 19 18 5 14 9 4 1 3 15 20 17 10 11 8 7 
student 236: 9 4 16 14 20 13 17 3 10 19 6 2 5 8 15 1 12 18 11 7 
student 237: 9 5 1 12 13 15 19 7 20 16 6 3 2 11 17 8 4 10 18 14 
student 238: 6 2 5 18 19 14 8 4 17 16 1 12 3 10 20 13 9 15 11 7 
student 239: 3 1 9 7 14 8 18 5 19 4 11 6 2 10 15 20 12 17 13 16 
student 240: 5 1 7 19 12 20 11 6 17 8 2 4 10 3 14 18 16 9 15 13 
student 241: 11 4 7 20 18 17 16 5 19 9 8 2 1 6 14 10 12 15 13 3 
student 242: 2 3 15 17 14 18 11 4 20 10 8 1 6 13 19 12 9 16 5 7 
student 243: 11 1 18 15 19 2 17 7 10 8 3 9 4 5 20 16 12 13 14 6 
student 244: 6 3 8 17 20 16 18 4 19 14 9 1 2 5 13 11 12 10 15 7 
student 245: 8 1 9 19 12 16 17 10 15 13 6 2 4 7 20 18 3 5 11 14 
student 246: 15 3 12 9 14 18 17 6 20 13 1 10 8 2 19 16 7 11 4 5 
student 247: 5 2 7 16 15 18 13 11 20 8 9 6 1 4 19 10 14 17 12 3 
student 248: 2 9 19 10 20 18 13 3 16 11 4 1 6 5 12 8 15 17 14 7 
student 249: 13 1 5 16 14 19 18 2 15 10 3 7 6 4 17 11 8 9 20 12 
student 250: 14 6 9 15 20 17 12 8 13 10 3 2 19 1 11 7 4 16 5 18 
student 251: 13 6 9 14 18 17 20 1 19 4 2 16 5 10 11 12 15 7 8 3 
student 252: 11 7 6 12 19 18 14 3 20 15 4 10 1 2 17 13 16 5 9 8 
student 253: 10 3 17 20 19 14 13 9 15 4 8 2 5 6 18 12 7 11 16 1 
student 254: 3 1 6 12 20 18 15 9 14 5 16 8 13 2 19 10 4 11 17 7 
student 255: 10 2 4 13 6 18 15 14 11 19 1 8 12 5 17 7 9 3 20 16 
student 256: 13 6 7 12 15 18 17 3 16 5 10 2 9 1 20 8 4 14 19 11 
student 257: 9 2 5 19 15 18 12 7 17 13 1 3 6 4 20 10 8 11 16 14 
student 258: 11 1 7 15 12 20 14 9 6 4 3 13 5 2 19 8 17 18 10 16 
student 259: 6 1 9 11 16 18 14 4 13 10 5 7 2 3 19 20 15 17 12 8 
student 260: 9 2 13 20 19 8 17 3 18 7 12 4 5 6 11 10 16 14 15 1 
student 261: 8 5 10 20 15 1 9 7 17 14 6 4 2 3 19 12 13 18 11 16 
student 262: 10 5 6 11 16 19 14 2 8 7 1 18 3 4 15 9 12 20 17 13 
student 263: 6 2 10 20 18 15 16 4 17 8 5 14 3 1 19 11 12 9 13 7 
student 264: 18 2 12 15 19 17 14 13 20 5 4 3 10 1 16 8 7 9 11 6 
student 265: 6 2 9 10 17 18 15 7 20 16 4 8 3 1 19 13 11 5 14 12 
student 266: 6 4 7 12 20 19 17 1 18 13 3 2 5 9 14 16 8 10 15 11 
student 267: 17 2 8 10 9 20 19 6 11 13 3 4 7 1 15 16 12 14 18 5 
student 268: 6 2 8 16 20 19 14 4 18 11 5 1 3 15 13 7 12 10 17 9 
student 269: 7 5 15 18 10 16 11 8 19 4 6 2 1 3 20 13 9 12 14 17 
student 270: 7 4 9 10 16 19 20 5 17 14 3 6 2 1 13 15 11 12 18 8 
student 271: 9 8 17 7 16 19 13 6 15 12 2 5 1 14 20 3 11 10 18 4 
student 272: 7 4 5 12 18 20 10 11 19 13 3 6 2 9 17 16 14 8 15 1 
student 273: 9 4 7 13 10 18 19 14 20 8 1 6 3 2 16 15 12 11 17 5 
student 274: 5 2 11 16 19 14 13 10 18 6 8 3 7 1 17 15 12 4 9 20 
student 275: 2 6 9 12 19 16 20 7 18 15 3 1 5 4 13 14 10 8 17 11 
student 276: 14 2 12 16 8 15 17 7 20 9 5 4 6 3 19 11 1 13 18 10 
student 277: 11 3 9 18 16 17 7 4 19 10 5 2 6 1 14 13 20 12 15 8 
student 278: 11 1 6 16 15 20 18 7 19 8 5 2 4 3 14 13 12 10 17 9 
student 279: 18 2 7 14 20 17 12 3 15 9 4 16 1 5 19 11 6 8 10 13 
student 280: 1 15 9 16 17 20 14 2 18 7 5 4 8 12 19 11 6 13 10 3 
student 281: 6 2 16 8 18 19 15 9 10 11 5 7 3 4 20 14 17 1 13 12 
student 282: 10 5 12 3 17 20 15 4 18 2 6 9 1 8 19 16 13 7 14 11 
student 283: 5 8 7 20 11 18 13 6 17 10 2 1 3 4 15 16 19 9 14 12 
student 284: 13 6 18 15 17 20 8 2 12 11 4 7 3 1 16 19 9 10 14 5 
student 285: 6 2 5 17 15 19 18 4 20 1 3 8 7 9 16 10 14 11 13 12 
student 286: 4 3 7 20 19 15 11 5 13 16 6 2 17 1 18 10 9 14 12 8 
student 287: 3 1 2 13 14 18 17 7 19 16 11 10 4 5 15 9 12 20 6 8 
student 288: 20 1 10 5 13 19 12 8 14 2 3 7 6 9 17 11 15 16 18 4 
student 289: 11 6 3 15 18 16 12 9 13 5 4 2 17 1 20 10 7 14 19 8 
student 290: 6 2 11 10 19 16 12 3 18 7 15 5 17 1 20 13 8 9 14 4 
student 291: 3 1 19 11 15 16 14 13 20 4 8 6 9 2 17 10 12 7 5 18 
student 292: 15 2 7 13 18 20 12 5 16 8 3 4 1 17 19 10 14 11 6 9 
student 293: 15 3 12 19 16 13 18 6 9 14 11 2 4 1 17 20 5 7 8 10 
student 294: 7 1 5 19 17 14 15 6 18 11 13 3 10 8 20 12 2 16 9 4 
student 295: 11 3 1 14 19 16 12 13 20 8 2 7 4 5 17 18 9 15 10 6 
student 296: 12 5 8 16 10 17 20 3 11 4 2 9 7 1 19 18 15 6 14 13 
student 297: 6 3 4 17 15 19 16 7 20 11 5 2 12 1 10 18 14 9 13 8 
student 298: 10 2 11 19 8 18 14 5 16 20 4 3 9 1 13 12 15 7 17 6 
student 299: 8 1 9 15 12 14 17 3 19 13 5 11 2 4 20 18 7 10 16 6 
student 300: 10 4 2 13 17 18 19 8 16 12 6 3 1 5 20 14 7 11 15 9 
student 301: 7 1 10 19 16 17 12 15 20 11 2 6 5 4 14 3 13 18 8 9 
student 302: 17 13 2 18 19 15 12 9 20 10 1 4 5 16 14 7 6 11 8 3 
student 303: 5 3 10 17 19 14 20 2 18 6 1 11 4 7 8 16 12 15 13 9 
student 304: 5 7 6 19 15 18 16 3 20 10 1 2 11 4 13 14 8 9 17 12 
student 305: 5 3 7 19 15 10 17 9 18 14 4 6 1 2 20 16 11 12 13 8 
student 306: 8 4 9 16 13 19 20 6 18 10 3 5 2 1 17 14 11 12 15 7 
student 307: 7 3 8 19 6 14 20 18 16 9 11 5 1 2 17 15 10 12 13 4 
student 308: 3 6 5 13 8 18 17 1 20 11 4 10 9 2 19 16 15 12 7 14 
student 309: 7 4 14 10 17 20 16 13 19 3 9 5 2 1 18 8 11 15 12 6 
student 310: 5 1 7 14 11 20 19 3 16 9 4 6 2 8 18 17 13 10 15 12 
student 311: 6 17 9 19 16 20 11 5 15 10 2 1 3 4 12 14 13 7 18 8 
student 312: 10 3 12 17 15 20 19 4 18 7 5 8 2 1 11 6 13 14 16 9 
student 313: 4 2 6 17 11 16 15 3 18 19 8 13 1 7 9 20 5 12 10 14 
student 314: 8 4 12 14 20 19 17 2 18 7 6 1 3 5 16 15 9 13 10 11 
student 315: 2 1 5 15 17 20 12 7 16 9 6 4 19 3 13 11 10 18 14 8 
student 316: 8 9 4 20 16 19 14 6 15 11 1 2 3 12 17 10 13 5 18 7 
student 317: 6 3 5 18 17 20 16 8 19 11 1 9 2 7 10 15 4 14 13 12 
student 318: 5 2 16 12 14 20 15 1 18 8 4 3 7 10 19 13 9 11 6 17 
student 319: 8 3 1 17 14 19 18 5 6 12 2 7 11 4 15 13 10 20 9 16 
student 320: 10 1 12 15 13 18 14 3 20 9 4 2 7 6 19 11 16 17 8 5 
student 321: 13 9 14 18 19 12 7 4 20 6 1 11 5 2 17 10 16 15 3 8 
student 322: 8 3 13 16 20 19 15 7 6 14 2 5 1 4 18 9 12 10 11 17 
student 323: 9 1 7 14 10 18 20 8 17 13 2 3 6 4 19 16 12 11 5 15 
student 324: 3 2 5 15 12 18 7 10 20 1 4 16 6 14 19 17 8 13 11 9 
student 325: 16 2 3 12 17 20 8 6 18 10 5 1 4 7 14 13 15 11 19 9 
student 326: 5 1 15 14 12 20 11 7 16 13 3 6 8 10 17 2 19 4 9 18 
student 327: 6 2 8 5 20 19 15 11 16 14 4 12 3 1 13 18 9 17 7 10 
student 328: 11 1 5 12 15 16 18 9 20 19 6 7 2 3 10 8 13 4 14 17 
student 329: 9 2 14 20 19 12 16 3 7 13 4 8 17 1 15 10 6 11 18 5 
student 330: 12 2 11 7 19 17 13 9 18 10 8 3 1 5 15 4 16 14 6 20 
student 331: 4 2 8 13 16 20 14 6 17 15 5 1 9 3 19 18 10 11 12 7 
student 332: 7 3 8 20 13 18 11 6 17 4 9 1 2 10 14 19 16 15 12 5 
student 333: 6 3 13 7 20 14 19 4 15 9 5 2 8 11 17 18 10 16 12 1 
student 334: 2 1 13 20 15 19 12 8 14 3 10 7 5 4 18 11 17 9 6 16 
student 335: 16 2 14 17 9 15 13 11 19 1 5 8 3 4 20 18 7 12 10 6 
student 336: 2 1 6 14 18 20 12 13 16 15 7 10 8 5 19 9 4 17 11 3 
student 337: 5 10 8 7 17 18 3 2 16 12 6 11 1 4 19 20 14 13 15 9 
student 338: 7 1 5 20 9 19 15 8 17 13 12 10 4 3 16 18 14 11 6 2 
student 339: 12 6 13 9 14 19 5 1 16 10 2 3 4 7 20 18 17 15 8 11 
student 340: 10 5 9 20 17 19 11 4 15 7 1 3 13 2 18 6 12 14 8 16 
student 341: 3 2 8 14 19 12 17 6 16 13 9 4 1 5 20 7 11 18 15 10 
student 342: 5 9 3 12 19 16 17 11 20 7 2 4 8 1 15 10 13 14 18 6 
student 343: 7 1 10 5 20 17 12 4 18 14 11 8 2 3 19 13 16 6 9 15 
student 344: 1 3 12 10 18 19 9 7 17 16 4 8 2 6 14 11 5 15 20 13 
student 345: 5 2 3 9 17 16 19 18 15 11 7 10 1 6 20 12 13 8 14 4 
student 346: 6 2 11 18 16 20 9 17 19 5 4 1 12 3 10 15 13 7 14 8 
student 347: 2 3 10 18 14 20 16 6 15 9 5 8 4 7 13 1 17 12 19 11 
student 348: 3 1 10 11 17 18 16 9 20 6 4 5 2 7 15 14 12 8 19 13 
student 349: 14 1 11 17 18 7 20 10 12 19 3 8 9 2 13 5 4 6 16 15 
student 350: 8 4 10 17 14 16 15 5 19 11 6 3 2 1 18 13 12 20 9 7 
student 351: 15 5 6 12 20 16 18 7 17 11 3 19 1 2 8 13 14 4 10 9 
student 352: 18 4 6 14 2 16 9 13 20 15 11 5 1 3 17 19 8 12 10 7 
student 353: 15 9 6 3 16 20 14 1 18 8 2 12 7 5 17 13 10 11 19 4 
student 354: 12 3 14 18 15 20 17 9 16 4 10 2 1 8 19 6 11 5 7 13 
student 355: 8 2 4 20 19 16 11 7 13 18 6 10 1 5 14 15 9 17 12 3 
student 356: 8 1 10 11 18 20 16 5 19 15 6 7 2 4 17 14 3 12 9 13 
student 357: 3 5 2 10 20 16 18 6 19 8 4 9 7 1 14 12 15 13 17 11 
student 358: 9 16 8 18 20 19 17 4 13 6 5 1 3 2 11 12 10 7 15 14 
student 359: 10 1 14 7 17 19 12 5 15 8 4 13 2 3 20 9 6 16 11 18 
student 360: 7 9 6 17 5 15 13 4 20 10 2 3 1 8 19 18 11 16 14 12 
student 361: 3 1 14 13 12 18 19 4 20 11 10 5 6 2 17 8 7 9 15 16 
student 362: 13 9 8 12 18 19 2 3 15 10 5 11 4 1 20 7 14 17 16 6 
student 363: 6 5 10 13 15 20 14 4 19 9 3 2 8 7 16 11 12 17 18 1 
student 364: 6 3 8 15 12 18 17 9 14 2 5 4 1 16 19 11 20 10 13 7 
student 365: 9 4 10 17 18 20 16 3 15 6 8 11 2 5 13 12 19 1 14 7 
student 366: 3 1 9 14 16 15 11 12 20 6 5 8 2 4 19 18 17 7 13 10 
student 367: 9 2 11 12 7 17 19 3 18 15 6 4 10 1 20 16 5 13 8 14 
student 368: 4 7 8 18 13 6 14 9 19 10 2 5 1 3 20 17 11 12 15 16 
student 369: 11 4 8 16 18 19 14 10 17 7 3 9 2 1 20 15 5 12 13 6 
student 370: 9 11 5 15 19 16 18 4 14 12 2 1 3 8 17 20 6 7 13 10 
student 371: 12 2 5 19 18 13 6 4 11 7 1 8 14 9 20 15 10 17 16 3 
student 372: 14 2 6 20 16 19 7 1 18 15 3 10 8 9 17 12 5 4 13 11 
student 373: 9 3 16 18 14 13 19 6 11 17 1 5 4 7 15 12 20 8 10 2 
student 374: 2 10 3 13 20 19 15 1 17 9 11 6 5 4 8 16 14 12 18 7 
student 375: 7 5 15 9 17 20 19 2 18 14 6 11 3 10 13 16 12 4 1 8 
student 376: 8 9 6 17 7 20 18 2 14 11 12 4 3 1 13 19 10 16 15 5 
student 377: 6 1 5 9 16 11 19 15 18 12 10 4 3 7 17 13 8 20 14 2 
student 378: 4 3 7 13 16 19 14 9 20 8 1 10 5 2 18 17 6 11 12 15 
student 379: 6 1 3 16 18 15 19 11 20 8 4 5 2 7 12 9 17 14 10 13 
student 380: 3 12 2 15 16 20 17 10 19 11 8 4 7 1 18 13 6 14 9 5 
student 381: 4 1 9 10 17 19 14 2 20 15 3 8 5 12 16 13 7 11 18 6 
student 382: 1 3 13 11 18 17 12 7 16 10 4 6 2 5 14 19 20 15 9 8 
student 383: 7 8 1 16 18 20 14 5 19 12 4 6 17 2 15 9 11 10 13 3 
student 384: 13 4 8 7 17 19 18 5 20 2 11 1 3 9 10 14 15 16 12 6 
student 385: 3 9 19 1 16 20 15 2 18 13 6 8 4 5 17 12 11 10 14 7 
student 386: 2 3 13 14 18 20 17 5 19 6 10 4 7 8 12 16 9 11 15 1 
student 387: 10 3 6 16 11 15 18 8 13 14 5 4 19 1 20 7 2 17 12 9 
student 388: 8 7 3 20 15 19 14 5 9 13 6 4 10 2 17 12 18 11 16 1 
student 389: 9 5 12 20 19 13 10 8 18 11 15 3 1 2 14 4 6 7 17 16 
student 390: 11 9 12 15 18 20 14 6 17 8 4 7 3 5 16 19 1 2 13 10 
student 391: 6 2 1 16 19 15 20 10 14 8 5 7 3 4 17 18 12 9 11 13 
student 392: 6 3 8 17 11 19 13 9 20 5 12 4 7 2 18 16 10 14 15 1 
student 393: 7 3 9 20 18 17 11 6 19 14 5 1 4 2 16 10 13 15 8 12 
student 394: 6 1 5 16 8 18 19 2 17 13 9 4 10 3 20 11 7 15 14 12 
student 395: 12 3 6 11 16 20 17 7 18 10 4 5 1 2 19 13 15 14 9 8 
student 396: 8 7 1 18 17 20 15 16 14 9 2 12 5 6 19 13 4 10 3 11 
student 397: 5 1 14 16 15 19 10 4 13 9 3 6 8 2 17 12 7 20 18 11 
student 398: 10 5 1 7 19 18 11 9 20 14 8 6 2 3 13 15 12 16 4 17 
student 399: 11 2 6 14 20 17 16 3 18 10 5 8 7 1 4 19 13 12 15 9 
student 400: 9 4 11 18 6 19 14 2 17 12 8 5 3 1 20 15 13 7 16 10 
student 401: 18 2 4 14 13 17 16 7 19 12 1 9 6 5 20 11 15 10 3 8 
student 402: 17 1 10 20 19 18 16 3 13 6 7 4 2 5 14 9 8 15 11 12 
student 403: 6 1 12 18 17 15 19 4 20 13 3 7 2 5 14 11 9 10 16 8 
student 404: 9 2 3 8 19 18 20 10 17 14 4 7 5 1 13 15 16 12 6 11 
student 405: 8 2 11 14 17 19 20 3 18 9 4 7 1 6 16 15 10 12 13 5 
student 406: 8 1 11 10 15 20 14 4 17 6 7 3 2 5 16 13 19 9 12 18 
student 407: 13 3 11 17 15 18 19 4 7 14 5 1 10 2 20 12 9 6 16 8 
student 408: 4 3 5 14 15 18 17 2 19 6 1 8 16 10 20 12 7 9 13 11 
student 409: 5 6 10 11 15 19 13 3 16 8 1 4 9 12 20 14 2 17 18 7 
student 410: 6 3 10 20 16 18 15 4 17 5 2 8 1 9 13 11 12 19 7 14 
student 411: 10 5 4 18 9 12 20 3 15 11 8 7 1 2 19 14 16 6 17 13 
student 412: 7 6 8 5 17 18 16 2 19 15 4 9 1 14 20 13 3 12 11 10 
student 413: 8 5 13 17 20 18 14 3 12 10 1 2 7 9 19 16 4 15 11 6 
student 414: 19 3 9 13 16 18 10 6 20 15 4 7 11 1 17 2 14 8 5 12 
student 415: 9 4 8 15 20 17 13 7 16 19 10 12 1 2 18 11 3 6 14 5 
student 416: 14 1 8 19 18 9 7 4 15 5 12 13 3 2 20 17 6 16 10 11 
student 417: 10 1 11 15 16 20 18 4 19 9 3 8 2 6 17 14 12 13 7 5 
student 418: 11 2 8 13 18 15 17 6 4 10 1 9 19 3 20 5 7 12 16 14 
student 419: 7 1 2 15 17 16 13 9 18 11 6 8 5 3 10 20 19 12 4 14 
student 420: 9 2 17 13 15 20 19 8 14 7 5 1 11 10 18 3 4 12 16 6 
student 421: 13 4 2 7 12 16 14 15 19 8 5 10 1 3 20 17 18 9 11 6 
student 422: 2 8 13 20 9 19 16 10 15 7 1 14 17 4 18 11 12 5 6 3 
student 423: 8 1 16 2 17 20 6 3 18 12 13 7 10 4 15 11 19 14 5 9 
student 424: 3 5 16 17 19 18 14 2 20 9 4 6 12 8 7 15 1 11 10 13 
student 425: 1 2 10 12 11 20 18 5 17 3 6 8 9 4 19 16 15 7 13 14 
student 426: 4 3 7 11 20 18 14 8 19 2 5 13 10 1 17 6 16 12 15 9 
student 427: 3 6 7 5 20 19 11 12 18 10 4 8 1 2 16 15 13 17 14 9 
student 428: 5 7 12 4 14 16 19 3 20 9 1 6 8 2 18 11 15 13 17 10 
student 429: 2 7 19 14 5 17 16 9 18 13 4 8 6 1 15 12 3 11 20 10 
student 430: 9 5 17 15 13 19 16 7 20 6 2 4 1 11 18 14 8 12 10 3 
student 431: 4 2 6 19 20 17 9 14 13 10 7 16 1 3 18 5 12 15 8 11 
student 432: 17 4 7 8 14 15 11 2 16 12 3 1 6 9 19 10 5 20 18 13 
student 433: 12 7 4 17 15 19 18 3 20 6 2 5 1 13 16 9 8 14 10 11 
student 434: 5 6 8 13 18 16 17 7 20 9 2 4 1 3 19 14 15 11 10 12 
student 435: 11 1 6 10 12 18 13 20 19 5 2 7 3 8 14 17 16 9 15 4 
student 436: 9 2 10 14 18 20 15 6 17 12 3 16 1 5 19 13 4 7 8 11 
student 437: 8 1 9 12 16 17 13 6 15 14 4 5 2 3 19 10 7 20 11 18 
student 438: 10 2 12 19 20 11 15 3 17 7 4 1 5 8 18 14 6 13 16 9 
student 439: 10 5 6 13 7 17 16 15 19 20 3 4 2 1 18 9 11 8 14 12 
student 440: 3 4 7 15 18 17 19 6 10 8 2 11 1 5 20 16 13 12 14 9 
student 441: 4 1 7 18 14 19 13 5 16 11 2 6 3 8 20 15 10 12 17 9 
student 442: 5 3 7 16 17 20 10 11 19 15 8 4 1 2 18 12 6 9 14 13 
student 443: 9 4 15 19 17 18 12 1 20 6 11 3 5 13 2 14 7 16 8 10 
student 444: 16 5 1 13 15 18 19 3 14 6 9 7 12 4 20 11 8 10 17 2 
student 445: 1 4 11 2 12 20 19 5 14 9 8 3 6 10 17 16 13 18 15 7 
student 446: 7 5 6 17 11 16 15 18 20 9 3 1 4 2 19 8 13 14 12 10 
student 447: 3 8 9 11 17 20 18 7 19 14 2 13 1 4 12 6 5 15 10 16 
student 448: 6 8 7 15 19 18 17 5 9 14 13 4 3 1 20 12 10 16 11 2 
student 449: 10 1 12 19 20 17 16 2 15 14 3 4 8 5 13 18 6 11 7 9 
student 450: 11 3 8 15 18 17 14 13 10 5 6 2 4 1 20 16 19 7 9 12 
student 451: 13 15 9 18 3 20 16 6 19 12 4 8 1 2 17 11 14 5 7 10 
student 452: 4 2 1 17 19 18 20 9 11 3 5 8 15 7 16 6 12 10 13 14 
student 453: 7 10 12 17 15 16 14 11 18 9 2 5 3 1 20 19 4 13 8 6 
student 454: 13 1 4 6 14 19 11 7 17 5 20 8 16 2 12 10 3 15 18 9 
student 455: 6 1 10 3 17 15 11 4 19 18 2 7 5 8 9 14 12 16 20 13 
student 456: 8 1 4 19 12 20 13 5 18 7 11 14 2 3 16 10 17 15 9 6 
student 457: 5 8 9 15 10 18 16 6 14 7 2 3 1 4 19 20 13 17 11 12 
student 458: 2 1 3 18 19 16 15 6 20 10 7 8 4 5 17 12 9 14 11 13 
student 459: 7 4 3 17 10 19 18 2 12 8 9 6 1 5 20 14 11 13 16 15 
student 460: 14 4 15 7 8 20 16 10 19 3 6 2 5 1 12 11 13 9 18 17 
student 461: 1 12 13 8 18 16 5 6 20 11 3 10 9 4 17 19 7 14 15 2 
student 462: 4 2 10 18 20 15 5 17 19 7 14 11 3 1 13 9 8 12 6 16 
student 463: 7 2 11 16 18 20 15 5 17 1 6 8 3 4 10 13 19 9 14 12 
student 464: 6 14 7 18 12 11 2 8 19 10 3 4 1 5 20 16 17 15 13 9 
student 465: 3 4 1 14 2 12 19 9 20 13 8 5 6 7 18 15 11 16 17 10 
student 466: 5 2 11 14 15 17 7 13 19 9 3 8 10 1 16 20 4 12 6 18 
student 467: 4 3 7 17 9 12 15 18 20 14 13 1 16 2 8 19 6 10 11 5 
student 468: 16 1 5 12 17 19 15 8 18 13 3 7 2 4 10 20 6 11 14 9 
student 469: 4 1 12 18 19 10 20 17 15 8 11 6 5 3 16 7 2 9 14 13 
student 470: 5 1 10 17 18 20 19 8 16 3 4 7 14 2 15 9 11 13 12 6 
student 471: 15 4 8 20 12 19 18 6 17 10 2 5 7 1 14 13 11 16 9 3 
student 472: 10 2 5 17 16 12 8 3 20 9 7 6 4 1 19 18 14 15 13 11 
student 473: 18 1 10 17 16 19 14 3 15 13 4 2 5 9 12 20 6 7 11 8 
student 474: 2 1 6 17 11 19 18 5 20 15 7 3 4 9 13 12 14 16 8 10 
student 475: 6 2 7 8 15 16 17 13 12 5 1 11 10 4 19 20 3 9 18 14 
student 476: 3 6 8 5 19 20 16 13 17 1 2 9 12 4 14 18 10 11 15 7 
student 477: 6 4 11 14 17 20 18 5 12 16 7 9 1 3 15 19 13 8 2 10 
student 478: 5 2 7 10 11 18 13 3 12 14 1 4 16 6 15 8 9 17 20 19 
student 479: 8 1 4 14 9 18 7 3 19 5 12 6 11 2 17 20 13 15 16 10 
student 480: 10 3 6 16 19 9 8 13 20 5 7 1 4 2 14 17 11 12 18 15 
student 481: 10 2 7 5 16 15 20 8 18 4 6 11 14 3 9 19 13 17 1 12 
student 482: 7 2 8 19 20 18 10 3 16 17 4 13 1 6 15 9 12 14 5 11 
student 483: 11 2 5 19 8 12 9 1 13 18 3 16 10 6 20 14 17 7 15 4 
student 484: 17 2 4 15 19 20 7 12 18 8 1 3 9 6 16 14 10 13 5 11 
student 485: 9 2 8 15 10 20 17 7 11 16 4 5 1 3 19 18 13 12 14 6 
student 486: 2 3 8 19 11 18 13 5 9 10 4 6 12 1 20 16 14 15 17 7 
student 487: 3 7 14 16 11 20 6 5 19 2 9 12 15 1 17 10 13 8 18 4 
student 488: 5 3 10 11 18 19 16 13 20 12 4 1 9 6 17 14 8 7 15 2 
student 489: 3 1 11 12 9 19 17 8 15 10 4 6 2 5 18 20 13 7 14 16 
student 490: 10 1 6 16 20 13 17 2 18 9 8 3 7 5 19 11 15 14 12 4 
student 491: 6 11 8 15 19 17 16 10 18 4 2 3 7 1 20 14 12 13 9 5 
student 492: 9 12 5 11 20 18 19 4 15 10 3 1 6 2 17 13 7 8 16 14 
student 493: 6 11 15 12 18 20 8 10 13 14 3 9 5 1 19 4 7 17 16 2 
student 494: 8 3 1 15 18 20 14 7 16 12 4 6 5 2 17 10 11 9 13 19 
student 495: 4 1 9 19 18 14 20 10 12 16 7 6 8 5 13 15 17 3 11 2 
student 496: 12 1 3 16 19 20 17 7 18 4 5 2 11 6 13 8 10 15 9 14 
student 497: 15 1 8 14 17 18 20 6 19 2 3 9 4 5 16 11 10 7 12 13 
student 498: 6 5 7 17 15 20 13 8 19 9 3 1 2 4 14 18 11 16 12 10 
student 499: 4 6 9 5 10 14 18 2 20 15 19 1 3 13 17 16 8 7 12 11 
student 500: 11 6 13 5 16 18 20 1 10 9 2 4 3 8 14 19 12 15 17 7 
student 501: 7 2 14 16 19 20 15 4 17 9 6 10 13 5 18 12 8 3 11 1 
student 502: 6 3 9 7 20 18 15 12 19 8 5 2 1 4 11 10 13 16 17 14 
student 503: 8 4 9 16 13 17 2 5 11 14 7 1 6 3 19 18 12 10 15 20 
student 504: 2 4 5 18 19 15 17 3 16 12 9 6 7 8 20 14 13 10 11 1 
student 505: 8 2 3 17 13 19 16 1 20 7 6 10 9 4 14 11 5 15 18 12 
student 506: 9 6 8 17 19 16 11 7 20 15 2 3 4 5 13 14 18 12 1 10 
student 507: 10 5 3 16 7 19 20 9 17 4 8 1 2 6 18 14 15 12 13 11 
student 508: 5 6 12 16 19 20 13 4 18 14 1 9 2 3 8 15 10 17 11 7 
student 509: 3 1 11 12 14 20 17 13 16 9 7 6 5 2 19 10 18 15 4 8 
student 510: 5 4 7 14 11 18 13 6 15 20 10 3 2 1 17 9 8 19 16 12 
student 511: 3 16 7 5 18 10 13 12 20 14 8 1 2 4 17 15 19 11 6 9 
student 512: 9 5 3 19 10 20 16 11 14 15 1 8 2 6 18 4 7 13 17 12 
student 513: 5 2 6 16 19 20 17 11 15 10 3 8 9 1 18 4 12 14 7 13 
student 514: 17 7 4 14 19 8 18 1 15 5 3 10 6 2 20 16 12 13 11 9 
student 515: 5 1 8 20 19 18 16 9 10 11 3 6 4 2 15 13 12 17 14 7 
student 516: 17 1 3 8 6 19 9 2 20 12 10 5 4 7 18 16 13 15 14 11 
student 517: 4 1 8 14 16 18 19 11 20 9 3 5 2 6 17 15 10 13 12 7 
student 518: 6 1 5 7 15 19 13 4 17 14 16 8 2 3 18 20 10 11 12 9 
student 519: 8 5 2 13 15 17 10 6 19 12 3 1 7 9 20 14 11 18 16 4 
student 520: 4 14 5 10 18 19 17 11 16 6 9 1 2 3 20 8 12 13 15 7 
student 521: 15 4 12 11 14 18 16 5 19 9 2 3 6 8 20 10 1 7 13 17 
student 522: 7 2 11 9 13 18 16 8 15 5 10 3 6 1 19 12 17 4 14 20 
student 523: 13 7 10 14 18 17 4 6 19 1 9 5 3 2 20 16 12 15 11 8 
student 524: 9 4 11 12 15 17 18 3 20 10 2 6 1 8 14 19 13 7 16 5 
student 525: 4 1 3 19 15 20 14 2 16 13 10 11 5 7 17 18 12 9 6 8 
student 526: 9 2 5 18 19 20 14 4 17 12 8 3 6 1 16 11 13 10 15 7 
student 527: 18 10 8 3 15 20 9 11 13 2 1 12 5 6 17 19 4 14 16 7 
student 528: 2 5 7 17 16 19 18 11 20 8 4 6 3 1 13 15 12 14 9 10 
student 529: 8 1 7 15 11 20 13 6 16 9 3 4 5 2 18 14 10 17 12 19 
student 530: 5 2 15 7 6 18 14 3 17 12 9 13 8 4 20 19 10 1 16 11 
student 531: 5 1 12 20 18 19 17 6 15 11 8 13 2 3 16 10 4 14 7 9 
student 532: 20 3 6 19 12 18 13 7 14 5 16 9 1 2 17 11 15 4 8 10 
student 533: 11 10 6 17 15 16 19 4 3 8 1 9 5 12 20 18 14 2 7 13 
student 534: 4 3 9 17 18 20 12 11 19 8 6 1 7 2 16 10 5 15 14 13 
student 535: 10 1 9 17 12 18 14 4 20 8 3 11 2 7 15 16 5 13 19 6 
student 536: 3 9 2 16 17 18 14 12 19 13 8 1 4 10 20 15 11 5 7 6 
student 537: 3 1 15 10 20 19 17 6 16 8 7 2 5 4 14 18 12 11 13 9 
student 538: 11 4 15 19 16 20 9 2 17 8 5 7 1 3 13 14 12 10 6 18 
student 539: 4 5 15 17 13 20 14 8 16 7 10 2 1 6 11 19 18 12 9 3 
student 540: 3 9 13 15 11 18 16 12 17 10 1 5 7 2 19 20 8 14 6 4 
student 541: 2 7 11 14 19 16 18 4 20 8 6 12 1 10 17 15 9 13 5 3 
student 542: 18 1 6 16 14 11 19 4 15 5 10 2 3 13 8 20 12 17 9 7 
student 543: 14 2 7 9 20 18 11 6 13 12 1 4 3 5 19 17 8 16 10 15 
student 544: 5 2 9 15 11 12 19 7 18 17 6 1 3 8 16 13 20 14 4 10 
student 545: 6 3 8 10 16 19 18 4 20 12 5 2 1 7 17 14 11 13 15 9 
student 546: 5 3 14 8 11 19 10 4 20 7 17 1 2 6 16 15 12 18 13 9 
student 547: 15 5 10 8 17 18 13 3 20 6 12 11 1 2 19 16 9 14 7 4 
student 548: 14 8 11 13 18 19 17 9 20 12 7 1 5 2 15 6 10 16 4 3 
student 549: 7 4 8 16 15 19 18 3 20 1 6 9 2 5 17 11 12 10 14 13 
student 550: 1 3 14 8 9 20 15 4 18 5 2 11 16 6 19 10 7 13 12 17 
student 551: 9 3 6 5 20 15 7 2 19 17 8 11 1 4 18 14 10 16 13 12 
student 552: 4 3 8 13 17 14 18 9 19 11 2 16 1 5 20 10 12 6 7 15 
student 553: 3 5 16 8 17 18 15 10 19 12 9 11 6 1 7 20 2 14 13 4 
student 554: 15 3 7 13 17 10 19 5 20 12 2 4 1 6 16 9 8 14 18 11 
student 555: 9 1 7 15 20 18 5 3 19 17 4 10 8 6 14 13 11 16 2 12 
student 556: 7 1 8 16 17 19 12 3 18 11 2 6 5 13 20 9 4 15 10 14 
student 557: 2 9 8 7 12 20 19 6 14 11 4 13 1 17 15 5 16 18 3 10 
student 558: 6 4 10 15 18 19 14 7 17 11 5 8 3 2 9 16 13 20 12 1 
student 559: 18 5 4 20 2 14 9 10 16 15 8 3 1 6 17 11 12 13 19 7 
student 560: 2 1 4 19 5 18 14 11 15 12 3 10 9 8 17 20 13 16 6 7 
student 561: 4 3 7 13 18 6 10 12 20 11 8 9 2 1 19 15 17 5 14 16 
student 562: 5 1 6 13 14 16 17 7 20 9 10 3 4 2 18 15 12 11 19 8 
student 563: 4 2 11 16 18 14 20 8 19 15 7 3 1 5 17 12 9 10 6 13 
student 564: 17 3 9 12 19 10 16 5 20 15 2 6 1 8 14 18 13 11 4 7 
student 565: 4 1 10 12 15 19 3 5 18 9 2 11 6 8 17 13 20 16 14 7 
student 566: 9 3 10 19 18 16 20 4 17 8 5 2 7 1 6 12 11 13 15 14 
student 567: 7 4 10 9 17 18 8 5 19 14 2 11 3 1 20 16 15 12 13 6 
student 568: 6 3 4 11 13 18 17 10 19 12 7 5 1 2 16 9 15 20 14 8 
student 569: 6 7 4 20 17 18 11 15 19 3 2 12 5 1 13 8 16 10 9 14 
student 570: 18 1 19 13 3 15 12 11 16 5 8 14 2 4 20 17 7 6 10 9 
student 571: 6 1 7 18 12 19 10 8 16 11 4 5 2 3 20 14 9 17 13 15 
student 572: 6 1 2 4 8 20 12 18 13 16 11 7 5 10 9 15 19 17 14 3 
student 573: 6 1 9 12 18 19 10 5 13 14 3 2 7 4 11 20 16 8 17 15 
student 574: 10 2 6 14 18 17 15 3 16 9 1 4 13 5 20 19 7 12 11 8 
student 575: 1 2 10 13 12 18 17 8 19 11 6 5 7 3 16 20 14 15 4 9 
student 576: 8 7 9 14 15 20 16 18 13 4 6 5 2 1 19 12 11 3 17 10 
student 577: 11 2 20 10 18 19 14 4 12 8 5 9 3 1 16 13 15 17 6 7 
student 578: 3 5 11 14 17 19 9 2 18 20 7 1 4 10 16 13 12 8 6 15 
student 579: 4 14 3 19 17 20 16 2 18 13 11 8 5 6 10 12 15 9 1 7 
student 580: 10 1 6 13 17 20 15 8 16 19 5 2 4 11 18 9 3 7 14 12 
student 581: 6 9 14 15 16 18 17 19 10 7 3 5 2 1 13 8 20 12 11 4 
student 582: 6 3 11 12 15 16 17 1 8 13 7 2 4 5 20 14 18 19 10 9 
student 583: 15 5 12 3 18 14 13 10 17 2 1 7 4 9 20 6 16 19 8 11 
student 584: 12 1 7 10 17 15 11 14 20 13 5 3 2 8 16 4 19 9 18 6 
student 585: 5 1 14 17 20 15 11 3 19 9 10 2 7 6 18 16 12 13 8 4 
student 586: 7 4 8 13 20 19 16 17 18 11 3 10 5 1 15 14 2 6 12 9 
student 587: 4 7 6 16 9 14 20 3 18 11 13 12 2 1 19 10 15 8 17 5 
student 588: 17 1 7 10 20 18 15 14 16 9 11 3 2 12 5 8 19 13 4 6 
student 589: 4 5 1 15 18 13 19 7 17 10 2 3 9 8 20 11 6 16 12 14 
student 590: 19 3 5 9 17 20 14 18 16 13 4 11 2 7 15 12 6 10 8 1 
student 591: 9 1 11 16 19 18 10 2 20 15 5 8 4 7 14 6 3 17 13 12 
student 592: 7 1 8 12 11 16 20 10 19 14 3 2 4 9 18 13 15 17 6 5 
student 593: 7 1 12 16 10 18 20 8 14 15 3 4 2 5 19 17 9 11 13 6 
student 594: 9 1 7 5 15 13 16 6 8 10 18 2 3 4 20 14 11 17 12 19 
student 595: 5 1 3 11 14 20 12 6 17 19 9 2 4 16 18 7 8 13 15 10 
student 596: 7 1 8 13 20 16 15 6 18 12 3 4 5 2 19 10 14 17 9 11 
student 597: 6 4 11 17 19 20 16 8 7 9 3 2 1 5 18 10 15 12 14 13 
student 598: 5 8 2 17 12 20 11 6 18 7 3 15 4 1 19 14 9 16 13 10 
student 599: 1 2 8 19 20 16 14 15 17 11 10 3 5 4 18 9 6 13 12 7 
student 600: 10 6 5 18 15 20 19 1 14 8 3 2 4 9 17 7 16 12 11 13 
student 601: 6 8 13 15 19 20 17 5 16 1 2 7 10 3 14 18 9 11 12 4 
student 602: 2 17 6 13 14 20 12 5 18 11 10 9 7 3 19 16 15 1 4 8 
student 603: 7 1 16 19 13 18 15 6 20 10 8 3 2 4 17 14 9 12 11 5 
student 604: 16 7 2 13 19 17 15 6 18 12 1 4 8 5 20 9 11 3 14 10 
student 605: 10 5 13 12 15 20 17 9 19 4 2 6 8 1 16 7 14 3 18 11 
student 606: 8 3 2 14 13 20 15 5 18 4 1 12 11 10 17 7 19 16 9 6 
student 607: 5 1 4 18 11 19 14 2 17 13 3 6 7 12 20 10 15 9 8 16 
student 608: 10 7 2 14 19 18 16 6 20 11 13 3 1 5 15 17 4 9 12 8 
student 609: 15 17 18 6 9 19 14 10 20 2 4 8 3 1 16 12 7 5 13 11 
student 610: 2 13 4 10 17 20 18 8 16 5 3 1 6 7 19 9 14 11 15 12 
student 611: 2 1 5 20 12 19 14 3 16 4 6 18 15 9 17 13 8 11 7 10 
student 612: 4 3 8 19 18 11 13 7 20 2 12 5 1 15 14 10 16 9 17 6 
student 613: 7 2 6 17 18 19 10 11 15 8 5 13 3 1 20 14 12 16 4 9 
student 614: 19 1 3 6 18 17 12 5 20 8 4 2 10 15 13 14 11 16 9 7 
student 615: 8 3 11 14 19 20 15 10 17 16 1 5 2 6 13 18 9 4 12 7 
student 616: 7 9 10 14 15 18 20 8 17 5 1 2 6 3 19 12 13 4 16 11 
student 617: 3 1 8 16 17 20 12 11 18 14 6 2 4 5 19 10 13 9 15 7 
student 618: 12 2 5 15 19 16 20 1 18 10 3 4 6 8 7 17 11 14 9 13 
student 619: 6 9 11 14 19 15 10 4 13 12 17 5 1 2 20 7 16 18 8 3 
student 620: 9 1 14 16 12 19 17 5 18 7 2 6 8 3 20 11 13 15 10 4 
student 621: 8 2 6 18 17 19 15 11 14 5 3 7 1 4 20 13 16 12 9 10 
student 622: 14 1 13 15 9 20 18 5 19 4 11 7 3 2 17 12 8 6 10 16 
student 623: 15 2 10 9 14 16 8 7 17 4 6 13 1 3 20 19 18 12 11 5 
student 624: 3 2 6 13 16 18 14 7 20 17 5 9 1 8 15 12 19 11 4 10 
student 625: 6 1 9 15 19 14 16 5 18 12 7 4 2 3 17 11 8 20 13 10 
student 626: 5 3 12 10 16 19 17 13 18 2 1 8 4 6 20 14 7 11 9 15 
student 627: 7 6 10 16 20 17 18 4 14 8 1 5 2 3 13 15 9 12 19 11 
student 628: 4 2 5 17 9 18 19 3 20 14 1 11 7 10 15 16 6 12 13 8 
student 629: 2 4 7 12 17 18 20 3 19 6 5 10 1 8 15 16 9 14 11 13 
student 630: 14 11 6 15 4 18 19 1 12 7 3 5 9 2 16 8 13 17 20 10 
student 631: 5 9 2 19 20 15 12 1 17 16 4 7 6 3 13 8 14 11 18 10 
student 632: 3 7 10 1 15 17 19 11 20 8 2 4 6 9 16 18 12 13 14 5 
student 633: 8 4 20 14 18 15 13 11 16 9 2 5 1 3 19 12 6 7 17 10 
student 634: 10 1 18 7 17 14 16 2 20 8 5 6 11 4 13 9 15 3 19 12 
student 635: 8 6 9 13 17 15 16 19 20 11 4 7 3 10 18 12 5 2 14 1 
student 636: 7 2 11 15 19 18 13 10 20 17 1 6 4 5 16 14 3 8 12 9 
student 637: 7 2 18 8 17 20 10 4 19 9 1 16 3 5 14 11 13 6 15 12 
student 638: 1 8 5 12 19 18 15 6 20 9 4 2 3 7 16 14 13 10 17 11 
student 639: 4 1 12 11 16 17 13 5 20 19 3 6 2 10 18 9 14 8 15 7 
student 640: 2 1 13 12 17 18 15 8 16 3 6 11 7 4 20 10 9 14 19 5 
student 641: 10 1 12 11 15 19 20 8 18 3 4 2 5 6 13 7 16 17 14 9 
student 642: 15 1 11 5 13 20 18 9 6 19 3 2 10 7 14 17 4 8 12 16 
student 643: 2 8 11 17 7 20 15 5 18 1 14 3 9 4 13 19 16 6 10 12 
student 644: 9 16 15 18 10 19 5 8 17 3 4 13 1 2 12 20 11 14 6 7 
student 645: 8 1 12 17 11 20 10 4 18 6 2 5 3 13 19 14 9 15 16 7 
student 646: 7 2 4 20 19 17 3 8 13 9 12 6 1 5 16 18 11 15 14 10 
student 647: 5 8 7 18 9 20 15 12 14 13 1 11 3 2 19 17 10 16 6 4 
student 648: 4 2 11 17 18 20 7 10 13 12 1 6 5 9 14 19 16 15 3 8 
student 649: 6 2 5 9 19 20 13 11 18 15 3 8 1 4 14 17 10 12 16 7 
student 650: 6 2 7 10 12 18 19 1 15 9 11 3 4 5 17 16 8 13 14 20 
student 651: 8 4 3 16 9 20 14 5 19 18 1 6 12 7 17 13 11 10 2 15 
student 652: 4 1 12 18 16 17 15 8 19 13 3 7 2 6 20 10 5 14 11 9 
student 653: 14 5 9 1 15 19 17 3 16 13 8 11 12 2 20 10 4 6 18 7 
student 654: 4 1 13 14 11 17 18 2 19 12 3 9 6 5 20 10 8 7 15 16 
student 655: 2 8 13 19 17 18 11 12 20 6 16 3 1 9 15 14 7 10 5 4 
student 656: 6 1 8 11 15 19 18 3 17 10 4 2 9 7 16 20 13 14 5 12 
student 657: 14 3 7 9 20 17 15 13 10 11 4 5 1 2 8 19 6 16 18 12 
student 658: 10 11 14 15 18 20 9 16 17 3 2 4 6 1 13 5 12 8 19 7 
student 659: 8 5 6 18 16 19 13 10 15 11 4 2 1 7 20 14 3 17 12 9 
student 660: 8 3 14 9 20 18 13 6 19 7 1 5 2 10 15 12 4 11 16 17 
student 661: 11 10 12 17 19 6 13 2 15 7 5 8 3 1 16 18 9 20 14 4 
student 662: 11 6 4 18 17 10 16 8 20 5 19 9 1 2 15 14 3 13 12 7 
student 663: 8 1 5 16 14 18 12 6 20 17 3 11 2 13 15 9 4 19 10 7 
student 664: 14 2 11 17 15 20 13 3 18 7 1 6 5 12 16 9 8 19 10 4 
student 665: 6 5 8 18 20 19 11 12 16 3 1 2 4 7 13 10 15 9 17 14 
student 666: 6 2 18 15 20 10 8 11 16 17 1 4 3 7 19 9 13 5 14 12 
student 667: 11 1 12 14 20 17 10 3 19 8 4 6 18 9 16 15 7 13 5 2 
student 668: 6 3 7 12 17 19 16 8 20 13 1 18 5 4 11 14 10 15 9 2 
student 669: 3 2 12 11 17 19 20 13 18 5 8 10 1 6 14 16 9 7 15 4 
student 670: 8 4 13 20 6 19 15 5 9 10 1 2 3 7 17 18 16 12 14 11 
student 671: 10 1 8 17 15 20 13 2 6 11 4 7 3 5 18 12 19 9 16 14 
student 672: 13 4 7 17 20 18 19 2 11 6 12 9 1 3 16 15 5 8 14 10 
student 673: 10 1 5 11 12 15 18 7 20 13 6 9 2 3 19 16 4 14 17 8 
student 674: 7 2 5 11 15 6 16 19 20 14 1 3 10 4 18 9 13 12 17 8 
student 675: 4 3 5 18 14 17 19 6 12 7 13 2 9 1 20 15 16 11 10 8 
student 676: 8 5 10 15 17 19 14 9 20 2 4 3 6 1 18 11 7 12 16 13 
student 677: 3 7 15 13 19 17 12 5 16 2 9 6 4 1 18 10 14 11 20 8 
student 678: 6 2 7 15 12 16 18 10 19 14 3 4 5 1 9 20 13 11 17 8 
student 679: 11 3 8 14 13 18 19 16 20 4 9 2 1 7 15 17 10 12 6 5 
student 680: 3 1 16 9 17 13 12 8 18 11 5 6 2 4 20 15 7 10 19 14 
student 681: 12 1 6 14 17 16 10 19 15 8 11 18 3 9 13 20 2 7 4 5 
student 682: 13 4 9 18 20 14 17 7 10 12 5 6 1 3 19 2 11 15 16 8 
student 683: 9 1 4 18 19 16 12 10 11 15 3 6 5 2 17 7 13 14 20 8 
student 684: 3 1 4 15 20 18 17 10 8 14 7 9 5 2 19 11 6 13 16 12 
student 685: 13 8 6 14 3 19 17 5 18 1 12 4 15 2 20 11 16 10 9 7 
student 686: 8 5 11 18 13 20 14 17 19 7 3 16 2 6 15 4 10 9 12 1 
student 687: 4 1 7 11 15 20 16 3 18 8 19 9 5 2 17 14 12 10 13 6 
student 688: 19 4 16 8 14 20 13 5 17 9 2 15 1 6 18 12 11 3 10 7 
student 689: 9 1 10 12 11 20 14 6 17 8 2 7 5 4 19 16 18 15 3 13 
student 690: 7 2 13 18 19 15 12 4 17 6 5 1 3 8 20 14 9 10 16 11 
student 691: 1 14 19 11 18 17 15 4 10 7 2 3 6 5 20 8 9 13 16 12 
student 692: 8 1 13 11 18 16 17 7 19 15 3 6 2 5 14 20 9 12 10 4 
student 693: 5 2 7 14 16 19 18 9 20 13 1 8 6 3 15 17 10 11 4 12 
student 694: 4 5 9 11 16 8 15 7 19 12 10 3 1 2 18 17 13 20 14 6 
student 695: 1 12 4 15 18 17 16 10 20 6 2 3 11 7 19 8 14 9 13 5 
student 696: 7 1 5 11 17 18 13 4 20 12 2 3 15 6 19 8 10 16 14 9 
student 697: 15 4 7 13 20 3 17 5 18 8 10 1 9 2 14 16 19 12 6 11 
student 698: 4 5 16 14 11 20 18 6 15 7 2 3 1 10 19 12 9 8 17 13 
student 699: 2 4 11 16 15 13 20 10 14 8 18 7 5 1 17 9 19 6 3 12 
student 700: 3 4 8 11 20 19 16 6 17 10 5 1 2 7 18 15 13 14 12 9 
student 701: 8 1 9 16 17 19 15 10 20 11 2 5 3 4 18 13 6 14 12 7 
student 702: 5 6 11 18 13 15 7 4 19 14 8 1 2 3 17 9 12 16 20 10 
student 703: 15 8 1 10 13 20 17 3 19 14 9 6 11 5 18 4 7 16 12 2 
student 704: 10 1 6 20 14 19 12 3 17 11 2 4 9 5 18 13 8 16 15 7 
student 705: 13 4 8 10 19 20 14 5 6 15 3 18 2 9 7 12 11 17 16 1 
student 706: 8 1 4 17 20 18 14 5 19 7 9 6 2 3 16 11 15 10 12 13 
student 707: 5 4 12 20 6 17 7 8 13 3 11 2 1 10 19 18 15 9 14 16 
student 708: 15 1 7 18 12 20 16 6 19 14 4 5 2 3 17 11 9 10 13 8 
student 709: 1 5 9 19 11 17 8 10 15 14 3 4 6 2 20 18 12 13 16 7 
student 710: 6 3 14 7 15 11 8 2 19 13 10 20 1 9 18 16 12 17 5 4 
student 711: 2 8 19 13 9 10 20 6 14 11 3 4 1 17 7 12 16 15 18 5 
student 712: 4 2 8 20 18 19 9 3 14 12 11 10 1 5 16 15 7 13 17 6 
student 713: 6 1 10 15 14 18 17 5 3 13 4 7 2 8 19 20 9 12 16 11 
student 714: 8 2 11 7 20 15 13 6 18 4 1 9 3 5 19 16 12 10 17 14 
student 715: 8 10 9 17 16 20 14 11 15 5 3 4 1 2 18 7 6 12 13 19 
student 716: 11 4 9 16 8 20 18 5 15 12 7 10 2 3 19 17 14 1 13 6 
student 717: 6 4 3 16 12 19 13 8 14 9 1 5 2 11 20 18 17 7 10 15 
student 718: 4 5 14 20 12 18 19 2 16 13 3 7 9 1 17 6 8 10 15 11 
student 719: 7 5 2 19 16 14 9 12 18 15 10 6 3 4 17 8 20 1 11 13 
student 720: 5 2 11 18 10 14 6 9 17 16 4 12 1 3 19 15 8 13 20 7 
student 721: 17 2 8 19 12 20 18 1 11 16 6 7 5 3 15 14 13 10 9 4 
student 722: 8 2 6 14 19 9 18 1 20 13 4 7 5 16 17 15 10 3 12 11 
student 723: 9 7 10 1 20 16 18 5 14 19 2 8 3 4 15 17 13 12 6 11 
student 724: 12 3 5 8 17 19 15 7 18 9 1 4 6 2 10 14 11 16 20 13 
student 725: 1 4 11 14 19 20 15 9 18 6 3 10 7 2 16 13 5 8 12 17 
student 726: 17 1 7 18 16 20 5 6 15 11 3 9 4 2 13 19 8 12 14 10 
student 727: 8 12 16 13 19 4 15 5 18 7 3 6 2 1 20 14 11 10 9 17 
student 728: 2 1 11 16 15 18 14 8 17 9 4 5 7 6 19 10 20 12 13 3 
student 729: 9 5 7 20 13 15 8 1 12 10 4 6 2 3 17 16 18 14 11 19 
student 730: 4 1 10 19 14 18 8 12 11 17 5 6 3 2 16 9 7 13 20 15 
student 731: 5 10 6 13 19 20 16 1 17 9 4 14 15 11 18 7 3 8 12 2 
student 732: 6 1 12 18 16 20 17 5 15 14 4 7 10 11 19 3 13 9 2 8 
student 733: 6 7 10 14 17 18 11 1 20 16 5 4 3 2 19 15 8 9 13 12 
student 734: 11 4 13 8 19 20 12 1 15 6 5 2 3 7 17 16 18 14 10 9 
student 735: 3 4 16 13 18 20 15 6 17 8 2 5 7 1 11 10 14 19 12 9 
student 736: 11 4 12 5 18 14 13 1 17 9 7 8 19 2 10 6 20 15 16 3 
student 737: 8 4 1 18 12 20 15 2 19 13 3 9 17 7 16 14 5 11 6 10 
student 738: 4 1 9 6 18 19 12 11 20 7 8 2 15 5 17 3 16 13 14 10 
student 739: 7 11 12 16 10 19 18 6 17 8 2 4 1 3 20 14 5 9 15 13 
student 740: 5 7 3 14 18 20 8 4 19 12 1 10 9 2 17 6 13 16 15 11 
student 741: 12 3 6 14 11 20 18 5 19 7 4 8 1 10 15 16 2 17 13 9 
student 742: 11 5 1 20 12 19 15 8 18 6 2 4 7 3 17 14 9 10 13 16 
student 743: 17 3 2 8 14 19 18 5 11 12 1 6 7 4 20 15 10 16 13 9 
student 744: 10 2 1 20 19 16 9 7 15 11 13 14 3 12 18 8 5 17 6 4 
student 745: 7 8 14 5 18 19 15 2 16 13 6 9 1 3 20 17 4 10 11 12 
student 746: 3 8 6 10 17 20 12 11 18 5 1 7 2 4 19 13 14 16 15 9 
student 747: 6 2 11 15 20 16 1 5 18 12 10 3 4 14 13 19 7 9 8 17 
student 748: 8 1 9 17 16 18 19 4 20 11 5 3 2 6 14 12 13 7 10 15 
student 749: 9 2 13 10 18 15 19 3 8 5 4 11 7 12 20 17 14 1 16 6 
student 750: 7 3 5 14 17 19 15 1 18 11 6 12 4 8 20 16 10 9 13 2 
student 751: 8 5 10 12 15 19 11 3 16 17 2 4 7 1 20 13 14 18 6 9 
student 752: 11 1 9 17 12 15 20 2 18 10 6 4 8 5 13 14 7 19 16 3 
student 753: 18 3 4 16 15 19 14 8 20 10 1 2 6 7 17 13 5 9 11 12 
student 754: 11 3 8 20 17 16 14 6 19 10 2 5 7 4 15 12 9 18 13 1 
student 755: 9 4 11 10 19 20 12 16 14 15 8 6 2 1 18 13 7 5 17 3 
student 756: 2 1 10 14 16 20 15 11 18 9 8 5 3 4 19 13 6 17 12 7 
student 757: 6 1 13 17 18 10 16 4 20 14 3 8 2 7 12 19 5 9 15 11 
student 758: 9 5 12 11 18 20 15 3 19 4 1 7 2 10 16 13 6 14 17 8 
student 759: 19 3 1 14 20 12 16 11 15 17 5 8 2 7 18 10 13 4 6 9 
student 760: 11 5 7 17 9 15 6 1 19 4 8 18 2 3 20 13 10 14 16 12 
student 761: 11 1 8 13 17 19 15 3 20 10 6 7 2 4 16 18 9 12 14 5 
student 762: 7 2 11 10 13 14 16 3 18 15 6 8 5 1 20 17 9 4 19 12 
student 763: 4 6 3 9 18 19 12 8 15 14 1 7 10 5 20 17 11 13 16 2 
student 764: 8 6 9 10 16 17 18 7 15 20 2 4 3 5 19 12 1 11 14 13 
student 765: 6 1 8 18 10 20 15 2 12 5 7 14 3 9 11 19 4 16 17 13 
student 766: 9 1 7 19 12 18 15 8 20 11 3 2 4 13 17 5 10 14 16 6 
student 767: 5 3 13 12 19 18 7 11 16 15 9 8 2 1 20 14 6 17 10 4 
student 768: 5 1 12 19 13 20 11 9 17 6 7 4 2 3 15 14 16 18 10 8 
student 769: 10 4 14 8 15 20 9 5 19 6 3 16 2 11 17 13 1 12 18 7 
student 770: 5 4 7 6 14 19 20 1 18 16 15 3 12 2 17 10 13 9 8 11 
student 771: 13 3 10 20 12 16 15 5 6 18 2 4 9 1 17 19 11 14 8 7 
student 772: 6 2 9 17 19 15 14 7 11 8 3 5 1 4 20 10 12 18 13 16 
student 773: 5 2 6 14 11 20 16 15 19 17 1 9 4 10 13 7 18 12 8 3 
student 774: 9 1 15 16 19 20 8 13 18 14 3 17 4 10 12 11 2 7 6 5 
student 775: 6 9 10 11 20 18 14 2 15 16 1 7 3 4 17 19 12 13 5 8 
student 776: 5 7 4 17 19 20 16 12 18 8 2 3 1 10 9 14 11 13 15 6 
student 777: 7 10 15 17 13 20 18 5 19 8 1 3 4 6 14 16 11 12 9 2 
student 778: 3 2 8 17 18 19 15 4 16 10 6 11 1 5 20 14 9 13 7 12 
student 779: 3 2 5 14 15 20 10 11 18 12 16 4 8 9 19 17 1 13 7 6 
student 780: 8 1 18 12 13 11 17 10 14 16 5 2 6 7 20 19 3 4 15 9 
student 781: 8 1 10 13 18 17 19 6 3 5 4 2 16 7 20 14 15 9 12 11 
student 782: 4 7 11 16 15 17 10 8 18 13 6 2 1 3 20 12 9 19 5 14 
student 783: 9 1 12 11 15 20 18 2 16 14 13 7 3 5 19 8 4 17 10 6 
student 784: 3 6 1 19 15 18 17 5 14 8 13 4 7 2 20 16 12 10 11 9 
student 785: 18 1 12 8 16 15 19 4 6 11 7 9 3 2 17 14 13 10 20 5 
student 786: 13 3 4 18 6 20 19 1 17 16 8 10 11 7 12 9 2 15 5 14 
student 787: 6 3 7 18 16 20 13 4 19 10 1 2 5 8 17 15 14 12 11 9 
student 788: 11 6 8 13 20 16 17 4 15 14 3 1 2 7 18 12 10 19 9 5 
student 789: 6 1 10 9 14 19 12 11 16 4 5 13 2 3 20 17 15 18 8 7 
student 790: 8 14 9 12 7 20 15 3 17 16 1 6 2 4 19 13 5 10 18 11 
student 791: 9 1 15 13 16 18 2 3 20 10 5 7 8 4 17 11 14 19 6 12 
student 792: 14 9 18 13 16 10 8 7 20 12 3 6 1 2 17 19 5 11 15 4 
student 793: 17 1 13 2 18 16 20 9 7 6 8 3 4 5 15 12 19 14 10 11 
student 794: 15 10 8 11 17 19 12 3 14 18 2 7 4 1 20 16 5 13 9 6 
student 795: 7 3 5 17 20 16 13 10 12 14 6 1 2 4 19 11 18 9 15 8 
student 796: 3 2 5 7 10 17 15 9 19 8 6 4 1 14 18 16 12 20 13 11 
student 797: 3 2 10 13 7 17 16 6 20 19 5 8 1 4 14 9 12 15 18 11 
student 798: 11 3 12 8 15 20 14 7 19 10 6 4 2 1 17 16 13 18 9 5 
student 799: 9 2 10 17 18 13 20 3 19 8 4 5 6 1 12 11 15 16 7 14 
