student 0: 16 8 20 11 4 17 15 12 6 19 7 14 2 9 18 3 13 5 10 1 
student 1: 12 13 19 4 2 15 9 5 11 17 6 14 1 7 20 3 18 16 8 10 
student 2: 14 12 18 3 5 10 13 8 4 17 11 2 6 1 20 9 16 15 19 7 
student 3: 20 7 17 6 1 13 9 8 10 16 4 11 2 3 19 14 15 18 12 5 
student 4: 16 5 19 8 4 18 14 10 12 15 7 3 1 6 17 2 13 9 20 11 
student 5: 20 12 16 9 10 8 11 7 3 13 4 17 2 1 18 6 15 5 19 14 
student 6: 20 10 15 9 2 14 11 6 4 12 7 8 1 3 19 5 16 17 13 18 
student 7: 19 11 16 8 2 14 9 4 5 17 13 1 3 10 20 6 18 15 7 12 
student 8: 17 9 18 6 1 11 8 7 2 15 4 10 5 3 19 16 12 13 14 20 
student 9: 19 1 12 2 6 10 13 5 17 14 11 8 7 9 16 4 15 18 3 20 
student 10: 8 5 17 10 1 15 12 13 4 20 7 6 3 9 18 2 19 16 11 14 
student 11: 20 9 18 6 5 16 12 11 1 14 8 17 2 4 13 3 10 19 7 15 
student 12: 18 9 20 3 4 14 17 8 5 11 12 10 7 1 19 6 16 15 13 2 
student 13: 10 6 17 16 4 5 15 3 1 20 7 9 2 13 18 8 14 19 12 11 
student 14: 18 10 20 9 1 12 16 5 7 19 4 13 3 2 17 6 14 15 11 8 
student 15: 17 10 19 7 3 11 14 12 8 20 5 6 13 2 9 4 15 16 18 1 
student 16: 17 13 20 7 9 3 16 8 2 18 11 14 5 4 19 10 15 12 1 6 
student 17: 16 5 19 9 3 15 6 10 8 17 12 14 4 1 20 2 18 11 13 7 
student 18: 16 11 19 8 4 20 10 13 6 12 9 5 2 3 18 1 17 7 14 15 
student 19: 14 4 19 2 1 17 10 6 9 20 11 16 3 7 18 5 15 13 12 8 
student 20: 20 7 19 3 12 9 13 16 2 15 5 6 4 17 18 1 14 8 10 11 
student 21: 19 1 18 7 3 17 20 2 5 16 14 12 4 6 11 9 10 15 8 13 
student 22: 17 6 18 7 2 15 11 13 4 16 5 14 3 10 20 1 9 19 8 12 
student 23: 14 17 18 10 8 12 6 15 5 19 7 4 1 3 20 2 11 13 16 9 
student 24: 17 3 19 14 2 13 18 6 8 9 4 11 7 12 20 1 15 10 16 5 
student 25: 18 16 19 3 2 14 8 7 1 20 11 10 4 6 17 5 12 15 13 9 
student 26: 15 6 20 5 1 11 9 13 10 17 7 16 3 4 19 2 12 14 18 8 
student 27: 7 17 15 8 4 16 20 11 18 14 9 12 5 1 10 2 6 13 19 3 
student 28: 20 8 18 5 6 15 16 7 2 14 3 12 4 9 19 1 13 11 17 10 
student 29: 15 14 19 11 6 12 16 5 4 17 7 10 1 2 20 3 18 9 13 8 
student 30: 12 9 20 2 4 17 15 8 3 16 6 18 1 5 19 10 11 14 13 7 
student 31: 16 7 17 9 1 12 11 13 2 20 4 5 8 6 18 3 19 14 10 15 
student 32: 18 10 13 5 3 8 12 19 17 15 16 7 6 1 20 2 11 4 14 9 
student 33: 10 7 18 8 11 19 5 12 9 20 4 1 3 2 15 6 16 17 14 13 
student 34: 16 4 20 13 1 19 8 5 3 10 11 14 7 12 17 2 15 9 18 6 
student 35: 7 9 11 6 2 14 15 1 3 19 5 10 8 16 17 4 18 20 13 12 
student 36: 17 8 19 10 1 12 6 13 2 15 7 20 5 9 14 4 18 11 16 3 
student 37: 16 3 18 7 6 11 10 12 8 17 9 5 2 14 20 1 19 15 4 13 
student 38: 14 1 15 9 2 13 10 7 5 20 4 11 6 16 19 3 18 12 17 8 
student 39: 19 12 17 7 5 11 8 15 1 14 4 20 2 6 18 10 16 9 3 13 
student 40: 18 10 16 7 1 8 11 17 5 20 13 15 3 4 19 6 14 9 2 12 
student 41: 15 12 17 9 6 8 10 13 3 18 5 11 2 4 20 1 16 19 14 7 
student 42: 9 5 19 1 2 8 14 6 4 20 11 16 7 10 18 3 17 15 13 12 
student 43: 16 14 17 3 4 12 8 18 1 15 5 9 7 2 20 6 11 19 13 10 
student 44: 19 4 15 14 10 17 16 12 5 8 2 3 1 6 20 7 18 13 11 9 
student 45: 16 5 15 2 9 7 13 8 1 18 3 19 6 4 20 11 12 17 10 14 
student 46: 19 12 14 11 3 15 16 6 1 10 2 13 5 4 20 8 17 18 9 7 
student 47: 15 1 20 8 2 17 13 6 4 14 7 18 5 16 12 3 19 10 11 9 
student 48: 20 4 19 11 3 13 18 5 6 16 7 10 2 14 17 1 12 15 9 8 
student 49: 17 10 20 7 1 2 15 9 13 4 8 12 6 5 18 3 14 19 16 11 
student 50: 16 12 18 19 6 15 14 17 10 11 8 9 2 3 20 4 1 13 7 5 
student 51: 15 8 13 11 1 19 9 4 5 16 3 12 2 6 18 10 17 20 14 7 
student 52: 16 4 19 1 3 17 18 7 8 20 10 11 9 6 15 2 14 13 12 5 
student 53: 13 5 17 16 1 19 9 14 6 18 8 7 10 3 20 2 11 15 4 12 
student 54: 20 3 17 1 4 15 11 18 6 16 2 10 8 7 13 5 14 12 19 9 
student 55: 13 8 18 6 7 9 10 4 1 15 5 20 3 2 17 14 11 19 16 12 
student 56: 8 6 18 5 1 15 14 13 11 10 7 12 9 2 20 4 19 16 3 17 
student 57: 19 13 18 6 1 9 14 8 10 16 7 4 5 3 20 2 17 15 11 12 
student 58: 9 8 20 10 5 16 17 13 2 15 3 14 12 1 18 4 7 19 6 11 
student 59: 8 11 9 7 2 18 17 5 6 10 13 19 3 1 16 4 12 20 15 14 
student 60: 17 6 20 9 1 16 12 14 11 8 5 10 4 7 19 2 13 18 3 15 
student 61: 19 8 15 12 1 16 9 4 2 17 10 13 6 3 20 7 14 5 18 11 
student 62: 16 5 20 3 7 14 10 6 11 18 9 17 8 13 19 4 15 12 2 1 
student 63: 6 5 18 9 1 11 16 10 12 17 8 15 3 2 20 7 4 14 19 13 
student 64: 13 9 19 1 6 16 12 5 7 20 11 10 4 2 18 3 14 17 15 8 
student 65: 18 3 19 2 7 17 9 11 1 12 6 14 5 10 13 4 20 16 15 8 
student 66: 19 7 12 6 8 17 11 18 10 15 14 4 1 5 16 2 20 9 13 3 
student 67: 19 14 16 6 7 12 17 8 2 10 3 15 5 4 20 1 11 13 18 9 
student 68: 17 8 12 5 6 11 13 9 4 19 7 16 2 3 20 1 10 18 14 15 
student 69: 19 10 16 6 7 17 11 12 5 18 4 9 1 15 14 2 13 20 8 3 
student 70: 18 13 19 9 1 3 14 6 2 11 10 8 5 7 17 4 12 20 15 16 
student 71: 19 8 18 11 2 14 17 16 7 3 1 9 4 10 13 12 15 20 5 6 
student 72: 12 16 20 5 1 15 7 10 2 13 8 9 3 6 17 4 14 19 11 18 
student 73: 17 6 20 11 2 10 18 12 1 14 5 7 3 9 13 8 16 15 19 4 
student 74: 17 20 13 3 19 15 4 16 6 14 8 9 1 2 18 11 7 10 12 5 
student 75: 12 14 19 2 1 9 6 13 3 20 10 17 5 18 16 4 15 11 7 8 
student 76: 16 10 18 7 2 14 11 8 4 20 6 9 3 5 13 1 17 19 15 12 
student 77: 17 6 14 5 9 11 7 16 3 19 2 20 1 4 18 8 12 13 10 15 
student 78: 18 3 19 15 5 14 9 7 2 12 8 17 1 6 20 4 16 10 11 13 
student 79: 18 8 20 11 9 16 14 4 1 15 13 10 6 7 19 2 3 17 12 5 
student 80: 16 9 17 14 5 15 10 13 1 19 6 4 3 8 20 7 11 12 18 2 
student 81: 20 10 15 6 1 11 4 12 9 16 2 14 8 13 18 3 17 19 5 7 
student 82: 17 19 15 13 3 10 8 9 5 18 4 14 6 2 20 1 12 7 11 16 
student 83: 16 3 17 5 8 4 14 20 19 13 2 10 12 1 18 7 11 15 9 6 
student 84: 9 14 7 5 12 16 13 11 8 17 3 10 18 1 19 6 15 20 4 2 
student 85: 16 10 13 6 4 18 11 8 14 19 5 12 2 3 20 1 17 9 15 7 
student 86: 17 9 18 12 4 16 5 7 10 20 1 11 3 8 19 2 13 14 15 6 
student 87: 15 3 20 5 2 13 19 18 1 17 6 11 10 9 12 4 14 16 7 8 
student 88: 17 10 18 2 6 16 9 3 7 15 12 5 1 13 20 4 19 14 11 8 
student 89: 19 8 12 15 5 9 11 10 3 16 4 1 13 6 20 2 18 17 14 7 
student 90: 18 9 19 10 1 12 13 4 5 14 2 11 3 6 20 8 7 17 15 16 
student 91: 15 8 18 6 5 10 14 9 1 17 4 13 11 7 19 3 20 16 12 2 
student 92: 17 12 19 5 2 15 9 11 3 20 7 8 1 4 18 6 16 13 14 10 
student 93: 18 9 20 5 1 11 7 14 4 19 6 10 8 3 17 2 13 15 12 16 
student 94: 12 13 15 16 1 11 5 8 4 20 10 17 2 3 19 7 9 18 6 14 
student 95: 14 4 10 15 3 16 9 8 7 20 6 11 5 1 17 2 18 19 13 12 
student 96: 16 13 7 2 6 11 8 19 5 14 3 9 1 12 15 10 17 20 18 4 
student 97: 13 8 17 5 7 10 19 20 3 16 14 9 2 6 18 1 12 15 11 4 
student 98: 13 6 19 7 2 14 8 12 10 16 5 11 4 3 18 1 17 20 15 9 
student 99: 17 3 20 13 4 9 12 11 2 19 16 8 7 1 18 5 6 15 14 10 
student 100: 13 7 19 8 3 10 5 14 4 18 6 11 1 17 16 2 9 15 20 12 
student 101: 15 11 9 8 4 10 19 14 12 13 3 5 6 17 16 2 20 7 18 1 
student 102: 19 4 15 2 9 12 14 8 1 17 3 11 10 16 20 5 13 18 7 6 
student 103: 13 5 18 3 2 4 11 9 1 19 7 15 6 12 14 20 17 16 10 8 
student 104: 20 14 18 12 1 13 8 9 5 19 7 6 3 4 17 2 10 11 16 15 
student 105: 18 11 20 7 8 3 13 15 12 14 2 9 4 5 17 1 16 10 19 6 
student 106: 19 10 20 12 7 17 13 5 8 15 2 11 3 9 18 1 14 16 6 4 
student 107: 19 7 9 20 16 13 12 8 6 18 3 1 4 2 17 5 14 15 10 11 
student 108: 12 5 16 6 1 18 7 10 2 19 17 9 3 8 13 4 11 20 15 14 
student 109: 4 3 18 9 1 10 13 16 6 17 8 12 14 2 20 7 11 19 15 5 
student 110: 18 6 13 17 14 8 19 15 7 20 16 5 4 1 2 3 9 11 10 12 
student 111: 18 10 19 6 1 11 12 8 7 16 13 2 3 5 20 4 14 15 9 17 
student 112: 18 7 15 8 10 5 11 13 1 19 16 6 3 4 20 9 17 12 14 2 
student 113: 19 6 20 14 5 12 3 9 7 15 10 11 4 2 16 1 13 17 18 8 
student 114: 20 10 16 2 1 12 3 9 8 18 4 14 7 11 17 5 19 15 13 6 
student 115: 19 5 17 15 4 16 8 6 7 14 3 2 1 11 20 10 18 13 9 12 
student 116: 16 4 18 2 3 17 20 11 5 19 8 10 6 7 15 1 13 14 9 12 
student 117: 18 4 14 19 7 11 8 3 6 2 5 13 9 10 20 1 16 17 15 12 
student 118: 15 1 14 7 10 18 16 5 3 17 6 9 4 11 13 8 20 19 12 2 
student 119: 16 10 19 8 1 15 12 9 3 18 6 11 4 5 17 2 13 20 14 7 
student 120: 9 6 17 8 3 11 15 14 5 20 4 18 13 2 16 1 19 12 10 7 
student 121: 20 12 17 6 2 3 19 8 4 16 5 11 1 9 18 7 10 15 13 14 
student 122: 7 4 15 9 2 17 14 11 10 19 12 5 3 1 20 6 16 18 13 8 
student 123: 19 11 12 16 2 15 20 13 9 17 7 5 1 4 18 8 10 3 14 6 
student 124: 20 2 18 5 6 17 13 4 9 19 16 14 3 10 15 1 12 7 11 8 
student 125: 16 12 19 7 15 1 3 6 2 17 13 10 9 5 18 4 20 14 8 11 
student 126: 5 16 15 11 4 14 10 17 2 20 12 1 6 8 19 3 13 18 7 9 
student 127: 16 8 20 10 2 19 12 11 1 7 9 5 4 6 18 3 14 17 15 13 
student 128: 10 8 16 6 2 13 18 12 5 19 1 15 9 7 20 4 11 17 3 14 
student 129: 10 7 19 6 2 14 18 5 3 20 11 8 4 13 15 1 16 17 12 9 
student 130: 20 2 13 10 1 15 14 5 12 19 9 7 3 4 18 6 17 11 8 16 
student 131: 17 1 18 7 4 9 15 10 2 16 19 11 5 6 8 3 20 12 14 13 
student 132: 17 7 18 9 1 16 11 13 3 20 6 14 2 4 8 10 12 19 15 5 
student 133: 18 7 19 4 1 12 10 9 11 17 6 2 5 8 20 3 13 16 15 14 
student 134: 20 12 13 14 9 19 11 7 3 18 2 17 4 5 15 1 6 16 8 10 
student 135: 20 13 19 2 6 16 10 9 4 11 7 8 3 5 14 1 15 17 18 12 
student 136: 19 10 20 2 4 18 9 12 1 17 8 3 5 7 16 13 15 11 14 6 
student 137: 1 14 17 13 7 15 9 2 8 18 12 10 4 6 19 3 16 20 11 5 
student 138: 18 13 17 2 7 12 9 3 5 16 14 11 6 1 20 4 19 15 8 10 
student 139: 18 8 13 9 6 15 10 12 2 19 7 1 3 4 20 5 17 16 14 11 
student 140: 19 9 15 11 1 14 17 7 6 13 10 4 5 3 20 2 8 12 18 16 
student 141: 20 6 16 4 2 18 13 5 3 17 7 12 1 11 14 15 9 8 19 10 
student 142: 11 9 19 16 3 12 13 7 6 14 5 4 2 8 20 1 17 18 15 10 
student 143: 19 7 11 8 1 16 12 13 4 15 9 10 6 5 18 3 20 14 17 2 
student 144: 18 9 13 5 4 12 8 14 6 20 1 10 3 11 17 2 15 19 7 16 
student 145: 18 10 16 7 1 14 12 6 13 19 5 8 2 3 20 4 15 17 11 9 
student 146: 15 19 18 2 4 13 7 3 16 17 5 11 6 1 20 9 8 14 12 10 
student 147: 18 9 16 14 7 4 19 15 8 13 3 5 1 10 20 2 6 17 12 11 
student 148: 19 7 17 2 20 9 13 10 3 16 1 14 11 4 15 5 18 6 12 8 
student 149: 4 13 16 2 8 14 7 17 3 18 1 12 11 5 20 6 10 15 19 9 
student 150: 15 3 8 5 4 11 19 14 2 16 10 9 7 13 6 1 12 18 20 17 
student 151: 18 12 14 6 3 11 13 5 2 15 7 17 1 10 16 4 19 20 9 8 
student 152: 20 4 13 3 10 7 15 6 9 8 11 12 2 5 17 1 18 14 19 16 
student 153: 17 7 16 5 3 20 12 14 4 18 6 9 2 10 8 1 15 19 13 11 
student 154: 14 4 18 7 1 17 11 8 2 20 12 6 9 5 16 3 15 13 19 10 
student 155: 17 9 19 11 3 20 10 5 4 18 2 15 7 6 14 1 8 13 16 12 
student 156: 10 19 20 5 3 14 11 7 8 18 12 9 4 6 16 2 15 17 13 1 
student 157: 15 17 16 12 5 7 14 13 1 20 11 8 9 6 10 2 18 4 19 3 
student 158: 13 8 18 4 2 11 12 9 1 20 3 17 7 16 14 6 10 19 15 5 
student 159: 17 2 20 8 3 14 10 13 5 19 4 11 6 7 18 1 15 16 12 9 
student 160: 20 12 19 7 4 9 16 8 5 14 3 11 2 6 17 1 18 13 15 10 
student 161: 6 8 17 18 2 12 13 10 4 16 5 7 1 3 20 15 19 14 9 11 
student 162: 12 9 18 2 10 16 7 13 6 20 11 14 4 3 17 1 5 19 15 8 
student 163: 18 6 14 11 5 15 7 12 2 19 4 16 8 3 20 1 13 10 17 9 
student 164: 12 8 19 3 1 16 9 10 7 20 18 11 2 4 14 6 17 13 15 5 
student 165: 18 5 17 7 2 16 8 9 6 14 4 11 3 12 20 1 10 13 19 15 
student 166: 16 15 20 8 4 9 14 5 2 11 7 19 6 1 18 3 12 13 17 10 
student 167: 18 16 20 7 2 17 11 8 4 9 6 5 1 10 12 3 19 13 14 15 
student 168: 15 8 20 3 6 18 11 17 2 19 4 1 5 13 9 12 16 14 7 10 
student 169: 10 8 15 2 4 13 19 3 9 20 5 6 11 12 16 1 17 18 14 7 
student 170: 17 15 11 6 1 18 19 5 3 9 4 7 8 14 10 2 16 12 20 13 
student 171: 12 13 15 4 1 14 10 16 5 17 6 8 2 7 19 3 18 20 11 9 
student 172: 16 13 19 5 1 14 6 17 4 10 18 11 8 9 20 2 12 15 7 3 
student 173: 13 12 14 4 5 17 18 9 8 20 2 15 3 11 10 7 16 19 1 6 
student 174: 17 18 15 9 2 16 19 3 6 11 5 12 4 7 20 1 14 8 10 13 
student 175: 20 9 12 8 2 18 11 10 3 16 5 15 4 1 17 6 14 19 7 13 
student 176: 6 12 18 3 5 14 19 13 1 16 10 11 2 7 20 4 17 15 8 9 
student 177: 12 2 20 9 3 17 10 6 8 7 11 19 4 14 16 1 18 15 13 5 
student 178: 5 11 19 4 6 17 14 13 10 16 1 9 2 8 20 3 15 18 12 7 
student 179: 9 8 17 12 5 14 6 7 10 16 3 18 2 4 20 1 13 19 15 11 
student 180: 5 1 17 13 7 19 10 15 11 16 2 14 3 4 20 6 9 8 12 18 
student 181: 16 4 20 13 3 11 5 14 2 18 8 10 6 7 19 1 12 17 15 9 
student 182: 13 8 14 9 4 15 16 6 3 18 7 17 5 2 19 1 11 10 20 12 
student 183: 13 1 14 12 5 16 8 3 7 15 4 17 2 9 20 6 11 10 19 18 
student 184: 19 13 20 3 4 9 5 12 7 11 8 10 1 2 15 6 16 14 17 18 
student 185: 15 1 5 8 6 18 19 10 2 13 3 11 9 7 17 4 20 16 14 12 
student 186: 20 6 5 4 3 17 14 13 2 16 12 11 8 1 18 9 19 10 15 7 
student 187: 18 6 15 1 4 9 13 2 5 14 8 10 12 7 20 3 17 19 16 11 
student 188: 11 13 19 4 1 15 17 10 8 12 6 9 5 2 20 3 16 18 14 7 
student 189: 14 6 11 10 1 18 17 9 5 15 4 7 3 8 20 2 12 13 19 16 
student 190: 7 3 17 4 5 13 8 16 1 19 9 20 2 10 14 6 11 18 12 15 
student 191: 10 2 15 6 3 12 18 14 8 20 1 13 16 11 19 7 17 9 4 5 
student 192: 4 3 18 10 2 9 12 5 16 15 8 19 7 6 20 1 17 13 14 11 
student 193: 14 12 16 5 2 17 20 7 6 15 4 10 8 1 19 3 13 18 11 9 
student 194: 18 13 17 3 4 12 10 5 2 20 8 6 1 9 14 7 19 16 15 11 
student 195: 18 13 17 3 12 14 10 2 7 19 4 6 5 1 20 8 16 9 15 11 
student 196: 17 1 20 13 8 18 5 9 2 11 7 14 3 4 12 6 16 19 15 10 
student 197: 15 5 20 10 1 16 17 8 4 18 7 2 9 6 19 3 11 14 13 12 
student 198: 12 15 20 11 6 17 19 9 2 13 1 5 3 7 18 4 8 10 16 14 
student 199: 17 10 19 2 1 18 14 12 7 20 11 6 4 3 13 5 16 9 15 8 
student 200: 13 2 16 9 4 18 17 5 10 12 8 14 3 7 20 6 19 15 11 1 
student 201: 16 3 18 8 6 4 7 14 2 17 11 13 5 9 15 1 20 10 19 12 
student 202: 17 14 19 8 9 13 11 10 2 18 1 12 3 6 20 5 15 16 4 7 
student 203: 18 2 17 1 3 12 13 14 8 10 6 7 4 9 11 16 20 19 5 15 
student 204: 17 7 15 1 11 14 20 9 8 13 4 6 5 2 18 3 19 16 12 10 
student 205: 18 6 13 12 9 7 10 11 5 16 8 14 3 4 20 2 17 19 15 1 
student 206: 20 18 10 3 5 4 8 9 12 16 11 14 1 6 17 2 19 15 13 7 
student 207: 19 7 20 3 4 12 5 10 6 16 11 18 1 2 17 9 15 14 13 8 
student 208: 18 4 17 13 11 14 12 8 2 20 6 10 5 1 16 3 19 15 9 7 
student 209: 16 13 17 8 10 19 15 14 5 6 11 2 9 3 18 1 20 12 4 7 
student 210: 15 7 20 5 16 13 12 11 4 9 3 17 2 6 18 1 10 14 19 8 
student 211: 15 8 18 13 2 9 14 12 4 11 7 6 5 10 20 1 17 19 16 3 
student 212: 14 2 19 7 1 9 11 13 4 20 16 10 5 6 18 3 12 15 17 8 
student 213: 13 14 19 2 6 8 16 11 7 18 1 12 5 9 20 3 15 17 10 4 
student 214: 16 4 17 9 2 20 11 8 18 19 1 15 3 7 12 6 13 5 14 10 
student 215: 15 2 20 8 10 13 12 9 1 18 7 11 5 4 19 3 16 6 17 14 
student 216: 18 15 17 4 9 7 6 13 5 20 3 10 1 2 14 8 12 11 19 16 
student 217: 14 8 19 17 1 16 12 6 2 15 4 10 5 9 18 3 11 20 13 7 
student 218: 20 15 12 7 5 9 16 3 8 11 1 4 6 19 17 2 13 18 14 10 
student 219: 18 6 19 2 4 15 16 5 12 13 1 7 8 9 20 3 11 17 14 10 
student 220: 18 6 12 8 1 5 20 7 3 14 9 15 2 4 19 13 16 17 10 11 
student 221: 20 10 15 14 6 11 9 7 2 18 4 8 12 3 17 1 5 16 19 13 
student 222: 16 11 20 10 4 19 6 7 5 14 8 9 2 1 18 3 12 15 13 17 
student 223: 16 9 19 11 4 5 14 13 1 7 10 15 2 8 18 3 12 20 17 6 
student 224: 17 9 18 1 6 13 12 11 7 19 4 16 2 8 20 5 10 14 3 15 
student 225: 14 2 20 10 9 11 6 8 13 18 3 16 5 7 19 1 17 15 12 4 
student 226: 20 16 17 11 6 4 5 10 2 13 3 7 8 9 15 1 14 18 19 12 
student 227: 18 12 15 17 13 16 20 6 11 9 1 8 2 7 19 3 14 10 4 5 
student 228: 17 8 19 12 6 9 10 15 2 16 7 5 3 4 18 1 20 14 13 11 
student 229: 15 5 14 4 2 18 13 11 6 17 1 16 3 7 9 8 19 10 12 20 
student 230: 16 8 18 3 1 12 9 10 2 20 17 7 11 6 13 5 14 19 15 4 
student 231: 19 11 17 8 7 12 9 10 5 16 3 18 1 4 20 2 15 14 13 6 
student 232: 11 6 3 10 2 15 13 12 5 17 1 14 9 4 19 8 18 16 20 7 
student 233: 16 12 13 5 6 11 20 8 4 17 10 9 1 19 15 2 3 14 18 7 
student 234: 20 7 17 3 5 16 12 9 2 15 6 8 1 11 19 4 10 18 13 14 
student 235: 20 6 18 5 4 16 8 10 7 17 12 15 11 1 19 2 9 13 14 3 
student 236: 16 8 18 7 11 17 15 10 3 20 9 14 13 1 19 2 4 12 5 6 
student 237: 17 5 18 8 1 15 13 12 10 14 7 9 6 2 19 3 16 20 11 4 
student 238: 18 11 19 14 2 20 7 5 1 17 3 10 8 4 9 6 16 13 15 12 
student 239: 17 12 19 13 1 8 9 14 10 11 2 7 5 18 20 3 15 16 6 4 
student 240: 15 5 19 1 4 14 7 9 12 16 6 17 2 3 20 8 11 18 13 10 
student 241: 9 5 16 19 10 18 14 3 7 17 2 15 1 6 20 8 4 12 13 11 
student 242: 18 7 19 6 2 12 8 4 5 20 11 16 1 9 15 3 14 17 10 13 
student 243: 14 3 16 10 4 17 12 8 1 20 6 9 7 13 19 2 11 15 18 5 
student 244: 11 7 16 4 3 20 18 13 1 15 14 6 8 10 17 2 5 12 19 9 
student 245: 12 11 20 10 1 19 4 14 2 17 8 5 7 6 18 3 16 15 13 9 
student 246: 16 4 20 6 1 19 12 8 7 18 5 13 10 2 15 3 17 14 11 9 
student 247: 17 12 18 4 3 15 14 13 5 20 1 10 6 11 8 2 19 9 16 7 
student 248: 6 13 17 10 1 15 12 11 7 19 4 14 2 3 20 9 18 8 16 5 
student 249: 20 9 15 13 5 17 11 7 1 19 14 4 6 8 18 3 16 10 12 2 
student 250: 7 8 20 14 2 11 12 1 10 17 3 19 6 5 18 9 15 16 13 4 
student 251: 14 19 17 8 2 5 11 10 1 20 9 18 7 3 12 4 6 15 13 16 
student 252: 20 8 15 7 10 14 19 12 4 16 2 13 5 6 17 3 11 18 9 1 
student 253: 14 6 20 10 1 11 19 5 2 16 7 12 4 9 17 3 18 15 8 13 
student 254: 10 2 16 6 4 13 9 7 8 19 11 14 5 18 17 1 15 20 3 12 
student 255: 14 12 19 11 3 17 9 7 4 16 6 5 1 10 20 2 15 18 8 13 
student 256: 11 15 18 9 4 16 1 10 8 19 5 7 12 3 20 2 13 14 17 6 
student 257: 15 8 19 10 1 9 7 12 2 16 5 13 3 14 18 4 6 20 11 17 
student 258: 18 12 17 9 5 13 15 10 6 14 7 8 1 4 19 3 20 16 11 2 
student 259: 14 5 19 10 3 4 16 18 9 17 7 11 1 6 20 2 15 12 8 13 
student 260: 20 10 13 7 5 19 4 2 8 14 11 12 1 9 16 3 17 18 6 15 
student 261: 13 8 18 10 1 14 11 3 4 9 6 17 2 5 20 7 15 19 16 12 
student 262: 14 13 16 6 7 10 12 8 3 19 5 15 2 4 17 1 18 20 9 11 
student 263: 18 3 14 6 1 13 9 11 2 19 7 12 5 10 20 4 17 15 8 16 
student 264: 14 10 17 8 7 18 19 4 3 15 6 11 2 5 20 1 12 16 13 9 
student 265: 17 1 18 4 2 13 15 6 12 20 14 10 3 5 19 7 16 11 9 8 
student 266: 9 6 17 12 5 14 11 15 4 13 2 8 3 7 18 1 20 19 16 10 
student 267: 19 8 18 4 5 11 16 3 7 14 9 10 1 12 15 2 20 13 6 17 
student 268: 13 15 20 8 2 9 12 6 7 19 3 17 4 5 16 1 11 14 18 10 
student 269: 13 11 17 6 3 12 18 10 4 16 7 14 1 5 20 2 15 19 8 9 
student 270: 14 5 20 11 6 15 18 10 4 17 3 12 8 2 19 1 9 16 7 13 
student 271: 17 9 12 16 4 11 19 8 6 14 10 7 1 5 20 2 15 13 18 3 
student 272: 15 7 20 9 2 13 19 10 16 17 6 8 3 4 18 1 12 14 11 5 
student 273: 15 6 19 3 2 13 12 10 8 16 1 14 4 11 20 5 7 17 18 9 
student 274: 12 9 10 8 1 14 11 5 7 13 16 6 3 15 17 4 19 20 18 2 
student 275: 11 9 16 5 2 12 20 10 7 6 4 14 3 8 17 1 15 13 18 19 
student 276: 9 1 20 7 2 14 11 3 5 13 18 15 19 6 16 8 10 4 17 12 
student 277: 18 15 20 3 7 10 9 1 6 17 11 13 4 8 12 2 16 19 14 5 
student 278: 17 6 14 4 18 12 9 15 2 19 16 11 1 5 20 7 8 13 10 3 
student 279: 14 12 19 8 1 13 18 11 2 15 4 5 17 3 20 9 10 16 6 7 
student 280: 17 8 20 7 2 14 15 10 1 19 6 9 5 3 18 4 13 16 12 11 
student 281: 19 13 16 8 6 17 9 3 4 20 12 5 2 7 18 1 15 11 14 10 
student 282: 20 9 16 5 2 14 7 11 4 19 15 13 6 1 18 3 10 17 8 12 
student 283: 19 11 18 6 4 17 13 10 8 15 2 9 1 5 20 3 12 14 7 16 
student 284: 19 13 20 7 1 15 11 10 2 17 4 6 3 9 12 5 14 18 8 16 
student 285: 11 18 12 10 7 16 6 13 2 17 1 8 9 3 20 5 15 19 14 4 
student 286: 5 9 19 11 2 13 15 10 7 17 3 18 4 1 20 6 14 16 8 12 
student 287: 16 8 15 7 1 17 12 20 10 19 4 11 5 3 18 2 13 6 14 9 
student 288: 9 4 16 8 12 6 15 11 2 18 1 5 13 7 20 3 19 10 14 17 
student 289: 8 18 20 11 3 19 9 15 7 12 6 4 5 1 10 2 13 17 16 14 
student 290: 18 9 19 2 1 13 4 6 8 11 10 12 5 16 17 3 20 15 14 7 
student 291: 19 8 17 12 1 9 7 2 3 18 10 14 5 6 20 4 15 11 16 13 
student 292: 15 9 18 8 1 10 13 5 7 19 2 12 3 6 20 4 11 17 16 14 
student 293: 18 10 20 9 1 7 8 11 2 15 13 4 5 6 19 3 16 17 14 12 
student 294: 10 7 20 11 3 15 9 17 2 12 4 18 8 5 16 1 14 19 6 13 
student 295: 18 12 9 8 4 11 15 10 1 20 5 6 2 7 19 3 13 14 17 16 
student 296: 6 9 17 5 1 4 15 11 7 18 2 16 10 13 20 3 12 19 8 14 
student 297: 20 7 16 6 1 9 17 8 4 14 15 11 5 3 19 2 18 13 12 10 
student 298: 17 9 10 16 1 18 11 14 8 12 3 6 2 7 20 4 13 15 19 5 
student 299: 18 7 19 6 2 12 14 11 8 17 4 13 5 3 20 1 10 15 16 9 
student 300: 18 5 20 7 8 11 9 16 2 3 14 13 6 4 19 1 12 17 15 10 
student 301: 18 3 19 4 6 7 9 10 8 17 2 16 12 5 13 1 20 15 14 11 
student 302: 7 13 20 9 8 10 15 5 6 12 4 11 3 2 16 1 17 14 19 18 
student 303: 16 17 20 9 2 18 8 12 7 13 10 14 4 3 6 1 15 19 11 5 
student 304: 18 8 19 17 1 14 3 11 9 13 6 10 12 4 20 2 16 5 7 15 
student 305: 19 6 17 13 7 16 12 9 2 15 5 10 18 3 20 1 4 11 8 14 
student 306: 20 4 18 3 1 12 19 8 2 16 14 7 10 6 17 5 13 15 9 11 
student 307: 9 2 17 11 4 19 5 13 10 16 7 15 1 8 20 6 14 18 3 12 
student 308: 17 5 18 1 2 12 6 9 8 19 7 15 4 13 20 3 10 16 14 11 
student 309: 15 8 17 14 3 12 16 11 1 18 6 20 2 4 19 5 10 9 7 13 
student 310: 13 5 16 19 3 12 14 6 18 9 10 11 2 4 20 1 15 17 8 7 
student 311: 17 8 15 9 1 16 14 5 2 19 3 6 7 10 20 4 18 13 11 12 
student 312: 14 13 19 6 1 15 7 5 10 8 3 16 4 2 20 12 17 18 9 11 
student 313: 13 2 12 6 11 17 14 8 10 19 4 9 7 3 20 1 18 16 15 5 
student 314: 18 11 9 7 8 17 12 4 5 20 3 15 2 10 19 1 14 13 16 6 
student 315: 11 6 13 9 4 15 7 2 8 20 14 10 12 1 18 3 16 19 5 17 
student 316: 16 12 18 3 1 11 20 7 6 10 9 14 5 4 13 2 8 15 19 17 
student 317: 20 9 13 5 1 16 10 8 6 18 15 12 2 4 19 3 7 17 14 11 
student 318: 4 8 13 9 3 15 19 5 10 14 1 17 6 7 20 2 18 11 12 16 
student 319: 19 7 20 5 4 17 10 8 12 15 6 9 3 2 18 1 16 11 14 13 
student 320: 18 11 16 3 4 7 19 15 14 2 6 5 10 8 12 1 13 20 17 9 
student 321: 16 7 19 6 1 20 13 8 5 15 3 10 11 4 18 2 14 17 9 12 
student 322: 17 7 18 2 3 13 6 16 8 20 4 11 5 9 19 1 15 12 14 10 
student 323: 8 7 9 4 10 14 15 11 3 16 6 19 1 5 17 2 20 18 13 12 
student 324: 19 11 17 8 12 13 4 15 3 16 1 14 10 2 20 5 6 18 7 9 
student 325: 16 7 20 9 4 10 19 6 13 15 17 8 5 3 18 1 11 2 14 12 
student 326: 18 3 17 14 1 12 13 9 2 11 7 4 5 6 19 15 10 16 20 8 
student 327: 20 9 7 12 3 10 13 5 11 18 4 15 2 6 19 1 14 16 8 17 
student 328: 6 8 20 5 1 14 12 9 13 10 11 18 3 4 17 7 16 19 15 2 
student 329: 15 11 17 8 3 16 10 14 2 13 6 5 1 4 20 9 18 12 19 7 
student 330: 19 10 20 9 4 8 7 6 1 13 11 14 2 3 12 5 18 16 17 15 
student 331: 14 6 20 16 2 11 12 8 5 15 13 7 3 4 18 1 10 19 17 9 
student 332: 18 8 19 6 2 16 12 15 3 17 5 11 10 4 20 1 13 14 9 7 
student 333: 16 14 19 4 8 18 9 7 2 17 11 5 3 6 20 1 12 15 13 10 
student 334: 17 10 20 8 1 14 12 7 9 18 6 4 3 2 19 5 16 15 11 13 
student 335: 12 10 20 7 1 5 15 8 4 13 11 16 2 9 14 6 18 17 19 3 
student 336: 17 6 18 9 10 14 13 7 4 20 2 11 3 8 16 1 15 12 19 5 
student 337: 20 10 16 4 3 17 14 5 7 19 9 8 2 6 18 1 15 13 11 12 
student 338: 2 5 19 3 1 10 11 13 6 15 14 16 9 8 17 7 20 12 18 4 
student 339: 16 1 20 5 2 13 7 6 8 18 12 11 17 4 19 3 15 14 9 10 
student 340: 14 11 18 5 7 13 9 8 6 17 3 16 2 4 19 1 10 15 20 12 
student 341: 20 7 17 2 1 9 14 8 6 18 10 5 4 11 19 3 12 15 16 13 
student 342: 10 7 19 6 5 16 8 15 11 13 1 17 4 3 20 2 18 14 12 9 
student 343: 19 8 11 4 3 18 7 5 1 20 6 14 13 16 10 2 12 17 15 9 
student 344: 15 3 18 1 4 8 14 6 2 13 10 7 17 19 16 12 9 11 20 5 
student 345: 16 5 20 4 1 10 6 8 12 18 13 9 2 7 19 3 17 14 15 11 
student 346: 14 8 20 10 3 11 7 19 6 16 15 13 1 2 18 5 12 17 9 4 
student 347: 16 4 18 5 2 11 17 6 1 14 9 8 12 3 13 10 15 20 19 7 
student 348: 5 12 17 8 1 20 16 6 7 13 11 15 2 3 9 4 14 18 10 19 
student 349: 15 7 17 4 3 12 14 11 6 20 5 10 1 8 19 2 16 13 18 9 
student 350: 9 13 18 14 4 12 15 5 1 17 2 11 10 7 20 3 19 6 16 8 
student 351: 14 16 20 9 8 1 13 12 5 19 11 7 2 6 17 4 18 10 15 3 
student 352: 15 4 16 6 5 17 13 8 2 18 12 9 3 7 20 1 14 19 11 10 
student 353: 15 7 17 9 6 12 13 10 1 18 8 2 5 3 20 4 14 16 19 11 
student 354: 16 10 20 4 2 9 13 6 8 19 3 14 12 1 15 11 18 17 7 5 
student 355: 4 11 19 3 8 15 6 13 2 16 9 12 10 5 20 1 18 17 14 7 
student 356: 14 10 18 6 3 15 7 11 4 16 8 19 5 1 20 2 13 17 12 9 
student 357: 12 7 19 3 2 20 8 9 1 18 16 17 4 14 15 5 11 10 6 13 
student 358: 16 9 14 8 3 19 13 5 2 17 7 12 6 4 20 1 10 18 15 11 
student 359: 17 6 18 5 2 15 12 8 9 14 4 13 3 7 20 1 19 11 16 10 
student 360: 15 2 17 7 1 20 14 5 3 12 9 10 8 6 18 4 19 11 16 13 
student 361: 15 5 19 9 12 11 18 10 1 13 3 6 8 16 17 2 14 20 7 4 
student 362: 17 15 19 11 2 14 13 10 4 20 7 9 1 5 18 3 8 16 12 6 
student 363: 17 7 13 14 5 16 8 12 10 20 2 9 4 1 18 3 19 15 11 6 
student 364: 14 11 19 10 3 18 12 13 4 20 7 8 1 5 15 2 16 9 6 17 
student 365: 6 16 12 8 2 14 15 5 18 13 3 11 10 7 20 4 17 19 9 1 
student 366: 14 5 18 11 7 12 6 15 2 17 4 9 1 3 20 16 13 10 19 8 
student 367: 11 8 19 13 9 15 7 6 1 18 3 10 4 5 16 2 17 20 12 14 
student 368: 19 13 10 1 9 17 16 11 8 4 14 5 7 3 15 2 20 18 12 6 
student 369: 19 11 16 5 8 18 9 7 3 20 6 13 1 4 17 2 15 14 10 12 
student 370: 15 10 14 4 2 16 8 17 3 18 7 19 6 1 20 11 9 12 13 5 
student 371: 16 4 17 9 3 10 11 12 2 18 7 14 5 8 19 1 20 13 15 6 
student 372: 18 8 20 5 6 16 13 4 7 14 12 9 1 3 19 2 15 17 11 10 
student 373: 15 17 20 14 9 19 13 16 3 10 8 11 5 4 18 1 12 6 2 7 
student 374: 9 10 14 15 3 18 13 6 7 19 5 8 1 11 16 2 20 12 17 4 
student 375: 16 17 20 7 9 14 4 10 1 15 8 11 12 3 19 6 2 18 13 5 
student 376: 16 5 19 8 1 15 14 7 4 18 3 12 6 2 20 9 11 17 13 10 
student 377: 2 10 13 1 6 15 12 7 8 19 9 11 5 3 20 4 17 18 14 16 
student 378: 17 12 20 10 2 19 14 1 5 18 8 11 3 7 16 4 13 15 9 6 
student 379: 19 10 13 4 2 16 12 8 3 7 6 15 9 5 20 1 14 17 18 11 
student 380: 10 6 20 7 1 15 9 8 2 19 5 11 12 14 18 3 4 17 13 16 
student 381: 20 2 17 3 4 5 10 15 6 18 8 12 1 9 14 7 16 19 13 11 
student 382: 16 11 19 1 3 17 18 12 2 13 14 4 7 15 20 5 8 9 6 10 
student 383: 17 14 12 11 2 13 15 10 6 16 9 7 4 5 20 3 19 8 18 1 
student 384: 15 12 19 5 2 14 11 3 9 20 8 16 7 17 13 4 6 10 1 18 
student 385: 17 2 9 4 1 5 14 10 3 20 12 11 7 8 19 6 18 16 13 15 
student 386: 13 1 20 9 3 10 15 8 5 11 7 14 4 16 17 6 2 19 18 12 
student 387: 15 8 18 17 1 12 16 2 7 19 3 14 5 11 20 4 6 13 9 10 
student 388: 20 8 18 11 7 14 15 2 6 19 9 16 5 1 17 3 13 10 4 12 
student 389: 19 1 15 2 8 10 12 7 9 20 13 6 3 4 16 5 11 17 18 14 
student 390: 5 10 19 13 1 11 3 7 4 20 14 15 6 17 16 2 18 9 8 12 
student 391: 20 4 14 11 2 16 9 6 3 10 8 17 5 1 12 7 19 15 18 13 
student 392: 17 5 16 9 15 12 11 8 3 18 7 6 4 1 20 2 14 19 13 10 
student 393: 18 12 16 2 11 14 10 6 1 20 19 4 8 7 17 5 9 13 15 3 
student 394: 14 11 19 9 1 18 10 13 4 17 2 12 5 8 16 3 6 15 20 7 
student 395: 20 6 14 7 8 13 12 15 4 19 5 11 2 3 17 1 16 18 10 9 
student 396: 14 6 18 12 7 19 10 9 1 20 8 11 3 4 13 2 15 17 16 5 
student 397: 19 9 20 5 1 17 8 10 2 11 7 15 3 6 18 4 14 12 13 16 
student 398: 18 5 19 8 2 6 14 16 1 20 10 17 3 9 7 11 13 15 4 12 
student 399: 19 12 15 9 3 20 7 13 8 16 2 14 1 5 17 6 10 18 11 4 
student 400: 19 10 20 9 1 12 13 7 5 17 8 16 4 3 14 2 6 15 18 11 
student 401: 14 10 19 5 4 11 8 13 7 15 9 12 3 6 16 2 17 18 1 20 
student 402: 19 7 11 4 1 15 20 14 6 16 5 13 2 8 12 3 18 17 10 9 
student 403: 17 1 20 14 8 16 13 3 5 15 2 7 10 11 6 4 18 19 12 9 
student 404: 17 5 16 13 2 19 9 4 7 12 3 10 6 1 18 8 20 11 14 15 
student 405: 19 17 13 8 3 20 6 1 7 18 10 14 4 5 16 2 9 15 12 11 
student 406: 19 11 18 9 8 4 5 1 3 12 2 15 10 7 20 6 14 16 17 13 
student 407: 20 6 14 15 3 12 17 7 4 18 8 11 2 5 16 1 19 13 9 10 
student 408: 20 6 12 2 1 11 18 4 7 16 9 15 3 5 17 8 14 13 19 10 
student 409: 12 5 20 2 6 7 8 10 14 16 15 13 4 1 18 3 17 9 19 11 
student 410: 17 13 20 7 4 6 16 10 8 15 3 9 11 2 19 1 12 18 14 5 
student 411: 15 14 20 13 2 8 9 18 6 16 4 12 5 10 11 1 19 17 7 3 
student 412: 5 10 20 7 4 19 14 3 11 17 8 12 16 1 18 2 15 13 6 9 
student 413: 14 9 15 5 1 13 10 6 8 11 4 7 3 2 17 18 16 19 20 12 
student 414: 9 14 13 5 1 12 11 8 4 16 10 6 3 7 17 2 15 20 18 19 
student 415: 19 8 20 4 7 18 14 10 6 15 12 5 2 1 16 3 9 13 17 11 
student 416: 18 19 16 5 1 9 14 12 4 20 2 11 8 10 13 3 17 7 15 6 
student 417: 20 2 13 8 1 15 11 9 3 19 10 7 4 5 18 6 16 17 12 14 
student 418: 17 2 20 13 1 5 10 11 6 18 7 12 4 8 16 3 14 15 19 9 
student 419: 19 13 18 5 1 9 17 8 2 20 4 10 6 3 16 7 15 14 12 11 
student 420: 17 13 16 10 5 15 20 6 11 4 1 14 2 3 18 7 19 9 8 12 
student 421: 20 9 19 11 6 16 14 5 8 13 2 12 1 4 10 3 17 7 18 15 
student 422: 15 9 19 13 6 17 3 5 10 11 7 8 2 1 18 4 12 20 14 16 
student 423: 18 13 12 10 5 16 8 7 19 17 6 9 2 4 14 1 20 11 15 3 
student 424: 20 9 15 11 6 7 10 5 17 16 3 13 1 2 8 4 14 19 12 18 
student 425: 12 10 14 2 3 16 11 9 6 17 7 15 4 5 19 1 8 20 18 13 
student 426: 19 5 16 6 2 4 13 3 1 17 9 11 12 8 20 7 15 18 14 10 
student 427: 13 7 15 5 2 10 12 6 14 18 17 20 4 3 19 1 16 9 11 8 
student 428: 15 10 20 18 1 9 13 4 12 17 3 6 16 11 19 2 14 8 5 7 
student 429: 17 13 19 9 4 5 7 16 2 20 6 11 8 3 12 1 15 18 10 14 
student 430: 19 8 16 7 5 18 15 3 2 17 4 12 9 6 20 1 10 14 11 13 
student 431: 13 10 18 6 8 20 14 11 9 12 2 7 3 5 19 4 15 16 17 1 
student 432: 18 7 19 9 4 14 15 3 1 17 13 6 2 10 20 5 12 16 11 8 
student 433: 15 9 19 12 5 10 18 8 6 17 2 16 3 1 20 13 7 14 4 11 
student 434: 19 13 15 8 3 11 12 10 4 17 9 5 2 7 20 1 18 14 16 6 
student 435: 19 1 18 12 7 5 20 11 3 4 6 10 8 9 13 2 14 17 16 15 
student 436: 12 5 17 2 3 16 13 6 14 20 4 15 10 11 8 1 18 19 9 7 
student 437: 17 9 13 6 7 16 11 2 4 19 8 10 1 5 20 3 14 18 15 12 
student 438: 19 1 20 9 11 14 12 3 2 18 5 10 6 7 17 8 13 16 15 4 
student 439: 18 7 19 8 2 14 15 6 5 11 10 12 4 9 16 1 13 17 20 3 
student 440: 19 3 18 14 11 10 4 13 1 6 7 9 5 12 20 2 17 15 8 16 
student 441: 18 11 17 1 5 16 13 2 4 12 7 8 3 9 19 6 20 15 14 10 
student 442: 16 2 14 8 4 9 1 20 7 13 3 17 18 5 15 6 10 12 11 19 
student 443: 17 6 20 5 1 16 10 8 7 19 3 14 2 11 18 4 15 13 12 9 
student 444: 15 6 17 13 4 18 12 11 9 19 5 10 1 2 20 3 16 7 14 8 
student 445: 8 12 19 11 1 14 15 5 10 16 6 9 4 2 17 3 18 20 13 7 
student 446: 9 7 18 3 1 16 12 14 6 20 11 8 2 5 19 4 13 17 15 10 
student 447: 17 7 16 3 2 11 9 8 1 20 12 18 4 5 15 6 14 13 19 10 
student 448: 19 7 14 2 1 15 10 18 5 13 12 11 8 9 20 3 16 17 6 4 
student 449: 19 13 11 4 3 15 6 17 9 10 2 12 5 1 18 7 20 16 8 14 
student 450: 19 9 20 6 7 17 12 3 11 16 8 10 1 5 18 2 15 13 14 4 
student 451: 14 8 11 10 7 15 6 5 4 17 13 12 3 2 20 1 19 16 9 18 
student 452: 16 5 20 7 3 12 10 13 4 17 8 9 2 6 19 1 14 18 11 15 
student 453: 9 14 20 8 1 10 12 7 3 16 6 15 5 13 17 2 11 19 4 18 
student 454: 8 16 17 9 12 11 18 13 1 19 3 10 2 7 20 5 6 15 4 14 
student 455: 19 17 13 10 1 9 3 12 4 16 2 14 11 15 20 6 5 18 8 7 
student 456: 18 8 19 6 11 1 16 10 4 15 9 13 3 5 20 2 7 14 17 12 
student 457: 16 8 17 4 3 10 13 6 1 20 2 7 11 9 12 5 19 15 18 14 
student 458: 19 7 18 9 4 16 13 14 5 8 6 11 1 3 20 2 17 10 15 12 
student 459: 7 2 20 8 6 15 17 4 13 12 9 10 5 3 19 1 18 16 11 14 
student 460: 8 9 17 5 14 19 13 10 7 11 6 12 1 2 16 3 18 20 15 4 
student 461: 8 9 18 17 1 19 12 2 5 20 7 10 3 4 16 6 13 11 15 14 
student 462: 17 12 20 3 2 19 13 5 6 18 1 11 9 4 14 7 16 8 15 10 
student 463: 20 8 16 3 7 13 12 6 9 18 14 2 5 1 17 4 19 15 11 10 
student 464: 20 9 13 8 4 15 11 6 3 19 12 16 2 14 18 1 5 10 7 17 
student 465: 15 12 20 9 3 6 16 13 8 7 4 11 5 1 17 2 10 18 19 14 
student 466: 7 6 15 4 3 20 18 14 9 11 16 10 8 1 19 2 17 12 13 5 
student 467: 19 2 20 5 3 16 13 10 1 17 8 11 7 4 18 6 14 9 12 15 
student 468: 17 8 19 5 3 12 14 10 4 18 9 7 1 6 20 2 16 13 15 11 
student 469: 20 17 15 11 2 3 14 5 13 19 12 7 10 6 18 1 4 9 16 8 
student 470: 15 8 18 6 7 13 14 9 4 16 5 11 3 10 20 1 2 17 19 12 
student 471: 15 5 18 13 3 6 17 10 9 16 12 7 8 1 20 2 11 14 19 4 
student 472: 19 15 18 2 4 20 5 13 8 16 6 12 1 10 17 3 11 7 14 9 
student 473: 18 16 19 12 7 8 4 10 3 20 11 5 2 6 14 1 15 17 13 9 
student 474: 19 17 15 6 7 10 11 9 4 20 8 5 1 13 16 2 12 18 14 3 
student 475: 17 9 16 5 6 18 7 11 8 13 1 10 2 4 20 3 15 19 14 12 
student 476: 19 10 13 5 4 15 11 14 3 20 7 9 1 8 18 2 17 12 16 6 
student 477: 17 7 14 5 2 13 20 6 1 18 3 10 4 8 15 12 9 16 19 11 
student 478: 9 5 19 14 2 6 15 13 1 10 7 11 3 4 20 8 18 17 16 12 
student 479: 14 5 17 3 2 9 12 11 4 20 8 13 1 19 15 6 18 7 16 10 
student 480: 18 9 19 15 13 20 3 8 2 6 11 14 5 1 16 4 12 10 7 17 
student 481: 19 3 13 12 4 1 8 15 7 18 6 10 5 11 17 2 14 20 9 16 
student 482: 19 5 15 11 18 12 8 4 9 20 1 6 2 3 17 7 13 16 10 14 
student 483: 8 2 13 3 6 16 15 14 9 17 12 11 1 7 18 4 5 19 20 10 
student 484: 10 5 19 2 6 13 16 7 9 15 11 8 12 1 17 4 14 18 20 3 
student 485: 15 4 20 2 7 18 14 10 8 19 11 1 3 13 17 5 12 6 16 9 
student 486: 19 13 10 4 3 9 11 14 1 20 6 7 5 8 18 2 17 15 16 12 
student 487: 20 15 16 3 7 18 6 12 4 19 10 8 1 11 17 2 13 9 5 14 
student 488: 15 9 16 6 1 7 11 17 2 14 3 10 5 8 19 4 13 20 18 12 
student 489: 17 15 19 2 1 12 14 8 4 18 13 7 5 6 20 3 10 16 11 9 
student 490: 14 4 20 9 15 13 11 6 3 18 8 7 2 12 16 1 17 19 10 5 
student 491: 11 18 17 4 2 9 15 14 1 12 5 6 13 7 20 3 16 19 10 8 
student 492: 20 10 16 9 6 12 1 8 3 13 4 17 7 5 18 2 14 15 19 11 
student 493: 16 5 18 6 3 12 15 11 10 17 8 9 1 2 20 4 14 19 7 13 
student 494: 16 8 18 11 2 10 13 7 1 19 9 4 6 3 20 5 12 17 14 15 
student 495: 16 7 19 10 2 9 14 3 6 20 11 8 1 12 17 5 13 15 18 4 
student 496: 18 8 17 16 1 9 10 11 3 14 4 19 2 7 20 5 15 13 6 12 
student 497: 17 7 9 6 2 13 11 20 18 19 8 15 3 5 1 4 14 16 10 12 
student 498: 10 3 20 13 6 12 11 4 1 19 5 8 7 14 17 2 9 16 15 18 
student 499: 19 1 20 10 4 5 14 18 7 6 2 15 12 11 17 13 3 16 8 9 
student 500: 16 3 17 18 6 20 5 1 9 15 10 11 8 12 19 2 14 7 13 4 
student 501: 10 3 17 8 5 11 7 12 4 18 9 6 2 13 19 1 20 16 14 15 
student 502: 18 5 17 14 3 7 8 13 6 20 9 15 1 2 12 4 16 19 11 10 
student 503: 12 20 19 6 1 18 13 9 4 11 10 8 2 5 17 3 14 16 15 7 
student 504: 19 11 14 13 2 6 18 5 4 15 17 9 8 3 12 1 16 20 10 7 
student 505: 14 18 11 1 7 17 9 13 5 16 12 15 2 4 19 3 20 10 6 8 
student 506: 16 6 18 15 4 11 10 7 5 20 3 8 2 12 17 1 19 9 13 14 
student 507: 20 13 18 10 6 15 19 7 2 17 5 11 3 4 16 1 12 14 9 8 
student 508: 15 7 19 8 2 10 12 13 4 17 6 9 3 5 20 1 11 18 16 14 
student 509: 19 5 18 12 1 17 15 13 3 16 4 14 2 10 9 7 11 6 20 8 
student 510: 10 3 19 7 5 20 11 8 14 17 4 12 9 1 18 2 15 13 6 16 
student 511: 14 10 15 7 2 16 13 9 1 20 5 6 8 11 18 3 19 4 17 12 
student 512: 14 15 19 17 1 8 5 9 3 18 11 13 2 4 20 7 10 12 6 16 
student 513: 9 6 19 11 1 17 13 7 5 16 10 14 2 4 20 3 18 12 15 8 
student 514: 13 6 10 5 11 8 18 19 4 15 9 12 2 3 16 1 14 17 7 20 
student 515: 11 9 19 3 5 12 4 1 17 16 6 18 2 13 20 14 7 15 10 8 
student 516: 20 16 11 7 6 19 12 1 5 18 8 3 4 2 15 9 10 13 17 14 
student 517: 16 4 19 2 7 14 5 9 8 13 17 12 10 1 20 3 6 15 11 18 
student 518: 8 5 14 10 9 16 13 3 2 20 15 7 6 4 11 1 17 19 18 12 
student 519: 9 10 14 6 3 11 13 4 5 18 2 20 1 8 19 7 16 15 17 12 
student 520: 19 6 17 5 2 10 7 11 8 18 4 9 1 14 20 3 16 13 15 12 
student 521: 19 7 16 6 1 9 11 17 3 20 18 12 8 4 15 2 13 14 5 10 
student 522: 18 7 16 9 6 15 13 10 4 5 1 14 11 3 19 2 12 17 20 8 
student 523: 14 11 17 6 3 10 12 15 9 19 5 7 2 4 20 1 18 16 8 13 
student 524: 8 3 15 6 2 10 14 4 7 11 17 9 5 13 19 1 16 12 20 18 
student 525: 18 6 19 5 12 20 10 7 2 15 9 14 4 8 17 1 13 16 11 3 
student 526: 19 3 18 10 8 17 12 11 5 15 6 7 1 2 20 4 14 16 13 9 
student 527: 20 16 19 1 3 17 7 6 10 14 4 11 8 5 13 2 18 15 9 12 
student 528: 18 8 17 5 4 14 16 3 6 20 1 10 12 7 19 2 13 15 11 9 
student 529: 14 7 16 2 5 9 10 4 15 17 8 6 13 3 19 1 11 12 20 18 
student 530: 6 17 20 5 2 14 13 12 9 10 4 8 7 3 11 1 18 19 15 16 
student 531: 9 15 16 8 6 18 17 2 4 20 1 13 5 7 19 3 11 14 12 10 
student 532: 20 5 18 12 2 13 14 9 3 8 15 6 4 7 16 1 11 17 10 19 
student 533: 19 9 8 6 5 15 14 10 1 12 3 13 4 11 17 2 7 20 18 16 
student 534: 20 9 19 10 2 17 15 11 8 18 4 13 6 3 16 1 14 5 7 12 
student 535: 17 12 10 9 7 15 8 4 18 19 2 13 3 14 11 1 6 16 5 20 
student 536: 16 17 19 15 1 10 11 12 3 4 7 13 5 9 18 2 20 14 8 6 
student 537: 17 6 19 7 1 9 18 2 5 16 4 11 8 3 20 10 12 15 14 13 
student 538: 19 10 16 2 5 11 13 8 3 20 4 12 6 7 17 1 15 18 9 14 
student 539: 15 18 17 8 1 14 9 19 5 16 2 6 11 10 20 4 3 12 7 13 
student 540: 17 5 14 6 4 20 19 10 8 13 9 12 2 3 18 1 15 16 7 11 
student 541: 19 2 12 17 4 18 10 3 1 7 16 9 13 8 20 6 14 11 15 5 
student 542: 17 1 18 12 2 20 8 9 5 16 10 14 3 11 15 4 19 7 13 6 
student 543: 17 11 19 5 3 16 8 7 1 15 13 6 2 10 18 4 20 14 9 12 
student 544: 7 6 20 5 2 13 12 1 9 15 18 11 4 16 19 8 10 14 17 3 
student 545: 13 6 14 5 4 16 10 7 9 11 3 15 2 20 19 1 12 17 18 8 
student 546: 16 12 15 9 1 10 20 13 3 18 8 14 4 5 17 2 11 19 7 6 
student 547: 10 15 13 16 1 14 19 5 9 20 7 12 4 6 17 2 11 18 8 3 
student 548: 11 13 9 5 4 18 16 7 6 17 10 15 1 8 20 3 12 19 14 2 
student 549: 19 7 17 1 3 4 18 11 2 14 10 20 5 8 12 6 16 13 15 9 
student 550: 12 8 10 7 2 15 4 16 5 19 9 13 3 6 20 1 14 18 17 11 
student 551: 19 7 20 3 10 13 8 5 2 18 9 6 1 17 14 4 15 12 11 16 
student 552: 14 11 13 8 9 7 5 20 3 16 6 19 18 4 10 2 12 17 15 1 
student 553: 11 1 17 12 10 8 18 14 2 16 5 19 6 7 20 3 15 13 4 9 
student 554: 6 11 17 10 2 5 14 12 4 13 9 16 1 3 15 8 19 18 7 20 
student 555: 19 14 20 6 1 3 18 8 10 7 12 15 9 5 2 4 16 11 17 13 
student 556: 5 6 17 11 4 18 19 12 2 15 7 8 9 3 20 1 10 14 16 13 
student 557: 14 8 20 2 1 11 16 3 6 18 13 9 4 15 19 5 12 17 10 7 
student 558: 16 1 20 10 5 11 13 12 9 17 4 7 3 6 19 8 18 15 14 2 
student 559: 17 4 19 5 3 13 11 10 2 18 7 8 12 9 20 1 14 6 15 16 
student 560: 15 9 19 2 1 17 12 4 11 18 10 7 3 8 20 6 14 16 5 13 
student 561: 17 4 16 11 3 8 10 7 1 18 5 9 6 14 20 2 15 19 12 13 
student 562: 18 2 17 1 10 14 3 4 7 20 12 8 6 11 19 9 5 16 13 15 
student 563: 12 7 19 1 14 15 10 3 11 17 6 2 4 5 20 18 16 13 8 9 
student 564: 18 19 17 7 9 11 4 12 5 20 10 2 1 8 15 3 14 6 16 13 
student 565: 16 5 18 3 1 11 12 7 6 19 14 13 8 2 20 4 17 15 9 10 
student 566: 18 8 17 5 4 12 13 3 2 20 10 11 7 6 9 1 16 14 15 19 
student 567: 12 17 19 1 14 2 15 9 5 20 3 8 7 4 18 6 11 16 13 10 
student 568: 19 2 20 10 12 16 9 3 7 8 1 18 11 5 17 6 14 15 4 13 
student 569: 17 4 16 8 3 18 20 13 7 19 2 14 6 5 15 1 12 11 10 9 
student 570: 14 2 18 6 4 13 11 9 15 20 10 1 8 5 17 3 12 19 16 7 
student 571: 10 2 17 1 8 16 12 7 9 20 11 19 3 4 18 5 13 15 14 6 
student 572: 15 13 17 2 6 19 12 5 1 18 11 4 7 10 20 3 16 9 14 8 
student 573: 19 7 20 8 5 11 14 2 3 18 12 9 4 6 16 1 10 17 13 15 
student 574: 20 5 18 1 8 14 12 7 4 17 16 10 6 3 15 2 11 13 19 9 
student 575: 16 11 18 7 2 12 10 8 1 20 5 9 4 6 19 3 17 14 13 15 
student 576: 8 10 19 6 17 12 15 2 7 16 4 14 5 9 20 3 11 18 13 1 
student 577: 19 8 15 12 6 13 7 11 5 16 3 17 1 10 20 4 9 14 18 2 
student 578: 20 8 19 6 2 14 11 7 4 16 5 10 3 17 15 1 13 12 9 18 
student 579: 17 16 15 12 1 8 19 4 7 11 5 3 10 9 18 2 13 6 14 20 
student 580: 19 12 18 8 7 13 14 2 6 10 11 9 1 5 20 4 16 17 15 3 
student 581: 7 5 19 1 2 9 6 10 13 14 4 11 3 15 20 8 18 17 12 16 
student 582: 11 14 19 9 5 18 17 2 8 16 7 3 1 6 15 4 12 20 10 13 
student 583: 17 11 20 9 4 7 15 10 5 19 1 13 2 8 18 6 16 14 12 3 
student 584: 20 14 19 3 9 8 5 1 11 18 13 12 4 6 16 7 10 15 2 17 
student 585: 11 7 1 12 8 5 17 4 2 19 10 9 3 14 16 6 18 13 20 15 
student 586: 15 5 18 8 6 16 20 11 10 19 3 14 2 4 9 1 17 13 7 12 
student 587: 14 18 20 9 3 6 8 12 1 17 10 4 7 13 19 2 15 16 5 11 
student 588: 9 1 19 2 12 8 11 6 4 14 5 17 7 13 20 3 15 18 16 10 
student 589: 17 10 19 4 2 11 7 9 13 20 8 14 5 3 18 1 16 15 12 6 
student 590: 12 1 20 7 2 16 11 9 8 5 10 15 3 6 19 13 18 14 17 4 
student 591: 14 6 18 15 1 16 11 3 8 17 4 19 5 9 20 2 13 12 7 10 
student 592: 18 6 19 9 7 16 14 13 5 17 2 10 3 15 20 4 11 12 1 8 
student 593: 19 11 20 8 6 18 10 7 4 17 1 13 2 9 16 15 5 14 3 12 
student 594: 12 2 15 9 3 17 13 8 5 20 4 14 10 1 16 6 19 11 7 18 
student 595: 16 9 20 7 5 18 12 6 2 17 3 15 8 4 14 1 13 19 11 10 
student 596: 17 14 16 13 8 7 9 1 4 18 10 6 5 11 20 2 15 19 12 3 
student 597: 16 12 19 7 6 10 4 8 2 20 9 15 5 1 13 3 17 11 18 14 
student 598: 20 4 13 8 2 11 18 16 10 19 3 5 1 12 17 7 15 14 9 6 
student 599: 11 4 18 16 6 20 8 10 7 19 1 17 5 9 12 3 13 15 14 2 
student 600: 20 5 18 3 2 11 14 7 6 13 9 17 1 12 19 4 15 16 10 8 
student 601: 17 10 16 3 8 7 6 13 9 19 5 12 1 2 20 4 14 11 15 18 
student 602: 18 12 11 6 3 10 16 9 5 17 13 7 2 4 20 1 14 15 19 8 
student 603: 13 11 20 4 1 15 10 16 5 14 6 17 3 7 19 2 12 18 8 9 
student 604: 5 8 16 15 1 13 12 9 2 18 6 11 3 7 20 4 17 14 19 10 
student 605: 17 7 20 9 2 8 19 11 4 5 14 13 3 6 18 1 15 10 16 12 
student 606: 20 10 19 4 3 17 9 6 13 18 11 2 8 5 16 1 14 15 7 12 
student 607: 17 7 3 10 1 16 14 12 4 18 11 13 8 5 19 2 20 9 15 6 
student 608: 5 12 19 8 2 13 10 7 4 18 3 14 6 9 20 1 16 17 11 15 
student 609: 20 9 13 8 2 16 7 14 1 11 4 17 5 6 10 3 18 19 12 15 
student 610: 18 17 19 12 3 16 7 6 2 20 4 14 8 11 15 1 10 9 13 5 
student 611: 15 11 19 6 5 13 2 8 4 18 1 14 7 9 20 3 16 17 10 12 
student 612: 17 4 19 14 7 11 8 6 5 18 2 12 3 9 20 1 13 15 16 10 
student 613: 19 12 5 7 1 11 13 9 4 15 8 20 2 3 18 6 16 17 14 10 
student 614: 19 7 16 6 2 8 12 14 5 15 10 18 4 3 20 17 13 11 9 1 
student 615: 14 6 17 1 5 13 9 2 8 20 10 12 4 7 15 3 18 19 11 16 
student 616: 19 14 16 12 3 13 11 9 8 15 7 10 1 5 17 2 4 20 6 18 
student 617: 18 10 17 7 4 13 15 12 3 11 5 6 2 8 20 1 19 16 14 9 
student 618: 16 1 17 7 4 11 10 19 6 18 9 5 8 2 20 3 13 14 12 15 
student 619: 20 13 16 9 2 17 12 7 3 19 5 14 4 6 18 1 11 8 10 15 
student 620: 12 6 18 19 2 9 14 11 3 16 13 7 1 5 20 4 15 17 8 10 
student 621: 15 1 17 12 2 19 14 7 3 10 11 13 4 5 20 6 18 16 9 8 
student 622: 19 10 17 4 3 16 15 2 14 8 12 5 6 7 20 1 9 11 13 18 
student 623: 13 9 6 14 2 16 5 10 4 19 11 15 7 3 20 1 8 17 18 12 
student 624: 16 2 20 17 15 14 9 10 1 3 11 12 8 13 19 6 4 7 18 5 
student 625: 16 10 20 7 6 12 13 8 5 17 4 15 11 2 18 1 9 19 3 14 
student 626: 16 5 19 6 1 20 13 9 4 10 18 14 3 2 15 8 17 12 7 11 
student 627: 20 5 18 9 4 17 13 15 12 14 1 7 6 11 10 2 3 19 16 8 
student 628: 15 6 16 11 5 18 13 4 2 17 20 9 7 3 19 1 10 14 12 8 
student 629: 19 6 18 3 4 15 20 11 9 17 10 12 1 7 5 2 14 16 13 8 
student 630: 13 9 18 4 5 19 14 10 3 20 7 8 1 6 15 12 17 16 11 2 
student 631: 18 15 19 5 2 4 8 6 10 14 3 17 11 12 20 1 9 16 13 7 
student 632: 16 14 19 8 1 9 17 12 2 20 13 4 6 10 15 3 11 7 18 5 
student 633: 15 6 19 5 1 18 12 10 4 17 8 11 9 3 14 2 13 20 16 7 
student 634: 19 8 12 6 1 16 15 14 4 18 7 10 2 5 20 3 13 17 11 9 
student 635: 20 4 16 3 2 11 13 10 9 12 14 17 1 8 19 7 15 18 6 5 
student 636: 14 8 18 3 4 10 16 7 6 20 5 12 1 15 17 2 11 13 19 9 
student 637: 17 7 19 2 3 11 14 8 12 16 6 15 5 1 18 4 13 20 10 9 
student 638: 19 4 14 3 2 8 9 6 1 20 7 16 10 11 18 15 17 13 12 5 
student 639: 10 12 19 6 16 13 17 11 7 18 14 2 5 3 9 1 20 4 8 15 
student 640: 15 9 20 5 3 12 7 11 8 18 4 10 2 6 19 1 17 13 14 16 
student 641: 13 6 17 5 7 16 9 4 2 11 1 15 14 8 19 18 20 12 10 3 
student 642: 17 5 19 11 1 15 12 9 10 20 8 18 3 6 16 2 7 13 4 14 
student 643: 8 5 20 11 2 15 18 13 3 14 6 10 9 1 17 4 19 16 12 7 
student 644: 16 4 19 3 6 9 12 7 1 14 10 8 13 17 15 2 20 11 18 5 
student 645: 20 6 19 1 8 5 12 18 2 17 16 7 10 3 13 9 15 14 4 11 
student 646: 15 5 20 9 8 16 14 7 2 18 4 12 1 6 17 3 19 10 11 13 
student 647: 19 11 12 5 13 16 20 7 2 18 3 8 4 6 17 1 10 9 14 15 
student 648: 9 10 17 7 5 16 12 4 3 19 1 15 2 13 18 6 14 11 20 8 
student 649: 8 9 18 5 4 17 14 3 13 20 19 11 7 1 12 2 10 15 16 6 
student 650: 15 8 14 12 4 11 17 5 1 13 10 9 3 6 19 2 20 16 18 7 
student 651: 13 4 7 2 9 19 10 17 1 16 6 14 8 11 20 3 15 18 12 5 
student 652: 16 12 15 8 1 14 10 3 7 18 11 9 4 2 20 6 19 13 17 5 
student 653: 12 2 20 3 16 15 10 6 4 17 9 13 7 5 19 1 11 18 14 8 
student 654: 20 9 16 5 3 12 14 2 10 18 1 13 4 6 19 8 17 15 11 7 
student 655: 16 11 17 10 2 13 9 14 1 19 8 12 7 5 15 4 6 18 20 3 
student 656: 20 6 10 4 2 11 9 7 12 16 1 14 3 5 19 8 17 15 18 13 
student 657: 17 3 15 1 11 20 16 8 7 19 5 10 6 2 13 4 9 18 14 12 
student 658: 13 11 18 8 6 16 14 9 2 17 7 12 1 5 20 4 19 10 15 3 
student 659: 17 4 19 13 5 18 8 12 3 20 11 14 7 1 15 2 9 16 10 6 
student 660: 17 9 15 2 5 12 18 3 1 20 6 8 4 14 19 7 13 16 10 11 
student 661: 19 3 18 11 5 7 16 9 10 8 13 6 2 4 20 1 17 14 12 15 
student 662: 12 15 9 3 1 18 13 8 7 20 6 10 2 5 17 4 19 14 16 11 
student 663: 20 9 18 5 2 17 11 14 1 13 4 8 12 6 16 3 7 19 10 15 
student 664: 12 6 14 7 5 2 15 8 1 16 11 19 10 3 20 4 18 17 9 13 
student 665: 19 8 11 1 14 20 6 17 5 15 2 7 3 16 18 4 13 12 9 10 
student 666: 15 12 20 8 2 16 13 9 4 14 7 11 3 5 19 1 17 10 6 18 
student 667: 18 5 19 10 13 15 20 6 2 17 3 16 1 8 14 4 12 9 11 7 
student 668: 15 11 20 4 3 9 1 17 8 10 14 2 7 6 18 5 13 16 19 12 
student 669: 14 8 19 16 5 9 15 13 3 12 1 10 6 4 20 2 18 11 17 7 
student 670: 16 6 15 8 4 17 13 12 5 19 7 11 14 1 20 3 10 9 2 18 
student 671: 17 4 20 2 7 16 9 3 6 14 10 11 1 8 15 5 19 13 12 18 
student 672: 20 8 17 4 5 10 13 9 6 18 7 14 1 16 11 2 15 19 3 12 
student 673: 18 16 17 6 2 14 13 7 3 15 10 8 4 9 20 1 11 19 12 5 
student 674: 18 1 17 5 6 9 15 7 4 19 10 13 2 3 16 12 14 20 11 8 
student 675: 17 13 15 2 1 18 5 4 6 20 8 14 7 9 10 3 19 16 12 11 
student 676: 18 4 14 9 10 16 12 2 5 8 7 19 1 6 20 3 13 15 17 11 
student 677: 14 18 15 12 2 7 16 4 9 17 13 5 1 10 20 3 11 19 6 8 
student 678: 7 9 20 14 4 15 10 1 8 17 5 11 12 2 16 3 19 13 18 6 
student 679: 12 7 19 11 2 18 14 8 9 6 5 15 3 4 20 1 16 17 10 13 
student 680: 3 8 15 7 6 10 9 17 2 16 4 19 5 1 13 12 14 20 11 18 
student 681: 11 4 19 17 3 12 20 16 6 14 8 13 1 5 10 2 18 7 15 9 
student 682: 18 7 14 3 1 16 8 12 2 17 5 15 6 10 20 11 13 19 9 4 
student 683: 18 2 14 1 16 13 3 8 6 19 7 15 4 10 17 5 20 9 11 12 
student 684: 19 7 17 12 2 15 14 8 6 20 11 18 1 5 16 4 3 13 9 10 
student 685: 17 12 11 6 3 13 16 10 1 18 5 15 7 9 20 2 19 14 8 4 
student 686: 20 13 17 8 6 16 15 3 5 18 7 10 1 4 19 2 12 14 11 9 
student 687: 14 5 17 6 1 20 9 11 8 19 4 13 2 12 18 3 15 16 10 7 
student 688: 16 7 18 2 8 5 15 19 4 20 6 11 9 10 13 3 17 14 12 1 
student 689: 18 11 17 8 3 19 7 6 14 16 5 12 1 4 20 2 15 13 10 9 
student 690: 12 10 20 13 2 19 8 4 9 16 3 6 5 11 15 1 18 17 14 7 
student 691: 17 6 18 1 4 15 14 10 3 20 8 13 7 5 19 2 11 16 12 9 
student 692: 16 7 18 5 2 14 20 11 4 17 6 10 9 3 19 1 15 13 12 8 
student 693: 12 8 20 9 3 14 6 17 5 13 1 15 11 4 16 2 18 7 19 10 
student 694: 11 5 20 7 1 17 16 12 4 19 2 10 15 6 18 3 8 13 9 14 
student 695: 16 9 20 10 1 13 14 12 7 19 4 5 6 2 18 3 11 15 17 8 
student 696: 8 6 20 3 11 19 16 17 1 15 14 7 4 2 12 9 13 18 5 10 
student 697: 19 14 15 2 4 9 13 16 8 20 7 10 1 5 17 6 18 11 12 3 
student 698: 19 10 16 4 2 9 13 18 7 11 8 14 6 1 12 3 20 17 5 15 
student 699: 11 18 20 9 6 10 12 7 8 15 13 4 1 5 14 3 17 19 16 2 
student 700: 15 6 5 3 2 16 11 12 9 20 10 13 4 7 19 1 14 8 17 18 
student 701: 20 11 12 8 1 15 17 7 5 10 9 16 3 2 18 6 14 19 13 4 
student 702: 20 9 16 8 7 18 12 2 13 15 1 4 10 5 14 11 3 17 6 19 
student 703: 20 9 15 1 2 18 13 8 3 19 6 14 7 5 11 4 17 12 16 10 
student 704: 12 6 17 13 3 19 7 11 1 15 10 18 9 4 14 2 8 16 20 5 
student 705: 20 4 16 7 2 15 13 12 6 17 1 18 5 8 10 3 19 14 9 11 
student 706: 15 8 18 6 5 11 14 13 1 16 7 17 4 2 20 3 19 12 10 9 
student 707: 13 6 14 3 5 12 8 9 20 10 7 16 2 4 17 1 18 19 11 15 
student 708: 8 2 14 7 6 19 9 13 4 16 1 10 18 11 20 3 5 15 17 12 
student 709: 18 5 19 12 3 7 13 10 1 15 4 8 9 14 20 2 11 17 16 6 
student 710: 17 6 13 11 3 14 15 1 5 18 7 10 8 2 19 4 20 16 12 9 
student 711: 18 13 12 7 2 9 15 14 6 10 4 5 3 8 19 1 20 11 17 16 
student 712: 16 8 19 11 2 17 5 12 4 18 9 13 3 6 20 1 14 10 15 7 
student 713: 6 13 17 3 4 11 10 16 2 19 8 14 5 1 12 7 18 9 20 15 
student 714: 19 12 14 8 1 11 10 7 5 18 4 9 2 13 20 3 6 15 17 16 
student 715: 13 8 15 16 2 14 9 10 3 19 4 17 1 6 20 5 11 12 18 7 
student 716: 10 12 16 18 1 17 13 6 2 7 8 11 5 4 15 3 14 9 20 19 
student 717: 18 9 19 5 4 12 7 10 6 15 3 11 1 8 20 2 17 13 16 14 
student 718: 15 7 8 12 2 11 16 9 3 17 10 18 6 4 20 1 19 13 5 14 
student 719: 16 12 20 5 3 11 9 13 4 17 8 6 1 2 19 10 15 18 14 7 
student 720: 19 2 20 8 3 6 9 15 4 18 7 10 5 11 12 1 17 13 16 14 
student 721: 13 11 18 3 8 10 14 16 9 15 6 2 4 7 19 1 12 17 20 5 
student 722: 16 4 20 6 8 13 14 11 1 15 5 7 3 2 19 9 18 17 12 10 
student 723: 14 10 18 9 7 11 12 4 2 19 3 13 5 6 20 1 15 16 17 8 
student 724: 19 5 20 2 1 12 15 14 6 16 4 9 7 13 11 3 18 17 8 10 
student 725: 12 6 16 1 3 20 7 19 17 18 13 9 2 4 5 10 14 11 15 8 
student 726: 16 8 12 5 1 13 7 9 10 14 2 6 3 4 19 11 15 17 18 20 
student 727: 15 11 20 8 6 12 14 3 7 10 1 19 16 13 9 2 4 18 17 5 
student 728: 7 3 17 8 4 14 11 13 10 20 5 18 1 6 19 2 12 15 9 16 
student 729: 14 5 13 12 1 20 17 6 7 16 2 11 3 9 18 4 15 19 10 8 
student 730: 19 7 20 15 4 18 11 9 13 14 5 10 6 2 12 1 17 8 16 3 
student 731: 20 5 15 12 6 13 10 7 3 14 2 16 8 4 19 1 17 18 9 11 
student 732: 19 6 18 4 3 16 12 13 2 14 1 8 7 11 20 5 10 9 17 15 
student 733: 18 4 20 17 1 5 12 8 2 19 6 10 7 9 16 3 14 11 15 13 
student 734: 9 7 19 4 1 14 8 5 6 16 11 15 2 10 20 3 13 18 17 12 
student 735: 16 8 20 6 3 12 9 10 14 18 4 15 5 2 19 1 13 17 11 7 
student 736: 16 8 20 3 14 10 15 18 2 6 4 13 1 7 12 5 9 17 19 11 
student 737: 17 8 18 5 4 12 2 9 11 13 10 14 3 6 20 1 16 19 15 7 
student 738: 5 8 18 1 3 11 17 15 9 19 2 13 10 4 14 7 12 16 6 20 
student 739: 17 6 18 5 3 15 12 7 11 20 8 14 1 2 19 4 9 16 13 10 
student 740: 17 4 20 3 1 18 13 10 6 14 12 11 2 5 19 8 15 7 16 9 
student 741: 19 9 13 12 6 4 10 5 2 14 16 8 7 1 20 3 17 18 15 11 
student 742: 17 11 16 3 4 14 13 7 1 9 2 15 5 6 20 8 19 10 18 12 
student 743: 16 19 20 6 4 10 9 13 5 18 2 11 3 8 17 1 14 12 15 7 
student 744: 20 6 16 4 8 14 5 7 9 15 3 10 13 1 18 2 11 17 12 19 
student 745: 13 7 19 2 1 15 8 11 14 17 3 16 4 6 18 5 12 20 10 9 
student 746: 11 5 16 3 4 8 7 9 1 15 14 10 12 6 20 2 19 18 13 17 
student 747: 14 20 15 11 6 16 10 9 5 19 8 3 4 7 13 2 17 18 12 1 
student 748: 5 12 19 4 10 6 3 13 2 16 11 15 8 9 20 1 17 14 18 7 
student 749: 17 7 19 6 4 14 13 8 3 18 15 11 1 5 20 2 16 10 12 9 
student 750: 19 4 16 14 2 9 6 13 12 18 1 5 8 10 20 3 17 11 15 7 
student 751: 20 19 18 5 1 15 14 6 3 13 7 17 2 10 9 4 16 12 8 11 
student 752: 16 8 15 4 6 13 11 9 17 18 14 7 2 3 10 1 12 20 5 19 
student 753: 12 10 13 11 8 17 14 9 1 20 7 6 3 4 19 2 16 18 15 5 
student 754: 11 20 15 6 1 12 10 5 4 19 7 8 2 3 18 9 13 14 16 17 
student 755: 18 14 19 11 4 17 12 7 10 8 5 13 2 3 20 1 15 16 6 9 
student 756: 19 3 18 17 4 14 8 1 2 20 5 6 10 12 16 7 13 11 9 15 
student 757: 17 8 10 11 2 20 9 14 3 18 7 15 5 6 19 1 4 13 12 16 
student 758: 12 11 19 5 4 17 9 8 7 18 15 10 2 1 20 3 16 14 13 6 
student 759: 11 13 18 12 4 9 6 15 8 14 16 5 2 3 20 1 17 7 10 19 
student 760: 17 7 19 6 4 16 10 11 3 15 8 1 13 5 18 2 9 20 14 12 
student 761: 20 10 14 1 3 12 18 15 6 19 8 7 5 4 17 2 16 11 9 13 
student 762: 14 8 18 16 9 5 12 7 17 15 4 6 2 3 20 1 11 19 13 10 
student 763: 17 6 1 11 2 8 13 10 3 18 4 16 9 14 20 5 19 12 15 7 
student 764: 15 11 18 2 3 13 14 7 5 17 8 16 1 6 20 4 10 9 19 12 
student 765: 16 14 20 5 1 8 19 7 3 15 13 12 2 4 9 11 10 18 6 17 
student 766: 15 5 19 18 2 8 16 14 7 13 6 4 3 9 20 1 10 11 17 12 
student 767: 11 16 18 15 17 8 13 5 2 12 6 14 1 3 19 7 20 10 9 4 
student 768: 13 1 15 10 2 20 5 14 8 19 4 12 6 16 18 7 17 9 3 11 
student 769: 20 11 14 10 6 12 15 13 9 18 5 7 3 1 8 2 16 4 19 17 
student 770: 11 19 18 2 4 5 1 8 7 14 13 12 6 9 16 3 17 20 15 10 
student 771: 15 19 4 7 1 11 14 20 8 16 10 18 3 2 6 9 17 13 12 5 
student 772: 18 4 20 15 5 9 10 3 6 17 12 13 7 2 16 1 8 11 19 14 
student 773: 10 4 15 13 2 12 14 16 1 18 5 7 8 9 19 3 20 11 6 17 
student 774: 11 1 15 10 8 16 12 3 2 13 6 7 5 17 19 4 20 14 9 18 
student 775: 15 14 13 9 3 19 18 7 4 16 6 1 5 10 20 2 12 8 11 17 
student 776: 13 14 20 1 2 10 4 11 8 19 17 7 6 3 16 5 12 15 9 18 
student 777: 18 3 19 2 5 12 17 13 7 10 8 14 4 9 15 1 16 20 6 11 
student 778: 19 5 15 3 2 13 14 10 4 8 7 12 6 9 18 1 16 20 17 11 
student 779: 18 13 20 5 8 19 14 11 12 15 1 9 4 7 17 3 2 16 10 6 
student 780: 16 10 13 7 15 14 8 4 2 17 5 18 1 3 19 9 6 20 12 11 
student 781: 14 3 18 10 7 17 8 11 2 4 9 12 6 5 19 1 20 16 13 15 
student 782: 13 14 20 10 1 18 16 6 5 11 4 15 3 12 19 2 7 8 17 9 
student 783: 13 9 19 6 2 17 8 12 11 15 7 4 5 3 18 1 16 10 20 14 
student 784: 14 11 20 1 13 3 7 19 15 12 10 6 4 5 18 2 16 17 8 9 
student 785: 19 20 16 10 6 13 4 2 3 12 14 11 8 5 18 1 9 17 15 7 
student 786: 10 7 12 6 4 15 8 16 1 18 2 13 5 14 20 3 11 19 17 9 
student 787: 20 15 14 19 3 7 12 8 9 16 1 6 4 2 13 10 17 18 5 11 
student 788: 2 15 17 3 6 16 14 9 8 19 13 12 5 4 18 1 10 20 11 7 
student 789: 18 19 20 8 3 16 6 15 2 4 17 7 10 11 13 1 14 5 9 12 
student 790: 9 12 20 4 3 16 10 5 11 18 1 7 6 13 17 2 14 19 15 8 
student 791: 20 4 18 7 2 12 8 13 10 16 6 11 1 5 19 3 14 15 9 17 
student 792: 16 11 17 9 2 10 15 8 6 18 5 7 4 3 20 1 19 12 14 13 
student 793: 19 7 17 6 9 12 16 11 10 20 4 13 5 1 18 3 14 8 2 15 
student 794: 15 6 18 9 5 13 12 10 8 7 16 3 1 4 19 2 17 20 11 14 
student 795: 17 9 19 7 4 16 14 12 5 18 6 3 2 8 20 1 15 11 10 13 
student 796: 17 3 19 6 7 10 12 5 4 13 1 15 8 2 16 9 14 20 18 11 
student 797: 13 11 20 5 3 15 14 9 1 17 2 10 7 4 18 8 19 16 6 12 
student 798: 13 10 20 1 3 14 11 19 4 18 7 8 6 9 16 2 15 17 12 5 
student 799: 14 6 18 4 3 15 16 2 11 19 8 9 5 12 20 1 13 10 17 7 
