student 0: 18 10 15 11 13 7 12 3 2 9 14 16 8 19 1 20 5 17 6 4 
student 1: 19 10 16 4 15 9 11 2 8 18 14 20 13 7 1 17 5 12 6 3 
student 2: 15 13 18 7 17 4 9 10 2 11 14 12 19 8 5 20 6 16 1 3 
student 3: 19 6 9 8 11 10 13 12 1 4 17 14 15 2 5 18 3 20 16 7 
student 4: 20 18 2 3 19 9 7 16 1 12 15 10 14 8 6 17 13 11 5 4 
student 5: 19 12 16 10 18 6 9 20 7 1 14 17 13 11 2 8 5 15 4 3 
student 6: 17 12 4 10 19 3 15 6 8 9 13 18 16 5 1 14 11 20 7 2 
student 7: 20 13 9 10 17 1 8 5 6 3 15 12 18 2 11 16 14 19 4 7 
student 8: 20 17 12 11 7 3 15 10 1 9 16 18 14 4 2 19 13 8 6 5 
student 9: 19 9 15 8 16 10 2 4 1 12 20 18 11 5 7 17 13 14 3 6 
student 10: 9 6 2 13 19 8 5 17 1 7 12 14 18 15 4 20 11 16 3 10 
student 11: 19 11 18 4 16 8 13 15 2 6 17 12 14 10 1 9 5 20 7 3 
student 12: 17 15 18 9 13 12 5 6 3 1 8 10 20 4 2 16 11 19 7 14 
student 13: 20 14 6 17 9 4 12 15 2 13 5 18 16 1 7 8 3 19 10 11 
student 14: 20 16 8 9 18 6 5 14 13 12 17 3 11 4 1 15 10 19 2 7 
student 15: 19 12 1 11 13 14 16 2 8 6 10 7 18 5 3 20 15 17 4 9 
student 16: 20 17 10 2 15 8 12 4 9 6 7 18 14 3 1 19 11 16 5 13 
student 17: 1 20 14 13 18 3 10 9 2 7 11 15 17 4 8 12 16 19 6 5 
student 18: 18 14 10 12 19 1 11 13 3 7 9 20 17 8 2 15 5 16 4 6 
student 19: 12 9 13 11 19 5 8 4 1 10 15 20 14 7 2 18 16 17 3 6 
student 20: 10 14 7 6 13 5 18 12 1 8 16 19 15 9 2 17 11 20 3 4 
student 21: 17 15 20 19 16 13 8 7 5 3 6 18 9 12 2 10 11 14 4 1 
student 22: 18 13 12 3 19 8 15 7 1 6 2 16 17 11 5 20 10 14 9 4 
student 23: 17 6 9 8 20 1 7 15 3 2 13 18 10 14 4 19 16 12 5 11 
student 24: 15 14 9 11 20 5 17 6 7 10 8 16 18 3 4 13 12 19 2 1 
student 25: 19 12 18 8 16 11 9 6 5 7 17 13 14 10 4 15 1 20 3 2 
student 26: 20 9 14 7 13 5 11 6 2 19 17 8 18 12 3 16 10 15 4 1 
student 27: 19 11 12 9 16 14 10 7 5 8 20 17 13 3 2 18 4 15 6 1 
student 28: 18 13 17 6 20 10 11 8 5 7 12 14 16 4 9 19 3 15 2 1 
student 29: 15 13 18 12 19 4 10 8 2 11 14 17 16 1 3 5 9 20 7 6 
student 30: 14 7 8 12 18 17 9 6 3 1 11 13 19 10 2 16 15 20 4 5 
student 31: 19 6 12 9 20 4 7 2 1 5 17 16 15 10 8 13 14 18 11 3 
student 32: 20 17 6 14 19 8 7 10 1 5 12 9 15 4 2 18 16 13 11 3 
student 33: 16 17 12 6 15 4 7 9 1 13 10 19 14 11 2 18 8 20 3 5 
student 34: 19 12 20 14 16 5 4 9 1 8 11 7 13 2 6 18 17 10 3 15 
student 35: 11 18 14 10 20 3 12 8 4 6 19 16 7 5 9 17 15 13 1 2 
student 36: 19 4 10 6 15 1 16 8 12 5 9 17 18 3 13 14 11 20 2 7 
student 37: 18 9 12 15 20 3 14 4 8 5 6 17 10 7 1 16 13 19 2 11 
student 38: 17 12 14 9 16 6 3 2 8 1 19 15 11 18 5 20 10 13 7 4 
student 39: 20 5 12 10 18 11 4 7 3 15 13 17 16 9 1 19 6 14 2 8 
student 40: 18 13 10 11 20 8 12 3 6 9 16 17 14 2 1 19 7 15 4 5 
student 41: 20 17 14 9 19 12 4 6 2 11 18 16 13 10 3 5 8 15 7 1 
student 42: 17 15 4 9 16 20 1 6 2 13 18 12 14 5 10 7 11 19 8 3 
student 43: 15 17 18 11 8 12 3 7 1 9 19 20 14 6 2 16 13 10 4 5 
student 44: 19 15 8 9 12 7 14 4 1 10 16 17 20 2 13 11 5 18 6 3 
student 45: 14 16 7 8 20 5 13 6 2 15 9 17 11 3 10 19 12 18 1 4 
student 46: 17 19 14 4 16 5 10 15 9 11 13 6 20 2 8 18 12 7 1 3 
student 47: 5 13 17 8 19 3 10 7 14 4 18 12 16 6 9 15 11 20 1 2 
student 48: 19 4 17 10 9 16 13 5 3 8 11 12 15 7 6 18 14 20 2 1 
student 49: 16 10 15 4 11 8 9 2 6 12 14 20 18 3 13 17 7 19 5 1 
student 50: 20 17 13 16 18 10 15 6 1 7 11 9 8 14 4 12 5 19 3 2 
student 51: 16 12 19 13 14 6 2 18 1 8 15 7 17 5 3 11 20 10 9 4 
student 52: 18 14 11 13 20 5 3 8 2 19 10 16 9 1 6 15 12 17 4 7 
student 53: 20 10 3 6 19 8 12 13 11 7 15 14 16 4 5 17 9 18 2 1 
student 54: 20 8 14 16 17 3 9 5 19 12 10 11 15 2 6 18 7 13 4 1 
student 55: 20 13 14 6 18 1 7 11 3 4 17 19 15 2 10 16 5 9 12 8 
student 56: 18 14 1 12 17 10 15 19 4 7 13 20 9 8 2 11 5 16 6 3 
student 57: 20 13 17 4 19 8 10 5 6 3 14 15 11 7 1 16 12 18 9 2 
student 58: 15 14 17 1 20 10 9 7 8 12 16 19 18 4 6 5 13 3 11 2 
student 59: 4 14 16 8 17 1 3 13 7 9 19 10 11 15 2 18 12 20 5 6 
student 60: 20 4 13 10 19 2 14 5 7 8 12 15 9 11 17 18 6 16 3 1 
student 61: 20 18 12 7 16 5 17 10 2 11 9 13 19 1 3 14 8 15 4 6 
student 62: 19 14 11 8 20 10 18 9 3 5 16 15 13 4 6 12 7 17 1 2 
student 63: 20 13 19 4 15 7 12 9 3 6 11 16 17 8 1 18 10 14 5 2 
student 64: 20 11 13 5 17 2 16 1 3 8 10 19 18 14 4 12 9 15 7 6 
student 65: 17 18 4 14 11 7 3 12 5 10 1 20 19 13 6 15 8 16 9 2 
student 66: 19 9 14 6 18 4 10 5 1 11 17 16 15 7 8 20 12 13 2 3 
student 67: 15 18 17 8 14 16 10 4 1 6 12 9 11 7 3 20 13 19 5 2 
student 68: 20 13 9 8 17 4 7 5 1 3 16 18 15 10 2 19 12 11 14 6 
student 69: 17 11 19 13 20 3 12 7 1 10 16 15 14 5 4 18 8 9 2 6 
student 70: 19 14 7 9 15 1 10 11 4 5 16 12 20 2 6 17 13 18 8 3 
student 71: 18 16 19 10 13 6 17 4 2 7 11 14 12 8 3 20 15 9 1 5 
student 72: 19 4 7 17 11 9 10 12 1 8 16 20 15 13 2 5 14 18 3 6 
student 73: 18 7 17 12 16 6 5 2 3 9 15 20 10 1 4 19 11 13 14 8 
student 74: 19 4 8 9 17 2 14 6 3 12 15 18 13 7 5 20 11 16 1 10 
student 75: 20 7 10 9 14 13 18 3 2 17 12 11 15 5 1 19 6 16 4 8 
student 76: 15 16 12 7 17 4 19 2 9 6 18 20 13 5 3 10 8 11 14 1 
student 77: 18 10 14 9 19 6 7 11 2 4 13 12 15 8 3 17 20 16 5 1 
student 78: 19 9 3 12 17 5 15 8 7 4 16 20 13 1 6 18 14 10 2 11 
student 79: 19 12 11 10 16 4 6 9 1 13 17 20 15 5 3 14 8 18 7 2 
student 80: 17 7 16 13 19 6 15 14 11 2 1 9 8 4 12 10 18 20 5 3 
student 81: 19 13 14 6 20 4 7 5 1 15 16 10 18 11 2 17 9 12 3 8 
student 82: 15 8 6 3 19 10 13 14 7 1 20 11 17 5 4 16 12 18 2 9 
student 83: 19 16 13 3 15 8 9 7 1 20 17 18 11 5 2 12 4 14 6 10 
student 84: 20 6 10 16 12 7 13 5 8 15 17 11 14 4 9 18 3 19 2 1 
student 85: 19 14 13 12 18 2 6 5 1 7 17 20 15 9 8 16 11 10 4 3 
student 86: 12 13 14 9 20 11 6 5 2 7 19 17 15 3 4 16 10 18 1 8 
student 87: 20 13 11 1 19 6 14 8 2 3 17 16 7 10 9 18 12 15 5 4 
student 88: 17 20 16 10 19 4 3 15 6 11 12 18 9 5 1 13 8 14 7 2 
student 89: 20 18 17 4 15 2 9 3 13 6 14 16 12 10 5 19 11 7 8 1 
student 90: 20 9 13 1 19 12 16 10 11 4 17 14 6 2 3 5 15 18 7 8 
student 91: 15 12 14 8 20 4 6 10 7 1 17 18 16 9 2 11 19 13 5 3 
student 92: 20 8 13 3 17 11 9 10 5 7 16 14 19 1 4 12 15 18 6 2 
student 93: 19 12 14 6 18 8 10 13 2 11 17 7 16 5 9 20 1 15 4 3 
student 94: 17 13 10 16 12 3 7 5 4 6 9 19 15 11 8 18 14 20 1 2 
student 95: 19 18 14 10 17 7 13 2 4 16 5 15 3 12 8 9 11 20 1 6 
student 96: 17 11 12 10 7 2 18 9 4 8 16 20 13 3 5 19 6 15 1 14 
student 97: 15 16 20 4 12 13 14 7 2 8 10 17 11 6 3 18 9 19 5 1 
student 98: 19 10 18 8 16 6 7 17 3 1 12 9 15 13 11 20 2 14 5 4 
student 99: 13 17 3 4 11 7 6 14 1 16 5 15 18 9 8 20 2 19 10 12 
student 100: 20 12 15 5 18 3 9 2 1 11 14 16 8 13 4 19 7 17 6 10 
student 101: 18 9 8 5 11 1 10 17 2 7 20 19 13 6 3 16 12 14 4 15 
student 102: 15 4 19 13 18 7 11 6 5 2 16 20 8 12 3 17 10 14 1 9 
student 103: 19 2 13 11 15 8 12 9 3 10 17 16 7 14 4 20 6 18 5 1 
student 104: 20 13 16 14 8 15 12 1 4 5 10 11 17 2 9 18 7 19 6 3 
student 105: 12 15 14 6 19 3 11 4 5 9 13 17 16 8 7 18 10 20 2 1 
student 106: 15 13 14 9 10 1 16 3 6 7 4 17 12 18 2 11 19 20 8 5 
student 107: 20 13 4 10 14 6 9 7 8 2 15 16 19 11 5 17 3 18 12 1 
student 108: 20 5 14 11 19 9 8 7 2 17 10 15 13 3 6 12 18 16 4 1 
student 109: 20 16 14 13 12 10 8 6 3 1 18 11 17 2 5 19 9 15 4 7 
student 110: 17 11 14 4 19 6 13 10 7 3 8 16 15 2 5 20 12 18 1 9 
student 111: 20 9 6 13 19 8 18 11 1 3 14 15 10 7 4 16 12 17 5 2 
student 112: 19 12 5 10 2 6 15 7 3 11 13 17 16 8 1 18 14 20 9 4 
student 113: 18 11 20 15 13 7 10 6 2 12 17 9 14 8 1 19 3 16 5 4 
student 114: 10 20 8 7 18 6 9 1 3 5 16 19 15 4 2 17 11 14 12 13 
student 115: 20 11 13 5 19 6 16 17 3 8 18 14 10 9 4 15 7 12 2 1 
student 116: 18 15 9 8 10 2 14 6 5 1 12 16 19 13 3 20 4 17 7 11 
student 117: 19 14 18 4 17 1 10 8 9 11 15 13 12 3 6 16 5 20 7 2 
student 118: 19 13 12 7 20 2 9 3 4 8 15 14 18 6 11 16 10 17 1 5 
student 119: 19 15 12 8 14 6 7 5 1 16 18 17 10 9 2 13 11 20 3 4 
student 120: 19 5 14 20 18 12 6 10 1 2 8 17 16 9 4 11 13 15 7 3 
student 121: 15 12 13 9 14 2 11 19 1 3 10 18 16 4 8 17 7 20 6 5 
student 122: 19 10 17 7 15 3 12 9 2 6 11 14 20 4 1 18 13 16 8 5 
student 123: 19 1 12 7 18 9 14 8 11 5 17 16 13 6 2 20 10 15 4 3 
student 124: 14 12 18 13 16 1 10 4 2 7 19 17 9 3 15 20 8 11 6 5 
student 125: 20 13 12 6 18 2 5 8 1 9 17 14 16 4 7 15 11 19 3 10 
student 126: 19 11 9 14 18 4 10 13 6 3 12 15 17 5 7 16 8 20 1 2 
student 127: 19 18 20 16 15 12 6 8 5 2 14 9 17 11 1 10 13 7 3 4 
student 128: 13 6 11 8 16 3 5 7 10 9 18 15 17 2 4 19 14 20 1 12 
student 129: 18 10 13 15 20 7 8 6 1 3 16 11 17 9 5 19 12 14 2 4 
student 130: 19 14 13 5 20 8 9 1 4 10 18 17 6 7 3 12 15 16 11 2 
student 131: 19 10 16 13 17 3 5 12 4 7 18 14 6 11 2 20 9 15 1 8 
student 132: 18 2 12 8 17 6 11 10 7 14 13 3 20 9 5 15 16 19 4 1 
student 133: 19 14 9 7 20 11 10 6 2 8 15 18 5 4 1 17 16 12 3 13 
student 134: 20 4 12 10 19 1 6 15 7 13 11 18 14 5 3 17 16 2 8 9 
student 135: 17 16 18 7 6 14 12 10 1 3 19 11 2 8 5 15 9 20 13 4 
student 136: 15 1 16 20 14 11 13 6 5 8 3 17 18 10 2 19 9 12 7 4 
student 137: 14 15 7 5 18 11 19 4 6 12 20 10 9 8 3 13 16 17 2 1 
student 138: 20 19 8 9 18 4 6 11 10 5 15 16 17 12 1 14 7 13 2 3 
student 139: 13 14 15 6 20 3 7 12 1 8 16 18 9 4 5 19 11 17 10 2 
student 140: 17 19 16 6 12 5 8 2 4 9 14 11 18 7 1 20 13 15 3 10 
student 141: 20 15 2 12 17 5 9 10 8 13 14 7 18 6 11 16 4 19 1 3 
student 142: 15 13 12 8 16 11 18 5 1 7 6 19 10 9 2 17 20 14 4 3 
student 143: 19 5 16 14 17 9 7 2 3 13 11 18 12 10 4 15 6 20 1 8 
student 144: 20 7 9 14 19 3 11 2 5 6 12 18 17 13 10 15 8 16 4 1 
student 145: 18 13 14 11 17 7 10 8 2 4 19 15 5 3 1 20 9 16 6 12 
student 146: 19 11 12 10 17 6 8 9 3 2 14 20 15 7 4 16 13 18 5 1 
student 147: 19 13 16 9 20 7 12 5 2 8 6 17 14 11 3 18 10 15 4 1 
student 148: 17 14 13 4 20 7 9 5 2 8 19 12 11 16 1 18 3 15 10 6 
student 149: 17 11 20 15 19 5 10 7 2 8 16 9 13 6 1 18 14 12 3 4 
student 150: 20 15 17 10 6 11 4 16 2 12 9 13 14 3 5 18 7 19 1 8 
student 151: 19 6 20 10 17 14 13 8 1 5 12 9 16 3 2 15 11 18 7 4 
student 152: 18 5 9 4 20 8 6 19 2 7 13 11 17 10 3 16 12 14 15 1 
student 153: 19 17 13 9 15 7 6 5 3 10 11 18 12 8 2 16 14 20 1 4 
student 154: 17 9 12 2 20 6 8 14 4 11 16 18 13 5 1 10 7 15 3 19 
student 155: 20 14 9 8 16 11 15 1 2 7 12 13 18 5 3 19 10 17 6 4 
student 156: 19 8 15 9 17 5 4 6 2 7 13 10 12 3 1 14 20 18 11 16 
student 157: 13 11 10 4 19 3 8 9 1 14 12 18 15 6 7 16 17 20 2 5 
student 158: 19 12 18 9 20 2 7 5 1 6 14 15 11 17 4 13 10 16 3 8 
student 159: 17 12 7 14 18 1 13 10 2 5 9 19 15 11 3 20 8 16 4 6 
student 160: 17 1 12 18 16 3 4 6 11 8 13 20 19 10 9 14 7 15 5 2 
student 161: 20 14 15 5 1 6 17 3 7 8 16 18 4 13 9 19 10 11 12 2 
student 162: 20 13 7 4 17 11 6 18 1 2 8 16 10 14 5 19 9 15 12 3 
student 163: 20 8 1 11 12 4 15 9 3 19 14 13 16 7 2 17 10 18 5 6 
student 164: 17 18 14 13 19 12 11 9 4 16 3 15 6 8 2 10 5 20 7 1 
student 165: 20 13 9 11 17 2 15 7 12 8 5 18 10 4 1 19 14 16 6 3 
student 166: 17 8 14 10 19 13 11 7 3 9 18 20 12 1 2 15 6 16 5 4 
student 167: 13 11 19 9 18 6 7 5 2 10 15 16 20 8 4 1 17 14 12 3 
student 168: 17 7 18 6 9 10 14 5 1 11 16 13 20 12 4 15 3 19 8 2 
student 169: 10 14 11 12 20 1 18 4 3 5 13 15 9 8 2 19 16 17 7 6 
student 170: 20 11 9 6 12 1 10 7 4 16 13 17 18 2 3 15 19 14 5 8 
student 171: 20 10 5 11 17 2 13 4 6 16 18 15 14 1 8 19 9 12 7 3 
student 172: 16 13 15 9 19 5 10 4 8 11 17 18 14 6 3 20 7 12 2 1 
student 173: 19 10 12 13 11 2 15 5 1 8 14 20 18 16 4 6 7 17 9 3 
student 174: 20 7 17 16 18 1 15 11 6 14 13 4 12 8 3 19 2 10 9 5 
student 175: 19 14 20 10 17 2 11 7 6 3 15 12 18 9 8 13 5 16 4 1 
student 176: 20 10 7 15 13 6 8 5 1 3 19 16 12 9 4 18 11 17 14 2 
student 177: 14 13 18 5 19 4 9 7 6 10 17 15 11 8 2 20 12 16 1 3 
student 178: 18 7 12 6 10 5 16 8 1 2 20 13 17 15 3 14 11 19 4 9 
student 179: 17 10 5 11 15 13 4 14 9 7 8 20 12 6 3 19 18 16 1 2 
student 180: 17 13 18 9 11 3 12 8 1 7 15 19 16 4 2 20 6 14 10 5 
student 181: 14 1 8 17 20 12 16 6 3 10 19 4 18 5 11 15 13 7 2 9 
student 182: 20 12 16 6 19 9 13 3 2 5 7 15 17 10 8 14 11 18 1 4 
student 183: 18 9 11 10 19 3 17 13 7 6 15 20 12 8 2 14 5 16 1 4 
student 184: 20 13 7 8 18 4 6 12 5 1 11 14 16 10 3 19 2 17 9 15 
student 185: 19 16 17 9 18 1 4 8 2 12 11 14 10 13 5 20 7 15 3 6 
student 186: 17 4 14 13 20 7 6 10 2 15 19 18 9 11 5 12 16 1 3 8 
student 187: 18 16 11 6 12 3 9 5 7 17 14 10 13 1 2 15 20 19 4 8 
student 188: 20 11 16 10 19 3 4 2 7 5 13 15 14 6 1 18 12 17 9 8 
student 189: 17 8 12 7 20 10 5 6 1 3 16 14 13 2 11 19 9 18 4 15 
student 190: 16 6 11 12 14 3 18 15 7 5 19 8 17 2 1 10 4 20 9 13 
student 191: 18 13 19 9 17 15 10 6 3 7 12 14 11 8 2 20 1 16 5 4 
student 192: 20 14 18 5 11 10 2 3 6 9 12 16 19 1 8 17 13 15 7 4 
student 193: 19 4 17 8 20 3 11 6 2 13 10 16 14 5 1 7 15 18 9 12 
student 194: 20 10 11 6 15 8 12 16 3 5 14 17 13 7 2 18 4 19 9 1 
student 195: 17 12 1 3 16 2 8 13 7 20 14 19 10 11 4 15 5 18 6 9 
student 196: 18 9 14 8 6 15 7 4 1 5 16 20 19 11 2 17 10 13 3 12 
student 197: 20 8 11 4 19 15 9 7 10 5 18 13 12 1 6 16 3 17 14 2 
student 198: 18 13 4 8 11 6 12 16 2 19 15 20 17 5 7 10 1 14 9 3 
student 199: 18 17 20 5 9 7 15 11 3 12 13 14 6 8 10 16 4 19 2 1 
student 200: 18 9 11 10 15 7 13 5 4 14 16 19 17 3 2 20 8 12 6 1 
student 201: 17 7 12 8 4 2 18 5 9 13 11 20 16 10 1 15 14 19 6 3 
student 202: 18 13 12 6 19 1 15 9 8 5 11 16 14 3 20 10 7 17 2 4 
student 203: 17 16 18 15 19 8 12 3 7 6 10 9 20 4 5 14 11 13 2 1 
student 204: 12 1 2 11 18 9 10 6 4 14 13 15 16 8 3 20 17 19 5 7 
student 205: 19 15 12 6 18 5 9 1 4 8 11 17 20 7 3 13 16 14 2 10 
student 206: 20 9 14 4 18 8 11 16 1 3 7 13 12 19 2 17 10 15 5 6 
student 207: 20 13 12 7 10 2 11 5 1 3 14 15 18 9 8 16 19 17 4 6 
student 208: 19 9 11 5 16 6 12 1 2 4 13 18 14 7 3 20 15 17 8 10 
student 209: 18 4 1 19 15 2 13 9 3 10 17 12 7 5 6 14 20 11 16 8 
student 210: 11 20 17 16 19 6 9 14 2 4 18 10 7 13 3 15 8 12 5 1 
student 211: 11 15 16 13 19 9 10 7 1 6 4 12 20 8 2 17 14 18 5 3 
student 212: 15 3 14 17 20 6 9 12 5 11 19 13 16 8 2 18 4 10 7 1 
student 213: 10 17 13 12 18 6 14 9 2 4 8 19 16 5 3 15 11 20 7 1 
student 214: 18 11 19 8 16 7 14 15 10 9 6 2 13 1 3 12 17 20 5 4 
student 215: 20 13 9 11 12 5 15 6 1 4 17 14 19 10 7 18 3 16 8 2 
student 216: 20 19 14 6 15 1 11 3 10 9 17 5 16 13 4 7 12 18 2 8 
student 217: 19 12 18 6 20 7 4 5 1 15 11 13 14 2 3 17 8 16 10 9 
student 218: 19 20 7 4 18 16 8 5 1 15 9 17 11 6 2 13 12 14 10 3 
student 219: 18 12 13 11 17 5 8 6 4 9 14 16 20 19 1 10 7 15 3 2 
student 220: 19 11 13 8 20 18 9 6 3 10 14 15 12 4 1 16 7 17 5 2 
student 221: 19 18 12 9 15 6 13 8 3 4 20 14 10 7 5 16 11 17 1 2 
student 222: 18 15 14 8 20 5 10 7 4 1 16 11 12 9 2 17 6 19 3 13 
student 223: 20 10 11 14 13 6 5 12 2 1 16 15 9 7 3 19 17 18 8 4 
student 224: 20 7 11 14 17 3 9 19 5 12 16 13 10 4 6 18 8 15 2 1 
student 225: 16 13 17 2 18 15 7 8 5 9 20 19 12 4 1 14 10 11 6 3 
student 226: 19 12 16 9 14 3 11 6 1 7 13 20 15 4 8 18 10 17 5 2 
student 227: 15 13 7 6 20 1 11 10 3 4 18 16 14 5 8 17 12 19 2 9 
student 228: 17 11 14 3 19 1 7 6 2 20 18 15 10 8 4 13 5 16 12 9 
student 229: 19 8 10 7 20 9 13 16 4 6 15 14 17 5 2 11 18 12 3 1 
student 230: 19 5 14 6 15 20 11 8 7 12 13 17 10 2 3 16 4 18 9 1 
student 231: 18 13 17 11 12 8 10 3 1 16 9 19 20 5 7 15 2 14 4 6 
student 232: 20 14 7 9 18 8 15 6 2 3 17 11 12 13 5 19 10 16 4 1 
student 233: 20 18 14 4 16 2 8 6 1 12 9 17 13 7 5 15 10 19 3 11 
student 234: 20 9 12 10 11 7 13 8 1 5 18 19 15 6 4 17 14 16 3 2 
student 235: 20 11 16 9 18 3 14 5 1 8 13 12 17 4 7 19 15 10 6 2 
student 236: 18 12 7 16 19 4 8 3 1 11 15 17 13 9 2 20 6 14 10 5 
student 237: 16 12 14 6 13 7 15 9 8 4 10 18 19 2 5 20 17 11 1 3 
student 238: 19 14 17 10 8 9 2 12 5 1 16 15 6 13 7 20 4 18 11 3 
student 239: 15 9 14 8 16 7 11 4 6 5 12 19 18 10 2 17 13 20 3 1 
student 240: 16 18 14 8 20 1 13 7 3 10 17 12 11 5 6 15 9 19 2 4 
student 241: 19 9 10 13 20 7 5 11 2 8 12 14 16 4 1 18 15 17 6 3 
student 242: 18 10 14 7 19 15 8 1 5 3 16 17 9 13 2 12 20 11 6 4 
student 243: 18 11 8 3 14 7 10 9 1 6 15 17 13 2 5 20 16 19 12 4 
student 244: 19 2 12 13 17 7 9 6 1 18 10 16 11 3 4 15 14 20 8 5 
student 245: 20 8 16 14 19 12 15 3 1 4 7 17 13 6 9 18 11 10 2 5 
student 246: 7 14 13 18 11 15 12 9 1 5 20 8 16 3 4 17 19 10 2 6 
student 247: 20 12 8 4 15 3 10 9 2 6 18 17 16 5 11 19 14 13 1 7 
student 248: 20 6 12 9 16 1 4 7 10 11 13 15 18 5 2 17 14 19 8 3 
student 249: 14 18 5 13 2 4 17 7 3 10 12 11 15 1 6 19 16 20 9 8 
student 250: 17 16 15 4 11 8 13 3 6 14 9 19 18 10 1 12 2 20 5 7 
student 251: 20 14 11 10 16 3 12 5 1 6 13 9 19 4 2 18 15 17 7 8 
student 252: 20 13 9 17 16 7 8 15 2 4 10 12 19 3 1 18 11 14 5 6 
student 253: 19 9 13 4 20 8 18 12 3 14 11 6 17 2 5 15 10 16 1 7 
student 254: 18 12 20 13 11 1 7 8 9 10 16 15 14 5 2 17 4 19 3 6 
student 255: 5 12 6 18 16 3 19 9 1 4 15 7 14 10 2 17 11 20 8 13 
student 256: 16 13 14 10 18 4 11 6 7 5 17 20 15 8 2 9 12 19 1 3 
student 257: 16 10 12 8 20 5 7 2 3 11 13 14 15 9 1 17 19 18 4 6 
student 258: 19 8 17 7 18 10 11 1 2 3 15 20 14 12 5 9 13 16 6 4 
student 259: 19 20 18 12 15 2 17 8 5 9 7 14 3 4 11 13 6 16 10 1 
student 260: 20 5 19 9 16 3 12 14 2 1 18 15 10 8 4 17 13 11 7 6 
student 261: 11 16 17 3 14 1 15 10 13 4 6 12 20 5 2 18 9 19 7 8 
student 262: 17 15 9 20 18 5 3 8 1 10 14 16 12 7 2 19 11 13 4 6 
student 263: 20 10 11 8 17 3 6 18 2 12 9 14 16 7 5 13 15 19 4 1 
student 264: 20 16 13 7 4 6 11 2 1 5 12 18 17 10 15 19 8 14 3 9 
student 265: 16 5 8 2 19 11 17 6 7 4 10 13 14 12 3 15 20 18 9 1 
student 266: 20 13 4 9 14 10 8 11 2 18 6 16 15 1 3 19 12 17 7 5 
student 267: 17 20 10 2 11 16 5 6 7 15 19 13 14 4 1 3 8 18 12 9 
student 268: 16 19 13 11 20 2 12 5 1 8 17 18 14 9 6 7 15 10 3 4 
student 269: 19 15 17 8 20 3 9 7 4 2 18 13 14 10 5 16 11 12 6 1 
student 270: 20 11 8 10 16 5 12 7 2 4 9 17 14 13 1 19 15 18 6 3 
student 271: 20 5 10 16 14 2 13 9 4 11 15 19 17 8 1 18 12 6 3 7 
student 272: 17 9 20 4 11 15 10 6 2 14 16 19 18 5 3 13 8 7 12 1 
student 273: 17 7 11 10 19 12 9 6 5 2 18 20 14 15 8 13 3 16 1 4 
student 274: 20 13 16 2 19 3 7 1 11 10 9 12 14 8 6 17 15 18 5 4 
student 275: 19 12 15 10 18 8 13 14 2 7 3 17 16 4 9 20 6 11 5 1 
student 276: 19 16 14 7 15 8 9 4 1 12 11 18 13 2 6 20 10 17 5 3 
student 277: 17 19 11 12 20 7 10 6 1 3 13 18 5 8 2 16 14 15 9 4 
student 278: 10 13 9 15 20 3 11 19 5 1 7 12 17 8 6 18 14 16 2 4 
student 279: 13 14 18 9 17 3 8 4 2 12 19 11 15 10 1 16 7 20 5 6 
student 280: 17 5 12 11 16 6 13 10 4 8 20 15 2 7 9 14 18 19 1 3 
student 281: 19 15 6 2 10 3 14 13 1 9 17 18 20 12 4 16 11 8 7 5 
student 282: 20 16 7 10 12 9 15 6 4 2 14 18 17 5 8 13 11 19 1 3 
student 283: 17 10 12 7 20 8 6 2 1 5 19 13 16 4 9 18 14 15 3 11 
student 284: 17 8 13 7 20 6 15 11 1 12 9 19 16 3 5 18 10 14 4 2 
student 285: 20 9 4 16 14 10 5 12 2 11 15 19 8 1 3 17 13 18 7 6 
student 286: 20 1 16 14 12 4 11 10 7 13 17 19 18 9 2 3 6 15 5 8 
student 287: 6 19 18 2 13 3 17 10 1 5 7 14 11 16 12 15 8 20 9 4 
student 288: 17 14 11 10 18 3 9 8 4 5 19 20 13 6 1 15 16 12 2 7 
student 289: 18 17 12 13 19 2 6 8 1 11 20 16 15 10 9 14 5 7 3 4 
student 290: 17 8 14 6 20 5 19 11 10 7 12 13 16 3 1 15 9 18 2 4 
student 291: 18 9 14 12 19 10 5 3 7 6 13 20 15 4 1 16 8 17 11 2 
student 292: 19 4 12 5 17 2 11 6 10 14 16 7 15 8 9 18 13 20 3 1 
student 293: 19 2 13 6 15 7 9 14 1 8 18 16 12 10 3 11 17 20 5 4 
student 294: 16 17 11 8 6 7 10 1 3 12 15 19 18 5 4 20 13 14 2 9 
student 295: 14 9 17 13 4 12 2 3 5 11 10 15 16 7 6 19 18 20 8 1 
student 296: 20 6 19 3 17 7 9 2 5 14 11 15 13 4 8 16 10 18 1 12 
student 297: 17 9 20 8 16 12 10 5 1 6 14 15 3 11 4 19 13 18 7 2 
student 298: 18 10 19 8 14 7 9 15 1 6 12 16 17 2 3 13 11 20 4 5 
student 299: 20 19 8 12 16 2 5 3 4 10 11 14 15 7 1 17 9 18 13 6 
student 300: 20 8 19 3 18 13 15 9 2 10 12 16 7 4 6 14 11 17 5 1 
student 301: 19 7 14 6 20 10 11 12 2 3 13 15 9 4 8 16 18 17 1 5 
student 302: 19 13 20 11 18 9 6 1 3 8 10 14 16 2 12 17 4 15 5 7 
student 303: 20 19 12 15 10 5 11 8 1 7 17 18 13 6 3 14 9 16 4 2 
student 304: 17 15 7 19 16 5 14 1 2 10 13 11 18 8 6 12 9 20 3 4 
student 305: 19 18 13 10 17 9 11 4 2 12 20 15 6 5 7 14 16 1 8 3 
student 306: 20 10 11 15 19 12 2 4 3 6 14 16 8 1 5 17 13 18 7 9 
student 307: 10 15 12 8 17 1 19 7 9 14 3 11 18 2 4 16 6 20 13 5 
student 308: 20 15 11 4 19 7 10 3 1 8 13 2 17 6 9 16 5 14 12 18 
student 309: 18 6 16 11 19 9 12 1 5 7 13 14 20 15 4 8 10 17 2 3 
student 310: 14 9 2 8 20 11 12 5 1 6 15 16 19 3 7 18 13 4 17 10 
student 311: 16 10 3 9 15 13 12 5 6 7 14 18 17 8 2 20 11 19 1 4 
student 312: 19 9 7 13 17 6 15 11 1 4 18 16 14 8 3 12 10 20 2 5 
student 313: 17 8 11 3 14 6 10 9 2 16 13 15 19 4 5 18 12 20 7 1 
student 314: 12 18 17 1 20 11 8 3 2 6 9 19 15 5 16 14 10 13 4 7 
student 315: 15 12 16 10 11 4 8 6 1 13 14 19 17 9 2 7 18 20 3 5 
student 316: 17 12 11 9 15 2 18 5 3 1 13 16 19 10 8 14 7 20 4 6 
student 317: 17 7 14 6 15 18 5 4 1 9 16 12 13 11 3 20 8 19 10 2 
student 318: 14 7 1 6 16 5 15 2 8 4 19 20 13 11 3 17 12 18 10 9 
student 319: 20 17 15 11 18 5 3 7 1 13 10 14 8 4 2 12 16 19 6 9 
student 320: 17 11 5 10 18 6 16 3 2 9 15 13 20 14 1 19 7 12 4 8 
student 321: 19 13 14 7 20 16 10 9 6 8 15 18 5 3 1 17 11 12 4 2 
student 322: 20 10 16 14 12 4 13 5 2 9 17 15 8 11 1 19 7 18 6 3 
student 323: 18 11 8 14 15 3 9 7 6 16 20 13 17 4 2 19 12 5 1 10 
student 324: 19 12 10 6 20 13 17 16 4 7 8 2 18 5 3 11 15 14 1 9 
student 325: 14 13 10 18 19 1 6 9 4 15 11 8 20 5 3 16 12 17 7 2 
student 326: 19 12 15 14 18 2 6 1 4 11 20 13 16 9 7 17 5 10 3 8 
student 327: 18 12 14 10 16 20 13 4 1 9 17 8 11 7 5 15 19 6 3 2 
student 328: 19 14 16 7 18 11 9 8 1 12 17 20 13 6 2 15 4 10 3 5 
student 329: 9 8 12 20 18 6 14 1 3 10 11 15 19 16 4 17 2 5 13 7 
student 330: 11 7 15 4 13 12 9 8 1 10 16 19 2 17 6 18 14 20 5 3 
student 331: 17 8 13 7 18 4 16 11 3 15 19 12 9 10 1 2 14 20 6 5 
student 332: 19 15 1 17 16 4 20 9 5 7 18 13 10 12 3 8 6 14 11 2 
student 333: 19 12 13 6 20 5 11 7 1 10 17 15 14 4 9 16 8 18 3 2 
student 334: 17 11 6 4 20 9 12 2 8 5 19 15 16 10 7 18 14 13 3 1 
student 335: 17 15 12 9 19 11 14 7 2 8 16 18 10 3 4 20 5 1 13 6 
student 336: 18 2 20 16 19 3 15 4 1 11 10 14 12 6 5 7 8 17 13 9 
student 337: 20 11 19 7 18 1 3 14 2 12 9 15 13 5 4 16 8 17 6 10 
student 338: 19 15 7 17 18 14 8 12 2 11 20 9 13 5 4 10 6 16 3 1 
student 339: 19 4 14 12 17 3 7 20 1 6 9 15 10 8 11 18 13 16 2 5 
student 340: 20 18 10 2 17 3 16 12 1 8 4 19 14 7 11 13 9 15 5 6 
student 341: 20 11 15 9 14 6 8 5 1 12 13 17 16 7 3 18 10 19 2 4 
student 342: 18 10 1 12 11 2 19 9 7 13 17 16 15 6 5 8 14 20 3 4 
student 343: 17 8 11 5 14 10 3 1 2 6 19 20 15 13 4 18 16 12 9 7 
student 344: 17 11 13 10 19 4 18 9 1 7 8 12 15 5 2 20 16 14 6 3 
student 345: 19 15 3 11 17 2 9 5 4 10 12 20 18 6 8 16 14 13 1 7 
student 346: 19 12 10 9 18 11 15 6 1 3 14 16 8 5 2 17 13 20 4 7 
student 347: 20 17 19 16 13 12 11 1 3 5 15 18 7 2 9 10 6 14 4 8 
student 348: 14 13 1 15 19 9 18 17 5 12 7 16 8 4 6 11 3 20 2 10 
student 349: 11 10 13 14 18 3 16 12 4 6 19 17 15 2 5 9 7 20 1 8 
student 350: 20 9 16 10 19 1 15 6 2 11 7 17 13 5 4 14 12 18 8 3 
student 351: 18 12 15 9 20 11 8 10 2 5 6 13 17 4 1 19 14 16 3 7 
student 352: 16 19 7 14 17 5 8 12 2 6 13 11 20 3 1 15 10 18 9 4 
student 353: 19 9 20 14 13 2 16 8 3 6 10 18 11 7 5 17 15 12 4 1 
student 354: 13 14 7 16 15 4 18 2 1 8 17 19 11 6 9 10 12 20 3 5 
student 355: 15 10 13 6 7 9 18 11 2 14 12 20 16 3 8 17 5 19 1 4 
student 356: 17 11 6 13 20 12 5 9 2 3 14 15 16 1 7 18 10 19 4 8 
student 357: 13 16 14 7 19 1 11 10 2 3 6 18 17 4 5 20 8 15 12 9 
student 358: 13 10 14 6 19 5 9 17 2 4 12 20 11 8 3 16 7 18 15 1 
student 359: 20 12 15 9 19 7 8 1 4 14 3 17 13 6 11 16 10 18 5 2 
student 360: 16 14 17 11 18 9 15 4 3 5 19 13 10 2 6 12 8 20 7 1 
student 361: 15 12 20 8 17 3 7 6 9 5 13 19 16 10 1 18 11 14 4 2 
student 362: 18 7 14 8 16 4 15 10 1 11 20 13 19 6 2 17 12 9 3 5 
student 363: 19 14 12 11 17 5 13 7 1 9 10 15 4 2 6 18 8 20 16 3 
student 364: 16 7 14 8 20 1 6 9 5 10 12 17 19 3 13 15 11 18 2 4 
student 365: 19 12 11 9 15 10 3 4 13 18 16 1 17 8 2 14 5 20 6 7 
student 366: 19 4 15 17 14 7 13 9 2 8 16 12 11 3 6 20 10 18 1 5 
student 367: 18 9 13 3 19 5 8 7 4 11 14 20 17 10 2 16 12 15 6 1 
student 368: 20 16 12 9 14 8 7 5 2 11 15 19 18 1 4 17 13 10 3 6 
student 369: 19 15 20 5 18 8 10 11 2 12 1 6 17 7 3 16 14 13 4 9 
student 370: 15 14 9 8 11 3 13 5 20 2 6 17 16 7 4 10 12 19 1 18 
student 371: 18 14 10 12 17 1 7 11 3 5 19 13 16 2 4 15 20 9 6 8 
student 372: 15 8 11 10 12 7 9 4 1 18 13 17 14 6 3 16 20 19 2 5 
student 373: 19 13 7 17 18 6 14 12 9 3 15 11 10 2 4 20 8 16 5 1 
student 374: 19 10 7 4 13 6 14 17 3 9 20 15 16 5 1 18 8 12 11 2 
student 375: 19 15 13 10 17 9 8 11 1 7 16 20 18 3 6 12 5 14 2 4 
student 376: 18 2 16 10 15 1 14 5 6 9 20 19 7 8 3 13 17 12 11 4 
student 377: 20 1 15 11 7 9 12 8 2 6 13 19 17 10 3 18 14 16 4 5 
student 378: 20 9 10 14 16 6 5 7 2 11 15 8 17 1 4 13 19 18 12 3 
student 379: 20 14 19 9 15 12 11 8 6 7 13 17 10 3 1 16 4 18 5 2 
student 380: 19 17 18 12 20 5 6 2 4 10 9 11 13 8 3 15 14 16 7 1 
student 381: 20 16 9 4 18 3 13 11 1 10 15 12 17 8 5 14 6 19 2 7 
student 382: 17 15 11 12 18 2 9 10 3 8 13 16 4 20 5 19 6 14 7 1 
student 383: 20 19 10 14 18 8 11 16 5 9 4 12 13 7 1 15 3 17 2 6 
student 384: 20 7 10 1 16 8 14 9 4 12 13 18 17 6 3 15 11 19 5 2 
student 385: 16 11 15 12 19 6 9 1 3 5 13 18 14 10 7 20 2 17 4 8 
student 386: 12 14 11 9 20 7 16 10 4 13 17 19 15 3 5 2 6 18 1 8 
student 387: 20 10 12 8 14 9 18 3 2 6 15 7 13 4 1 11 5 19 16 17 
student 388: 19 11 12 10 14 1 15 2 9 7 20 16 18 5 3 13 8 17 4 6 
student 389: 17 16 15 10 19 7 12 6 2 5 13 20 11 8 4 9 14 18 1 3 
student 390: 18 13 12 11 20 1 10 8 2 3 14 17 15 7 4 16 5 19 6 9 
student 391: 17 14 20 5 18 3 9 10 2 15 11 12 8 4 1 16 7 19 13 6 
student 392: 17 2 9 10 20 13 11 14 1 7 19 16 18 3 6 15 5 12 8 4 
student 393: 20 10 14 1 18 5 8 13 2 4 16 12 17 6 9 15 7 19 11 3 
student 394: 18 7 12 8 20 16 5 13 2 11 10 14 17 3 9 19 4 15 6 1 
student 395: 19 13 14 7 17 3 11 1 4 8 12 10 6 15 5 16 18 20 9 2 
student 396: 20 8 10 5 17 7 14 4 2 6 15 18 16 9 1 19 11 13 12 3 
student 397: 18 4 17 2 19 20 11 5 1 6 10 16 13 12 7 9 15 8 3 14 
student 398: 15 8 19 13 18 5 3 10 12 4 17 16 20 6 1 14 11 7 2 9 
student 399: 20 7 10 6 19 5 17 2 3 15 13 12 16 9 4 11 14 18 8 1 
student 400: 17 7 10 9 20 4 11 8 2 6 15 18 14 13 1 12 16 19 5 3 
student 401: 7 16 11 2 18 9 15 8 4 10 14 13 6 1 5 17 19 20 12 3 
student 402: 18 14 16 12 20 3 15 1 8 2 10 11 6 7 9 13 5 19 4 17 
student 403: 16 12 8 5 18 3 10 11 6 1 17 15 14 4 2 19 9 20 7 13 
student 404: 20 10 14 8 13 5 7 11 4 12 16 18 19 6 2 15 9 17 1 3 
student 405: 20 10 14 8 16 3 17 2 1 13 11 12 15 4 5 9 6 19 18 7 
student 406: 20 9 8 2 16 6 12 4 3 13 7 18 14 10 1 19 17 15 11 5 
student 407: 16 11 17 15 14 6 8 1 3 12 19 13 10 7 9 18 4 20 5 2 
student 408: 19 8 11 6 14 4 10 3 5 7 15 13 20 2 1 17 16 18 9 12 
student 409: 18 9 12 6 20 1 14 5 8 10 4 15 16 7 2 17 13 19 11 3 
student 410: 19 8 15 9 14 4 3 11 1 18 20 16 12 2 10 7 13 17 6 5 
student 411: 20 13 7 11 17 6 9 12 1 19 14 16 10 18 4 3 5 15 8 2 
student 412: 19 8 10 9 18 6 16 5 1 12 11 20 17 7 3 14 13 15 4 2 
student 413: 16 6 15 8 14 2 12 4 1 9 17 19 13 11 5 18 20 10 3 7 
student 414: 19 11 14 16 20 4 9 15 3 6 13 17 1 10 2 18 8 12 7 5 
student 415: 11 14 5 17 20 3 7 2 4 10 6 15 13 9 8 19 12 16 18 1 
student 416: 14 19 16 9 18 6 8 10 1 5 17 12 13 7 2 15 11 20 3 4 
student 417: 20 17 6 10 16 9 11 5 1 4 12 13 15 7 14 18 8 19 2 3 
student 418: 19 5 11 9 17 1 14 7 6 4 10 15 20 12 3 18 13 16 2 8 
student 419: 15 12 18 5 20 13 14 3 2 8 10 9 11 6 1 16 7 19 17 4 
student 420: 17 6 16 15 9 3 4 10 1 11 7 14 12 13 8 18 19 20 5 2 
student 421: 19 17 9 8 16 1 10 15 2 6 13 5 11 12 7 20 14 18 4 3 
student 422: 17 8 12 16 18 2 3 11 7 4 10 19 14 13 1 15 9 20 6 5 
student 423: 19 18 11 9 17 7 5 10 8 4 16 14 15 12 3 13 6 20 1 2 
student 424: 17 7 12 6 20 2 19 9 3 11 14 16 15 5 8 13 10 18 1 4 
student 425: 15 7 9 5 16 6 17 12 1 8 14 10 11 3 2 18 20 19 13 4 
student 426: 19 14 10 6 13 3 7 5 2 16 18 12 15 4 11 17 8 20 1 9 
student 427: 16 13 17 8 14 5 6 4 1 12 15 18 20 11 3 19 7 2 9 10 
student 428: 20 8 11 18 15 9 7 10 5 12 13 14 19 3 2 17 4 16 6 1 
student 429: 19 13 14 16 18 5 11 6 1 7 12 15 10 8 2 20 4 17 9 3 
student 430: 15 20 3 19 12 7 9 6 1 10 18 4 17 2 8 16 5 14 11 13 
student 431: 17 9 11 12 20 8 15 7 4 16 5 13 19 14 6 18 10 3 1 2 
student 432: 18 13 6 9 20 4 7 15 1 10 14 19 11 5 2 12 8 16 3 17 
student 433: 20 5 13 7 19 10 14 6 2 4 12 18 11 9 1 17 8 15 3 16 
student 434: 15 12 8 6 20 2 10 14 1 7 18 9 19 4 3 13 17 16 11 5 
student 435: 18 16 8 7 19 4 11 9 1 12 10 13 17 6 2 20 14 15 5 3 
student 436: 20 16 10 7 18 1 14 12 4 3 9 19 17 6 2 11 13 15 5 8 
student 437: 16 17 9 1 14 6 10 4 5 3 15 20 18 8 12 11 13 19 7 2 
student 438: 18 12 8 7 16 10 11 15 1 5 13 19 20 3 2 9 14 17 4 6 
student 439: 20 14 15 11 19 1 8 6 5 10 16 17 12 4 3 9 13 18 2 7 
student 440: 13 10 19 9 18 14 6 1 3 20 15 11 17 7 2 16 8 12 5 4 
student 441: 18 14 7 3 5 13 17 4 1 10 8 19 20 15 11 16 2 12 6 9 
student 442: 19 12 15 5 16 8 9 2 14 11 17 18 13 7 3 10 4 20 1 6 
student 443: 12 19 20 6 18 10 11 15 1 13 4 14 16 9 5 7 8 17 3 2 
student 444: 20 11 14 7 18 9 13 10 1 6 8 16 19 12 2 17 15 3 5 4 
student 445: 14 11 4 10 20 8 7 17 6 12 16 18 13 5 1 19 9 15 3 2 
student 446: 17 11 8 10 13 3 14 5 4 16 20 15 12 1 2 19 7 18 6 9 
student 447: 15 7 18 5 14 3 13 6 4 10 9 12 11 8 2 16 17 20 19 1 
student 448: 18 10 13 3 11 6 8 9 1 15 17 19 12 7 2 16 14 20 4 5 
student 449: 6 13 7 11 14 3 17 10 1 12 20 18 15 9 2 16 4 19 5 8 
student 450: 10 17 8 12 16 11 14 7 1 13 6 15 18 4 2 19 9 20 5 3 
student 451: 20 18 10 13 19 5 7 11 1 12 14 9 16 2 17 15 6 8 4 3 
student 452: 20 17 18 12 8 3 9 6 2 14 13 11 19 4 1 10 15 16 5 7 
student 453: 16 14 17 9 13 10 3 5 1 12 18 19 4 2 6 20 7 15 11 8 
student 454: 16 5 7 10 20 1 17 2 8 4 12 18 13 11 3 19 15 14 6 9 
student 455: 17 12 13 18 20 9 11 15 3 7 4 16 19 1 8 14 5 10 2 6 
student 456: 19 15 10 16 18 1 5 9 2 7 11 14 17 4 3 20 12 13 8 6 
student 457: 20 9 14 12 7 4 6 3 1 11 17 13 16 8 15 19 10 18 2 5 
student 458: 17 12 16 9 20 2 11 4 3 6 15 10 8 19 1 18 13 14 7 5 
student 459: 20 8 7 11 19 6 10 13 1 4 17 15 9 5 12 18 14 16 3 2 
student 460: 20 9 17 6 19 2 11 8 1 13 5 12 18 4 7 14 16 15 3 10 
student 461: 20 11 13 5 16 7 19 4 6 14 3 15 12 2 8 10 17 18 9 1 
student 462: 17 13 11 8 16 6 12 5 4 10 19 18 7 9 3 20 15 14 1 2 
student 463: 20 7 15 14 19 12 10 5 2 11 18 13 8 3 4 16 6 17 1 9 
student 464: 20 15 5 2 18 1 11 7 4 14 13 17 9 12 8 19 10 16 6 3 
student 465: 18 9 19 3 17 1 14 2 4 7 13 10 15 11 8 12 20 16 5 6 
student 466: 20 12 13 10 18 7 11 1 3 9 17 16 14 8 6 15 4 19 5 2 
student 467: 15 4 16 17 14 8 10 2 3 9 12 18 13 5 11 19 1 20 7 6 
student 468: 17 7 14 11 19 1 12 9 2 10 15 20 13 4 3 16 8 18 5 6 
student 469: 11 8 20 9 18 4 16 7 13 2 10 12 15 5 6 17 1 19 3 14 
student 470: 20 13 18 7 19 4 12 9 1 15 10 17 11 5 2 14 8 16 6 3 
student 471: 19 3 11 15 2 6 18 9 1 10 17 12 20 13 5 14 7 16 4 8 
student 472: 12 10 17 15 18 8 20 2 5 6 14 19 16 4 3 7 9 13 1 11 
student 473: 19 16 5 9 12 3 11 20 1 4 7 13 10 17 2 15 14 18 6 8 
student 474: 18 16 12 8 15 9 13 2 5 4 3 17 20 11 10 14 7 19 6 1 
student 475: 19 11 15 14 16 5 10 8 2 1 17 20 4 9 7 18 13 12 3 6 
student 476: 16 18 14 5 20 1 10 6 3 7 2 12 13 11 4 17 9 19 15 8 
student 477: 12 5 14 17 20 8 10 9 1 3 4 18 15 16 6 13 19 11 2 7 
student 478: 19 11 20 9 17 7 6 14 1 3 10 12 15 13 5 18 8 16 4 2 
student 479: 20 14 10 17 18 5 6 9 1 7 15 11 12 3 2 19 4 16 13 8 
student 480: 19 10 5 18 20 8 12 7 1 9 14 13 17 15 2 16 11 6 4 3 
student 481: 18 13 14 6 16 10 5 4 2 8 12 20 11 17 1 19 9 15 7 3 
student 482: 20 18 7 8 19 4 12 5 6 10 14 16 11 9 1 13 15 17 3 2 
student 483: 20 15 18 9 16 2 14 7 12 4 17 11 13 1 5 8 6 19 10 3 
student 484: 17 19 11 13 18 7 9 14 2 4 15 20 12 3 1 10 6 16 5 8 
student 485: 20 11 8 13 17 7 16 4 1 6 9 18 19 12 2 14 5 15 10 3 
student 486: 18 11 15 8 19 14 10 7 5 12 20 9 16 2 1 17 4 13 3 6 
student 487: 20 8 11 9 17 6 14 1 7 5 13 18 15 12 2 19 10 16 4 3 
student 488: 19 12 11 6 13 5 3 8 1 10 16 15 17 2 7 14 20 18 9 4 
student 489: 11 12 17 13 16 7 9 5 3 8 14 19 20 2 1 15 6 18 10 4 
student 490: 19 9 13 14 18 4 2 8 7 11 16 12 17 6 1 15 10 20 3 5 
student 491: 19 9 11 8 20 5 16 7 4 10 13 18 15 3 2 14 17 12 6 1 
student 492: 19 14 18 11 17 10 16 4 7 9 8 20 15 6 1 12 5 13 3 2 
student 493: 20 16 12 7 14 10 13 11 3 9 19 18 8 1 6 17 2 15 5 4 
student 494: 13 19 12 11 20 8 3 16 7 1 14 5 17 4 2 15 9 18 10 6 
student 495: 18 11 15 9 20 10 5 3 7 2 14 13 16 8 4 19 12 17 1 6 
student 496: 19 5 11 12 18 1 10 6 3 14 8 17 15 4 2 16 20 9 7 13 
student 497: 20 13 7 1 17 15 10 8 2 11 9 14 18 5 3 16 12 19 6 4 
student 498: 20 13 15 14 16 1 11 10 5 8 17 19 18 6 3 7 9 12 4 2 
student 499: 18 9 7 2 19 17 15 5 4 12 11 16 8 14 1 13 6 20 3 10 
student 500: 14 4 10 2 12 7 13 3 5 19 16 15 11 6 9 20 17 18 1 8 
student 501: 20 6 9 5 11 2 18 12 1 7 17 16 14 8 3 19 10 15 4 13 
student 502: 20 12 16 10 15 2 17 8 1 9 13 14 18 6 3 19 7 11 5 4 
student 503: 20 9 11 12 18 6 15 7 14 10 17 16 4 1 2 13 8 19 5 3 
student 504: 17 14 13 15 11 9 6 2 3 10 16 18 5 4 1 12 7 20 8 19 
student 505: 19 15 13 10 18 5 2 6 4 1 11 16 12 8 3 17 9 20 14 7 
student 506: 17 15 13 7 20 6 2 11 4 8 10 19 16 3 1 12 18 14 5 9 
student 507: 19 12 13 6 18 4 10 9 1 3 17 20 16 2 8 15 11 14 5 7 
student 508: 18 16 3 11 20 9 15 10 4 7 12 8 13 2 1 19 14 17 5 6 
student 509: 19 10 11 14 20 8 12 9 13 7 16 17 15 4 5 18 6 2 3 1 
student 510: 16 13 11 5 18 9 8 7 2 1 17 19 15 4 6 20 10 12 3 14 
student 511: 19 11 14 4 18 8 16 2 3 13 12 17 15 9 5 7 10 20 6 1 
student 512: 18 6 16 12 13 2 14 10 4 8 19 11 15 9 7 17 3 20 1 5 
student 513: 19 20 7 6 18 12 9 13 2 16 8 11 15 5 1 17 4 14 3 10 
student 514: 20 16 17 8 12 5 15 9 10 4 1 19 13 11 3 14 6 18 7 2 
student 515: 15 18 19 5 20 1 8 10 13 9 14 12 11 2 6 7 17 16 4 3 
student 516: 18 13 19 4 20 6 5 3 2 11 10 14 17 9 7 15 12 16 1 8 
student 517: 18 13 20 4 19 1 11 9 3 6 14 17 15 5 8 12 10 16 2 7 
student 518: 18 17 13 9 12 8 16 5 1 4 14 19 7 10 6 15 20 11 3 2 
student 519: 14 16 6 2 20 10 8 7 4 9 11 12 15 18 3 17 5 19 13 1 
student 520: 15 9 7 19 14 11 13 3 2 18 16 6 10 1 4 20 12 17 5 8 
student 521: 18 7 3 8 19 6 14 5 1 20 13 9 11 15 2 16 12 17 10 4 
student 522: 13 12 14 7 18 6 8 9 4 11 10 20 15 3 2 16 17 19 1 5 
student 523: 20 9 17 12 18 7 15 5 1 11 6 8 19 2 10 14 13 16 4 3 
student 524: 17 10 19 12 9 2 13 1 4 5 20 14 11 7 8 16 15 18 6 3 
student 525: 20 11 19 10 12 9 18 2 1 7 13 17 15 5 3 14 8 16 6 4 
student 526: 20 17 5 7 18 10 12 13 3 15 8 19 14 1 4 11 6 16 2 9 
student 527: 20 9 16 15 18 4 10 5 17 6 13 14 19 11 2 7 8 12 3 1 
student 528: 17 6 7 15 20 5 10 8 4 9 1 16 19 11 3 12 18 14 13 2 
student 529: 9 11 14 3 20 4 17 1 7 6 13 15 16 12 2 18 5 19 10 8 
student 530: 17 12 8 9 20 1 11 7 2 4 13 10 19 3 5 14 15 16 18 6 
student 531: 19 8 14 2 20 12 4 13 7 9 17 15 11 6 3 18 10 16 5 1 
student 532: 17 13 12 3 20 8 10 5 2 9 14 18 15 11 1 16 7 19 6 4 
student 533: 19 17 14 7 9 8 10 20 6 1 16 12 11 5 3 18 15 2 4 13 
student 534: 20 13 17 11 19 6 1 7 2 9 15 14 12 4 5 16 10 18 3 8 
student 535: 10 18 8 13 19 14 6 11 3 2 17 16 12 5 7 9 15 20 1 4 
student 536: 17 16 14 10 20 19 13 5 11 7 15 12 9 2 4 1 6 18 8 3 
student 537: 14 8 9 12 16 4 7 10 2 11 13 18 17 5 1 19 15 20 6 3 
student 538: 19 17 5 13 20 16 3 11 2 10 9 18 12 8 1 14 4 15 7 6 
student 539: 19 14 20 10 18 5 9 4 1 15 13 8 11 6 12 17 7 16 2 3 
student 540: 18 7 15 12 19 4 10 17 2 6 14 9 20 1 3 13 16 11 8 5 
student 541: 20 8 13 6 19 10 14 5 1 9 16 18 12 3 4 17 11 15 7 2 
student 542: 18 20 2 9 17 11 10 5 8 7 19 13 15 3 4 16 6 14 1 12 
student 543: 16 10 14 11 15 9 8 5 1 7 17 12 19 4 3 18 13 20 2 6 
student 544: 17 10 11 12 20 7 13 9 3 5 18 14 15 8 6 19 2 16 1 4 
student 545: 19 6 20 13 12 8 11 1 5 7 14 4 15 17 10 16 3 18 2 9 
student 546: 20 14 18 9 15 5 3 6 7 12 13 11 10 8 1 16 17 19 2 4 
student 547: 19 10 13 9 20 8 4 12 1 3 14 18 16 15 2 11 7 17 6 5 
student 548: 18 13 8 10 12 11 6 7 1 16 14 9 15 3 2 17 19 20 5 4 
student 549: 17 4 5 11 19 7 12 3 9 10 14 15 16 2 1 18 13 20 8 6 
student 550: 13 14 11 10 20 2 16 7 1 5 9 17 15 4 8 19 12 18 3 6 
student 551: 14 6 15 18 9 2 8 3 4 7 20 12 10 5 1 19 16 17 13 11 
student 552: 19 15 11 5 18 6 12 7 2 4 13 16 9 10 3 20 14 17 1 8 
student 553: 10 8 11 12 20 18 14 15 6 1 16 13 4 9 7 17 5 19 2 3 
student 554: 18 11 13 4 16 1 8 5 2 10 15 17 20 7 12 9 6 19 14 3 
student 555: 20 6 11 9 14 7 17 12 4 16 8 15 19 1 5 13 10 18 2 3 
student 556: 12 14 6 11 18 2 16 7 1 20 19 15 3 10 9 13 8 17 5 4 
student 557: 20 16 8 13 10 4 15 3 14 6 11 12 17 5 1 19 7 18 9 2 
student 558: 14 18 11 8 17 7 12 6 1 9 20 13 19 4 5 15 10 16 3 2 
student 559: 13 12 16 14 17 1 7 9 3 10 11 15 20 2 6 19 18 5 4 8 
student 560: 16 6 15 10 18 5 11 9 4 8 17 13 12 14 7 19 3 20 2 1 
student 561: 13 9 6 20 16 8 18 10 1 4 19 11 17 7 15 12 5 14 3 2 
student 562: 18 20 3 16 15 5 17 7 10 4 11 12 13 8 1 14 6 19 9 2 
student 563: 17 18 20 13 8 10 16 9 2 5 6 14 12 3 4 15 11 19 7 1 
student 564: 20 17 9 3 10 7 14 11 1 6 12 15 13 8 4 18 16 19 5 2 
student 565: 15 12 13 8 19 11 17 1 3 5 14 18 16 6 2 9 7 20 10 4 
student 566: 14 11 16 8 17 1 9 10 5 6 15 20 18 4 2 19 12 13 7 3 
student 567: 17 6 13 11 16 12 15 1 2 8 9 18 14 10 4 19 7 20 5 3 
student 568: 19 7 20 16 18 9 11 5 2 10 13 12 14 1 3 15 8 17 4 6 
student 569: 12 17 10 9 14 1 18 6 2 16 8 20 15 4 5 13 19 11 7 3 
student 570: 16 13 12 17 20 2 3 6 1 9 11 18 10 7 4 14 19 15 5 8 
student 571: 20 14 12 9 13 3 11 8 5 15 10 19 17 7 1 18 6 16 4 2 
student 572: 20 15 12 8 13 10 4 7 1 6 19 11 16 2 9 18 14 17 5 3 
student 573: 18 6 10 8 17 20 9 16 1 2 11 19 15 4 3 13 12 14 5 7 
student 574: 20 13 14 10 17 4 7 12 3 5 18 16 8 6 2 15 11 19 9 1 
student 575: 10 7 9 18 20 2 4 8 6 12 13 16 14 11 1 17 15 19 5 3 
student 576: 18 14 17 11 15 2 10 5 6 8 13 16 12 1 3 19 9 20 4 7 
student 577: 20 15 11 5 19 2 12 10 1 6 14 13 8 4 7 16 18 17 9 3 
student 578: 18 12 20 15 19 7 17 9 8 6 16 2 10 1 4 14 11 13 3 5 
student 579: 20 5 16 1 15 12 11 14 9 4 13 6 17 10 7 18 8 19 2 3 
student 580: 16 13 11 9 20 4 6 5 7 10 17 15 14 8 3 19 12 18 1 2 
student 581: 20 10 13 16 17 8 12 6 3 9 18 14 11 5 2 15 7 19 4 1 
student 582: 19 8 6 10 13 11 12 1 7 2 16 18 9 5 4 17 15 20 3 14 
student 583: 18 16 15 13 17 5 14 11 1 7 12 8 19 6 3 20 10 9 2 4 
student 584: 20 9 10 2 16 15 11 5 4 6 17 13 14 3 1 18 12 19 8 7 
student 585: 10 17 11 12 20 7 6 15 1 4 16 13 14 8 2 18 9 19 3 5 
student 586: 14 17 13 7 20 3 6 8 1 16 10 15 19 5 2 12 11 18 9 4 
student 587: 17 12 19 8 15 10 9 3 7 6 16 11 14 5 2 18 13 20 1 4 
student 588: 20 4 14 8 17 2 6 9 7 12 13 15 16 1 10 19 11 18 5 3 
student 589: 16 19 9 5 18 14 8 2 10 13 12 11 20 7 4 17 15 6 1 3 
student 590: 20 15 9 18 12 6 14 5 2 8 16 7 13 11 4 19 10 17 1 3 
student 591: 20 16 13 12 17 7 10 6 1 5 11 15 19 8 4 14 3 18 9 2 
student 592: 17 12 4 11 20 8 9 7 3 14 16 18 13 10 1 15 5 19 2 6 
student 593: 16 11 8 18 20 3 7 4 5 13 9 17 12 6 1 2 14 15 10 19 
student 594: 17 13 19 7 18 3 11 14 5 6 15 20 2 4 1 8 9 16 10 12 
student 595: 13 11 12 8 18 5 3 10 1 15 17 16 14 7 2 19 9 20 4 6 
student 596: 19 11 16 17 20 14 10 9 1 5 8 18 13 7 4 15 6 12 3 2 
student 597: 18 6 13 11 12 8 16 17 1 15 4 14 10 7 3 19 9 20 5 2 
student 598: 17 14 18 12 15 4 3 11 9 1 16 20 19 10 7 13 5 8 2 6 
student 599: 17 13 12 20 19 7 18 9 2 6 15 5 16 4 3 14 11 10 1 8 
student 600: 10 12 20 7 18 2 16 5 4 3 14 17 19 13 6 9 8 15 1 11 
student 601: 20 18 11 14 17 15 9 8 5 4 10 2 6 16 3 19 7 13 1 12 
student 602: 19 15 9 13 20 4 7 11 3 1 6 10 18 8 5 17 14 16 2 12 
student 603: 19 9 12 8 17 3 10 7 4 6 14 11 16 15 2 20 13 18 5 1 
student 604: 20 9 10 4 15 14 12 7 6 5 19 17 13 3 8 18 11 16 2 1 
student 605: 17 10 18 4 14 1 13 7 6 2 15 19 16 5 3 11 12 20 9 8 
student 606: 20 14 16 10 17 5 13 6 1 12 8 15 11 4 7 18 3 19 9 2 
student 607: 19 10 15 9 16 14 3 17 5 2 4 11 13 6 7 18 20 12 1 8 
student 608: 19 14 17 3 15 4 11 9 2 6 7 12 16 10 8 18 5 20 13 1 
student 609: 19 13 17 2 15 1 10 12 8 6 11 14 3 4 5 20 16 18 7 9 
student 610: 20 15 14 13 5 1 7 2 6 16 8 3 18 4 11 17 12 19 9 10 
student 611: 20 7 14 18 15 5 6 12 1 4 19 17 10 8 2 9 11 16 13 3 
student 612: 19 6 12 8 20 2 1 15 3 4 17 13 18 11 7 14 9 16 5 10 
student 613: 18 13 6 5 17 4 11 9 2 10 15 19 14 8 3 20 12 16 1 7 
student 614: 13 12 7 2 20 5 10 17 1 11 15 16 19 14 3 8 9 18 6 4 
student 615: 19 9 14 7 15 17 12 8 1 18 10 13 6 4 3 20 11 16 5 2 
student 616: 20 9 17 10 19 3 8 11 1 5 14 16 15 2 6 13 12 18 4 7 
student 617: 14 17 9 10 13 8 16 6 2 12 11 19 15 1 7 18 5 20 3 4 
student 618: 19 15 9 7 16 3 10 20 2 6 11 13 17 4 1 14 8 12 18 5 
student 619: 20 16 19 10 18 5 7 4 8 6 12 17 11 15 1 13 9 14 3 2 
student 620: 9 13 14 12 20 11 15 6 3 4 8 17 10 7 1 19 16 18 5 2 
student 621: 19 12 14 13 18 8 5 3 1 11 10 17 15 9 2 20 6 16 7 4 
student 622: 19 20 11 18 7 3 9 6 5 16 17 12 13 8 1 15 10 14 4 2 
student 623: 20 17 11 7 19 1 10 6 2 9 12 13 18 8 4 16 14 15 5 3 
student 624: 8 15 13 18 6 10 3 5 4 2 11 16 20 14 9 19 17 12 1 7 
student 625: 20 12 5 9 18 4 19 10 1 11 13 15 17 3 6 14 8 16 7 2 
student 626: 18 15 6 20 11 5 13 10 14 8 12 3 17 9 1 19 7 16 2 4 
student 627: 19 15 16 14 20 7 5 11 10 9 3 8 1 13 6 18 17 12 4 2 
student 628: 20 14 13 5 12 1 8 4 7 10 16 19 15 3 9 18 11 17 2 6 
student 629: 17 14 16 9 11 7 6 10 2 4 13 19 15 5 1 18 12 20 8 3 
student 630: 19 12 18 5 16 2 13 8 7 11 17 20 4 1 9 15 6 14 10 3 
student 631: 18 9 13 11 15 4 2 12 5 8 14 16 19 10 6 17 1 20 7 3 
student 632: 15 11 16 14 19 6 10 5 4 8 17 13 12 3 1 18 9 20 7 2 
student 633: 20 18 12 8 16 3 15 9 1 11 10 14 17 2 5 13 7 19 6 4 
student 634: 17 18 9 12 20 4 7 2 5 10 14 15 13 3 8 19 11 16 6 1 
student 635: 18 16 8 3 19 2 20 12 9 13 5 14 17 10 6 11 1 15 4 7 
student 636: 20 19 7 9 18 6 14 8 1 13 10 17 15 2 3 16 4 12 5 11 
student 637: 19 20 8 11 16 6 13 9 1 18 5 14 10 15 4 3 7 17 12 2 
student 638: 18 8 13 9 12 15 11 7 1 17 19 14 6 2 3 10 20 16 5 4 
student 639: 15 13 8 5 19 14 12 11 1 6 16 18 10 4 3 17 7 20 2 9 
student 640: 7 14 4 9 19 6 12 8 3 11 16 20 5 10 1 15 13 17 18 2 
student 641: 19 3 11 10 20 6 15 13 7 9 12 17 5 8 18 14 2 16 4 1 
student 642: 20 14 15 9 18 12 13 7 6 1 3 16 2 10 8 17 11 19 5 4 
student 643: 13 10 16 3 15 4 11 6 1 9 14 18 17 12 7 19 8 20 5 2 
student 644: 20 5 17 3 2 11 14 4 8 6 15 16 10 9 1 18 7 19 12 13 
student 645: 4 20 13 10 15 7 8 6 5 11 16 18 17 3 9 14 12 19 2 1 
student 646: 14 9 2 10 18 7 12 11 1 20 8 13 15 4 6 16 5 17 3 19 
student 647: 15 2 16 14 17 9 4 13 6 10 19 18 8 3 5 12 11 20 1 7 
student 648: 20 15 8 13 11 1 7 10 2 12 18 16 19 6 5 4 3 14 9 17 
student 649: 19 7 16 13 11 9 8 1 3 14 6 18 20 17 2 5 12 15 10 4 
student 650: 20 13 12 7 18 4 16 5 1 9 14 19 15 3 2 10 11 17 8 6 
student 651: 16 8 17 11 18 12 14 6 1 3 13 9 19 7 4 20 10 15 5 2 
student 652: 19 16 18 9 20 4 3 7 1 15 11 13 12 8 2 17 10 14 6 5 
student 653: 16 14 7 4 18 2 8 10 3 12 15 20 19 6 9 5 13 17 11 1 
student 654: 18 16 13 2 4 7 9 3 8 19 15 14 11 1 6 17 12 20 10 5 
student 655: 12 16 19 7 9 6 8 11 4 10 15 18 13 3 1 20 14 17 2 5 
student 656: 6 5 17 12 20 1 15 9 7 3 11 19 18 10 4 14 8 16 2 13 
student 657: 18 11 7 16 14 5 8 3 4 9 12 20 13 10 6 19 17 15 1 2 
student 658: 20 10 9 7 19 5 11 6 4 13 14 18 17 8 3 15 16 12 1 2 
student 659: 14 5 12 2 19 9 15 4 6 11 18 16 13 3 8 17 10 20 1 7 
student 660: 19 13 11 12 20 5 14 8 2 7 18 17 16 10 1 9 6 15 3 4 
student 661: 20 1 13 5 19 10 12 9 4 11 15 16 17 2 8 14 6 18 3 7 
student 662: 20 13 16 8 9 4 10 5 6 18 14 12 11 2 1 15 19 17 7 3 
student 663: 19 20 18 15 14 1 6 7 8 9 11 17 13 4 2 16 10 12 3 5 
student 664: 20 13 8 11 17 7 5 4 6 10 19 16 12 2 3 14 18 15 1 9 
student 665: 20 12 9 10 18 6 11 7 3 8 13 15 14 4 2 17 16 19 5 1 
student 666: 18 10 15 13 17 8 9 11 1 4 19 16 6 7 2 14 12 20 5 3 
student 667: 17 18 13 12 19 1 15 4 2 10 14 20 9 6 5 16 8 7 3 11 
student 668: 14 7 15 6 12 5 13 20 1 3 16 9 18 11 4 17 10 19 8 2 
student 669: 17 11 9 2 18 20 13 8 1 7 12 15 14 6 3 16 10 19 4 5 
student 670: 11 17 8 7 20 10 12 1 4 5 13 19 16 2 6 15 14 18 3 9 
student 671: 20 12 11 3 19 10 18 8 2 7 9 14 15 13 4 5 16 17 6 1 
student 672: 19 11 10 13 17 7 9 4 1 8 15 16 20 6 3 14 12 18 2 5 
student 673: 20 15 4 11 18 8 12 14 3 2 13 16 5 9 7 19 10 17 6 1 
student 674: 20 5 16 12 8 17 15 2 3 14 18 9 11 6 10 13 7 19 1 4 
student 675: 20 17 9 7 19 4 6 5 3 14 15 10 13 12 1 16 18 11 2 8 
student 676: 12 19 15 8 11 6 14 5 2 10 1 17 18 9 3 16 13 20 4 7 
student 677: 18 11 5 13 19 4 7 8 1 9 16 17 20 15 6 14 12 10 2 3 
student 678: 18 12 11 8 9 10 14 17 3 7 4 15 16 5 2 20 13 19 6 1 
student 679: 20 14 8 4 18 3 15 7 2 9 12 13 19 5 1 11 10 17 6 16 
student 680: 20 17 11 4 18 16 2 7 9 10 14 12 3 1 6 19 15 13 5 8 
student 681: 19 12 8 11 20 4 10 3 2 7 18 9 14 13 15 16 5 17 6 1 
student 682: 12 9 17 16 13 8 10 2 3 14 11 19 20 4 1 18 7 15 5 6 
student 683: 16 7 18 10 19 1 12 6 8 11 20 15 14 4 3 13 9 17 2 5 
student 684: 20 13 10 6 17 8 12 7 1 4 16 15 19 5 9 14 11 18 2 3 
student 685: 16 2 14 10 20 13 15 7 1 11 18 8 19 9 5 12 4 17 6 3 
student 686: 19 18 15 4 16 17 11 6 1 7 8 12 10 5 2 14 9 20 3 13 
student 687: 13 2 19 15 16 14 18 10 1 5 7 20 17 3 8 11 4 12 9 6 
student 688: 17 4 13 9 20 1 10 11 6 7 19 16 14 15 3 18 2 12 5 8 
student 689: 19 9 20 16 15 3 5 4 1 7 11 12 18 13 2 14 6 17 10 8 
student 690: 16 20 18 2 13 3 8 5 9 12 19 10 7 4 6 11 14 15 1 17 
student 691: 20 7 9 13 19 3 6 8 1 10 18 12 11 16 5 14 17 15 2 4 
student 692: 15 19 20 8 16 10 13 1 6 7 14 11 5 4 3 17 12 18 2 9 
student 693: 6 13 14 20 18 11 8 19 1 9 4 15 5 3 10 17 7 16 2 12 
student 694: 20 15 9 2 19 10 7 11 1 8 12 13 16 6 3 18 4 14 5 17 
student 695: 18 16 13 11 19 4 8 5 1 14 9 2 12 10 6 17 15 20 7 3 
student 696: 20 4 9 16 18 2 15 13 5 17 11 19 10 6 3 14 7 12 1 8 
student 697: 20 4 16 12 17 6 13 2 5 3 14 11 15 9 7 18 8 19 10 1 
student 698: 15 10 20 9 12 14 13 8 2 5 19 11 16 4 1 18 17 3 7 6 
student 699: 20 12 13 9 18 2 8 11 5 6 14 19 15 10 7 17 3 16 4 1 
student 700: 15 18 17 14 19 2 10 4 5 8 3 13 7 6 11 16 9 20 1 12 
student 701: 19 14 1 9 20 5 11 13 4 6 17 18 12 8 7 16 10 15 3 2 
student 702: 9 13 15 12 19 1 10 16 2 6 20 17 18 5 3 14 8 11 7 4 
student 703: 16 19 9 17 18 2 10 3 7 13 15 12 11 1 5 20 6 14 4 8 
student 704: 14 8 4 11 18 6 13 15 2 7 10 19 16 12 3 17 1 20 9 5 
student 705: 16 9 11 8 19 5 12 1 3 14 13 18 15 6 4 17 7 20 10 2 
student 706: 16 20 10 14 19 7 12 9 1 4 18 11 13 6 2 8 5 15 3 17 
student 707: 19 7 9 4 20 1 5 12 2 11 15 18 14 6 3 16 13 17 10 8 
student 708: 13 17 15 12 20 4 14 7 9 1 8 18 16 5 3 10 6 19 2 11 
student 709: 20 13 15 3 14 5 11 1 2 12 8 17 19 6 7 18 9 16 10 4 
student 710: 17 13 16 3 20 12 4 14 1 7 8 5 18 10 11 15 9 19 2 6 
student 711: 16 15 10 17 18 6 9 5 2 4 13 14 11 1 7 20 12 19 8 3 
student 712: 18 11 6 17 20 4 5 3 1 12 16 15 10 9 2 19 13 8 7 14 
student 713: 20 16 18 8 19 6 5 11 3 13 15 14 10 4 2 12 9 17 7 1 
student 714: 18 9 19 1 12 3 15 4 2 10 11 20 14 7 5 13 8 17 16 6 
student 715: 19 11 17 15 20 9 12 7 4 10 13 14 2 6 8 18 16 1 3 5 
student 716: 20 13 15 3 16 5 9 8 12 14 18 11 17 7 2 10 6 19 4 1 
student 717: 17 7 4 15 14 5 10 9 6 12 20 18 11 8 1 13 16 19 3 2 
student 718: 15 11 14 8 20 4 13 12 2 17 19 18 1 7 5 9 10 16 6 3 
student 719: 17 12 13 11 19 1 8 9 7 5 15 16 14 6 3 18 10 20 4 2 
student 720: 18 13 20 6 15 4 8 7 2 12 10 11 14 1 3 19 16 17 9 5 
student 721: 20 11 15 10 18 12 8 9 2 4 17 14 6 13 1 16 5 19 7 3 
student 722: 20 15 14 6 19 2 7 11 3 13 1 9 17 12 10 16 5 18 8 4 
student 723: 19 18 12 4 15 7 9 10 3 11 17 20 14 1 8 2 13 16 5 6 
student 724: 16 13 14 11 18 6 10 8 3 12 20 9 19 5 2 15 7 17 4 1 
student 725: 16 10 17 2 11 6 9 14 1 4 20 15 13 8 3 18 12 19 5 7 
student 726: 16 8 10 4 12 13 11 5 7 6 15 20 18 3 2 19 14 17 9 1 
student 727: 18 16 2 10 15 14 19 13 4 7 11 12 3 5 6 20 1 17 9 8 
student 728: 16 17 12 6 15 4 8 13 3 18 14 11 10 5 7 20 9 19 1 2 
student 729: 16 20 19 10 15 7 14 9 4 8 18 13 11 3 2 17 6 12 1 5 
student 730: 17 15 18 11 13 9 7 6 1 3 14 19 16 5 2 20 10 12 8 4 
student 731: 19 5 13 8 14 6 12 3 1 11 18 10 20 7 9 16 15 17 2 4 
student 732: 19 11 13 12 18 7 10 5 2 4 6 15 20 9 3 17 14 16 1 8 
student 733: 18 12 14 5 16 9 7 3 19 10 8 20 17 6 1 13 11 15 4 2 
student 734: 20 12 19 13 10 1 18 11 3 17 14 6 15 9 5 16 7 4 8 2 
student 735: 18 13 17 10 20 12 11 1 2 8 15 14 9 7 3 19 5 16 4 6 
student 736: 18 19 12 6 20 4 13 11 1 10 14 16 15 5 3 8 7 17 2 9 
student 737: 20 7 5 4 19 10 18 14 1 17 13 11 15 3 2 16 8 12 6 9 
student 738: 19 13 14 11 12 10 7 5 1 6 15 17 18 3 2 16 8 20 9 4 
student 739: 17 7 13 11 14 4 12 5 2 8 19 16 20 15 1 10 9 18 3 6 
student 740: 16 10 9 3 17 4 12 18 5 6 19 20 14 7 8 15 11 13 2 1 
student 741: 17 11 14 10 15 1 16 2 5 3 12 13 18 6 4 19 8 20 7 9 
student 742: 15 16 18 5 17 1 12 9 2 8 10 14 11 6 3 19 7 20 4 13 
student 743: 15 7 16 6 12 5 10 9 3 4 13 17 14 11 1 19 20 18 8 2 
student 744: 16 6 9 7 18 11 15 12 1 2 14 17 10 13 4 20 8 19 5 3 
student 745: 16 5 14 11 10 9 8 15 3 6 18 19 20 12 1 13 7 17 2 4 
student 746: 19 9 15 8 14 5 18 7 1 12 11 13 10 2 4 16 20 17 3 6 
student 747: 20 13 5 18 7 12 6 9 3 16 11 19 10 2 8 17 14 15 4 1 
student 748: 17 14 12 13 20 11 10 4 1 3 18 16 15 7 8 6 9 19 2 5 
student 749: 18 14 13 9 19 8 11 1 4 16 17 15 6 12 3 10 7 20 2 5 
student 750: 20 15 16 11 19 10 9 7 3 5 12 14 13 6 4 17 8 18 1 2 
student 751: 17 5 14 11 20 9 10 1 3 12 13 19 18 2 6 16 15 7 8 4 
student 752: 19 20 12 2 18 7 13 11 5 4 15 16 3 8 6 14 9 17 10 1 
student 753: 17 16 20 5 13 9 11 4 1 19 15 18 12 14 3 10 8 6 2 7 
student 754: 20 5 6 7 19 14 18 9 1 11 10 16 12 8 2 17 13 15 3 4 
student 755: 17 11 7 10 14 13 15 5 1 6 19 16 20 4 2 9 12 18 3 8 
student 756: 16 20 18 7 19 13 12 8 5 2 15 10 17 3 6 11 9 14 4 1 
student 757: 15 19 14 11 18 13 12 6 10 3 16 17 20 1 5 8 7 9 4 2 
student 758: 13 18 19 9 17 2 15 10 1 4 14 8 20 12 3 11 16 6 7 5 
student 759: 14 19 8 11 16 9 13 4 12 5 10 17 18 3 1 15 6 20 2 7 
student 760: 19 9 14 3 17 11 12 2 1 6 13 10 20 8 15 16 5 18 7 4 
student 761: 20 15 3 9 14 6 12 7 2 4 10 18 16 17 8 13 11 19 5 1 
student 762: 18 15 20 7 17 12 5 3 2 14 13 16 8 6 9 19 10 11 4 1 
student 763: 15 5 17 10 20 3 8 16 1 11 12 13 9 4 7 18 14 19 2 6 
student 764: 13 4 9 11 17 6 7 10 1 18 14 8 16 3 2 20 12 19 15 5 
student 765: 20 3 15 12 14 5 7 2 1 4 8 13 16 11 17 6 18 19 10 9 
student 766: 19 13 12 9 18 7 17 11 1 4 14 20 16 3 5 15 10 6 8 2 
student 767: 17 20 19 9 15 8 10 7 2 5 3 18 13 11 1 14 16 12 6 4 
student 768: 14 15 11 16 19 6 10 8 1 7 18 9 17 2 3 20 13 12 4 5 
student 769: 20 16 2 7 19 4 18 6 3 12 14 13 8 9 5 17 11 15 10 1 
student 770: 13 18 8 6 20 2 15 9 3 12 11 14 16 1 4 5 10 19 7 17 
student 771: 15 13 8 6 18 2 12 7 1 4 16 9 20 11 3 17 14 19 5 10 
student 772: 16 10 11 4 17 8 5 12 1 7 15 19 18 6 2 20 13 14 9 3 
student 773: 12 13 7 10 17 6 14 18 9 3 16 19 11 1 4 20 15 8 2 5 
student 774: 19 9 13 11 17 10 15 12 4 3 20 5 8 14 6 1 18 16 2 7 
student 775: 15 11 12 7 19 2 8 18 4 16 20 10 13 5 9 6 14 17 3 1 
student 776: 18 3 12 17 19 2 8 4 5 11 7 14 16 1 10 20 13 15 9 6 
student 777: 18 9 12 5 20 13 8 4 2 7 16 14 15 3 11 17 6 19 1 10 
student 778: 17 20 10 13 18 6 7 11 3 16 8 14 1 9 5 12 15 19 4 2 
student 779: 10 8 19 16 12 6 20 11 4 15 17 14 3 2 1 13 18 9 5 7 
student 780: 20 12 4 13 19 3 5 6 1 7 8 14 11 18 2 16 10 17 15 9 
student 781: 17 15 14 13 18 1 10 8 2 11 19 16 12 6 9 20 4 5 7 3 
student 782: 18 6 15 7 20 13 16 8 1 9 10 14 11 5 3 12 17 19 2 4 
student 783: 19 11 14 7 15 3 1 6 5 8 17 13 18 12 2 16 10 20 9 4 
student 784: 19 10 20 11 18 4 7 13 1 12 17 15 9 5 8 14 2 16 3 6 
student 785: 19 16 11 8 15 2 9 7 1 4 14 20 13 5 10 18 12 17 3 6 
student 786: 20 17 15 7 16 2 14 11 3 10 8 19 13 5 9 12 4 18 1 6 
student 787: 20 10 7 8 14 9 13 6 2 17 12 11 19 4 5 16 18 15 1 3 
student 788: 11 15 17 6 19 8 14 2 1 12 16 13 5 9 4 18 10 20 7 3 
student 789: 13 8 14 6 16 7 11 5 3 9 10 12 18 15 1 17 20 19 2 4 
student 790: 15 5 18 14 16 6 19 4 1 9 20 17 8 3 2 11 12 13 10 7 
student 791: 20 13 15 4 16 10 9 6 2 12 11 17 14 7 3 19 1 18 8 5 
student 792: 16 12 11 9 19 1 8 7 2 13 18 14 15 10 5 20 6 17 3 4 
student 793: 20 13 15 7 10 9 14 6 3 11 18 8 17 4 1 16 12 19 5 2 
student 794: 20 7 13 12 17 2 10 4 1 5 11 14 16 9 3 19 15 18 8 6 
student 795: 19 16 17 3 15 8 10 13 2 5 20 11 14 1 4 18 9 12 6 7 
student 796: 20 19 17 12 1 4 16 9 7 8 3 15 11 10 5 13 14 18 6 2 
student 797: 20 13 11 10 12 4 7 3 1 9 17 19 16 8 2 15 6 18 14 5 
student 798: 20 12 13 7 18 3 11 9 5 8 19 15 14 6 1 17 10 16 4 2 
student 799: 15 10 5 13 11 1 19 9 8 7 12 18 16 14 2 17 4 20 3 6 
