student 0: 10 9 4 5 2 20 17 3 6 19 12 7 1 13 8 15 14 18 11 16 
student 1: 5 9 4 8 6 20 15 3 12 17 7 10 2 14 16 1 11 19 13 18 
student 2: 1 12 3 4 9 18 14 5 7 15 10 11 2 19 6 17 8 13 16 20 
student 3: 5 11 1 3 2 20 9 6 4 18 10 13 8 19 12 16 7 17 15 14 
student 4: 7 12 5 10 3 18 14 4 1 19 11 16 2 15 8 6 9 13 20 17 
student 5: 8 5 9 2 10 20 17 6 11 16 7 13 3 1 4 15 14 18 19 12 
student 6: 12 4 6 2 1 20 11 5 14 19 13 16 3 10 8 15 9 18 17 7 
student 7: 12 18 6 13 7 19 11 5 1 14 10 15 2 4 8 9 3 16 17 20 
student 8: 11 12 9 3 1 19 5 4 8 17 15 16 2 13 6 20 10 7 14 18 
student 9: 1 8 9 6 7 18 16 4 3 20 13 19 2 12 5 17 11 15 10 14 
student 10: 7 17 14 3 8 19 15 2 9 16 10 4 6 11 1 13 12 5 20 18 
student 11: 19 12 7 10 5 20 9 1 2 6 8 4 11 16 3 15 17 18 13 14 
student 12: 14 6 5 1 2 20 11 4 8 15 12 7 3 16 10 17 9 13 19 18 
student 13: 3 10 5 2 4 19 9 7 8 20 11 16 6 13 1 15 12 14 18 17 
student 14: 9 10 7 2 1 8 20 6 11 16 4 12 5 18 3 15 13 17 19 14 
student 15: 18 6 11 2 12 14 8 3 1 17 9 19 5 10 4 13 7 16 20 15 
student 16: 10 12 3 1 6 17 14 2 11 16 18 5 9 7 4 13 8 19 15 20 
student 17: 10 14 12 9 3 11 19 4 6 20 16 8 2 13 7 1 15 5 17 18 
student 18: 7 4 2 8 1 18 16 5 3 15 12 19 9 11 13 14 10 17 6 20 
student 19: 6 9 11 1 3 20 10 8 14 17 4 15 12 7 5 19 2 18 13 16 
student 20: 14 20 8 1 12 18 13 5 4 17 3 15 2 9 7 11 6 16 19 10 
student 21: 6 13 9 3 4 17 15 7 8 20 12 5 2 14 11 19 1 16 10 18 
student 22: 3 11 7 4 1 20 19 5 8 15 9 16 2 17 6 14 12 13 18 10 
student 23: 2 15 1 5 10 19 8 3 11 13 9 16 4 6 7 14 20 18 12 17 
student 24: 8 7 3 1 2 20 18 6 14 19 16 17 5 11 9 10 13 4 12 15 
student 25: 10 5 2 8 4 20 14 9 6 17 12 13 1 18 3 7 11 16 15 19 
student 26: 13 16 11 1 2 20 12 8 5 18 10 19 4 7 3 14 6 15 9 17 
student 27: 8 13 1 3 9 20 10 5 17 18 15 12 7 4 2 16 6 11 14 19 
student 28: 3 6 14 8 2 17 10 1 9 18 20 5 4 7 11 19 15 13 12 16 
student 29: 10 14 4 7 1 19 13 3 5 16 6 12 2 8 9 18 15 20 17 11 
student 30: 7 10 15 3 1 19 16 4 8 20 11 2 5 18 12 17 13 9 6 14 
student 31: 1 13 7 3 4 14 20 9 8 19 17 10 2 15 5 16 6 12 11 18 
student 32: 5 17 6 2 7 16 13 4 15 10 9 14 1 19 11 8 3 18 12 20 
student 33: 7 9 4 8 3 20 16 6 14 19 10 15 5 12 2 17 1 18 11 13 
student 34: 2 11 15 3 1 19 10 4 8 20 14 13 7 9 5 6 12 18 16 17 
student 35: 10 9 5 11 1 17 12 6 7 18 20 3 4 16 8 2 13 14 15 19 
student 36: 10 13 3 1 9 16 17 4 11 18 20 19 7 6 5 14 2 8 12 15 
student 37: 2 12 7 16 1 19 14 4 10 6 15 9 3 8 11 5 13 18 20 17 
student 38: 12 6 2 4 1 19 13 8 5 15 11 16 3 10 9 20 7 17 14 18 
student 39: 15 10 2 9 1 17 8 4 6 20 5 3 7 14 19 11 12 18 16 13 
student 40: 10 8 6 3 12 15 17 1 14 19 9 20 2 13 5 16 4 11 7 18 
student 41: 5 7 2 6 9 17 20 4 3 15 10 11 1 13 14 18 12 16 19 8 
student 42: 3 8 10 13 7 18 6 1 4 16 5 19 2 11 17 12 14 20 15 9 
student 43: 4 6 5 3 1 15 9 13 10 20 11 12 2 7 8 19 16 17 18 14 
student 44: 7 19 6 4 1 20 11 12 8 10 16 3 2 9 5 14 15 13 18 17 
student 45: 5 4 9 2 10 15 12 1 14 18 7 8 6 13 3 19 11 16 17 20 
student 46: 12 7 10 3 2 20 14 4 9 19 13 15 1 11 6 18 8 17 5 16 
student 47: 3 11 10 2 1 17 13 5 6 12 9 16 4 14 7 18 8 19 15 20 
student 48: 13 6 1 5 11 10 12 2 9 20 18 3 7 8 4 14 15 16 17 19 
student 49: 11 8 6 4 2 20 19 1 7 17 9 10 3 12 5 14 18 16 13 15 
student 50: 11 4 7 5 3 17 13 1 9 14 10 16 2 15 12 19 8 6 20 18 
student 51: 13 8 4 9 3 15 12 2 5 16 20 11 7 17 1 10 6 19 14 18 
student 52: 9 7 1 6 4 16 19 3 10 15 11 8 5 12 2 14 18 20 13 17 
student 53: 18 7 6 15 2 19 12 4 10 17 11 9 3 1 5 20 13 8 16 14 
student 54: 11 12 2 1 3 14 13 4 5 17 7 8 6 18 10 16 20 9 15 19 
student 55: 6 13 3 4 1 9 19 7 12 20 14 8 5 15 11 17 2 16 18 10 
student 56: 4 7 2 9 5 20 19 3 1 15 13 14 6 12 8 10 11 17 16 18 
student 57: 7 11 1 5 10 16 8 4 3 15 17 20 2 13 6 18 9 14 12 19 
student 58: 11 3 2 4 10 12 15 6 5 20 8 14 1 16 7 18 13 17 9 19 
student 59: 10 6 4 13 5 18 12 2 3 11 8 9 1 15 7 16 17 19 14 20 
student 60: 9 4 7 6 2 20 17 11 5 13 14 16 3 10 1 15 8 18 19 12 
student 61: 5 7 6 1 3 20 8 2 13 19 10 11 4 14 9 12 16 15 17 18 
student 62: 9 14 6 4 3 19 12 7 2 20 8 11 5 10 1 17 15 18 13 16 
student 63: 14 8 3 4 1 20 17 5 13 10 12 15 7 6 9 16 2 18 19 11 
student 64: 4 15 10 5 6 17 18 3 2 19 8 14 1 20 13 7 12 11 9 16 
student 65: 5 6 3 8 1 18 20 2 9 19 10 11 4 12 7 15 17 13 14 16 
student 66: 3 4 6 5 1 17 15 7 9 20 11 13 2 16 8 14 12 19 18 10 
student 67: 3 19 12 4 2 10 13 7 15 18 11 9 1 6 5 17 8 14 16 20 
student 68: 7 11 2 6 4 20 3 5 13 16 8 19 1 9 10 17 14 18 12 15 
student 69: 7 4 1 3 6 20 15 8 10 17 12 11 5 16 14 9 2 13 19 18 
student 70: 8 10 7 3 1 18 2 12 5 15 13 19 9 11 4 14 6 20 17 16 
student 71: 3 14 2 8 6 18 10 11 7 20 13 9 1 12 5 17 4 15 16 19 
student 72: 16 2 1 10 3 18 15 7 8 13 6 12 4 9 5 17 14 11 19 20 
student 73: 1 6 12 3 2 17 9 8 18 19 14 5 4 7 13 11 20 15 16 10 
student 74: 7 17 11 5 4 16 8 2 6 18 10 15 1 9 14 13 3 12 19 20 
student 75: 8 15 3 6 2 18 9 5 1 14 10 13 4 12 7 16 11 19 17 20 
student 76: 11 9 8 2 1 16 15 6 10 18 4 20 5 7 3 17 13 14 19 12 
student 77: 18 6 2 3 1 19 11 5 4 17 7 9 10 13 8 20 14 16 15 12 
student 78: 6 16 8 4 5 11 13 2 15 19 20 17 3 1 9 18 10 14 7 12 
student 79: 9 11 12 1 3 20 10 7 16 18 17 19 4 6 5 15 2 8 14 13 
student 80: 7 15 6 2 1 12 18 3 14 10 16 9 4 13 5 17 8 20 19 11 
student 81: 14 5 1 6 3 16 7 4 10 20 11 17 9 13 2 18 8 12 15 19 
student 82: 9 1 4 8 3 20 11 7 5 17 10 12 2 15 18 16 6 14 19 13 
student 83: 11 8 1 9 5 13 19 6 2 20 3 17 7 14 12 10 4 15 16 18 
student 84: 7 16 9 2 1 20 13 5 8 19 10 4 3 18 6 15 11 17 14 12 
student 85: 6 2 9 1 4 13 15 5 10 18 7 16 3 12 11 14 8 17 20 19 
student 86: 5 16 4 2 3 20 9 11 7 12 10 15 1 13 6 14 8 19 18 17 
student 87: 10 4 3 8 1 16 19 14 13 20 7 17 5 12 9 15 2 11 6 18 
student 88: 15 10 8 2 1 17 16 6 5 19 20 12 4 7 3 13 11 14 9 18 
student 89: 12 14 2 4 5 16 10 1 9 13 7 3 8 15 6 20 18 11 19 17 
student 90: 7 14 5 2 1 18 19 8 13 20 3 12 4 9 10 6 16 15 11 17 
student 91: 8 4 10 3 6 18 14 2 12 20 11 7 1 16 5 13 15 17 9 19 
student 92: 9 13 4 1 7 19 8 10 2 14 11 15 3 17 6 20 5 12 16 18 
student 93: 6 18 3 2 5 19 9 16 7 8 4 11 1 13 12 14 10 17 15 20 
student 94: 6 8 3 2 1 16 14 5 7 17 15 12 4 11 19 20 13 18 10 9 
student 95: 9 11 1 10 3 19 18 5 7 16 13 12 2 14 6 8 4 17 15 20 
student 96: 12 13 11 4 3 19 8 16 5 18 1 15 10 9 7 14 6 17 20 2 
student 97: 8 18 7 4 6 20 13 12 5 19 11 10 2 1 3 14 9 17 15 16 
student 98: 9 14 4 1 2 11 18 3 8 20 7 16 12 6 5 17 15 13 10 19 
student 99: 8 5 4 12 2 18 19 3 1 13 17 14 10 6 7 20 9 15 11 16 
student 100: 4 12 7 5 2 20 16 6 11 17 10 14 1 13 9 15 3 8 19 18 
student 101: 7 3 8 2 1 19 12 4 11 20 10 17 5 15 6 13 9 16 18 14 
student 102: 5 12 2 16 1 17 8 20 13 7 10 11 3 14 9 15 6 18 19 4 
student 103: 14 4 10 6 2 20 13 3 8 16 9 7 1 18 5 12 11 17 15 19 
student 104: 14 15 5 2 1 13 7 4 9 20 12 10 6 18 8 17 3 19 16 11 
student 105: 8 9 11 2 13 20 10 4 12 19 16 15 3 7 1 5 6 18 14 17 
student 106: 4 14 9 2 11 1 20 6 12 19 8 3 5 16 10 7 13 15 18 17 
student 107: 6 4 11 2 1 15 16 9 5 14 19 18 3 8 7 17 10 13 12 20 
student 108: 6 9 2 1 3 17 10 4 11 12 19 8 7 16 5 15 13 20 18 14 
student 109: 5 6 4 3 2 20 15 7 11 16 18 9 12 1 8 13 10 14 19 17 
student 110: 13 5 1 4 7 15 12 6 8 19 10 20 3 11 2 16 9 18 14 17 
student 111: 17 6 4 9 1 15 14 3 2 13 12 19 5 7 8 10 16 11 20 18 
student 112: 10 6 5 3 1 18 8 4 11 19 14 20 2 15 13 16 7 12 17 9 
student 113: 4 18 3 1 8 11 2 13 12 14 10 16 5 6 15 9 7 19 17 20 
student 114: 14 1 8 15 6 20 12 2 11 18 9 19 4 17 5 10 7 16 13 3 
student 115: 6 3 7 2 1 16 11 4 9 19 12 13 8 15 10 14 5 17 20 18 
student 116: 10 11 3 5 2 12 9 6 7 15 8 20 4 19 1 16 14 18 13 17 
student 117: 2 3 10 12 5 20 11 8 6 7 15 16 4 13 1 19 9 17 14 18 
student 118: 6 11 4 3 5 16 9 7 10 18 12 13 2 14 8 20 1 17 15 19 
student 119: 4 6 3 5 14 17 13 8 7 19 10 12 2 15 1 16 11 20 18 9 
student 120: 4 5 13 3 2 16 17 9 14 20 12 8 1 7 6 15 18 11 10 19 
student 121: 17 8 10 2 3 18 15 1 5 16 13 11 4 6 9 20 7 14 12 19 
student 122: 8 9 7 5 1 17 11 2 16 19 18 4 3 12 10 15 6 20 14 13 
student 123: 10 17 5 1 2 19 18 15 8 16 11 9 4 7 3 14 6 13 12 20 
student 124: 5 11 7 4 1 20 12 6 13 19 17 16 9 3 2 15 10 8 14 18 
student 125: 8 11 5 1 6 19 14 7 3 18 4 10 2 15 9 12 13 20 16 17 
student 126: 5 9 1 2 4 20 11 6 7 19 10 13 3 18 8 17 12 15 14 16 
student 127: 2 10 6 3 12 19 16 7 8 20 13 1 5 15 9 11 4 17 14 18 
student 128: 1 8 11 6 4 20 10 5 7 15 3 16 2 9 18 13 19 17 14 12 
student 129: 7 14 3 1 6 18 15 8 11 4 12 13 2 10 9 17 5 19 16 20 
student 130: 3 5 11 1 2 8 15 6 9 20 14 18 4 12 13 16 7 19 10 17 
student 131: 16 11 9 2 6 15 5 4 1 19 8 13 3 20 10 14 7 17 12 18 
student 132: 8 14 5 4 2 17 11 9 7 12 10 20 3 18 1 13 15 19 6 16 
student 133: 5 7 1 11 12 19 14 3 4 20 18 10 2 13 9 8 6 17 15 16 
student 134: 12 13 8 3 1 20 11 7 9 19 2 17 6 10 4 14 5 16 18 15 
student 135: 2 12 3 1 6 20 10 11 7 18 9 5 8 16 4 15 13 19 14 17 
student 136: 7 4 9 1 3 14 19 6 8 12 11 18 5 10 15 13 2 20 17 16 
student 137: 6 8 16 3 11 20 17 7 12 15 10 19 5 2 4 9 13 1 18 14 
student 138: 6 14 7 2 3 15 5 4 11 18 9 16 1 17 8 12 20 13 10 19 
student 139: 9 7 11 2 1 20 12 4 8 17 5 18 6 13 3 15 14 16 19 10 
student 140: 7 12 11 3 18 20 16 9 2 10 13 8 5 6 1 15 14 4 17 19 
student 141: 1 12 6 3 2 10 13 8 4 20 16 14 5 9 7 15 18 17 11 19 
student 142: 14 13 15 9 1 19 16 4 7 12 6 3 5 8 11 10 2 18 20 17 
student 143: 14 9 8 2 1 11 16 5 10 15 17 19 3 7 6 20 13 18 12 4 
student 144: 3 12 14 7 1 18 4 2 10 17 9 8 5 20 6 15 11 13 16 19 
student 145: 6 7 15 3 5 16 9 4 2 13 10 11 1 8 20 18 12 17 14 19 
student 146: 2 11 6 7 3 18 1 8 9 20 13 17 4 12 5 16 14 10 15 19 
student 147: 9 12 3 2 6 20 10 14 1 17 11 7 5 19 4 15 8 13 16 18 
student 148: 9 15 8 3 2 19 17 5 1 16 4 13 11 20 6 18 10 7 14 12 
student 149: 9 7 5 1 3 17 14 4 2 20 13 19 8 11 6 15 10 18 12 16 
student 150: 4 10 2 5 3 19 13 6 16 12 7 1 8 9 11 15 14 17 18 20 
student 151: 14 3 11 1 9 17 19 4 5 15 8 12 13 16 2 18 6 7 10 20 
student 152: 7 8 2 6 5 17 15 11 1 18 3 16 4 10 19 12 9 14 13 20 
student 153: 2 3 12 4 1 18 17 11 10 20 9 15 5 16 8 14 7 6 13 19 
student 154: 2 11 3 1 4 18 20 10 8 16 17 6 9 12 5 14 13 19 7 15 
student 155: 9 12 4 1 2 19 15 7 10 18 8 6 3 14 5 17 11 13 16 20 
student 156: 11 17 6 1 2 16 15 3 4 20 13 18 9 10 8 19 14 5 12 7 
student 157: 14 12 7 2 1 15 17 6 5 9 4 8 3 13 11 16 10 19 18 20 
student 158: 20 5 16 3 6 17 19 2 8 18 12 13 4 10 15 7 11 14 1 9 
student 159: 5 16 2 4 1 9 19 3 13 18 10 7 8 6 14 20 15 17 11 12 
student 160: 7 17 6 4 1 19 10 3 11 16 14 9 8 2 5 13 12 18 15 20 
student 161: 5 8 4 6 1 15 20 7 13 17 9 14 3 11 2 10 12 18 19 16 
student 162: 5 18 3 12 4 15 19 7 14 2 6 8 1 10 9 17 16 20 13 11 
student 163: 12 10 4 1 2 7 13 6 11 17 3 9 5 18 8 15 14 16 19 20 
student 164: 11 12 5 4 16 19 8 3 7 20 15 13 1 9 2 10 18 17 14 6 
student 165: 6 10 5 12 1 20 4 3 8 15 11 13 2 17 7 18 16 9 14 19 
student 166: 3 6 4 5 1 16 10 8 7 15 9 11 2 14 12 20 17 19 18 13 
student 167: 2 12 7 6 4 19 14 1 9 20 10 11 3 13 5 17 8 15 16 18 
student 168: 16 7 4 3 2 19 12 14 9 8 13 5 1 10 11 18 17 20 6 15 
student 169: 8 5 12 3 1 18 14 4 20 19 10 7 9 6 11 17 2 16 15 13 
student 170: 6 9 5 1 7 20 4 3 8 12 17 14 10 11 2 13 15 18 16 19 
student 171: 13 5 11 2 3 20 16 7 9 17 4 12 1 8 14 15 6 10 19 18 
student 172: 11 12 2 7 4 20 16 1 8 10 9 15 6 3 5 14 19 13 18 17 
student 173: 1 8 6 9 5 18 19 3 13 20 11 4 2 14 7 12 10 17 16 15 
student 174: 3 5 2 6 8 20 19 1 7 15 10 13 4 11 12 17 9 16 14 18 
student 175: 5 14 6 12 1 17 19 7 10 11 13 8 4 3 2 9 18 20 16 15 
student 176: 11 10 8 1 3 18 13 5 7 20 14 15 2 9 4 19 6 16 12 17 
student 177: 9 10 6 1 4 20 12 3 19 18 8 14 2 7 5 15 13 16 11 17 
student 178: 6 9 4 3 8 19 11 10 2 20 14 13 1 15 5 17 7 12 18 16 
student 179: 15 6 4 9 5 20 18 2 10 19 17 12 1 11 3 8 7 16 14 13 
student 180: 8 16 2 7 5 17 19 6 1 20 12 10 3 14 4 15 11 9 18 13 
student 181: 2 10 1 9 3 12 11 14 17 18 5 20 4 13 16 6 8 19 7 15 
student 182: 8 3 15 9 1 10 20 2 11 13 12 18 6 7 5 16 14 17 4 19 
student 183: 2 8 4 6 3 20 16 1 5 19 14 13 10 15 7 11 12 18 9 17 
student 184: 3 18 8 1 2 19 15 6 7 16 5 9 4 12 11 14 17 10 13 20 
student 185: 7 15 6 2 1 10 16 4 8 20 11 12 14 9 3 17 5 18 13 19 
student 186: 5 6 13 3 1 18 19 8 16 12 10 17 2 14 4 11 7 20 15 9 
student 187: 15 14 4 7 1 19 16 6 17 18 12 10 9 3 8 13 2 11 20 5 
student 188: 9 5 6 7 1 18 19 3 8 20 12 11 4 10 14 13 2 15 16 17 
student 189: 9 8 6 3 2 20 13 1 16 15 12 4 5 14 7 17 10 18 19 11 
student 190: 4 12 7 1 2 11 16 8 9 19 10 20 5 17 6 13 3 18 14 15 
student 191: 11 10 9 4 2 12 5 1 3 18 15 8 14 6 7 17 13 19 16 20 
student 192: 18 5 11 1 6 17 15 2 7 16 14 10 3 12 13 9 8 19 4 20 
student 193: 6 18 8 1 3 20 19 2 5 16 12 11 13 17 7 14 4 15 9 10 
student 194: 8 11 13 6 7 18 5 1 9 17 12 20 4 3 2 10 14 16 19 15 
student 195: 3 13 15 5 6 17 8 7 4 18 9 11 1 19 2 14 10 12 16 20 
student 196: 13 3 5 8 2 14 17 7 1 19 12 15 6 11 10 18 4 9 16 20 
student 197: 9 10 4 1 6 19 5 2 8 18 13 12 3 20 7 17 11 16 14 15 
student 198: 10 16 4 8 1 13 12 2 11 20 14 7 3 15 5 19 17 6 18 9 
student 199: 11 9 1 4 2 20 15 3 10 19 12 17 5 13 6 18 7 8 16 14 
student 200: 8 14 7 12 3 17 10 1 6 11 4 13 2 15 5 18 9 19 16 20 
student 201: 17 7 3 1 4 16 10 2 12 14 5 19 6 8 11 20 9 13 15 18 
student 202: 11 13 3 5 1 20 8 2 4 16 12 10 7 14 6 19 9 15 17 18 
student 203: 1 19 5 11 3 14 17 10 2 20 16 8 7 6 9 18 4 15 13 12 
student 204: 6 12 4 1 5 19 15 3 8 18 9 10 2 13 14 11 7 20 16 17 
student 205: 3 15 8 1 5 16 11 4 6 14 13 17 7 10 9 18 2 12 19 20 
student 206: 13 15 10 2 1 9 11 4 12 19 7 18 3 8 6 14 5 20 16 17 
student 207: 4 13 7 3 8 18 15 5 11 9 14 1 2 10 6 17 12 19 16 20 
student 208: 11 5 8 1 2 17 14 4 3 16 12 6 10 15 9 19 13 18 7 20 
student 209: 7 8 11 3 2 19 17 4 6 16 15 9 1 12 5 14 13 20 10 18 
student 210: 7 8 12 1 3 20 15 2 6 18 11 9 5 13 4 14 10 17 19 16 
student 211: 5 8 9 1 3 17 7 2 10 18 12 13 4 14 6 16 11 19 15 20 
student 212: 11 1 9 2 5 20 4 10 18 12 13 17 7 8 6 16 3 19 15 14 
student 213: 8 6 5 2 1 17 13 4 9 16 19 12 14 18 7 11 3 20 10 15 
student 214: 2 8 7 3 1 18 16 6 4 17 10 19 5 11 9 15 12 13 20 14 
student 215: 6 7 10 1 2 18 16 5 4 13 15 9 3 14 11 20 8 17 12 19 
student 216: 17 2 8 7 1 20 18 5 9 16 12 13 4 11 6 19 3 14 10 15 
student 217: 16 10 6 4 3 11 20 2 12 7 8 18 5 15 1 9 14 13 19 17 
student 218: 5 14 8 1 4 19 15 2 12 17 7 11 3 18 6 20 13 10 16 9 
student 219: 7 10 2 8 3 19 11 5 17 12 9 13 4 14 6 15 1 20 16 18 
student 220: 8 15 17 3 2 19 10 5 4 20 13 18 9 1 6 16 7 11 12 14 
student 221: 8 2 3 9 1 20 10 15 12 17 13 5 4 7 6 14 16 19 11 18 
student 222: 8 9 4 12 2 20 15 1 10 18 14 7 6 3 5 17 11 16 13 19 
student 223: 6 11 1 4 2 19 15 7 12 14 10 5 3 9 8 18 16 13 17 20 
student 224: 8 15 3 1 7 20 9 2 12 17 13 6 11 4 10 18 16 19 5 14 
student 225: 1 8 6 9 2 20 14 5 16 11 13 10 4 7 3 17 12 15 18 19 
student 226: 6 11 4 5 1 18 9 3 7 17 14 13 2 12 8 16 10 19 15 20 
student 227: 5 15 2 10 1 12 11 8 13 20 4 19 3 9 6 14 7 17 16 18 
student 228: 8 7 5 2 4 17 20 1 12 15 9 13 3 16 11 19 6 10 18 14 
student 229: 10 12 2 4 1 18 19 16 6 14 7 13 5 8 9 17 11 20 3 15 
student 230: 8 11 4 6 3 20 12 9 7 19 17 13 1 10 5 14 2 18 16 15 
student 231: 8 10 5 1 4 20 15 3 14 18 9 6 2 12 7 11 13 17 16 19 
student 232: 9 15 7 5 4 19 10 2 11 17 20 8 6 13 3 12 1 18 14 16 
student 233: 3 11 2 6 5 19 13 8 7 18 10 14 1 12 4 15 9 16 20 17 
student 234: 4 11 10 14 1 19 7 2 18 17 12 8 3 16 5 20 6 9 15 13 
student 235: 6 4 3 2 1 20 14 19 10 9 7 16 8 12 5 15 11 17 13 18 
student 236: 2 8 7 5 4 17 12 9 18 20 14 15 11 10 3 6 1 19 13 16 
student 237: 8 14 2 5 1 17 18 15 13 19 7 12 4 9 3 10 11 16 6 20 
student 238: 10 9 5 2 4 19 20 6 7 16 14 18 1 13 3 8 15 17 12 11 
student 239: 4 7 9 5 2 20 16 15 6 18 8 17 1 12 3 13 10 19 14 11 
student 240: 8 6 3 4 1 16 15 12 2 20 11 13 7 18 10 17 9 19 5 14 
student 241: 10 9 6 11 4 5 12 2 15 14 17 18 3 7 8 13 16 19 20 1 
student 242: 7 12 11 1 2 17 15 6 9 18 19 3 5 8 10 20 4 14 13 16 
student 243: 4 8 2 3 6 20 9 7 10 17 11 13 5 16 1 18 19 15 12 14 
student 244: 7 9 11 2 5 13 19 4 15 20 14 17 1 8 3 18 16 12 6 10 
student 245: 20 4 11 2 6 19 14 3 5 15 12 13 7 9 1 10 17 18 8 16 
student 246: 12 8 11 6 1 16 18 3 14 5 7 13 2 10 4 20 9 19 17 15 
student 247: 12 6 10 3 4 18 9 1 7 17 5 14 2 13 8 16 11 20 15 19 
student 248: 8 7 4 1 2 18 14 9 5 15 10 13 6 12 3 11 17 20 19 16 
student 249: 10 4 19 2 3 20 13 6 11 17 9 16 1 12 5 15 7 18 8 14 
student 250: 1 5 12 2 6 14 8 10 4 13 7 17 3 9 16 18 19 20 11 15 
student 251: 5 19 4 9 1 17 11 6 8 20 14 12 3 13 2 7 10 18 15 16 
student 252: 9 15 2 3 1 19 13 7 10 18 5 12 6 11 8 4 17 14 16 20 
student 253: 12 17 4 9 6 19 10 1 3 16 7 20 11 15 2 14 13 8 5 18 
student 254: 6 4 5 2 1 17 20 8 12 19 7 10 9 13 3 15 14 18 11 16 
student 255: 7 9 6 10 2 16 13 3 8 18 11 12 1 15 4 20 5 17 19 14 
student 256: 11 7 3 2 1 8 12 4 13 20 18 9 5 17 10 15 6 19 14 16 
student 257: 5 7 14 3 2 19 16 4 9 15 12 18 1 10 11 8 6 20 17 13 
student 258: 5 17 6 3 2 11 15 14 8 7 20 10 1 4 12 18 16 13 9 19 
student 259: 7 9 2 3 12 19 15 5 10 13 8 4 6 11 1 16 14 20 18 17 
student 260: 5 11 15 2 1 17 13 3 10 16 9 18 4 19 6 14 8 20 7 12 
student 261: 5 8 2 4 7 13 12 11 6 19 15 18 1 17 3 14 10 16 9 20 
student 262: 9 7 3 4 1 18 10 8 6 20 11 19 5 13 2 14 15 12 16 17 
student 263: 15 7 8 5 4 20 11 1 2 19 16 12 3 9 6 14 13 17 10 18 
student 264: 12 7 8 3 2 20 18 1 6 19 14 13 4 15 10 11 16 5 9 17 
student 265: 10 12 5 3 1 18 20 7 11 19 9 14 2 13 4 16 6 15 17 8 
student 266: 6 11 7 3 4 20 13 2 10 14 15 12 5 8 1 18 17 16 19 9 
student 267: 3 4 1 2 5 19 14 9 7 20 8 10 17 11 15 12 6 16 18 13 
student 268: 10 11 4 1 6 20 16 3 14 12 15 9 2 13 8 18 5 7 17 19 
student 269: 4 15 14 1 7 17 18 5 11 19 6 10 3 9 8 13 12 2 20 16 
student 270: 12 15 10 7 2 17 20 1 6 19 16 8 9 11 4 13 14 18 5 3 
student 271: 7 8 1 3 2 20 13 10 6 17 12 9 5 11 4 14 16 19 18 15 
student 272: 13 18 12 1 3 15 6 14 4 16 8 17 2 7 5 19 10 20 9 11 
student 273: 8 12 3 5 2 18 16 10 14 13 6 19 17 20 1 7 4 15 9 11 
student 274: 1 11 8 4 14 20 9 6 3 18 13 19 2 17 7 10 5 15 16 12 
student 275: 5 15 10 1 4 20 9 2 8 19 11 12 3 7 6 13 18 16 14 17 
student 276: 6 11 4 9 2 18 12 1 5 7 13 8 17 14 3 15 10 19 16 20 
student 277: 13 14 12 1 11 19 6 2 9 15 5 17 10 16 4 18 3 20 7 8 
student 278: 4 7 10 9 2 19 20 1 12 18 17 5 3 13 6 16 14 15 8 11 
student 279: 6 13 12 3 2 15 10 7 20 14 8 18 4 1 9 11 19 5 17 16 
student 280: 10 19 5 8 2 20 15 4 14 13 11 17 1 6 3 7 16 18 12 9 
student 281: 5 9 10 1 3 18 11 14 7 20 12 15 4 8 2 17 6 13 16 19 
student 282: 8 9 6 1 4 14 16 3 5 19 13 15 2 10 7 17 12 20 18 11 
student 283: 9 3 4 8 6 20 13 10 1 19 11 2 7 12 5 15 16 18 14 17 
student 284: 7 10 2 6 4 19 5 1 11 13 9 15 3 12 8 16 18 17 14 20 
student 285: 2 7 3 5 1 15 17 4 9 16 12 13 11 10 6 18 8 19 14 20 
student 286: 4 13 2 7 10 20 12 8 6 19 9 14 1 5 3 11 15 17 18 16 
student 287: 13 4 7 1 3 18 20 2 6 17 19 16 9 12 8 5 10 11 14 15 
student 288: 3 10 4 2 1 18 14 5 8 9 12 15 11 16 7 20 6 19 17 13 
student 289: 2 10 5 3 6 18 19 1 8 16 17 11 4 9 7 12 14 13 20 15 
student 290: 8 11 5 1 2 15 19 3 16 20 7 13 4 9 6 14 10 12 18 17 
student 291: 10 19 1 6 4 20 18 16 3 13 5 11 2 14 9 17 7 8 15 12 
student 292: 7 9 2 1 3 16 15 4 12 20 5 13 6 10 8 17 11 18 14 19 
student 293: 4 14 3 8 1 19 12 2 7 13 16 10 9 17 5 15 11 20 6 18 
student 294: 5 6 12 8 4 19 20 2 11 18 7 10 3 9 1 14 17 16 13 15 
student 295: 13 9 2 6 1 18 7 20 14 19 8 16 5 12 4 10 3 15 11 17 
student 296: 12 14 1 2 5 19 15 3 8 18 9 10 4 11 6 17 7 13 16 20 
student 297: 1 7 6 5 2 20 15 3 14 16 9 10 4 11 8 12 13 17 18 19 
student 298: 10 9 5 7 8 19 16 1 4 11 6 14 2 15 3 18 12 17 13 20 
student 299: 6 15 3 12 4 19 17 1 7 2 14 11 5 8 13 20 10 9 18 16 
student 300: 11 9 2 6 3 18 13 5 15 12 4 20 1 14 8 19 7 10 16 17 
student 301: 12 5 7 3 2 15 18 4 6 19 9 11 8 14 1 20 13 17 16 10 
student 302: 4 12 11 1 2 20 15 3 5 16 17 9 6 8 7 19 14 18 10 13 
student 303: 10 7 3 2 8 20 1 13 12 18 9 5 6 4 14 11 15 16 17 19 
student 304: 11 5 7 3 1 8 16 2 15 17 18 10 9 13 14 12 4 19 6 20 
student 305: 8 10 5 6 3 20 15 4 11 18 9 12 1 17 2 13 7 16 14 19 
student 306: 5 6 7 9 2 16 13 3 14 20 12 18 4 8 17 11 1 15 10 19 
student 307: 14 4 6 9 2 15 18 3 13 19 10 16 1 5 8 11 7 20 17 12 
student 308: 9 3 13 12 4 15 16 10 5 7 17 6 2 18 1 20 8 19 11 14 
student 309: 2 3 6 8 14 11 10 1 5 19 18 17 7 12 9 20 4 13 15 16 
student 310: 6 9 7 4 2 16 18 3 5 20 10 15 8 13 1 12 11 14 17 19 
student 311: 20 8 15 6 1 12 18 9 10 17 2 4 5 11 3 16 7 14 13 19 
student 312: 8 13 10 4 1 20 2 7 6 17 16 12 3 11 5 19 9 15 14 18 
student 313: 3 17 8 4 2 20 13 14 7 19 5 9 6 11 1 18 10 15 12 16 
student 314: 5 4 9 2 1 18 12 6 7 15 10 16 8 11 3 13 14 17 20 19 
student 315: 8 11 2 4 10 20 9 3 1 13 7 12 6 5 15 17 14 18 16 19 
student 316: 8 12 7 5 1 19 11 4 10 17 9 14 3 18 6 13 2 20 15 16 
student 317: 6 8 11 2 1 18 10 3 7 16 19 9 4 5 12 15 13 17 14 20 
student 318: 13 12 6 5 4 19 14 1 10 20 15 7 8 2 9 11 3 18 16 17 
student 319: 8 1 7 2 3 16 15 5 12 13 6 17 4 11 9 10 20 18 14 19 
student 320: 6 15 13 7 1 11 18 2 9 8 16 5 4 14 3 20 10 12 17 19 
student 321: 4 11 7 2 3 17 18 1 8 14 16 19 5 10 6 9 12 20 15 13 
student 322: 12 6 8 1 2 20 14 9 7 19 10 11 3 18 5 16 4 15 13 17 
student 323: 7 13 5 9 2 20 4 8 3 15 11 19 1 14 6 12 10 17 16 18 
student 324: 5 7 2 3 6 15 9 1 8 16 12 13 4 14 10 20 19 17 18 11 
student 325: 6 10 2 3 1 16 14 4 7 18 13 11 8 15 5 20 9 19 12 17 
student 326: 5 6 4 2 1 20 10 9 11 15 8 19 18 14 3 13 7 16 12 17 
student 327: 5 9 1 10 4 20 15 6 14 18 11 16 2 13 3 8 12 17 7 19 
student 328: 14 15 3 5 1 17 16 4 9 20 10 12 2 6 8 7 11 18 13 19 
student 329: 9 14 3 4 5 19 13 2 7 20 15 10 1 8 6 16 11 17 12 18 
student 330: 2 10 1 8 6 17 15 3 4 12 16 5 7 13 9 19 14 18 11 20 
student 331: 5 19 3 2 1 20 7 10 12 17 11 14 9 18 6 8 4 15 13 16 
student 332: 6 7 1 3 2 10 15 4 5 17 11 14 8 18 13 9 19 20 12 16 
student 333: 5 8 19 6 1 18 4 3 9 20 14 13 2 7 11 12 10 17 16 15 
student 334: 10 12 6 8 2 17 13 11 1 20 3 9 4 16 5 18 7 19 14 15 
student 335: 8 11 10 2 1 19 12 5 14 16 9 7 3 13 4 17 6 15 20 18 
student 336: 4 3 8 9 10 19 14 1 7 20 15 5 2 11 12 13 6 16 18 17 
student 337: 14 12 5 3 10 18 13 6 7 16 2 17 4 15 1 9 8 20 11 19 
student 338: 13 8 1 7 10 15 18 3 2 16 6 11 4 17 12 20 5 19 9 14 
student 339: 6 10 9 3 4 15 16 8 14 18 13 11 5 2 1 17 7 20 12 19 
student 340: 11 3 5 6 2 16 4 8 12 19 13 17 1 14 7 15 20 18 9 10 
student 341: 8 1 6 2 5 16 3 11 9 19 12 14 7 20 4 13 10 18 15 17 
student 342: 4 12 1 2 5 16 13 3 11 20 7 17 8 14 10 18 9 19 15 6 
student 343: 11 10 4 1 5 19 14 8 15 13 12 20 3 9 6 17 2 18 7 16 
student 344: 6 9 5 2 4 15 12 11 10 20 1 8 3 13 7 18 16 14 19 17 
student 345: 10 12 4 3 2 17 20 1 8 19 18 14 5 7 9 16 11 15 6 13 
student 346: 9 13 8 2 5 16 17 1 10 15 12 19 4 14 11 20 7 3 6 18 
student 347: 6 2 9 4 3 18 7 5 8 15 19 12 1 17 13 14 10 11 16 20 
student 348: 5 8 7 3 4 19 13 1 10 18 9 17 2 11 6 15 12 16 14 20 
student 349: 5 10 11 2 6 17 14 9 1 19 7 8 4 13 12 16 3 18 20 15 
student 350: 15 8 4 1 6 19 17 2 7 11 14 10 12 3 9 13 16 18 5 20 
student 351: 1 10 9 3 2 20 12 14 5 17 13 7 11 8 4 18 6 19 16 15 
student 352: 9 14 2 5 8 20 7 13 3 17 11 4 1 18 6 16 12 19 10 15 
student 353: 7 9 6 8 1 20 12 4 2 18 14 19 3 11 5 16 13 15 10 17 
student 354: 8 7 3 5 1 14 12 6 4 19 15 11 2 17 13 9 10 18 20 16 
student 355: 7 4 14 2 5 12 13 8 6 20 10 18 3 15 1 19 9 17 11 16 
student 356: 3 6 7 5 4 18 20 1 2 8 19 17 12 15 9 13 11 14 10 16 
student 357: 7 4 6 12 9 11 17 3 8 20 1 10 2 13 5 15 18 16 14 19 
student 358: 5 7 16 2 8 17 19 4 10 18 12 13 1 11 6 15 3 20 14 9 
student 359: 10 7 4 1 2 20 12 3 11 18 14 17 5 16 9 6 8 15 13 19 
student 360: 5 12 3 1 2 17 10 14 6 15 9 19 7 11 4 13 8 18 16 20 
student 361: 8 4 10 6 1 20 14 13 5 18 7 12 2 11 19 15 3 9 17 16 
student 362: 4 7 18 2 3 15 13 5 6 14 9 10 8 12 1 17 11 19 16 20 
student 363: 10 12 8 2 6 11 4 1 16 13 20 18 5 17 3 19 15 7 9 14 
student 364: 10 7 9 2 5 8 6 1 16 20 12 13 3 18 4 17 11 14 15 19 
student 365: 2 10 7 1 6 18 14 3 8 19 5 11 9 16 20 15 4 17 12 13 
student 366: 8 11 5 4 1 20 15 6 3 13 17 10 2 14 7 19 18 12 9 16 
student 367: 13 3 6 5 1 19 16 10 4 17 11 15 2 9 8 20 7 18 12 14 
student 368: 18 8 1 3 2 20 13 10 4 19 9 16 6 12 5 11 7 17 14 15 
student 369: 10 13 5 2 1 19 17 7 12 16 9 15 3 6 4 14 8 18 20 11 
student 370: 1 6 4 2 3 20 13 8 14 18 10 12 5 11 7 15 9 17 19 16 
student 371: 12 19 4 1 2 20 16 15 7 14 6 17 3 11 5 13 8 10 9 18 
student 372: 5 11 7 4 1 9 12 10 8 18 14 6 3 2 16 13 15 20 19 17 
student 373: 7 15 6 2 1 19 12 5 14 18 10 9 3 11 8 17 4 16 13 20 
student 374: 3 5 7 10 2 18 12 1 9 19 14 11 4 13 8 15 6 20 17 16 
student 375: 14 11 4 5 1 20 13 9 2 19 6 10 7 3 8 15 16 18 12 17 
student 376: 1 6 8 4 12 19 17 3 7 20 11 14 2 10 5 13 16 18 15 9 
student 377: 13 4 7 1 8 10 11 2 3 12 6 9 15 18 5 20 14 17 16 19 
student 378: 6 5 7 1 3 20 10 2 4 14 8 11 13 9 16 12 18 19 17 15 
student 379: 7 14 3 6 2 18 8 1 9 13 4 10 11 17 5 15 12 19 16 20 
student 380: 17 18 14 3 1 15 13 6 8 16 2 7 11 10 4 9 5 19 20 12 
student 381: 8 9 6 2 3 18 10 7 16 19 12 11 1 14 4 17 5 13 20 15 
student 382: 6 12 4 2 7 18 11 3 1 16 15 9 10 17 8 14 19 5 13 20 
student 383: 7 4 8 1 12 20 15 2 10 19 17 14 5 11 3 6 9 18 13 16 
student 384: 11 2 1 5 3 20 13 8 6 19 10 16 4 14 7 12 18 9 15 17 
student 385: 11 14 19 10 6 15 20 2 3 17 13 12 4 5 1 7 8 9 16 18 
student 386: 9 11 2 1 7 17 12 6 3 18 5 14 4 13 8 19 10 15 20 16 
student 387: 7 14 5 2 3 20 18 4 8 15 16 6 12 11 1 13 10 17 9 19 
student 388: 14 9 3 5 2 17 12 1 11 19 15 13 7 20 6 10 18 8 4 16 
student 389: 9 17 3 8 1 7 16 4 13 14 6 12 2 11 5 20 10 15 18 19 
student 390: 1 7 10 3 14 17 20 2 6 19 12 11 5 8 4 18 9 15 13 16 
student 391: 12 6 14 2 1 11 16 13 5 9 18 15 7 8 3 19 10 20 4 17 
student 392: 4 5 10 12 11 18 6 1 2 17 14 15 3 8 7 16 9 19 13 20 
student 393: 8 16 4 10 3 17 6 1 5 13 19 18 9 15 2 11 7 12 14 20 
student 394: 5 15 11 6 1 19 14 2 3 17 13 9 7 20 4 18 12 16 10 8 
student 395: 6 5 2 10 4 16 12 9 3 15 8 20 1 18 11 19 7 17 13 14 
student 396: 8 17 10 1 3 20 16 14 6 11 4 12 7 5 13 15 9 2 18 19 
student 397: 11 8 14 1 5 18 3 7 20 16 2 9 4 12 10 15 13 19 6 17 
student 398: 15 8 4 7 1 17 13 2 5 14 10 12 3 11 6 20 9 16 19 18 
student 399: 3 13 1 4 16 9 17 12 7 6 15 11 2 19 5 20 8 10 14 18 
student 400: 6 12 8 2 4 18 16 7 5 14 11 9 1 13 3 19 10 20 17 15 
student 401: 13 5 3 6 4 20 15 9 2 12 14 10 8 7 1 19 11 18 16 17 
student 402: 9 11 1 6 4 19 8 2 10 18 20 14 3 13 5 15 7 17 12 16 
student 403: 8 12 4 6 1 20 16 3 10 19 5 9 2 15 7 14 13 11 18 17 
student 404: 7 8 6 1 4 20 9 3 10 18 14 17 2 11 12 19 5 15 13 16 
student 405: 3 16 4 5 2 20 19 1 7 18 12 9 6 14 15 13 10 11 8 17 
student 406: 5 8 4 6 3 20 15 7 10 16 11 14 2 13 1 17 9 19 18 12 
student 407: 10 19 2 9 13 18 3 1 15 8 14 17 7 4 12 5 11 16 6 20 
student 408: 13 9 5 1 2 19 10 3 11 20 12 8 4 18 7 6 16 17 14 15 
student 409: 18 11 10 6 9 13 17 3 2 19 15 20 1 4 7 8 12 5 16 14 
student 410: 11 5 1 4 2 18 14 7 3 17 8 12 10 13 6 19 9 20 15 16 
student 411: 5 16 7 6 1 18 12 2 9 13 20 10 8 3 4 14 17 15 11 19 
student 412: 2 10 6 3 4 15 20 1 8 18 13 19 5 14 7 12 11 17 9 16 
student 413: 4 14 2 5 1 16 6 8 9 19 11 17 10 13 3 20 15 12 7 18 
student 414: 7 9 3 10 2 16 14 6 8 17 5 18 4 19 1 15 11 20 12 13 
student 415: 8 5 6 3 1 20 9 13 4 18 14 15 2 10 16 11 7 12 17 19 
student 416: 7 5 15 16 2 11 18 1 20 19 8 10 6 17 3 13 4 14 9 12 
student 417: 6 11 7 3 15 12 13 16 9 20 17 14 4 5 8 18 1 19 2 10 
student 418: 6 4 12 2 10 14 5 8 7 17 18 9 11 16 3 19 1 15 13 20 
student 419: 7 9 11 3 4 18 14 5 2 19 12 13 1 10 17 16 8 20 6 15 
student 420: 3 13 1 2 4 17 8 5 12 10 14 19 9 15 6 7 16 20 18 11 
student 421: 4 12 18 2 1 20 16 11 15 17 9 8 3 5 7 14 6 19 10 13 
student 422: 9 11 1 2 3 20 13 5 18 14 6 10 4 12 7 8 19 17 15 16 
student 423: 15 3 8 7 4 20 14 12 6 19 10 11 2 9 5 13 1 16 17 18 
student 424: 6 3 1 2 12 15 11 7 9 17 13 8 5 14 4 19 10 18 16 20 
student 425: 7 16 3 5 1 20 15 8 12 18 6 11 2 13 9 4 10 17 14 19 
student 426: 15 19 9 6 1 18 4 5 2 17 12 13 8 14 3 10 11 20 16 7 
student 427: 7 11 2 1 3 19 20 10 5 18 13 12 4 6 8 14 9 17 15 16 
student 428: 8 20 6 5 3 19 15 2 13 11 7 12 1 9 4 18 17 10 14 16 
student 429: 9 20 7 4 1 19 6 3 10 15 13 16 5 11 8 17 2 12 14 18 
student 430: 8 7 5 6 12 11 10 3 1 9 16 19 14 17 4 20 2 15 13 18 
student 431: 1 6 12 3 7 18 11 2 8 16 17 15 9 19 10 14 5 13 20 4 
student 432: 4 6 11 10 2 19 13 3 5 15 8 16 1 20 14 12 7 18 9 17 
student 433: 8 18 4 2 1 17 10 3 7 19 13 14 6 15 5 11 9 16 12 20 
student 434: 3 11 9 4 2 19 16 10 7 20 14 13 8 12 1 18 6 17 15 5 
student 435: 10 13 11 2 3 6 7 12 9 16 8 15 1 5 4 19 18 20 14 17 
student 436: 9 10 5 1 6 19 15 7 11 18 13 2 3 20 4 12 8 16 17 14 
student 437: 6 4 12 1 9 20 11 13 2 17 8 19 7 10 3 5 15 14 16 18 
student 438: 1 7 4 6 10 18 19 11 3 15 9 16 5 8 2 14 13 12 20 17 
student 439: 17 9 1 13 3 19 20 2 15 5 8 11 6 10 4 16 7 14 12 18 
student 440: 3 8 7 2 1 18 12 5 10 14 9 19 4 11 6 20 13 15 16 17 
student 441: 4 11 5 1 7 20 13 15 2 18 10 12 6 8 3 14 9 17 16 19 
student 442: 11 7 3 16 6 18 20 5 4 15 19 12 1 13 2 14 9 10 8 17 
student 443: 15 12 2 1 4 16 7 5 8 20 13 6 11 9 3 10 18 14 17 19 
student 444: 4 17 11 6 2 5 12 9 20 8 3 16 14 10 13 7 1 19 18 15 
student 445: 4 11 8 1 2 18 15 7 12 17 6 14 3 5 16 9 10 19 13 20 
student 446: 8 10 6 2 1 16 14 4 7 19 17 15 5 13 3 20 11 12 9 18 
student 447: 4 8 11 2 3 19 10 5 1 16 6 18 9 13 7 17 12 15 14 20 
student 448: 4 13 6 7 11 20 12 5 9 18 17 15 2 10 1 19 3 8 16 14 
student 449: 15 18 5 1 7 14 16 4 8 19 9 13 3 10 6 11 2 12 20 17 
student 450: 8 11 3 4 1 19 13 7 10 16 14 12 2 17 5 9 6 15 20 18 
student 451: 17 6 3 1 5 18 11 4 9 12 8 14 2 13 10 20 15 16 7 19 
student 452: 12 5 2 6 1 20 10 18 4 17 15 11 7 9 3 19 8 13 14 16 
student 453: 8 9 13 2 1 20 15 6 17 19 4 3 5 10 11 18 16 7 14 12 
student 454: 7 3 6 5 1 10 8 11 16 20 18 15 4 14 9 17 12 2 13 19 
student 455: 8 5 2 7 4 20 18 6 13 14 3 12 1 10 9 17 15 16 11 19 
student 456: 4 5 3 1 13 20 15 12 6 7 18 10 2 17 8 19 9 11 14 16 
student 457: 6 8 12 2 3 19 7 5 1 20 13 17 4 11 9 16 14 15 10 18 
student 458: 4 2 8 3 5 19 11 7 6 18 1 17 14 10 12 20 16 15 13 9 
student 459: 13 5 8 2 1 20 16 3 9 19 12 11 6 15 10 18 17 7 4 14 
student 460: 14 8 4 5 3 12 13 7 15 19 11 17 1 10 2 16 6 18 20 9 
student 461: 7 5 9 4 1 19 13 3 8 17 12 10 2 14 6 15 11 20 16 18 
student 462: 10 11 6 5 4 20 13 3 12 18 14 19 1 7 9 17 8 15 2 16 
student 463: 18 4 8 1 5 17 19 14 7 12 3 11 2 9 6 10 13 16 15 20 
student 464: 9 8 4 3 10 20 15 2 11 13 7 19 6 14 5 17 12 1 16 18 
student 465: 4 7 9 2 1 19 6 10 11 17 12 15 5 14 3 13 8 20 16 18 
student 466: 4 12 10 6 1 14 13 7 8 20 11 5 3 15 2 16 9 17 19 18 
student 467: 3 9 2 6 1 13 16 5 4 19 7 11 10 15 8 20 12 18 17 14 
student 468: 5 16 4 6 1 15 7 9 13 20 12 18 2 3 11 19 8 14 10 17 
student 469: 8 12 16 2 1 20 18 3 6 17 13 10 5 11 4 15 9 19 7 14 
student 470: 10 2 1 4 9 20 7 3 13 16 14 18 11 12 5 6 15 17 8 19 
student 471: 1 9 8 2 7 16 11 3 10 17 6 13 4 14 5 15 12 20 18 19 
student 472: 7 12 16 13 1 6 11 3 10 20 17 8 2 9 4 19 5 18 14 15 
student 473: 14 4 5 2 9 19 12 1 10 16 8 17 11 7 6 20 3 13 15 18 
student 474: 1 6 13 4 5 19 16 10 11 17 14 20 3 8 2 12 15 7 9 18 
student 475: 7 9 11 2 3 16 18 8 17 20 12 5 1 6 4 15 14 10 13 19 
student 476: 1 5 7 4 9 16 15 10 3 20 14 13 2 12 8 17 6 18 11 19 
student 477: 9 10 4 1 2 11 16 8 6 19 13 15 3 12 5 14 7 18 20 17 
student 478: 10 6 8 4 2 20 7 15 5 14 18 13 12 9 1 17 3 19 11 16 
student 479: 8 10 6 5 2 3 16 1 7 12 14 15 4 13 11 20 9 17 19 18 
student 480: 2 9 3 5 1 19 13 6 8 17 14 11 10 4 12 16 7 15 18 20 
student 481: 4 6 5 3 1 18 15 17 8 20 10 11 2 12 7 16 9 14 19 13 
student 482: 2 4 1 8 5 16 6 11 10 12 9 20 3 15 7 19 14 13 18 17 
student 483: 10 18 9 2 6 5 17 19 4 16 8 14 7 13 12 1 3 15 11 20 
student 484: 11 8 7 1 2 20 12 6 9 17 10 13 4 18 3 16 14 15 19 5 
student 485: 4 14 10 2 6 19 11 5 1 16 12 3 7 13 8 20 9 17 15 18 
student 486: 5 6 10 1 4 19 13 9 8 3 17 11 2 12 14 16 15 20 7 18 
student 487: 6 7 3 5 2 20 8 4 9 13 18 12 1 11 16 15 10 14 17 19 
student 488: 7 18 11 5 1 16 20 4 3 13 19 6 2 17 10 15 9 12 14 8 
student 489: 5 7 6 4 3 12 17 2 8 18 15 14 1 10 9 19 16 20 11 13 
student 490: 3 4 9 5 8 16 17 1 10 20 15 7 2 14 13 19 11 6 18 12 
student 491: 11 7 5 2 1 20 9 6 10 14 12 17 3 13 8 18 16 19 15 4 
student 492: 6 17 5 8 4 20 16 2 9 12 10 18 3 13 7 1 15 11 19 14 
student 493: 4 11 9 2 1 19 13 3 12 17 18 6 5 14 7 15 8 16 20 10 
student 494: 1 9 8 5 2 18 6 13 12 16 17 15 3 7 4 11 10 19 14 20 
student 495: 10 20 4 1 3 18 16 9 8 17 7 13 5 14 6 12 15 11 2 19 
student 496: 13 4 6 3 2 20 5 7 14 18 15 8 1 11 12 10 9 16 19 17 
student 497: 10 9 11 3 1 18 8 4 16 13 5 14 7 12 2 15 6 17 19 20 
student 498: 9 6 5 3 1 20 8 17 16 14 12 2 4 10 7 19 13 15 18 11 
student 499: 1 8 10 2 5 20 14 4 11 18 3 15 6 17 7 12 16 13 9 19 
student 500: 4 14 6 1 2 8 13 5 10 20 17 9 7 11 3 16 15 18 12 19 
student 501: 9 1 15 3 5 12 18 4 10 20 6 14 2 13 8 16 11 19 7 17 
student 502: 7 9 6 2 3 17 12 4 11 15 1 10 8 16 5 18 14 20 13 19 
student 503: 7 8 5 12 2 20 16 6 4 18 14 10 1 11 3 13 9 15 19 17 
student 504: 16 8 7 4 1 19 10 2 5 20 9 17 6 15 3 11 18 14 13 12 
student 505: 3 7 5 2 4 14 19 11 6 18 8 13 1 9 12 10 17 20 15 16 
student 506: 7 2 4 1 5 13 17 6 10 14 9 15 3 12 19 20 8 18 11 16 
student 507: 6 4 5 7 1 10 12 3 8 11 17 14 2 18 13 20 9 16 15 19 
student 508: 4 7 1 2 3 18 15 6 11 13 12 8 14 20 10 16 9 19 17 5 
student 509: 8 13 5 2 1 17 6 15 18 19 9 3 7 12 4 11 16 14 10 20 
student 510: 16 7 5 3 4 17 11 1 10 20 8 15 12 13 6 14 2 9 19 18 
student 511: 19 10 2 7 9 20 8 4 13 17 18 6 12 1 3 14 5 16 11 15 
student 512: 1 10 3 2 4 20 9 6 7 18 14 17 5 11 13 15 8 16 12 19 
student 513: 8 13 4 6 2 16 19 3 10 20 14 12 1 11 7 5 9 18 15 17 
student 514: 6 7 3 5 1 17 18 2 4 15 9 11 14 10 16 12 8 19 13 20 
student 515: 7 9 3 8 1 17 18 4 5 16 14 11 2 15 6 13 10 20 12 19 
student 516: 8 7 10 6 2 19 16 5 4 18 11 13 1 14 3 12 9 17 15 20 
student 517: 11 1 6 4 2 18 8 5 10 19 9 15 3 20 7 13 14 12 17 16 
student 518: 6 10 3 1 2 13 20 4 7 16 15 17 5 11 12 14 8 19 9 18 
student 519: 6 13 12 4 2 14 16 1 9 18 3 10 11 5 8 7 19 17 15 20 
student 520: 6 10 9 8 1 20 16 5 4 18 7 12 3 11 2 19 15 13 17 14 
student 521: 7 12 10 5 1 16 9 6 4 18 15 3 2 20 8 19 13 11 17 14 
student 522: 14 8 5 3 1 20 9 6 7 19 10 17 4 16 2 15 11 13 12 18 
student 523: 3 7 6 4 10 12 20 2 8 14 9 11 5 16 1 15 13 18 17 19 
student 524: 13 6 7 1 2 18 16 3 5 20 12 10 19 9 4 15 8 11 14 17 
student 525: 10 6 8 3 1 18 20 5 9 19 14 15 4 2 13 16 11 12 7 17 
student 526: 7 12 2 5 9 16 20 4 1 19 8 3 6 10 13 14 15 18 17 11 
student 527: 5 12 8 2 4 16 11 6 3 17 13 14 1 10 7 19 9 15 18 20 
student 528: 6 15 5 3 4 18 11 1 10 17 14 19 8 2 7 20 9 16 12 13 
student 529: 12 8 5 1 4 19 15 3 6 20 10 13 11 9 7 17 2 14 16 18 
student 530: 9 15 6 1 2 18 16 4 14 20 7 17 5 8 3 12 10 19 11 13 
student 531: 7 8 3 2 1 14 12 6 16 20 9 10 5 17 4 15 13 18 11 19 
student 532: 2 14 17 3 1 18 20 4 11 16 7 19 6 5 9 12 13 10 8 15 
student 533: 6 18 3 10 2 13 7 4 9 19 5 17 1 15 14 12 11 20 8 16 
student 534: 3 7 4 20 1 18 11 5 9 14 17 10 8 16 2 6 12 15 13 19 
student 535: 17 6 3 10 2 19 7 9 8 20 11 13 4 14 1 16 5 12 15 18 
student 536: 18 1 4 7 2 17 19 5 10 20 12 8 15 16 9 14 3 11 13 6 
student 537: 14 9 1 4 2 20 18 6 8 15 11 10 13 5 7 17 3 16 19 12 
student 538: 9 11 2 1 3 19 20 7 4 18 10 13 6 14 8 12 5 16 15 17 
student 539: 9 8 3 7 1 18 16 6 4 20 11 12 2 14 5 15 13 10 17 19 
student 540: 6 16 5 4 1 17 10 9 8 20 3 15 2 12 7 14 11 13 18 19 
student 541: 6 2 3 10 1 16 14 11 5 18 8 13 4 19 12 9 15 17 7 20 
student 542: 14 16 8 5 1 18 6 2 17 12 10 20 9 19 3 7 15 13 11 4 
student 543: 14 3 15 11 2 18 13 8 5 16 7 12 1 10 4 17 6 20 19 9 
student 544: 6 13 8 3 2 20 9 1 18 17 11 12 10 16 4 15 5 19 7 14 
student 545: 3 4 6 9 1 17 13 8 5 19 10 14 2 15 11 16 7 18 12 20 
student 546: 7 4 6 13 1 20 14 3 2 17 15 10 5 9 12 11 16 8 19 18 
student 547: 6 14 4 2 3 9 20 1 8 17 18 10 5 16 13 11 7 15 19 12 
student 548: 9 7 2 3 5 19 18 4 6 12 13 10 1 17 8 16 14 15 11 20 
student 549: 7 6 10 2 3 16 17 4 8 18 14 20 5 15 9 12 1 11 13 19 
student 550: 6 12 16 1 4 11 18 3 9 8 19 5 2 7 14 10 15 13 17 20 
student 551: 4 8 6 10 2 14 16 9 7 19 5 13 1 15 3 17 18 20 12 11 
student 552: 18 15 7 6 4 5 11 2 13 20 12 19 1 9 3 14 8 17 16 10 
student 553: 5 11 4 1 2 15 13 9 3 19 20 10 7 6 14 12 8 17 18 16 
student 554: 9 13 2 6 1 20 12 10 3 17 15 18 4 16 7 19 8 11 5 14 
student 555: 7 6 9 5 2 15 11 8 10 18 14 16 3 19 1 12 4 13 20 17 
student 556: 14 3 4 7 2 20 8 1 18 16 9 12 6 13 5 19 11 15 10 17 
student 557: 19 5 2 3 1 17 18 6 10 16 14 13 8 9 7 15 12 20 4 11 
student 558: 6 5 3 1 2 19 17 13 4 15 16 8 12 11 9 14 18 20 10 7 
student 559: 9 7 4 1 3 17 19 6 2 20 8 11 15 18 5 10 14 13 16 12 
student 560: 4 8 3 2 1 18 15 5 9 12 11 16 7 14 6 20 13 17 10 19 
student 561: 3 7 15 4 1 18 8 5 6 19 11 9 2 12 13 17 16 20 14 10 
student 562: 17 5 6 2 1 20 16 8 4 19 15 13 12 11 9 3 10 18 14 7 
student 563: 13 5 9 4 2 20 7 3 8 15 17 10 1 12 6 14 11 19 16 18 
student 564: 15 8 3 4 6 19 5 7 2 14 11 10 1 13 20 18 9 12 16 17 
student 565: 12 14 11 2 1 19 8 3 6 20 15 10 7 9 13 5 4 16 18 17 
student 566: 9 10 2 4 8 13 18 5 1 19 6 16 3 20 7 17 15 12 11 14 
student 567: 7 17 13 11 1 20 12 4 3 19 15 9 2 5 6 10 8 18 14 16 
student 568: 8 13 5 1 2 17 16 6 7 20 15 18 4 10 3 12 9 14 11 19 
student 569: 1 6 11 5 3 20 12 13 2 15 9 16 4 7 8 14 10 17 18 19 
student 570: 1 5 4 6 3 20 19 7 9 18 15 10 11 8 2 14 13 16 12 17 
student 571: 2 7 4 1 8 16 13 5 9 20 12 17 3 15 11 18 6 19 10 14 
student 572: 13 10 6 4 9 7 20 2 5 14 17 12 1 16 3 15 11 8 18 19 
student 573: 10 5 9 1 4 19 14 2 12 13 7 8 3 17 6 18 15 11 16 20 
student 574: 13 15 3 2 4 14 16 5 7 19 6 11 1 9 17 10 8 12 18 20 
student 575: 15 13 10 4 9 20 18 2 14 19 3 17 7 6 5 11 16 1 8 12 
student 576: 7 11 8 5 1 19 16 4 13 12 18 3 9 10 6 14 17 15 2 20 
student 577: 16 8 2 1 7 17 18 3 12 20 15 10 5 9 4 13 6 14 11 19 
student 578: 4 11 6 2 3 15 7 1 10 20 13 19 5 14 8 12 9 17 16 18 
student 579: 13 11 5 2 9 17 12 3 6 20 10 18 4 16 7 1 8 14 19 15 
student 580: 12 8 6 4 2 20 11 9 10 17 5 19 3 1 7 13 16 14 18 15 
student 581: 8 10 7 2 3 16 14 5 4 20 9 11 1 12 6 13 18 19 15 17 
student 582: 4 11 5 2 16 14 20 1 8 15 6 10 3 17 7 12 9 13 18 19 
student 583: 3 8 5 2 1 17 16 10 13 12 11 15 7 6 4 18 14 19 9 20 
student 584: 11 14 6 8 10 17 12 4 1 20 9 18 2 15 3 16 5 13 7 19 
student 585: 10 5 4 1 6 20 7 3 13 12 19 15 2 8 11 18 14 9 17 16 
student 586: 8 6 3 2 4 20 14 7 13 18 11 12 5 9 1 15 10 19 17 16 
student 587: 1 8 6 3 2 20 13 5 12 17 14 7 4 9 10 11 19 16 15 18 
student 588: 2 12 6 1 3 9 20 5 11 17 4 18 7 13 8 15 14 16 10 19 
student 589: 12 2 6 3 1 20 14 4 10 5 15 19 8 16 9 17 7 13 11 18 
student 590: 5 20 7 6 2 17 9 4 11 10 18 13 1 3 8 16 12 15 14 19 
student 591: 12 8 3 2 4 19 17 10 13 7 9 16 1 5 15 20 11 14 18 6 
student 592: 11 6 8 2 4 18 15 3 1 16 7 17 10 14 5 9 12 19 20 13 
student 593: 7 6 3 1 5 20 11 12 4 19 16 17 13 9 2 15 8 14 10 18 
student 594: 7 16 4 6 1 20 9 3 8 19 10 17 5 11 2 12 14 18 15 13 
student 595: 9 13 8 5 4 19 11 1 3 18 7 16 12 6 2 20 10 17 15 14 
student 596: 10 4 6 9 2 18 15 7 11 20 14 16 3 5 1 19 8 17 13 12 
student 597: 5 6 3 2 1 16 14 4 11 19 12 9 7 18 17 13 10 15 8 20 
student 598: 4 10 1 6 2 15 13 3 20 19 7 11 9 5 8 16 12 17 14 18 
student 599: 5 8 9 3 4 14 20 6 2 11 13 15 1 10 18 17 7 19 12 16 
student 600: 7 12 2 3 1 19 14 5 9 18 6 13 11 10 4 20 17 15 8 16 
student 601: 10 11 4 2 6 17 20 3 5 18 15 8 7 14 1 12 9 13 16 19 
student 602: 7 15 3 1 2 13 17 4 14 20 6 16 18 11 5 12 9 10 8 19 
student 603: 15 11 7 2 3 19 4 5 6 12 17 14 1 16 8 10 13 9 18 20 
student 604: 11 20 3 2 5 18 4 8 9 17 12 7 10 6 1 16 13 19 14 15 
student 605: 8 12 19 3 1 20 9 2 6 17 11 13 7 15 4 14 5 16 18 10 
student 606: 2 15 12 4 1 19 13 3 8 18 9 11 5 16 7 14 6 20 17 10 
student 607: 8 2 4 1 7 17 11 3 14 20 13 5 6 19 16 9 10 12 18 15 
student 608: 11 15 6 5 3 19 13 10 9 17 7 12 2 4 1 16 8 14 18 20 
student 609: 8 10 6 5 3 19 14 2 17 18 4 12 1 13 7 16 11 15 9 20 
student 610: 13 7 4 3 6 18 19 1 5 17 15 8 2 16 9 10 12 14 20 11 
student 611: 7 8 5 4 3 14 17 1 6 20 12 13 2 9 15 11 10 16 19 18 
student 612: 6 4 2 3 1 20 11 8 14 15 9 17 7 5 10 16 18 19 12 13 
student 613: 5 11 10 3 1 19 20 2 4 13 14 12 6 7 8 16 9 17 15 18 
student 614: 4 10 9 2 8 19 13 5 11 20 6 7 3 14 1 15 12 18 16 17 
student 615: 7 2 3 9 1 15 16 8 5 19 13 14 6 20 18 12 4 10 11 17 
student 616: 7 5 9 1 6 20 14 13 15 17 11 12 3 4 2 18 8 19 10 16 
student 617: 3 7 6 4 1 18 19 8 5 10 9 16 2 13 12 17 11 15 20 14 
student 618: 14 15 5 2 1 19 10 7 11 16 6 12 8 4 3 20 13 18 9 17 
student 619: 11 4 3 6 2 12 17 9 7 20 13 18 8 15 1 10 14 16 5 19 
student 620: 6 13 9 1 2 19 10 3 8 18 20 16 5 15 4 11 7 17 14 12 
student 621: 13 11 2 4 1 20 18 6 3 19 8 9 5 10 7 14 12 16 17 15 
student 622: 5 11 4 2 1 18 20 7 16 15 9 13 8 12 3 19 6 17 10 14 
student 623: 3 7 2 1 6 20 13 5 12 18 8 11 15 16 4 9 19 10 17 14 
student 624: 13 8 3 2 9 19 14 1 7 18 5 15 4 10 6 20 11 12 16 17 
student 625: 7 6 4 5 3 20 19 1 11 14 16 8 2 13 10 17 15 12 9 18 
student 626: 8 7 12 2 3 17 10 5 9 18 13 6 4 19 1 14 11 15 20 16 
student 627: 5 10 1 3 12 18 6 2 9 16 7 17 8 13 4 14 15 11 19 20 
student 628: 2 10 7 14 11 13 12 4 3 16 15 20 1 17 5 19 6 8 9 18 
student 629: 7 5 1 8 4 14 20 2 10 16 12 11 3 18 9 13 6 19 15 17 
student 630: 13 7 8 4 11 17 14 3 9 20 6 15 1 12 2 5 10 16 18 19 
student 631: 1 9 10 8 3 18 19 13 6 15 4 12 2 11 7 20 14 17 16 5 
student 632: 5 15 6 3 2 18 10 8 19 20 17 9 1 14 4 13 7 12 11 16 
student 633: 4 17 9 6 2 16 19 5 8 20 10 13 3 7 11 18 12 15 14 1 
student 634: 12 8 5 1 4 18 14 2 6 16 17 13 3 9 7 15 11 10 20 19 
student 635: 1 5 7 11 3 14 10 4 2 16 8 20 9 13 17 15 6 12 19 18 
student 636: 5 10 18 12 2 17 6 1 3 20 7 9 8 14 4 15 11 16 13 19 
student 637: 2 11 6 8 4 18 19 7 9 20 12 13 5 1 3 16 10 15 14 17 
student 638: 3 11 8 1 2 15 19 7 5 20 16 10 4 6 13 12 9 18 17 14 
student 639: 8 2 4 5 1 18 20 6 11 15 9 19 3 10 7 14 12 17 13 16 
student 640: 10 15 11 5 4 20 13 2 1 17 3 19 7 9 8 16 6 12 14 18 
student 641: 6 9 10 7 3 20 8 2 13 15 14 4 1 11 5 17 16 19 12 18 
student 642: 2 16 10 9 6 11 17 12 1 15 8 7 5 13 14 4 3 19 18 20 
student 643: 3 2 1 10 4 20 14 5 8 19 12 15 6 13 7 18 9 11 17 16 
student 644: 13 10 9 6 4 15 16 2 1 17 5 7 3 20 8 14 12 18 19 11 
student 645: 5 9 8 4 1 19 11 18 3 15 17 6 2 12 7 13 16 14 10 20 
student 646: 6 8 5 2 1 18 17 9 4 12 16 14 3 13 7 19 10 11 15 20 
student 647: 6 1 8 3 9 20 13 5 7 17 12 15 2 10 4 14 11 16 18 19 
student 648: 6 10 4 9 12 20 8 1 3 19 16 14 17 15 2 5 7 13 11 18 
student 649: 2 11 16 3 1 20 15 7 4 13 9 10 6 14 5 8 12 17 18 19 
student 650: 8 12 4 2 1 19 15 11 9 18 10 7 3 16 5 13 20 6 14 17 
student 651: 12 16 5 2 1 20 14 17 11 19 10 13 7 6 8 4 3 9 15 18 
student 652: 2 14 1 7 5 20 3 16 4 13 8 10 9 15 6 17 11 18 12 19 
student 653: 3 10 11 1 6 20 14 7 5 18 13 17 4 2 8 16 9 12 15 19 
student 654: 3 16 8 2 4 15 11 1 6 20 17 10 5 18 12 19 7 14 13 9 
student 655: 4 10 7 3 1 17 13 9 12 19 11 18 2 5 8 16 6 14 15 20 
student 656: 2 11 12 4 6 3 17 9 1 20 8 19 7 18 14 13 15 10 5 16 
student 657: 3 5 7 2 1 12 16 13 8 19 17 15 4 9 6 11 10 14 20 18 
student 658: 9 10 6 2 8 19 17 4 11 20 14 3 15 13 7 1 5 12 16 18 
student 659: 5 19 4 2 3 17 8 9 13 16 15 6 1 10 7 20 11 18 14 12 
student 660: 7 13 1 12 2 20 15 3 4 18 10 8 5 6 14 11 9 17 16 19 
student 661: 8 11 7 3 5 20 10 6 13 19 9 15 4 12 2 14 1 16 18 17 
student 662: 3 14 4 2 7 16 11 12 18 15 17 20 8 9 5 10 6 13 19 1 
student 663: 1 4 6 10 5 19 15 7 13 20 12 18 3 16 2 17 14 9 8 11 
student 664: 12 17 15 2 1 18 10 3 4 14 5 11 13 7 6 9 8 16 19 20 
student 665: 1 12 8 2 6 14 19 3 17 16 7 20 9 13 5 10 4 18 15 11 
student 666: 15 7 4 2 10 20 16 1 13 11 18 9 3 6 8 19 5 14 12 17 
student 667: 3 7 2 4 5 14 12 1 10 19 11 17 8 13 6 15 9 18 20 16 
student 668: 10 5 6 8 2 19 13 3 9 12 14 15 1 7 4 18 16 20 11 17 
student 669: 17 7 2 4 5 19 13 9 10 16 11 8 1 14 3 12 6 20 18 15 
student 670: 9 5 3 2 4 12 15 8 6 18 7 11 1 19 10 17 13 16 20 14 
student 671: 5 9 3 1 7 14 15 2 12 16 13 19 4 17 11 20 6 18 8 10 
student 672: 8 9 3 2 1 16 19 4 5 20 12 14 6 18 7 10 11 15 13 17 
student 673: 4 14 8 1 5 12 13 3 7 19 18 9 2 6 11 10 17 15 16 20 
student 674: 6 16 3 9 1 20 10 7 5 19 12 11 15 13 4 17 8 14 2 18 
student 675: 15 10 4 1 2 17 12 7 6 9 13 18 3 16 5 14 8 11 19 20 
student 676: 7 8 5 2 4 15 16 1 6 19 9 20 3 10 13 18 14 12 17 11 
student 677: 2 17 4 11 5 12 10 3 8 18 14 6 1 15 13 16 7 20 9 19 
student 678: 5 6 15 2 11 20 10 4 8 17 7 14 1 13 3 18 9 16 12 19 
student 679: 8 2 14 5 4 18 15 7 10 20 9 12 3 13 1 16 6 17 11 19 
student 680: 5 6 7 3 2 18 8 4 10 14 11 12 1 15 16 17 13 19 9 20 
student 681: 7 10 4 9 3 19 15 1 6 18 8 12 2 11 5 16 13 20 17 14 
student 682: 6 8 5 1 3 17 9 2 7 18 15 20 16 19 4 13 10 14 11 12 
student 683: 3 15 7 4 2 20 16 9 6 10 12 11 5 18 1 13 8 17 19 14 
student 684: 11 8 3 4 1 20 12 7 6 19 14 18 15 16 10 5 2 13 9 17 
student 685: 12 11 10 1 8 14 7 5 3 17 2 16 6 19 13 18 9 15 4 20 
student 686: 15 18 2 3 5 20 19 1 11 17 9 7 6 13 8 14 16 12 10 4 
student 687: 3 6 5 4 9 17 10 1 13 19 18 15 2 11 7 20 12 14 16 8 
student 688: 17 9 5 14 4 19 13 3 6 8 15 11 1 16 2 20 12 10 7 18 
student 689: 13 14 12 1 2 20 18 4 3 15 6 10 5 19 9 17 8 16 7 11 
student 690: 7 3 2 1 6 19 17 10 13 18 5 15 9 16 11 8 4 14 20 12 
student 691: 3 9 6 2 1 19 16 7 5 20 10 11 8 13 4 17 14 12 15 18 
student 692: 10 12 2 4 1 20 8 6 9 16 5 3 13 14 11 15 7 18 17 19 
student 693: 5 6 7 1 4 18 15 2 10 9 12 13 3 16 8 19 11 17 20 14 
student 694: 6 17 5 13 1 16 8 4 20 19 11 12 3 9 7 14 2 15 10 18 
student 695: 6 16 11 3 10 20 7 9 13 12 15 17 2 8 4 5 1 14 18 19 
student 696: 9 13 3 10 1 20 18 7 5 19 14 16 11 12 4 17 8 2 6 15 
student 697: 13 9 11 2 1 20 15 4 5 17 7 12 3 14 6 19 8 18 16 10 
student 698: 5 8 2 6 1 17 12 15 10 18 3 16 4 9 19 13 11 14 7 20 
student 699: 11 5 8 3 1 20 13 9 4 17 15 7 2 10 6 16 12 18 14 19 
student 700: 6 4 5 3 1 17 10 2 18 13 8 12 11 7 9 15 16 19 14 20 
student 701: 8 17 5 1 6 20 10 4 14 19 12 13 2 9 11 16 7 15 3 18 
student 702: 6 9 2 3 4 20 19 5 7 12 1 8 10 14 16 15 11 18 13 17 
student 703: 9 12 3 1 2 16 7 10 8 18 13 14 5 4 6 19 11 20 15 17 
student 704: 5 13 4 8 11 20 16 1 7 12 19 3 9 15 2 18 10 14 6 17 
student 705: 7 9 5 1 3 16 11 4 8 19 13 10 2 18 6 20 12 15 14 17 
student 706: 10 13 9 4 1 20 11 5 12 19 6 7 8 14 3 15 2 16 17 18 
student 707: 8 11 9 3 2 16 14 7 12 18 10 5 1 19 6 15 13 20 17 4 
student 708: 5 12 3 1 2 19 17 11 6 20 4 16 10 13 8 15 14 9 7 18 
student 709: 11 6 4 8 5 20 13 1 3 19 14 9 2 12 10 15 7 17 16 18 
student 710: 7 15 8 2 3 18 5 4 10 20 14 13 1 9 6 17 12 19 16 11 
student 711: 7 10 2 4 6 14 15 3 5 19 11 18 1 12 9 13 8 16 20 17 
student 712: 9 12 4 1 3 18 15 2 14 20 11 10 7 8 5 13 6 19 17 16 
student 713: 8 17 7 1 2 12 6 4 9 18 11 16 3 10 5 14 15 19 13 20 
student 714: 10 19 8 2 1 15 13 9 4 14 5 7 3 11 6 16 20 18 17 12 
student 715: 8 12 5 1 3 20 14 2 7 17 13 18 4 9 6 19 15 16 10 11 
student 716: 15 10 5 7 1 18 11 4 8 14 9 6 2 12 3 13 16 20 19 17 
student 717: 6 2 11 9 4 19 12 1 3 17 7 13 5 8 16 18 10 15 14 20 
student 718: 5 8 10 2 7 17 11 9 1 16 3 14 6 15 13 19 4 18 12 20 
student 719: 15 16 7 1 2 8 13 11 12 20 14 4 5 10 3 6 9 18 17 19 
student 720: 11 9 4 3 1 8 16 14 6 18 10 5 7 15 12 17 2 20 19 13 
student 721: 20 10 4 2 1 18 13 5 6 15 8 17 7 14 3 16 11 9 19 12 
student 722: 4 9 3 2 5 18 8 1 11 19 14 16 6 13 7 10 15 12 20 17 
student 723: 4 11 8 2 5 19 20 3 9 17 6 12 7 13 1 14 10 15 16 18 
student 724: 7 14 4 2 1 20 19 5 9 18 10 13 6 16 3 11 8 12 15 17 
student 725: 7 9 12 6 3 19 13 2 10 18 14 4 1 16 5 11 8 20 15 17 
student 726: 11 1 4 9 5 16 12 6 8 10 19 17 2 13 3 15 7 20 14 18 
student 727: 7 8 4 3 1 15 9 5 12 18 19 10 2 16 6 20 14 11 13 17 
student 728: 9 8 6 3 4 18 20 1 12 16 11 10 5 19 2 13 7 17 14 15 
student 729: 16 10 1 4 2 19 13 5 8 18 15 17 7 6 9 12 3 11 20 14 
student 730: 1 4 7 8 3 11 14 5 2 20 16 15 12 6 13 18 10 9 19 17 
student 731: 5 14 3 4 2 17 11 8 9 16 7 15 1 19 10 12 6 13 18 20 
student 732: 3 9 11 7 5 15 13 6 10 20 2 12 1 14 4 17 8 19 16 18 
student 733: 7 10 4 1 5 15 13 2 9 20 8 11 3 12 6 16 17 18 19 14 
student 734: 8 6 1 4 3 20 11 13 12 16 15 14 9 7 2 17 5 10 18 19 
student 735: 10 15 5 2 4 20 18 6 9 16 14 12 1 8 3 11 13 19 7 17 
student 736: 11 9 3 5 1 19 16 7 6 20 12 13 2 8 4 14 10 17 15 18 
student 737: 6 15 11 3 1 20 13 5 2 17 4 10 7 8 19 16 9 14 12 18 
student 738: 9 2 6 7 5 19 13 1 15 17 14 12 8 11 3 20 10 18 4 16 
student 739: 9 3 19 5 4 20 14 11 1 17 18 13 8 12 7 15 2 16 6 10 
student 740: 7 9 5 4 2 20 15 1 8 18 10 14 3 6 11 17 12 13 16 19 
student 741: 8 14 11 6 3 18 12 7 1 20 9 13 4 10 2 19 5 17 16 15 
student 742: 11 12 7 2 1 15 19 6 4 17 16 13 3 10 5 8 9 14 18 20 
student 743: 11 8 5 2 3 16 14 12 6 15 7 20 4 17 1 19 13 18 9 10 
student 744: 16 12 4 6 9 20 15 1 2 19 8 11 3 13 5 17 7 18 10 14 
student 745: 6 12 20 7 1 16 18 2 17 15 11 19 5 9 4 3 8 10 13 14 
student 746: 7 11 3 1 2 20 18 13 4 17 9 16 6 8 5 15 10 19 12 14 
student 747: 8 6 5 7 1 18 14 3 11 20 19 10 2 9 4 13 16 12 15 17 
student 748: 9 1 12 3 4 19 13 10 8 20 17 6 2 14 5 18 7 11 16 15 
student 749: 10 3 1 4 8 20 9 6 12 17 11 15 2 18 7 16 5 13 14 19 
student 750: 8 9 4 2 1 18 15 5 7 20 10 11 3 13 6 14 12 17 16 19 
student 751: 6 10 9 2 4 15 14 8 7 16 13 17 5 11 3 20 19 12 1 18 
student 752: 9 14 4 3 2 15 8 5 13 19 10 20 1 16 6 11 7 17 18 12 
student 753: 11 20 15 1 2 16 6 9 5 18 13 10 3 8 4 12 14 17 7 19 
student 754: 14 5 18 6 1 17 15 2 12 10 7 11 4 13 8 16 9 20 3 19 
student 755: 9 13 7 2 5 15 19 4 3 8 14 11 1 16 12 10 6 20 17 18 
student 756: 10 14 3 6 1 18 15 7 4 16 2 13 5 12 8 20 11 17 9 19 
student 757: 13 12 8 5 1 14 16 2 6 20 10 7 3 11 9 4 15 19 18 17 
student 758: 2 11 5 7 3 20 16 9 6 18 8 15 4 13 1 19 12 14 10 17 
student 759: 10 7 1 2 3 20 18 6 12 19 8 11 4 15 5 14 13 16 9 17 
student 760: 13 7 5 3 6 17 18 1 2 16 15 8 4 11 9 10 12 20 19 14 
student 761: 10 9 5 1 6 20 14 2 3 19 8 13 4 11 12 17 7 16 18 15 
student 762: 13 8 5 3 7 6 12 2 4 17 9 16 1 11 10 15 14 19 18 20 
student 763: 8 1 4 2 3 20 16 9 7 18 14 11 5 12 6 15 10 13 17 19 
student 764: 3 2 7 5 4 18 13 1 6 20 15 11 9 12 10 19 8 17 16 14 
student 765: 2 9 10 1 3 17 7 11 5 18 16 20 8 13 6 19 4 15 14 12 
student 766: 9 18 3 2 1 10 11 12 17 13 6 15 7 5 8 16 4 14 19 20 
student 767: 15 9 4 1 8 11 17 3 12 19 10 18 5 13 2 14 7 20 6 16 
student 768: 5 8 4 11 2 19 14 3 7 13 16 18 6 1 9 20 10 17 15 12 
student 769: 6 9 10 3 1 16 5 7 8 15 11 18 4 13 2 17 12 14 20 19 
student 770: 15 12 7 8 2 19 16 1 10 18 6 9 11 20 3 17 13 4 5 14 
student 771: 8 9 15 7 1 18 5 2 6 20 19 10 4 17 3 14 11 16 12 13 
student 772: 4 8 1 7 3 20 16 9 2 19 14 13 5 11 17 15 6 18 12 10 
student 773: 2 4 8 6 3 20 16 10 13 18 7 15 5 1 12 11 9 19 14 17 
student 774: 4 12 9 3 2 20 6 5 7 17 14 13 1 8 10 16 15 18 11 19 
student 775: 6 7 2 4 8 12 18 5 13 15 9 16 1 17 3 10 14 19 11 20 
student 776: 4 18 10 6 3 20 11 1 14 12 13 9 7 2 5 16 8 17 15 19 
student 777: 9 3 7 4 5 20 11 1 2 19 18 14 6 16 8 10 13 15 12 17 
student 778: 4 17 3 6 1 7 20 10 8 19 12 13 2 18 9 14 11 16 5 15 
student 779: 6 13 5 9 2 16 10 3 4 19 8 20 1 12 7 17 14 18 11 15 
student 780: 8 13 7 4 1 18 20 2 3 19 12 15 6 10 5 11 9 17 14 16 
student 781: 8 16 4 11 7 15 20 1 6 9 17 18 3 5 2 14 12 19 10 13 
student 782: 4 14 10 7 1 20 18 2 6 16 15 11 5 9 3 13 12 17 8 19 
student 783: 8 10 7 1 4 20 13 14 2 15 9 19 3 17 12 6 5 16 11 18 
student 784: 5 11 3 1 9 17 13 14 8 15 7 12 4 18 6 20 16 2 10 19 
student 785: 9 6 3 8 1 17 12 5 10 16 19 15 2 11 4 20 13 7 18 14 
student 786: 8 5 7 3 1 19 9 2 10 20 13 12 6 15 4 17 11 14 16 18 
student 787: 6 4 5 7 2 18 17 1 8 16 9 15 12 14 3 19 11 10 13 20 
student 788: 10 3 6 11 2 17 13 8 20 16 1 7 5 14 12 9 4 15 18 19 
student 789: 6 8 18 10 1 17 14 3 2 20 12 13 4 7 5 19 9 16 11 15 
student 790: 15 11 7 8 1 18 17 2 4 20 12 6 3 14 5 10 9 13 16 19 
student 791: 8 10 9 2 5 19 12 1 11 20 4 6 3 15 7 13 17 14 18 16 
student 792: 6 5 3 8 2 19 11 1 4 20 14 16 9 13 10 17 12 18 7 15 
student 793: 15 6 11 5 3 20 12 4 8 1 7 16 9 10 2 18 13 17 14 19 
student 794: 8 3 10 2 1 20 16 6 7 17 13 5 4 15 12 11 9 14 18 19 
student 795: 20 9 14 13 5 16 19 2 6 18 17 11 4 8 1 15 3 7 10 12 
student 796: 6 7 10 1 3 20 18 2 12 13 17 9 4 15 5 16 14 19 11 8 
student 797: 1 12 14 6 5 20 17 3 2 16 15 9 7 18 4 11 10 13 19 8 
student 798: 9 6 7 1 5 17 19 13 11 18 15 8 2 12 3 4 14 16 10 20 
student 799: 1 10 12 9 6 20 15 7 11 18 5 14 4 13 2 16 3 8 19 17 
