student 0: 2 7 14 8 12 13 10 3 1 18 20 19 9 16 5 17 4 11 15 6 
student 1: 1 12 6 2 17 18 7 4 5 19 13 9 10 15 8 20 11 14 16 3 
student 2: 3 16 11 14 1 12 2 5 9 13 20 7 8 19 6 18 10 15 17 4 
student 3: 14 13 9 11 6 15 2 4 7 18 8 16 5 19 12 20 10 17 1 3 
student 4: 4 12 11 1 5 16 6 3 2 10 15 18 9 19 20 14 8 17 13 7 
student 5: 11 7 15 9 4 10 3 1 8 20 18 13 6 16 12 19 2 17 14 5 
student 6: 7 15 14 9 3 2 8 1 10 19 4 20 13 18 6 16 12 11 17 5 
student 7: 5 11 10 13 8 4 17 2 3 18 14 15 1 19 9 20 7 6 12 16 
student 8: 3 13 10 15 4 16 5 2 7 17 19 12 8 14 9 18 6 20 11 1 
student 9: 8 17 11 10 7 9 4 3 6 14 20 13 5 16 15 19 1 12 18 2 
student 10: 8 15 11 1 9 17 18 5 3 19 13 7 6 16 12 20 2 10 14 4 
student 11: 2 13 10 12 9 11 3 4 5 17 19 18 6 15 8 20 7 14 16 1 
student 12: 6 13 4 7 5 17 1 9 16 19 20 11 2 18 10 12 8 15 3 14 
student 13: 1 18 16 4 7 6 5 3 8 10 19 11 2 9 13 17 12 15 20 14 
student 14: 1 14 12 20 7 9 4 5 3 18 19 16 6 17 11 15 8 13 10 2 
student 15: 2 15 10 6 3 20 1 19 13 18 16 8 11 17 4 9 5 14 12 7 
student 16: 1 8 7 10 6 9 17 3 2 16 19 18 14 15 4 20 5 13 11 12 
student 17: 2 3 19 6 5 13 11 1 4 18 15 8 14 9 16 17 12 7 20 10 
student 18: 3 11 9 10 7 16 5 2 17 19 14 15 4 12 8 18 20 6 13 1 
student 19: 10 8 3 20 4 12 1 2 6 19 18 9 15 14 7 17 13 11 16 5 
student 20: 7 4 13 6 8 12 18 2 3 19 9 17 11 16 10 14 5 20 15 1 
student 21: 4 6 9 13 2 11 8 1 3 15 19 16 7 20 5 18 12 14 17 10 
student 22: 5 15 4 7 6 10 8 3 2 20 16 18 11 17 9 19 12 13 14 1 
student 23: 3 13 7 5 2 8 4 1 17 14 11 16 20 15 6 19 12 18 9 10 
student 24: 11 5 10 17 9 15 2 6 3 20 14 18 7 19 4 16 8 12 13 1 
student 25: 6 12 18 11 7 15 10 3 2 20 8 19 9 14 4 17 5 16 13 1 
student 26: 1 19 8 14 6 12 5 2 7 20 13 16 4 18 15 9 11 17 10 3 
student 27: 1 7 6 13 3 9 5 4 8 18 14 16 15 17 10 20 12 19 11 2 
student 28: 2 13 12 8 4 15 5 1 7 17 19 10 6 20 11 16 9 14 18 3 
student 29: 13 9 11 12 3 10 4 2 5 14 17 18 8 19 6 20 7 16 15 1 
student 30: 10 2 16 18 9 19 8 1 14 17 11 15 3 13 6 20 4 12 7 5 
student 31: 11 2 4 10 19 15 5 8 1 18 13 17 3 16 12 20 6 14 7 9 
student 32: 3 13 11 5 8 12 1 9 4 17 18 16 6 14 10 20 7 19 15 2 
student 33: 4 11 13 8 12 10 6 1 2 18 7 17 3 20 9 15 16 14 19 5 
student 34: 4 14 7 18 12 13 5 2 6 16 17 10 3 19 9 15 11 20 8 1 
student 35: 4 9 10 15 12 11 6 5 3 19 18 13 1 20 8 16 7 14 17 2 
student 36: 3 18 9 1 4 13 8 5 7 16 19 12 2 11 17 20 15 10 14 6 
student 37: 8 11 19 13 3 14 2 4 7 17 20 15 9 18 1 12 6 16 10 5 
student 38: 3 10 1 11 2 13 9 7 5 20 19 18 8 14 17 12 6 15 16 4 
student 39: 4 12 8 15 6 10 2 3 5 19 20 13 7 18 9 17 11 14 16 1 
student 40: 10 16 12 5 13 11 3 1 4 18 15 14 7 17 6 20 8 9 19 2 
student 41: 4 14 2 7 12 16 3 1 5 20 15 9 13 11 6 19 8 10 18 17 
student 42: 3 13 10 14 11 12 5 2 6 20 8 18 4 19 7 16 9 17 15 1 
student 43: 2 6 11 12 15 13 16 1 4 10 20 18 7 19 8 14 9 17 5 3 
student 44: 7 13 19 4 5 8 6 2 1 12 18 14 11 17 16 20 3 9 15 10 
student 45: 2 14 16 10 6 9 11 7 1 20 18 3 4 19 12 13 8 17 15 5 
student 46: 5 16 8 19 9 14 2 4 3 13 15 20 7 17 6 10 11 18 12 1 
student 47: 6 16 2 14 5 10 1 4 7 11 9 13 17 20 8 15 18 19 12 3 
student 48: 2 1 13 6 8 9 12 4 11 16 17 14 7 10 19 15 5 20 18 3 
student 49: 1 6 7 8 12 10 3 2 5 17 19 16 4 18 14 15 9 20 13 11 
student 50: 9 11 19 5 10 7 8 1 3 20 18 12 6 16 13 17 4 15 14 2 
student 51: 1 9 15 10 6 17 2 8 3 20 12 19 11 16 5 18 7 13 14 4 
student 52: 1 11 9 7 4 16 6 2 3 17 13 14 5 18 10 19 8 20 15 12 
student 53: 3 14 2 18 13 6 4 7 9 17 8 16 1 10 19 20 12 11 15 5 
student 54: 5 8 7 2 14 11 9 10 12 16 15 18 6 20 3 19 4 13 17 1 
student 55: 2 12 14 11 5 15 4 1 7 19 18 17 10 8 13 20 9 6 16 3 
student 56: 1 11 19 18 3 13 6 5 7 17 14 15 12 16 10 9 4 8 20 2 
student 57: 3 18 8 9 15 12 6 1 2 20 14 10 11 16 7 19 5 13 17 4 
student 58: 8 16 3 5 2 9 1 13 10 18 20 19 7 4 11 15 12 14 17 6 
student 59: 2 9 15 8 4 16 7 5 6 17 20 10 3 12 14 19 11 13 18 1 
student 60: 5 15 13 10 3 7 2 6 14 16 18 19 17 20 4 11 8 12 9 1 
student 61: 1 12 9 14 6 13 4 2 7 19 20 18 3 15 11 10 8 17 16 5 
student 62: 2 17 10 5 13 15 7 1 4 18 16 14 8 20 12 9 6 19 11 3 
student 63: 11 9 7 12 4 16 8 1 13 17 18 5 2 15 10 19 3 20 14 6 
student 64: 2 7 9 10 4 11 5 1 6 15 16 17 14 18 13 20 3 19 12 8 
student 65: 1 9 13 14 6 15 2 3 8 19 12 16 5 20 7 18 10 17 11 4 
student 66: 5 12 13 10 1 19 8 4 7 17 11 18 9 20 2 16 6 15 14 3 
student 67: 6 18 10 12 5 9 14 1 8 17 20 7 15 19 4 13 3 11 16 2 
student 68: 7 11 17 14 6 12 2 1 4 15 13 16 9 19 10 18 5 20 3 8 
student 69: 2 11 16 7 5 13 4 8 6 18 20 14 10 19 12 17 9 15 3 1 
student 70: 3 18 10 7 9 17 4 2 15 11 14 20 12 8 6 16 5 19 13 1 
student 71: 4 13 12 11 6 7 1 2 5 18 17 14 9 8 10 19 15 16 20 3 
student 72: 3 9 8 4 7 18 5 2 12 16 17 15 6 19 14 20 10 13 11 1 
student 73: 4 16 14 6 5 9 1 3 8 20 12 19 10 17 7 15 13 18 11 2 
student 74: 12 19 13 7 10 17 1 4 2 14 18 11 6 15 3 20 8 16 9 5 
student 75: 3 12 7 10 16 15 6 1 4 20 17 14 9 18 2 19 11 13 8 5 
student 76: 12 16 13 9 11 8 4 3 5 14 19 10 6 18 1 20 17 7 15 2 
student 77: 3 13 7 17 6 10 9 2 4 19 18 15 11 16 8 20 5 14 12 1 
student 78: 3 10 11 5 9 13 8 2 4 17 18 7 16 20 6 19 14 12 15 1 
student 79: 1 12 6 13 10 15 5 11 8 20 14 18 9 17 2 19 4 7 16 3 
student 80: 2 11 20 8 10 12 3 1 5 19 17 15 7 16 9 18 6 13 14 4 
student 81: 4 10 5 9 14 15 3 1 6 19 16 18 7 17 11 20 8 13 12 2 
student 82: 5 6 15 9 1 17 13 7 8 18 3 20 11 10 14 16 2 12 19 4 
student 83: 13 5 8 17 12 10 6 1 3 18 20 15 11 14 7 16 2 19 9 4 
student 84: 1 12 16 15 10 9 3 5 7 18 20 13 2 17 4 14 6 11 19 8 
student 85: 1 10 11 9 7 6 5 4 3 16 17 14 12 19 13 18 8 20 15 2 
student 86: 1 19 3 8 13 18 6 5 11 16 20 10 4 15 12 17 9 14 7 2 
student 87: 6 18 4 16 9 8 7 5 3 17 11 2 14 10 15 19 13 20 12 1 
student 88: 1 17 11 9 2 12 3 5 10 20 16 14 4 19 8 18 7 15 6 13 
student 89: 5 15 10 8 9 12 1 3 2 18 11 14 6 19 13 17 7 16 20 4 
student 90: 3 12 17 10 15 13 4 5 6 11 19 14 16 20 9 18 8 2 7 1 
student 91: 2 11 9 4 8 10 1 6 5 18 19 17 16 15 13 20 7 14 12 3 
student 92: 4 14 3 11 8 12 7 5 1 19 17 13 6 20 9 15 10 18 16 2 
student 93: 4 8 13 10 5 11 16 2 12 20 18 9 7 19 6 14 3 17 15 1 
student 94: 7 10 16 8 6 5 3 1 17 19 14 13 4 9 12 18 11 15 20 2 
student 95: 15 18 6 20 11 10 1 4 9 16 12 13 5 19 2 7 8 17 14 3 
student 96: 2 11 20 12 6 10 15 5 4 18 13 19 3 16 7 14 9 17 8 1 
student 97: 16 6 14 10 4 15 1 7 5 19 17 11 3 20 8 13 12 18 9 2 
student 98: 8 7 17 14 12 13 1 4 9 18 2 15 11 10 5 20 6 16 19 3 
student 99: 2 15 12 11 8 14 7 5 17 20 9 13 4 18 1 16 6 10 19 3 
student 100: 5 8 15 4 11 16 10 3 7 18 13 6 2 17 12 20 9 19 14 1 
student 101: 14 13 17 10 12 7 1 2 3 11 18 16 8 15 19 20 6 9 4 5 
student 102: 9 8 15 2 14 11 4 3 5 18 12 10 7 16 13 20 6 17 19 1 
student 103: 7 16 12 4 3 15 8 2 5 20 19 14 10 11 17 18 1 13 9 6 
student 104: 3 13 9 8 11 18 4 1 7 20 15 6 5 19 14 16 10 12 17 2 
student 105: 2 12 14 18 4 20 3 7 8 17 15 16 13 6 10 19 9 5 11 1 
student 106: 3 6 12 15 7 17 1 9 14 18 16 13 4 11 10 19 2 20 8 5 
student 107: 1 11 14 12 15 5 8 6 4 20 16 7 9 17 10 19 3 13 18 2 
student 108: 2 13 12 17 7 9 11 6 5 14 19 18 4 15 10 16 3 20 8 1 
student 109: 3 8 16 6 4 13 7 2 9 20 18 17 5 19 12 15 10 14 11 1 
student 110: 5 17 11 15 8 14 6 1 9 10 20 19 3 18 12 13 7 2 16 4 
student 111: 10 1 18 7 14 11 5 3 4 20 16 15 8 13 9 17 6 12 19 2 
student 112: 8 11 16 9 13 14 10 4 2 17 12 20 3 18 7 19 5 15 6 1 
student 113: 2 14 12 15 10 13 4 1 8 20 19 6 7 16 11 9 5 18 17 3 
student 114: 13 15 5 8 20 17 4 3 2 19 14 11 10 7 1 18 9 16 12 6 
student 115: 6 10 17 9 7 16 2 4 5 18 19 13 11 3 8 20 12 14 15 1 
student 116: 4 11 5 10 16 17 3 1 6 20 15 8 9 18 12 19 7 13 14 2 
student 117: 4 3 11 1 14 6 17 2 8 12 15 18 9 20 10 16 5 19 13 7 
student 118: 12 4 10 20 7 19 1 2 3 15 11 13 8 16 18 17 5 9 14 6 
student 119: 2 10 3 12 1 16 6 20 8 18 17 11 7 15 13 9 5 14 19 4 
student 120: 1 9 20 11 13 10 2 6 3 19 17 8 12 18 4 15 7 16 14 5 
student 121: 11 3 12 8 6 20 10 2 4 15 14 16 5 19 18 17 7 13 9 1 
student 122: 4 13 10 11 6 9 2 1 7 12 14 17 8 16 18 19 5 20 15 3 
student 123: 8 11 9 2 10 13 4 3 17 20 15 19 12 16 5 18 1 6 14 7 
student 124: 6 12 5 13 14 3 7 2 4 19 17 18 9 20 8 16 10 15 11 1 
student 125: 1 13 6 8 7 17 3 11 2 18 10 15 5 19 12 16 9 20 14 4 
student 126: 8 9 15 14 4 11 12 2 1 16 17 18 3 19 6 10 5 13 20 7 
student 127: 2 14 18 5 10 17 4 6 8 19 20 16 3 15 9 12 11 7 13 1 
student 128: 3 10 7 6 11 14 1 2 8 16 15 12 17 19 9 20 5 13 18 4 
student 129: 5 11 8 9 7 10 12 6 2 19 15 16 4 20 13 14 1 18 17 3 
student 130: 3 13 10 11 5 15 8 1 9 19 20 16 4 14 6 17 7 18 12 2 
student 131: 3 17 10 9 8 14 5 6 2 11 15 13 1 20 12 18 7 19 16 4 
student 132: 7 10 12 9 19 13 3 2 1 20 15 17 11 8 4 16 5 18 14 6 
student 133: 7 10 15 13 11 19 5 3 6 20 14 12 8 16 1 17 4 18 9 2 
student 134: 4 13 14 12 7 15 10 1 5 11 17 19 3 6 2 18 8 20 16 9 
student 135: 5 15 11 13 9 7 3 8 10 19 14 18 1 16 12 20 4 6 17 2 
student 136: 4 14 18 9 5 10 8 2 1 20 19 16 11 17 7 12 6 15 13 3 
student 137: 7 9 14 10 5 11 6 1 3 19 16 15 4 17 12 20 8 18 13 2 
student 138: 2 17 12 9 1 14 8 5 3 18 19 16 7 15 4 20 6 10 11 13 
student 139: 9 13 3 11 14 17 12 2 5 6 8 20 4 10 15 18 7 16 19 1 
student 140: 3 10 11 1 5 14 4 8 7 20 17 13 6 19 18 16 12 15 9 2 
student 141: 10 20 9 14 3 13 7 2 6 17 15 8 4 16 12 18 5 19 11 1 
student 142: 4 18 6 13 8 10 9 5 1 16 20 12 14 17 2 11 3 15 19 7 
student 143: 5 17 10 12 6 7 4 9 2 20 8 16 11 15 14 19 3 18 13 1 
student 144: 1 18 7 15 11 16 8 5 9 20 17 12 4 14 10 19 6 2 13 3 
student 145: 14 10 13 5 8 18 4 6 7 19 16 1 3 12 9 17 11 15 20 2 
student 146: 12 11 5 1 13 19 3 2 4 16 17 15 7 18 8 20 10 14 9 6 
student 147: 10 5 18 20 6 7 1 2 9 15 19 17 8 16 14 12 4 11 13 3 
student 148: 6 17 8 10 11 14 3 4 5 19 18 16 1 13 7 15 9 12 20 2 
student 149: 11 9 17 7 6 10 1 3 5 19 15 8 12 13 14 18 2 20 16 4 
student 150: 2 17 14 7 5 10 8 1 3 18 16 12 6 20 9 15 11 13 19 4 
student 151: 2 13 15 6 8 9 5 1 3 20 12 18 11 19 7 16 10 14 17 4 
student 152: 3 10 8 12 7 13 6 1 5 19 11 15 18 20 9 16 2 17 14 4 
student 153: 3 1 14 11 13 12 7 4 2 18 19 17 5 15 8 20 6 10 16 9 
student 154: 5 13 7 12 6 15 2 1 3 10 14 18 8 17 11 20 9 19 16 4 
student 155: 11 10 2 9 14 13 3 4 5 20 18 15 1 7 6 19 8 17 16 12 
student 156: 8 16 5 7 15 6 11 2 14 18 12 10 13 20 4 19 3 17 9 1 
student 157: 3 9 10 8 16 12 5 1 2 20 15 13 7 18 17 19 6 14 11 4 
student 158: 5 17 6 2 7 14 8 3 1 18 10 12 13 16 11 20 9 19 15 4 
student 159: 7 16 10 13 11 12 1 4 2 20 5 18 6 15 17 19 9 8 14 3 
student 160: 4 11 5 16 15 9 1 7 6 12 14 13 10 17 3 18 20 19 8 2 
student 161: 1 18 14 12 10 8 4 7 5 20 16 17 6 15 9 19 11 13 3 2 
student 162: 3 2 14 10 11 15 1 8 4 12 19 20 16 13 18 9 6 7 17 5 
student 163: 11 14 15 4 9 3 2 8 6 20 7 13 1 16 12 17 10 18 19 5 
student 164: 4 13 9 6 3 11 7 2 8 20 12 18 5 15 10 19 16 17 14 1 
student 165: 6 10 8 15 11 16 7 2 4 20 17 14 1 18 9 13 5 12 19 3 
student 166: 4 18 10 12 2 7 8 3 9 17 19 11 5 20 13 14 6 16 15 1 
student 167: 4 12 11 5 6 9 15 1 10 20 18 14 2 17 7 19 3 13 16 8 
student 168: 3 15 13 11 10 14 7 6 9 18 16 17 2 20 4 5 1 19 12 8 
student 169: 1 10 13 3 8 16 2 5 7 17 20 11 9 15 6 12 14 18 19 4 
student 170: 15 13 2 12 8 9 7 1 3 19 20 14 6 17 10 18 5 16 11 4 
student 171: 3 14 19 11 8 15 2 1 6 17 18 16 4 12 10 20 5 13 9 7 
student 172: 5 12 16 4 11 15 7 8 2 19 20 18 6 13 10 3 9 17 14 1 
student 173: 5 10 9 17 7 18 1 2 8 12 13 19 6 16 3 14 11 20 15 4 
student 174: 7 14 6 9 4 10 1 8 15 19 18 12 3 17 11 20 5 16 13 2 
student 175: 7 11 8 10 17 20 5 1 4 18 19 9 3 14 13 16 2 15 12 6 
student 176: 15 13 6 14 9 8 4 7 12 20 19 10 3 16 11 18 1 17 2 5 
student 177: 4 18 5 9 8 13 6 16 7 19 11 17 2 15 10 20 3 12 14 1 
student 178: 3 13 9 12 7 17 4 8 1 19 15 2 10 20 11 16 6 18 14 5 
student 179: 9 7 8 16 6 17 2 11 4 18 13 10 5 14 15 19 1 12 20 3 
student 180: 5 14 16 12 8 10 7 1 3 17 18 11 4 19 9 20 6 13 15 2 
student 181: 8 16 12 11 6 13 1 3 5 18 14 7 4 20 9 17 10 19 15 2 
student 182: 1 6 13 14 19 18 5 2 11 12 15 7 10 16 8 20 4 9 17 3 
student 183: 3 11 1 9 4 17 10 2 5 20 13 16 12 15 8 18 7 14 19 6 
student 184: 1 6 4 19 10 15 14 3 9 18 16 17 2 12 11 20 13 8 5 7 
student 185: 2 6 7 10 11 15 5 1 8 17 18 13 9 16 14 20 4 12 19 3 
student 186: 5 14 8 18 12 13 1 3 10 20 11 16 4 19 6 17 7 15 9 2 
student 187: 6 10 14 12 3 11 2 8 5 19 18 17 13 20 7 16 4 15 9 1 
student 188: 1 9 15 11 7 14 5 3 10 19 16 13 4 18 6 20 8 12 17 2 
student 189: 1 15 5 13 8 17 3 11 4 16 12 14 7 18 9 19 6 20 10 2 
student 190: 1 11 3 13 12 19 17 2 5 10 8 20 4 15 6 16 18 9 7 14 
student 191: 17 13 7 5 4 15 2 1 14 20 19 9 6 16 3 18 11 10 12 8 
student 192: 1 16 11 10 15 12 2 4 3 20 17 14 7 9 13 18 6 19 8 5 
student 193: 2 8 11 18 4 16 3 7 6 20 19 13 9 17 10 12 5 14 15 1 
student 194: 3 18 10 4 11 7 2 20 5 19 17 12 13 8 16 15 14 9 6 1 
student 195: 5 4 9 11 14 12 1 6 3 16 17 10 8 19 7 20 13 18 15 2 
student 196: 6 15 12 14 9 16 7 3 2 18 17 10 8 19 11 20 5 4 13 1 
student 197: 3 11 9 4 19 13 1 15 5 17 14 12 6 18 8 20 7 10 16 2 
student 198: 7 14 16 9 8 10 4 6 1 18 19 11 2 12 13 20 5 15 17 3 
student 199: 1 11 17 12 13 6 9 7 3 16 19 20 2 4 10 15 8 14 18 5 
student 200: 1 13 19 16 6 3 7 5 4 17 14 10 9 20 11 18 12 15 8 2 
student 201: 7 15 13 8 11 4 3 6 5 20 17 14 1 18 9 19 10 16 12 2 
student 202: 7 13 11 6 12 16 2 1 9 18 20 10 5 14 4 19 8 17 15 3 
student 203: 6 15 18 14 3 20 1 5 4 17 12 9 2 11 16 19 7 8 10 13 
student 204: 7 13 12 9 8 18 2 1 3 19 16 15 5 17 6 20 11 10 14 4 
student 205: 10 6 17 12 3 15 2 5 4 13 20 1 8 7 16 18 11 14 19 9 
student 206: 7 16 10 20 15 6 2 9 3 18 19 5 4 12 8 14 13 11 17 1 
student 207: 7 9 6 11 19 20 8 3 1 12 10 18 5 16 2 14 13 17 15 4 
student 208: 2 9 15 11 10 13 1 7 6 19 17 14 8 20 3 18 5 16 12 4 
student 209: 3 11 10 19 5 8 6 13 4 12 16 18 2 20 9 14 7 17 15 1 
student 210: 1 14 5 13 7 10 8 6 11 18 12 16 2 20 9 19 3 17 15 4 
student 211: 2 9 1 16 6 4 7 8 5 19 17 13 11 18 20 15 12 14 10 3 
student 212: 11 9 7 10 5 17 4 8 6 16 12 19 1 13 3 20 15 18 14 2 
student 213: 5 11 10 13 4 15 1 3 19 20 17 18 6 14 7 12 8 16 9 2 
student 214: 6 11 5 12 10 13 1 3 9 20 4 2 8 19 17 15 14 18 16 7 
student 215: 6 7 5 12 20 10 8 3 1 13 9 14 4 15 18 11 16 17 19 2 
student 216: 3 12 5 9 2 6 10 4 14 20 17 18 7 19 11 15 8 16 13 1 
student 217: 5 8 16 15 10 13 6 4 11 20 1 14 9 19 12 18 2 7 17 3 
student 218: 1 13 17 8 9 16 10 3 4 15 20 11 7 18 5 19 6 14 12 2 
student 219: 3 5 19 4 11 8 2 1 14 10 18 16 7 17 13 20 6 15 12 9 
student 220: 9 12 4 8 10 13 2 1 5 15 19 14 6 11 17 16 7 20 18 3 
student 221: 12 4 8 7 9 11 15 1 5 19 20 18 10 13 2 17 6 16 14 3 
student 222: 3 11 9 10 7 18 6 1 16 15 12 8 5 14 13 19 4 17 20 2 
student 223: 3 20 7 2 13 12 6 4 10 14 11 17 8 16 9 15 5 18 19 1 
student 224: 4 14 8 13 9 1 5 11 6 20 17 16 2 19 10 18 7 15 12 3 
student 225: 2 5 13 10 3 16 7 6 12 20 11 18 9 8 19 17 1 15 14 4 
student 226: 7 9 10 8 16 17 5 1 2 19 18 13 6 15 3 14 11 20 12 4 
student 227: 14 10 7 2 9 11 8 5 3 16 20 15 4 13 6 19 12 18 17 1 
student 228: 1 7 6 10 9 8 4 17 3 16 15 20 5 19 18 14 11 12 13 2 
student 229: 2 9 6 8 3 12 1 7 5 16 19 10 4 20 18 14 17 15 11 13 
student 230: 3 13 15 11 6 10 5 1 9 14 16 19 8 17 7 18 4 20 12 2 
student 231: 9 11 8 13 10 16 4 3 5 19 12 14 2 17 7 20 6 18 15 1 
student 232: 2 19 16 10 11 4 6 5 8 20 14 15 3 18 7 17 13 12 9 1 
student 233: 7 4 14 6 8 12 5 2 3 19 17 15 9 20 10 18 11 13 16 1 
student 234: 12 8 15 7 6 10 2 3 9 20 18 14 4 16 13 19 5 17 11 1 
student 235: 5 11 19 10 16 7 9 4 1 20 18 15 2 14 8 17 12 13 6 3 
student 236: 6 3 2 5 4 18 8 7 9 19 16 12 10 20 15 14 11 13 17 1 
student 237: 7 16 13 3 11 12 6 1 2 20 19 14 4 18 9 17 15 10 8 5 
student 238: 9 8 20 6 3 15 4 1 7 19 17 12 10 18 11 14 5 16 13 2 
student 239: 2 16 12 6 8 14 1 5 3 18 17 15 10 13 11 20 4 9 19 7 
student 240: 6 12 17 7 10 11 3 2 4 19 18 13 8 14 5 16 9 20 15 1 
student 241: 5 20 12 11 15 14 3 4 8 18 7 16 9 19 2 17 6 10 13 1 
student 242: 3 4 14 17 8 15 7 1 5 13 19 20 2 10 12 9 6 11 18 16 
student 243: 6 12 10 5 8 15 1 2 19 20 11 14 3 17 13 18 7 16 9 4 
student 244: 3 16 14 10 4 13 2 6 11 7 9 18 19 17 12 20 8 15 5 1 
student 245: 2 16 6 11 7 19 4 3 15 14 12 8 5 20 18 17 10 9 13 1 
student 246: 3 11 8 13 6 14 4 5 7 20 15 17 1 18 12 19 9 10 16 2 
student 247: 1 16 14 12 9 6 10 3 15 17 18 19 8 7 11 13 4 5 20 2 
student 248: 3 8 15 10 14 12 7 6 2 19 13 4 16 20 1 17 9 18 11 5 
student 249: 2 7 5 18 8 11 3 4 6 20 16 13 10 14 12 19 9 17 15 1 
student 250: 7 11 12 5 1 3 9 2 6 17 14 15 10 19 20 18 8 16 13 4 
student 251: 1 18 14 9 10 17 2 3 5 15 11 4 7 16 8 20 12 13 19 6 
student 252: 11 10 17 6 12 7 2 1 13 18 15 14 3 19 9 20 8 4 16 5 
student 253: 2 15 19 9 8 10 6 4 3 20 16 11 7 18 12 17 5 14 13 1 
student 254: 5 15 14 9 11 12 4 3 6 19 18 17 2 20 10 13 8 16 7 1 
student 255: 5 11 4 9 14 18 7 1 13 20 19 12 2 10 8 15 17 16 6 3 
student 256: 3 10 9 13 11 14 4 2 8 15 16 17 7 19 5 20 6 18 12 1 
student 257: 3 5 15 12 10 18 9 8 11 20 17 7 4 13 1 16 6 14 19 2 
student 258: 9 10 4 18 8 7 3 5 1 17 15 19 6 16 11 13 14 20 12 2 
student 259: 3 20 14 18 8 15 13 2 4 10 9 19 6 11 5 17 7 12 16 1 
student 260: 3 15 16 5 4 7 8 1 18 20 17 11 9 19 13 10 6 12 14 2 
student 261: 7 4 9 6 5 14 8 2 10 20 19 17 3 16 1 11 12 18 13 15 
student 262: 9 10 3 13 4 19 12 2 8 15 18 14 5 17 6 16 1 11 20 7 
student 263: 4 10 13 8 6 7 5 1 12 17 20 15 9 16 2 14 18 11 19 3 
student 264: 5 10 14 6 16 20 3 2 4 19 12 7 13 18 15 11 9 17 8 1 
student 265: 5 1 10 8 11 14 6 3 7 15 16 13 9 17 12 18 2 20 19 4 
student 266: 5 12 6 13 17 8 3 2 4 20 11 9 15 18 1 19 7 14 16 10 
student 267: 1 13 10 6 16 14 9 2 18 17 12 15 8 19 7 20 4 11 5 3 
student 268: 1 15 12 20 9 19 7 3 4 18 13 17 2 16 6 14 10 11 8 5 
student 269: 2 3 15 10 13 8 1 4 6 16 17 14 11 19 12 20 7 9 18 5 
student 270: 1 14 2 11 7 10 3 4 6 20 18 13 9 19 16 15 8 17 12 5 
student 271: 13 10 2 9 7 19 8 3 1 15 16 14 5 20 12 18 4 17 11 6 
student 272: 2 7 9 3 15 12 6 1 4 19 17 13 8 18 14 11 10 16 20 5 
student 273: 4 10 19 8 2 13 5 7 1 16 20 14 9 15 11 18 6 17 12 3 
student 274: 2 7 12 9 5 10 8 3 19 15 18 16 6 20 4 14 17 13 11 1 
student 275: 7 8 10 13 14 20 5 3 6 19 18 2 9 16 15 12 11 4 17 1 
student 276: 13 17 11 19 8 12 6 1 4 20 18 16 2 9 5 10 7 15 14 3 
student 277: 1 14 11 10 9 12 3 5 8 18 17 7 2 19 4 20 6 15 16 13 
student 278: 3 2 10 5 11 13 12 7 1 20 17 15 8 19 14 18 6 9 16 4 
student 279: 14 11 10 5 2 16 9 6 13 20 8 18 4 19 1 17 12 15 3 7 
student 280: 2 5 13 17 6 15 1 7 3 18 20 8 10 12 9 16 11 19 14 4 
student 281: 7 5 3 13 14 9 2 1 4 19 11 16 6 18 12 20 10 17 15 8 
student 282: 1 11 10 13 5 12 2 4 3 19 18 15 8 20 16 14 7 17 9 6 
student 283: 1 4 9 12 14 11 3 7 5 17 16 13 6 18 15 20 8 19 10 2 
student 284: 5 10 1 4 13 12 9 3 8 15 18 14 11 20 7 19 6 17 16 2 
student 285: 7 5 1 9 6 11 10 3 2 20 13 12 14 17 16 19 15 8 18 4 
student 286: 6 8 11 12 9 7 1 3 4 17 19 14 10 15 13 20 5 18 16 2 
student 287: 4 16 5 10 6 15 7 3 12 20 11 17 1 14 13 19 9 18 8 2 
student 288: 5 13 20 15 8 9 3 6 1 14 11 10 4 16 18 19 7 2 17 12 
student 289: 4 14 1 16 5 6 8 11 2 12 17 19 10 20 15 18 3 13 9 7 
student 290: 7 11 6 8 4 12 1 3 5 19 17 14 10 15 16 20 13 18 9 2 
student 291: 13 17 3 11 12 18 4 8 6 16 15 10 5 19 7 20 2 14 9 1 
student 292: 1 5 15 12 7 13 3 10 4 18 19 8 9 16 11 20 2 14 17 6 
student 293: 10 20 13 7 4 15 5 3 12 17 14 9 2 16 19 18 8 11 6 1 
student 294: 10 14 8 13 6 7 11 2 1 19 17 15 3 16 5 18 20 12 9 4 
student 295: 4 13 11 18 5 7 1 17 12 9 8 20 16 10 3 15 2 14 19 6 
student 296: 5 14 11 13 12 17 4 2 3 20 19 10 6 16 8 18 9 15 7 1 
student 297: 7 9 12 8 19 14 10 1 4 20 17 13 11 6 5 18 3 16 15 2 
student 298: 5 18 7 13 17 6 12 1 9 19 3 14 8 16 4 15 10 20 11 2 
student 299: 16 8 5 7 11 17 1 10 6 15 13 14 3 19 2 20 9 18 12 4 
student 300: 10 5 19 11 18 9 1 6 8 12 16 20 4 17 13 7 2 14 15 3 
student 301: 10 9 4 17 7 12 8 1 3 20 19 16 5 18 2 14 11 15 13 6 
student 302: 2 11 16 8 14 7 5 1 4 17 15 13 6 20 10 19 12 18 9 3 
student 303: 2 19 1 16 7 6 10 5 9 17 20 4 11 18 15 14 8 13 3 12 
student 304: 8 13 3 4 9 19 2 5 11 20 16 15 6 18 10 17 7 14 12 1 
student 305: 6 16 12 15 9 17 10 8 1 20 7 4 11 19 2 5 3 18 14 13 
student 306: 12 17 14 13 4 9 6 3 7 16 19 15 1 10 8 20 5 18 11 2 
student 307: 8 11 6 13 9 16 2 7 10 15 14 19 1 20 5 17 4 12 18 3 
student 308: 6 8 15 3 7 12 5 4 14 10 20 17 16 18 2 19 9 11 13 1 
student 309: 2 8 17 9 12 13 3 5 4 19 16 11 10 18 6 14 7 20 15 1 
student 310: 4 11 13 17 8 12 5 1 14 10 18 20 3 15 9 19 6 7 16 2 
student 311: 1 12 16 7 11 15 5 3 4 13 18 10 6 20 14 19 9 17 8 2 
student 312: 4 9 13 15 3 6 5 11 1 19 14 20 10 17 12 16 8 18 7 2 
student 313: 5 11 10 15 8 6 3 7 9 17 18 14 1 20 13 19 4 12 16 2 
student 314: 12 19 10 14 6 15 3 7 1 17 18 8 2 13 11 9 5 16 20 4 
student 315: 4 12 9 5 11 19 2 8 1 14 16 13 15 20 10 17 7 18 6 3 
student 316: 3 6 10 15 9 13 8 1 7 19 20 14 5 18 11 16 4 17 12 2 
student 317: 7 13 12 4 1 10 5 3 9 20 18 14 8 19 6 11 16 17 15 2 
student 318: 4 16 13 10 6 5 14 3 12 19 18 15 17 20 7 11 1 9 8 2 
student 319: 2 13 12 20 10 3 7 6 4 15 9 11 14 18 8 17 5 16 19 1 
student 320: 6 14 12 8 16 11 5 3 4 13 19 17 9 20 7 18 10 2 15 1 
student 321: 11 16 15 9 7 17 1 3 4 20 12 19 6 13 8 18 5 10 14 2 
student 322: 1 16 18 7 6 11 2 10 3 14 17 12 9 19 5 20 4 15 13 8 
student 323: 4 7 10 15 8 16 2 6 9 19 14 11 5 17 18 20 3 12 13 1 
student 324: 2 13 6 10 4 15 11 3 7 20 19 18 12 16 5 17 8 9 14 1 
student 325: 6 8 12 9 15 19 3 5 7 20 18 10 4 13 1 17 11 16 14 2 
student 326: 4 14 13 10 6 11 1 7 12 18 16 15 8 5 3 19 9 17 20 2 
student 327: 5 8 19 6 4 11 7 1 9 15 16 20 3 18 10 14 17 12 13 2 
student 328: 2 13 6 3 10 14 16 5 4 19 17 11 8 18 9 1 20 15 12 7 
student 329: 9 12 10 13 6 11 5 1 8 19 16 3 14 18 7 17 2 15 20 4 
student 330: 11 13 3 9 6 10 4 1 7 18 12 14 5 15 20 17 8 16 19 2 
student 331: 8 16 9 10 3 18 2 6 12 13 19 14 7 20 4 11 5 17 15 1 
student 332: 4 14 18 8 10 11 9 1 7 20 16 13 2 15 3 17 6 12 19 5 
student 333: 3 12 16 13 9 14 8 5 4 15 20 17 6 19 10 18 11 1 7 2 
student 334: 17 14 6 12 4 9 7 8 1 18 20 10 3 11 13 19 16 15 5 2 
student 335: 2 8 9 11 6 14 3 10 1 16 20 17 5 19 12 18 7 15 13 4 
student 336: 5 10 14 16 4 13 6 3 9 20 18 12 1 19 11 8 7 15 17 2 
student 337: 5 9 6 1 11 7 3 2 8 18 12 20 16 15 13 17 14 10 19 4 
student 338: 3 9 12 8 10 11 2 1 4 17 16 14 6 20 15 19 5 18 13 7 
student 339: 6 9 14 2 8 18 3 16 5 15 12 11 7 19 20 10 4 13 17 1 
student 340: 5 20 6 8 11 3 14 1 4 15 18 13 9 19 16 17 7 12 10 2 
student 341: 4 15 6 11 13 18 3 8 1 7 16 5 12 14 9 19 10 17 20 2 
student 342: 2 5 8 6 10 11 12 1 7 17 16 18 3 14 13 20 4 19 15 9 
student 343: 2 4 14 15 11 12 5 10 18 1 16 13 6 17 8 19 7 9 20 3 
student 344: 1 15 13 8 10 18 2 4 6 19 20 11 9 17 16 14 5 12 7 3 
student 345: 4 16 12 10 7 8 9 2 1 19 6 17 5 14 13 15 3 20 18 11 
student 346: 3 15 20 11 7 19 5 4 9 18 13 14 10 17 6 8 1 12 16 2 
student 347: 4 13 7 9 3 15 6 5 11 20 18 17 1 16 10 12 8 19 14 2 
student 348: 1 14 10 5 11 15 2 8 6 20 16 3 7 13 12 18 9 17 19 4 
student 349: 15 20 11 12 7 10 9 2 3 16 18 4 1 19 13 17 5 8 14 6 
student 350: 8 12 18 4 3 16 2 7 1 14 17 15 6 10 11 19 20 5 13 9 
student 351: 3 15 7 10 8 13 5 1 6 18 19 12 4 17 11 14 9 20 16 2 
student 352: 3 14 10 12 6 11 4 2 1 18 5 16 7 19 9 20 15 17 13 8 
student 353: 2 14 11 9 7 18 8 5 3 15 17 16 4 19 10 20 6 13 12 1 
student 354: 8 3 10 17 11 16 2 6 12 18 19 13 4 14 7 20 5 15 9 1 
student 355: 4 9 10 14 18 15 1 2 7 19 17 13 6 12 11 20 8 5 16 3 
student 356: 5 13 9 14 8 12 1 2 3 17 19 18 15 16 10 20 6 7 11 4 
student 357: 5 14 17 12 9 11 7 2 3 15 20 16 1 19 6 10 8 18 13 4 
student 358: 10 9 17 11 8 7 13 3 1 20 19 12 6 16 5 18 4 15 14 2 
student 359: 2 17 8 19 9 6 1 4 13 16 20 15 11 14 5 18 7 12 10 3 
student 360: 4 15 7 13 17 11 9 2 3 18 12 19 6 14 5 16 8 20 10 1 
student 361: 3 9 11 5 6 7 1 2 10 20 14 13 17 18 15 19 12 16 8 4 
student 362: 11 9 12 8 7 13 3 2 5 18 6 19 4 20 16 15 10 14 17 1 
student 363: 8 15 7 11 6 18 2 4 9 19 16 20 10 17 14 13 3 12 5 1 
student 364: 3 13 10 11 6 7 2 5 4 15 17 20 12 14 8 19 9 18 16 1 
student 365: 8 14 19 7 5 11 1 2 3 18 15 12 6 20 9 17 10 16 13 4 
student 366: 11 4 18 16 2 9 5 1 12 14 17 10 8 20 7 15 3 19 13 6 
student 367: 15 13 8 7 11 14 3 1 6 18 19 9 5 17 2 20 10 16 12 4 
student 368: 1 8 9 13 7 16 4 6 3 14 19 10 5 18 12 20 11 17 15 2 
student 369: 5 14 15 3 10 11 7 4 8 12 16 13 6 18 9 20 1 19 17 2 
student 370: 5 9 8 7 3 12 1 15 13 19 11 20 6 18 10 14 4 17 16 2 
student 371: 13 14 9 12 8 7 1 6 10 17 4 20 11 15 5 18 3 16 19 2 
student 372: 4 9 15 2 10 11 8 1 3 20 14 12 13 19 17 18 6 16 7 5 
student 373: 5 12 19 6 15 18 14 1 4 17 20 13 7 3 8 16 10 9 11 2 
student 374: 11 6 7 19 9 10 2 8 1 20 15 13 4 18 12 17 5 16 14 3 
student 375: 4 12 13 2 16 17 5 3 9 20 15 18 7 19 11 14 6 8 10 1 
student 376: 2 7 11 12 13 15 1 5 3 16 17 14 4 19 6 20 9 18 10 8 
student 377: 1 17 6 15 10 5 7 2 9 20 16 19 13 8 11 18 3 14 12 4 
student 378: 6 12 15 1 20 10 7 4 2 18 16 11 5 14 9 17 8 19 13 3 
student 379: 12 13 8 15 5 16 3 1 11 18 19 7 2 17 9 20 6 14 10 4 
student 380: 6 8 15 12 9 13 4 11 5 20 18 10 1 17 7 19 2 14 16 3 
student 381: 8 13 5 12 6 16 3 1 4 20 15 19 10 18 7 17 9 11 14 2 
student 382: 2 12 11 10 3 18 5 7 9 20 19 16 4 13 6 15 8 14 17 1 
student 383: 13 12 10 7 4 14 15 1 5 19 17 2 11 8 6 18 3 16 20 9 
student 384: 8 20 13 12 2 5 3 7 9 16 17 14 6 15 4 18 10 11 19 1 
student 385: 3 18 14 8 11 10 4 2 5 19 12 16 6 20 1 17 7 13 15 9 
student 386: 1 10 15 12 4 14 2 6 5 20 9 19 8 16 11 13 7 18 17 3 
student 387: 6 20 14 7 12 9 2 8 15 4 19 16 1 17 10 13 5 18 11 3 
student 388: 3 11 10 2 17 9 1 6 14 12 7 16 4 19 15 20 13 18 8 5 
student 389: 1 14 15 6 7 12 3 11 8 17 20 10 5 16 13 18 4 19 9 2 
student 390: 4 20 6 10 9 18 1 8 5 17 16 13 11 14 7 15 3 19 12 2 
student 391: 2 17 15 8 4 9 5 7 10 16 20 3 14 18 13 11 6 19 12 1 
student 392: 3 14 4 8 6 12 7 2 9 20 18 11 5 17 15 19 13 16 10 1 
student 393: 9 6 15 12 5 7 3 2 1 19 16 17 13 18 11 10 8 20 14 4 
student 394: 6 17 16 14 5 10 4 3 1 20 18 15 7 19 9 13 8 12 11 2 
student 395: 1 11 8 10 7 19 4 15 9 20 12 17 2 14 16 18 3 13 5 6 
student 396: 18 10 13 6 14 12 7 2 5 17 11 15 3 20 8 9 4 16 19 1 
student 397: 3 5 12 4 13 14 2 1 7 16 18 11 8 19 6 20 10 17 15 9 
student 398: 11 6 13 9 14 20 2 5 4 17 15 12 8 18 3 7 10 16 19 1 
student 399: 10 6 9 8 14 18 4 1 11 16 13 12 3 19 5 15 7 17 20 2 
student 400: 6 16 10 5 12 9 1 8 4 20 14 19 7 15 11 18 3 13 17 2 
student 401: 6 12 1 18 4 19 9 2 16 20 14 8 10 15 3 13 5 7 17 11 
student 402: 3 11 6 10 4 18 7 1 8 19 16 14 12 17 15 5 9 20 13 2 
student 403: 2 13 7 11 9 14 5 1 4 18 17 16 8 19 12 20 6 15 10 3 
student 404: 2 12 9 7 8 13 6 1 5 20 19 16 3 11 15 18 14 17 10 4 
student 405: 3 7 20 12 8 15 6 1 4 18 9 17 11 13 10 19 5 16 14 2 
student 406: 7 10 16 4 1 5 6 8 2 20 17 12 9 18 11 19 13 15 14 3 
student 407: 5 14 10 13 9 15 4 3 2 17 18 20 11 19 7 16 1 8 6 12 
student 408: 9 4 6 16 15 18 2 1 8 17 14 20 12 19 5 7 10 13 11 3 
student 409: 7 10 8 9 6 18 5 3 1 17 16 20 2 19 14 15 12 13 11 4 
student 410: 2 15 8 12 11 14 5 3 6 18 20 17 4 13 10 19 9 16 7 1 
student 411: 4 14 11 17 8 5 3 2 6 15 10 19 7 18 12 20 9 16 13 1 
student 412: 1 15 13 3 11 16 4 5 7 20 14 10 12 17 18 19 8 9 6 2 
student 413: 5 2 17 10 3 11 8 19 7 18 13 15 1 16 6 14 9 20 12 4 
student 414: 3 18 7 2 6 11 4 9 5 19 10 12 13 16 8 20 14 15 17 1 
student 415: 1 13 8 10 7 12 2 5 6 20 17 16 4 15 11 19 9 18 14 3 
student 416: 2 10 8 9 5 14 3 13 7 6 16 18 4 20 12 19 11 15 17 1 
student 417: 17 16 9 20 15 2 3 11 13 18 12 8 5 14 7 19 4 10 6 1 
student 418: 2 7 17 15 14 11 12 5 9 18 20 13 3 19 6 16 4 10 8 1 
student 419: 2 12 10 7 13 11 5 1 6 18 14 16 8 20 3 17 9 19 15 4 
student 420: 13 8 18 15 2 20 4 1 5 10 14 16 9 12 6 19 7 11 17 3 
student 421: 2 16 3 11 13 14 8 1 4 20 19 15 5 10 7 18 9 17 12 6 
student 422: 3 8 15 12 9 7 2 1 4 18 17 14 11 16 10 19 6 13 20 5 
student 423: 1 11 17 2 7 10 5 3 8 18 15 16 6 20 14 12 9 13 19 4 
student 424: 8 4 7 14 1 11 6 2 5 18 16 9 10 17 12 19 15 20 13 3 
student 425: 6 14 15 3 5 18 1 4 11 20 12 19 13 16 9 17 8 10 7 2 
student 426: 3 8 15 5 9 16 1 2 6 20 19 7 13 12 17 14 11 18 10 4 
student 427: 1 13 10 17 5 12 7 6 9 20 11 14 3 16 8 15 4 18 19 2 
student 428: 2 16 12 7 6 13 4 3 5 15 20 18 8 14 10 19 11 17 9 1 
student 429: 3 9 2 12 11 13 1 4 8 18 20 17 6 16 10 19 5 15 14 7 
student 430: 7 6 19 11 10 12 5 1 4 18 17 9 8 14 15 20 2 13 16 3 
student 431: 6 7 10 8 12 16 2 4 3 20 19 13 9 18 11 15 5 17 14 1 
student 432: 4 1 10 19 11 12 6 2 14 13 17 20 5 18 8 16 9 15 7 3 
student 433: 7 6 12 9 14 8 10 1 5 15 18 19 3 20 4 16 11 17 13 2 
student 434: 2 20 17 11 7 12 10 4 1 15 13 19 3 16 14 8 6 5 18 9 
student 435: 6 13 3 12 11 16 5 10 7 20 19 15 2 9 1 18 4 17 14 8 
student 436: 2 12 6 8 10 13 3 4 16 17 19 9 7 20 5 15 11 14 18 1 
student 437: 7 14 13 6 9 15 1 2 4 19 16 10 5 18 3 12 17 20 8 11 
student 438: 6 10 11 9 12 13 8 5 7 3 18 15 4 17 20 19 2 14 16 1 
student 439: 1 8 11 13 12 14 9 3 4 20 16 15 7 17 5 19 10 6 18 2 
student 440: 3 5 11 19 6 14 10 2 7 12 16 18 8 9 15 20 4 17 13 1 
student 441: 3 10 9 16 5 20 6 2 4 19 14 11 7 18 13 8 15 17 12 1 
student 442: 4 15 11 10 5 17 16 2 7 18 13 12 8 14 9 20 1 3 19 6 
student 443: 1 9 12 4 3 11 2 5 6 20 19 18 13 16 10 17 7 15 14 8 
student 444: 5 19 11 9 6 14 10 1 3 20 7 13 4 18 16 17 8 15 12 2 
student 445: 2 16 19 5 13 3 4 8 1 15 12 20 11 18 9 17 6 14 10 7 
student 446: 3 9 6 10 5 14 1 7 8 20 19 17 4 13 11 15 12 18 16 2 
student 447: 7 14 13 4 2 15 3 1 5 19 16 11 12 18 8 20 6 17 10 9 
student 448: 3 9 16 6 4 13 10 1 7 12 15 17 8 20 11 19 5 18 14 2 
student 449: 8 6 14 12 5 16 2 3 4 20 19 9 10 17 15 18 11 13 7 1 
student 450: 3 7 16 13 4 9 10 6 14 18 17 12 5 15 11 19 2 20 8 1 
student 451: 2 8 11 12 20 17 6 7 4 18 15 9 5 19 13 14 3 16 10 1 
student 452: 1 4 18 3 9 12 5 7 11 17 15 16 8 14 10 19 6 20 13 2 
student 453: 5 11 9 3 10 14 7 6 2 17 16 13 4 15 8 19 20 12 18 1 
student 454: 3 9 2 10 13 5 6 12 7 20 15 17 18 16 1 19 8 14 11 4 
student 455: 12 1 5 8 3 9 4 7 10 18 19 11 13 20 14 16 15 6 17 2 
student 456: 5 12 16 11 9 1 3 4 10 14 18 17 8 19 13 20 6 15 7 2 
student 457: 2 11 14 20 4 18 8 6 9 19 17 12 5 15 10 16 7 13 1 3 
student 458: 2 11 10 5 8 13 7 4 6 19 16 15 9 17 12 20 1 14 18 3 
student 459: 5 14 17 8 10 13 1 11 7 20 18 9 2 19 16 12 15 6 3 4 
student 460: 1 14 11 12 8 17 2 5 6 18 19 20 3 15 10 13 7 16 4 9 
student 461: 4 11 10 12 9 19 3 1 2 20 18 16 7 8 13 14 17 6 15 5 
student 462: 3 18 7 15 11 17 2 4 5 14 12 9 10 20 13 16 6 19 8 1 
student 463: 2 4 1 17 7 12 6 3 8 19 16 10 14 20 11 9 15 13 18 5 
student 464: 7 4 10 8 9 18 1 2 12 17 19 16 6 15 20 14 5 13 11 3 
student 465: 4 20 15 12 13 19 2 5 6 10 18 14 1 17 8 7 3 16 11 9 
student 466: 2 17 11 6 8 10 14 7 4 20 19 15 3 13 9 16 5 18 12 1 
student 467: 6 14 12 7 9 13 2 5 3 19 16 15 4 20 8 18 11 17 10 1 
student 468: 3 11 9 17 13 14 4 6 8 19 1 15 12 18 2 20 10 16 7 5 
student 469: 8 16 12 6 9 10 7 3 4 19 17 13 14 11 2 20 5 18 15 1 
student 470: 4 5 18 14 3 10 7 2 6 20 9 15 11 16 1 12 8 19 17 13 
student 471: 13 19 6 16 9 14 4 1 5 18 20 10 12 8 11 15 3 17 7 2 
student 472: 4 12 15 14 8 17 6 3 7 13 18 11 2 10 9 20 5 19 16 1 
student 473: 6 10 13 5 4 11 8 2 9 17 18 14 3 19 20 12 7 16 15 1 
student 474: 2 8 13 6 14 12 3 5 7 18 19 10 4 20 9 11 15 17 16 1 
student 475: 3 2 14 11 5 18 6 19 4 15 20 13 12 17 1 16 8 10 9 7 
student 476: 3 10 13 12 20 14 5 9 1 15 11 16 8 6 17 19 7 18 2 4 
student 477: 6 12 9 16 8 11 2 4 3 19 13 15 5 17 18 20 7 14 10 1 
student 478: 3 18 9 20 7 13 2 5 6 19 11 17 4 14 8 16 10 12 15 1 
student 479: 2 5 9 11 7 16 3 6 12 20 18 17 4 19 13 14 10 15 8 1 
student 480: 4 9 7 11 10 15 2 1 3 19 16 13 5 14 8 20 17 18 12 6 
student 481: 11 12 18 10 7 14 3 2 1 13 17 19 9 15 6 16 4 20 8 5 
student 482: 7 4 13 14 5 18 6 11 2 12 9 15 10 8 17 19 1 20 16 3 
student 483: 3 20 7 10 13 6 4 5 9 17 12 8 2 18 19 15 16 14 11 1 
student 484: 3 16 7 13 11 6 5 2 9 20 15 12 4 19 10 17 8 18 14 1 
student 485: 10 13 2 12 6 8 11 7 5 18 17 14 1 20 9 19 4 16 15 3 
student 486: 12 9 11 4 3 13 2 8 6 18 15 16 5 17 7 20 10 19 14 1 
student 487: 2 15 7 13 11 16 10 1 6 19 8 12 4 18 5 20 9 14 17 3 
student 488: 8 14 20 13 11 15 5 2 7 9 4 18 12 19 6 17 10 3 16 1 
student 489: 9 6 19 13 8 11 5 2 4 12 20 18 10 17 3 14 7 16 15 1 
student 490: 3 7 10 14 16 12 13 1 2 18 19 11 6 9 4 15 5 20 17 8 
student 491: 5 13 16 10 7 11 2 4 8 19 12 6 3 20 9 18 14 15 17 1 
student 492: 1 12 7 16 10 9 8 5 6 20 17 19 3 18 11 15 2 14 13 4 
student 493: 4 6 9 5 12 15 2 10 7 18 14 17 11 19 3 20 8 16 13 1 
student 494: 5 13 8 10 20 15 1 3 12 17 11 9 4 6 14 18 7 16 19 2 
student 495: 6 20 7 14 3 13 9 1 10 8 17 11 4 19 16 15 5 12 18 2 
student 496: 7 12 13 5 10 17 6 3 2 19 16 9 8 18 4 20 11 15 14 1 
student 497: 4 6 11 2 1 12 13 9 5 17 8 16 10 18 19 14 15 3 20 7 
student 498: 4 19 14 9 3 15 7 11 6 20 18 13 8 16 2 17 12 10 5 1 
student 499: 2 14 17 18 7 13 9 1 3 20 12 8 5 19 6 16 11 10 15 4 
student 500: 5 10 14 6 7 11 4 3 9 17 18 19 16 20 13 8 2 15 12 1 
student 501: 11 17 13 14 7 4 2 3 5 15 19 9 6 10 20 18 16 8 12 1 
student 502: 1 11 12 14 4 15 8 7 3 17 16 20 10 13 5 19 6 18 9 2 
student 503: 4 10 6 12 11 14 5 1 2 20 18 13 8 19 9 15 3 16 17 7 
student 504: 5 16 11 14 10 13 1 4 2 18 17 6 8 20 15 19 7 12 9 3 
student 505: 1 15 8 13 11 14 9 2 4 17 18 10 5 12 19 20 3 6 16 7 
student 506: 4 7 12 5 20 14 6 1 3 18 16 8 2 17 13 19 11 15 9 10 
student 507: 5 12 3 14 11 16 8 7 10 20 15 13 2 17 1 19 6 18 9 4 
student 508: 3 16 1 10 11 2 8 5 7 14 18 19 4 13 15 20 9 17 12 6 
student 509: 1 15 8 9 19 10 2 6 7 20 17 12 14 16 3 11 13 18 4 5 
student 510: 14 19 15 13 10 7 4 3 5 20 18 12 11 9 2 16 17 8 1 6 
student 511: 2 6 13 11 8 18 4 1 3 20 16 12 5 15 9 19 17 14 10 7 
student 512: 8 10 13 11 9 20 3 1 4 19 16 18 7 17 15 2 5 14 12 6 
student 513: 6 17 11 8 10 12 1 5 2 20 19 13 9 14 7 15 3 18 16 4 
student 514: 5 13 8 7 16 14 1 4 9 20 15 2 6 10 11 18 12 17 19 3 
student 515: 2 10 17 14 11 13 1 3 4 20 16 6 5 12 7 18 9 15 19 8 
student 516: 13 7 8 12 6 10 4 1 3 19 20 18 11 15 2 16 9 14 17 5 
student 517: 2 9 10 8 12 15 4 1 5 20 11 13 6 16 18 19 7 14 17 3 
student 518: 2 14 20 3 8 11 5 10 1 18 15 17 7 13 12 19 6 16 9 4 
student 519: 1 10 15 7 2 12 4 6 13 20 19 11 17 8 5 14 16 18 9 3 
student 520: 18 16 17 15 4 7 2 8 3 20 14 11 13 9 6 19 10 5 12 1 
student 521: 5 16 12 8 3 17 4 2 6 9 19 15 7 20 13 10 11 18 14 1 
student 522: 5 11 18 17 4 8 6 2 1 20 15 7 10 19 14 12 3 16 13 9 
student 523: 4 14 7 9 12 11 5 10 3 17 20 19 8 16 6 2 18 13 15 1 
student 524: 2 4 9 11 13 14 5 1 8 17 15 12 3 18 10 19 7 20 16 6 
student 525: 8 10 17 13 7 14 6 3 4 16 18 9 5 15 12 20 1 19 11 2 
student 526: 8 7 5 11 17 9 10 2 6 16 20 12 3 14 13 19 1 15 18 4 
student 527: 5 1 13 14 12 9 8 4 10 20 3 15 7 16 17 18 6 11 19 2 
student 528: 2 9 10 11 8 12 4 13 5 17 20 14 3 16 6 19 7 18 15 1 
student 529: 2 19 10 13 18 14 9 7 4 20 3 12 1 15 11 16 5 17 6 8 
student 530: 2 12 8 7 6 14 9 1 17 18 19 10 5 16 20 13 11 15 3 4 
student 531: 4 7 14 17 12 8 9 6 3 19 18 13 1 16 15 20 5 11 10 2 
student 532: 7 13 14 9 12 20 1 3 4 16 19 15 8 11 5 18 2 17 10 6 
student 533: 8 4 10 2 14 11 16 1 6 20 18 15 13 19 7 17 9 12 5 3 
student 534: 8 17 7 20 9 19 1 6 5 15 16 12 2 13 10 18 4 14 11 3 
student 535: 4 15 9 5 13 11 1 3 6 10 18 14 7 19 8 20 12 16 17 2 
student 536: 3 15 14 6 7 19 2 4 10 11 16 18 8 12 1 20 5 13 17 9 
student 537: 8 10 15 2 9 6 5 7 4 18 13 11 1 17 14 19 12 16 20 3 
student 538: 16 10 15 8 19 12 5 3 1 17 20 14 7 13 11 18 9 2 6 4 
student 539: 1 19 10 7 11 3 5 4 8 13 14 18 9 16 6 17 15 20 12 2 
student 540: 8 11 5 14 9 13 3 4 6 7 17 18 2 15 10 20 12 19 16 1 
student 541: 1 7 13 14 10 8 6 5 3 18 15 19 12 11 9 20 4 17 16 2 
student 542: 4 14 11 10 12 13 3 1 6 20 19 17 7 9 8 18 5 16 15 2 
student 543: 5 14 8 16 9 20 17 10 2 18 15 11 3 13 12 19 4 7 6 1 
student 544: 4 11 15 12 8 13 1 6 16 19 18 10 7 2 9 20 5 17 14 3 
student 545: 2 12 10 14 8 13 11 7 4 16 17 9 5 20 3 15 6 19 18 1 
student 546: 1 12 15 7 9 6 8 13 4 20 10 17 5 14 16 3 11 19 18 2 
student 547: 1 6 13 18 10 14 7 4 3 12 17 9 11 19 5 20 15 16 8 2 
student 548: 3 14 16 9 12 11 6 2 4 20 18 13 5 17 8 19 10 7 15 1 
student 549: 8 5 11 4 12 13 3 1 7 18 15 14 10 17 6 16 9 20 19 2 
student 550: 1 11 14 13 7 15 6 2 3 19 16 12 4 17 10 18 9 20 8 5 
student 551: 6 10 11 4 9 13 3 7 12 17 15 18 2 19 5 14 8 20 16 1 
student 552: 15 9 7 11 14 13 6 3 2 19 12 16 5 17 8 20 4 18 1 10 
student 553: 3 15 12 4 8 14 1 9 5 16 11 18 6 17 10 20 7 19 13 2 
student 554: 4 10 18 6 14 11 5 1 7 16 12 13 20 17 8 19 2 15 9 3 
student 555: 1 16 9 8 19 11 7 6 3 17 15 13 4 18 12 14 5 2 10 20 
student 556: 1 13 16 15 8 14 5 7 4 19 20 12 2 17 9 18 3 10 11 6 
student 557: 3 6 15 12 16 14 1 2 11 18 13 19 5 20 8 17 9 10 7 4 
student 558: 5 12 15 9 6 11 1 8 3 19 16 13 4 14 10 18 7 20 17 2 
student 559: 6 5 10 8 9 19 1 11 7 15 16 14 4 20 13 18 3 17 12 2 
student 560: 3 14 6 12 5 16 4 2 1 13 19 18 9 17 11 20 7 15 10 8 
student 561: 10 8 7 13 3 16 4 6 15 20 19 17 1 18 12 9 2 14 11 5 
student 562: 8 12 7 14 1 16 3 13 4 19 10 18 6 9 11 17 15 5 20 2 
student 563: 2 17 9 18 8 11 1 15 7 16 10 13 3 20 5 19 4 12 14 6 
student 564: 2 18 10 17 5 6 7 4 9 16 13 12 14 15 3 19 11 20 8 1 
student 565: 1 12 18 16 11 14 5 4 2 17 19 6 3 9 13 15 8 20 10 7 
student 566: 2 15 14 6 5 11 4 8 3 16 20 17 9 18 7 13 10 19 12 1 
student 567: 6 15 8 9 3 10 5 4 2 17 12 18 11 20 7 16 14 19 13 1 
student 568: 13 12 3 15 7 20 9 8 6 16 10 19 4 18 2 14 5 11 17 1 
student 569: 4 13 15 10 6 7 5 1 8 18 20 17 3 19 9 16 11 12 14 2 
student 570: 5 7 18 16 13 8 6 4 11 20 19 15 9 14 3 17 2 10 12 1 
student 571: 4 11 9 14 12 13 8 1 2 18 20 16 7 19 10 17 3 15 5 6 
student 572: 3 12 11 14 4 15 8 2 5 13 20 9 10 16 6 19 7 18 17 1 
student 573: 2 13 8 9 10 5 7 1 3 19 15 18 6 17 12 20 11 14 16 4 
student 574: 8 15 10 12 2 7 5 3 4 19 9 18 6 20 11 17 13 14 16 1 
student 575: 7 11 12 4 16 9 3 2 6 10 20 17 5 19 14 15 8 18 13 1 
student 576: 1 5 17 12 4 10 8 9 6 20 13 14 11 18 7 16 3 15 19 2 
student 577: 1 12 3 17 11 14 16 2 6 19 13 4 7 15 8 18 10 20 9 5 
student 578: 5 11 16 1 10 13 6 2 3 19 7 15 12 14 17 20 8 9 18 4 
student 579: 2 15 14 10 8 18 3 9 11 20 7 12 5 6 13 19 4 17 16 1 
student 580: 1 14 2 9 6 7 10 8 3 20 17 18 5 19 13 12 15 16 11 4 
student 581: 5 12 7 10 1 13 6 3 15 19 17 16 9 18 2 14 4 20 11 8 
student 582: 3 17 7 8 6 10 1 5 4 19 18 16 2 20 14 12 15 9 13 11 
student 583: 13 6 15 18 4 16 1 3 5 17 19 11 8 20 14 7 9 12 10 2 
student 584: 1 10 14 2 11 17 4 3 7 12 19 20 5 15 13 16 9 18 8 6 
student 585: 8 5 14 9 1 13 2 4 10 20 16 17 3 18 12 19 11 7 15 6 
student 586: 1 17 10 12 6 19 2 3 7 18 16 14 5 20 8 13 11 15 9 4 
student 587: 3 5 13 8 4 16 11 6 12 19 7 20 9 17 14 18 2 10 15 1 
student 588: 3 7 11 4 5 13 14 6 2 19 17 18 10 15 12 20 8 16 9 1 
student 589: 6 9 15 8 1 17 3 5 10 13 11 7 20 12 2 16 18 14 19 4 
student 590: 2 13 10 11 7 5 8 18 3 20 6 15 4 14 19 9 12 17 16 1 
student 591: 14 9 17 11 3 19 7 2 6 20 8 12 5 13 18 16 4 10 15 1 
student 592: 2 18 13 7 6 12 4 3 14 11 17 10 9 20 8 16 5 15 19 1 
student 593: 4 8 10 16 12 17 2 7 5 20 11 18 6 13 3 19 14 9 15 1 
student 594: 2 11 17 10 9 19 8 6 4 14 18 12 3 13 15 20 7 5 16 1 
student 595: 3 19 9 6 13 4 10 5 8 18 7 14 1 12 20 15 11 16 17 2 
student 596: 14 15 8 6 4 12 9 3 1 20 10 11 7 17 18 19 2 13 16 5 
student 597: 4 14 8 7 17 16 3 6 5 19 2 13 9 15 11 18 12 20 10 1 
student 598: 5 10 17 8 11 16 2 1 4 20 18 6 15 14 13 19 9 12 7 3 
student 599: 6 10 17 14 5 16 1 9 7 20 13 18 2 19 11 8 3 15 12 4 
student 600: 4 7 11 15 3 19 2 1 14 18 9 5 12 20 6 17 16 10 8 13 
student 601: 9 12 14 11 5 15 7 2 10 19 4 3 6 20 8 16 13 17 18 1 
student 602: 1 5 17 18 13 8 3 6 7 10 9 15 12 19 4 20 14 16 11 2 
student 603: 4 8 6 2 10 7 16 1 3 20 13 15 18 14 5 11 9 17 19 12 
student 604: 1 12 6 11 10 16 9 2 3 20 17 15 4 14 18 13 8 19 7 5 
student 605: 3 14 10 11 4 9 8 7 1 20 17 19 5 18 13 16 2 12 15 6 
student 606: 7 12 14 17 11 9 3 6 4 19 18 10 5 16 8 20 1 15 13 2 
student 607: 1 12 11 7 3 16 5 4 8 15 17 14 9 18 10 20 6 19 13 2 
student 608: 3 13 5 11 6 15 7 4 8 10 18 16 2 19 9 17 12 20 14 1 
student 609: 3 14 11 8 19 7 5 16 2 18 15 17 4 10 12 20 1 9 13 6 
student 610: 5 6 11 14 7 15 1 12 4 20 13 17 2 16 9 19 8 10 18 3 
student 611: 16 8 5 6 7 9 4 1 3 19 20 14 11 18 12 17 2 15 13 10 
student 612: 3 12 5 8 19 9 17 2 4 18 16 13 1 15 6 14 20 7 11 10 
student 613: 1 13 15 4 8 18 2 3 6 16 19 14 12 7 10 17 11 9 20 5 
student 614: 10 3 9 1 17 18 8 4 2 20 12 15 7 14 6 16 13 19 11 5 
student 615: 4 5 1 9 15 16 6 2 8 20 19 12 10 7 14 18 13 17 11 3 
student 616: 2 13 12 10 7 14 4 5 9 11 20 19 3 16 6 17 8 15 18 1 
student 617: 4 9 12 8 10 3 14 2 11 15 16 17 5 19 13 20 7 18 6 1 
student 618: 1 12 13 6 5 14 7 2 4 19 16 15 10 17 11 20 9 18 8 3 
student 619: 5 10 7 8 3 15 9 2 11 17 19 14 6 18 13 12 16 20 4 1 
student 620: 6 15 7 16 2 1 3 4 9 20 14 13 12 18 8 19 10 17 11 5 
student 621: 7 16 13 12 17 11 9 3 2 14 6 5 4 8 20 19 10 15 18 1 
student 622: 6 10 11 14 7 8 4 2 9 15 16 20 13 18 5 12 3 19 17 1 
student 623: 2 12 1 11 10 7 4 3 5 18 14 17 6 19 15 20 13 8 16 9 
student 624: 5 13 15 10 8 3 6 1 20 16 12 14 9 11 4 18 17 7 19 2 
student 625: 6 19 1 8 7 20 3 2 4 11 18 14 9 17 13 15 10 16 12 5 
student 626: 5 20 12 13 6 8 7 2 4 11 18 14 9 3 10 19 15 16 17 1 
student 627: 3 17 9 15 6 5 2 4 12 20 10 16 8 19 11 18 7 13 14 1 
student 628: 4 10 19 12 9 7 3 2 5 20 16 18 8 14 13 17 6 11 15 1 
student 629: 6 11 10 13 12 17 7 4 8 15 9 19 3 20 2 14 5 18 16 1 
student 630: 2 4 3 10 5 11 1 14 7 16 18 20 9 19 8 17 12 13 15 6 
student 631: 15 6 17 14 7 20 1 2 3 18 8 12 9 16 5 10 4 19 13 11 
student 632: 9 16 10 13 11 6 4 1 2 19 15 17 7 18 12 14 8 20 3 5 
student 633: 14 17 9 13 7 10 3 8 4 20 19 16 2 11 6 12 15 18 5 1 
student 634: 3 12 6 9 19 15 2 7 4 16 14 20 8 10 5 18 13 17 11 1 
student 635: 6 8 20 9 4 10 12 1 2 19 13 18 15 16 5 17 14 7 11 3 
student 636: 4 10 3 18 8 11 5 6 7 19 16 14 9 20 12 15 2 17 13 1 
student 637: 7 3 12 9 4 17 6 1 10 18 19 16 2 20 11 14 8 13 15 5 
student 638: 8 13 11 7 9 12 5 1 3 19 17 15 4 18 6 20 10 14 16 2 
student 639: 6 16 12 7 17 11 2 9 18 20 5 8 4 10 14 13 3 15 19 1 
student 640: 3 9 12 8 7 13 2 4 5 17 20 18 6 15 11 16 1 19 14 10 
student 641: 13 11 16 4 8 18 7 1 5 17 19 12 6 20 3 14 9 15 10 2 
student 642: 7 6 18 12 14 10 4 2 3 20 19 11 5 17 9 16 8 15 13 1 
student 643: 1 14 12 10 4 3 2 8 6 20 17 18 11 19 7 16 9 15 13 5 
student 644: 7 14 4 12 13 2 5 1 10 15 17 16 3 20 11 19 8 18 9 6 
student 645: 11 12 8 2 10 16 20 3 7 17 13 1 5 18 14 9 4 15 19 6 
student 646: 1 13 14 15 6 11 4 8 5 18 16 17 10 19 2 20 12 9 7 3 
student 647: 4 10 8 7 5 12 1 11 17 19 14 9 2 18 6 15 20 13 16 3 
student 648: 2 7 15 9 5 13 20 1 10 19 4 14 17 12 8 18 6 16 11 3 
student 649: 3 7 12 17 6 13 11 1 4 18 19 16 5 10 9 20 8 15 14 2 
student 650: 2 18 11 7 3 20 6 1 4 19 15 12 10 14 13 17 5 8 16 9 
student 651: 16 1 9 12 6 15 8 7 2 19 18 14 4 17 5 20 11 13 10 3 
student 652: 4 8 14 15 6 13 2 3 5 20 17 10 7 16 9 19 11 12 18 1 
student 653: 2 14 7 17 3 15 10 4 6 16 13 18 9 8 5 11 20 19 12 1 
student 654: 1 19 6 10 9 8 13 2 3 15 18 7 4 16 12 20 17 14 11 5 
student 655: 2 13 8 10 20 14 9 1 4 15 19 18 7 12 5 16 3 17 11 6 
student 656: 3 12 5 14 10 11 6 4 7 20 16 17 9 18 13 19 2 15 8 1 
student 657: 7 14 6 15 5 12 2 1 3 11 13 18 9 17 10 8 16 20 19 4 
student 658: 8 16 5 9 20 12 13 4 1 10 18 17 2 11 7 15 6 19 14 3 
student 659: 3 15 9 2 11 17 6 4 7 19 13 8 10 16 12 14 5 20 18 1 
student 660: 8 15 14 7 10 13 3 1 4 18 19 17 5 16 12 20 6 11 9 2 
student 661: 4 11 14 7 3 13 6 2 9 19 15 10 5 18 12 16 8 17 20 1 
student 662: 3 10 14 9 8 11 5 4 7 18 19 16 1 15 17 20 6 13 12 2 
student 663: 3 12 10 11 8 9 1 2 14 16 19 18 7 15 4 20 5 17 13 6 
student 664: 6 18 7 19 12 11 4 3 9 17 15 20 5 14 2 16 8 13 10 1 
student 665: 3 10 11 12 8 9 2 5 7 18 13 14 4 20 15 17 6 16 19 1 
student 666: 4 10 15 8 18 11 6 3 1 20 19 13 5 14 9 17 7 16 12 2 
student 667: 5 18 3 8 11 15 4 10 2 19 12 14 6 20 9 17 7 16 13 1 
student 668: 6 9 18 11 13 14 5 3 2 16 17 8 4 10 7 20 12 19 15 1 
student 669: 4 6 11 9 10 13 3 2 5 20 18 17 8 15 16 19 7 14 12 1 
student 670: 9 17 3 6 5 13 10 2 14 15 18 20 4 7 16 19 1 12 11 8 
student 671: 5 13 4 16 10 17 11 8 2 20 9 7 6 18 14 15 3 19 12 1 
student 672: 6 5 4 9 10 16 12 3 14 17 15 7 1 19 20 18 8 11 13 2 
student 673: 10 8 7 15 5 11 13 4 14 18 12 6 3 20 9 19 1 17 16 2 
student 674: 4 10 12 7 15 16 13 1 2 17 9 11 6 19 5 18 14 20 8 3 
student 675: 2 9 10 7 4 11 3 12 6 18 20 15 8 16 14 17 5 19 13 1 
student 676: 2 17 9 7 4 11 1 5 3 18 13 16 6 19 8 20 10 12 15 14 
student 677: 8 13 9 5 12 14 7 3 2 16 18 15 4 17 6 19 10 11 20 1 
student 678: 1 2 13 11 3 10 9 4 5 19 18 14 7 16 8 20 6 17 15 12 
student 679: 11 14 2 10 9 17 8 4 1 20 15 13 6 19 7 16 5 12 18 3 
student 680: 10 14 9 7 2 16 8 6 12 19 15 18 5 17 11 20 1 13 4 3 
student 681: 3 18 12 10 15 5 8 4 1 20 16 14 6 17 7 19 13 9 11 2 
student 682: 3 7 17 5 12 16 2 1 9 15 18 8 6 19 10 20 13 11 14 4 
student 683: 6 15 9 11 10 2 5 3 7 16 18 13 12 17 8 14 4 20 19 1 
student 684: 9 7 15 6 11 14 1 2 8 18 20 12 4 16 5 17 10 13 19 3 
student 685: 7 16 13 10 14 6 5 2 9 15 19 8 1 20 12 18 3 17 11 4 
student 686: 3 15 16 12 13 7 9 1 11 19 17 14 4 20 10 18 8 2 6 5 
student 687: 3 6 12 16 13 11 4 2 10 17 18 19 5 20 7 14 8 9 15 1 
student 688: 4 9 10 12 7 11 6 2 1 19 17 13 5 15 14 20 3 18 16 8 
student 689: 17 19 6 15 8 3 7 13 18 11 20 14 9 16 1 12 5 10 4 2 
student 690: 2 15 12 16 4 17 3 5 7 20 19 9 1 14 8 11 10 13 18 6 
student 691: 5 14 16 12 10 9 4 1 7 20 19 17 6 2 11 15 8 18 13 3 
student 692: 10 11 15 7 12 16 20 2 9 17 18 5 6 19 4 13 3 14 8 1 
student 693: 6 12 16 4 7 14 2 5 15 19 9 13 18 11 10 20 3 17 8 1 
student 694: 11 13 15 10 9 14 5 4 3 20 19 7 8 16 1 18 6 12 17 2 
student 695: 6 16 13 8 11 18 3 5 4 14 17 7 10 12 9 20 1 19 15 2 
student 696: 3 13 12 11 5 10 2 6 9 18 19 15 14 17 1 20 7 16 8 4 
student 697: 1 10 17 2 11 13 5 3 9 19 18 12 4 16 20 15 7 6 14 8 
student 698: 1 6 9 14 10 15 5 19 8 18 13 20 3 7 2 17 11 16 12 4 
student 699: 3 12 11 10 6 16 4 1 7 20 13 19 9 15 2 17 8 14 18 5 
student 700: 3 19 8 10 6 9 17 2 1 20 13 15 4 16 7 18 5 14 12 11 
student 701: 2 13 9 15 10 8 3 1 5 20 12 16 4 17 11 19 6 14 18 7 
student 702: 4 15 10 6 11 14 1 3 2 20 16 13 12 18 7 19 8 17 5 9 
student 703: 7 6 11 12 5 14 13 1 3 16 9 17 8 19 10 18 2 15 20 4 
student 704: 6 15 13 11 9 12 10 5 2 18 1 19 7 17 8 20 3 16 14 4 
student 705: 2 14 8 18 9 15 11 3 5 17 4 10 7 13 12 20 6 19 16 1 
student 706: 2 15 12 8 20 16 4 9 7 19 11 14 5 18 13 17 6 10 3 1 
student 707: 3 16 14 1 10 15 8 7 5 20 13 18 6 17 9 19 4 11 12 2 
student 708: 3 12 4 5 13 15 7 2 6 8 16 11 9 18 19 20 10 17 14 1 
student 709: 1 10 14 16 5 13 4 3 2 15 12 19 8 20 7 18 6 17 11 9 
student 710: 4 15 11 8 7 12 1 2 9 10 18 16 13 17 3 20 6 14 19 5 
student 711: 5 9 6 11 10 12 1 4 8 20 17 15 3 18 19 14 2 16 13 7 
student 712: 5 18 13 8 14 9 1 7 6 19 17 15 2 16 4 20 11 12 10 3 
student 713: 3 18 8 13 20 16 5 2 4 15 14 9 6 19 12 11 10 17 7 1 
student 714: 7 13 11 15 4 10 6 3 9 8 20 19 14 12 5 18 1 17 16 2 
student 715: 3 4 8 13 20 12 5 7 2 17 19 16 6 11 15 18 10 14 9 1 
student 716: 3 7 19 11 9 13 12 4 1 18 15 14 2 20 10 17 5 16 8 6 
student 717: 1 19 12 11 7 15 5 6 3 20 13 17 2 16 10 18 14 9 8 4 
student 718: 4 16 12 6 5 8 1 2 11 20 13 15 7 19 9 18 10 14 17 3 
student 719: 4 15 12 8 9 14 3 2 5 17 18 16 11 19 6 20 7 10 13 1 
student 720: 14 12 11 9 7 13 2 1 5 16 17 3 4 15 8 18 6 20 19 10 
student 721: 1 4 19 8 7 18 10 3 6 16 12 9 2 17 11 20 5 15 14 13 
student 722: 10 5 3 15 9 20 7 4 13 17 8 18 2 11 12 19 6 16 14 1 
student 723: 6 13 12 10 8 17 9 2 3 20 19 15 4 14 5 18 11 7 16 1 
student 724: 7 13 14 8 5 6 11 4 9 18 12 10 19 16 1 17 3 20 15 2 
student 725: 4 10 2 8 13 12 11 3 6 18 15 16 9 19 5 20 7 17 14 1 
student 726: 10 16 5 9 8 12 2 4 3 18 11 17 6 20 19 15 7 13 14 1 
student 727: 6 14 9 13 3 15 4 5 1 11 20 18 8 12 7 16 10 17 19 2 
student 728: 6 12 5 17 8 9 2 1 3 16 13 20 7 18 19 15 11 10 14 4 
student 729: 9 11 14 15 8 17 5 3 6 16 18 19 2 20 12 13 4 7 10 1 
student 730: 7 8 15 3 12 5 17 2 4 11 18 14 9 19 6 20 10 16 13 1 
student 731: 1 13 12 6 4 11 3 9 5 15 18 14 7 19 8 20 10 16 17 2 
student 732: 12 14 9 1 8 16 6 3 4 20 10 11 13 19 7 15 5 18 17 2 
student 733: 5 7 10 11 6 13 3 1 4 19 9 17 12 18 8 20 16 14 15 2 
student 734: 1 15 5 4 8 12 9 2 10 16 18 20 3 19 6 17 11 14 13 7 
student 735: 4 14 3 15 7 13 8 5 2 19 16 17 9 20 10 11 6 18 12 1 
student 736: 1 10 16 15 7 12 6 2 4 14 13 11 5 18 8 17 3 20 19 9 
student 737: 1 17 7 6 9 11 3 16 10 19 18 13 5 12 2 20 8 14 15 4 
student 738: 10 4 13 17 9 7 5 2 8 20 16 14 6 19 12 18 3 15 11 1 
student 739: 1 12 11 2 20 13 5 3 8 19 4 16 6 18 9 14 7 15 17 10 
student 740: 5 13 10 8 12 9 18 1 3 17 19 16 6 20 4 15 11 7 14 2 
student 741: 6 20 16 7 1 11 3 2 5 18 9 13 10 12 14 15 8 19 17 4 
student 742: 4 17 3 13 7 10 5 2 6 19 14 16 8 15 12 20 9 18 11 1 
student 743: 2 11 9 19 5 10 13 4 7 15 20 12 6 16 8 14 3 18 17 1 
student 744: 10 2 5 12 13 18 4 3 7 16 17 15 8 19 9 20 1 11 14 6 
student 745: 1 16 15 8 9 11 2 7 5 20 19 17 4 18 6 10 14 13 12 3 
student 746: 1 13 11 5 4 17 6 2 7 18 16 15 12 20 8 19 9 14 10 3 
student 747: 1 15 20 16 8 17 4 2 3 18 19 6 11 14 10 13 5 12 7 9 
student 748: 1 7 8 14 6 13 4 5 11 20 18 10 3 16 9 19 17 12 15 2 
student 749: 7 11 17 10 16 13 3 5 4 18 19 14 12 20 1 15 9 8 6 2 
student 750: 4 5 18 11 3 19 9 1 2 16 6 13 8 20 10 15 12 14 17 7 
student 751: 6 14 10 8 4 11 7 9 3 20 12 18 2 16 15 19 5 17 13 1 
student 752: 2 12 11 4 8 9 1 6 3 20 18 14 5 17 13 19 10 16 15 7 
student 753: 8 13 1 2 11 12 5 3 7 17 15 6 10 18 20 19 9 14 16 4 
student 754: 3 1 13 11 19 10 5 4 6 17 2 16 7 18 8 20 14 15 12 9 
student 755: 1 16 4 14 12 2 9 8 10 5 20 15 3 19 17 18 6 13 11 7 
student 756: 3 15 10 11 6 16 9 2 1 19 14 12 4 20 8 18 5 17 13 7 
student 757: 1 6 12 4 13 15 2 5 9 20 17 16 8 19 14 11 7 18 10 3 
student 758: 1 16 11 6 9 18 4 8 7 20 19 12 5 15 10 17 3 14 13 2 
student 759: 3 1 13 9 8 20 2 4 6 17 12 14 5 18 19 16 15 10 11 7 
student 760: 8 12 6 11 13 10 2 4 9 20 19 18 1 15 14 16 3 7 17 5 
student 761: 9 17 8 15 10 13 1 3 6 14 20 16 4 19 11 18 2 12 7 5 
student 762: 1 10 15 8 7 16 3 4 2 19 12 14 5 9 11 18 6 20 17 13 
student 763: 5 13 3 8 7 17 1 2 10 20 15 12 6 16 11 19 9 14 18 4 
student 764: 2 14 13 17 7 10 11 5 8 20 15 12 3 19 6 16 4 18 9 1 
student 765: 5 14 19 7 10 15 4 3 6 20 8 16 9 17 13 18 1 11 12 2 
student 766: 5 11 3 1 9 14 8 2 6 19 20 17 4 16 10 18 13 7 15 12 
student 767: 7 10 16 1 8 15 9 2 3 20 14 18 6 19 12 13 4 11 17 5 
student 768: 4 19 12 10 8 15 9 1 6 20 11 14 5 17 13 18 2 16 7 3 
student 769: 6 12 15 7 10 4 5 3 9 2 20 14 11 13 17 19 8 18 16 1 
student 770: 7 9 19 11 5 10 2 3 6 17 13 15 8 18 4 16 14 20 12 1 
student 771: 1 11 9 10 12 15 3 7 4 19 17 16 6 18 5 13 8 20 14 2 
student 772: 4 20 16 11 6 15 1 2 9 3 18 14 5 19 8 17 13 10 12 7 
student 773: 2 7 18 16 12 9 3 6 1 20 11 19 4 15 10 13 5 14 17 8 
student 774: 3 15 2 12 11 14 8 6 5 17 19 16 7 13 4 20 9 18 10 1 
student 775: 4 18 19 10 9 2 7 1 12 16 15 14 6 17 11 20 8 5 13 3 
student 776: 2 20 17 10 4 18 11 1 8 15 16 13 6 19 9 7 5 14 12 3 
student 777: 8 13 11 10 9 20 3 7 1 18 15 14 5 16 4 17 6 12 19 2 
student 778: 10 20 13 9 3 15 5 11 2 18 8 12 7 14 4 16 6 19 17 1 
student 779: 7 15 6 13 5 12 1 2 10 18 16 8 3 17 11 19 9 14 20 4 
student 780: 2 15 10 14 7 16 12 6 3 9 17 18 5 19 13 8 11 20 4 1 
student 781: 2 10 9 11 8 14 4 3 5 18 19 16 12 17 7 13 6 15 20 1 
student 782: 5 14 11 4 8 16 18 2 12 20 13 7 3 19 15 9 6 17 10 1 
student 783: 6 15 12 11 2 14 10 4 1 20 18 16 7 13 9 17 5 8 19 3 
student 784: 8 9 14 1 3 18 4 7 11 20 16 13 6 17 5 19 10 12 15 2 
student 785: 13 9 19 7 14 15 5 2 8 16 6 20 4 11 17 10 3 18 12 1 
student 786: 4 11 10 12 3 13 2 1 5 19 9 16 18 17 6 20 7 14 15 8 
student 787: 6 10 15 11 3 13 19 4 5 18 20 9 1 17 12 8 7 14 16 2 
student 788: 6 14 12 5 10 13 3 15 4 20 19 9 1 17 8 11 7 18 16 2 
student 789: 7 12 10 13 6 8 3 11 1 20 14 15 5 16 9 18 4 19 17 2 
student 790: 5 4 7 19 10 9 3 2 16 18 17 8 12 13 11 20 6 15 14 1 
student 791: 7 19 12 6 4 11 5 2 9 15 18 14 8 17 10 13 3 20 16 1 
student 792: 2 13 9 12 11 10 15 1 8 20 17 14 4 18 7 19 6 16 5 3 
student 793: 2 10 9 12 6 13 5 3 7 17 11 19 8 20 1 14 15 16 18 4 
student 794: 1 20 5 12 7 2 9 6 4 14 15 13 10 17 11 19 8 18 16 3 
student 795: 4 11 16 10 5 19 1 3 2 20 14 7 6 18 8 17 15 9 13 12 
student 796: 7 6 11 13 10 14 8 3 2 20 17 18 4 19 12 16 1 9 15 5 
student 797: 3 14 9 11 8 16 12 2 5 20 17 13 6 18 15 19 4 10 7 1 
student 798: 2 10 7 16 14 5 13 3 6 17 18 11 4 20 8 19 12 15 9 1 
student 799: 3 13 15 6 11 7 5 10 4 20 17 14 2 16 12 18 9 8 19 1 
