student 0: 8 17 18 14 11 3 7 16 5 6 9 20 2 10 13 1 15 19 12 4 
student 1: 5 12 10 14 8 4 3 2 1 9 7 15 13 11 18 6 20 19 17 16 
student 2: 2 12 20 15 1 10 4 16 3 6 11 19 14 8 13 18 5 9 17 7 
student 3: 7 20 19 14 9 5 2 16 4 8 13 18 11 12 17 3 1 15 10 6 
student 4: 3 17 18 11 7 4 8 20 5 2 9 16 13 12 10 6 14 15 19 1 
student 5: 2 20 17 13 3 4 7 9 1 12 10 19 15 18 11 5 6 16 8 14 
student 6: 7 9 20 16 1 3 6 15 2 5 14 17 8 18 13 4 11 10 19 12 
student 7: 5 17 18 16 9 1 4 19 3 8 13 15 11 2 20 6 14 12 10 7 
student 8: 3 8 15 14 12 4 17 19 2 20 16 18 11 13 10 1 9 7 6 5 
student 9: 6 15 19 18 5 7 8 20 1 2 11 17 9 4 14 3 13 16 12 10 
student 10: 14 10 13 9 20 5 4 6 2 3 8 12 15 7 11 17 1 19 16 18 
student 11: 5 16 20 11 4 13 2 15 3 12 14 19 9 6 18 7 8 10 17 1 
student 12: 5 17 20 19 3 6 7 18 2 8 15 14 9 13 12 1 11 4 16 10 
student 13: 3 20 18 5 13 4 6 11 8 1 10 17 16 19 7 2 9 15 14 12 
student 14: 1 15 17 14 2 7 8 19 4 12 20 18 3 11 16 6 10 13 9 5 
student 15: 3 17 18 13 2 1 5 15 7 8 14 19 11 6 12 9 20 10 16 4 
student 16: 1 14 20 10 7 3 6 19 5 2 9 18 8 13 11 4 12 16 17 15 
student 17: 3 18 14 13 6 5 2 20 1 4 7 19 8 17 12 9 10 11 16 15 
student 18: 1 16 19 14 6 12 3 20 7 10 11 15 4 17 18 2 8 9 13 5 
student 19: 3 19 18 9 7 5 4 17 10 2 13 20 12 8 16 1 11 14 15 6 
student 20: 8 17 13 18 4 3 1 15 7 9 14 20 6 10 19 2 16 12 11 5 
student 21: 2 16 20 14 3 9 5 6 1 18 13 19 8 10 17 7 11 15 12 4 
student 22: 3 14 17 13 2 5 6 16 4 1 12 19 15 9 20 18 10 8 11 7 
student 23: 5 11 20 19 1 3 2 18 7 15 17 14 4 8 10 16 12 6 13 9 
student 24: 3 11 19 16 9 2 7 20 5 10 4 17 13 15 8 1 12 14 18 6 
student 25: 6 16 18 10 20 3 2 17 9 5 15 19 7 4 14 8 1 13 12 11 
student 26: 6 19 18 14 11 3 7 15 2 8 13 20 10 4 17 1 5 12 16 9 
student 27: 16 19 20 17 2 5 7 13 1 3 10 12 9 4 18 6 11 14 15 8 
student 28: 3 17 18 13 10 1 4 16 6 2 12 20 15 19 14 9 11 8 5 7 
student 29: 1 12 20 16 15 3 9 18 5 4 2 19 14 13 10 8 7 6 17 11 
student 30: 19 8 11 9 17 4 16 15 1 5 6 20 7 18 14 2 10 13 12 3 
student 31: 7 12 15 16 4 10 1 20 5 2 13 18 19 6 11 14 9 17 8 3 
student 32: 5 19 20 8 11 2 4 16 14 6 9 17 7 13 10 18 3 12 15 1 
student 33: 3 13 20 11 9 7 17 19 1 18 2 16 15 6 4 5 14 10 12 8 
student 34: 1 17 18 15 16 19 3 14 2 6 11 20 12 8 13 4 7 10 9 5 
student 35: 16 14 19 11 1 7 3 17 5 6 10 18 9 2 15 12 8 20 13 4 
student 36: 8 18 15 13 12 5 9 14 1 3 20 16 6 7 17 2 4 11 10 19 
student 37: 9 13 17 16 1 3 5 19 7 10 6 18 12 4 20 2 8 15 14 11 
student 38: 2 6 18 12 17 8 4 14 1 16 7 15 3 13 9 10 11 20 5 19 
student 39: 8 15 17 14 6 3 2 19 9 7 16 20 10 4 18 1 11 12 13 5 
student 40: 2 12 20 19 7 1 10 17 3 5 14 18 11 13 16 6 4 15 8 9 
student 41: 6 18 17 10 2 3 5 19 4 8 11 20 16 12 14 1 7 13 9 15 
student 42: 19 15 20 14 16 9 4 7 2 5 6 18 8 10 17 3 13 12 11 1 
student 43: 7 5 14 16 6 1 2 17 4 3 12 20 10 11 18 8 13 15 19 9 
student 44: 8 17 18 9 2 5 3 13 1 19 10 20 6 15 16 7 4 14 11 12 
student 45: 2 15 17 16 7 6 11 20 3 1 18 14 19 13 12 4 10 9 5 8 
student 46: 5 18 19 13 7 1 4 14 2 6 11 16 9 10 20 3 8 17 12 15 
student 47: 4 10 20 16 9 5 7 17 3 6 11 14 18 2 13 1 8 15 19 12 
student 48: 4 17 19 14 15 12 1 18 7 6 3 16 2 11 20 10 5 8 13 9 
student 49: 1 16 20 18 3 5 12 17 4 9 8 15 13 11 19 10 7 14 6 2 
student 50: 10 19 8 15 11 1 7 20 5 3 17 18 4 14 16 12 2 6 9 13 
student 51: 5 16 20 4 6 3 9 19 10 8 15 13 11 2 12 7 14 18 17 1 
student 52: 2 10 18 16 11 7 5 20 1 8 9 13 6 4 17 3 12 19 15 14 
student 53: 2 18 16 12 7 5 9 15 1 3 19 20 13 11 17 14 4 6 10 8 
student 54: 8 10 20 15 4 1 5 19 6 2 16 17 11 7 13 14 12 18 9 3 
student 55: 5 12 11 9 6 1 10 17 4 2 19 18 8 13 20 3 14 15 16 7 
student 56: 3 14 18 6 9 1 8 12 2 7 15 16 20 4 11 5 13 17 19 10 
student 57: 7 15 19 16 8 5 4 17 1 3 14 6 9 11 18 2 10 13 20 12 
student 58: 6 12 17 13 15 8 1 19 3 7 18 20 5 2 10 4 14 9 11 16 
student 59: 2 10 15 18 12 6 4 13 3 9 7 20 16 14 8 1 11 19 17 5 
student 60: 9 8 19 16 4 1 10 14 7 6 20 15 17 11 18 2 13 5 3 12 
student 61: 2 18 11 16 5 1 7 3 12 13 9 20 14 10 19 4 8 17 15 6 
student 62: 1 15 19 17 9 8 5 18 3 4 7 16 11 10 20 6 13 14 12 2 
student 63: 13 7 16 15 17 8 4 19 2 14 12 20 1 5 18 9 11 10 3 6 
student 64: 6 18 19 11 5 1 4 17 2 7 14 16 15 8 10 3 9 13 20 12 
student 65: 5 20 15 8 6 3 4 18 2 19 12 16 7 13 14 1 11 17 10 9 
student 66: 9 15 19 16 14 6 5 13 4 2 18 20 12 17 7 1 10 11 3 8 
student 67: 8 4 20 19 11 7 3 17 5 9 6 18 13 12 14 1 15 16 10 2 
student 68: 3 18 17 11 5 2 13 20 1 4 8 19 14 6 16 12 7 15 9 10 
student 69: 4 11 19 16 6 9 7 15 1 2 8 18 17 5 12 3 14 20 13 10 
student 70: 4 19 2 18 5 14 6 12 3 8 16 17 15 13 9 1 11 10 20 7 
student 71: 4 17 20 16 8 2 5 19 1 3 12 7 11 13 10 6 9 15 18 14 
student 72: 5 11 19 10 9 6 3 17 2 16 14 18 15 7 8 1 13 20 12 4 
student 73: 6 18 19 15 8 1 4 16 3 10 13 20 12 7 17 2 9 14 11 5 
student 74: 2 17 16 9 10 3 7 18 1 6 12 20 4 14 15 5 19 11 13 8 
student 75: 8 17 19 6 3 12 2 15 7 4 13 20 16 10 18 1 11 5 14 9 
student 76: 3 18 19 13 16 1 6 10 5 9 8 20 2 12 17 4 15 11 14 7 
student 77: 1 4 20 12 14 2 3 19 10 9 7 17 6 8 13 5 18 16 11 15 
student 78: 7 17 13 20 4 6 5 18 8 10 16 9 12 2 1 3 11 19 14 15 
student 79: 4 19 20 15 1 5 6 13 2 7 10 18 12 9 14 3 11 17 16 8 
student 80: 17 16 20 13 9 6 4 14 1 2 5 18 15 7 19 8 12 11 10 3 
student 81: 3 17 11 10 9 2 4 14 1 5 12 20 8 13 18 6 19 16 15 7 
student 82: 5 10 17 14 2 4 6 19 1 3 13 20 8 11 18 16 12 15 9 7 
student 83: 12 13 18 15 8 7 4 17 1 5 2 20 14 19 16 3 9 10 11 6 
student 84: 3 16 11 17 8 4 6 18 1 7 10 19 2 9 20 5 14 13 15 12 
student 85: 3 15 17 14 8 7 9 13 1 2 11 19 16 10 12 5 6 18 20 4 
student 86: 7 15 13 8 10 6 14 19 5 2 9 17 3 11 20 1 4 12 18 16 
student 87: 5 14 17 9 10 2 6 16 1 8 15 18 7 11 19 3 12 20 13 4 
student 88: 2 6 17 9 13 8 5 20 1 10 14 19 15 4 18 11 16 12 7 3 
student 89: 4 11 15 19 14 18 3 7 1 12 9 20 13 6 16 8 17 5 10 2 
student 90: 6 15 10 13 11 1 8 18 7 3 12 20 5 4 19 2 17 16 9 14 
student 91: 4 6 10 8 5 9 11 18 3 12 17 20 16 13 15 1 7 14 19 2 
student 92: 6 15 18 12 2 7 8 14 1 13 17 16 11 10 19 9 3 4 20 5 
student 93: 10 16 17 7 13 4 12 18 1 9 11 20 3 15 14 2 8 5 19 6 
student 94: 4 17 7 13 11 3 9 18 2 12 15 19 5 10 20 6 14 8 16 1 
student 95: 1 13 17 7 14 3 4 16 5 9 10 20 11 6 19 12 8 18 15 2 
student 96: 4 17 18 14 2 3 5 12 10 7 11 20 13 9 19 1 6 15 8 16 
student 97: 5 10 13 15 3 1 7 20 2 6 19 18 12 9 17 4 14 16 8 11 
student 98: 4 19 20 16 3 6 5 12 1 8 13 14 11 7 18 2 9 15 10 17 
student 99: 7 14 20 3 10 2 6 17 5 11 13 19 15 4 12 8 9 16 18 1 
student 100: 2 13 12 1 3 4 7 19 5 8 14 18 16 10 17 11 6 20 15 9 
student 101: 3 10 18 15 16 13 1 19 5 8 11 17 9 6 20 2 4 12 14 7 
student 102: 3 16 19 13 2 9 8 20 1 5 11 18 14 12 17 6 10 15 4 7 
student 103: 3 17 16 14 12 1 10 19 11 2 7 20 15 5 18 6 13 4 8 9 
student 104: 4 7 16 17 15 13 5 20 1 6 2 14 18 8 12 3 10 19 11 9 
student 105: 2 14 17 20 5 1 9 18 6 8 4 19 13 11 15 3 12 10 7 16 
student 106: 1 18 13 16 5 2 11 20 7 3 17 15 12 9 19 8 10 6 14 4 
student 107: 11 14 16 15 9 2 6 20 1 8 4 19 10 12 18 5 17 7 13 3 
student 108: 10 15 18 11 13 1 3 17 2 12 16 20 14 5 9 7 6 8 19 4 
student 109: 8 17 20 19 11 2 1 4 6 10 14 15 9 3 18 5 12 13 16 7 
student 110: 2 7 20 16 14 8 4 19 1 6 12 17 10 9 11 3 5 15 18 13 
student 111: 4 19 17 12 13 6 3 16 2 5 15 20 14 11 18 1 9 10 7 8 
student 112: 7 16 15 17 5 8 1 18 4 3 10 20 2 9 19 6 13 14 12 11 
student 113: 2 20 18 11 6 10 4 19 12 7 17 15 8 5 14 1 13 16 9 3 
student 114: 13 17 18 3 6 4 5 12 1 9 15 19 11 2 20 8 7 10 14 16 
student 115: 1 14 18 17 12 7 4 10 2 9 13 16 15 19 20 3 8 11 6 5 
student 116: 4 18 19 11 6 1 5 17 3 10 12 20 9 14 16 2 15 8 13 7 
student 117: 3 4 14 17 2 1 8 16 7 6 12 20 10 9 15 5 18 13 19 11 
student 118: 8 13 19 18 7 1 3 20 2 12 6 16 14 17 11 4 5 9 10 15 
student 119: 7 18 19 15 11 3 9 17 5 13 14 20 10 8 16 6 4 12 2 1 
student 120: 9 18 17 15 6 1 5 20 2 4 7 19 12 10 14 3 16 13 8 11 
student 121: 10 13 15 17 5 4 1 16 3 2 9 20 8 6 19 12 7 18 14 11 
student 122: 7 18 19 13 6 3 1 14 20 5 4 17 11 9 15 10 16 8 12 2 
student 123: 2 3 16 20 7 9 12 17 5 1 13 18 8 14 15 11 6 10 19 4 
student 124: 6 16 19 5 4 1 2 17 3 7 11 20 14 10 13 8 18 12 15 9 
student 125: 5 19 16 18 6 10 3 13 2 4 7 17 11 1 15 9 14 20 12 8 
student 126: 6 13 15 12 8 1 17 18 10 4 5 20 2 9 19 3 11 16 14 7 
student 127: 12 17 20 18 7 4 3 10 6 1 14 9 13 5 16 2 8 19 15 11 
student 128: 7 18 17 13 3 2 8 19 1 6 20 14 11 15 16 5 12 10 9 4 
student 129: 1 17 19 14 7 4 2 18 3 8 9 20 10 6 15 11 16 13 12 5 
student 130: 8 7 16 15 19 2 13 20 1 6 4 17 14 12 18 5 9 11 10 3 
student 131: 10 17 20 12 4 6 1 19 3 7 8 15 18 11 16 2 14 9 13 5 
student 132: 7 18 8 11 15 2 3 16 1 12 14 20 13 9 19 4 10 5 17 6 
student 133: 16 20 18 15 6 5 12 11 2 4 8 19 14 17 13 1 7 10 9 3 
student 134: 4 7 20 14 3 8 5 16 1 10 18 19 13 12 9 2 6 15 17 11 
student 135: 3 14 19 17 8 1 13 18 12 11 10 20 6 9 15 2 7 16 5 4 
student 136: 7 11 20 14 13 2 6 9 1 5 15 19 8 4 17 3 12 18 16 10 
student 137: 1 20 19 18 4 6 3 8 2 5 17 16 11 10 15 9 13 14 12 7 
student 138: 6 18 19 11 10 4 2 16 9 3 14 17 12 1 13 5 8 15 20 7 
student 139: 3 17 19 8 6 4 1 14 11 2 12 18 9 10 16 13 15 20 7 5 
student 140: 5 11 19 13 6 3 8 18 1 4 17 20 9 12 16 2 10 14 15 7 
student 141: 13 9 16 18 3 5 7 19 1 2 17 20 14 8 15 4 10 12 11 6 
student 142: 5 20 19 9 1 8 2 10 3 13 11 17 12 6 18 4 7 14 16 15 
student 143: 7 18 20 12 8 4 2 19 5 3 9 17 6 14 16 1 15 11 13 10 
student 144: 3 13 16 17 2 4 7 18 1 10 5 20 8 11 9 6 14 19 15 12 
student 145: 7 15 20 13 9 2 3 16 4 14 19 18 5 6 8 1 10 17 12 11 
student 146: 4 16 17 14 9 3 5 12 2 1 6 18 20 7 19 10 8 15 13 11 
student 147: 3 17 20 15 4 2 8 18 1 13 7 14 11 16 19 5 10 12 6 9 
student 148: 3 10 19 16 7 1 8 20 9 14 13 18 11 5 17 4 6 12 15 2 
student 149: 9 19 20 14 16 1 8 7 5 4 2 15 12 6 18 3 13 10 17 11 
student 150: 10 13 18 14 9 1 2 20 7 6 4 17 8 12 16 5 11 19 15 3 
student 151: 18 2 19 13 6 3 1 16 5 8 9 20 15 12 14 4 7 10 17 11 
student 152: 4 14 18 1 16 12 3 19 2 5 8 20 9 13 17 10 6 11 15 7 
student 153: 3 18 15 12 7 2 9 13 1 4 6 14 16 8 20 5 17 19 10 11 
student 154: 8 13 17 11 6 5 3 15 1 4 7 19 16 10 18 2 12 20 14 9 
student 155: 1 6 18 12 7 2 4 8 3 9 13 14 16 10 19 5 11 20 17 15 
student 156: 6 20 19 5 3 1 11 17 2 16 8 13 14 9 18 4 10 15 12 7 
student 157: 3 17 19 18 9 1 13 15 2 6 12 20 8 5 14 4 11 10 16 7 
student 158: 16 12 9 18 13 3 2 17 1 6 10 20 8 5 14 4 19 15 7 11 
student 159: 5 18 17 13 7 3 1 19 8 6 12 20 10 4 16 2 9 11 15 14 
student 160: 4 15 18 17 3 1 7 9 2 6 19 20 10 13 16 5 12 14 11 8 
student 161: 8 16 18 10 5 6 7 14 2 1 15 20 13 12 11 4 9 19 17 3 
student 162: 2 14 19 18 3 1 13 15 6 4 7 20 17 9 16 8 10 12 11 5 
student 163: 3 15 13 9 18 7 11 20 4 8 2 16 19 1 12 6 5 17 10 14 
student 164: 15 17 18 9 4 1 2 7 12 3 11 19 13 14 20 10 6 5 16 8 
student 165: 3 9 20 10 2 18 8 13 4 6 16 15 1 11 19 7 14 12 17 5 
student 166: 8 19 16 20 3 4 2 18 1 11 17 5 14 9 12 6 13 15 10 7 
student 167: 5 14 17 16 1 20 6 10 4 3 7 18 19 11 15 2 12 9 13 8 
student 168: 2 13 20 17 6 10 5 14 3 7 11 16 15 4 19 1 18 12 9 8 
student 169: 8 14 17 1 7 3 12 13 2 6 10 19 9 5 20 4 16 18 11 15 
student 170: 9 16 13 11 1 2 12 15 6 8 7 18 10 17 20 19 3 5 14 4 
student 171: 10 11 17 16 12 6 3 20 1 2 4 18 14 9 19 7 13 15 8 5 
student 172: 3 17 20 12 6 7 5 19 4 2 16 13 1 11 18 9 8 15 14 10 
student 173: 2 17 19 1 6 3 8 14 13 15 12 20 18 7 11 5 9 10 16 4 
student 174: 12 16 17 3 8 4 5 13 7 1 18 20 9 2 19 6 10 14 15 11 
student 175: 3 9 19 16 11 8 10 17 1 5 12 20 18 6 15 2 7 13 14 4 
student 176: 1 13 17 10 15 3 2 19 4 6 14 18 7 11 16 5 9 20 12 8 
student 177: 8 19 13 17 5 1 10 11 6 4 14 20 16 12 18 9 3 2 15 7 
student 178: 9 16 18 15 7 3 6 19 2 5 8 20 13 4 14 1 11 10 17 12 
student 179: 11 19 10 12 2 9 3 20 18 1 4 16 15 8 17 7 5 13 6 14 
student 180: 1 14 18 11 2 3 10 16 4 8 6 17 13 5 20 7 12 15 9 19 
student 181: 3 17 20 16 9 2 5 11 1 7 13 18 15 4 19 6 12 10 14 8 
student 182: 5 16 9 12 2 15 3 10 4 8 11 20 7 13 17 1 6 18 14 19 
student 183: 3 11 18 20 17 2 4 13 1 5 14 12 16 8 19 6 9 15 10 7 
student 184: 8 17 18 19 3 2 5 16 7 11 10 20 6 14 12 1 15 13 9 4 
student 185: 8 16 20 12 6 5 13 15 3 2 14 18 9 10 19 7 4 17 1 11 
student 186: 1 17 20 16 3 4 8 19 2 10 15 14 13 12 18 6 9 11 7 5 
student 187: 3 11 19 16 13 2 9 20 1 5 17 10 14 6 7 18 12 15 8 4 
student 188: 11 17 15 14 6 9 7 19 4 5 3 20 13 8 18 1 16 12 10 2 
student 189: 2 3 16 17 10 14 6 15 4 7 13 20 1 9 18 5 19 8 12 11 
student 190: 2 18 20 19 11 1 10 16 3 4 12 17 14 5 13 6 7 15 8 9 
student 191: 7 1 16 3 11 5 13 19 2 9 4 20 12 8 17 6 14 18 15 10 
student 192: 2 17 15 14 7 1 5 20 3 9 10 19 13 12 18 4 8 16 11 6 
student 193: 4 17 14 9 1 15 13 12 3 8 7 19 2 5 18 10 16 20 6 11 
student 194: 13 11 20 17 8 3 10 19 2 7 5 18 12 14 9 1 16 6 4 15 
student 195: 4 10 20 18 1 12 7 15 5 6 3 19 16 11 17 2 14 8 13 9 
student 196: 2 13 20 12 8 3 7 17 1 4 16 19 15 9 14 11 6 10 18 5 
student 197: 7 20 13 16 4 3 6 19 2 10 8 17 11 9 18 1 15 12 14 5 
student 198: 9 4 11 20 7 6 5 17 2 1 14 18 19 8 15 3 10 12 16 13 
student 199: 3 15 13 11 10 5 12 20 2 19 8 16 7 6 17 1 4 18 9 14 
student 200: 4 11 20 9 14 3 10 18 1 7 8 15 6 5 16 2 13 19 17 12 
student 201: 6 12 19 15 8 1 3 18 2 7 11 17 9 5 13 4 16 20 14 10 
student 202: 4 11 16 8 9 2 6 18 15 7 17 13 14 5 20 3 19 1 12 10 
student 203: 1 16 20 17 5 6 3 18 7 2 10 19 13 14 9 8 11 12 15 4 
student 204: 1 7 15 18 6 5 3 9 2 10 13 20 11 12 19 4 14 17 16 8 
student 205: 4 16 11 19 6 1 3 14 2 13 12 20 15 18 5 7 10 9 17 8 
student 206: 5 17 19 12 10 1 2 15 4 7 11 20 18 9 6 3 16 13 14 8 
student 207: 5 19 18 4 6 13 3 16 11 1 9 20 8 15 14 2 10 17 12 7 
student 208: 3 14 20 16 9 1 4 11 6 5 7 18 17 13 12 10 19 8 15 2 
student 209: 2 14 11 9 8 4 13 19 1 6 17 16 12 7 20 5 10 3 18 15 
student 210: 4 16 14 17 9 6 11 20 3 5 8 19 15 7 18 1 10 2 13 12 
student 211: 3 16 19 14 6 1 7 15 8 10 9 18 12 2 11 4 17 13 20 5 
student 212: 4 15 19 14 18 3 5 13 1 8 2 20 9 17 16 7 11 10 12 6 
student 213: 9 16 20 14 13 7 1 18 3 4 12 15 8 6 19 2 17 11 10 5 
student 214: 10 20 17 14 1 7 4 3 6 11 18 19 16 9 12 13 8 15 5 2 
student 215: 3 17 18 15 9 6 2 19 10 4 11 20 13 14 12 1 7 8 16 5 
student 216: 15 16 18 17 13 4 2 19 1 5 7 20 10 12 11 3 6 8 14 9 
student 217: 13 10 17 12 8 5 7 15 2 3 11 20 19 6 18 1 4 9 14 16 
student 218: 15 16 14 13 6 1 4 18 3 10 7 19 2 20 12 8 17 11 5 9 
student 219: 10 18 16 15 7 13 6 17 2 3 5 12 11 4 19 1 8 14 20 9 
student 220: 5 18 20 17 3 2 12 15 1 7 10 19 9 8 14 4 11 13 16 6 
student 221: 3 16 13 20 4 1 7 19 2 14 12 18 6 8 17 10 5 11 15 9 
student 222: 9 6 18 14 1 2 8 15 5 7 13 20 3 4 16 11 12 19 17 10 
student 223: 3 14 17 16 6 2 9 5 1 7 10 19 18 12 20 4 8 13 11 15 
student 224: 11 15 20 18 5 2 10 12 3 1 8 16 13 6 9 19 7 17 14 4 
student 225: 1 6 16 17 7 10 8 19 3 5 15 20 18 14 13 12 9 2 11 4 
student 226: 3 19 20 18 15 1 9 17 2 13 5 11 16 14 7 4 6 10 12 8 
student 227: 10 14 16 7 3 6 1 17 15 4 18 19 13 9 12 2 8 20 11 5 
student 228: 1 16 17 13 2 8 11 15 3 12 18 20 4 7 14 5 9 10 19 6 
student 229: 2 16 17 20 11 3 4 15 5 9 12 19 7 14 18 1 10 13 6 8 
student 230: 3 15 18 20 12 8 7 16 2 1 13 17 11 5 10 4 6 9 19 14 
student 231: 7 20 16 10 4 1 6 19 2 11 12 18 13 8 17 3 5 15 14 9 
student 232: 10 11 20 18 8 6 3 19 5 2 12 16 17 15 4 13 9 7 14 1 
student 233: 4 15 10 19 9 2 6 16 1 7 12 18 13 3 14 8 5 20 17 11 
student 234: 15 11 16 14 9 5 6 18 2 12 17 20 13 8 10 7 4 3 19 1 
student 235: 11 4 20 18 8 2 7 16 12 15 6 19 9 17 14 1 3 10 13 5 
student 236: 5 16 10 15 3 2 7 17 6 1 11 19 12 13 20 4 9 18 14 8 
student 237: 2 15 17 19 9 4 11 14 3 7 8 1 6 12 13 5 10 18 16 20 
student 238: 7 16 17 15 6 5 4 20 3 1 14 19 12 9 8 2 10 18 13 11 
student 239: 5 11 19 14 8 6 2 17 4 3 12 20 13 7 15 1 10 9 18 16 
student 240: 2 16 12 14 3 6 5 19 1 4 13 17 11 10 20 8 7 9 18 15 
student 241: 4 18 10 20 1 2 11 9 3 15 6 17 14 12 19 7 5 16 13 8 
student 242: 16 17 18 5 10 1 2 15 7 6 12 19 8 9 11 4 20 13 14 3 
student 243: 7 17 19 12 1 2 10 13 6 4 18 20 16 5 14 9 15 11 8 3 
student 244: 9 12 20 15 13 18 3 14 8 10 11 17 2 1 19 6 4 5 16 7 
student 245: 2 16 17 15 7 4 6 9 3 8 14 18 10 13 20 1 12 19 5 11 
student 246: 5 19 17 20 2 1 3 14 8 16 9 15 4 7 11 6 10 12 18 13 
student 247: 3 20 15 13 4 8 2 18 5 1 16 17 12 6 14 19 7 10 11 9 
student 248: 8 16 15 14 5 1 4 18 3 2 9 17 13 10 12 6 11 19 20 7 
student 249: 11 17 19 6 5 3 1 18 2 8 15 20 16 12 13 4 14 9 7 10 
student 250: 5 10 20 16 7 6 9 17 3 2 1 19 12 14 13 4 15 18 8 11 
student 251: 2 16 18 12 7 14 4 19 1 6 8 20 9 10 17 3 5 15 11 13 
student 252: 7 20 19 17 1 3 4 10 6 2 14 16 11 9 12 13 8 18 15 5 
student 253: 4 18 20 16 9 2 3 8 1 11 12 17 14 10 19 7 6 13 15 5 
student 254: 4 15 20 13 8 6 17 16 1 5 11 19 14 7 18 3 10 9 12 2 
student 255: 3 16 20 18 6 5 8 14 1 4 17 19 12 13 15 2 10 11 9 7 
student 256: 6 16 18 15 4 8 10 20 1 2 11 17 13 5 19 3 7 12 14 9 
student 257: 6 19 8 20 5 11 7 17 2 1 12 18 10 15 9 3 4 16 13 14 
student 258: 3 14 18 13 6 1 2 20 4 5 19 17 15 10 8 16 9 12 11 7 
student 259: 7 9 20 16 18 6 8 17 3 4 14 19 13 1 15 2 10 5 11 12 
student 260: 15 20 16 5 11 4 7 18 9 2 10 17 1 6 14 13 19 12 8 3 
student 261: 5 19 18 16 9 8 6 17 1 12 15 20 13 11 3 2 10 14 7 4 
student 262: 5 17 20 10 7 2 6 16 1 3 14 19 4 9 18 13 11 12 15 8 
student 263: 11 9 19 20 14 3 5 18 2 1 8 16 10 17 13 4 15 12 6 7 
student 264: 5 16 18 13 8 4 3 20 2 10 9 14 6 7 15 19 1 17 12 11 
student 265: 8 20 19 13 4 5 6 16 2 3 12 18 7 9 17 1 10 14 15 11 
student 266: 3 14 18 17 4 15 6 20 10 5 7 19 13 16 12 1 2 8 9 11 
student 267: 11 12 18 20 4 5 2 17 1 6 16 19 7 15 14 3 13 9 8 10 
student 268: 7 16 20 19 9 4 6 12 2 8 13 17 15 10 18 5 1 11 14 3 
student 269: 7 11 18 16 17 2 4 19 1 5 20 12 14 9 10 3 6 15 13 8 
student 270: 3 17 20 15 11 19 4 16 1 10 12 18 5 8 14 6 7 13 2 9 
student 271: 6 10 16 9 2 1 14 18 3 4 12 20 15 13 17 5 11 19 7 8 
student 272: 4 14 18 13 11 2 6 20 1 3 10 17 12 9 19 7 8 15 16 5 
student 273: 4 18 19 17 5 8 10 12 1 3 14 20 13 6 16 2 7 11 15 9 
student 274: 3 12 16 17 10 5 1 19 4 7 15 20 14 6 9 2 13 18 11 8 
student 275: 7 14 18 11 8 1 3 15 6 4 19 20 16 12 17 2 10 13 5 9 
student 276: 5 18 12 19 11 2 1 15 4 6 17 20 14 10 16 3 13 9 8 7 
student 277: 3 11 15 16 4 2 5 19 12 8 17 20 14 9 18 1 13 7 10 6 
student 278: 14 12 20 13 2 9 1 10 3 6 15 18 11 8 16 4 7 17 19 5 
student 279: 13 10 20 11 7 9 1 18 2 8 4 16 14 17 19 3 6 5 15 12 
student 280: 3 11 19 14 12 5 6 20 1 8 15 18 13 9 16 2 4 10 17 7 
student 281: 7 18 20 13 15 5 3 17 2 8 1 19 9 6 11 16 4 12 14 10 
student 282: 6 13 16 18 7 4 10 19 1 2 17 20 9 14 15 3 5 8 11 12 
student 283: 7 18 17 6 1 5 11 19 2 15 16 12 13 3 20 4 9 10 14 8 
student 284: 11 17 19 10 6 2 3 16 1 5 14 13 7 4 9 12 8 15 20 18 
student 285: 7 18 12 14 8 3 4 19 5 15 13 17 11 6 9 1 16 10 20 2 
student 286: 4 18 20 14 2 6 10 16 5 7 13 19 8 17 15 3 11 12 9 1 
student 287: 5 17 19 9 2 6 12 18 1 7 15 20 8 10 11 3 13 14 16 4 
student 288: 8 18 16 11 1 3 10 20 7 6 14 19 13 4 17 9 5 12 15 2 
student 289: 3 13 19 18 16 4 6 7 2 11 10 20 17 14 12 8 1 9 15 5 
student 290: 12 14 20 10 3 6 7 8 4 1 15 18 13 11 17 2 9 16 19 5 
student 291: 10 17 19 16 5 8 1 20 6 2 13 15 11 7 18 3 9 14 12 4 
student 292: 4 16 11 20 8 1 12 18 9 5 15 13 10 6 19 2 14 17 7 3 
student 293: 3 14 11 16 12 9 4 19 7 1 10 15 8 13 20 2 6 18 17 5 
student 294: 1 18 14 11 15 2 12 17 6 5 8 19 16 7 13 3 9 10 20 4 
student 295: 6 16 19 1 11 3 7 18 5 8 2 20 17 9 15 4 10 13 14 12 
student 296: 8 17 20 16 5 3 4 18 1 6 13 15 9 10 14 2 7 12 19 11 
student 297: 4 16 18 17 6 1 5 13 2 10 11 20 12 7 9 19 8 3 14 15 
student 298: 3 18 6 19 5 1 2 20 4 7 14 17 9 11 16 13 8 15 10 12 
student 299: 1 15 17 16 6 3 8 14 7 2 12 18 19 4 20 5 9 11 13 10 
student 300: 6 20 10 15 12 8 16 13 1 2 11 19 4 7 17 3 5 9 18 14 
student 301: 2 18 19 13 9 6 7 12 3 4 15 20 14 11 16 1 10 17 8 5 
student 302: 6 9 15 13 2 7 3 19 8 10 4 18 11 1 17 12 16 20 14 5 
student 303: 1 6 17 19 16 9 8 20 10 5 12 18 4 11 14 3 13 15 7 2 
student 304: 4 19 16 7 9 3 8 18 1 14 10 11 13 5 20 2 15 6 17 12 
student 305: 2 9 17 14 4 1 3 12 6 13 8 20 11 15 18 7 10 19 16 5 
student 306: 5 10 15 16 8 1 2 19 13 9 6 18 17 11 12 4 20 14 7 3 
student 307: 5 13 19 11 17 4 2 9 7 1 8 20 15 3 16 6 10 14 18 12 
student 308: 2 8 19 12 1 3 4 13 9 10 5 14 18 16 15 7 6 11 20 17 
student 309: 4 20 16 10 6 1 5 17 3 7 11 19 18 8 15 2 14 13 9 12 
student 310: 4 17 16 18 11 3 5 6 1 9 10 14 8 2 19 7 15 20 13 12 
student 311: 1 19 18 16 8 2 6 14 3 7 13 17 12 11 20 4 10 15 9 5 
student 312: 6 4 18 19 7 3 5 15 1 8 13 20 16 9 17 2 10 11 14 12 
student 313: 1 12 19 11 2 3 7 20 5 10 16 9 4 8 18 6 15 17 13 14 
student 314: 13 7 20 14 10 12 8 17 6 4 11 19 2 5 16 9 3 15 18 1 
student 315: 10 17 12 19 5 9 4 11 1 15 2 18 13 7 20 6 8 16 14 3 
student 316: 5 17 20 19 6 4 1 18 7 8 10 14 2 9 15 3 13 11 16 12 
student 317: 20 18 19 13 7 2 1 11 5 8 4 17 15 9 14 10 6 16 12 3 
student 318: 4 18 17 7 3 11 2 20 1 8 6 16 10 13 5 9 19 15 14 12 
student 319: 3 17 20 2 10 5 1 18 4 15 9 16 11 14 19 6 13 12 7 8 
student 320: 7 18 17 19 12 2 11 10 3 9 16 6 15 8 20 5 4 14 13 1 
student 321: 3 20 14 16 5 2 4 15 1 6 11 19 10 9 17 7 12 13 18 8 
student 322: 10 20 14 13 9 1 3 18 2 4 15 17 6 8 19 5 7 16 11 12 
student 323: 4 16 17 14 5 3 8 15 1 6 13 19 11 10 18 2 12 9 20 7 
student 324: 2 18 15 13 9 8 3 19 4 6 12 20 14 5 17 16 7 10 11 1 
student 325: 15 11 2 13 3 1 7 16 5 8 14 19 9 10 20 6 12 17 18 4 
student 326: 2 7 20 8 9 6 5 13 4 3 16 18 12 14 11 1 15 17 19 10 
student 327: 7 19 15 10 3 2 6 18 1 9 11 20 12 8 17 5 13 14 16 4 
student 328: 1 17 19 11 8 3 7 16 5 9 6 18 13 4 15 2 10 20 14 12 
student 329: 8 11 17 19 4 13 6 15 2 5 7 16 12 10 20 1 9 14 3 18 
student 330: 5 20 15 17 6 1 7 14 3 9 11 19 12 8 16 2 13 18 10 4 
student 331: 11 19 20 15 8 2 10 18 3 7 17 16 5 9 14 1 6 13 12 4 
student 332: 19 6 17 7 2 3 11 20 1 8 13 18 14 10 12 4 5 15 16 9 
student 333: 4 19 18 14 3 11 8 13 1 6 12 20 9 10 16 2 5 17 15 7 
student 334: 6 18 12 14 7 11 1 16 8 3 13 19 15 9 20 2 4 17 10 5 
student 335: 10 12 13 15 5 7 2 17 1 11 18 20 9 4 16 3 19 6 14 8 
student 336: 5 18 13 14 9 4 1 19 3 12 10 20 17 7 8 2 15 11 16 6 
student 337: 1 13 17 14 4 3 2 12 5 8 18 19 9 7 15 11 6 20 10 16 
student 338: 6 15 18 19 11 3 5 16 1 12 14 20 8 7 13 2 10 9 17 4 
student 339: 9 13 20 16 7 1 3 17 6 10 4 18 11 12 14 2 5 19 8 15 
student 340: 12 20 16 5 2 13 3 18 4 8 14 10 6 17 9 1 7 15 19 11 
student 341: 7 11 12 16 8 1 5 19 2 3 9 20 15 6 17 4 14 18 10 13 
student 342: 6 17 20 19 7 5 2 16 1 3 13 12 4 10 15 8 18 14 9 11 
student 343: 5 16 20 15 1 9 10 18 2 12 14 19 8 4 6 3 13 17 11 7 
student 344: 12 2 18 16 19 10 3 9 1 5 13 20 15 8 14 6 7 17 11 4 
student 345: 5 10 18 11 7 2 17 15 1 8 12 19 3 6 16 4 9 14 20 13 
student 346: 7 10 14 13 4 1 5 20 2 9 17 18 19 11 12 3 15 16 8 6 
student 347: 5 15 19 13 7 4 8 17 2 12 11 3 10 18 20 6 1 14 9 16 
student 348: 7 6 18 13 10 9 5 16 4 3 17 15 11 12 14 1 8 19 20 2 
student 349: 3 16 15 12 6 4 2 19 1 5 10 20 9 7 18 8 14 17 11 13 
student 350: 4 19 20 11 5 6 7 18 10 2 8 14 17 13 12 15 3 9 16 1 
student 351: 5 19 15 12 13 1 4 14 8 2 10 18 11 9 20 3 7 17 16 6 
student 352: 8 20 17 15 2 1 11 12 6 5 7 18 3 9 14 10 16 4 13 19 
student 353: 7 17 5 8 9 3 6 20 1 13 15 19 2 10 16 4 14 11 12 18 
student 354: 7 19 17 18 12 4 1 15 2 8 14 20 6 13 3 5 11 16 10 9 
student 355: 3 18 12 14 16 5 8 10 1 4 17 19 13 9 20 2 7 15 11 6 
student 356: 5 13 19 16 4 3 15 17 2 9 8 20 7 14 18 6 10 11 12 1 
student 357: 4 16 15 20 12 9 6 18 2 3 7 19 1 10 5 8 13 11 14 17 
student 358: 6 17 18 10 13 4 11 20 9 14 19 15 7 12 8 2 1 3 5 16 
student 359: 5 16 12 20 10 6 7 4 1 14 8 18 11 3 19 2 17 15 13 9 
student 360: 9 15 18 11 4 1 6 14 10 5 8 17 16 3 7 2 12 19 20 13 
student 361: 5 16 18 14 3 6 2 11 4 12 10 19 7 17 20 1 13 15 8 9 
student 362: 5 14 19 13 6 2 7 17 3 4 12 20 9 11 16 1 8 18 15 10 
student 363: 4 20 17 14 13 9 10 11 3 2 16 18 6 5 19 1 7 12 15 8 
student 364: 3 17 19 16 10 12 4 14 2 8 9 20 5 15 18 1 13 11 7 6 
student 365: 3 18 20 6 5 2 9 17 1 10 13 19 7 15 14 4 8 12 16 11 
student 366: 9 7 16 5 6 8 1 13 20 3 4 17 11 12 15 2 19 18 14 10 
student 367: 2 13 20 11 12 3 4 17 7 8 9 18 16 5 19 1 14 6 15 10 
student 368: 4 13 18 5 12 10 6 19 1 3 17 14 16 9 20 2 11 8 15 7 
student 369: 9 17 19 4 7 2 12 16 3 10 6 20 15 11 18 5 1 8 13 14 
student 370: 4 17 13 6 3 1 7 14 2 12 10 16 8 15 20 9 19 18 11 5 
student 371: 3 17 8 20 5 2 13 19 1 10 15 11 12 14 9 6 4 18 16 7 
student 372: 3 12 13 17 5 6 19 16 1 4 7 20 2 9 18 8 14 15 11 10 
student 373: 8 5 20 17 10 2 7 13 1 4 12 14 19 9 11 3 16 18 15 6 
student 374: 6 9 19 11 3 5 15 20 2 1 13 18 10 17 16 8 7 14 4 12 
student 375: 1 16 18 19 7 2 11 20 4 5 14 17 10 9 15 3 6 13 12 8 
student 376: 6 8 18 14 19 9 1 16 7 3 15 20 2 11 13 5 10 12 17 4 
student 377: 1 19 14 20 9 16 7 18 3 4 17 15 10 2 13 5 12 11 8 6 
student 378: 6 17 20 16 8 4 7 15 2 3 13 10 5 9 18 1 14 19 11 12 
student 379: 6 16 12 9 1 8 10 18 2 4 7 20 15 3 19 5 11 14 17 13 
student 380: 2 17 20 11 3 1 4 15 14 5 13 12 6 16 18 10 9 19 8 7 
student 381: 12 16 18 17 11 1 5 19 3 6 9 15 13 7 20 2 10 8 14 4 
student 382: 4 14 20 11 13 8 2 19 3 10 16 18 7 6 12 1 9 15 5 17 
student 383: 6 17 20 12 3 4 8 18 1 11 15 14 7 9 16 2 5 13 19 10 
student 384: 2 16 18 11 1 13 15 20 3 4 5 19 7 12 14 9 10 17 8 6 
student 385: 8 19 18 17 15 1 5 16 3 6 11 20 9 2 13 4 14 10 12 7 
student 386: 9 19 13 6 17 5 10 16 11 1 18 15 12 4 14 2 7 20 8 3 
student 387: 12 8 16 17 7 4 9 20 5 19 11 15 18 3 10 6 13 2 14 1 
student 388: 2 13 20 14 4 3 6 17 1 18 15 16 11 5 19 10 8 9 12 7 
student 389: 4 15 16 19 10 2 3 20 1 7 14 12 6 13 11 5 17 18 9 8 
student 390: 2 13 11 19 4 1 3 7 5 16 6 18 8 12 20 9 10 17 14 15 
student 391: 12 19 20 17 3 2 5 11 1 6 10 15 13 7 18 4 9 16 14 8 
student 392: 4 10 15 19 2 6 7 18 1 11 12 9 5 14 16 3 8 17 20 13 
student 393: 10 15 17 18 16 1 3 14 2 6 7 19 4 8 20 11 5 13 9 12 
student 394: 1 17 20 13 6 3 10 19 8 4 11 16 7 14 18 2 9 15 12 5 
student 395: 10 14 9 17 3 7 12 20 5 13 11 19 6 1 18 4 8 15 16 2 
student 396: 2 13 20 8 12 5 4 18 1 3 17 14 11 16 15 7 9 6 19 10 
student 397: 1 13 20 16 15 11 9 18 4 5 19 14 12 8 17 2 3 6 10 7 
student 398: 9 15 18 14 6 3 1 12 2 4 13 17 11 10 19 8 7 16 20 5 
student 399: 3 13 18 16 5 2 7 14 4 12 11 6 8 1 17 10 20 19 15 9 
student 400: 3 18 19 14 6 4 1 15 2 5 12 17 9 11 20 8 7 16 13 10 
student 401: 5 18 19 17 16 2 8 14 9 3 12 20 4 6 10 1 11 13 15 7 
student 402: 9 17 19 16 7 6 1 13 3 2 11 18 4 8 15 5 10 20 14 12 
student 403: 5 14 18 17 8 9 10 16 1 2 15 19 11 6 20 3 7 12 13 4 
student 404: 20 18 16 15 4 2 3 11 1 9 5 17 6 12 8 7 13 14 19 10 
student 405: 4 15 16 12 10 9 1 20 6 7 18 19 14 8 17 2 3 13 5 11 
student 406: 4 15 18 19 5 1 3 14 6 8 7 20 13 9 16 2 11 17 12 10 
student 407: 2 13 18 16 9 4 7 20 1 6 5 19 10 17 14 3 15 8 12 11 
student 408: 4 19 20 12 10 6 1 11 2 13 16 14 3 8 18 7 5 9 17 15 
student 409: 5 14 16 17 8 9 11 13 1 12 15 18 7 10 20 6 2 19 4 3 
student 410: 3 14 19 20 11 4 2 17 1 8 18 7 10 6 15 5 12 13 16 9 
student 411: 10 16 15 14 3 9 7 17 8 2 13 20 6 1 19 5 18 12 11 4 
student 412: 3 20 13 19 1 5 7 16 4 2 17 15 14 10 9 11 8 18 12 6 
student 413: 1 8 20 14 7 3 9 19 2 15 11 18 10 5 16 4 6 13 12 17 
student 414: 7 18 4 13 14 2 9 20 5 10 11 16 8 1 19 6 12 15 17 3 
student 415: 1 17 20 12 6 8 4 19 3 14 18 15 9 7 16 2 10 11 13 5 
student 416: 3 19 14 17 18 2 4 10 1 5 7 20 8 12 16 13 6 11 15 9 
student 417: 3 13 18 8 5 7 11 14 2 10 19 20 6 17 16 1 12 15 9 4 
student 418: 4 15 7 12 8 2 5 13 1 17 18 20 3 9 16 10 19 14 11 6 
student 419: 1 17 18 16 2 4 7 19 6 5 8 15 3 14 20 10 9 11 12 13 
student 420: 4 17 19 18 13 3 6 20 2 15 10 11 1 5 14 7 8 16 9 12 
student 421: 5 17 18 14 6 4 3 13 8 1 20 19 11 9 16 2 12 15 10 7 
student 422: 6 14 18 15 8 3 4 19 1 16 11 20 10 7 17 2 5 13 12 9 
student 423: 2 12 20 14 15 4 3 18 13 9 8 6 10 7 17 1 5 11 16 19 
student 424: 8 14 18 19 15 1 10 9 2 3 5 16 17 6 7 4 12 11 20 13 
student 425: 3 16 10 15 17 5 6 19 1 2 12 18 11 8 20 7 4 14 13 9 
student 426: 2 16 19 14 4 7 9 20 3 6 15 18 5 12 17 1 10 11 13 8 
student 427: 2 13 20 17 5 16 7 19 4 18 12 14 15 3 10 1 9 11 6 8 
student 428: 4 17 19 13 8 1 3 14 6 2 9 20 11 5 18 16 10 7 15 12 
student 429: 6 16 14 15 1 4 11 20 2 9 13 17 7 10 12 5 8 19 18 3 
student 430: 3 13 16 18 5 1 15 19 6 4 11 17 10 9 14 2 8 20 12 7 
student 431: 6 15 20 14 2 4 3 19 5 1 13 9 16 7 18 10 11 17 12 8 
student 432: 8 17 20 9 7 16 2 6 5 14 11 19 1 13 4 3 10 18 12 15 
student 433: 7 18 11 14 10 3 5 15 2 8 16 20 9 4 19 1 17 13 12 6 
student 434: 4 16 18 8 7 2 5 20 1 6 10 17 14 9 13 3 15 19 11 12 
student 435: 1 9 13 18 16 2 6 10 4 12 5 17 14 7 20 3 11 15 19 8 
student 436: 8 14 17 10 5 1 15 19 2 11 9 20 13 3 18 6 12 7 16 4 
student 437: 6 13 14 10 9 4 5 20 3 7 11 18 16 8 19 1 2 17 15 12 
student 438: 4 17 16 10 3 1 9 18 13 6 12 15 19 8 20 7 2 5 11 14 
student 439: 6 11 14 2 9 8 3 20 4 7 5 17 12 19 15 16 18 10 13 1 
student 440: 2 18 15 6 4 1 9 20 3 5 7 19 10 17 14 8 12 13 16 11 
student 441: 11 15 19 13 7 1 6 17 4 2 16 10 14 8 18 3 9 5 20 12 
student 442: 3 15 17 19 8 6 10 12 4 5 18 20 14 7 9 1 13 16 11 2 
student 443: 1 17 18 15 12 5 6 19 3 4 8 20 11 10 14 7 2 9 16 13 
student 444: 9 14 18 10 11 5 6 15 3 1 13 19 8 4 16 2 20 12 17 7 
student 445: 3 11 18 14 13 5 10 17 9 12 8 20 1 6 15 4 2 16 19 7 
student 446: 7 12 20 17 5 1 3 18 6 2 19 16 13 10 14 8 4 11 9 15 
student 447: 6 20 16 11 7 9 4 14 3 8 19 12 10 5 18 1 2 15 13 17 
student 448: 11 15 20 13 6 3 2 17 1 14 5 19 18 16 7 4 12 10 8 9 
student 449: 4 16 17 20 8 7 6 11 1 3 14 18 5 10 19 9 13 12 2 15 
student 450: 9 6 18 14 7 2 3 20 1 8 15 17 19 12 11 5 13 4 16 10 
student 451: 9 12 17 6 3 7 10 16 2 8 14 20 18 11 19 4 1 15 13 5 
student 452: 4 14 15 19 17 3 6 12 1 7 9 18 13 10 16 2 11 20 8 5 
student 453: 10 17 20 16 11 3 9 18 6 8 12 19 7 1 14 4 2 13 15 5 
student 454: 2 20 19 16 6 5 9 18 3 7 10 11 12 8 13 4 17 15 14 1 
student 455: 14 13 11 9 8 1 7 16 3 2 15 20 4 10 19 18 5 17 12 6 
student 456: 4 20 16 14 5 3 6 18 17 7 10 19 13 2 12 1 9 15 11 8 
student 457: 6 20 19 17 7 1 3 15 9 2 13 8 12 11 18 4 10 16 14 5 
student 458: 9 19 20 12 4 2 6 13 10 5 14 18 7 11 15 1 8 17 16 3 
student 459: 3 17 20 16 6 2 8 18 4 1 12 19 11 13 15 5 10 14 9 7 
student 460: 4 14 19 16 6 2 9 15 1 18 7 20 12 5 17 3 10 13 11 8 
student 461: 5 15 20 12 9 4 3 16 11 2 10 19 14 17 13 1 8 6 18 7 
student 462: 9 20 19 8 4 6 3 14 5 2 16 18 10 17 11 1 7 15 13 12 
student 463: 11 13 16 7 4 10 9 19 5 2 6 20 3 18 15 1 14 17 12 8 
student 464: 4 14 18 19 10 3 6 16 1 8 17 20 11 12 13 7 5 9 15 2 
student 465: 3 14 17 12 8 1 4 11 2 6 9 19 13 10 18 7 16 15 20 5 
student 466: 6 17 19 11 9 2 5 7 3 1 10 20 12 15 18 4 13 14 16 8 
student 467: 5 16 18 12 4 3 8 14 1 10 9 20 6 7 13 2 15 17 19 11 
student 468: 3 15 13 19 7 4 6 16 2 14 18 8 11 5 10 17 9 20 12 1 
student 469: 3 12 20 18 7 4 6 17 2 5 14 19 11 13 15 9 1 16 8 10 
student 470: 3 19 10 13 8 7 12 20 1 9 15 11 14 6 17 5 4 18 16 2 
student 471: 5 18 16 15 8 4 7 20 1 3 14 10 13 11 19 2 12 9 17 6 
student 472: 8 12 4 18 11 7 10 19 3 5 14 20 17 9 15 13 6 2 16 1 
student 473: 3 16 20 15 12 10 7 18 1 4 5 19 13 6 11 2 14 17 9 8 
student 474: 8 18 19 11 5 2 4 13 3 6 10 20 9 7 16 1 17 12 15 14 
student 475: 5 15 12 19 3 6 4 10 1 8 9 20 17 13 14 2 11 18 16 7 
student 476: 5 16 13 20 1 2 8 18 7 10 15 19 9 4 12 6 11 17 14 3 
student 477: 6 19 17 10 1 4 8 12 3 16 11 15 14 13 20 2 7 18 9 5 
student 478: 1 15 13 20 6 9 3 17 5 2 11 19 7 12 18 4 14 16 10 8 
student 479: 3 13 15 17 5 4 8 18 1 9 7 20 19 10 12 2 16 14 11 6 
student 480: 3 13 20 19 1 5 4 11 6 10 16 18 9 15 17 7 12 14 2 8 
student 481: 7 15 16 19 5 8 4 17 2 3 13 20 11 9 18 1 12 10 14 6 
student 482: 5 16 19 8 11 3 4 20 1 7 18 15 14 2 17 9 12 13 6 10 
student 483: 14 20 15 18 3 4 6 5 16 9 11 19 2 1 17 7 8 12 10 13 
student 484: 6 11 17 15 8 5 3 14 4 12 9 19 13 7 10 2 1 18 16 20 
student 485: 3 16 19 13 6 2 4 18 1 5 11 20 14 12 17 10 8 15 9 7 
student 486: 6 20 14 17 13 4 10 18 2 7 19 5 12 3 16 1 11 9 15 8 
student 487: 6 19 17 12 11 1 3 18 4 2 14 20 15 8 10 5 7 13 16 9 
student 488: 3 19 20 18 1 4 5 17 7 14 9 15 2 10 16 8 12 13 11 6 
student 489: 2 16 17 8 7 5 4 9 3 11 20 19 12 6 13 1 10 15 18 14 
student 490: 7 20 17 11 9 3 6 14 1 4 8 18 15 2 16 12 10 13 19 5 
student 491: 5 16 17 19 13 3 20 18 1 8 7 15 11 6 10 4 2 9 14 12 
student 492: 5 8 12 11 18 2 16 20 1 7 6 17 9 4 14 13 3 19 15 10 
student 493: 7 5 16 15 9 2 3 20 1 4 10 18 14 8 17 6 12 19 13 11 
student 494: 4 14 15 12 8 2 7 19 1 3 17 18 11 10 20 16 6 5 13 9 
student 495: 2 15 19 12 10 3 7 14 4 5 18 20 13 9 16 1 6 11 8 17 
student 496: 5 1 13 20 9 3 7 15 2 12 16 17 10 18 11 14 8 19 4 6 
student 497: 2 18 10 15 4 8 7 19 1 13 12 20 17 16 14 5 11 9 6 3 
student 498: 1 14 20 17 4 7 10 13 2 8 15 19 5 6 16 9 12 11 18 3 
student 499: 2 5 19 14 4 8 1 20 6 17 7 18 11 9 15 10 3 16 12 13 
student 500: 4 14 12 9 6 1 11 19 2 8 5 20 13 7 16 15 10 18 17 3 
student 501: 4 18 13 15 3 17 11 9 8 1 10 19 14 2 16 12 6 20 5 7 
student 502: 8 5 20 19 4 2 6 16 1 7 11 10 15 13 12 3 17 18 14 9 
student 503: 13 18 17 12 15 4 1 19 5 9 7 20 8 2 11 6 3 16 14 10 
student 504: 7 12 8 17 2 5 6 19 3 1 11 18 16 15 20 4 13 14 9 10 
student 505: 7 16 20 19 11 4 3 9 12 15 2 17 8 5 14 10 13 18 6 1 
student 506: 1 8 19 15 5 3 7 17 2 6 9 20 16 11 14 4 10 18 13 12 
student 507: 2 16 11 13 8 1 4 12 5 3 9 20 6 19 18 7 15 17 10 14 
student 508: 6 10 19 17 2 4 11 20 5 3 8 15 9 7 13 1 14 16 12 18 
student 509: 3 20 11 7 15 1 6 19 2 14 17 16 4 5 18 8 9 12 13 10 
student 510: 4 15 20 13 11 2 10 16 3 8 14 19 9 5 18 1 7 17 6 12 
student 511: 2 7 15 13 10 3 8 19 4 9 12 18 20 6 16 1 14 17 5 11 
student 512: 4 15 17 5 7 1 13 20 2 6 12 10 16 14 9 3 11 18 19 8 
student 513: 10 16 20 11 2 3 6 18 1 15 13 19 12 7 17 5 4 8 14 9 
student 514: 1 16 20 12 10 6 4 18 3 17 11 14 5 9 13 8 7 19 15 2 
student 515: 2 7 14 17 9 1 6 19 3 8 11 20 5 4 18 16 10 15 13 12 
student 516: 5 12 19 17 6 3 7 1 8 4 10 18 13 11 20 2 16 14 15 9 
student 517: 8 13 18 15 12 3 7 17 1 2 10 19 9 20 16 4 5 11 14 6 
student 518: 9 10 19 11 2 5 18 16 3 17 15 20 4 1 13 6 8 12 14 7 
student 519: 4 15 19 20 13 2 8 16 3 6 12 18 17 9 14 1 7 10 5 11 
student 520: 5 12 17 19 2 4 8 10 1 3 6 14 20 13 16 7 18 15 11 9 
student 521: 5 18 17 16 7 1 3 20 6 4 12 19 10 9 8 2 11 15 14 13 
student 522: 10 5 19 14 13 2 15 16 1 6 11 20 9 8 18 17 7 12 4 3 
student 523: 4 13 12 9 5 2 7 15 1 8 19 11 14 3 18 6 10 20 16 17 
student 524: 8 15 12 18 4 1 7 17 3 2 19 10 5 16 20 6 13 9 14 11 
student 525: 8 13 19 7 9 2 4 11 3 15 1 16 14 10 18 6 12 20 17 5 
student 526: 7 9 14 15 12 4 8 17 2 13 11 19 20 5 18 1 10 16 6 3 
student 527: 3 19 20 14 11 7 15 18 5 2 12 16 8 13 17 4 6 9 10 1 
student 528: 5 11 20 17 8 4 10 19 3 7 15 16 14 9 18 1 2 12 13 6 
student 529: 8 15 16 19 9 2 5 17 1 3 14 18 6 10 20 7 11 13 12 4 
student 530: 13 19 16 8 7 2 12 20 1 4 3 9 11 6 18 5 17 14 10 15 
student 531: 4 16 15 18 8 9 5 11 3 7 13 12 14 2 17 1 6 20 19 10 
student 532: 8 12 18 14 7 1 4 10 2 5 11 13 20 9 16 3 15 19 17 6 
student 533: 5 12 17 19 10 1 7 20 3 8 18 14 9 11 15 2 16 13 6 4 
student 534: 9 19 3 12 2 7 8 16 4 1 13 20 11 15 17 5 14 18 6 10 
student 535: 4 16 19 12 1 2 3 15 5 9 10 14 18 13 20 7 11 17 6 8 
student 536: 5 17 16 11 13 9 7 18 4 1 6 20 14 10 19 2 8 15 12 3 
student 537: 5 16 20 10 1 9 7 15 4 2 18 14 8 17 19 3 11 12 13 6 
student 538: 7 12 19 17 8 2 5 14 3 6 10 13 9 18 20 4 1 15 16 11 
student 539: 3 16 20 13 9 7 4 19 5 2 11 17 12 8 18 1 10 15 14 6 
student 540: 7 10 13 4 1 6 16 17 5 2 15 14 9 11 18 3 8 19 12 20 
student 541: 5 19 15 9 12 10 2 14 7 3 17 18 16 13 1 4 11 8 20 6 
student 542: 7 15 16 17 10 2 9 18 6 8 14 20 4 3 12 1 13 5 19 11 
student 543: 10 4 17 15 11 5 6 16 2 7 9 18 8 13 12 3 19 20 14 1 
student 544: 6 12 19 20 7 1 5 13 2 8 16 18 15 14 17 3 10 4 11 9 
student 545: 1 9 12 14 18 3 13 11 5 4 2 15 16 6 8 10 7 19 17 20 
student 546: 7 16 18 6 17 1 9 13 4 2 5 20 14 15 12 10 11 19 8 3 
student 547: 5 15 19 11 8 4 7 13 1 17 10 18 6 14 20 2 9 12 16 3 
student 548: 3 10 13 19 6 1 7 20 5 4 12 17 15 9 14 16 11 18 2 8 
student 549: 3 13 20 12 5 2 15 19 1 11 16 14 18 6 8 4 10 17 7 9 
student 550: 1 15 20 16 6 5 3 19 4 8 9 17 11 10 18 2 7 13 12 14 
student 551: 5 20 14 13 8 16 3 6 1 7 17 12 11 15 19 2 4 18 10 9 
student 552: 1 14 16 10 18 3 6 13 2 5 19 20 7 12 15 4 8 17 9 11 
student 553: 9 14 19 13 8 1 2 15 5 4 3 17 16 11 18 7 10 6 20 12 
student 554: 7 16 14 12 13 3 10 18 2 1 5 19 17 9 15 4 11 20 8 6 
student 555: 13 4 17 20 3 11 6 16 2 5 18 12 15 14 1 7 10 8 19 9 
student 556: 7 3 11 20 6 2 1 19 5 8 16 17 10 13 18 4 15 14 12 9 
student 557: 7 13 20 14 10 2 4 15 1 3 8 16 12 9 18 5 11 19 17 6 
student 558: 3 16 17 9 6 5 1 7 2 15 20 8 14 18 19 13 4 12 10 11 
student 559: 1 12 20 13 5 8 10 18 4 7 14 19 11 6 16 3 9 15 17 2 
student 560: 2 15 20 13 18 1 4 14 11 5 8 19 9 7 16 3 6 17 12 10 
student 561: 2 11 19 18 8 7 1 20 4 3 5 17 14 6 15 10 9 16 12 13 
student 562: 4 19 16 15 8 12 14 9 2 3 13 18 11 7 20 1 6 17 10 5 
student 563: 2 9 20 12 6 4 11 16 1 7 8 18 14 10 17 5 15 13 19 3 
student 564: 10 6 20 8 12 1 3 11 4 16 5 19 14 2 17 7 15 13 9 18 
student 565: 3 12 20 9 4 1 7 18 6 5 11 19 15 8 17 2 13 10 16 14 
student 566: 8 14 18 13 17 6 9 20 3 4 10 15 12 1 7 5 11 19 16 2 
student 567: 11 4 18 16 6 5 2 20 3 9 15 17 8 7 14 10 12 19 1 13 
student 568: 6 19 16 17 9 3 7 18 2 13 8 10 5 20 14 4 15 11 1 12 
student 569: 4 13 15 18 2 1 5 19 11 7 10 20 14 3 17 9 6 12 16 8 
student 570: 4 17 20 11 6 3 12 19 1 8 9 13 7 16 18 14 15 10 5 2 
student 571: 2 18 15 12 11 6 8 13 1 4 14 20 16 5 19 3 10 17 9 7 
student 572: 5 13 16 17 10 1 7 20 2 4 9 18 11 8 14 3 19 15 6 12 
student 573: 3 13 20 12 8 7 2 17 5 9 15 19 11 4 16 1 6 14 18 10 
student 574: 3 14 12 10 7 1 5 16 4 2 19 18 13 9 20 17 6 11 15 8 
student 575: 9 14 19 20 2 3 4 16 6 8 10 18 11 1 17 15 7 13 12 5 
student 576: 6 17 18 10 5 1 13 12 2 11 14 19 4 8 16 3 9 20 7 15 
student 577: 4 20 14 8 15 6 5 18 1 3 11 19 9 16 17 2 12 13 10 7 
student 578: 3 12 18 11 9 5 8 15 4 6 13 17 14 16 20 2 7 19 1 10 
student 579: 5 15 18 19 7 3 8 16 1 12 13 20 6 9 17 4 10 11 14 2 
student 580: 4 18 19 10 8 2 7 16 3 5 15 17 12 1 13 6 9 14 20 11 
student 581: 4 9 18 13 15 1 6 20 2 7 10 19 12 3 17 5 16 11 14 8 
student 582: 4 18 20 12 5 3 2 14 1 16 6 17 10 15 19 7 9 13 11 8 
student 583: 8 14 10 13 11 3 4 18 1 12 20 15 7 9 17 6 5 16 19 2 
student 584: 5 15 18 17 1 6 10 20 3 7 14 19 13 11 12 2 9 8 16 4 
student 585: 8 18 20 17 4 2 3 16 6 7 13 19 9 15 14 1 11 12 10 5 
student 586: 4 2 20 9 16 5 11 14 6 12 8 19 18 7 17 1 3 13 15 10 
student 587: 2 13 11 10 12 3 14 20 1 6 18 7 9 8 15 5 4 19 17 16 
student 588: 8 10 17 14 5 3 1 18 2 13 11 19 9 7 16 15 6 12 4 20 
student 589: 13 20 19 12 2 1 4 18 3 14 9 7 10 8 15 6 16 11 17 5 
student 590: 5 17 16 15 7 1 9 18 6 3 13 19 12 2 11 4 10 20 14 8 
student 591: 1 5 17 18 6 3 2 19 8 7 9 20 13 4 16 10 12 15 14 11 
student 592: 3 19 18 11 9 1 2 13 5 4 17 20 10 6 16 8 14 7 12 15 
student 593: 6 15 20 11 9 1 7 17 2 4 8 18 13 5 19 3 10 16 14 12 
student 594: 7 3 11 15 5 6 10 18 2 4 13 19 9 8 12 1 16 20 14 17 
student 595: 1 14 19 13 6 7 5 16 10 2 8 20 18 9 15 3 12 11 17 4 
student 596: 1 15 20 18 19 4 7 12 3 9 10 17 6 11 13 2 5 16 14 8 
student 597: 4 20 19 16 12 3 1 8 2 6 11 17 10 14 18 9 7 15 13 5 
student 598: 2 3 20 15 5 4 6 18 1 9 8 19 16 12 17 13 7 10 14 11 
student 599: 4 15 14 16 3 9 5 20 1 8 17 19 7 11 13 2 10 18 12 6 
student 600: 8 18 15 2 1 5 4 17 3 10 12 19 11 13 14 7 9 16 20 6 
student 601: 5 19 20 9 10 6 8 15 2 7 11 16 14 13 12 4 3 18 17 1 
student 602: 4 15 20 1 14 8 2 16 5 10 11 19 17 12 13 7 9 18 3 6 
student 603: 2 18 17 9 8 4 5 19 1 11 12 15 20 7 16 3 10 6 14 13 
student 604: 5 16 18 14 15 2 7 11 1 6 9 19 13 12 10 8 3 20 17 4 
student 605: 2 16 15 13 9 1 6 19 3 7 10 18 11 5 8 4 12 14 17 20 
student 606: 6 8 20 17 9 1 10 16 2 5 4 19 13 11 14 3 12 15 18 7 
student 607: 2 18 17 12 20 7 5 14 1 13 6 19 8 3 10 4 15 16 11 9 
student 608: 6 18 8 7 10 1 11 17 2 3 14 16 5 9 19 12 20 13 15 4 
student 609: 1 14 18 13 2 6 4 17 3 7 8 19 16 10 15 5 9 12 20 11 
student 610: 1 9 19 11 4 3 12 17 6 2 16 20 14 5 18 7 8 13 15 10 
student 611: 7 17 20 12 14 1 4 19 2 11 15 16 8 3 18 9 6 13 5 10 
student 612: 5 15 17 14 9 1 6 18 2 8 11 20 3 12 16 4 10 13 19 7 
student 613: 5 17 16 18 3 2 6 11 1 4 10 20 13 7 19 12 15 14 9 8 
student 614: 4 9 16 19 14 3 5 15 1 13 6 12 20 17 8 2 7 11 10 18 
student 615: 3 17 20 15 6 4 14 16 1 5 19 18 13 10 12 2 8 11 7 9 
student 616: 12 17 20 16 3 7 4 19 1 2 10 18 15 9 13 5 6 14 11 8 
student 617: 5 16 11 9 1 8 7 19 2 3 17 20 6 4 18 12 15 14 13 10 
student 618: 9 17 15 13 4 1 14 18 5 3 12 19 8 16 20 2 7 11 10 6 
student 619: 2 15 16 12 5 1 8 20 3 6 14 18 11 13 19 4 9 10 17 7 
student 620: 2 16 15 20 13 6 3 9 1 5 17 19 12 7 18 11 4 14 8 10 
student 621: 2 18 14 19 11 1 15 17 3 4 7 20 6 8 12 13 5 9 16 10 
student 622: 2 15 20 14 13 3 4 18 5 7 11 16 17 6 19 8 1 12 10 9 
student 623: 6 18 17 16 11 3 15 19 1 5 13 4 7 14 20 8 9 10 12 2 
student 624: 2 9 14 20 6 1 3 19 5 4 15 16 12 10 18 7 13 17 11 8 
student 625: 10 16 17 11 6 1 4 15 2 5 14 18 12 7 19 3 13 20 8 9 
student 626: 9 17 19 10 5 6 3 15 4 2 11 20 7 18 14 1 13 8 12 16 
student 627: 3 18 19 12 10 7 2 16 6 4 11 20 5 9 15 1 14 17 13 8 
student 628: 1 15 12 19 7 2 10 18 5 3 14 20 9 11 17 8 6 16 13 4 
student 629: 3 18 20 17 16 2 1 15 4 6 5 7 14 13 19 9 8 10 12 11 
student 630: 2 6 14 13 4 8 1 18 7 3 12 19 5 16 17 9 10 20 11 15 
student 631: 12 11 19 4 9 1 5 20 8 2 18 15 13 7 17 3 14 6 16 10 
student 632: 2 19 20 14 5 3 15 11 1 17 16 18 8 4 7 13 9 10 6 12 
student 633: 1 17 8 20 6 3 11 16 2 4 12 18 7 10 13 9 14 19 15 5 
student 634: 8 10 18 13 6 1 3 14 5 4 11 20 7 12 16 2 15 19 17 9 
student 635: 7 17 16 14 9 3 10 15 4 5 11 18 8 1 20 2 13 19 6 12 
student 636: 7 18 20 19 12 1 8 13 2 4 11 17 6 9 16 3 14 10 15 5 
student 637: 4 15 14 17 8 5 9 18 1 7 19 20 12 10 13 2 16 11 6 3 
student 638: 1 11 20 14 7 4 3 17 2 9 5 16 18 6 19 13 8 15 10 12 
student 639: 8 17 20 12 3 1 18 14 13 2 10 16 15 7 19 4 6 9 11 5 
student 640: 3 13 19 15 8 18 7 16 1 6 5 17 10 9 14 2 11 20 12 4 
student 641: 5 17 11 20 16 4 10 19 1 3 7 18 8 9 12 2 6 15 14 13 
student 642: 13 20 18 17 1 4 12 11 9 2 8 15 3 10 16 6 7 19 14 5 
student 643: 2 16 11 18 15 1 3 20 4 6 10 14 19 8 17 7 9 12 13 5 
student 644: 5 11 13 17 8 3 1 12 6 7 16 19 15 14 18 2 10 9 20 4 
student 645: 5 14 17 15 8 1 6 18 2 9 7 19 10 12 20 3 16 4 13 11 
student 646: 7 12 19 14 10 2 1 16 3 4 9 20 13 5 17 6 18 11 8 15 
student 647: 1 13 18 3 8 5 11 19 6 2 4 20 17 12 7 10 16 14 9 15 
student 648: 1 16 14 12 10 4 7 18 5 3 9 19 11 15 20 2 6 17 13 8 
student 649: 11 20 19 17 13 5 2 12 4 6 10 16 1 8 18 3 9 7 14 15 
student 650: 3 4 17 13 16 5 7 19 9 11 15 18 20 12 2 1 6 10 8 14 
student 651: 4 9 18 19 15 5 1 13 2 11 17 20 10 3 12 6 8 14 16 7 
student 652: 7 18 16 14 10 9 8 15 1 3 13 20 4 6 19 2 12 11 17 5 
student 653: 8 15 20 12 14 16 4 17 1 18 9 19 5 10 11 3 13 7 6 2 
student 654: 3 16 17 6 12 1 5 18 2 10 11 19 4 20 14 8 7 13 15 9 
student 655: 12 19 17 13 2 4 1 16 11 3 14 20 9 6 8 10 7 18 15 5 
student 656: 9 17 16 15 19 7 11 13 1 4 8 18 20 10 5 2 12 3 6 14 
student 657: 3 9 16 18 13 7 2 14 11 10 4 20 12 8 6 1 5 19 17 15 
student 658: 3 17 10 18 1 2 14 11 12 9 6 19 16 7 20 4 13 15 8 5 
student 659: 9 16 20 18 4 2 5 13 6 10 1 19 3 15 17 14 12 11 8 7 
student 660: 3 11 13 19 5 16 4 17 1 2 9 20 12 6 15 7 10 18 14 8 
student 661: 3 16 18 8 10 5 9 17 2 12 1 20 15 6 19 11 13 14 4 7 
student 662: 1 18 19 14 12 7 4 15 2 8 9 20 17 11 16 3 6 13 10 5 
student 663: 8 18 12 16 4 3 6 17 5 9 13 20 7 2 19 1 11 14 15 10 
student 664: 2 10 18 15 7 6 3 13 4 5 19 20 8 16 14 1 11 9 17 12 
student 665: 3 6 12 16 10 1 5 19 14 9 4 20 13 8 17 15 7 18 11 2 
student 666: 4 20 16 10 8 17 11 15 1 2 9 18 7 5 19 6 14 3 13 12 
student 667: 4 5 18 20 12 2 9 17 3 10 13 16 11 6 7 1 8 19 15 14 
student 668: 2 7 17 15 3 9 10 19 6 1 16 20 12 13 8 14 11 4 18 5 
student 669: 8 6 17 16 3 1 12 18 4 10 13 20 9 2 19 5 11 14 15 7 
student 670: 5 16 18 11 9 2 6 19 3 13 7 20 4 15 10 12 1 14 17 8 
student 671: 3 17 19 16 5 1 2 18 4 6 9 12 10 11 20 8 7 14 15 13 
student 672: 12 18 15 16 1 7 5 3 10 8 20 19 13 14 6 4 11 17 9 2 
student 673: 9 12 18 16 11 2 5 19 1 6 3 20 4 7 17 8 13 15 14 10 
student 674: 5 15 20 16 10 3 7 14 1 2 9 19 18 12 17 4 6 13 11 8 
student 675: 4 12 14 18 8 1 6 15 3 13 20 10 17 9 19 2 7 16 11 5 
student 676: 7 18 19 13 8 2 5 15 4 11 20 14 12 10 16 6 17 1 3 9 
student 677: 3 16 20 13 12 4 9 18 2 5 14 15 6 11 19 8 17 7 10 1 
student 678: 8 15 16 14 3 1 6 12 4 9 17 19 13 5 20 2 10 7 11 18 
student 679: 7 11 13 18 6 1 3 16 8 20 10 19 12 5 15 2 14 4 17 9 
student 680: 2 10 17 13 9 4 7 18 3 1 19 16 12 11 15 6 5 20 14 8 
student 681: 2 17 20 15 3 1 5 19 9 6 11 16 12 13 10 4 7 8 18 14 
student 682: 2 12 17 14 5 1 6 19 3 4 18 20 7 16 11 8 10 15 13 9 
student 683: 2 16 17 13 8 7 3 20 1 4 12 19 11 9 18 6 14 5 15 10 
student 684: 3 9 17 16 4 2 6 15 1 12 18 20 13 11 19 5 10 14 8 7 
student 685: 3 14 20 15 8 2 7 16 6 1 9 18 12 4 19 5 10 13 11 17 
student 686: 4 15 12 7 8 3 6 16 1 17 20 19 9 14 18 2 5 13 11 10 
student 687: 12 11 19 14 1 4 8 20 2 10 18 16 7 3 13 5 17 6 9 15 
student 688: 2 11 15 19 4 1 7 20 5 6 9 18 16 14 13 3 10 12 17 8 
student 689: 2 17 12 9 1 11 4 20 3 15 16 14 13 10 18 8 6 5 19 7 
student 690: 6 11 17 20 2 5 1 8 16 10 13 15 3 9 19 4 12 18 14 7 
student 691: 2 18 20 3 8 4 1 10 5 7 16 17 9 15 14 6 12 13 19 11 
student 692: 5 13 15 17 9 2 7 19 3 6 11 16 14 8 18 1 10 12 4 20 
student 693: 4 19 20 17 11 2 5 12 9 10 15 16 14 6 8 1 7 18 3 13 
student 694: 1 19 15 13 3 2 7 20 4 6 12 18 10 5 16 8 14 11 17 9 
student 695: 5 17 20 13 9 4 3 11 2 6 1 18 15 7 14 16 10 19 12 8 
student 696: 2 13 15 19 3 5 11 20 1 6 16 18 4 17 14 8 9 10 7 12 
student 697: 9 17 12 10 5 2 6 19 3 4 15 20 11 8 16 1 14 18 7 13 
student 698: 15 16 17 14 9 2 6 8 3 19 11 13 5 4 20 1 7 18 12 10 
student 699: 8 20 13 15 14 4 1 17 5 7 10 18 11 9 16 12 3 19 2 6 
student 700: 4 19 17 18 1 3 13 11 5 8 6 16 14 2 12 9 10 15 7 20 
student 701: 9 18 15 17 1 8 3 20 2 6 14 13 12 10 19 4 5 11 16 7 
student 702: 9 3 20 19 14 2 4 13 7 5 8 16 15 1 10 11 6 18 17 12 
student 703: 10 9 20 18 3 2 4 15 5 14 17 19 11 6 16 8 13 12 7 1 
student 704: 4 16 20 19 5 3 11 8 2 1 9 18 6 10 15 12 13 17 14 7 
student 705: 1 20 18 17 3 2 7 11 4 8 10 19 14 6 12 5 15 16 13 9 
student 706: 7 18 19 17 2 3 11 14 9 1 10 20 13 8 6 4 5 16 15 12 
student 707: 2 20 14 8 7 1 4 17 15 11 12 18 16 13 9 3 5 10 19 6 
student 708: 1 19 12 15 3 4 7 16 5 6 13 20 10 9 14 2 11 17 8 18 
student 709: 1 15 12 19 6 3 5 18 9 4 16 10 14 13 20 2 8 11 17 7 
student 710: 7 9 20 16 1 5 6 13 3 4 15 19 18 12 17 2 11 14 10 8 
student 711: 14 13 20 19 4 2 5 18 1 7 17 15 11 8 12 3 9 10 16 6 
student 712: 8 12 14 11 6 1 3 16 2 5 19 17 13 18 20 9 15 10 7 4 
student 713: 20 18 15 16 13 3 4 19 2 6 8 12 17 1 11 7 10 5 14 9 
student 714: 19 17 13 16 9 5 6 12 7 3 14 18 8 2 15 1 4 11 20 10 
student 715: 1 15 10 3 9 7 8 20 6 5 18 19 14 11 16 17 13 12 4 2 
student 716: 4 18 19 15 8 3 6 10 2 7 14 17 12 13 20 5 11 9 16 1 
student 717: 1 17 20 16 4 2 14 13 3 8 5 18 19 9 12 11 7 15 6 10 
student 718: 2 16 17 19 11 1 12 14 5 8 20 18 13 15 10 4 7 9 3 6 
student 719: 6 15 16 10 8 4 1 18 3 5 11 14 19 7 17 2 9 12 20 13 
student 720: 6 16 12 15 10 2 4 19 1 5 13 17 7 8 20 9 3 18 14 11 
student 721: 6 8 20 19 10 2 7 14 4 5 17 18 1 13 12 3 15 11 9 16 
student 722: 1 13 17 14 2 16 8 18 5 11 7 19 4 9 20 6 3 15 10 12 
student 723: 6 16 20 15 5 1 4 18 2 13 12 19 7 9 17 3 8 14 11 10 
student 724: 5 12 16 11 9 3 2 19 1 7 13 20 14 10 18 6 4 15 17 8 
student 725: 3 18 20 14 13 1 5 16 2 10 7 8 11 4 19 6 12 17 15 9 
student 726: 3 14 10 18 17 5 8 15 1 9 13 20 12 6 19 2 11 7 16 4 
student 727: 2 15 19 17 6 3 8 10 1 4 14 12 5 13 18 9 16 7 20 11 
student 728: 2 8 17 20 14 10 3 13 6 9 11 18 4 15 5 1 19 12 16 7 
student 729: 4 19 17 15 7 6 2 16 10 3 18 20 12 9 13 1 14 11 8 5 
student 730: 9 15 18 20 4 11 6 8 1 3 19 17 13 16 2 5 10 12 14 7 
student 731: 8 19 18 17 11 5 7 14 4 1 9 20 10 12 15 3 6 16 13 2 
student 732: 5 19 8 10 11 2 7 18 3 4 17 20 15 13 16 1 14 12 9 6 
student 733: 8 18 10 7 11 4 3 17 2 5 1 15 9 6 16 19 12 20 14 13 
student 734: 9 14 17 11 1 2 6 19 4 8 10 20 16 3 18 5 12 15 13 7 
student 735: 2 14 20 16 6 7 5 13 3 1 10 19 12 11 17 8 9 18 15 4 
student 736: 1 12 20 18 8 6 5 13 3 11 14 16 9 10 2 17 4 19 15 7 
student 737: 5 4 12 16 10 9 2 19 1 11 17 14 20 8 18 3 13 6 15 7 
student 738: 11 15 18 17 5 8 1 19 4 7 12 13 10 3 20 9 16 14 2 6 
student 739: 8 14 18 15 6 2 9 19 1 10 16 20 13 4 17 3 7 12 11 5 
student 740: 1 16 20 7 4 3 10 15 2 5 11 18 9 8 14 6 13 17 12 19 
student 741: 15 13 14 8 2 1 7 19 6 11 10 16 18 9 17 3 5 20 12 4 
student 742: 3 10 18 13 9 2 7 17 1 4 19 20 8 15 14 5 11 12 16 6 
student 743: 6 14 17 9 5 1 10 18 3 7 15 20 19 12 16 4 11 13 2 8 
student 744: 7 14 16 19 9 1 3 13 2 8 15 20 11 6 17 5 4 10 18 12 
student 745: 6 19 18 17 9 3 8 10 4 5 15 20 14 7 13 1 16 2 12 11 
student 746: 5 11 17 15 6 2 14 20 1 10 19 16 12 7 18 3 9 8 13 4 
student 747: 5 9 15 12 20 19 2 16 3 6 8 18 10 1 17 4 11 14 13 7 
student 748: 4 18 19 17 9 1 2 16 6 5 8 20 12 15 13 3 7 14 11 10 
student 749: 4 13 18 12 6 1 8 15 3 5 7 20 16 10 19 2 11 17 14 9 
student 750: 11 7 17 16 3 5 4 18 2 6 9 20 15 8 12 13 10 14 19 1 
student 751: 8 6 19 4 13 1 5 20 3 7 9 12 10 16 17 2 11 18 15 14 
student 752: 4 17 18 16 1 5 6 20 2 15 10 12 14 8 19 3 9 11 13 7 
student 753: 3 8 14 1 6 2 15 11 5 4 20 10 17 12 13 7 19 18 16 9 
student 754: 6 20 16 14 11 1 7 18 4 8 12 13 9 10 17 2 5 19 15 3 
student 755: 2 18 4 15 8 5 6 17 1 7 16 13 9 11 19 3 14 20 10 12 
student 756: 9 16 20 8 4 3 6 18 1 5 2 17 11 15 10 12 7 13 14 19 
student 757: 9 6 14 10 4 5 1 7 8 2 18 17 20 13 11 3 12 19 16 15 
student 758: 4 18 19 14 2 5 1 10 3 7 13 20 8 12 17 6 9 15 16 11 
student 759: 3 19 20 14 8 4 10 16 2 6 11 18 1 13 17 5 15 7 12 9 
student 760: 5 15 18 9 8 3 4 14 1 6 12 10 13 16 17 20 7 19 2 11 
student 761: 2 4 15 17 11 5 6 20 3 1 9 19 8 13 16 7 10 18 12 14 
student 762: 8 19 16 13 9 7 3 18 1 4 10 15 17 5 14 2 11 20 12 6 
student 763: 3 19 14 12 11 6 4 18 7 9 10 20 8 5 13 2 1 17 16 15 
student 764: 15 10 17 5 4 2 3 20 1 7 19 18 14 8 16 9 11 13 6 12 
student 765: 6 17 12 16 13 2 1 19 3 4 7 20 5 15 18 9 8 14 10 11 
student 766: 6 20 17 16 19 3 8 18 1 9 4 14 7 12 13 2 15 10 5 11 
student 767: 8 20 17 15 6 1 3 13 4 7 11 19 14 5 18 2 10 12 16 9 
student 768: 8 19 15 18 1 3 7 20 2 13 11 16 6 9 17 4 5 14 12 10 
student 769: 5 19 18 14 10 1 4 17 2 3 8 20 6 12 15 9 16 11 13 7 
student 770: 4 17 18 16 14 15 6 8 9 7 2 20 12 5 19 3 11 13 10 1 
student 771: 9 16 12 17 6 8 2 5 1 10 15 20 14 13 19 3 11 4 18 7 
student 772: 4 15 12 14 10 3 7 18 13 8 2 19 17 9 20 5 11 6 16 1 
student 773: 6 18 19 17 12 7 4 20 1 11 2 16 13 9 10 3 5 15 8 14 
student 774: 5 17 19 8 7 10 9 16 2 6 12 20 4 11 15 1 18 14 13 3 
student 775: 9 17 20 19 12 1 4 16 2 6 15 18 13 11 10 3 7 8 14 5 
student 776: 7 16 14 19 6 1 15 20 3 8 11 13 9 4 18 2 10 12 17 5 
student 777: 6 16 13 15 7 3 8 19 1 9 12 20 17 4 14 2 5 18 11 10 
student 778: 2 15 19 7 3 1 11 17 8 6 16 20 12 9 14 4 18 10 13 5 
student 779: 6 16 20 15 12 3 9 13 2 4 11 19 14 5 18 1 8 17 10 7 
student 780: 5 15 20 12 3 2 7 18 4 13 10 19 14 11 17 1 9 16 8 6 
student 781: 1 5 15 20 11 7 8 16 3 6 12 19 10 17 18 2 13 9 14 4 
student 782: 3 17 10 18 1 2 5 20 4 6 16 8 15 7 19 14 12 9 11 13 
student 783: 5 20 10 15 8 4 7 19 1 6 13 17 2 18 12 3 9 16 14 11 
student 784: 11 6 19 13 12 9 4 18 7 10 8 16 5 14 15 3 2 17 20 1 
student 785: 3 15 9 16 13 4 5 20 1 14 10 17 18 7 19 2 6 12 11 8 
student 786: 3 9 16 11 8 1 17 18 5 7 6 15 13 10 19 2 20 12 14 4 
student 787: 11 16 18 20 2 10 7 15 5 8 9 19 1 6 17 3 14 12 13 4 
student 788: 8 17 20 15 10 2 4 7 1 6 19 5 11 16 13 3 14 9 18 12 
student 789: 9 11 17 14 6 4 5 20 1 2 12 19 7 3 13 8 16 18 15 10 
student 790: 1 17 20 16 4 9 3 12 2 5 7 19 6 11 14 8 15 18 13 10 
student 791: 7 16 19 8 17 5 4 15 1 11 9 18 10 3 12 2 20 14 13 6 
student 792: 2 20 17 16 13 3 4 15 1 7 12 14 18 8 10 5 9 11 19 6 
student 793: 13 15 12 18 7 1 2 19 10 6 16 14 9 3 17 4 11 20 8 5 
student 794: 1 13 18 12 6 5 8 20 4 2 10 16 19 3 15 7 9 17 14 11 
student 795: 11 18 13 8 3 1 5 10 2 9 12 20 7 15 17 4 14 16 19 6 
student 796: 5 17 9 16 2 4 7 20 3 1 8 18 11 14 19 10 15 12 13 6 
student 797: 7 19 20 12 9 8 3 18 4 2 5 17 11 6 14 1 10 15 16 13 
student 798: 1 18 17 13 6 11 3 15 2 5 20 16 10 7 14 4 8 12 19 9 
student 799: 11 19 14 18 10 4 3 2 8 9 6 13 12 15 17 1 7 16 20 5 
