student 0: 13 15 9 10 12 16 18 3 2 20 17 11 19 1 5 6 4 8 14 7 
student 1: 8 17 10 20 9 18 1 4 12 7 5 16 15 2 6 11 3 19 13 14 
student 2: 13 17 12 18 16 10 15 4 2 8 1 20 14 6 11 9 3 7 19 5 
student 3: 10 16 15 18 6 13 5 2 8 14 19 17 12 1 11 3 9 4 20 7 
student 4: 11 15 17 20 9 14 5 2 6 10 19 18 12 1 8 3 4 7 13 16 
student 5: 9 14 16 20 6 19 1 3 4 12 11 15 17 2 5 8 7 13 18 10 
student 6: 17 10 15 19 7 20 6 2 13 11 9 12 18 1 5 8 4 3 14 16 
student 7: 7 15 13 18 6 20 2 1 9 11 12 19 17 3 8 4 5 14 16 10 
student 8: 7 15 14 17 6 12 9 3 2 19 8 20 18 10 5 16 4 1 11 13 
student 9: 16 19 12 14 13 15 6 8 5 11 20 18 10 3 2 7 1 4 17 9 
student 10: 13 14 15 12 11 18 6 1 3 10 9 20 17 7 8 4 5 16 19 2 
student 11: 13 19 8 20 7 18 4 15 1 6 12 16 11 14 2 10 3 9 17 5 
student 12: 7 19 16 20 1 15 10 3 8 13 17 18 14 6 4 12 5 9 11 2 
student 13: 1 19 10 20 14 16 3 7 4 5 11 18 12 2 13 8 6 15 17 9 
student 14: 13 18 15 14 4 19 5 17 12 9 11 20 10 3 1 7 2 6 16 8 
student 15: 4 17 8 13 10 16 2 3 5 14 20 15 7 1 6 11 18 9 19 12 
student 16: 19 16 6 15 14 20 3 7 1 10 11 17 18 2 5 8 4 9 12 13 
student 17: 14 18 20 19 13 17 4 8 7 10 9 15 1 3 5 12 6 2 16 11 
student 18: 8 17 2 15 1 16 3 6 7 5 12 19 14 13 9 11 4 20 18 10 
student 19: 7 17 18 16 10 15 1 6 3 14 11 20 13 5 2 4 8 9 19 12 
student 20: 16 19 7 17 6 14 1 2 5 13 9 15 18 3 4 10 12 8 20 11 
student 21: 8 20 16 14 10 17 1 4 15 11 13 18 9 6 3 7 2 12 19 5 
student 22: 7 13 19 15 4 16 2 18 8 6 10 20 14 5 3 12 1 11 17 9 
student 23: 11 19 15 17 1 6 2 9 8 10 14 20 18 5 3 4 7 13 16 12 
student 24: 17 14 9 11 5 18 10 1 3 16 7 13 19 8 4 12 2 15 20 6 
student 25: 14 3 9 16 7 20 4 15 1 10 5 8 19 2 12 17 6 18 11 13 
student 26: 8 20 16 15 5 18 4 14 7 6 10 9 19 3 2 1 13 17 11 12 
student 27: 2 12 18 20 14 10 3 11 8 5 15 16 17 1 13 9 6 7 19 4 
student 28: 11 20 15 14 2 18 5 9 8 3 6 19 16 4 7 10 1 12 13 17 
student 29: 11 19 13 15 8 17 5 10 9 4 18 12 20 3 6 2 1 7 16 14 
student 30: 9 11 17 20 13 19 4 8 3 12 10 14 18 6 2 15 1 16 7 5 
student 31: 7 16 15 17 1 12 13 5 4 9 11 18 14 3 2 6 8 20 19 10 
student 32: 7 17 14 20 1 15 5 10 2 11 18 19 13 4 8 6 3 12 16 9 
student 33: 14 19 13 17 3 18 4 8 5 6 10 20 12 1 9 11 2 7 16 15 
student 34: 9 13 8 15 7 16 2 4 3 17 12 19 20 6 10 11 1 5 18 14 
student 35: 9 17 14 20 13 16 2 6 12 8 10 19 15 3 4 5 1 11 18 7 
student 36: 11 12 7 20 6 19 10 4 1 13 16 18 9 2 5 8 3 17 15 14 
student 37: 10 14 12 19 5 6 8 1 4 13 20 17 16 3 15 9 7 11 18 2 
student 38: 6 16 20 18 7 19 3 10 1 11 14 17 9 2 5 13 4 15 12 8 
student 39: 9 18 11 15 2 12 5 6 8 13 7 20 14 3 17 4 1 10 16 19 
student 40: 9 16 19 7 4 15 6 2 5 13 18 20 11 3 8 17 1 14 12 10 
student 41: 11 17 15 18 12 16 10 1 13 3 8 19 20 4 5 14 7 6 9 2 
student 42: 11 14 4 19 18 15 3 8 1 10 13 20 16 12 2 7 5 17 6 9 
student 43: 5 15 6 19 13 20 1 3 2 14 9 18 17 4 8 12 7 16 11 10 
student 44: 2 16 17 18 10 11 7 4 3 5 15 9 20 8 19 6 1 14 13 12 
student 45: 15 11 7 17 14 9 10 8 12 6 4 20 5 1 3 16 2 19 18 13 
student 46: 12 16 8 17 6 13 4 9 10 3 14 18 19 2 5 7 1 11 20 15 
student 47: 9 14 15 20 10 19 7 1 4 12 17 18 16 6 3 5 2 13 11 8 
student 48: 11 20 12 14 1 15 4 10 8 18 5 19 16 6 7 3 2 17 9 13 
student 49: 7 12 18 20 10 15 3 2 5 13 11 16 14 1 4 6 9 8 19 17 
student 50: 13 9 17 19 1 16 6 15 7 3 14 18 20 4 11 8 5 12 10 2 
student 51: 14 20 15 18 6 16 11 10 3 5 13 17 9 2 4 12 1 8 19 7 
student 52: 6 18 10 11 2 14 3 4 20 5 9 15 16 1 17 12 7 13 19 8 
student 53: 2 20 12 13 11 17 7 4 6 15 16 19 14 1 3 8 9 18 10 5 
student 54: 9 19 18 20 2 14 4 3 7 11 8 15 13 1 6 12 5 17 10 16 
student 55: 4 20 13 10 9 19 2 11 6 15 16 12 18 3 1 7 5 14 17 8 
student 56: 14 16 12 20 4 18 5 2 7 9 11 19 15 1 8 6 3 10 17 13 
student 57: 8 12 3 15 18 14 2 5 13 11 20 19 16 4 7 1 6 9 17 10 
student 58: 2 20 13 17 9 15 5 6 7 14 10 18 8 3 4 12 1 16 19 11 
student 59: 10 13 9 20 7 12 1 5 6 14 18 17 15 3 4 16 2 19 11 8 
student 60: 9 20 18 12 13 14 5 3 6 10 11 17 7 1 4 19 2 16 15 8 
student 61: 5 10 14 16 18 17 1 6 11 7 9 19 20 3 8 13 2 12 15 4 
student 62: 14 17 10 16 11 15 1 6 5 8 9 12 19 2 4 7 3 20 13 18 
student 63: 16 13 15 20 10 18 5 4 2 12 11 17 19 7 1 8 6 9 14 3 
student 64: 10 18 11 19 14 17 1 6 9 4 12 20 16 2 5 3 7 15 13 8 
student 65: 7 20 10 19 11 1 2 4 9 5 8 17 16 3 6 12 14 18 13 15 
student 66: 11 16 12 19 10 15 7 1 6 18 9 20 17 2 5 13 4 8 14 3 
student 67: 6 14 19 16 15 20 5 7 8 11 18 17 12 3 1 13 4 10 9 2 
student 68: 18 9 15 20 10 14 5 3 6 7 12 16 17 1 2 8 19 4 13 11 
student 69: 14 12 15 20 3 19 5 10 18 13 17 8 16 1 7 4 6 11 2 9 
student 70: 15 13 20 19 9 14 5 3 8 16 12 17 10 4 7 18 2 11 1 6 
student 71: 4 14 15 17 11 18 1 3 7 12 13 20 19 6 8 9 2 10 16 5 
student 72: 7 16 15 17 19 11 2 8 4 1 20 14 9 3 5 12 6 13 18 10 
student 73: 2 15 14 12 7 17 1 10 6 16 9 19 18 4 11 3 5 13 20 8 
student 74: 2 17 14 16 12 10 3 4 7 19 20 18 15 6 11 5 1 8 9 13 
student 75: 9 19 11 14 10 16 2 5 4 7 20 17 15 3 1 12 6 13 18 8 
student 76: 9 11 20 15 8 16 2 1 7 17 18 19 14 4 6 10 3 13 5 12 
student 77: 15 9 7 14 3 17 8 2 18 12 20 10 19 4 1 11 6 16 13 5 
student 78: 16 11 19 4 7 17 10 1 6 12 15 20 9 8 3 5 2 13 18 14 
student 79: 16 13 7 14 11 12 1 4 8 17 9 15 19 2 6 5 3 20 18 10 
student 80: 12 19 7 16 13 14 2 3 8 9 4 20 11 5 6 15 1 17 10 18 
student 81: 9 18 10 20 7 15 3 6 4 12 16 13 19 1 2 11 5 8 14 17 
student 82: 7 19 18 15 12 13 5 4 3 11 17 20 10 1 6 8 2 9 16 14 
student 83: 15 18 5 17 8 14 2 6 4 20 11 19 16 1 9 7 3 10 13 12 
student 84: 8 16 20 3 7 19 5 10 14 11 17 13 18 1 4 9 2 15 12 6 
student 85: 8 20 12 13 1 16 2 4 10 14 17 19 18 5 9 7 3 6 15 11 
student 86: 3 6 11 18 13 12 1 4 9 5 14 19 17 7 10 16 8 15 20 2 
student 87: 9 12 6 16 4 18 11 10 2 13 19 17 20 3 5 8 1 7 15 14 
student 88: 7 12 11 20 9 18 1 6 3 4 15 16 10 2 13 8 5 17 14 19 
student 89: 7 20 13 19 1 16 9 2 5 12 10 17 11 4 3 8 6 14 15 18 
student 90: 7 13 17 19 6 15 4 11 9 12 8 20 16 1 3 2 5 14 18 10 
student 91: 11 17 16 15 7 20 3 5 4 19 12 13 18 2 6 9 1 10 8 14 
student 92: 6 14 11 20 4 18 8 2 16 10 19 15 12 1 3 7 5 9 17 13 
student 93: 8 19 13 16 14 20 5 2 17 12 7 18 9 3 6 1 4 15 11 10 
student 94: 9 17 18 19 7 20 1 2 6 12 16 15 13 3 8 5 4 11 14 10 
student 95: 1 15 18 17 7 19 2 4 16 11 10 20 12 3 5 8 6 13 14 9 
student 96: 11 14 12 20 13 17 2 5 3 4 15 19 16 1 8 6 7 10 9 18 
student 97: 15 16 11 20 8 9 2 4 5 12 13 17 18 7 6 3 1 19 14 10 
student 98: 8 15 18 16 10 17 9 1 6 5 12 19 14 3 7 4 2 11 20 13 
student 99: 9 8 12 20 3 16 2 6 17 11 7 19 10 1 14 15 5 4 13 18 
student 100: 7 20 12 18 3 16 5 2 6 11 13 19 1 4 10 8 9 17 14 15 
student 101: 11 15 10 17 13 19 6 3 8 12 18 20 7 2 1 16 5 9 14 4 
student 102: 17 20 9 12 4 19 1 6 14 10 7 18 15 3 5 8 2 16 13 11 
student 103: 7 13 9 18 6 20 5 4 10 15 11 19 14 2 1 8 3 12 16 17 
student 104: 13 16 20 9 8 5 2 1 3 12 11 19 18 6 7 14 10 17 15 4 
student 105: 13 16 10 15 5 14 1 3 12 6 11 20 17 18 8 4 2 7 19 9 
student 106: 4 16 10 18 9 17 2 6 5 13 19 20 12 8 11 3 1 7 14 15 
student 107: 3 19 15 17 14 16 1 10 2 7 12 20 18 4 6 11 5 13 9 8 
student 108: 3 12 8 14 1 17 4 5 13 6 19 20 10 2 16 15 7 9 11 18 
student 109: 7 6 9 18 12 13 3 4 8 19 17 15 16 11 14 5 1 2 20 10 
student 110: 7 19 12 15 13 11 5 2 1 3 9 18 14 4 10 8 6 17 20 16 
student 111: 10 20 7 18 11 15 1 5 3 16 9 17 12 4 8 14 2 19 13 6 
student 112: 9 17 4 19 13 10 5 1 6 12 14 20 16 3 18 2 7 15 8 11 
student 113: 16 18 14 15 13 17 12 2 7 6 10 19 20 4 1 8 5 9 11 3 
student 114: 7 14 16 18 5 19 12 3 2 10 9 17 13 8 20 15 1 4 6 11 
student 115: 10 16 7 14 6 19 15 13 5 12 4 20 11 2 18 9 1 8 17 3 
student 116: 7 20 17 18 1 19 8 6 10 14 9 15 16 2 4 3 5 11 13 12 
student 117: 9 18 12 19 8 17 6 3 4 16 15 20 14 5 2 13 1 7 11 10 
student 118: 4 20 17 16 12 18 1 2 11 8 15 19 14 5 3 6 9 7 13 10 
student 119: 12 11 13 18 2 16 17 1 5 14 15 20 10 4 9 6 3 8 19 7 
student 120: 9 19 16 18 6 13 2 3 4 12 15 17 14 1 10 8 5 11 20 7 
student 121: 3 19 15 14 6 18 1 4 7 10 16 17 13 5 8 11 2 12 20 9 
student 122: 5 18 12 16 13 11 1 2 10 14 15 20 7 3 9 4 6 19 17 8 
student 123: 8 20 16 17 2 10 1 14 6 15 13 18 12 5 9 4 7 3 19 11 
student 124: 5 11 14 18 8 13 4 2 7 10 9 20 16 3 6 12 1 17 19 15 
student 125: 13 18 19 14 9 17 6 7 10 11 5 20 15 4 1 12 3 8 16 2 
student 126: 15 12 14 18 9 20 3 6 5 4 13 16 11 1 17 19 8 2 7 10 
student 127: 9 16 7 18 3 17 5 4 6 11 12 20 13 2 1 10 14 15 19 8 
student 128: 8 20 15 18 3 17 9 7 4 13 12 19 16 1 5 6 10 14 11 2 
student 129: 19 14 11 20 5 16 4 8 13 9 15 18 17 1 2 10 7 12 6 3 
student 130: 10 15 12 19 9 16 1 7 8 14 17 20 13 2 3 5 4 11 18 6 
student 131: 10 19 17 15 2 18 8 9 1 7 16 20 12 4 3 5 6 13 14 11 
student 132: 15 18 13 16 5 17 1 6 10 14 7 20 11 2 3 12 4 8 19 9 
student 133: 9 13 17 18 5 12 3 6 7 15 8 19 16 1 10 4 2 11 20 14 
student 134: 6 14 12 11 10 7 1 4 5 16 17 18 13 2 9 15 8 20 19 3 
student 135: 19 17 10 14 2 12 1 5 4 16 13 8 20 11 7 6 3 9 18 15 
student 136: 9 20 7 15 4 16 1 14 2 11 12 18 19 3 6 8 5 10 13 17 
student 137: 15 9 5 19 4 17 2 1 11 10 20 18 12 3 13 8 6 14 16 7 
student 138: 11 19 12 20 8 14 3 2 6 13 4 18 16 5 7 10 1 15 17 9 
student 139: 14 18 9 11 8 15 4 1 7 16 5 12 19 2 3 13 10 6 20 17 
student 140: 4 11 14 19 5 15 6 1 2 17 9 18 13 3 7 12 10 16 20 8 
student 141: 13 9 18 20 7 17 10 5 6 16 14 19 15 1 4 8 2 11 12 3 
student 142: 14 17 16 18 10 15 1 4 6 12 7 20 13 3 2 8 5 11 19 9 
student 143: 1 20 16 18 12 10 3 11 2 9 5 19 15 4 6 8 7 13 14 17 
student 144: 13 18 8 11 15 3 1 7 6 10 12 19 17 5 9 2 4 20 16 14 
student 145: 2 18 17 20 13 16 7 6 3 11 12 19 8 5 9 4 1 15 10 14 
student 146: 14 16 7 17 3 15 4 8 11 20 13 19 10 6 2 12 1 9 18 5 
student 147: 8 16 15 20 4 19 5 3 6 13 17 14 12 2 10 7 1 11 18 9 
student 148: 6 14 16 20 3 18 10 5 19 4 9 17 7 12 8 13 2 1 11 15 
student 149: 16 19 15 20 9 18 7 3 12 5 14 17 13 4 2 6 1 10 11 8 
student 150: 5 14 10 16 4 18 3 1 12 9 15 17 20 2 6 11 8 7 19 13 
student 151: 12 3 6 20 15 18 4 2 9 13 14 19 16 7 8 11 5 1 17 10 
student 152: 5 20 11 16 4 19 1 3 6 14 18 17 13 7 2 15 9 10 12 8 
student 153: 5 19 12 16 7 17 2 6 8 4 18 20 14 1 3 10 9 15 13 11 
student 154: 10 12 14 18 5 20 4 1 2 6 11 19 16 3 7 13 8 9 15 17 
student 155: 10 15 12 14 4 19 1 9 7 17 11 16 18 5 6 3 2 20 13 8 
student 156: 9 19 4 20 11 17 1 5 14 15 12 18 13 2 6 7 3 16 8 10 
student 157: 12 17 11 19 9 15 3 8 2 5 16 20 6 1 7 10 4 14 18 13 
student 158: 8 16 19 20 6 10 2 4 5 18 15 17 13 9 3 11 1 14 7 12 
student 159: 11 16 18 19 3 15 2 4 8 17 13 20 14 6 12 10 5 7 9 1 
student 160: 5 19 12 15 16 13 3 2 7 6 8 20 17 14 1 4 9 10 18 11 
student 161: 8 6 19 16 17 18 7 2 5 14 10 20 15 3 11 12 1 4 9 13 
student 162: 1 18 14 13 8 19 3 4 12 9 17 11 15 6 7 5 2 16 20 10 
student 163: 15 12 10 19 8 17 1 4 5 7 3 20 16 2 6 13 9 11 14 18 
student 164: 18 13 10 17 5 16 7 9 3 12 14 15 19 2 1 6 4 11 20 8 
student 165: 10 20 17 13 9 3 6 7 19 18 11 16 14 1 4 12 2 15 8 5 
student 166: 10 20 8 17 4 15 2 5 11 12 19 13 7 6 3 9 14 1 16 18 
student 167: 17 6 16 10 3 18 9 1 2 20 11 19 15 4 12 13 5 8 14 7 
student 168: 5 15 13 10 12 7 1 2 8 9 17 19 20 11 4 6 3 16 18 14 
student 169: 4 20 8 12 9 17 6 2 5 13 16 14 15 1 3 11 7 18 19 10 
student 170: 11 19 12 9 13 20 2 3 7 17 14 10 18 6 4 5 1 8 15 16 
student 171: 16 17 15 11 4 7 8 1 13 10 12 20 19 9 6 3 2 5 18 14 
student 172: 10 14 12 11 3 18 1 7 2 15 9 19 17 6 4 8 13 20 16 5 
student 173: 7 20 10 15 13 16 8 5 12 9 17 19 14 1 2 4 6 18 11 3 
student 174: 3 5 17 19 4 20 10 8 2 13 12 16 15 6 1 7 11 14 18 9 
student 175: 3 18 19 15 8 17 5 6 11 10 9 20 14 2 7 4 1 12 16 13 
student 176: 15 19 9 17 13 5 7 14 12 4 10 16 20 3 2 6 8 11 18 1 
student 177: 2 19 15 14 3 20 5 6 7 13 9 17 16 8 4 1 11 10 18 12 
student 178: 13 10 16 20 2 17 3 4 6 14 15 19 8 1 12 5 7 9 11 18 
student 179: 11 18 4 19 6 14 2 1 5 17 20 16 9 12 8 13 3 10 15 7 
student 180: 13 19 8 20 10 12 3 6 4 15 14 18 7 1 5 9 2 16 17 11 
student 181: 11 20 17 19 9 15 6 5 4 10 14 8 16 1 3 13 2 12 18 7 
student 182: 5 10 15 16 8 13 2 6 9 17 11 19 18 12 7 4 1 20 14 3 
student 183: 9 18 16 20 8 13 2 17 1 7 11 19 12 5 4 6 3 10 14 15 
student 184: 14 11 18 19 1 15 4 5 9 8 12 17 20 10 6 3 2 16 13 7 
student 185: 12 20 18 15 3 17 1 4 2 13 16 19 8 5 9 11 7 10 14 6 
student 186: 12 19 16 17 10 15 2 3 8 9 13 20 14 5 1 4 6 11 18 7 
student 187: 9 19 18 12 5 14 1 6 10 20 13 3 15 7 4 11 2 16 17 8 
student 188: 13 20 17 16 3 12 1 5 8 2 7 18 10 4 15 11 6 19 14 9 
student 189: 9 19 12 17 4 11 20 14 2 10 13 18 15 8 5 7 1 16 6 3 
student 190: 3 19 14 18 8 6 7 5 9 13 16 17 20 1 2 15 4 11 10 12 
student 191: 19 17 14 15 5 16 4 8 3 9 11 20 10 1 18 7 2 13 12 6 
student 192: 7 19 15 4 14 17 6 12 10 11 18 20 8 1 2 3 5 9 16 13 
student 193: 12 13 14 16 8 19 1 11 7 9 10 20 17 2 6 5 3 18 15 4 
student 194: 2 18 14 9 7 16 4 3 11 8 13 20 15 1 10 5 6 19 12 17 
student 195: 5 19 15 10 7 16 8 12 3 11 14 20 17 4 6 1 2 13 18 9 
student 196: 17 16 19 18 7 9 5 10 3 15 12 20 11 1 8 4 2 13 14 6 
student 197: 15 13 11 17 5 19 2 6 7 12 18 20 14 4 3 10 1 9 16 8 
student 198: 9 18 14 19 11 20 5 7 3 12 13 17 15 4 2 6 1 10 16 8 
student 199: 9 20 19 18 6 12 4 2 7 17 11 14 5 1 8 13 3 15 16 10 
student 200: 2 11 15 20 5 17 3 8 7 14 16 19 18 1 6 10 4 12 13 9 
student 201: 2 16 10 19 8 17 7 4 1 13 14 20 15 3 5 11 6 12 18 9 
student 202: 11 18 13 17 14 15 1 10 12 8 7 20 6 2 5 3 4 9 19 16 
student 203: 3 15 17 18 20 19 5 1 2 6 9 16 7 4 10 13 8 12 11 14 
student 204: 16 18 11 19 7 12 3 8 2 15 4 14 17 5 9 10 1 13 20 6 
student 205: 15 18 16 13 5 9 4 11 6 2 12 19 17 10 3 8 1 14 7 20 
student 206: 14 20 16 17 8 10 5 1 7 15 9 12 6 2 3 19 4 13 18 11 
student 207: 9 13 6 20 14 8 1 10 11 16 18 19 7 3 5 15 2 12 17 4 
student 208: 14 20 11 18 10 16 4 3 7 12 6 19 15 1 2 5 8 13 17 9 
student 209: 8 20 14 18 9 15 4 3 16 13 11 19 6 1 5 7 2 10 17 12 
student 210: 9 20 17 14 6 18 8 5 1 19 13 16 11 2 15 10 3 12 4 7 
student 211: 3 18 5 19 8 13 10 17 6 9 12 20 16 1 4 11 2 15 14 7 
student 212: 16 19 7 20 12 18 2 11 14 8 9 15 13 3 6 10 1 4 17 5 
student 213: 4 18 12 17 14 19 6 2 3 10 11 15 7 1 13 5 8 20 16 9 
student 214: 8 20 9 19 6 17 2 10 5 12 7 16 1 3 11 13 4 15 18 14 
student 215: 5 19 13 14 8 18 11 6 3 7 15 20 17 2 4 9 1 12 16 10 
student 216: 5 17 15 18 7 16 12 4 3 10 11 19 20 8 6 1 2 14 13 9 
student 217: 9 19 15 20 16 13 2 10 6 5 17 18 14 3 1 4 11 12 8 7 
student 218: 11 15 20 18 5 12 1 2 4 14 8 19 9 6 13 7 3 16 17 10 
student 219: 5 19 15 18 7 17 4 6 1 11 14 20 13 2 10 3 12 9 16 8 
student 220: 8 19 11 10 5 16 2 12 14 4 9 20 18 6 3 7 1 13 17 15 
student 221: 1 20 16 17 6 11 3 8 2 15 13 19 14 7 4 10 5 12 18 9 
student 222: 9 19 5 20 4 16 12 3 7 6 14 17 13 10 2 8 1 18 15 11 
student 223: 11 13 18 14 6 16 1 2 5 20 10 17 19 9 3 4 7 15 12 8 
student 224: 11 19 17 20 8 13 2 6 1 9 15 16 18 5 7 3 4 10 14 12 
student 225: 9 19 3 18 8 10 5 7 15 13 16 20 17 1 2 14 4 6 11 12 
student 226: 5 19 13 18 11 14 3 9 4 8 12 20 16 7 15 6 2 10 17 1 
student 227: 2 18 14 17 4 12 5 11 8 9 1 20 19 7 13 15 6 10 16 3 
student 228: 11 16 19 14 9 12 3 5 1 7 17 20 18 4 2 13 8 10 15 6 
student 229: 7 16 13 20 8 12 3 1 5 15 17 19 14 2 6 18 4 11 9 10 
student 230: 3 20 19 14 8 15 6 11 5 1 12 16 17 4 2 7 10 9 13 18 
student 231: 10 17 9 20 3 12 6 8 7 16 2 18 11 5 4 13 1 14 19 15 
student 232: 7 4 17 18 3 20 2 5 6 13 9 19 15 8 12 1 10 16 11 14 
student 233: 17 14 16 15 3 11 13 7 6 4 10 18 20 1 2 5 8 12 19 9 
student 234: 4 19 15 20 6 13 8 5 10 12 7 11 16 1 9 3 2 18 17 14 
student 235: 9 17 10 20 7 15 1 5 16 18 19 12 13 2 4 6 3 11 14 8 
student 236: 4 20 7 3 5 16 9 10 8 2 13 17 19 11 15 18 1 12 14 6 
student 237: 14 15 12 16 17 10 2 11 1 13 8 20 19 7 6 3 9 4 18 5 
student 238: 10 15 20 17 4 16 5 7 2 11 18 19 12 3 8 13 6 1 14 9 
student 239: 16 20 4 19 9 10 12 5 13 6 17 18 14 3 1 11 2 8 15 7 
student 240: 13 11 6 12 19 18 1 8 14 7 10 15 20 2 4 5 3 16 17 9 
student 241: 6 14 8 17 3 18 11 5 20 7 9 19 12 2 13 16 1 10 15 4 
student 242: 18 20 6 14 8 13 3 5 4 11 10 17 19 1 2 9 7 12 16 15 
student 243: 10 14 17 18 1 16 8 2 3 4 19 20 9 5 7 11 6 12 15 13 
student 244: 6 15 9 7 8 20 1 17 2 18 16 11 14 3 4 13 5 10 19 12 
student 245: 12 17 15 19 4 13 2 14 3 11 20 18 10 6 7 5 1 9 16 8 
student 246: 2 15 9 19 11 3 7 8 4 17 14 20 16 5 1 6 12 13 18 10 
student 247: 4 19 6 14 11 18 9 3 15 8 10 16 20 2 12 13 7 5 17 1 
student 248: 10 19 11 20 1 17 2 3 6 15 12 18 13 8 5 7 4 9 16 14 
student 249: 3 18 12 17 8 13 7 2 6 10 16 20 11 5 9 4 1 15 19 14 
student 250: 4 7 19 16 10 17 1 8 13 11 5 20 14 2 3 9 18 12 15 6 
student 251: 16 14 17 18 2 12 11 1 4 6 10 19 20 3 5 8 13 7 15 9 
student 252: 4 16 11 13 3 18 10 1 6 12 7 19 15 5 9 17 2 8 20 14 
student 253: 2 17 11 14 6 20 5 3 9 19 13 18 4 1 7 15 8 16 10 12 
student 254: 8 9 18 16 10 12 1 3 5 13 17 19 20 6 2 11 4 7 15 14 
student 255: 4 10 11 18 14 20 6 5 7 19 12 17 16 1 8 2 3 13 15 9 
student 256: 10 19 18 12 6 16 1 5 17 15 13 9 14 2 11 7 3 20 8 4 
student 257: 4 9 20 18 6 14 2 17 1 13 19 16 10 3 8 11 5 7 15 12 
student 258: 6 11 19 20 12 13 3 1 2 14 10 17 8 7 9 4 5 16 15 18 
student 259: 10 17 13 20 7 12 8 11 5 2 6 19 15 1 3 14 9 4 16 18 
student 260: 10 17 9 20 13 15 4 3 8 11 19 16 14 5 1 2 7 12 18 6 
student 261: 12 19 10 15 1 18 3 9 8 17 11 14 2 7 5 6 4 13 20 16 
student 262: 4 15 14 18 1 19 7 2 12 11 13 20 16 9 5 8 10 17 6 3 
student 263: 16 19 4 15 12 20 5 2 6 13 14 9 17 3 1 10 8 11 18 7 
student 264: 5 16 17 19 13 14 4 3 6 11 18 20 8 1 2 10 7 9 15 12 
student 265: 17 20 19 16 11 7 4 2 9 5 8 18 12 3 13 14 6 1 15 10 
student 266: 7 17 19 18 9 11 3 1 10 4 12 16 14 2 5 13 6 15 20 8 
student 267: 5 19 15 17 9 14 4 10 6 8 13 18 20 1 3 11 2 7 12 16 
student 268: 1 20 12 8 13 18 2 14 5 10 17 16 11 4 3 15 6 9 19 7 
student 269: 5 20 16 18 7 15 9 4 6 19 12 13 14 1 2 3 8 11 17 10 
student 270: 10 12 13 11 7 20 3 6 16 5 19 17 18 2 4 9 15 8 14 1 
student 271: 1 16 13 20 5 6 4 9 11 8 19 17 18 3 2 15 7 10 14 12 
student 272: 10 14 12 19 6 20 4 9 8 13 2 15 11 1 18 7 5 16 17 3 
student 273: 20 15 4 16 2 11 19 1 6 13 8 18 9 5 10 7 3 14 17 12 
student 274: 5 19 16 3 4 12 2 6 8 9 13 20 17 1 11 7 15 10 18 14 
student 275: 1 16 17 19 9 18 2 14 15 12 8 11 13 4 6 3 5 10 20 7 
student 276: 6 16 4 18 17 12 5 2 10 14 13 7 19 1 9 8 3 15 20 11 
student 277: 9 19 4 18 2 14 10 3 11 8 16 17 20 1 7 15 5 6 12 13 
student 278: 13 18 12 19 8 14 1 3 4 7 15 20 9 2 5 6 10 16 17 11 
student 279: 12 15 16 20 2 5 7 6 3 19 11 18 14 8 13 10 1 4 9 17 
student 280: 13 20 15 10 3 17 2 7 8 1 12 18 14 4 11 6 5 16 19 9 
student 281: 9 13 20 15 2 11 5 1 12 14 10 19 8 6 18 7 3 16 17 4 
student 282: 12 14 16 20 9 18 8 10 1 13 11 7 19 5 3 6 2 4 17 15 
student 283: 7 18 15 11 2 3 1 6 9 8 20 19 16 4 12 13 5 17 10 14 
student 284: 6 14 16 15 4 19 2 3 12 10 18 13 20 7 9 8 1 11 17 5 
student 285: 13 18 7 19 14 16 4 11 9 8 10 20 12 1 5 6 2 17 15 3 
student 286: 7 18 8 19 11 20 5 1 9 13 15 17 10 3 2 14 6 4 12 16 
student 287: 6 17 8 15 7 16 2 9 1 11 12 18 14 3 5 10 4 19 20 13 
student 288: 9 14 16 18 8 11 2 3 1 15 10 19 20 5 6 4 7 13 17 12 
student 289: 8 20 15 16 10 11 6 1 5 13 12 17 14 7 3 4 2 18 19 9 
student 290: 7 17 16 19 1 18 4 13 2 14 20 10 15 3 5 8 6 11 9 12 
student 291: 10 15 16 19 11 17 3 2 13 8 1 12 18 4 7 5 6 9 20 14 
student 292: 11 17 3 20 15 8 5 9 10 2 4 16 19 7 6 12 1 18 13 14 
student 293: 12 18 16 19 8 17 5 2 1 11 15 20 7 10 6 9 4 3 14 13 
student 294: 5 17 12 14 8 18 4 15 6 13 16 20 11 2 10 9 1 7 19 3 
student 295: 6 10 17 20 4 14 9 16 1 19 13 18 5 3 15 7 2 12 11 8 
student 296: 11 16 12 19 10 15 5 1 6 8 14 20 17 2 3 13 4 9 18 7 
student 297: 8 17 10 20 4 15 2 3 11 9 13 18 19 1 6 7 5 12 14 16 
student 298: 13 17 19 12 7 18 4 9 1 3 6 20 16 2 8 10 5 15 14 11 
student 299: 11 20 12 17 4 18 9 8 2 10 6 19 14 5 3 7 1 16 13 15 
student 300: 9 19 15 17 6 18 3 7 5 12 8 16 20 2 4 14 1 11 13 10 
student 301: 8 18 13 17 11 10 3 12 4 15 16 20 14 1 7 9 2 6 19 5 
student 302: 5 20 13 18 11 16 8 2 7 10 9 17 14 1 4 6 3 19 15 12 
student 303: 17 19 3 20 15 16 5 10 7 4 12 14 13 1 6 9 2 8 18 11 
student 304: 9 18 16 19 3 17 2 5 8 13 12 20 11 1 6 7 4 14 15 10 
student 305: 11 17 13 20 10 15 1 6 18 16 8 19 12 3 9 7 2 4 14 5 
student 306: 8 17 13 19 9 20 7 6 4 2 10 15 14 1 5 18 11 3 16 12 
student 307: 5 14 12 13 4 17 1 7 2 20 11 19 16 8 6 9 3 18 15 10 
student 308: 11 18 17 16 10 15 7 3 6 20 2 19 13 1 9 12 4 14 5 8 
student 309: 10 9 19 16 6 18 2 4 3 15 13 20 17 7 1 12 5 8 14 11 
student 310: 8 17 11 14 6 19 12 4 16 13 2 15 20 3 5 7 1 10 18 9 
student 311: 14 16 18 3 12 6 2 4 5 9 17 8 19 7 13 10 1 15 20 11 
student 312: 10 16 12 19 6 15 7 1 8 5 18 20 9 2 11 3 4 17 14 13 
student 313: 6 20 11 18 15 17 4 1 2 9 10 14 13 3 7 8 5 19 16 12 
student 314: 4 16 9 20 5 17 10 8 7 14 18 19 11 1 3 13 2 12 15 6 
student 315: 9 17 1 19 2 20 3 6 8 18 10 16 13 5 7 4 12 14 15 11 
student 316: 11 20 6 14 8 18 4 3 9 13 16 17 7 2 10 1 5 12 15 19 
student 317: 15 14 20 19 8 10 2 3 4 13 17 16 18 1 11 5 6 12 7 9 
student 318: 4 19 17 20 8 14 1 7 3 6 10 16 12 2 18 11 5 15 13 9 
student 319: 3 16 17 19 4 15 2 8 13 10 12 20 11 1 6 9 5 7 18 14 
student 320: 7 16 20 18 5 17 3 14 4 13 15 19 11 8 2 10 1 9 6 12 
student 321: 15 4 16 20 10 8 7 9 5 13 11 18 19 2 3 6 1 14 12 17 
student 322: 10 18 17 16 15 7 4 13 5 6 9 20 11 12 3 2 1 14 19 8 
student 323: 10 15 2 13 12 18 1 9 14 19 3 8 6 11 4 7 5 20 17 16 
student 324: 10 19 12 20 8 18 2 4 3 11 14 16 17 9 6 5 1 15 13 7 
student 325: 14 11 13 20 9 16 4 3 1 15 12 18 17 5 6 8 2 10 19 7 
student 326: 7 14 8 18 4 12 6 9 13 11 5 20 17 1 3 2 10 15 19 16 
student 327: 9 16 19 17 4 20 10 7 3 8 13 18 14 5 1 11 2 12 15 6 
student 328: 8 18 17 20 1 12 2 7 10 16 13 19 15 5 3 4 6 9 14 11 
student 329: 7 18 17 19 10 12 1 6 8 9 11 20 16 2 4 13 3 15 14 5 
student 330: 12 19 18 20 4 8 1 10 6 9 16 17 14 2 3 7 5 15 11 13 
student 331: 12 8 16 17 9 19 2 5 7 10 15 18 13 3 6 4 1 14 20 11 
student 332: 8 3 13 12 11 19 6 16 10 4 14 18 17 5 2 9 7 15 20 1 
student 333: 11 14 12 20 7 10 2 9 8 16 13 17 19 5 1 3 6 15 18 4 
student 334: 7 14 11 18 16 20 2 13 6 9 10 15 19 1 5 8 3 4 17 12 
student 335: 16 13 19 14 8 15 10 9 1 7 12 18 20 3 2 4 5 11 6 17 
student 336: 16 17 20 19 3 18 6 2 9 7 14 8 15 1 5 12 4 10 11 13 
student 337: 11 19 9 20 4 15 5 13 6 7 18 16 14 2 1 8 3 10 17 12 
student 338: 10 7 18 16 6 20 1 2 5 17 13 19 14 4 11 8 3 9 15 12 
student 339: 4 13 14 20 7 15 3 8 1 11 12 19 9 2 5 6 16 17 18 10 
student 340: 10 18 12 20 3 16 4 1 6 5 19 14 15 2 8 7 9 11 17 13 
student 341: 5 14 16 17 6 19 7 1 11 9 12 20 15 3 13 4 2 8 18 10 
student 342: 13 11 2 19 8 18 4 3 6 14 17 20 10 1 5 15 7 12 9 16 
student 343: 16 12 8 20 7 19 4 11 6 9 5 18 17 1 2 13 3 10 14 15 
student 344: 6 16 14 18 9 19 3 2 1 13 10 17 15 8 12 5 7 4 20 11 
student 345: 5 20 18 10 7 13 6 12 4 1 16 19 15 2 8 14 3 11 9 17 
student 346: 8 2 15 18 11 20 13 4 7 9 16 19 17 1 5 6 3 12 14 10 
student 347: 9 6 15 18 5 13 4 3 2 11 17 8 19 1 7 10 12 14 20 16 
student 348: 11 17 6 15 2 13 5 1 8 19 4 16 10 3 7 12 20 18 14 9 
student 349: 13 17 9 18 5 16 3 12 1 11 14 20 19 2 4 10 7 6 15 8 
student 350: 8 15 9 20 2 17 4 3 6 10 16 19 11 1 7 14 5 13 18 12 
student 351: 12 20 14 18 11 15 2 3 8 9 16 19 5 1 4 7 10 17 6 13 
student 352: 13 17 12 18 7 20 6 4 5 2 15 19 16 3 9 11 8 1 10 14 
student 353: 11 19 12 16 13 18 4 9 3 14 6 20 17 1 2 5 8 7 15 10 
student 354: 12 8 19 18 10 15 17 1 2 14 9 20 16 3 7 11 5 13 6 4 
student 355: 2 12 16 20 4 17 7 3 8 13 10 19 18 11 5 6 1 14 15 9 
student 356: 11 19 8 18 12 17 1 4 10 15 14 16 20 2 3 7 5 6 9 13 
student 357: 5 19 12 14 16 13 1 3 11 8 9 15 18 4 6 10 2 17 20 7 
student 358: 20 15 13 18 7 16 3 1 12 19 11 9 17 2 6 5 4 10 14 8 
student 359: 8 20 16 14 9 19 4 7 6 10 3 12 17 1 2 15 5 13 18 11 
student 360: 19 13 20 15 10 18 7 4 3 6 5 14 16 1 2 17 8 11 12 9 
student 361: 4 16 11 18 7 15 6 2 3 12 19 20 9 1 8 13 5 14 17 10 
student 362: 6 15 8 19 7 16 3 9 5 11 13 20 14 1 4 12 2 10 18 17 
student 363: 16 15 11 19 9 14 4 5 7 8 12 18 17 2 6 13 1 10 20 3 
student 364: 19 11 16 20 12 15 3 2 9 4 14 18 13 6 5 10 8 7 17 1 
student 365: 12 13 10 6 9 19 4 3 1 18 5 16 17 2 14 8 7 15 20 11 
student 366: 3 16 15 20 13 14 9 2 7 6 19 18 12 4 5 10 1 8 17 11 
student 367: 3 16 9 20 10 18 2 4 7 8 13 14 17 1 6 12 5 11 15 19 
student 368: 9 14 13 19 2 16 4 7 11 8 20 18 15 3 10 1 6 17 5 12 
student 369: 15 14 18 19 12 13 6 10 9 2 7 20 17 3 11 1 8 5 16 4 
student 370: 3 16 14 20 7 17 5 4 8 12 18 19 11 10 6 9 1 15 13 2 
student 371: 2 17 16 20 11 19 1 3 8 10 12 18 15 4 9 14 6 7 13 5 
student 372: 15 9 6 18 10 17 4 7 12 14 19 20 13 3 8 1 11 5 16 2 
student 373: 5 20 2 18 8 19 11 1 6 13 15 16 14 4 12 7 10 9 17 3 
student 374: 3 12 11 16 13 18 4 5 10 8 14 20 15 2 6 9 7 17 19 1 
student 375: 2 13 20 18 14 7 1 5 12 6 9 19 16 3 15 8 4 17 11 10 
student 376: 13 14 20 12 15 19 3 8 6 2 17 18 7 5 4 10 1 16 11 9 
student 377: 18 15 10 17 11 19 6 1 5 3 13 9 16 2 4 7 8 14 20 12 
student 378: 11 19 13 17 4 18 8 15 9 7 12 20 6 2 1 5 3 14 10 16 
student 379: 10 14 13 20 8 19 5 7 2 15 16 18 12 1 4 3 6 11 17 9 
student 380: 12 10 14 20 3 15 13 6 4 16 11 19 18 8 2 5 1 9 17 7 
student 381: 13 16 14 12 2 20 1 11 7 8 10 17 19 3 6 5 4 9 18 15 
student 382: 8 20 18 17 15 19 6 3 5 10 14 9 12 4 7 1 13 2 11 16 
student 383: 9 20 15 17 3 18 1 6 11 8 13 12 16 4 5 2 7 14 19 10 
student 384: 6 14 16 19 13 18 11 2 8 15 7 17 20 5 1 3 9 10 12 4 
student 385: 15 19 13 6 9 18 3 11 7 4 8 20 14 2 10 5 1 12 16 17 
student 386: 7 18 12 14 10 11 13 15 3 16 19 20 9 1 2 8 5 4 17 6 
student 387: 12 17 20 16 2 18 7 8 6 11 5 19 15 9 4 1 3 14 13 10 
student 388: 10 5 19 16 7 18 6 2 1 11 12 20 13 4 8 14 3 15 17 9 
student 389: 8 19 14 17 2 18 13 7 1 9 12 20 15 3 6 5 4 10 11 16 
student 390: 1 19 11 17 13 16 6 5 9 15 14 3 20 2 8 7 4 12 18 10 
student 391: 6 9 17 16 3 15 1 8 18 10 20 19 14 2 5 7 4 12 13 11 
student 392: 14 15 18 13 8 19 1 9 5 17 12 20 16 3 4 10 2 7 6 11 
student 393: 2 15 19 16 10 13 1 18 6 7 9 20 17 3 4 14 8 12 11 5 
student 394: 15 19 5 8 4 14 13 1 3 18 17 20 11 6 7 9 2 10 16 12 
student 395: 10 20 16 19 5 18 4 6 11 3 9 14 17 1 8 7 2 15 13 12 
student 396: 10 13 12 15 5 17 1 3 11 8 19 14 20 2 4 7 6 16 18 9 
student 397: 6 11 19 18 4 15 7 5 9 20 8 17 13 3 12 16 1 10 14 2 
student 398: 12 20 8 19 3 18 1 7 4 11 16 13 17 2 6 14 5 9 10 15 
student 399: 10 13 11 19 6 18 2 8 4 15 14 20 16 1 3 5 12 7 17 9 
student 400: 5 20 13 17 2 15 1 7 6 11 8 19 16 14 3 9 4 10 18 12 
student 401: 8 10 20 18 12 17 4 6 2 11 15 19 16 1 7 3 5 13 14 9 
student 402: 12 19 17 18 3 16 4 11 1 8 14 20 13 2 10 9 5 6 7 15 
student 403: 20 18 7 17 14 15 4 9 1 13 16 12 19 2 8 11 3 5 6 10 
student 404: 11 17 6 16 10 19 3 9 8 18 13 20 15 1 7 2 4 5 14 12 
student 405: 9 14 10 19 1 16 4 8 13 11 15 20 7 3 2 5 6 18 12 17 
student 406: 5 20 1 19 8 18 2 3 9 4 17 16 12 6 15 14 7 13 11 10 
student 407: 2 16 12 18 4 17 5 6 7 11 13 15 14 3 10 8 9 19 20 1 
student 408: 2 17 8 19 9 15 7 4 16 12 14 20 18 1 3 5 10 11 13 6 
student 409: 10 20 16 19 7 18 1 5 8 11 12 15 17 3 6 4 2 14 9 13 
student 410: 9 19 18 14 7 20 2 4 5 13 15 17 10 3 1 12 6 11 16 8 
student 411: 5 15 13 19 11 9 1 10 3 12 7 20 17 2 6 18 4 14 16 8 
student 412: 2 12 16 19 8 17 1 4 7 14 9 20 18 3 13 6 5 10 15 11 
student 413: 10 19 13 20 9 16 6 14 1 5 12 18 15 2 4 8 3 11 17 7 
student 414: 9 19 15 20 10 18 5 8 6 12 13 17 14 1 3 2 4 7 16 11 
student 415: 11 18 15 20 9 13 4 7 12 16 8 19 14 1 2 10 3 5 17 6 
student 416: 12 13 19 18 6 16 1 5 4 14 11 17 15 10 3 8 2 7 20 9 
student 417: 10 19 18 9 4 17 2 8 1 16 15 20 13 3 5 12 6 7 11 14 
student 418: 17 11 6 16 14 19 4 13 8 10 3 20 18 1 2 7 5 9 15 12 
student 419: 12 20 16 13 10 14 2 1 17 18 7 11 9 8 3 15 6 5 19 4 
student 420: 14 11 17 19 12 15 1 5 7 18 6 20 13 2 10 4 3 16 9 8 
student 421: 11 10 18 17 19 14 4 2 3 16 6 20 13 1 9 5 8 12 7 15 
student 422: 9 17 15 12 8 6 3 5 1 20 19 18 10 11 4 7 2 14 16 13 
student 423: 9 16 7 20 5 14 3 4 6 11 13 18 15 8 1 17 2 19 12 10 
student 424: 7 17 6 18 11 13 2 8 5 15 14 19 12 1 3 10 4 20 9 16 
student 425: 1 18 16 20 6 17 7 4 12 15 9 14 19 3 5 10 11 2 13 8 
student 426: 11 19 13 17 9 15 1 4 6 8 7 18 12 2 5 20 3 16 14 10 
student 427: 5 15 16 19 7 18 3 4 10 13 12 20 8 6 9 1 2 17 14 11 
student 428: 9 17 15 20 6 18 3 7 5 10 11 12 16 1 4 14 2 13 19 8 
student 429: 5 18 15 20 9 14 3 7 1 11 12 19 8 4 6 17 2 16 13 10 
student 430: 6 17 11 19 15 16 2 3 10 1 8 18 20 4 12 5 9 13 14 7 
student 431: 14 15 9 17 4 11 3 1 6 7 20 19 13 2 5 8 10 16 18 12 
student 432: 8 17 16 19 11 18 6 1 4 2 10 20 15 5 12 9 3 14 13 7 
student 433: 9 17 15 19 11 18 5 1 16 6 14 12 20 2 3 4 7 10 13 8 
student 434: 11 17 15 19 6 16 2 8 4 5 10 20 14 1 7 12 3 13 18 9 
student 435: 6 8 13 18 10 20 5 7 1 11 17 14 19 3 4 9 2 12 15 16 
student 436: 11 14 15 20 3 19 7 4 2 12 5 16 17 6 8 9 1 10 18 13 
student 437: 14 13 10 16 6 11 3 5 20 12 15 17 9 2 1 8 4 18 19 7 
student 438: 15 12 16 19 4 7 8 3 11 13 20 18 17 1 6 2 10 5 14 9 
student 439: 19 16 2 4 6 12 8 7 15 11 5 20 17 1 9 10 14 13 18 3 
student 440: 12 20 11 14 17 15 4 2 9 6 8 19 16 1 5 7 18 13 10 3 
student 441: 9 20 19 17 8 16 6 7 4 18 15 1 13 2 3 12 5 10 14 11 
student 442: 13 20 14 18 11 17 1 4 9 19 12 16 15 3 7 10 5 2 8 6 
student 443: 9 12 8 20 16 18 1 2 4 13 17 19 14 3 7 11 5 6 15 10 
student 444: 2 19 16 17 9 13 6 8 5 10 18 20 14 4 7 3 1 12 15 11 
student 445: 15 17 11 19 5 9 6 1 3 8 12 20 16 7 14 2 18 10 13 4 
student 446: 2 11 15 13 16 20 7 10 6 9 12 14 18 4 3 1 5 19 17 8 
student 447: 12 20 15 16 9 17 2 10 3 6 11 19 13 8 1 7 4 14 18 5 
student 448: 10 11 17 18 8 12 5 4 14 13 15 19 20 2 6 7 3 16 9 1 
student 449: 4 12 16 18 6 20 2 1 15 8 14 19 17 11 5 13 3 9 10 7 
student 450: 8 18 9 20 2 17 5 3 1 11 15 19 13 7 4 6 10 12 14 16 
student 451: 7 11 16 18 8 20 4 3 12 10 1 17 19 5 6 9 2 13 14 15 
student 452: 17 12 14 16 11 18 2 10 1 19 15 20 7 4 6 3 5 9 13 8 
student 453: 9 11 15 19 6 13 1 2 16 7 18 10 17 3 4 5 14 12 20 8 
student 454: 9 19 18 17 14 13 3 7 12 15 6 20 11 2 4 8 1 10 16 5 
student 455: 9 19 16 18 6 20 3 4 17 10 12 14 11 1 5 8 2 7 15 13 
student 456: 11 19 8 18 12 20 7 1 2 14 4 16 10 5 9 3 6 17 15 13 
student 457: 8 5 13 16 10 18 3 1 9 11 15 19 20 4 14 2 6 7 17 12 
student 458: 14 16 9 19 3 18 4 6 8 2 12 20 15 1 7 10 5 11 13 17 
student 459: 10 20 4 13 9 18 2 3 8 19 14 7 12 5 1 15 11 6 17 16 
student 460: 14 20 15 13 5 16 3 2 1 7 11 19 18 8 9 10 4 12 17 6 
student 461: 16 11 7 17 5 19 6 2 12 15 10 18 20 1 4 14 8 9 13 3 
student 462: 7 17 9 18 6 19 1 10 2 12 13 16 14 3 5 11 4 15 20 8 
student 463: 11 14 16 20 7 10 1 5 3 19 8 18 13 4 9 6 2 15 17 12 
student 464: 1 14 10 9 20 17 5 4 8 2 12 18 16 3 6 13 15 7 19 11 
student 465: 12 15 11 18 10 19 1 14 7 16 20 6 17 4 2 3 8 5 13 9 
student 466: 2 19 18 20 6 17 1 11 3 14 16 15 10 4 8 9 5 12 13 7 
student 467: 16 19 13 20 8 18 9 3 5 6 4 15 7 2 17 12 1 11 14 10 
student 468: 7 18 10 16 8 20 2 4 13 14 11 19 15 1 17 12 6 9 5 3 
student 469: 11 13 12 16 5 18 1 10 9 15 6 20 19 4 7 8 2 14 17 3 
student 470: 3 20 16 19 9 18 2 6 10 12 11 13 15 4 8 14 1 7 17 5 
student 471: 15 17 20 9 2 5 8 4 13 19 11 16 12 7 10 6 1 3 14 18 
student 472: 20 17 11 10 7 19 8 9 13 2 1 16 12 3 18 5 6 4 14 15 
student 473: 13 19 12 17 5 16 1 7 2 18 8 10 20 3 14 6 4 11 15 9 
student 474: 17 14 11 16 8 15 1 9 19 10 12 13 18 4 2 3 6 20 7 5 
student 475: 6 7 15 10 17 16 5 4 8 14 20 19 18 1 9 12 2 11 3 13 
student 476: 14 17 20 6 7 16 3 8 2 9 18 12 19 4 5 13 1 11 15 10 
student 477: 14 12 9 15 2 17 3 7 1 5 13 18 20 10 6 8 4 11 19 16 
student 478: 7 19 9 5 18 13 2 1 15 12 14 20 17 3 8 11 16 6 10 4 
student 479: 3 20 10 13 16 17 7 12 6 18 19 15 14 1 2 9 8 4 11 5 
student 480: 20 8 10 18 4 11 2 6 13 12 16 19 15 3 7 5 1 9 17 14 
student 481: 8 16 7 19 9 17 1 4 18 11 15 13 12 5 10 2 3 6 20 14 
student 482: 11 19 17 16 7 15 6 1 5 8 2 18 20 3 9 10 4 14 12 13 
student 483: 13 9 12 14 11 20 6 2 1 7 18 19 17 3 15 10 4 5 8 16 
student 484: 7 16 13 20 10 9 8 3 5 11 19 17 18 2 6 12 1 15 14 4 
student 485: 15 19 11 17 5 20 3 14 4 6 13 16 8 2 9 12 1 10 18 7 
student 486: 3 13 16 17 2 20 4 8 6 10 15 19 14 1 9 11 7 12 18 5 
student 487: 6 18 10 17 3 19 2 9 15 8 13 16 11 4 7 5 1 14 20 12 
student 488: 15 19 11 2 1 14 3 4 6 20 18 16 17 5 9 7 10 12 13 8 
student 489: 15 16 12 14 6 19 2 3 5 10 7 17 20 8 4 9 1 18 13 11 
student 490: 12 18 19 15 8 20 11 3 10 13 5 17 16 7 4 9 2 6 14 1 
student 491: 6 17 11 18 2 10 1 9 5 12 7 19 15 3 4 13 8 20 14 16 
student 492: 14 16 6 20 5 17 11 10 9 13 4 12 2 3 15 19 7 8 18 1 
student 493: 11 17 16 19 4 14 3 6 7 5 12 18 20 2 9 8 1 13 10 15 
student 494: 4 20 13 18 16 14 2 3 5 8 12 19 15 10 7 6 1 11 17 9 
student 495: 11 14 13 10 3 12 1 5 4 15 8 20 19 9 2 7 6 16 18 17 
student 496: 12 20 19 14 4 16 1 2 7 5 8 18 10 9 6 15 3 11 17 13 
student 497: 13 8 15 17 6 20 3 5 1 11 12 16 19 4 7 9 2 10 18 14 
student 498: 13 14 19 15 6 10 5 4 7 12 18 20 1 2 9 11 3 16 17 8 
student 499: 4 20 8 11 2 18 9 1 10 16 15 3 19 5 12 13 7 6 17 14 
student 500: 2 12 6 18 4 17 3 15 5 20 11 19 14 1 7 9 10 13 16 8 
student 501: 18 17 20 1 11 15 5 8 2 9 10 19 7 3 12 13 4 6 14 16 
student 502: 9 17 15 10 5 8 1 4 18 12 7 14 20 3 13 6 2 19 16 11 
student 503: 1 18 17 12 11 8 2 9 6 16 10 19 13 3 7 15 5 4 20 14 
student 504: 8 12 13 15 3 14 6 7 10 20 16 18 17 1 9 5 2 11 19 4 
student 505: 1 12 13 20 6 10 4 8 18 7 9 17 16 2 5 15 3 11 14 19 
student 506: 15 11 6 19 4 14 5 3 13 8 17 20 12 1 9 7 2 10 18 16 
student 507: 9 10 20 14 4 16 1 11 6 12 17 19 7 3 5 8 2 18 13 15 
student 508: 6 8 11 16 5 20 1 3 4 7 13 15 9 2 18 10 12 17 19 14 
student 509: 5 17 8 14 9 18 7 4 11 16 15 19 2 1 3 13 6 12 20 10 
student 510: 3 17 16 14 11 13 9 4 5 15 10 20 18 1 8 12 2 7 19 6 
student 511: 10 17 5 19 9 14 3 11 8 7 18 16 20 2 12 1 4 15 13 6 
student 512: 10 18 8 11 13 20 3 6 1 16 7 9 17 5 2 14 12 19 15 4 
student 513: 9 11 17 20 1 10 2 3 14 4 15 16 18 5 7 12 13 6 19 8 
student 514: 8 17 6 20 5 11 2 9 13 10 12 18 14 1 16 15 4 19 7 3 
student 515: 3 19 14 18 5 20 1 4 9 12 13 6 17 2 16 10 8 11 7 15 
student 516: 9 16 15 17 2 18 4 6 11 19 7 20 12 3 1 8 5 13 14 10 
student 517: 11 9 18 8 14 19 1 3 6 7 16 20 17 12 2 4 5 13 15 10 
student 518: 14 11 17 18 1 15 2 6 10 7 16 20 13 8 5 4 3 12 19 9 
student 519: 7 16 15 18 3 9 1 14 2 11 10 17 19 6 4 20 5 13 12 8 
student 520: 8 20 17 10 6 18 3 2 4 14 9 19 13 7 15 1 5 16 12 11 
student 521: 9 18 16 14 8 17 2 12 4 3 10 20 19 5 6 11 1 13 15 7 
student 522: 6 20 13 19 17 11 10 7 4 8 15 18 16 2 3 5 1 9 14 12 
student 523: 1 13 15 17 14 19 3 7 8 9 6 18 12 2 10 11 4 5 20 16 
student 524: 3 17 11 20 8 19 4 14 2 13 5 16 18 7 1 9 6 15 10 12 
student 525: 7 12 17 20 6 19 1 4 2 9 14 16 13 15 3 8 5 11 18 10 
student 526: 5 17 15 18 13 19 2 6 9 7 10 20 12 1 8 4 3 11 14 16 
student 527: 7 17 20 13 16 18 4 5 11 2 9 15 3 6 12 10 1 8 14 19 
student 528: 12 17 11 8 9 19 1 10 6 2 7 18 13 4 14 16 3 5 15 20 
student 529: 10 16 18 20 1 15 7 3 4 5 12 19 13 2 14 8 6 17 11 9 
student 530: 7 17 18 16 9 19 1 4 3 14 13 20 2 6 12 8 5 10 15 11 
student 531: 7 16 10 13 12 19 6 2 3 9 11 17 18 5 1 14 4 20 15 8 
student 532: 10 19 4 18 11 17 5 2 13 9 14 20 16 7 1 8 3 6 15 12 
student 533: 15 18 16 14 17 19 1 10 6 5 12 20 13 2 4 3 11 8 9 7 
student 534: 17 18 11 16 8 14 5 4 10 9 15 20 19 1 2 7 6 3 12 13 
student 535: 10 19 17 20 18 14 1 11 4 15 9 12 16 2 6 8 3 5 13 7 
student 536: 8 16 12 10 17 19 3 1 9 13 7 11 15 2 4 5 6 14 20 18 
student 537: 6 11 9 18 4 16 2 3 10 14 19 20 13 1 7 12 5 17 15 8 
student 538: 12 20 11 17 9 19 1 2 5 7 13 15 18 3 6 14 4 8 16 10 
student 539: 16 14 17 18 7 13 8 5 4 10 19 20 15 2 1 3 6 11 12 9 
student 540: 5 10 3 19 4 6 7 1 13 12 9 20 17 8 2 11 16 18 15 14 
student 541: 12 20 14 18 15 19 4 2 10 9 11 8 17 1 6 5 3 7 16 13 
student 542: 13 20 15 8 5 19 1 9 12 10 7 17 16 2 4 3 6 11 18 14 
student 543: 9 11 14 16 13 15 2 6 3 19 4 18 17 1 5 12 7 8 20 10 
student 544: 12 15 9 20 2 10 4 13 5 19 8 16 11 1 7 6 3 18 17 14 
student 545: 9 11 17 16 4 20 6 1 5 15 18 19 8 13 3 7 2 12 14 10 
student 546: 8 16 10 15 7 17 3 2 4 13 6 12 19 1 5 11 9 18 20 14 
student 547: 8 17 19 16 4 15 14 3 1 18 13 20 7 5 9 2 12 10 11 6 
student 548: 4 20 14 16 5 12 8 3 9 18 10 15 7 2 11 13 1 19 17 6 
student 549: 5 17 19 13 10 20 2 11 7 14 6 16 15 1 9 3 4 18 12 8 
student 550: 7 15 9 20 17 14 1 8 2 10 16 19 13 12 3 4 5 11 18 6 
student 551: 10 18 15 17 3 20 2 9 8 14 11 19 13 5 4 7 1 12 16 6 
student 552: 8 20 11 18 9 17 14 4 5 6 13 19 16 7 2 10 3 1 15 12 
student 553: 9 20 18 19 12 16 2 5 15 11 13 17 14 1 4 7 3 8 10 6 
student 554: 16 19 6 20 1 15 5 7 12 10 17 18 13 3 8 2 4 11 14 9 
student 555: 15 17 16 19 12 20 7 2 9 8 11 18 13 3 5 1 10 6 14 4 
student 556: 11 20 16 13 8 4 2 9 3 14 15 19 18 1 6 12 5 7 17 10 
student 557: 9 15 12 18 1 16 5 4 3 13 14 20 17 2 8 6 10 7 19 11 
student 558: 14 20 12 18 6 19 1 8 7 11 15 17 5 4 10 2 3 13 16 9 
student 559: 11 18 13 20 8 16 4 6 7 2 17 19 14 3 10 1 5 12 15 9 
student 560: 2 17 10 18 14 13 1 7 5 9 6 19 11 8 4 16 3 12 15 20 
student 561: 8 19 6 15 3 16 2 10 7 4 9 18 11 1 12 13 5 20 17 14 
student 562: 9 15 18 19 6 16 2 7 4 8 11 17 14 1 20 10 3 13 12 5 
student 563: 7 13 14 20 3 19 8 6 2 10 5 17 15 1 9 18 4 11 16 12 
student 564: 9 20 12 17 5 16 3 8 2 11 13 18 10 1 6 4 7 14 15 19 
student 565: 4 17 15 13 14 5 8 11 1 7 16 18 20 2 3 19 9 12 6 10 
student 566: 11 15 14 20 4 16 9 10 12 1 18 13 7 3 8 2 6 17 19 5 
student 567: 6 10 16 13 11 18 1 8 7 17 14 19 12 3 4 15 2 9 20 5 
student 568: 16 20 9 19 6 18 5 1 11 7 13 15 17 3 4 14 2 12 10 8 
student 569: 12 19 17 9 6 14 4 5 8 15 18 20 16 1 13 10 2 11 3 7 
student 570: 3 16 14 19 20 9 2 4 6 15 13 18 7 1 11 10 5 12 8 17 
student 571: 12 10 15 20 9 18 2 5 11 13 17 19 16 4 6 8 1 3 14 7 
student 572: 4 16 11 14 10 20 6 7 8 12 13 18 17 3 1 9 5 15 19 2 
student 573: 5 19 10 20 4 15 3 18 12 11 13 16 17 2 8 1 7 6 14 9 
student 574: 11 19 8 17 4 16 2 1 5 12 13 20 14 9 3 10 6 15 18 7 
student 575: 12 20 14 18 3 13 5 2 11 4 8 17 15 1 10 6 9 7 16 19 
student 576: 14 5 15 19 8 16 3 7 4 6 13 20 17 2 10 11 9 12 18 1 
student 577: 8 16 15 14 2 17 7 1 5 6 11 19 12 3 9 10 4 20 13 18 
student 578: 2 18 15 16 1 14 10 5 3 13 12 11 9 6 7 4 8 17 20 19 
student 579: 11 18 17 12 7 20 9 4 6 10 15 19 14 1 3 5 2 13 8 16 
student 580: 17 13 15 20 12 18 7 6 9 11 5 19 10 1 3 14 2 16 8 4 
student 581: 7 18 16 19 5 15 2 1 4 9 14 20 11 3 12 10 6 8 17 13 
student 582: 7 20 13 18 12 17 8 11 3 10 19 15 16 5 1 4 6 9 14 2 
student 583: 13 20 12 15 7 16 2 4 9 6 11 8 18 5 1 3 10 14 17 19 
student 584: 2 16 18 13 8 15 5 1 11 17 20 14 6 4 10 9 3 7 19 12 
student 585: 6 19 13 10 4 17 7 8 2 16 11 20 14 1 3 9 5 15 18 12 
student 586: 3 13 14 19 5 10 2 6 18 15 12 16 17 1 4 9 11 7 20 8 
student 587: 18 13 14 19 7 16 4 3 8 12 10 20 15 2 5 11 1 9 17 6 
student 588: 5 20 13 18 6 15 2 3 12 8 16 19 17 1 7 4 14 11 9 10 
student 589: 14 18 5 15 12 19 2 3 4 8 6 20 17 7 11 1 10 13 16 9 
student 590: 15 20 4 19 7 12 1 9 2 14 16 11 17 6 5 13 8 3 18 10 
student 591: 8 20 14 17 10 18 3 1 2 5 7 16 19 4 12 13 9 11 15 6 
student 592: 6 17 14 18 11 15 2 8 3 9 20 19 13 1 4 5 7 10 16 12 
student 593: 20 19 11 18 8 15 1 5 3 9 13 17 12 6 7 2 4 14 16 10 
student 594: 14 17 9 19 1 18 3 4 6 13 12 20 16 2 8 10 5 11 15 7 
student 595: 4 17 12 11 15 10 2 5 7 13 16 20 19 3 8 14 1 18 9 6 
student 596: 6 20 3 18 4 16 5 7 2 12 17 19 10 1 8 13 15 11 14 9 
student 597: 9 18 15 20 4 17 2 8 11 10 16 19 12 1 14 6 3 5 13 7 
student 598: 17 13 8 20 15 16 2 10 6 3 12 18 11 1 4 7 9 5 19 14 
student 599: 1 19 10 14 8 16 2 3 4 18 17 20 15 5 7 6 11 9 13 12 
student 600: 9 17 13 15 4 20 3 6 1 7 11 16 19 5 8 2 10 18 14 12 
student 601: 7 20 13 17 3 15 4 9 6 5 8 18 14 2 19 1 10 16 12 11 
student 602: 6 19 17 20 4 14 1 11 3 7 16 18 12 2 5 13 8 9 15 10 
student 603: 17 19 10 13 14 18 5 2 4 12 15 11 16 1 3 6 8 20 9 7 
student 604: 12 17 15 19 7 16 4 5 6 13 18 14 8 1 2 10 3 9 20 11 
student 605: 7 1 17 15 8 19 3 6 4 11 14 16 20 5 12 10 2 9 18 13 
student 606: 5 17 10 20 9 15 2 6 19 16 7 18 11 3 4 13 1 12 14 8 
student 607: 7 14 15 16 5 20 4 13 2 9 8 19 6 10 1 11 3 18 12 17 
student 608: 11 17 13 20 10 19 1 3 5 18 12 14 15 2 9 6 4 7 8 16 
student 609: 11 10 15 16 14 20 5 6 8 3 17 19 13 1 2 18 4 12 7 9 
student 610: 6 14 16 20 12 17 1 3 5 10 4 19 9 2 11 8 7 13 15 18 
student 611: 7 18 19 8 9 13 1 3 5 15 4 20 14 16 6 11 2 17 12 10 
student 612: 10 19 15 20 5 14 1 4 3 11 13 17 18 2 9 6 7 16 12 8 
student 613: 11 14 7 19 5 16 3 8 10 15 12 20 18 4 2 9 13 6 17 1 
student 614: 12 13 19 14 5 11 1 15 4 8 10 20 16 3 18 6 2 7 17 9 
student 615: 11 14 16 18 2 19 8 6 5 4 7 20 17 9 15 13 3 10 12 1 
student 616: 14 12 9 16 10 18 7 3 8 19 6 20 15 2 1 17 4 13 11 5 
student 617: 12 14 13 19 5 15 1 7 6 9 18 20 10 4 11 2 3 8 16 17 
student 618: 11 20 19 18 3 14 7 1 5 13 9 15 17 2 6 10 4 12 16 8 
student 619: 4 16 15 19 14 20 9 2 3 10 13 17 12 1 5 8 6 7 18 11 
student 620: 11 16 14 18 5 6 2 1 4 19 12 17 20 3 10 13 8 9 15 7 
student 621: 12 19 18 11 10 20 9 4 5 3 17 7 15 2 1 16 6 13 14 8 
student 622: 5 18 20 13 6 11 4 2 9 15 8 14 16 1 3 10 7 19 17 12 
student 623: 11 8 16 19 10 14 3 5 7 12 18 20 17 1 4 13 6 9 15 2 
student 624: 12 17 8 19 11 10 7 1 9 6 15 18 16 2 3 4 5 14 20 13 
student 625: 7 15 20 19 13 18 2 3 1 17 8 11 4 6 10 5 12 16 9 14 
student 626: 9 18 13 10 6 20 2 15 14 8 12 16 19 1 3 11 5 4 17 7 
student 627: 3 16 11 20 15 5 7 9 1 12 17 13 19 6 10 8 4 14 18 2 
student 628: 10 19 17 20 5 12 1 3 13 15 6 18 16 4 8 11 2 14 7 9 
student 629: 13 17 14 19 2 16 4 5 8 12 11 18 9 3 10 6 1 15 20 7 
student 630: 10 17 16 20 12 19 6 4 5 13 11 18 8 3 9 7 2 14 15 1 
student 631: 5 18 14 6 12 19 9 1 8 2 11 10 20 3 4 16 7 17 15 13 
student 632: 6 19 11 20 2 14 1 3 12 8 18 13 17 4 16 10 5 9 15 7 
student 633: 6 19 13 18 8 2 3 4 9 12 16 20 14 1 11 7 5 15 17 10 
student 634: 6 19 10 18 9 15 2 7 8 17 16 20 14 4 12 11 3 5 1 13 
student 635: 11 14 15 19 5 20 7 2 3 6 10 17 13 8 4 9 1 18 12 16 
student 636: 12 17 5 15 8 16 3 2 9 6 19 18 11 1 10 7 4 13 20 14 
student 637: 16 15 10 18 7 17 2 8 3 6 14 19 13 9 1 12 4 11 5 20 
student 638: 5 18 15 17 8 14 9 20 11 12 6 19 3 1 4 10 2 13 16 7 
student 639: 3 19 8 20 7 17 2 4 14 10 6 18 15 1 9 11 5 13 16 12 
student 640: 10 15 9 16 6 17 2 3 7 19 11 20 14 4 1 8 5 13 12 18 
student 641: 9 13 20 12 10 7 5 3 4 15 14 16 18 1 6 11 2 17 19 8 
student 642: 7 19 10 20 6 17 3 13 2 18 8 11 16 1 5 9 4 12 15 14 
student 643: 3 19 10 12 9 14 1 8 15 5 11 16 18 2 4 13 6 20 17 7 
student 644: 16 19 7 15 6 18 10 1 12 11 4 20 9 5 2 8 13 14 17 3 
student 645: 19 16 11 15 2 17 13 7 9 8 14 18 12 3 1 6 10 5 20 4 
student 646: 17 13 10 19 12 18 7 3 8 2 20 16 6 1 4 15 11 9 14 5 
student 647: 12 11 18 20 8 9 6 7 4 16 10 17 13 5 2 15 1 14 3 19 
student 648: 11 17 19 20 4 12 10 3 8 18 9 16 13 2 6 5 1 15 7 14 
student 649: 9 19 12 15 10 11 1 4 8 20 14 13 18 5 7 6 3 17 16 2 
student 650: 18 13 17 19 1 16 7 9 8 6 14 20 11 5 3 2 10 12 15 4 
student 651: 18 20 16 19 9 17 4 5 2 6 12 14 15 1 7 10 13 8 11 3 
student 652: 8 19 16 18 5 15 2 4 3 12 17 20 9 6 7 13 1 10 14 11 
student 653: 5 17 9 13 6 19 14 11 2 8 18 15 16 1 3 7 4 12 20 10 
student 654: 14 18 20 19 10 17 4 8 7 2 12 11 16 1 3 9 6 5 13 15 
student 655: 9 12 15 13 4 6 16 2 5 14 8 20 19 7 10 1 3 18 17 11 
student 656: 14 20 12 17 7 19 1 4 3 10 8 18 15 6 2 13 5 11 16 9 
student 657: 7 17 12 18 5 19 4 1 8 14 11 20 13 2 16 3 6 10 15 9 
student 658: 10 19 8 20 6 13 3 2 11 14 12 17 18 1 5 9 4 15 16 7 
student 659: 16 15 6 18 10 20 2 7 4 5 12 19 17 3 9 13 1 14 8 11 
student 660: 6 19 13 20 7 18 4 10 3 12 11 17 15 2 8 5 1 16 14 9 
student 661: 12 18 13 17 6 20 1 7 5 11 3 16 19 4 8 9 2 14 10 15 
student 662: 14 15 8 19 4 11 10 2 16 9 17 18 20 1 13 6 3 7 12 5 
student 663: 14 16 15 20 6 17 2 5 7 12 8 19 10 3 1 13 11 18 4 9 
student 664: 14 12 9 18 6 19 1 8 4 13 20 16 15 2 7 3 5 11 17 10 
student 665: 4 12 14 18 6 20 1 5 10 17 9 16 7 2 8 11 3 13 19 15 
student 666: 11 20 17 18 6 10 1 2 5 16 13 19 15 3 14 7 4 12 8 9 
student 667: 2 20 11 19 5 18 8 7 13 4 15 16 12 9 3 6 1 10 14 17 
student 668: 13 14 19 18 5 12 3 8 4 11 15 20 17 2 7 10 1 6 16 9 
student 669: 12 17 19 18 7 16 4 9 1 11 14 20 15 2 5 3 6 10 13 8 
student 670: 4 19 20 17 15 9 3 7 5 10 14 18 12 1 2 16 6 11 8 13 
student 671: 9 18 8 19 6 17 11 2 12 13 14 20 15 1 5 3 7 10 16 4 
student 672: 10 19 12 16 7 20 2 3 4 5 9 17 15 1 6 8 13 11 18 14 
student 673: 11 16 12 20 5 13 2 1 3 7 9 18 10 8 4 6 15 14 17 19 
student 674: 11 17 16 18 10 20 4 1 7 9 15 19 13 3 5 8 6 2 14 12 
student 675: 8 20 10 19 4 17 1 5 14 12 11 18 16 3 9 6 2 7 15 13 
student 676: 13 19 17 11 12 14 6 3 2 18 20 5 9 1 7 16 15 8 10 4 
student 677: 12 18 13 15 4 20 1 6 8 11 7 17 16 2 9 10 5 14 19 3 
student 678: 19 20 10 13 7 17 1 2 6 11 14 18 15 5 3 12 9 8 16 4 
student 679: 9 20 14 13 11 18 1 8 4 6 12 17 19 10 2 15 3 5 16 7 
student 680: 4 7 15 20 12 18 1 5 6 11 13 19 16 2 10 8 3 9 17 14 
student 681: 17 15 20 19 6 16 2 5 4 8 13 14 12 1 7 10 3 11 18 9 
student 682: 6 17 15 19 7 18 2 10 11 8 14 16 9 1 5 3 4 13 20 12 
student 683: 12 16 11 20 7 19 3 5 10 14 18 17 13 1 4 6 2 9 15 8 
student 684: 12 16 18 17 4 13 5 2 11 14 15 20 10 3 7 8 6 9 19 1 
student 685: 10 16 8 20 9 15 1 2 7 11 14 19 6 3 4 13 5 17 18 12 
student 686: 10 12 9 15 6 19 11 3 7 13 14 18 16 8 4 5 2 17 20 1 
student 687: 13 18 16 19 8 17 7 1 5 14 9 20 12 2 3 10 4 6 11 15 
student 688: 10 19 14 11 12 18 16 13 6 3 15 20 17 4 2 1 5 9 8 7 
student 689: 7 20 11 16 18 14 1 3 10 15 12 17 13 2 5 4 8 6 19 9 
student 690: 6 20 19 18 7 16 3 11 9 13 12 17 8 1 5 2 4 14 15 10 
student 691: 5 19 15 17 9 13 2 4 8 7 12 20 18 1 16 6 3 11 14 10 
student 692: 7 16 8 20 14 12 9 2 3 10 15 17 13 1 6 11 4 19 5 18 
student 693: 10 19 18 12 5 14 1 3 2 11 13 20 16 6 4 15 7 8 17 9 
student 694: 3 18 12 19 2 16 9 1 10 6 20 11 7 5 8 14 4 15 13 17 
student 695: 14 18 13 17 1 12 2 7 5 20 9 16 15 6 11 10 3 4 19 8 
student 696: 10 19 11 18 8 17 4 6 7 16 20 12 9 2 3 14 1 13 15 5 
student 697: 3 16 9 13 8 15 10 11 4 12 17 19 18 7 2 6 1 14 20 5 
student 698: 10 14 18 16 6 15 3 2 5 11 19 20 12 7 1 9 4 8 13 17 
student 699: 12 16 4 19 17 15 8 9 3 1 10 20 6 2 7 5 13 14 18 11 
student 700: 10 16 14 20 11 12 4 6 3 17 13 19 9 1 8 5 2 18 15 7 
student 701: 1 16 13 18 12 20 2 10 8 9 14 11 17 5 4 19 3 7 15 6 
student 702: 8 20 10 7 12 16 4 2 9 1 14 18 17 3 11 15 6 5 13 19 
student 703: 2 19 14 16 5 18 3 1 17 15 20 12 11 9 8 10 4 13 7 6 
student 704: 6 13 4 17 3 18 10 1 8 12 14 19 16 2 15 11 5 7 20 9 
student 705: 15 14 13 16 5 17 4 1 6 9 11 20 19 3 10 12 2 8 18 7 
student 706: 10 16 12 19 13 14 2 1 6 8 11 18 17 3 4 15 7 5 20 9 
student 707: 17 14 18 15 10 16 7 3 6 12 11 19 9 2 1 4 5 13 20 8 
student 708: 1 9 15 19 10 20 8 5 6 4 2 18 16 3 12 14 7 13 17 11 
student 709: 5 14 12 20 13 19 1 6 2 9 10 18 16 4 11 8 3 15 17 7 
student 710: 8 10 13 14 9 20 12 4 5 18 17 16 15 2 6 1 11 19 3 7 
student 711: 7 9 18 20 11 16 5 4 6 12 15 19 14 1 3 8 2 10 17 13 
student 712: 8 15 20 13 11 9 5 4 2 7 16 19 12 18 1 6 3 14 17 10 
student 713: 11 19 20 8 9 15 1 4 13 17 12 16 18 2 5 6 3 10 14 7 
student 714: 11 17 8 19 16 12 6 9 10 14 2 18 15 4 3 5 1 13 20 7 
student 715: 18 12 9 19 11 20 10 5 6 4 7 16 8 3 15 1 2 17 13 14 
student 716: 12 17 16 19 4 18 5 2 8 3 10 9 14 6 11 15 1 7 20 13 
student 717: 7 19 10 15 12 18 3 4 8 16 13 17 14 2 1 6 5 20 9 11 
student 718: 10 15 18 17 7 16 1 4 8 13 20 19 9 2 5 11 3 14 6 12 
student 719: 3 18 14 19 12 11 2 13 6 10 9 20 16 4 1 5 7 15 8 17 
student 720: 5 17 15 19 9 13 4 3 8 6 12 20 18 2 14 10 1 11 16 7 
student 721: 9 20 14 18 7 19 11 1 2 4 15 13 17 8 6 16 12 5 10 3 
student 722: 12 18 13 17 6 7 1 5 10 9 19 15 2 8 14 3 11 16 20 4 
student 723: 16 12 13 17 5 1 2 3 6 4 10 20 19 18 7 11 8 9 14 15 
student 724: 13 9 19 17 12 16 3 6 2 15 10 20 8 4 11 7 1 14 18 5 
student 725: 6 18 15 16 8 11 10 1 2 12 17 13 19 4 3 9 5 14 7 20 
student 726: 6 5 15 18 8 19 3 9 11 12 14 17 7 2 1 4 16 13 20 10 
student 727: 18 20 12 15 13 19 3 10 6 5 7 14 9 2 1 8 4 16 17 11 
student 728: 16 20 11 18 12 7 1 6 13 10 15 19 17 2 3 8 14 4 5 9 
student 729: 7 19 16 17 12 13 3 5 6 9 10 20 11 4 8 18 1 15 14 2 
student 730: 4 19 18 12 5 17 10 1 3 9 14 20 13 2 16 8 6 7 15 11 
student 731: 18 20 9 15 17 12 2 4 14 6 8 13 11 5 3 16 1 10 19 7 
student 732: 17 8 14 18 9 12 7 3 4 11 16 20 19 2 5 6 1 13 15 10 
student 733: 6 18 12 16 8 20 4 2 17 9 7 14 15 3 1 5 10 11 19 13 
student 734: 10 8 15 18 11 9 2 7 1 14 20 17 12 3 4 19 5 13 6 16 
student 735: 7 17 15 19 12 18 1 10 8 14 9 16 20 5 4 11 3 2 13 6 
student 736: 5 18 9 13 11 16 2 4 15 7 12 6 19 1 3 8 10 17 14 20 
student 737: 10 11 1 17 13 19 2 3 4 9 5 20 16 12 6 8 7 15 14 18 
student 738: 2 15 9 18 1 20 8 3 12 13 10 11 7 5 4 17 6 16 14 19 
student 739: 14 20 13 16 7 9 1 3 4 11 19 18 17 2 10 6 8 12 15 5 
student 740: 10 12 14 20 8 19 2 15 6 4 17 16 18 1 5 9 3 11 13 7 
student 741: 10 20 17 19 4 16 2 14 7 11 8 15 13 1 6 5 3 12 18 9 
student 742: 18 19 8 16 7 10 5 1 2 11 14 20 15 4 3 9 6 12 17 13 
student 743: 1 18 15 16 11 14 4 7 2 10 12 19 17 8 13 5 6 3 20 9 
student 744: 8 19 6 13 2 16 7 1 3 5 10 20 17 4 14 11 9 18 15 12 
student 745: 11 16 7 18 5 15 1 8 6 14 17 20 9 4 3 13 2 12 19 10 
student 746: 6 18 3 16 2 20 1 14 19 10 11 17 15 9 4 7 5 13 12 8 
student 747: 4 20 12 14 6 19 2 3 9 11 8 16 13 1 5 7 15 18 17 10 
student 748: 13 9 19 7 5 20 11 2 1 14 17 18 3 8 6 4 15 12 16 10 
student 749: 9 17 20 13 11 18 5 2 8 6 12 14 19 1 3 10 4 7 16 15 
student 750: 14 17 3 20 10 16 9 8 7 15 19 18 4 5 11 1 2 6 12 13 
student 751: 2 13 14 19 6 17 4 8 5 9 18 20 15 3 10 7 1 16 12 11 
student 752: 7 20 13 19 5 15 1 12 3 10 18 11 16 6 9 2 8 14 17 4 
student 753: 7 19 12 2 3 13 4 5 11 14 9 16 15 1 8 17 6 20 18 10 
student 754: 17 13 10 19 8 20 2 4 12 15 11 14 18 1 3 9 7 6 16 5 
student 755: 4 18 19 15 8 17 2 1 13 5 12 20 16 9 6 3 11 7 14 10 
student 756: 10 11 13 16 8 17 1 4 12 5 9 19 7 6 14 2 3 18 15 20 
student 757: 12 20 11 19 3 16 5 6 10 7 15 14 13 1 8 2 4 18 17 9 
student 758: 4 15 18 20 2 17 5 9 7 12 13 19 14 8 3 1 6 16 11 10 
student 759: 9 17 13 18 12 20 10 4 8 7 16 19 14 11 1 5 2 15 6 3 
student 760: 20 18 10 15 12 14 7 6 1 9 17 19 13 5 3 4 2 11 16 8 
student 761: 18 14 10 19 15 17 3 2 8 6 20 16 13 4 5 9 1 11 12 7 
student 762: 13 12 17 18 2 16 7 11 8 10 20 14 19 1 5 3 4 9 15 6 
student 763: 16 12 5 20 13 9 1 3 8 18 10 17 19 4 11 7 14 2 15 6 
student 764: 3 17 9 20 16 12 1 4 7 13 10 15 19 5 6 14 2 18 11 8 
student 765: 11 16 9 18 14 15 1 5 8 12 19 17 13 2 7 6 3 10 20 4 
student 766: 12 18 16 17 6 9 2 13 11 14 15 20 19 5 3 7 4 10 8 1 
student 767: 4 20 13 18 7 17 8 3 10 12 2 19 15 6 9 5 1 14 11 16 
student 768: 3 18 8 2 19 15 4 6 10 20 14 17 12 1 7 9 5 13 16 11 
student 769: 6 14 13 16 1 17 4 2 10 12 15 20 8 3 9 7 5 19 18 11 
student 770: 10 19 13 20 7 15 18 2 4 8 12 17 9 3 14 1 5 16 11 6 
student 771: 11 20 19 16 8 10 4 7 1 12 13 17 14 2 6 5 3 18 15 9 
student 772: 11 17 14 19 6 18 7 4 2 15 13 12 16 3 5 1 10 9 20 8 
student 773: 14 20 15 12 2 11 5 9 8 16 7 17 18 3 6 13 1 10 19 4 
student 774: 7 16 20 10 13 12 6 5 4 2 17 9 19 1 3 18 15 14 11 8 
student 775: 3 15 9 12 4 16 6 1 2 20 11 18 19 7 13 5 10 8 14 17 
student 776: 5 17 15 20 14 11 3 1 9 2 13 16 19 6 7 8 4 10 18 12 
student 777: 14 16 19 17 11 15 4 3 6 13 18 20 8 2 7 5 1 12 10 9 
student 778: 9 20 15 14 5 18 3 8 10 6 16 17 11 1 7 4 2 12 19 13 
student 779: 5 18 16 19 7 20 8 3 4 12 15 17 13 1 2 10 11 14 9 6 
student 780: 5 20 13 17 8 19 2 4 9 18 16 6 15 1 10 3 7 14 11 12 
student 781: 13 16 14 4 2 19 7 3 8 6 11 20 18 5 12 9 1 10 15 17 
student 782: 12 10 7 15 14 17 2 3 5 13 9 20 18 1 4 8 11 19 16 6 
student 783: 18 20 9 17 3 11 14 1 12 6 16 10 8 4 5 13 2 7 19 15 
student 784: 7 14 8 15 1 12 6 2 11 18 16 20 17 5 4 9 3 13 19 10 
student 785: 14 19 18 17 8 12 5 1 4 10 11 15 20 2 3 16 7 6 13 9 
student 786: 15 5 12 20 17 11 1 6 4 9 13 18 19 2 7 8 3 16 14 10 
student 787: 12 19 13 18 3 20 5 9 7 14 15 17 11 4 1 10 2 8 16 6 
student 788: 10 20 9 15 5 17 1 3 6 7 12 18 14 8 11 4 2 16 19 13 
student 789: 10 18 11 16 6 19 2 7 5 14 15 17 9 1 4 8 3 20 13 12 
student 790: 14 1 17 13 11 15 2 7 5 9 12 18 20 3 10 4 6 8 19 16 
student 791: 6 19 9 14 12 18 7 8 3 5 11 13 20 1 4 15 2 17 16 10 
student 792: 9 12 18 20 2 7 11 8 14 4 16 19 10 5 1 3 6 15 17 13 
student 793: 9 19 16 13 10 20 2 7 5 14 17 12 6 1 8 4 3 15 18 11 
student 794: 15 18 19 9 12 14 2 8 7 16 6 17 13 10 4 5 3 20 11 1 
student 795: 17 20 9 18 8 14 3 4 5 13 10 19 11 2 16 1 6 7 15 12 
student 796: 7 17 9 19 4 18 1 3 15 5 20 14 13 2 8 10 6 11 12 16 
student 797: 11 10 7 16 12 17 3 9 5 14 6 19 18 2 4 8 1 15 13 20 
student 798: 11 12 16 19 3 8 5 13 4 14 18 20 2 6 7 15 1 17 9 10 
student 799: 7 20 8 14 2 15 4 5 11 6 17 19 18 1 10 3 9 13 16 12 
