student 0: 18 16 6 15 5 7 10 13 20 1 4 9 11 3 19 12 8 17 2 14 
student 1: 16 13 6 12 8 15 9 11 14 1 2 18 3 20 17 10 5 7 4 19 
student 2: 17 7 6 20 3 11 19 13 18 1 4 8 2 16 12 10 9 5 14 15 
student 3: 20 15 2 9 7 12 14 6 18 4 5 8 1 16 17 10 11 13 3 19 
student 4: 15 8 5 7 6 3 14 12 18 11 2 17 10 20 16 13 4 1 9 19 
student 5: 13 10 5 19 7 4 8 15 18 2 1 14 6 9 17 12 3 11 16 20 
student 6: 9 13 5 16 11 8 14 12 7 1 10 3 2 18 19 15 6 20 4 17 
student 7: 19 13 3 14 1 11 6 8 20 2 5 7 16 17 10 15 18 4 9 12 
student 8: 9 3 1 13 14 11 7 20 19 12 2 6 5 8 15 10 4 17 18 16 
student 9: 15 7 4 16 5 2 12 11 17 3 13 9 1 19 18 10 6 8 14 20 
student 10: 13 7 11 15 4 3 6 17 10 8 1 12 5 19 16 14 9 2 18 20 
student 11: 15 8 2 10 4 6 11 19 20 3 5 7 13 18 12 17 1 14 9 16 
student 12: 15 17 6 20 11 1 2 13 16 3 4 9 7 8 14 19 12 5 10 18 
student 13: 16 18 10 8 4 5 12 15 19 6 1 2 3 14 20 13 17 7 9 11 
student 14: 13 15 5 18 4 6 11 16 20 1 3 10 2 17 19 12 8 7 9 14 
student 15: 17 13 1 19 4 9 11 10 18 2 5 8 6 20 14 12 15 7 3 16 
student 16: 16 17 2 12 7 14 9 10 20 6 4 5 1 11 18 13 8 15 3 19 
student 17: 20 14 1 16 2 9 12 11 15 5 3 6 13 17 19 8 10 7 4 18 
student 18: 19 11 6 14 3 7 12 13 15 1 16 2 4 18 17 9 5 10 8 20 
student 19: 15 14 6 9 3 4 11 17 18 1 2 8 5 12 19 7 16 13 10 20 
student 20: 17 20 4 6 10 7 9 19 15 1 2 5 3 14 16 12 8 13 18 11 
student 21: 19 12 1 16 6 9 13 15 17 2 4 8 5 10 18 7 14 11 3 20 
student 22: 15 11 5 14 9 8 17 12 20 2 3 1 4 16 18 7 10 6 13 19 
student 23: 14 17 4 5 8 6 13 19 18 1 3 9 2 12 20 11 7 15 10 16 
student 24: 18 7 11 10 13 12 9 6 20 2 5 4 1 17 19 15 3 8 14 16 
student 25: 17 11 4 14 15 8 6 13 12 1 10 5 9 16 20 2 18 3 7 19 
student 26: 9 8 2 20 4 10 14 5 16 3 11 7 1 17 18 15 12 6 13 19 
student 27: 17 16 6 15 5 1 7 20 13 3 4 10 2 9 14 18 12 11 8 19 
student 28: 15 10 6 5 8 17 7 16 19 1 3 13 4 12 18 11 14 9 2 20 
student 29: 11 15 2 13 8 4 17 18 6 1 3 12 5 19 10 7 9 16 14 20 
student 30: 18 6 8 10 7 1 15 12 20 5 2 4 3 14 17 16 11 13 9 19 
student 31: 18 16 6 14 10 15 3 7 13 1 4 9 2 20 17 12 5 11 8 19 
student 32: 16 9 1 8 3 5 10 19 20 7 2 6 4 17 18 14 13 15 11 12 
student 33: 13 12 4 18 3 1 2 16 14 9 5 10 6 19 11 7 17 15 8 20 
student 34: 20 19 7 16 3 4 17 12 18 1 5 8 9 11 6 2 15 10 13 14 
student 35: 17 14 11 16 3 15 7 10 20 2 1 5 6 19 13 9 4 12 8 18 
student 36: 15 3 7 4 6 8 11 16 19 5 10 9 2 20 18 13 1 12 17 14 
student 37: 19 7 2 5 11 13 20 15 17 3 10 8 4 16 18 6 12 14 1 9 
student 38: 13 20 5 19 10 6 9 11 18 4 2 16 1 14 17 3 7 8 15 12 
student 39: 2 15 4 19 13 5 6 18 14 3 7 17 8 20 12 11 10 16 1 9 
student 40: 18 16 7 12 6 11 9 8 10 1 3 2 5 17 15 13 4 20 14 19 
student 41: 16 12 4 15 8 11 13 18 20 6 3 2 9 17 19 10 1 14 5 7 
student 42: 20 13 5 18 11 1 2 12 16 6 17 3 4 19 14 7 8 9 10 15 
student 43: 11 12 3 15 1 17 5 14 18 7 2 6 4 19 20 8 10 9 13 16 
student 44: 12 18 3 15 9 8 7 13 19 6 4 11 5 16 20 14 1 2 10 17 
student 45: 19 8 4 16 13 5 11 10 12 2 3 1 20 17 14 7 9 6 15 18 
student 46: 18 11 6 17 3 7 14 4 15 1 5 8 2 12 16 20 10 13 9 19 
student 47: 16 15 3 12 1 14 11 4 18 7 10 5 2 17 8 20 9 6 13 19 
student 48: 12 19 3 10 7 4 9 8 20 2 6 13 1 15 18 16 5 11 14 17 
student 49: 14 8 13 15 4 17 11 18 7 1 2 6 5 10 9 20 3 12 16 19 
student 50: 18 14 8 1 5 12 16 13 17 2 4 6 3 19 15 9 11 10 7 20 
student 51: 12 20 3 16 2 10 7 15 18 1 5 8 11 14 17 9 4 13 6 19 
student 52: 18 13 3 9 1 5 7 16 20 2 10 6 11 14 17 8 4 12 15 19 
student 53: 18 4 3 20 9 10 14 15 13 1 2 6 8 12 7 17 19 5 16 11 
student 54: 20 8 3 16 18 1 5 14 17 4 6 7 2 12 19 13 11 9 10 15 
student 55: 19 12 7 17 13 1 8 18 20 5 6 4 2 15 9 3 11 10 14 16 
student 56: 18 10 6 14 2 5 9 11 19 4 1 20 3 15 16 12 7 13 8 17 
student 57: 13 11 5 16 4 7 8 12 19 1 6 9 2 18 14 17 10 3 20 15 
student 58: 18 10 12 6 3 7 9 13 19 4 2 1 16 17 15 14 5 11 8 20 
student 59: 13 16 1 15 3 4 7 11 19 5 9 10 2 8 18 20 14 17 6 12 
student 60: 9 14 6 19 1 8 13 18 11 2 5 3 12 15 20 10 17 7 4 16 
student 61: 16 14 11 18 3 8 12 2 17 5 7 15 1 4 10 13 6 9 19 20 
student 62: 19 16 7 11 12 6 15 13 17 14 1 2 3 18 8 4 10 5 9 20 
student 63: 8 17 2 16 11 4 10 14 19 1 7 3 6 18 15 13 5 12 9 20 
student 64: 13 11 6 8 7 12 14 17 19 5 3 1 9 10 16 2 15 18 4 20 
student 65: 11 18 4 14 6 7 8 15 10 1 2 5 3 19 13 16 17 9 12 20 
student 66: 12 13 2 15 11 5 8 16 19 9 3 10 1 18 17 6 14 7 4 20 
student 67: 12 15 4 18 2 9 14 16 20 1 3 7 6 5 19 11 17 10 13 8 
student 68: 12 14 4 20 7 8 13 11 15 1 2 6 9 5 17 19 10 16 3 18 
student 69: 16 14 6 17 7 10 12 20 19 4 1 5 2 15 18 11 3 8 9 13 
student 70: 20 15 13 9 7 8 12 10 11 2 4 3 1 18 14 17 5 16 6 19 
student 71: 13 12 11 16 1 3 5 9 19 4 2 10 6 17 7 15 14 20 8 18 
student 72: 19 17 1 16 3 7 13 15 18 2 5 4 11 6 8 14 12 10 9 20 
student 73: 19 16 4 13 8 3 7 10 20 2 9 5 1 15 17 14 11 12 6 18 
student 74: 20 12 2 18 8 5 14 11 19 1 4 6 7 13 17 10 9 15 3 16 
student 75: 20 13 4 15 7 8 9 10 16 2 1 11 5 19 12 6 18 17 3 14 
student 76: 20 14 5 13 1 9 15 10 12 2 6 11 4 16 18 17 7 3 19 8 
student 77: 12 17 2 19 9 7 6 10 4 3 1 13 5 15 18 16 11 14 8 20 
student 78: 14 17 10 9 2 3 12 7 15 4 1 8 5 19 13 11 16 18 6 20 
student 79: 19 16 10 15 2 5 8 13 17 1 4 7 3 9 14 18 6 12 11 20 
student 80: 9 12 1 17 5 4 10 14 19 2 3 6 13 18 16 15 8 11 7 20 
student 81: 15 12 4 14 9 10 7 20 18 6 2 3 11 19 8 17 13 5 1 16 
student 82: 19 17 9 18 3 7 4 12 14 1 8 13 5 15 20 10 11 6 2 16 
student 83: 20 3 8 13 11 4 7 15 10 1 5 2 6 17 18 14 12 16 9 19 
student 84: 14 11 1 4 12 9 15 8 19 5 2 10 6 7 16 18 20 13 3 17 
student 85: 17 16 10 14 2 3 11 7 19 8 1 9 4 13 18 12 6 15 5 20 
student 86: 16 15 4 14 8 13 6 17 9 1 7 10 2 19 20 5 3 12 11 18 
student 87: 18 12 13 7 2 4 3 14 20 11 5 10 15 8 19 9 16 1 6 17 
student 88: 16 13 10 2 8 11 9 4 14 3 6 1 5 17 20 15 7 19 12 18 
student 89: 19 6 11 17 5 7 4 13 16 10 3 2 1 12 20 9 15 14 8 18 
student 90: 15 18 4 7 11 3 10 20 13 6 1 17 2 19 12 14 9 8 5 16 
student 91: 19 18 7 13 10 1 12 16 17 6 2 5 3 9 15 14 8 4 11 20 
student 92: 15 9 5 17 7 1 4 11 18 10 6 14 19 13 20 8 3 12 2 16 
student 93: 4 13 7 16 1 15 8 20 18 5 2 11 3 10 17 9 14 12 6 19 
student 94: 20 13 3 10 11 7 12 15 18 6 1 2 4 16 19 17 8 9 5 14 
student 95: 16 8 3 17 7 20 6 15 10 2 12 18 1 11 14 5 9 13 4 19 
student 96: 19 8 14 6 2 16 12 15 17 1 4 5 3 20 18 13 11 10 7 9 
student 97: 18 8 3 12 6 4 11 13 14 7 10 2 1 19 17 9 5 16 15 20 
student 98: 18 14 4 10 5 7 13 15 16 1 3 2 11 17 20 8 6 12 9 19 
student 99: 12 8 2 5 9 6 17 10 18 3 4 7 1 13 19 20 16 11 14 15 
student 100: 17 16 9 13 4 10 11 18 19 2 1 7 3 15 20 14 6 8 5 12 
student 101: 13 14 3 15 5 10 17 18 16 1 4 6 2 12 19 9 8 11 7 20 
student 102: 14 17 1 19 6 8 7 16 11 2 5 9 4 20 18 12 10 13 3 15 
student 103: 18 13 14 11 4 20 9 17 19 1 5 2 3 12 8 7 10 6 16 15 
student 104: 20 19 6 3 10 4 9 13 16 2 8 1 5 14 15 12 7 11 18 17 
student 105: 19 5 6 10 11 9 15 16 14 3 1 7 12 20 17 13 4 8 2 18 
student 106: 16 13 4 17 2 12 8 14 20 9 6 5 1 19 18 11 7 10 3 15 
student 107: 17 12 2 6 20 11 8 15 19 5 3 14 1 16 13 10 7 9 4 18 
student 108: 17 15 3 11 4 10 14 12 16 5 2 6 1 13 19 8 9 18 7 20 
student 109: 19 13 11 14 2 4 9 12 16 5 6 3 1 20 17 8 18 7 10 15 
student 110: 20 9 5 16 13 6 14 11 18 2 7 1 3 15 19 12 8 17 4 10 
student 111: 18 13 6 19 7 5 11 16 14 10 2 4 1 9 17 15 8 12 3 20 
student 112: 15 16 9 8 6 5 12 10 14 4 1 2 17 11 20 13 18 7 3 19 
student 113: 19 12 11 20 2 6 10 15 18 4 9 5 1 16 17 14 7 8 3 13 
student 114: 19 11 6 14 4 8 15 17 13 2 3 7 1 5 16 18 9 10 12 20 
student 115: 3 19 10 16 8 7 9 12 15 5 4 11 1 17 18 13 6 2 14 20 
student 116: 19 14 7 9 5 8 17 16 15 1 2 4 3 13 20 10 6 12 11 18 
student 117: 18 11 16 15 3 2 17 9 14 1 6 10 4 19 20 8 12 5 7 13 
student 118: 16 13 4 10 12 5 9 18 17 1 2 8 3 15 19 11 14 7 6 20 
student 119: 16 9 1 11 3 18 10 15 20 5 6 8 2 12 17 4 7 13 14 19 
student 120: 17 5 2 16 6 8 10 18 14 7 1 3 4 19 20 13 11 12 9 15 
student 121: 18 13 9 16 2 15 17 10 19 12 1 7 3 14 11 5 8 4 6 20 
student 122: 19 12 9 10 6 2 20 14 18 8 1 3 16 15 11 7 4 13 5 17 
student 123: 15 6 5 14 9 7 3 8 20 4 2 10 1 19 18 12 16 17 11 13 
student 124: 13 15 3 19 6 8 10 16 17 1 2 7 4 14 18 11 12 9 5 20 
student 125: 17 5 1 20 4 10 6 9 18 2 11 12 3 8 16 15 7 13 14 19 
student 126: 16 15 6 20 11 8 12 10 19 3 2 13 5 7 14 4 1 17 9 18 
student 127: 11 12 9 13 5 14 1 17 20 3 4 7 2 15 16 8 10 19 6 18 
student 128: 20 11 3 16 5 6 12 13 19 2 1 9 4 15 18 8 7 14 10 17 
student 129: 18 11 1 12 3 14 7 13 20 4 5 8 2 15 17 19 10 6 9 16 
student 130: 20 13 3 14 4 9 6 15 16 7 1 10 2 18 19 12 8 11 5 17 
student 131: 16 13 2 18 10 9 8 6 20 3 1 7 4 15 17 11 12 5 14 19 
student 132: 17 11 7 14 4 13 6 20 8 9 5 3 1 15 2 18 12 10 19 16 
student 133: 15 16 6 13 8 5 12 19 20 1 2 11 7 17 14 3 10 4 9 18 
student 134: 18 12 11 20 2 7 15 6 16 3 5 8 1 17 10 14 19 4 9 13 
student 135: 16 14 4 8 5 9 12 10 20 1 3 2 7 15 19 17 6 13 11 18 
student 136: 20 10 11 16 2 8 7 12 17 5 1 3 9 6 18 15 4 14 13 19 
student 137: 16 13 8 5 1 11 10 9 17 2 6 4 3 18 20 12 7 19 14 15 
student 138: 10 8 2 18 4 7 19 14 20 3 1 15 5 12 16 13 6 9 11 17 
student 139: 17 11 9 15 2 8 7 6 18 1 5 3 13 14 19 12 10 16 4 20 
student 140: 20 2 1 15 5 12 9 4 16 11 6 3 7 14 18 19 8 13 17 10 
student 141: 18 15 9 16 10 6 14 17 20 1 2 4 3 11 5 7 13 12 8 19 
student 142: 14 19 4 11 8 2 9 16 20 6 5 3 1 15 18 13 7 12 10 17 
student 143: 13 16 4 20 5 6 11 15 17 1 2 9 3 14 18 8 10 12 7 19 
student 144: 15 12 3 16 5 6 4 13 20 9 1 7 2 17 19 14 10 11 8 18 
student 145: 17 12 6 4 16 11 5 14 8 7 1 9 2 18 10 3 13 15 19 20 
student 146: 16 17 7 14 9 11 3 12 20 1 4 6 2 13 15 8 5 18 10 19 
student 147: 17 16 4 15 10 13 11 8 18 7 12 2 9 20 5 3 6 14 1 19 
student 148: 11 13 8 16 9 7 2 10 18 6 14 5 1 19 20 3 4 15 12 17 
student 149: 14 18 7 8 9 5 11 16 20 3 4 15 1 2 17 12 6 10 13 19 
student 150: 20 15 6 16 5 9 7 19 14 1 2 4 3 8 17 13 11 12 10 18 
student 151: 15 11 10 14 1 4 5 12 19 8 2 6 3 13 18 9 16 20 7 17 
student 152: 18 11 4 12 1 16 13 10 20 2 9 8 7 14 17 19 5 6 3 15 
student 153: 18 4 6 17 1 7 9 15 20 3 5 8 2 14 11 16 10 12 13 19 
student 154: 12 6 1 17 5 8 11 19 9 7 10 4 2 20 13 15 3 16 14 18 
student 155: 20 14 5 17 9 11 8 7 19 2 1 6 4 16 13 12 3 15 10 18 
student 156: 17 6 2 4 5 13 7 11 20 16 1 9 12 19 15 10 14 8 18 3 
student 157: 8 10 7 11 12 6 4 19 20 1 5 3 2 15 16 17 14 13 9 18 
student 158: 15 16 5 14 3 11 13 10 17 7 2 12 1 19 20 8 6 9 4 18 
student 159: 16 12 1 8 6 15 7 18 20 2 3 4 17 10 13 19 11 5 9 14 
student 160: 16 15 6 7 3 8 12 11 17 4 18 2 10 19 14 20 5 9 1 13 
student 161: 16 10 4 14 8 3 12 13 18 6 2 19 1 9 20 7 15 11 5 17 
student 162: 20 14 8 11 2 9 17 12 13 5 3 7 1 16 15 18 10 6 4 19 
student 163: 20 15 7 13 19 10 14 17 18 1 3 8 2 6 16 11 12 4 5 9 
student 164: 7 16 19 17 2 8 13 12 20 1 5 9 3 14 18 4 6 10 11 15 
student 165: 18 12 5 14 9 13 6 8 19 4 7 2 1 17 15 16 10 11 3 20 
student 166: 18 9 7 10 1 8 5 13 12 2 4 11 14 19 16 6 15 3 17 20 
student 167: 14 18 9 15 2 5 4 10 16 6 7 1 8 13 20 19 3 12 11 17 
student 168: 16 10 1 19 2 7 12 15 20 8 5 6 3 18 14 11 4 13 9 17 
student 169: 15 18 4 16 2 8 9 7 20 5 12 6 1 19 14 17 3 11 10 13 
student 170: 18 17 3 16 14 9 2 13 20 1 10 6 5 12 19 8 7 15 4 11 
student 171: 6 1 13 17 2 8 19 18 16 15 4 7 3 10 11 14 9 5 12 20 
student 172: 10 13 12 17 11 7 4 14 19 2 6 18 3 15 9 20 1 8 5 16 
student 173: 17 13 4 18 2 5 11 9 15 6 8 16 1 14 20 7 10 3 12 19 
student 174: 17 15 6 16 12 1 19 14 13 2 3 10 5 11 18 9 4 7 8 20 
student 175: 20 16 8 15 4 7 12 13 19 1 2 3 11 14 17 6 9 5 10 18 
student 176: 16 13 7 18 8 10 17 12 20 6 1 3 4 2 14 5 15 11 9 19 
student 177: 12 11 4 18 3 7 15 14 19 1 2 5 6 17 20 9 8 10 13 16 
student 178: 19 16 5 13 10 12 7 6 20 3 1 4 2 17 15 9 11 8 14 18 
student 179: 16 10 5 7 8 11 6 15 19 2 4 12 1 17 20 13 14 9 3 18 
student 180: 12 9 1 13 4 14 15 17 20 2 7 6 8 16 18 10 5 11 3 19 
student 181: 16 3 5 17 9 6 4 12 20 1 2 10 7 15 19 8 11 14 13 18 
student 182: 18 15 14 12 17 1 6 13 20 5 2 10 8 16 19 9 4 11 3 7 
student 183: 18 2 4 20 9 5 8 12 15 14 6 3 1 11 19 17 16 7 10 13 
student 184: 17 15 12 10 2 4 8 16 18 3 5 1 9 19 11 6 14 13 7 20 
student 185: 12 17 16 15 6 4 11 8 18 2 3 5 1 7 20 14 13 10 9 19 
student 186: 20 14 8 1 9 4 5 15 19 3 7 6 2 16 18 13 11 12 10 17 
student 187: 18 13 4 15 7 6 11 14 19 1 2 5 3 17 20 10 8 16 12 9 
student 188: 18 6 3 14 7 15 9 5 16 2 1 8 4 12 11 20 17 10 13 19 
student 189: 19 18 4 16 6 8 12 7 17 2 3 11 1 9 5 14 10 13 15 20 
student 190: 20 16 1 15 18 3 9 10 19 5 6 2 13 17 14 11 8 7 4 12 
student 191: 20 15 4 17 2 7 13 19 16 10 1 14 8 12 18 11 9 3 6 5 
student 192: 18 9 3 10 7 13 14 11 19 1 2 4 5 20 16 15 8 12 6 17 
student 193: 11 13 8 6 3 12 9 17 18 2 1 5 4 14 19 10 7 16 15 20 
student 194: 20 15 9 17 3 6 5 12 19 2 4 7 1 14 18 8 11 13 10 16 
student 195: 18 16 3 13 6 9 10 5 15 8 1 7 2 20 14 19 4 11 12 17 
student 196: 15 14 6 11 3 7 19 5 10 2 1 12 4 18 20 16 9 8 13 17 
student 197: 12 14 6 15 10 2 9 20 17 3 5 4 8 16 18 19 1 13 7 11 
student 198: 15 13 5 3 9 8 7 16 18 1 2 10 6 20 17 4 12 14 11 19 
student 199: 14 5 2 12 1 11 10 19 20 4 15 9 3 16 8 7 6 17 13 18 
student 200: 19 11 9 16 2 13 10 6 20 3 7 17 1 14 15 5 4 12 8 18 
student 201: 13 17 1 15 2 19 9 5 16 4 7 3 6 18 20 12 14 10 11 8 
student 202: 17 12 7 14 8 4 13 19 18 5 3 2 1 16 10 20 9 11 6 15 
student 203: 20 8 7 15 4 3 13 17 14 10 1 2 6 19 16 9 5 18 12 11 
student 204: 14 19 7 12 1 13 6 9 18 5 10 2 15 20 3 17 8 4 11 16 
student 205: 14 19 6 18 12 5 4 11 20 3 7 8 2 15 17 10 1 13 9 16 
student 206: 13 18 4 16 15 5 10 14 17 2 8 3 1 7 19 12 9 11 6 20 
student 207: 19 11 7 16 1 5 3 14 18 4 6 13 2 12 15 17 9 8 10 20 
student 208: 16 18 6 9 5 4 12 10 20 1 2 3 7 15 14 19 13 8 11 17 
student 209: 17 11 7 20 3 8 12 14 19 5 2 9 1 16 13 15 10 6 4 18 
student 210: 16 11 10 19 4 14 3 20 13 9 1 6 2 17 15 18 8 12 5 7 
student 211: 19 18 14 10 8 7 16 11 20 3 13 1 5 12 15 4 2 9 6 17 
student 212: 18 12 4 11 10 8 5 17 19 6 7 1 2 14 20 15 16 9 3 13 
student 213: 20 13 1 11 16 7 12 17 14 5 2 3 4 19 15 8 6 10 9 18 
student 214: 19 9 4 12 5 20 13 17 18 3 2 11 8 15 10 1 7 14 6 16 
student 215: 14 10 4 15 3 5 11 17 20 2 8 6 1 19 16 13 9 12 7 18 
student 216: 5 17 4 16 3 7 9 14 18 1 2 12 6 19 20 13 10 11 8 15 
student 217: 20 8 13 18 4 9 12 10 19 1 2 11 3 16 7 17 14 5 6 15 
student 218: 17 18 1 19 9 2 8 14 20 3 7 10 6 11 13 16 12 5 4 15 
student 219: 12 11 1 20 3 5 6 19 17 4 7 10 18 16 13 9 8 14 2 15 
student 220: 20 11 4 13 5 7 12 16 17 2 1 10 6 18 15 8 9 14 3 19 
student 221: 17 10 13 20 2 16 5 8 15 4 6 3 1 14 9 12 11 18 7 19 
student 222: 15 9 1 16 2 8 17 13 20 3 5 4 14 19 10 12 7 6 11 18 
student 223: 18 14 1 9 5 4 10 17 19 3 7 2 8 20 16 15 13 6 11 12 
student 224: 17 18 1 19 3 11 15 10 14 4 2 5 12 13 16 6 9 7 8 20 
student 225: 14 5 3 9 4 7 12 17 19 1 6 10 2 13 20 11 8 16 15 18 
student 226: 18 13 6 16 12 7 5 8 19 4 2 9 3 20 14 10 17 1 15 11 
student 227: 16 7 10 20 9 8 12 4 18 6 2 11 3 19 13 15 1 14 5 17 
student 228: 16 18 5 12 7 11 2 15 17 3 6 4 1 10 20 14 13 9 8 19 
student 229: 19 7 3 2 13 5 11 16 20 1 4 9 8 18 17 15 12 6 10 14 
student 230: 8 10 17 20 6 11 9 14 15 2 3 4 1 18 13 19 5 7 12 16 
student 231: 18 11 1 17 13 7 9 16 19 4 3 6 2 14 20 8 10 12 5 15 
student 232: 8 17 12 10 7 1 15 11 19 2 3 5 9 20 13 14 4 16 6 18 
student 233: 17 18 6 10 11 9 7 12 19 1 5 2 3 15 14 16 13 4 8 20 
student 234: 18 15 8 19 7 4 10 11 20 1 2 13 6 16 14 3 5 9 12 17 
student 235: 13 16 5 17 3 15 8 9 19 11 1 18 2 14 20 6 10 4 7 12 
student 236: 11 15 5 10 1 9 8 19 17 4 7 6 2 14 18 20 12 13 3 16 
student 237: 3 14 4 16 10 13 1 9 20 7 2 12 5 19 18 15 8 11 6 17 
student 238: 18 17 4 15 2 5 10 9 11 7 3 6 1 16 20 12 14 13 8 19 
student 239: 13 9 6 18 11 8 7 19 16 4 1 3 2 5 14 17 10 15 12 20 
student 240: 16 8 7 6 2 10 12 13 19 1 5 3 4 15 17 18 9 20 11 14 
student 241: 13 17 3 2 12 11 16 14 10 7 1 6 4 8 20 18 5 9 15 19 
student 242: 12 17 7 5 2 6 15 9 16 1 3 8 4 20 13 18 11 19 10 14 
student 243: 19 17 7 12 2 9 15 14 20 5 1 4 6 8 18 13 3 11 10 16 
student 244: 14 20 7 12 5 10 6 8 13 2 4 3 1 16 18 19 9 11 15 17 
student 245: 20 14 4 16 8 5 9 15 19 2 7 3 1 11 18 6 13 12 10 17 
student 246: 18 16 5 20 3 11 8 13 19 6 2 9 1 15 10 7 12 4 14 17 
student 247: 17 15 8 18 11 10 13 12 20 1 6 4 2 19 14 9 5 7 3 16 
student 248: 15 10 6 11 4 13 19 14 12 7 9 8 3 18 20 17 16 1 2 5 
student 249: 18 17 19 12 4 3 10 14 16 6 8 2 1 11 15 9 5 13 7 20 
student 250: 19 17 5 16 3 1 11 15 20 6 2 7 4 14 18 10 9 12 8 13 
student 251: 17 8 7 9 2 5 14 16 20 10 1 11 4 19 13 15 3 12 6 18 
student 252: 14 13 9 12 2 10 8 11 16 3 7 6 1 15 18 4 17 19 5 20 
student 253: 16 15 2 12 6 7 3 11 17 1 4 5 8 18 20 10 9 19 14 13 
student 254: 18 9 8 15 14 3 1 19 20 4 2 5 6 16 17 12 10 11 7 13 
student 255: 7 6 9 8 11 12 14 16 13 2 1 3 4 19 20 17 18 5 10 15 
student 256: 18 14 5 15 7 11 13 17 16 4 2 9 1 6 10 20 3 12 8 19 
student 257: 16 1 13 20 10 3 15 11 17 5 2 4 9 19 14 6 12 8 7 18 
student 258: 18 11 12 9 8 6 17 16 19 1 2 10 4 20 13 5 7 14 3 15 
student 259: 18 17 6 11 1 5 14 20 10 8 2 3 9 19 15 7 13 12 4 16 
student 260: 14 16 10 19 6 7 15 5 18 9 2 1 4 12 17 13 8 11 3 20 
student 261: 13 18 8 15 5 2 10 14 17 3 7 1 19 16 12 9 6 11 4 20 
student 262: 20 17 4 8 13 14 18 10 16 1 2 7 3 19 12 5 11 6 9 15 
student 263: 16 7 13 10 12 14 6 11 17 3 1 19 4 15 18 2 5 8 9 20 
student 264: 18 15 4 8 2 11 10 13 16 1 5 6 3 17 14 20 9 12 7 19 
student 265: 20 17 4 13 9 12 8 14 16 1 3 11 2 19 5 15 6 7 10 18 
student 266: 20 8 7 15 10 18 5 19 17 2 13 4 9 12 14 3 1 11 6 16 
student 267: 19 6 9 16 12 10 14 8 18 4 2 1 3 17 15 13 7 11 5 20 
student 268: 15 17 7 18 4 8 10 13 19 3 2 5 1 16 20 14 12 6 11 9 
student 269: 16 15 4 14 6 10 7 12 20 5 2 3 1 17 13 18 9 11 8 19 
student 270: 20 17 6 12 9 7 11 13 18 3 2 19 1 15 14 4 8 5 10 16 
student 271: 13 16 1 18 10 5 15 3 20 2 7 12 6 17 11 14 4 9 8 19 
student 272: 10 13 7 18 4 12 3 9 15 1 14 6 2 5 19 17 11 8 20 16 
student 273: 2 8 1 16 10 4 20 17 19 12 7 3 6 15 18 9 14 5 11 13 
student 274: 20 5 6 15 3 7 8 11 17 2 1 9 4 19 16 12 13 14 10 18 
student 275: 15 8 11 19 10 5 14 1 20 2 6 4 3 7 17 13 18 9 12 16 
student 276: 20 15 19 12 6 5 4 17 11 3 1 9 10 16 8 18 13 7 2 14 
student 277: 16 13 11 17 3 12 8 9 20 1 5 14 2 10 19 6 4 15 7 18 
student 278: 18 17 8 15 2 4 13 12 19 1 3 7 5 14 20 10 6 11 9 16 
student 279: 19 12 5 10 6 7 8 15 18 2 1 9 3 13 20 14 4 11 17 16 
student 280: 16 17 5 20 14 2 10 7 11 8 1 6 3 15 18 4 9 13 12 19 
student 281: 3 13 2 19 9 7 8 12 18 6 4 10 1 15 20 16 5 14 11 17 
student 282: 19 9 2 20 7 5 13 14 15 8 3 4 1 17 16 12 6 18 10 11 
student 283: 11 17 2 10 8 5 12 9 14 16 4 6 1 19 15 20 7 13 3 18 
student 284: 20 15 5 11 6 9 12 13 18 4 3 2 1 19 16 8 14 7 10 17 
student 285: 18 14 5 15 4 12 6 17 20 2 1 10 3 16 7 11 13 9 8 19 
student 286: 18 10 1 20 6 2 13 14 16 3 5 8 11 15 17 9 7 12 4 19 
student 287: 20 15 8 13 3 14 7 12 19 2 5 9 1 16 17 11 4 10 6 18 
student 288: 18 13 2 15 1 9 10 12 19 4 6 5 7 20 17 16 14 11 8 3 
student 289: 11 9 4 15 7 1 10 19 20 13 5 3 2 16 17 8 18 14 6 12 
student 290: 20 7 13 10 4 5 3 11 18 1 2 8 9 19 17 15 12 16 6 14 
student 291: 20 13 3 14 8 4 10 11 17 2 1 19 5 15 18 12 7 9 6 16 
student 292: 18 15 1 11 6 3 7 8 20 5 10 4 2 17 16 12 13 14 9 19 
student 293: 16 13 4 15 12 6 5 19 20 1 8 14 2 18 3 9 10 7 11 17 
student 294: 17 11 1 18 5 3 14 12 20 4 8 10 2 15 16 13 9 6 7 19 
student 295: 16 15 1 20 7 9 6 12 19 5 2 4 3 14 17 10 13 11 8 18 
student 296: 14 15 5 17 2 6 18 10 19 4 3 9 1 13 8 7 12 16 11 20 
student 297: 19 17 2 15 1 10 12 18 20 6 4 8 7 11 9 16 14 5 3 13 
student 298: 13 14 12 16 7 18 5 8 20 1 2 9 3 19 15 4 17 11 6 10 
student 299: 19 10 6 13 1 20 14 9 17 3 2 7 5 16 15 4 12 18 11 8 
student 300: 19 7 8 14 9 4 11 12 17 6 1 3 10 15 20 16 5 13 2 18 
student 301: 20 12 3 19 10 5 14 4 18 1 6 11 2 17 8 15 7 13 9 16 
student 302: 17 18 2 19 13 10 7 12 20 1 9 11 6 4 16 8 14 5 3 15 
student 303: 18 9 6 14 10 7 13 12 20 4 1 11 3 15 16 19 2 5 8 17 
student 304: 17 13 7 12 3 5 20 10 14 1 4 2 16 19 15 9 18 11 8 6 
student 305: 20 13 16 17 7 12 5 14 18 2 6 4 1 19 9 8 3 10 15 11 
student 306: 12 19 2 17 16 4 6 9 13 5 1 8 3 7 20 10 14 11 18 15 
student 307: 19 14 6 13 8 5 10 11 20 7 1 18 4 16 17 12 3 15 9 2 
student 308: 2 13 6 15 9 11 5 14 19 1 3 7 4 8 16 12 17 20 10 18 
student 309: 18 16 5 4 12 2 8 17 20 3 7 9 13 15 10 6 14 11 1 19 
student 310: 8 12 5 17 10 11 3 18 20 9 4 1 2 15 13 16 14 6 7 19 
student 311: 16 15 3 17 11 13 7 19 18 1 6 8 4 20 10 5 12 9 2 14 
student 312: 20 18 4 8 15 12 11 14 16 9 1 3 5 6 19 17 2 7 10 13 
student 313: 11 13 8 18 1 4 15 14 16 2 5 3 6 20 12 17 9 10 7 19 
student 314: 19 18 4 8 7 5 9 11 20 2 1 6 3 10 13 12 16 17 14 15 
student 315: 20 12 1 18 6 8 19 10 16 4 7 14 5 17 11 9 3 2 13 15 
student 316: 17 16 11 20 2 5 9 12 18 7 1 8 4 13 19 10 3 15 6 14 
student 317: 20 5 1 17 9 3 15 14 13 2 6 7 4 19 16 10 11 8 12 18 
student 318: 18 15 6 17 2 9 1 14 19 4 7 8 5 11 16 10 13 3 20 12 
student 319: 20 16 4 14 3 10 5 17 13 6 1 2 8 15 19 7 12 9 11 18 
student 320: 15 11 9 20 5 4 6 16 14 12 1 3 2 13 18 8 7 10 19 17 
student 321: 16 6 1 12 5 2 9 20 19 4 7 11 8 10 15 13 14 3 17 18 
student 322: 20 9 5 14 12 11 4 7 8 1 6 13 2 16 17 15 3 18 10 19 
student 323: 15 19 7 12 3 6 8 17 20 1 4 2 5 9 18 10 14 13 11 16 
student 324: 9 6 5 17 2 4 8 11 12 1 13 7 19 18 15 16 14 10 3 20 
student 325: 18 12 4 8 9 2 15 16 17 3 5 14 1 10 13 19 11 7 6 20 
student 326: 20 14 10 11 1 12 4 19 5 18 3 7 6 9 13 15 8 2 17 16 
student 327: 12 10 8 16 5 6 14 15 19 1 2 4 3 20 11 13 17 9 7 18 
student 328: 15 17 9 16 2 11 4 13 18 1 7 10 3 12 20 6 5 8 14 19 
student 329: 20 18 4 13 7 9 17 5 16 1 2 6 3 19 10 14 12 11 8 15 
student 330: 7 18 9 17 3 5 14 11 15 2 4 19 1 12 13 6 10 8 16 20 
student 331: 12 11 5 17 6 9 8 14 18 7 1 15 4 19 16 3 13 10 2 20 
student 332: 19 15 8 14 4 1 5 16 20 2 3 13 6 11 18 7 12 9 10 17 
student 333: 8 5 4 11 7 12 19 20 15 2 6 3 1 16 17 10 13 9 14 18 
student 334: 20 17 1 14 10 4 15 16 8 2 9 5 3 18 19 12 7 11 6 13 
student 335: 16 14 10 12 4 1 11 8 20 5 9 2 6 17 18 7 3 19 13 15 
student 336: 19 7 2 11 4 14 1 10 13 3 8 5 9 12 17 15 6 20 16 18 
student 337: 9 16 3 20 10 4 11 13 19 2 6 15 1 17 12 14 7 8 5 18 
student 338: 15 1 4 13 5 9 20 11 12 3 10 7 2 19 16 6 18 14 17 8 
student 339: 5 15 4 17 6 1 14 9 20 11 2 8 3 10 18 16 12 13 7 19 
student 340: 14 17 3 19 5 6 15 10 16 1 2 9 4 12 20 18 8 11 7 13 
student 341: 8 6 3 15 2 13 9 16 20 5 1 17 4 19 18 11 14 12 7 10 
student 342: 17 10 5 15 3 14 4 1 20 9 2 8 7 16 19 11 6 13 12 18 
student 343: 9 12 19 20 3 6 1 17 10 2 4 14 5 11 13 8 15 16 7 18 
student 344: 18 19 3 17 4 10 9 7 20 1 2 8 6 14 12 13 15 11 5 16 
student 345: 16 9 13 6 5 11 8 19 20 1 10 3 7 12 18 17 15 4 2 14 
student 346: 15 14 1 18 3 2 6 16 19 9 5 12 10 13 20 11 8 7 4 17 
student 347: 18 12 6 17 9 19 3 14 16 1 4 5 2 15 13 10 11 8 7 20 
student 348: 15 14 6 18 7 1 17 20 19 3 2 8 5 11 13 10 4 12 9 16 
student 349: 8 15 1 20 10 9 11 14 17 2 4 7 6 3 19 13 5 18 12 16 
student 350: 18 8 3 19 15 6 12 13 20 2 4 1 5 14 16 10 7 11 9 17 
student 351: 14 15 3 17 4 11 9 6 19 1 7 2 5 10 13 16 18 12 8 20 
student 352: 20 11 4 5 7 13 12 16 15 1 9 8 2 14 19 18 6 3 10 17 
student 353: 19 18 12 8 6 4 9 14 17 7 1 2 10 11 13 15 16 5 3 20 
student 354: 20 6 5 16 18 10 12 17 15 2 1 9 4 7 8 13 3 11 19 14 
student 355: 19 14 12 11 10 7 8 15 20 2 6 5 1 16 18 13 3 9 4 17 
student 356: 18 16 4 17 5 1 6 19 15 3 2 7 11 12 9 13 14 8 10 20 
student 357: 18 15 2 9 10 11 8 7 14 12 3 1 19 17 13 6 5 16 4 20 
student 358: 19 9 14 20 11 7 15 16 4 2 1 3 5 13 18 8 12 6 10 17 
student 359: 10 13 3 14 12 11 7 15 19 1 6 9 2 18 17 20 8 4 5 16 
student 360: 20 14 12 16 17 6 3 9 18 1 2 5 4 15 13 7 8 11 10 19 
student 361: 15 10 5 18 3 7 9 12 19 4 1 6 2 16 17 13 11 8 14 20 
student 362: 20 7 6 18 5 8 15 17 10 2 11 3 1 14 12 16 9 4 13 19 
student 363: 3 14 12 19 5 1 10 2 16 11 4 6 7 17 20 13 15 8 9 18 
student 364: 18 7 5 9 17 10 13 14 20 1 3 4 2 19 16 6 12 15 8 11 
student 365: 20 11 2 15 5 9 18 13 17 6 7 1 3 19 14 12 4 10 8 16 
student 366: 17 11 6 16 2 13 10 19 18 1 4 12 3 15 14 9 5 8 7 20 
student 367: 18 12 16 7 10 6 4 17 20 8 1 3 2 9 15 5 14 13 11 19 
student 368: 14 10 19 20 11 7 15 6 17 1 8 12 5 18 9 3 13 4 2 16 
student 369: 19 1 4 13 8 7 11 14 15 5 2 6 3 12 17 16 10 9 18 20 
student 370: 16 11 8 13 1 6 12 14 20 4 3 9 2 17 19 10 5 7 15 18 
student 371: 20 16 4 10 11 7 12 13 18 3 5 2 1 14 17 9 6 15 8 19 
student 372: 17 13 1 15 3 2 11 14 20 4 5 10 6 16 18 8 7 12 9 19 
student 373: 16 19 10 13 8 12 4 14 17 1 2 5 7 20 11 6 3 15 9 18 
student 374: 10 18 3 8 7 1 9 12 19 5 4 11 6 15 20 17 14 2 13 16 
student 375: 16 3 1 14 13 4 15 19 18 6 5 9 2 17 12 11 8 10 7 20 
student 376: 14 9 10 11 8 5 7 16 19 4 3 12 6 15 20 13 1 2 18 17 
student 377: 20 10 5 11 7 13 12 17 19 1 2 3 8 18 16 15 4 6 9 14 
student 378: 20 11 7 18 3 5 14 13 19 6 2 9 1 15 16 4 10 12 8 17 
student 379: 13 19 5 12 3 8 4 9 20 2 1 6 7 16 17 14 11 18 10 15 
student 380: 19 14 6 16 4 5 1 12 20 10 2 8 3 7 15 17 11 13 9 18 
student 381: 16 17 7 8 14 6 9 15 19 3 2 10 4 13 12 20 5 1 11 18 
student 382: 20 9 3 12 10 11 4 18 19 2 1 5 6 16 15 13 8 7 17 14 
student 383: 19 11 2 13 7 9 8 17 16 1 3 15 5 14 18 10 6 4 12 20 
student 384: 14 11 1 18 9 13 8 10 20 5 6 12 3 19 15 16 2 4 7 17 
student 385: 19 10 2 11 5 7 18 6 17 3 9 15 1 16 14 13 8 12 4 20 
student 386: 19 15 4 16 6 9 17 11 20 1 8 10 2 13 18 14 7 5 3 12 
student 387: 20 3 2 13 14 6 7 16 19 4 8 9 1 17 18 12 11 15 10 5 
student 388: 9 12 7 14 8 13 20 10 16 3 2 4 1 5 17 19 11 18 6 15 
student 389: 19 17 2 14 3 5 9 16 20 1 6 7 15 18 12 10 4 8 11 13 
student 390: 16 13 6 19 9 17 20 4 15 2 1 14 5 7 11 8 3 12 10 18 
student 391: 16 13 7 15 3 6 9 8 20 1 2 10 4 18 14 19 5 12 11 17 
student 392: 16 17 9 18 2 8 19 12 20 3 6 5 4 15 13 11 1 7 10 14 
student 393: 19 17 12 9 3 7 5 8 20 1 6 4 2 18 15 10 16 11 14 13 
student 394: 20 14 8 16 4 9 12 11 19 2 1 17 3 5 15 13 6 10 7 18 
student 395: 15 17 16 20 4 2 10 9 19 1 14 5 7 11 13 8 6 12 3 18 
student 396: 13 14 2 17 9 4 8 16 19 1 6 10 3 12 20 11 7 15 5 18 
student 397: 16 11 2 15 3 13 19 6 17 1 7 9 5 10 12 20 18 4 8 14 
student 398: 20 3 5 19 4 8 13 16 14 6 1 7 9 11 17 15 12 2 10 18 
student 399: 14 7 12 16 6 2 13 17 20 3 8 9 1 15 18 10 5 11 4 19 
student 400: 18 19 9 20 1 3 11 8 16 4 2 6 5 7 13 14 17 12 10 15 
student 401: 18 20 1 10 4 2 3 14 19 6 7 5 13 12 15 16 9 11 8 17 
student 402: 16 19 5 13 6 10 18 12 15 3 1 9 2 14 20 11 8 7 4 17 
student 403: 19 11 3 17 1 15 7 8 20 6 12 2 4 14 18 13 9 10 5 16 
student 404: 17 16 8 15 10 1 5 9 20 2 6 11 3 19 18 12 7 14 4 13 
student 405: 18 10 4 13 12 5 7 11 17 2 19 6 1 15 8 16 3 14 9 20 
student 406: 20 14 2 5 13 4 3 17 18 8 1 11 7 15 19 6 10 16 9 12 
student 407: 18 17 9 14 2 11 7 15 16 6 10 12 1 19 4 5 3 13 8 20 
student 408: 20 9 4 14 5 6 15 13 16 1 3 2 17 12 10 11 7 19 8 18 
student 409: 18 15 4 16 5 3 12 7 20 2 1 9 6 17 13 14 11 8 10 19 
student 410: 12 18 7 15 4 6 11 8 20 9 1 3 2 13 17 16 10 14 5 19 
student 411: 17 20 10 8 1 5 14 12 18 4 2 3 6 11 16 7 15 9 13 19 
student 412: 18 7 9 14 6 8 10 17 19 1 5 3 4 13 20 15 12 11 2 16 
student 413: 13 15 9 18 4 5 11 16 20 2 1 6 7 17 19 8 12 3 14 10 
student 414: 19 8 3 12 4 10 5 15 18 1 9 7 14 16 17 6 13 11 2 20 
student 415: 18 13 12 11 5 9 7 14 15 3 1 19 10 17 8 16 2 6 4 20 
student 416: 17 13 1 10 5 2 11 19 20 8 16 9 3 14 15 12 6 7 4 18 
student 417: 12 16 10 17 8 3 9 13 11 6 2 14 4 15 18 1 5 20 7 19 
student 418: 16 17 7 10 12 6 13 11 20 3 1 5 4 18 19 9 8 14 2 15 
student 419: 9 13 5 15 6 2 14 12 20 1 3 8 4 18 16 17 7 10 11 19 
student 420: 10 14 6 9 12 5 3 15 20 11 1 7 13 17 16 4 8 18 2 19 
student 421: 15 17 4 13 7 11 1 19 20 2 3 10 6 16 18 12 8 5 9 14 
student 422: 15 3 6 16 2 7 17 14 19 1 10 4 5 12 18 9 13 11 8 20 
student 423: 9 15 1 5 12 7 14 19 20 6 4 18 10 11 16 3 13 8 2 17 
student 424: 14 20 1 17 2 8 16 11 18 3 5 12 6 9 19 7 10 13 4 15 
student 425: 19 11 6 17 10 7 9 15 20 2 1 18 4 16 12 3 13 5 8 14 
student 426: 20 16 1 14 6 7 15 9 13 3 2 11 4 18 17 10 5 12 8 19 
student 427: 15 12 9 16 5 10 8 14 20 4 2 6 11 18 17 1 13 3 7 19 
student 428: 14 15 6 13 5 10 7 12 20 1 4 2 3 18 19 11 9 16 8 17 
student 429: 16 9 6 10 2 18 13 8 15 3 7 5 1 19 20 11 12 4 14 17 
student 430: 19 3 2 10 6 14 16 15 20 5 1 4 12 18 17 11 13 9 7 8 
student 431: 14 18 2 17 6 11 12 15 3 5 1 7 8 9 19 16 4 13 10 20 
student 432: 15 17 4 10 5 8 12 11 19 1 2 6 3 14 18 9 7 16 13 20 
student 433: 19 11 4 20 1 10 7 17 16 5 2 8 9 12 18 15 13 3 6 14 
student 434: 20 12 3 9 10 11 2 16 14 1 4 8 6 18 19 7 13 5 15 17 
student 435: 12 9 14 11 3 10 15 18 20 1 2 4 6 13 16 8 5 19 7 17 
student 436: 19 15 5 14 3 10 2 12 18 1 9 7 4 16 13 11 6 17 8 20 
student 437: 16 15 9 10 1 6 12 19 18 5 3 4 2 17 13 20 11 7 8 14 
student 438: 20 11 3 16 5 6 4 19 18 14 1 10 2 9 15 12 7 8 13 17 
student 439: 19 14 6 15 5 11 10 12 17 7 3 8 1 20 13 18 4 2 9 16 
student 440: 16 8 4 17 3 11 9 12 19 2 7 5 1 18 14 10 6 20 15 13 
student 441: 19 7 3 16 1 8 13 11 15 6 4 5 2 14 17 18 10 12 9 20 
student 442: 20 17 2 4 6 12 18 16 14 1 3 7 11 19 8 13 9 15 5 10 
student 443: 13 12 3 10 5 7 17 14 15 8 1 4 2 16 20 6 11 19 9 18 
student 444: 13 3 11 15 4 5 14 16 20 6 2 8 7 17 18 10 12 9 1 19 
student 445: 16 14 5 20 2 6 8 13 19 1 7 3 4 15 17 12 10 11 9 18 
student 446: 19 15 11 9 2 13 7 16 20 1 8 3 6 17 12 10 5 14 4 18 
student 447: 15 10 6 17 8 3 11 13 16 1 2 5 7 18 20 14 4 12 9 19 
student 448: 19 12 7 13 6 5 9 14 17 3 2 1 4 16 18 20 8 11 10 15 
student 449: 12 9 11 14 8 2 16 15 18 3 10 5 4 20 17 7 1 13 6 19 
student 450: 14 10 2 6 3 9 4 13 20 1 7 5 8 17 18 12 15 16 11 19 
student 451: 19 14 3 12 4 1 6 15 18 2 5 11 8 17 16 13 10 7 9 20 
student 452: 20 14 4 6 8 10 2 9 18 5 1 12 3 16 11 17 13 15 7 19 
student 453: 19 12 6 17 1 14 8 16 20 3 5 11 2 15 18 7 4 10 9 13 
student 454: 19 15 13 18 7 8 11 14 20 5 1 3 6 17 10 4 2 12 9 16 
student 455: 16 17 11 9 12 3 2 6 20 1 4 5 10 18 14 13 8 15 7 19 
student 456: 16 9 8 13 4 6 10 18 19 5 1 2 3 20 14 12 15 7 11 17 
student 457: 20 14 8 16 4 3 7 11 18 5 2 10 6 17 12 15 9 1 13 19 
student 458: 14 8 1 17 2 4 15 13 20 7 3 10 11 19 5 9 16 12 6 18 
student 459: 19 15 12 11 5 9 7 17 20 2 1 3 4 18 13 6 8 14 10 16 
student 460: 20 13 10 5 8 4 12 18 17 2 1 16 6 14 19 11 15 9 7 3 
student 461: 16 13 1 18 5 2 11 17 20 8 6 12 3 15 10 7 4 9 14 19 
student 462: 20 11 2 12 8 6 13 14 19 5 1 7 3 17 15 9 10 16 4 18 
student 463: 18 14 2 17 1 4 11 16 20 5 8 10 3 13 9 6 7 12 15 19 
student 464: 16 11 6 15 3 10 8 18 19 4 1 7 2 14 20 13 5 12 9 17 
student 465: 19 18 10 14 8 5 12 11 20 1 13 7 2 15 17 16 3 4 9 6 
student 466: 20 19 5 18 7 9 17 16 15 2 3 6 4 14 10 1 13 12 8 11 
student 467: 20 11 7 15 9 4 12 17 18 2 3 10 1 16 13 6 5 14 8 19 
student 468: 14 9 1 17 7 3 6 8 20 2 4 10 16 13 18 12 5 19 15 11 
student 469: 19 17 3 7 11 16 15 4 12 1 8 2 14 18 5 6 9 13 20 10 
student 470: 14 18 4 5 6 1 11 12 20 2 3 9 7 19 17 16 8 13 10 15 
student 471: 18 14 7 12 4 9 6 11 20 3 1 13 2 17 16 8 5 10 15 19 
student 472: 18 15 3 14 7 10 6 13 20 1 2 8 4 19 16 12 9 11 5 17 
student 473: 15 18 2 20 5 10 14 19 8 1 3 7 6 17 13 12 9 4 11 16 
student 474: 1 17 7 19 13 6 11 12 20 2 5 4 3 18 16 8 9 14 10 15 
student 475: 16 14 8 17 9 11 20 12 18 3 1 5 2 7 19 10 4 6 13 15 
student 476: 20 7 10 16 5 12 14 11 13 2 3 1 6 9 17 18 15 4 8 19 
student 477: 19 5 6 13 11 15 9 12 20 1 4 3 2 17 16 10 8 14 7 18 
student 478: 17 6 1 11 5 10 13 2 20 3 9 7 8 12 16 15 18 14 4 19 
student 479: 17 15 9 16 7 4 6 13 19 1 2 10 3 14 18 12 11 8 5 20 
student 480: 12 15 6 20 1 10 11 14 19 2 4 5 8 9 18 16 3 13 7 17 
student 481: 15 14 5 11 4 8 10 13 17 7 1 9 3 12 18 20 19 6 2 16 
student 482: 4 17 5 1 11 6 12 13 18 3 8 14 7 19 15 20 9 2 10 16 
student 483: 17 11 4 13 15 10 16 8 20 1 2 5 7 14 9 18 6 12 3 19 
student 484: 17 12 5 19 2 11 9 7 20 6 1 15 4 14 18 10 8 3 13 16 
student 485: 15 9 8 17 13 19 4 12 18 1 2 5 3 10 14 16 6 11 7 20 
student 486: 17 2 3 10 9 7 15 14 12 1 4 5 13 19 18 16 8 6 11 20 
student 487: 19 12 3 18 1 8 10 15 16 5 2 7 6 14 20 13 4 11 9 17 
student 488: 20 15 5 13 6 10 14 4 19 2 12 1 3 17 18 8 11 16 7 9 
student 489: 3 17 6 18 13 1 16 14 20 2 10 7 4 15 9 11 12 8 5 19 
student 490: 20 10 9 14 16 6 13 18 17 12 1 4 3 19 11 8 5 7 2 15 
student 491: 18 8 11 17 1 10 7 13 20 14 2 4 5 9 12 16 6 3 15 19 
student 492: 17 13 2 19 5 3 12 15 18 6 10 7 1 9 14 11 4 8 16 20 
student 493: 15 7 5 13 14 20 11 8 18 1 2 9 3 16 17 12 4 10 6 19 
student 494: 19 11 3 18 15 10 8 12 17 1 2 13 4 14 20 7 5 9 6 16 
student 495: 17 15 5 10 9 3 19 12 16 2 6 1 4 18 13 14 11 8 7 20 
student 496: 18 6 9 8 4 5 10 20 17 1 2 7 3 15 13 14 11 19 12 16 
student 497: 15 16 7 11 3 10 5 8 20 18 1 4 2 19 13 12 9 17 6 14 
student 498: 19 17 9 16 4 14 6 15 13 3 2 7 1 11 18 12 10 8 5 20 
student 499: 10 16 4 14 2 9 13 20 18 1 3 11 5 17 6 8 7 12 15 19 
student 500: 18 14 17 10 6 1 11 7 12 2 3 20 4 16 19 15 5 8 13 9 
student 501: 12 6 5 11 4 17 19 9 18 13 1 16 2 15 14 10 8 7 3 20 
student 502: 16 17 4 12 6 9 8 18 20 1 2 7 3 14 11 15 5 19 10 13 
student 503: 20 19 4 16 1 3 10 18 17 5 8 9 2 13 6 11 15 12 7 14 
student 504: 18 16 1 15 13 12 4 9 19 3 11 7 8 14 20 10 2 6 5 17 
student 505: 17 8 5 13 2 1 10 15 18 12 4 14 6 16 20 11 9 7 3 19 
student 506: 18 13 4 15 3 6 7 14 12 1 5 9 2 17 19 20 16 11 8 10 
student 507: 11 13 4 12 5 9 15 18 14 2 1 7 3 16 20 8 6 17 10 19 
student 508: 17 11 1 18 9 6 8 16 14 2 3 4 5 20 15 12 13 10 7 19 
student 509: 18 20 9 17 19 1 13 16 15 4 8 5 7 11 12 10 3 6 2 14 
student 510: 15 17 3 16 2 10 9 4 20 12 5 6 1 14 18 19 7 13 11 8 
student 511: 16 17 8 9 3 7 11 13 15 6 2 4 1 18 20 14 10 12 5 19 
student 512: 19 3 13 18 8 2 16 12 20 10 5 14 1 11 15 4 9 7 6 17 
student 513: 20 12 1 10 3 9 8 11 19 2 6 5 4 14 16 15 7 13 18 17 
student 514: 18 11 7 12 1 14 9 20 15 5 10 4 2 13 17 3 16 8 6 19 
student 515: 14 11 1 16 17 3 8 18 19 5 2 7 10 13 15 12 6 9 4 20 
student 516: 19 6 8 11 1 18 14 10 15 2 5 13 9 16 17 3 12 7 4 20 
student 517: 19 4 1 13 5 8 16 10 20 3 6 7 9 14 17 12 15 2 11 18 
student 518: 15 20 7 14 3 6 12 8 17 4 10 5 2 11 16 18 9 13 1 19 
student 519: 12 9 8 13 3 2 11 18 17 1 4 10 5 15 20 6 7 16 14 19 
student 520: 19 17 8 13 4 2 7 16 15 1 6 9 3 5 20 12 10 14 11 18 
student 521: 6 18 5 12 7 9 1 13 16 2 3 15 11 14 19 10 4 17 8 20 
student 522: 17 12 10 18 6 7 9 14 15 4 1 8 2 20 19 13 3 11 5 16 
student 523: 19 9 10 1 5 4 18 14 17 2 3 11 12 13 15 16 8 6 7 20 
student 524: 16 15 9 18 5 2 11 19 17 3 1 7 4 20 14 6 10 12 8 13 
student 525: 18 8 3 19 2 4 5 15 20 13 6 12 1 10 16 17 9 14 7 11 
student 526: 4 16 7 14 20 15 8 18 12 6 1 2 13 10 17 5 11 9 3 19 
student 527: 20 14 2 16 4 7 18 17 12 1 3 15 10 13 9 19 5 6 8 11 
student 528: 13 12 1 15 2 4 8 10 20 3 5 9 6 16 19 14 11 17 7 18 
student 529: 18 16 3 17 12 8 6 10 13 2 5 9 1 14 19 7 15 11 4 20 
student 530: 17 13 7 15 2 8 10 11 18 4 5 6 3 16 19 9 1 14 12 20 
student 531: 19 15 2 13 1 7 8 4 16 3 6 9 5 18 17 14 12 10 11 20 
student 532: 16 10 6 3 14 8 12 13 18 2 5 4 1 11 20 9 19 15 7 17 
student 533: 9 12 6 10 11 8 18 7 16 1 3 13 2 19 20 14 15 17 5 4 
student 534: 17 5 11 13 9 15 3 8 20 2 4 1 12 10 14 16 7 19 6 18 
student 535: 20 12 8 18 10 9 4 15 7 2 16 1 11 17 14 6 13 3 5 19 
student 536: 20 16 3 18 11 10 6 8 14 2 1 5 4 19 17 15 7 9 12 13 
student 537: 18 10 5 14 7 6 8 11 20 2 16 3 15 19 12 4 9 13 1 17 
student 538: 16 9 2 17 8 14 15 11 19 1 3 4 6 12 20 10 13 5 7 18 
student 539: 20 18 5 10 2 9 7 19 17 1 4 6 3 11 13 16 14 8 15 12 
student 540: 18 13 5 15 6 9 3 16 17 1 10 4 2 19 20 12 8 11 7 14 
student 541: 14 16 3 15 4 10 18 11 19 1 5 12 9 6 17 8 13 2 7 20 
student 542: 16 17 3 18 7 10 12 11 20 1 5 8 4 13 15 6 9 14 2 19 
student 543: 15 12 2 16 6 8 14 13 17 3 5 4 1 19 18 10 20 7 9 11 
student 544: 20 14 7 10 3 13 8 17 18 5 2 1 6 16 19 9 4 12 11 15 
student 545: 10 11 3 13 5 14 15 17 19 1 2 6 4 12 20 7 8 18 9 16 
student 546: 17 9 13 19 6 15 10 14 20 12 1 3 2 16 11 8 7 5 4 18 
student 547: 19 17 8 14 5 11 6 13 20 1 9 3 2 18 15 7 12 10 4 16 
student 548: 14 11 7 18 8 4 15 13 19 2 3 1 6 17 20 10 5 9 12 16 
student 549: 10 9 1 14 8 6 16 15 19 3 2 7 5 20 11 17 13 4 18 12 
student 550: 14 17 1 9 2 4 8 20 16 3 5 12 10 11 19 13 18 7 6 15 
student 551: 19 11 3 9 12 2 10 15 20 7 5 13 1 16 17 14 4 8 6 18 
student 552: 17 6 1 18 7 12 14 13 20 2 5 4 3 15 16 11 8 9 10 19 
student 553: 13 18 1 11 6 7 12 8 19 4 2 5 3 17 20 14 10 16 9 15 
student 554: 17 9 8 20 3 10 12 13 19 2 1 11 5 16 15 14 6 7 4 18 
student 555: 12 11 1 13 16 2 15 8 20 6 3 9 7 18 14 10 5 4 19 17 
student 556: 19 5 17 18 9 1 11 14 16 3 7 20 4 10 8 15 12 2 6 13 
student 557: 20 12 4 11 7 5 13 17 15 1 3 2 6 16 18 14 10 8 9 19 
student 558: 20 13 7 19 9 8 15 10 18 2 3 1 5 14 16 12 4 11 6 17 
student 559: 19 14 5 10 11 7 9 13 18 2 3 8 1 12 15 20 6 16 4 17 
student 560: 17 15 3 14 4 8 13 16 19 6 2 7 1 20 11 9 12 10 5 18 
student 561: 18 13 3 16 6 9 5 11 19 7 2 4 1 20 12 15 14 8 10 17 
student 562: 19 17 3 15 2 5 13 10 18 4 1 9 7 8 12 14 16 11 6 20 
student 563: 19 16 9 18 3 7 12 20 17 1 2 5 8 13 4 11 10 6 15 14 
student 564: 14 16 1 13 6 5 7 20 19 2 4 10 3 18 17 15 9 11 8 12 
student 565: 20 12 2 19 6 17 10 14 13 1 3 5 7 15 16 11 4 9 8 18 
student 566: 14 10 12 5 2 3 4 13 19 1 15 17 6 18 20 8 16 7 11 9 
student 567: 19 15 1 18 5 6 10 14 20 4 8 11 7 12 16 13 3 9 2 17 
student 568: 15 11 3 13 5 7 10 17 16 1 8 2 4 18 20 12 9 14 6 19 
student 569: 18 2 5 15 6 11 13 17 19 1 3 7 14 20 9 12 10 8 4 16 
student 570: 17 13 4 16 5 7 10 12 20 3 1 14 2 18 19 11 9 8 6 15 
student 571: 17 18 6 16 9 14 5 11 15 13 1 10 3 12 8 7 4 20 2 19 
student 572: 16 14 1 15 18 6 13 12 20 3 7 4 9 8 19 11 5 10 2 17 
student 573: 20 13 5 18 6 9 4 10 19 7 1 16 2 3 11 8 12 14 15 17 
student 574: 13 14 3 18 15 10 6 20 19 2 5 9 4 12 17 7 8 16 1 11 
student 575: 16 10 14 17 11 3 13 19 18 6 8 2 9 7 1 15 5 12 4 20 
student 576: 20 19 3 13 10 2 12 9 18 1 4 11 7 14 17 8 6 15 5 16 
student 577: 16 7 13 12 2 8 6 18 20 1 4 5 3 17 15 9 11 14 10 19 
student 578: 13 8 12 17 4 6 15 19 14 11 2 5 3 7 16 20 9 10 1 18 
student 579: 19 17 3 11 12 8 10 13 20 2 1 4 16 15 14 7 5 6 9 18 
student 580: 14 13 8 20 2 7 11 18 19 1 4 3 5 15 12 17 6 9 10 16 
student 581: 13 5 1 4 3 10 18 11 19 14 8 6 2 12 20 16 15 7 9 17 
student 582: 7 15 12 11 6 5 10 17 19 1 4 3 2 16 18 13 9 8 14 20 
student 583: 18 20 3 11 4 6 7 9 17 8 1 5 2 12 19 15 13 14 10 16 
student 584: 20 9 5 11 7 16 14 10 19 1 2 8 3 15 17 6 13 12 4 18 
student 585: 18 11 13 19 5 3 10 12 16 7 2 4 1 15 17 9 8 14 6 20 
student 586: 19 15 1 18 5 3 6 12 14 7 2 10 9 8 17 4 16 13 11 20 
student 587: 16 13 12 10 14 8 9 7 19 2 4 6 5 15 20 3 1 18 11 17 
student 588: 20 8 2 18 7 5 15 10 14 1 3 16 9 17 19 6 4 12 11 13 
student 589: 17 8 15 10 2 5 7 14 20 6 4 11 1 9 19 3 16 12 13 18 
student 590: 15 12 16 18 11 4 7 14 9 1 2 5 3 10 19 13 17 8 6 20 
student 591: 14 16 4 9 12 6 15 18 13 3 2 11 1 17 19 5 20 7 8 10 
student 592: 14 10 9 17 5 12 8 13 18 3 1 4 2 19 20 7 15 11 6 16 
student 593: 15 19 5 11 10 12 16 9 20 6 1 7 4 14 2 18 3 13 8 17 
student 594: 14 10 9 12 2 4 18 19 20 1 6 16 13 8 17 7 3 5 11 15 
student 595: 16 20 7 17 8 13 15 12 19 4 2 6 5 18 14 3 11 1 9 10 
student 596: 15 4 13 18 8 9 10 19 20 3 17 2 5 12 14 7 6 1 11 16 
student 597: 14 10 1 17 3 4 12 16 20 2 7 9 5 18 15 6 8 13 11 19 
student 598: 15 16 5 18 8 1 11 7 19 3 6 20 10 13 14 9 4 12 2 17 
student 599: 14 17 5 19 6 4 8 12 20 3 1 7 2 13 18 15 9 16 11 10 
student 600: 5 17 3 13 6 12 16 14 19 4 1 7 2 15 20 10 11 8 9 18 
student 601: 19 17 3 7 11 4 10 5 18 1 8 6 2 12 16 14 13 15 9 20 
student 602: 5 20 9 16 11 1 14 13 18 2 6 4 3 17 15 19 12 10 7 8 
student 603: 19 16 1 18 4 8 15 11 14 3 2 6 5 12 17 10 13 7 9 20 
student 604: 20 5 3 17 7 4 13 9 19 2 8 10 1 16 15 14 12 11 6 18 
student 605: 8 14 5 3 9 7 18 19 17 1 6 12 2 10 20 15 11 13 4 16 
student 606: 18 7 1 13 14 4 6 10 19 8 5 15 3 20 17 11 12 2 9 16 
student 607: 20 19 5 13 4 3 11 6 16 1 2 8 7 17 15 14 9 12 10 18 
student 608: 20 15 6 8 1 4 5 13 19 3 2 12 10 9 17 16 11 18 7 14 
student 609: 19 14 4 8 5 9 15 20 16 6 1 11 2 12 18 10 17 13 3 7 
student 610: 16 11 6 20 5 9 3 14 7 1 18 8 12 17 15 13 2 10 4 19 
student 611: 17 10 5 14 3 16 4 18 20 13 8 6 2 19 7 9 1 15 12 11 
student 612: 16 12 11 17 2 13 6 15 20 1 7 3 4 18 19 14 5 8 10 9 
student 613: 10 9 4 20 7 12 11 5 17 1 2 8 3 19 15 6 13 16 14 18 
student 614: 17 12 5 19 4 11 2 13 18 1 6 7 3 14 15 16 10 8 9 20 
student 615: 18 16 13 10 2 3 8 4 11 5 7 6 1 20 17 15 9 14 12 19 
student 616: 15 20 13 12 8 9 14 7 19 1 2 10 5 18 6 4 3 11 16 17 
student 617: 19 13 12 16 2 6 11 10 20 3 1 8 4 17 18 14 9 5 7 15 
student 618: 5 17 6 12 7 15 13 18 20 4 3 9 10 16 8 11 2 14 1 19 
student 619: 10 15 11 16 18 12 6 8 14 7 1 5 9 19 20 13 2 3 4 17 
student 620: 18 16 6 17 13 4 5 9 12 7 1 2 8 20 15 14 19 3 11 10 
student 621: 12 9 4 19 3 8 6 17 18 5 2 10 1 15 16 14 13 11 7 20 
student 622: 13 9 4 17 8 6 14 10 18 7 3 1 2 20 15 16 11 5 12 19 
student 623: 17 8 1 20 5 13 15 2 19 7 6 3 9 12 18 10 11 4 16 14 
student 624: 16 11 8 19 6 15 10 12 18 4 1 3 2 13 20 7 5 17 9 14 
student 625: 19 16 6 13 7 9 11 12 18 1 5 3 8 15 20 4 10 17 14 2 
student 626: 19 16 9 15 8 2 13 14 18 3 6 5 1 12 17 11 10 4 7 20 
student 627: 20 14 4 16 1 8 11 12 19 6 2 3 5 9 18 7 13 15 10 17 
student 628: 20 10 5 19 4 3 6 13 12 1 8 7 2 9 15 16 18 17 11 14 
student 629: 19 15 8 18 1 5 13 16 20 4 6 10 11 14 17 2 7 3 9 12 
student 630: 20 6 12 11 10 5 15 13 18 7 2 14 8 16 17 9 1 4 3 19 
student 631: 16 10 13 8 3 6 17 4 18 7 1 11 2 9 19 20 5 12 14 15 
student 632: 15 10 1 14 2 11 18 19 16 5 3 8 6 17 20 9 13 4 7 12 
student 633: 19 16 4 14 2 8 15 17 12 5 1 7 13 9 18 6 10 3 11 20 
student 634: 17 12 5 20 9 3 7 14 18 6 4 1 2 15 19 10 11 8 13 16 
student 635: 7 4 5 15 12 20 8 19 16 3 2 18 9 11 10 14 13 6 1 17 
student 636: 4 17 13 11 10 3 9 15 19 5 1 7 8 2 20 16 12 14 6 18 
student 637: 18 14 3 16 4 15 13 7 12 6 17 2 1 10 19 11 8 9 5 20 
student 638: 20 13 5 15 11 3 16 12 18 2 1 6 4 14 10 17 7 9 8 19 
student 639: 19 6 2 16 4 5 7 12 20 1 10 8 9 14 18 11 17 15 3 13 
student 640: 15 10 11 18 4 6 13 8 20 1 2 12 3 17 19 9 7 14 5 16 
student 641: 16 19 6 10 12 11 15 20 17 3 1 7 4 2 14 13 8 18 9 5 
student 642: 20 14 4 9 5 7 6 18 17 10 3 8 1 15 19 11 12 2 13 16 
student 643: 17 9 2 15 8 7 13 12 19 11 6 1 3 14 18 10 4 16 5 20 
student 644: 16 20 1 11 7 4 12 14 17 3 5 2 6 10 15 13 9 18 8 19 
student 645: 18 15 2 20 5 8 12 10 16 4 1 11 3 14 17 13 6 7 9 19 
student 646: 18 8 4 15 5 9 19 13 20 7 2 6 1 11 16 12 14 3 10 17 
student 647: 18 3 4 20 7 13 14 16 12 2 9 1 5 8 10 15 11 17 6 19 
student 648: 20 12 14 18 10 9 4 15 19 1 6 7 2 13 16 17 8 11 3 5 
student 649: 18 15 2 7 10 5 19 8 17 4 3 6 1 13 9 16 14 11 12 20 
student 650: 20 1 4 18 9 2 15 13 17 6 3 5 8 11 14 7 10 12 16 19 
student 651: 20 14 7 18 10 16 9 17 19 6 8 3 4 12 15 11 2 5 1 13 
student 652: 18 15 2 14 19 6 9 8 20 10 3 5 4 17 16 12 1 11 7 13 
student 653: 14 11 8 19 9 13 6 7 15 1 2 4 3 12 18 16 20 5 10 17 
student 654: 20 11 4 17 8 6 10 2 19 1 3 13 7 15 12 16 14 9 5 18 
student 655: 17 11 10 15 5 1 16 20 19 2 7 6 4 9 13 8 3 14 12 18 
student 656: 13 14 4 15 5 11 7 17 19 2 1 6 3 9 18 8 10 12 16 20 
student 657: 20 10 7 13 8 17 12 6 18 4 2 1 3 15 11 14 5 16 9 19 
student 658: 19 10 7 15 9 18 1 4 16 6 3 11 5 12 20 14 2 8 13 17 
student 659: 15 2 12 6 9 4 8 7 20 5 3 11 1 19 14 13 18 17 10 16 
student 660: 18 11 2 16 7 8 9 15 20 1 5 4 3 19 17 14 6 13 10 12 
student 661: 14 17 3 18 12 4 13 10 15 7 1 9 2 20 11 19 6 5 8 16 
student 662: 17 8 3 16 5 10 7 13 19 1 2 6 4 14 12 20 11 15 9 18 
student 663: 17 14 2 15 4 1 11 18 20 8 3 10 9 12 16 5 7 13 6 19 
student 664: 16 12 1 11 8 7 3 14 18 4 17 5 6 20 15 9 2 13 10 19 
student 665: 18 10 5 19 8 9 7 17 20 1 12 13 2 3 14 11 4 15 6 16 
student 666: 16 13 1 20 12 4 9 17 19 8 2 6 5 18 14 11 7 15 3 10 
student 667: 16 18 3 20 2 9 6 7 19 1 10 5 12 14 17 15 8 13 4 11 
student 668: 20 14 3 13 2 18 8 17 12 5 1 10 4 15 9 7 11 6 19 16 
student 669: 15 14 3 18 11 5 16 13 19 2 1 6 4 12 10 8 7 20 9 17 
student 670: 20 11 2 18 9 12 7 19 15 5 3 4 8 16 17 14 1 10 6 13 
student 671: 19 12 1 16 2 3 10 13 15 8 4 7 5 14 17 9 6 20 11 18 
student 672: 20 7 2 11 6 14 17 15 18 1 3 5 4 10 16 13 9 12 8 19 
student 673: 15 10 3 18 12 6 7 19 5 1 2 13 14 16 20 8 11 9 4 17 
student 674: 13 16 4 14 10 15 1 12 18 5 8 2 9 17 19 11 6 7 3 20 
student 675: 19 9 8 18 2 7 10 12 17 4 3 1 5 20 15 13 11 14 6 16 
student 676: 19 11 3 8 7 2 12 15 17 1 5 6 4 18 16 14 13 9 10 20 
student 677: 17 8 6 11 1 14 13 19 18 5 12 4 3 2 10 9 16 7 15 20 
student 678: 13 16 2 3 5 15 11 8 20 1 4 10 9 12 19 18 6 14 7 17 
student 679: 17 15 9 19 3 4 13 16 18 6 2 1 5 8 11 10 12 14 7 20 
student 680: 10 18 6 19 3 11 9 13 12 4 1 8 2 5 17 16 7 15 14 20 
student 681: 20 17 1 15 9 13 14 11 19 3 6 2 5 8 18 10 12 4 7 16 
student 682: 20 11 16 17 14 7 8 12 18 1 2 6 3 5 13 9 10 15 4 19 
student 683: 15 4 7 8 12 10 16 13 19 2 9 6 3 11 17 18 5 1 14 20 
student 684: 12 16 3 17 13 9 1 11 18 4 6 8 7 20 19 15 2 10 5 14 
student 685: 19 8 2 9 10 7 13 14 11 1 5 16 6 3 20 17 12 18 4 15 
student 686: 19 18 5 8 3 6 16 20 13 7 2 1 4 12 17 14 10 15 9 11 
student 687: 14 12 7 11 2 1 18 17 20 9 8 16 5 6 19 4 15 13 3 10 
student 688: 16 19 1 12 4 6 13 17 20 2 8 10 5 15 7 14 3 11 9 18 
student 689: 13 17 4 16 1 15 6 18 20 3 12 2 7 19 14 9 5 11 10 8 
student 690: 19 16 3 12 10 4 8 14 20 5 7 1 9 18 13 15 11 6 2 17 
student 691: 9 10 6 13 1 7 11 16 19 2 3 5 4 20 18 17 14 12 8 15 
student 692: 14 15 5 20 7 2 18 13 19 3 1 9 11 8 16 10 12 6 4 17 
student 693: 17 9 3 14 5 13 4 7 19 2 1 6 12 15 16 20 18 10 11 8 
student 694: 20 12 3 18 7 4 5 8 17 1 6 11 2 15 14 13 9 16 10 19 
student 695: 12 17 4 18 8 7 11 16 13 2 3 14 5 6 20 15 9 10 1 19 
student 696: 8 9 4 13 7 10 12 16 17 3 11 1 2 19 20 18 6 14 5 15 
student 697: 20 18 9 16 3 8 10 12 13 5 4 2 1 11 19 14 7 15 6 17 
student 698: 20 14 6 15 12 7 3 17 11 1 8 18 4 2 16 13 9 5 10 19 
student 699: 19 13 2 17 9 7 12 5 15 4 8 10 1 20 11 14 3 18 6 16 
student 700: 14 9 6 11 1 13 15 17 18 2 4 3 8 16 10 19 12 7 5 20 
student 701: 16 6 5 7 3 13 11 14 17 2 9 1 8 20 19 18 10 12 4 15 
student 702: 20 12 5 14 6 13 8 16 19 4 7 10 2 15 18 11 3 1 9 17 
student 703: 17 4 5 9 8 6 18 15 19 3 10 7 1 13 16 2 14 20 11 12 
student 704: 18 13 8 10 7 4 14 15 20 3 5 1 6 16 17 9 2 12 11 19 
student 705: 14 20 1 15 8 10 5 7 16 3 6 4 13 9 18 11 12 19 2 17 
student 706: 10 19 11 6 2 4 20 13 9 5 1 17 14 18 16 8 7 15 3 12 
student 707: 15 10 8 16 4 11 12 17 19 1 6 5 3 18 14 13 2 9 7 20 
student 708: 17 16 5 11 3 7 12 15 8 2 4 6 1 20 18 13 14 10 9 19 
student 709: 19 6 7 14 5 20 9 17 16 2 4 12 8 11 13 10 15 3 1 18 
student 710: 20 9 10 15 2 3 13 19 18 1 6 8 5 16 11 12 7 14 4 17 
student 711: 19 10 1 14 3 5 8 16 13 2 7 9 12 18 20 11 6 15 4 17 
student 712: 13 11 14 6 4 18 17 5 16 1 8 15 3 19 10 2 12 9 7 20 
student 713: 20 15 7 17 6 3 11 12 19 1 4 8 2 9 5 16 10 13 14 18 
student 714: 12 7 1 14 3 9 8 10 19 2 4 5 6 20 16 11 13 15 18 17 
student 715: 20 9 4 12 3 8 7 14 13 11 2 6 1 19 16 17 10 15 5 18 
student 716: 17 12 16 14 4 6 7 15 18 2 3 8 5 11 19 13 10 9 1 20 
student 717: 19 16 8 15 4 9 11 10 18 3 1 12 5 20 2 13 6 14 7 17 
student 718: 16 17 2 14 11 6 4 9 20 1 12 18 3 13 10 8 15 5 7 19 
student 719: 17 14 7 16 5 4 8 12 20 3 1 13 2 18 19 10 9 15 6 11 
student 720: 18 13 6 17 11 4 12 8 20 1 3 5 2 10 14 16 7 15 9 19 
student 721: 17 12 7 8 3 9 11 18 13 1 2 5 6 20 16 15 4 14 10 19 
student 722: 17 14 2 11 5 1 19 16 15 10 12 7 3 13 18 8 9 4 6 20 
student 723: 15 10 4 11 2 1 12 19 20 18 5 9 3 13 14 17 7 6 8 16 
student 724: 18 16 5 19 11 2 13 17 15 4 6 10 1 20 8 7 9 14 12 3 
student 725: 15 8 10 11 5 9 6 13 20 2 1 7 3 14 16 18 17 4 12 19 
student 726: 19 16 6 20 9 5 8 17 15 1 4 7 3 13 12 10 2 11 14 18 
student 727: 20 12 1 10 6 4 8 14 16 7 2 9 3 15 17 13 5 19 18 11 
student 728: 20 14 2 12 6 4 10 17 16 3 5 8 7 19 13 18 15 11 9 1 
student 729: 10 13 5 17 6 9 14 15 19 2 3 1 8 20 16 7 12 18 4 11 
student 730: 20 13 4 18 10 2 6 8 19 3 1 5 9 14 15 12 7 11 16 17 
student 731: 19 9 2 13 4 6 12 16 20 8 1 5 3 11 17 15 10 14 7 18 
student 732: 20 14 9 12 8 10 11 7 17 1 5 4 6 15 16 13 18 2 3 19 
student 733: 20 18 11 13 3 5 9 10 17 2 1 7 4 8 15 16 12 6 19 14 
student 734: 4 20 12 14 10 1 8 13 19 2 9 5 3 17 18 11 7 15 6 16 
student 735: 17 14 4 7 3 6 13 20 19 1 8 10 2 16 18 5 11 12 9 15 
student 736: 18 4 7 10 14 2 9 11 19 1 6 20 13 15 17 3 12 8 5 16 
student 737: 18 12 8 20 6 9 7 10 19 2 11 4 1 16 17 13 5 14 3 15 
student 738: 19 10 16 13 3 8 7 12 20 5 2 4 11 15 18 14 1 9 6 17 
student 739: 19 15 3 17 5 9 13 14 16 4 1 20 2 11 18 7 10 8 6 12 
student 740: 10 14 9 20 1 2 5 12 18 3 4 11 7 6 19 15 8 17 13 16 
student 741: 16 17 7 20 2 9 10 14 19 1 3 8 4 13 15 11 12 5 6 18 
student 742: 12 17 2 15 5 18 9 13 19 1 3 10 4 20 14 11 7 6 8 16 
student 743: 20 9 17 12 4 6 11 3 14 2 5 15 1 18 13 10 16 7 8 19 
student 744: 20 14 5 13 3 6 8 19 18 1 2 16 4 10 17 15 9 12 7 11 
student 745: 16 12 17 18 4 7 9 20 15 3 8 10 2 11 14 6 5 1 13 19 
student 746: 20 15 2 18 7 4 19 10 17 1 5 11 6 3 16 8 14 12 9 13 
student 747: 16 12 2 20 4 13 7 17 18 1 6 3 5 19 11 14 8 15 9 10 
student 748: 20 12 3 17 6 11 15 16 14 2 1 5 4 9 7 8 10 18 13 19 
student 749: 17 13 5 15 6 8 12 14 20 1 11 3 2 16 19 7 4 9 10 18 
student 750: 16 15 8 17 4 11 2 13 19 5 1 10 3 9 18 14 12 7 6 20 
student 751: 18 7 4 15 8 9 10 16 19 1 2 6 11 20 17 14 12 3 5 13 
student 752: 14 7 3 13 1 5 19 15 17 6 4 11 9 16 10 12 18 2 8 20 
student 753: 17 18 9 15 7 2 16 13 20 1 5 11 3 8 19 6 4 10 12 14 
student 754: 18 10 6 17 3 14 15 12 19 1 2 4 5 13 16 11 7 9 8 20 
student 755: 16 11 4 19 8 7 5 15 17 3 1 2 6 14 18 9 12 13 10 20 
student 756: 16 19 9 17 1 3 12 13 20 2 11 8 4 18 5 15 7 6 10 14 
student 757: 12 14 7 19 10 6 8 11 13 1 3 9 5 20 18 17 4 16 2 15 
student 758: 19 14 3 16 4 5 8 17 18 2 1 6 13 11 12 15 10 9 7 20 
student 759: 15 7 1 12 19 8 13 10 18 2 5 9 6 16 20 4 3 14 11 17 
student 760: 19 15 4 14 7 5 10 17 18 1 3 2 6 13 11 16 20 9 8 12 
student 761: 14 2 8 11 9 3 10 12 13 5 6 4 1 17 20 16 7 18 15 19 
student 762: 18 15 2 19 6 4 12 8 20 3 1 11 17 14 16 9 7 10 5 13 
student 763: 19 17 7 20 4 3 12 15 9 5 8 10 1 13 11 18 2 14 16 6 
student 764: 18 8 11 17 7 4 15 12 20 3 5 9 6 13 19 10 2 14 1 16 
student 765: 17 13 8 19 11 3 12 15 16 2 6 5 1 18 10 14 7 4 9 20 
student 766: 19 9 6 16 3 13 8 7 15 1 2 5 4 18 11 14 20 10 12 17 
student 767: 11 5 8 15 9 10 12 17 20 4 3 1 6 13 18 14 7 2 16 19 
student 768: 12 13 1 20 5 3 2 15 18 6 8 10 4 14 17 11 7 16 9 19 
student 769: 16 17 7 14 8 9 6 11 13 2 5 4 1 15 20 18 3 12 10 19 
student 770: 17 19 1 14 10 3 9 13 18 5 2 6 11 20 15 12 4 8 7 16 
student 771: 20 14 11 15 1 5 18 2 19 4 8 3 7 9 16 13 6 10 12 17 
student 772: 19 17 9 12 5 13 4 15 18 1 2 6 3 20 16 8 11 10 7 14 
student 773: 20 15 6 12 7 9 4 14 19 5 3 1 2 16 18 13 8 10 11 17 
student 774: 18 7 4 11 8 16 9 15 13 3 10 20 1 17 14 12 2 5 6 19 
student 775: 14 13 6 17 12 1 16 10 11 4 7 2 3 18 19 9 5 15 8 20 
student 776: 15 20 14 11 7 1 12 16 18 2 3 10 4 13 17 6 5 8 9 19 
student 777: 15 11 8 14 1 7 9 3 17 4 6 5 10 16 18 19 12 13 2 20 
student 778: 20 15 7 13 9 5 10 14 11 3 2 16 8 17 12 18 1 6 4 19 
student 779: 15 14 5 7 13 4 12 19 16 6 9 10 1 20 3 11 17 8 2 18 
student 780: 18 9 1 14 6 11 12 13 20 7 16 10 5 4 19 17 3 8 2 15 
student 781: 17 13 3 11 10 9 16 15 18 1 2 4 8 19 20 6 12 7 5 14 
student 782: 12 5 10 13 7 8 2 16 20 3 1 6 4 19 18 14 11 9 15 17 
student 783: 16 18 1 11 3 6 9 10 20 5 14 2 17 13 12 8 4 15 7 19 
student 784: 19 14 6 17 7 10 5 12 15 1 8 2 4 18 16 9 11 3 13 20 
student 785: 11 19 4 13 1 2 6 18 20 12 3 15 7 10 14 16 8 5 9 17 
student 786: 20 9 4 15 1 12 7 10 18 5 13 11 3 14 19 17 6 2 8 16 
student 787: 17 9 10 12 1 4 2 7 19 6 5 15 3 16 11 13 8 20 14 18 
student 788: 16 6 7 10 2 8 12 19 20 3 1 4 5 17 14 15 11 18 9 13 
student 789: 18 10 9 6 3 12 11 13 19 2 4 14 1 16 15 17 8 7 5 20 
student 790: 20 9 1 10 6 11 13 12 18 5 7 3 2 15 17 14 16 8 4 19 
student 791: 13 8 2 19 9 7 11 12 20 5 1 10 3 18 17 15 4 16 6 14 
student 792: 20 12 1 19 8 5 10 13 14 6 4 3 7 18 17 11 2 15 9 16 
student 793: 8 10 15 9 5 13 6 17 19 2 3 7 1 14 18 16 11 12 4 20 
student 794: 19 9 4 15 10 6 14 20 18 12 1 8 2 11 13 16 3 7 5 17 
student 795: 11 14 3 19 17 2 16 8 7 4 9 1 10 18 20 15 12 6 5 13 
student 796: 10 12 4 3 16 5 6 18 20 2 14 7 17 19 13 11 8 9 1 15 
student 797: 15 14 4 19 5 13 11 7 18 2 6 1 3 10 17 20 9 12 8 16 
student 798: 17 19 7 16 8 5 9 3 14 4 1 6 15 18 11 12 13 10 2 20 
student 799: 13 5 1 17 3 2 15 8 18 4 10 6 12 16 7 19 11 14 9 20 
