student 0: 11 1 6 14 12 13 17 8 7 10 19 2 4 3 18 15 5 20 16 9 
student 1: 18 2 10 11 7 20 16 5 6 19 13 1 15 8 4 14 3 17 9 12 
student 2: 6 2 9 10 1 14 15 11 19 16 18 8 12 7 3 13 5 17 20 4 
student 3: 14 4 10 15 11 19 9 7 5 18 17 1 3 6 8 13 2 20 16 12 
student 4: 17 3 19 13 7 5 11 6 15 14 18 4 2 16 1 8 9 12 20 10 
student 5: 20 3 8 18 17 19 9 7 1 12 15 2 10 11 4 5 6 16 13 14 
student 6: 13 2 7 19 3 15 14 4 5 17 8 9 12 10 1 11 16 20 18 6 
student 7: 12 10 11 13 7 14 19 3 8 20 18 1 6 5 2 15 4 17 16 9 
student 8: 13 3 20 15 8 17 14 7 5 16 11 1 2 12 9 6 4 18 19 10 
student 9: 14 10 12 17 5 18 13 3 7 19 16 1 2 8 6 4 11 20 15 9 
student 10: 20 4 12 19 2 9 15 3 5 16 7 1 11 13 10 14 6 17 18 8 
student 11: 17 3 16 7 10 15 8 13 9 12 18 1 4 11 5 14 2 20 19 6 
student 12: 18 14 13 15 4 16 10 2 11 12 17 1 8 6 3 9 7 19 20 5 
student 13: 14 1 11 19 12 17 20 4 10 15 6 9 3 5 2 13 7 18 16 8 
student 14: 8 7 5 12 10 18 9 1 19 16 13 2 4 14 3 17 6 11 20 15 
student 15: 12 1 20 19 15 17 5 11 10 13 16 2 8 3 6 9 7 18 14 4 
student 16: 17 4 3 14 6 20 7 9 1 16 15 2 5 12 11 10 8 18 19 13 
student 17: 20 2 3 16 6 12 15 13 14 18 11 1 10 4 5 8 9 17 19 7 
student 18: 14 3 12 17 4 16 13 5 1 18 19 2 8 11 6 10 9 20 15 7 
student 19: 11 5 9 19 6 15 13 8 3 16 14 1 2 7 4 17 12 20 18 10 
student 20: 15 16 10 18 7 14 13 11 3 12 17 5 2 8 1 9 6 20 19 4 
student 21: 18 1 13 8 6 17 14 12 4 20 19 5 10 3 2 16 9 11 15 7 
student 22: 16 1 11 8 2 13 14 9 17 18 15 4 12 3 6 7 5 19 20 10 
student 23: 16 5 4 17 10 20 19 6 8 14 15 1 2 9 3 11 12 18 13 7 
student 24: 12 5 6 20 8 15 19 7 9 14 11 2 3 18 4 13 1 16 17 10 
student 25: 11 5 7 16 10 20 14 9 8 13 18 4 6 15 1 12 2 17 19 3 
student 26: 12 2 16 18 8 14 9 5 3 17 10 15 6 7 1 11 4 20 19 13 
student 27: 6 1 16 14 15 18 5 4 3 13 19 8 10 2 11 9 7 17 20 12 
student 28: 6 4 5 19 3 18 16 10 12 13 14 7 1 15 2 8 9 17 20 11 
student 29: 16 1 6 17 12 14 10 2 8 13 20 4 5 11 7 15 19 3 18 9 
student 30: 17 1 19 11 15 18 10 7 9 13 2 4 5 6 3 12 8 20 16 14 
student 31: 19 5 15 12 10 16 17 1 8 18 14 4 3 11 2 9 6 13 20 7 
student 32: 8 3 11 13 10 14 15 2 7 18 17 9 6 1 4 16 5 19 20 12 
student 33: 13 1 11 16 6 17 8 3 12 14 18 5 10 15 9 7 2 19 20 4 
student 34: 16 1 12 10 9 11 7 8 4 20 18 14 2 5 3 15 6 17 19 13 
student 35: 19 5 17 16 10 11 4 2 6 8 13 1 9 3 7 12 14 20 18 15 
student 36: 18 11 9 17 2 14 10 3 7 15 13 4 6 8 5 12 1 20 19 16 
student 37: 14 1 12 9 10 13 20 2 6 18 15 4 7 5 3 11 16 19 17 8 
student 38: 18 2 17 9 3 15 12 6 7 13 14 1 5 8 4 10 11 19 20 16 
student 39: 12 2 17 19 4 18 11 3 10 20 14 6 13 5 8 16 1 15 9 7 
student 40: 7 5 9 17 19 18 13 12 3 14 8 2 1 11 4 10 16 20 15 6 
student 41: 16 7 15 13 11 19 18 2 1 14 12 3 6 9 8 17 10 20 4 5 
student 42: 17 1 13 11 15 8 18 6 9 20 19 2 4 5 3 10 7 16 14 12 
student 43: 14 7 17 12 20 19 3 10 5 2 13 4 9 8 1 18 6 15 16 11 
student 44: 9 2 15 7 19 13 17 8 4 12 11 5 16 10 1 18 3 20 14 6 
student 45: 15 3 14 17 2 13 20 16 11 9 10 1 5 4 6 12 7 18 19 8 
student 46: 13 2 16 18 4 20 19 3 7 15 6 1 10 8 5 17 9 14 11 12 
student 47: 9 4 7 13 12 20 15 2 8 16 19 1 5 10 6 14 3 11 18 17 
student 48: 15 3 5 12 10 9 6 11 4 20 16 7 13 14 1 19 2 18 17 8 
student 49: 12 4 8 16 13 18 10 6 2 15 14 1 20 9 3 11 5 17 19 7 
student 50: 11 9 7 13 2 15 10 5 12 19 14 6 8 16 4 18 1 17 20 3 
student 51: 16 7 14 19 13 17 12 8 3 15 10 1 2 11 9 6 5 18 20 4 
student 52: 13 10 11 16 8 18 6 12 2 17 15 4 3 5 7 20 1 14 19 9 
student 53: 8 16 7 12 11 20 17 3 1 10 18 4 14 6 13 9 5 19 15 2 
student 54: 13 1 8 17 7 19 12 6 5 16 18 4 2 9 3 14 10 20 15 11 
student 55: 10 1 9 14 16 15 5 7 11 19 17 2 8 12 4 13 3 18 20 6 
student 56: 11 3 16 19 4 20 7 6 1 15 10 2 9 17 5 12 13 14 18 8 
student 57: 18 5 9 6 10 20 14 3 7 17 12 1 8 15 2 11 13 19 16 4 
student 58: 19 3 13 16 15 10 9 7 6 20 18 1 4 11 5 12 2 17 14 8 
student 59: 16 1 18 14 7 15 12 10 8 13 17 3 4 9 2 11 5 20 19 6 
student 60: 16 1 9 18 11 19 10 6 8 15 14 3 2 5 7 13 4 20 17 12 
student 61: 7 3 16 13 1 14 17 15 2 19 12 4 8 9 5 10 11 18 20 6 
student 62: 17 3 18 7 4 14 19 10 9 11 15 2 8 1 5 20 6 16 13 12 
student 63: 14 3 11 17 15 9 13 10 8 12 18 1 2 4 5 16 6 20 19 7 
student 64: 9 10 8 18 6 1 15 2 5 16 20 19 7 12 3 11 4 14 17 13 
student 65: 2 6 11 19 16 15 17 1 10 20 14 4 3 8 7 12 9 13 18 5 
student 66: 11 1 4 14 9 20 10 5 7 12 18 2 8 3 6 17 15 19 16 13 
student 67: 18 2 14 11 8 12 16 6 7 17 15 1 3 13 9 5 4 19 20 10 
student 68: 20 7 10 9 4 12 18 6 11 15 17 1 5 8 2 13 3 14 19 16 
student 69: 7 4 12 19 9 16 15 8 3 18 13 2 5 11 1 10 6 20 17 14 
student 70: 8 1 7 13 5 20 6 12 3 15 16 9 2 14 19 10 11 18 17 4 
student 71: 11 8 14 15 6 18 9 2 3 12 20 1 5 7 4 13 10 19 16 17 
student 72: 20 11 13 16 10 18 5 6 4 15 17 1 2 8 7 12 3 14 19 9 
student 73: 11 4 18 12 2 16 8 5 9 13 15 1 10 19 3 7 6 14 20 17 
student 74: 20 11 12 6 8 18 17 4 7 19 16 3 9 14 5 10 1 13 15 2 
student 75: 18 7 9 12 6 16 10 5 14 20 19 8 2 1 3 13 4 17 15 11 
student 76: 16 10 18 17 12 19 6 4 2 8 7 5 11 9 3 13 1 20 15 14 
student 77: 8 3 12 19 9 20 15 6 7 18 14 1 5 10 4 13 2 17 16 11 
student 78: 17 6 4 13 12 11 18 5 14 16 20 3 8 2 9 10 7 15 19 1 
student 79: 6 9 15 20 7 12 14 2 4 18 17 5 8 10 1 11 3 16 19 13 
student 80: 12 2 14 10 11 20 19 4 5 16 15 1 7 8 6 3 9 18 17 13 
student 81: 10 5 8 16 7 20 19 3 12 17 14 4 15 2 6 13 1 18 9 11 
student 82: 20 5 11 12 7 15 8 2 1 14 19 4 10 13 6 16 3 18 17 9 
student 83: 17 7 16 19 10 18 11 13 6 15 20 1 3 5 2 12 4 14 9 8 
student 84: 13 2 7 17 3 16 10 1 9 18 19 8 4 15 6 11 5 20 14 12 
student 85: 19 1 2 15 16 14 12 5 7 18 8 3 6 10 13 4 11 9 17 20 
student 86: 8 1 17 15 5 18 12 4 13 14 16 11 6 10 2 3 7 20 19 9 
student 87: 19 14 13 3 6 18 8 12 4 9 20 5 1 11 2 15 7 17 16 10 
student 88: 15 4 8 18 3 16 20 2 14 19 13 6 5 9 1 11 10 17 12 7 
student 89: 16 10 13 14 9 15 20 2 3 17 8 1 11 4 7 6 5 19 18 12 
student 90: 14 8 5 15 12 20 11 1 7 16 18 2 17 3 6 4 10 13 19 9 
student 91: 11 2 8 12 7 16 20 5 1 13 10 15 3 14 4 9 18 17 19 6 
student 92: 17 7 6 19 11 12 10 2 9 15 14 1 3 13 5 8 16 18 20 4 
student 93: 13 1 6 11 14 12 19 8 10 15 17 2 9 4 3 20 7 16 18 5 
student 94: 15 2 19 13 7 18 8 3 9 17 14 11 1 5 10 12 4 20 16 6 
student 95: 19 3 7 17 11 10 14 6 8 15 16 1 5 20 4 12 2 9 18 13 
student 96: 13 4 19 15 9 17 3 1 7 16 20 5 8 10 6 11 2 12 18 14 
student 97: 10 1 6 20 14 15 8 11 4 12 19 2 7 5 9 16 3 18 17 13 
student 98: 9 15 10 14 13 18 16 5 4 11 19 3 2 8 1 7 12 17 20 6 
student 99: 20 6 15 10 12 18 14 3 5 8 17 2 7 13 9 11 4 19 16 1 
student 100: 10 3 7 20 1 17 15 5 6 11 18 8 14 9 4 13 2 16 19 12 
student 101: 16 11 13 19 4 10 17 1 2 20 9 3 12 5 7 14 6 18 15 8 
student 102: 16 8 12 19 7 17 13 5 6 9 20 2 4 3 1 14 15 18 11 10 
student 103: 5 4 11 6 2 20 18 10 9 17 15 1 3 13 7 12 8 19 16 14 
student 104: 16 4 5 12 11 19 17 15 7 13 18 2 3 6 1 14 8 10 20 9 
student 105: 17 1 8 15 14 10 16 3 6 19 20 4 7 12 5 9 2 18 13 11 
student 106: 19 2 15 12 18 20 6 3 7 16 11 1 8 9 10 13 4 14 17 5 
student 107: 17 4 2 18 10 15 8 1 9 16 20 5 14 13 7 12 3 19 6 11 
student 108: 12 15 4 19 7 13 14 2 10 20 18 1 3 8 5 9 16 6 17 11 
student 109: 15 2 17 10 4 5 9 6 16 13 18 1 7 11 12 8 3 20 19 14 
student 110: 11 4 12 19 8 10 14 5 9 16 18 3 2 15 13 1 7 20 17 6 
student 111: 17 10 9 15 7 14 12 11 5 19 13 3 4 16 1 8 2 18 20 6 
student 112: 13 5 2 14 18 9 16 17 11 3 12 6 4 19 1 10 8 20 15 7 
student 113: 16 10 13 18 7 14 1 19 5 9 11 3 4 20 2 6 15 17 12 8 
student 114: 10 6 11 17 12 20 14 7 5 19 13 1 2 16 3 4 8 15 18 9 
student 115: 11 2 15 20 7 19 18 8 5 17 13 3 12 6 1 9 4 16 14 10 
student 116: 14 6 16 13 4 18 11 8 12 17 15 3 10 5 7 9 2 19 20 1 
student 117: 19 9 15 11 7 20 17 3 10 13 12 1 2 6 5 8 4 18 14 16 
student 118: 15 1 8 16 7 10 12 4 3 20 17 18 2 9 6 11 5 19 13 14 
student 119: 4 6 8 20 12 19 3 5 18 11 17 7 9 2 1 10 13 16 15 14 
student 120: 10 5 16 19 12 20 18 3 2 14 13 7 8 6 1 11 4 15 17 9 
student 121: 4 3 11 15 9 19 7 1 8 20 14 5 17 12 6 13 2 18 16 10 
student 122: 15 12 5 11 10 19 16 7 6 13 17 1 8 4 3 20 2 18 14 9 
student 123: 18 1 8 13 12 11 14 5 16 10 9 6 3 7 2 17 4 20 19 15 
student 124: 14 5 8 12 9 18 11 1 7 17 16 4 10 2 3 6 13 20 19 15 
student 125: 5 3 6 11 7 20 17 10 9 19 14 2 12 4 1 8 18 16 15 13 
student 126: 19 14 10 9 1 15 13 4 6 16 17 5 7 11 3 2 12 20 18 8 
student 127: 11 10 6 16 2 17 13 8 3 14 18 1 5 12 4 9 7 19 20 15 
student 128: 19 3 10 20 16 14 13 6 11 17 12 1 9 4 2 7 5 15 18 8 
student 129: 8 10 15 14 6 18 11 5 4 17 12 1 2 13 7 16 3 20 19 9 
student 130: 10 9 11 18 5 15 16 2 12 19 8 1 7 17 3 13 4 20 14 6 
student 131: 15 12 19 14 6 18 13 7 10 5 17 8 2 16 1 3 4 20 9 11 
student 132: 9 13 12 16 11 15 18 5 10 14 20 1 3 4 2 8 6 17 19 7 
student 133: 17 3 11 19 16 20 9 10 7 8 15 1 2 5 4 13 6 18 14 12 
student 134: 17 3 8 15 7 19 12 9 4 18 14 2 1 13 5 11 6 16 20 10 
student 135: 18 6 7 10 3 15 16 8 5 12 14 2 9 13 4 11 1 17 19 20 
student 136: 5 6 12 20 13 17 14 3 11 10 19 1 4 9 2 16 7 18 8 15 
student 137: 6 10 12 16 17 15 8 9 5 13 19 3 2 11 4 20 1 18 14 7 
student 138: 9 7 4 13 20 19 12 1 11 17 18 2 5 10 6 15 3 14 16 8 
student 139: 19 8 6 4 10 16 5 1 13 14 17 2 9 12 3 15 7 20 18 11 
student 140: 15 6 10 18 9 17 12 4 7 14 19 2 5 8 3 13 1 20 16 11 
student 141: 18 5 17 12 2 19 9 6 10 15 8 4 1 14 3 7 11 20 16 13 
student 142: 14 1 8 17 11 12 13 10 9 15 20 2 7 4 5 3 6 19 18 16 
student 143: 15 10 14 9 4 19 20 5 3 16 13 2 7 11 1 12 8 18 17 6 
student 144: 16 3 5 9 8 14 17 10 1 15 12 2 4 18 7 11 6 19 20 13 
student 145: 3 6 9 17 10 14 19 11 2 12 16 1 5 15 7 20 4 13 18 8 
student 146: 14 8 11 16 2 20 13 9 10 18 1 4 5 12 3 7 6 17 19 15 
student 147: 14 2 9 19 7 16 12 10 11 17 15 4 3 13 5 8 1 20 18 6 
student 148: 13 5 11 20 10 16 19 2 14 17 7 4 3 6 1 8 12 9 15 18 
student 149: 14 1 16 18 5 12 10 2 4 19 13 3 9 7 6 15 11 20 17 8 
student 150: 10 1 6 14 4 16 11 2 5 19 13 12 3 8 7 15 9 20 17 18 
student 151: 9 4 8 16 1 18 5 7 13 19 10 6 11 14 3 15 2 20 17 12 
student 152: 14 2 3 15 12 18 13 1 4 17 10 6 11 8 7 9 5 16 20 19 
student 153: 16 1 9 19 12 18 10 7 6 14 11 5 2 13 3 15 4 17 20 8 
student 154: 10 5 7 18 8 16 17 6 1 19 15 9 4 11 2 13 3 20 14 12 
student 155: 15 4 13 11 17 9 18 10 2 16 6 5 8 3 1 7 14 19 20 12 
student 156: 3 4 2 14 10 17 16 6 5 19 18 1 8 9 7 12 11 15 20 13 
student 157: 2 12 3 20 5 16 14 9 10 8 17 7 6 4 1 18 13 19 15 11 
student 158: 6 3 10 13 11 19 9 16 12 18 17 5 1 2 4 14 8 15 20 7 
student 159: 15 10 11 13 6 18 14 2 9 17 16 3 4 5 12 8 1 19 20 7 
student 160: 15 1 11 17 13 18 14 3 6 20 12 7 10 2 4 16 5 19 8 9 
student 161: 15 4 16 19 9 20 7 1 14 18 17 2 12 5 8 11 3 13 10 6 
student 162: 15 7 14 16 4 20 10 1 2 13 17 3 8 11 5 9 12 19 18 6 
student 163: 17 9 5 12 7 10 13 8 15 20 16 2 6 1 3 11 4 19 18 14 
student 164: 16 5 4 13 1 18 17 2 9 14 19 6 3 12 8 15 10 7 20 11 
student 165: 13 2 15 11 8 19 12 7 6 17 14 3 4 10 1 9 18 20 16 5 
student 166: 11 5 9 14 2 20 13 3 10 18 8 1 4 16 12 19 7 17 15 6 
student 167: 15 4 7 9 1 17 13 16 6 19 14 12 8 10 2 11 5 20 18 3 
student 168: 18 4 9 15 5 17 10 12 11 13 16 2 14 3 6 7 1 20 19 8 
student 169: 11 3 14 6 12 15 8 7 5 13 20 2 10 18 1 4 17 19 16 9 
student 170: 16 1 6 7 10 18 14 5 9 15 13 2 4 11 8 12 3 20 19 17 
student 171: 11 2 14 18 13 17 4 3 10 8 16 1 9 6 5 19 7 20 15 12 
student 172: 4 2 12 16 3 9 13 6 1 19 20 7 5 8 11 14 15 17 18 10 
student 173: 14 9 20 12 6 17 7 3 10 18 15 1 4 11 2 16 5 13 19 8 
student 174: 13 7 14 9 5 16 17 3 1 15 12 2 4 11 6 18 10 20 19 8 
student 175: 5 2 8 10 19 17 14 3 11 6 20 1 7 12 4 15 9 18 16 13 
student 176: 14 3 5 11 2 19 8 9 7 6 16 1 17 10 4 13 12 18 20 15 
student 177: 14 10 1 17 3 18 11 5 12 9 13 2 6 8 4 16 15 19 20 7 
student 178: 18 6 13 16 19 20 9 5 7 14 10 3 4 8 2 11 1 15 17 12 
student 179: 18 3 12 14 7 17 11 5 2 13 16 4 9 10 1 6 8 19 20 15 
student 180: 9 2 5 17 11 8 16 4 15 20 12 1 13 3 7 19 6 18 14 10 
student 181: 9 10 7 14 2 20 12 6 3 19 16 5 1 4 15 8 11 13 18 17 
student 182: 15 5 14 13 6 19 12 3 4 18 16 1 9 10 2 8 7 17 20 11 
student 183: 15 1 9 5 13 17 16 4 20 14 8 6 10 3 2 12 7 18 19 11 
student 184: 16 11 9 17 7 15 10 1 6 19 18 3 4 12 2 8 5 20 13 14 
student 185: 18 8 11 20 2 12 19 9 7 14 6 4 3 13 1 10 5 15 16 17 
student 186: 10 3 8 15 6 20 14 12 4 16 18 7 1 11 5 9 2 19 17 13 
student 187: 16 3 9 11 10 17 13 2 8 19 20 1 5 4 12 15 7 14 18 6 
student 188: 12 7 6 16 5 19 20 13 9 11 14 2 1 10 4 18 8 17 15 3 
student 189: 12 9 3 2 15 16 13 11 10 17 8 5 1 6 7 18 4 20 19 14 
student 190: 18 4 7 10 5 19 9 6 13 17 16 2 14 8 1 20 3 15 12 11 
student 191: 13 3 11 15 5 19 14 10 2 18 17 8 6 7 4 12 1 16 20 9 
student 192: 16 2 11 15 8 19 14 6 10 12 17 4 5 7 3 13 1 18 20 9 
student 193: 19 3 11 10 9 16 14 7 1 15 20 2 8 12 5 17 4 18 13 6 
student 194: 11 8 3 15 7 16 6 9 2 17 19 4 1 12 5 14 10 20 13 18 
student 195: 9 5 12 13 4 19 11 7 3 17 14 1 2 10 6 16 8 20 18 15 
student 196: 17 4 16 13 5 15 11 7 3 19 9 1 8 10 6 14 2 18 20 12 
student 197: 18 8 12 13 7 20 17 3 1 15 16 10 4 6 2 9 14 5 19 11 
student 198: 16 2 12 14 8 18 13 5 7 17 11 4 6 9 1 20 3 15 19 10 
student 199: 8 4 11 15 10 18 14 2 12 19 5 3 7 9 6 17 1 20 16 13 
student 200: 16 2 8 7 10 5 15 6 4 20 18 1 11 17 3 13 12 19 14 9 
student 201: 12 2 6 17 11 18 16 9 19 15 5 3 4 13 7 8 10 14 20 1 
student 202: 16 1 14 17 10 19 15 2 6 20 12 3 4 7 8 13 5 11 18 9 
student 203: 9 6 11 16 7 18 10 12 1 17 19 4 3 8 14 15 5 13 20 2 
student 204: 13 1 6 12 2 18 9 4 8 15 20 3 11 14 10 17 7 16 19 5 
student 205: 12 11 4 13 17 18 7 3 8 10 20 2 9 15 5 16 1 14 19 6 
student 206: 1 4 10 9 14 17 18 13 5 15 12 8 7 19 2 16 6 20 11 3 
student 207: 14 1 13 15 6 16 12 10 11 17 8 2 3 7 5 20 4 19 18 9 
student 208: 18 5 16 8 4 15 13 9 11 19 14 1 10 12 3 6 7 20 17 2 
student 209: 17 12 7 15 6 19 16 1 5 10 18 4 8 9 3 2 11 20 14 13 
student 210: 10 2 17 15 6 11 14 5 9 8 13 4 3 12 1 19 7 20 18 16 
student 211: 11 4 12 13 3 18 20 1 7 15 17 2 6 14 5 10 8 9 16 19 
student 212: 16 10 11 17 13 14 19 6 9 12 5 1 7 8 4 2 3 20 18 15 
student 213: 15 1 13 19 11 20 9 2 4 12 14 6 7 17 5 10 3 18 16 8 
student 214: 19 1 8 14 10 20 5 3 12 18 17 9 16 11 4 7 2 15 13 6 
student 215: 18 1 10 19 5 14 13 8 7 17 6 2 12 11 4 15 3 20 9 16 
student 216: 16 4 6 9 15 8 19 2 13 17 12 10 1 11 5 14 3 20 18 7 
student 217: 13 7 11 16 3 18 12 8 4 17 14 1 2 5 6 15 10 19 20 9 
student 218: 14 4 9 12 10 15 8 2 1 20 17 7 3 11 6 16 5 18 19 13 
student 219: 15 2 13 17 6 19 9 3 11 16 18 1 7 8 4 12 5 14 20 10 
student 220: 18 2 12 15 10 5 13 1 4 16 20 7 3 9 6 14 8 17 19 11 
student 221: 12 1 10 20 6 17 15 7 11 13 18 3 9 4 2 14 5 16 19 8 
student 222: 8 12 9 16 15 17 7 6 2 20 18 1 11 5 3 10 4 14 19 13 
student 223: 18 8 13 7 3 17 16 4 11 15 14 1 5 6 2 12 9 19 20 10 
student 224: 19 6 15 12 17 16 7 4 2 3 11 8 5 13 1 14 10 18 20 9 
student 225: 16 1 7 12 14 18 11 3 13 17 15 5 2 8 4 9 6 19 20 10 
student 226: 17 3 12 19 11 13 9 10 5 6 16 1 4 15 7 14 2 20 18 8 
student 227: 12 2 19 8 5 18 6 3 4 17 10 7 9 15 13 11 1 20 16 14 
student 228: 19 4 15 20 7 13 9 8 2 16 11 1 3 10 5 17 6 14 18 12 
student 229: 16 2 10 11 1 20 15 8 7 19 18 3 6 9 12 13 5 17 4 14 
student 230: 10 1 14 17 12 11 8 5 7 2 19 6 4 9 3 13 20 18 16 15 
student 231: 18 6 4 12 11 19 15 13 1 17 16 5 2 3 10 8 9 20 14 7 
student 232: 15 7 14 16 3 18 13 6 9 17 1 5 8 10 2 11 4 20 19 12 
student 233: 20 3 13 18 8 14 17 4 15 11 5 1 2 9 6 12 7 19 16 10 
student 234: 18 3 10 17 7 19 13 8 6 12 14 1 5 9 2 11 4 15 20 16 
student 235: 16 3 20 13 10 17 15 6 5 12 14 1 2 7 11 8 4 18 19 9 
student 236: 5 2 10 8 1 17 15 6 11 14 19 3 9 12 4 20 7 18 16 13 
student 237: 14 1 12 10 11 20 16 5 3 19 15 2 9 8 6 4 13 17 18 7 
student 238: 5 2 12 18 8 15 17 4 7 20 11 1 10 13 6 14 3 19 16 9 
student 239: 17 1 8 11 9 19 10 5 12 14 15 2 3 16 6 18 4 20 13 7 
student 240: 17 4 11 15 16 13 12 2 7 19 18 1 5 9 3 14 6 10 20 8 
student 241: 9 4 15 18 6 16 13 5 8 19 20 2 3 7 1 10 11 17 12 14 
student 242: 14 1 10 11 17 20 12 2 7 19 15 9 4 13 6 3 8 18 16 5 
student 243: 12 4 11 13 10 15 16 6 5 19 17 2 1 7 3 14 9 20 18 8 
student 244: 17 7 13 20 10 15 12 6 9 5 19 1 8 11 2 3 4 18 16 14 
student 245: 11 1 13 14 7 18 15 9 4 19 17 2 3 12 5 8 6 16 20 10 
student 246: 11 3 10 18 9 12 13 7 14 17 5 2 4 15 1 20 6 19 16 8 
student 247: 19 3 12 10 9 14 15 11 1 18 17 2 4 7 5 8 6 20 16 13 
student 248: 16 3 12 13 10 18 7 2 5 19 15 1 6 11 9 4 14 20 17 8 
student 249: 16 7 12 18 9 15 3 2 6 14 20 4 8 5 17 11 1 19 13 10 
student 250: 16 3 13 20 5 18 11 7 14 8 17 1 4 2 9 15 10 6 19 12 
student 251: 19 5 12 18 11 16 13 7 8 15 14 4 1 6 3 9 2 20 17 10 
student 252: 14 5 13 16 6 17 2 3 9 19 18 4 7 12 1 8 10 15 20 11 
student 253: 16 3 11 17 8 14 9 1 6 18 12 2 5 10 4 13 15 20 19 7 
student 254: 13 1 3 16 7 14 12 2 8 17 20 6 19 10 4 5 11 9 15 18 
student 255: 14 2 17 18 5 20 13 6 8 19 15 10 9 7 3 1 4 11 16 12 
student 256: 10 8 5 19 2 20 17 7 1 16 15 6 12 13 3 14 4 11 18 9 
student 257: 15 6 10 19 9 18 14 7 5 17 16 4 2 13 1 8 3 12 20 11 
student 258: 18 10 11 14 7 13 12 9 15 19 17 3 6 1 2 8 4 16 20 5 
student 259: 16 8 4 15 7 19 14 5 10 18 17 1 6 2 3 9 13 20 11 12 
student 260: 11 6 3 19 8 14 17 2 9 16 13 1 20 4 7 12 5 15 18 10 
student 261: 9 3 10 17 5 20 18 12 8 13 16 1 14 6 2 11 4 19 15 7 
student 262: 13 1 11 14 10 18 12 8 5 17 19 4 6 9 2 16 3 15 20 7 
student 263: 11 3 15 9 6 19 18 7 2 14 13 1 4 12 5 17 8 16 20 10 
student 264: 14 4 8 17 15 16 7 1 11 20 13 3 10 9 2 12 6 18 19 5 
student 265: 1 2 5 7 3 14 8 4 10 16 12 15 6 17 9 18 13 19 20 11 
student 266: 10 1 18 9 6 4 16 3 15 11 19 8 7 5 2 12 13 17 20 14 
student 267: 19 8 9 15 3 18 16 4 10 12 13 2 1 14 5 7 6 17 20 11 
student 268: 15 6 8 17 10 11 13 9 7 16 20 1 4 12 2 3 5 18 19 14 
student 269: 16 3 12 18 4 19 14 7 13 10 5 2 11 6 1 9 8 20 15 17 
student 270: 10 3 11 12 7 17 4 2 5 19 20 1 6 14 9 16 8 13 18 15 
student 271: 14 8 2 20 3 11 15 5 7 19 10 1 12 9 6 16 4 18 17 13 
student 272: 8 2 4 13 17 19 14 5 7 16 15 6 11 12 1 9 3 10 20 18 
student 273: 15 4 18 11 14 19 7 2 6 12 17 1 3 10 5 13 9 16 20 8 
student 274: 14 1 11 9 8 19 10 2 16 18 12 7 4 6 17 13 5 20 15 3 
student 275: 18 6 11 9 8 16 13 1 5 19 17 2 3 4 7 12 15 20 10 14 
student 276: 20 7 18 12 13 16 17 2 1 15 19 8 6 4 10 11 5 14 9 3 
student 277: 4 6 10 13 7 20 12 3 8 18 15 2 11 1 5 17 9 19 16 14 
student 278: 17 1 7 14 4 15 8 3 10 20 18 6 9 11 2 16 5 19 12 13 
student 279: 17 13 15 8 6 19 14 2 12 11 20 1 3 10 5 16 7 18 9 4 
student 280: 17 6 14 16 5 18 15 3 11 13 10 2 1 9 8 12 4 20 19 7 
student 281: 6 1 2 12 5 18 16 8 15 20 17 7 9 13 4 11 3 19 14 10 
student 282: 18 1 9 13 10 11 12 4 7 16 17 2 6 8 5 15 3 19 20 14 
student 283: 11 3 13 8 10 18 12 2 7 15 14 1 4 9 5 20 6 19 17 16 
student 284: 14 9 11 18 10 19 20 4 6 16 8 1 12 5 2 7 3 15 17 13 
student 285: 14 2 15 13 12 17 9 10 6 16 7 5 1 4 3 11 8 19 20 18 
student 286: 12 8 13 15 6 19 18 10 7 17 14 2 3 4 1 11 5 20 16 9 
student 287: 10 11 8 14 9 19 2 1 6 18 16 3 7 12 5 13 4 17 20 15 
student 288: 17 6 13 8 12 18 9 1 10 3 19 2 7 11 4 16 5 20 15 14 
student 289: 15 5 11 19 8 10 13 9 2 18 20 1 4 12 3 16 6 14 7 17 
student 290: 16 1 14 12 5 19 7 3 10 13 17 2 4 18 9 6 15 8 20 11 
student 291: 16 2 10 17 3 14 11 7 6 18 13 8 4 9 5 12 1 20 19 15 
student 292: 17 2 8 19 16 18 12 5 7 10 20 1 3 11 6 9 13 15 14 4 
student 293: 17 1 18 12 4 15 7 13 6 19 10 3 2 5 8 16 9 20 14 11 
student 294: 5 4 9 11 12 18 1 3 8 16 15 6 7 19 2 14 13 20 17 10 
student 295: 9 1 17 12 10 13 18 6 16 11 14 3 7 8 4 15 2 20 19 5 
student 296: 15 8 14 5 10 20 16 4 11 18 12 2 1 13 9 17 7 6 19 3 
student 297: 16 3 9 14 6 18 11 5 10 15 17 4 2 8 1 13 7 20 19 12 
student 298: 9 2 13 20 10 17 14 1 5 18 6 3 7 12 11 8 4 19 15 16 
student 299: 20 10 8 13 6 12 15 5 4 18 17 2 3 9 1 11 7 19 16 14 
student 300: 8 5 11 13 10 18 19 9 4 16 15 1 3 7 2 17 6 20 12 14 
student 301: 13 17 4 5 3 16 18 14 15 20 10 6 1 7 2 12 9 19 8 11 
student 302: 16 1 3 14 15 18 12 4 9 13 17 7 2 10 6 5 11 20 19 8 
student 303: 14 4 15 11 6 17 12 2 5 16 19 8 1 13 7 10 9 18 20 3 
student 304: 18 3 12 11 6 10 19 2 9 13 17 1 4 15 8 5 7 16 20 14 
student 305: 13 6 11 18 8 17 15 7 3 14 19 1 4 2 5 16 12 20 9 10 
student 306: 17 3 16 15 11 13 14 2 6 19 18 1 8 12 9 7 5 10 20 4 
student 307: 15 4 10 11 5 19 13 6 7 17 12 2 1 8 3 16 9 14 20 18 
student 308: 15 5 19 12 4 13 11 3 6 18 17 1 9 8 2 10 7 16 20 14 
student 309: 20 10 3 14 4 17 19 13 11 12 2 8 6 1 5 9 15 7 18 16 
student 310: 15 3 9 18 6 14 16 5 11 17 13 1 4 10 2 12 8 20 19 7 
student 311: 14 9 16 18 8 20 10 7 11 12 19 3 1 15 4 6 5 13 17 2 
student 312: 19 2 5 11 10 20 17 4 18 13 7 3 1 9 8 15 12 16 6 14 
student 313: 20 3 1 16 6 14 11 8 15 19 7 4 13 18 2 17 5 12 10 9 
student 314: 9 1 14 17 10 2 16 12 13 15 20 4 7 5 3 11 8 19 18 6 
student 315: 11 1 17 7 9 19 5 3 4 16 15 2 6 13 8 14 10 18 20 12 
student 316: 20 14 5 16 13 19 15 4 9 18 2 1 11 7 10 6 12 17 8 3 
student 317: 20 5 10 11 12 14 7 1 8 19 17 2 6 13 3 15 4 16 18 9 
student 318: 16 3 5 12 15 20 18 10 8 13 19 2 4 11 1 14 9 17 7 6 
student 319: 15 2 11 16 7 17 13 4 10 5 19 3 9 6 1 14 8 20 12 18 
student 320: 9 3 8 20 6 19 13 5 7 15 14 4 1 10 12 17 2 18 16 11 
student 321: 16 6 10 18 8 17 12 5 3 14 13 2 9 15 4 11 1 20 19 7 
student 322: 16 3 13 10 8 11 12 2 7 20 14 1 6 9 4 19 5 18 15 17 
student 323: 16 1 14 12 3 18 10 6 8 11 13 4 2 5 15 19 9 17 20 7 
student 324: 15 4 12 19 7 16 8 5 13 18 10 1 6 2 3 14 9 20 17 11 
student 325: 13 1 20 14 9 19 16 12 7 17 15 6 5 11 3 10 4 8 18 2 
student 326: 18 7 4 19 8 20 9 6 17 15 12 1 3 11 2 13 5 16 14 10 
student 327: 10 3 14 13 15 18 4 2 12 8 19 1 7 5 6 9 11 20 16 17 
student 328: 14 2 9 12 7 17 5 8 10 19 15 3 1 6 4 18 13 20 16 11 
student 329: 11 4 9 18 7 19 8 3 13 17 16 14 6 2 1 15 10 20 12 5 
student 330: 12 3 11 10 8 13 14 2 6 4 17 7 15 20 1 9 5 18 19 16 
student 331: 17 7 9 15 10 18 14 3 6 20 16 2 1 8 4 12 5 13 19 11 
student 332: 13 2 14 10 16 15 12 4 11 19 17 8 9 1 7 6 3 18 20 5 
student 333: 9 3 14 17 4 15 11 6 1 16 18 2 7 13 10 5 8 20 19 12 
student 334: 18 3 17 19 11 16 13 6 10 8 20 1 5 15 4 14 7 12 2 9 
student 335: 10 11 5 14 9 18 6 8 19 16 15 2 1 7 4 13 3 20 17 12 
student 336: 19 6 9 15 1 12 16 8 4 18 20 3 14 2 5 10 11 13 17 7 
student 337: 14 2 13 16 4 17 12 6 9 19 18 1 7 8 3 11 5 15 20 10 
student 338: 6 2 18 13 11 20 12 3 10 15 19 5 1 8 7 9 4 16 17 14 
student 339: 19 12 13 2 15 20 14 1 4 18 11 6 3 7 5 10 8 16 17 9 
student 340: 14 5 7 2 20 17 12 1 11 13 15 3 6 8 10 16 4 19 18 9 
student 341: 18 1 9 11 4 8 7 2 16 14 19 5 3 6 10 13 15 20 17 12 
student 342: 10 1 13 15 11 17 4 3 6 14 18 5 8 12 9 2 7 20 19 16 
student 343: 15 3 8 13 5 18 19 6 11 16 14 1 7 4 2 12 9 20 17 10 
student 344: 19 2 17 12 8 16 9 5 13 14 15 6 1 20 4 11 3 18 7 10 
student 345: 12 4 5 13 6 19 1 10 9 17 14 3 7 16 15 8 2 20 18 11 
student 346: 12 5 9 16 11 17 15 7 10 19 14 2 4 1 6 13 3 20 18 8 
student 347: 18 12 15 20 2 16 10 9 17 7 4 5 8 3 1 19 6 14 13 11 
student 348: 16 7 11 20 12 17 5 9 10 15 19 2 8 1 3 14 4 13 18 6 
student 349: 12 11 7 1 8 15 5 2 6 16 19 10 17 14 3 9 4 20 18 13 
student 350: 11 2 8 14 10 17 13 4 1 19 15 3 20 12 5 7 9 18 16 6 
student 351: 12 3 11 20 10 16 13 1 5 19 18 6 4 7 8 9 14 17 15 2 
student 352: 12 7 13 20 3 14 8 4 10 17 19 2 1 15 6 16 5 18 9 11 
student 353: 15 5 17 9 14 18 6 10 3 16 7 2 12 4 8 11 1 20 19 13 
student 354: 12 4 9 10 5 6 20 1 16 18 15 2 11 3 8 17 13 19 14 7 
student 355: 15 5 10 13 7 17 14 3 6 19 16 2 1 8 4 12 9 18 20 11 
student 356: 15 5 14 13 7 19 11 4 6 16 18 2 1 10 3 12 8 20 17 9 
student 357: 17 6 11 19 4 13 10 1 9 20 15 2 7 16 8 12 3 14 18 5 
student 358: 20 13 10 19 5 16 1 9 8 17 12 7 4 15 2 6 3 11 14 18 
student 359: 3 6 13 20 9 17 10 8 1 14 16 2 7 12 5 11 4 19 18 15 
student 360: 19 6 7 15 13 14 11 2 5 20 17 3 9 12 8 4 1 18 16 10 
student 361: 8 1 15 17 12 18 7 2 4 16 10 3 14 11 5 19 9 13 20 6 
student 362: 12 6 11 16 4 15 14 10 5 19 17 2 1 8 3 13 7 20 18 9 
student 363: 19 2 8 17 9 15 13 4 6 16 18 7 3 12 5 14 1 20 11 10 
student 364: 7 1 15 14 6 20 5 3 4 12 18 2 10 11 8 17 13 16 19 9 
student 365: 10 3 15 9 13 16 4 6 12 19 17 2 7 5 1 8 11 20 18 14 
student 366: 20 3 15 19 6 14 10 5 7 11 12 4 8 9 1 16 2 18 13 17 
student 367: 18 1 14 11 5 20 2 8 6 13 15 4 7 9 3 12 10 19 17 16 
student 368: 5 1 15 16 2 13 10 3 11 17 20 6 9 14 12 7 4 19 18 8 
student 369: 8 12 11 7 1 15 17 5 16 10 13 18 2 9 3 6 4 19 20 14 
student 370: 16 6 12 20 9 11 10 1 14 7 18 5 2 3 8 17 4 15 19 13 
student 371: 11 4 7 19 5 17 14 9 1 15 16 2 8 6 3 12 10 20 18 13 
student 372: 14 3 13 16 8 17 9 7 6 15 20 1 2 12 5 4 11 18 19 10 
student 373: 20 16 13 9 8 18 7 4 17 14 11 2 6 3 12 10 1 19 15 5 
student 374: 9 6 16 18 3 20 5 1 8 17 11 13 4 10 7 2 14 12 19 15 
student 375: 16 2 4 20 10 19 15 5 6 17 13 9 1 11 3 12 7 14 18 8 
student 376: 16 5 9 17 12 10 20 1 2 19 14 8 7 3 4 13 6 11 15 18 
student 377: 12 8 10 16 7 20 11 6 4 14 18 3 13 2 1 9 5 19 17 15 
student 378: 8 10 11 13 12 20 17 7 6 15 9 2 5 3 4 16 1 19 18 14 
student 379: 13 3 19 14 4 18 11 8 10 15 17 2 7 5 1 20 9 16 12 6 
student 380: 12 1 17 14 5 11 10 3 8 18 19 4 7 6 9 16 2 20 15 13 
student 381: 15 3 9 10 8 19 18 6 14 17 20 1 2 11 5 12 4 16 13 7 
student 382: 14 1 7 16 12 19 11 2 5 18 15 6 8 17 4 10 3 9 20 13 
student 383: 14 3 5 6 17 19 13 4 11 16 15 1 7 12 8 9 10 18 20 2 
student 384: 18 4 12 15 8 19 14 1 2 20 11 3 9 16 5 17 6 10 13 7 
student 385: 15 1 17 16 6 7 12 3 8 14 19 2 5 10 9 13 4 20 18 11 
student 386: 4 13 9 2 5 14 17 7 16 12 15 1 3 11 8 18 6 20 10 19 
student 387: 10 1 12 16 5 13 15 6 9 19 18 4 17 7 2 8 3 20 14 11 
student 388: 12 15 11 16 9 20 8 1 18 14 19 2 6 3 4 10 7 13 17 5 
student 389: 16 3 12 14 8 6 17 7 1 15 13 2 4 19 10 9 5 18 20 11 
student 390: 20 10 3 15 13 18 16 4 5 12 8 1 7 9 11 14 2 19 17 6 
student 391: 8 5 14 13 12 19 18 2 6 20 17 10 9 1 4 7 3 15 16 11 
student 392: 14 5 10 16 1 8 17 6 12 18 15 13 3 4 2 11 9 20 19 7 
student 393: 16 9 12 8 18 20 11 4 5 19 14 10 2 7 3 13 1 17 15 6 
student 394: 11 7 5 15 9 17 10 3 6 19 18 2 8 12 1 14 13 20 16 4 
student 395: 18 1 10 14 6 17 15 7 13 16 19 2 3 4 8 11 5 20 9 12 
student 396: 12 6 14 18 4 11 13 9 15 16 19 1 3 5 2 10 8 20 17 7 
student 397: 13 3 16 7 15 18 20 2 11 12 17 1 8 9 5 6 4 19 14 10 
student 398: 13 5 6 18 9 1 15 7 3 17 19 2 4 16 8 11 14 10 20 12 
student 399: 12 2 17 11 14 19 7 1 9 20 16 13 6 4 8 10 3 15 18 5 
student 400: 20 5 6 15 17 11 13 8 4 14 16 3 2 12 1 9 7 18 19 10 
student 401: 13 2 7 11 14 20 18 4 9 15 16 1 6 8 3 12 10 17 19 5 
student 402: 13 7 14 15 6 20 16 2 9 19 18 1 3 5 4 10 8 12 17 11 
student 403: 5 7 19 12 8 14 16 2 11 18 13 4 3 10 1 9 6 20 17 15 
student 404: 4 3 8 1 6 16 9 14 2 19 11 5 10 7 20 18 17 13 15 12 
student 405: 11 1 8 9 10 14 13 6 2 15 17 4 5 12 3 18 7 20 19 16 
student 406: 12 6 1 14 10 7 13 5 9 18 16 4 8 19 3 2 15 11 17 20 
student 407: 11 1 13 8 12 19 18 10 5 17 14 2 7 3 4 6 9 20 16 15 
student 408: 13 5 10 17 6 19 9 4 14 18 11 7 1 12 3 15 8 20 16 2 
student 409: 18 9 6 12 7 16 15 2 13 17 14 4 5 8 3 10 1 19 20 11 
student 410: 7 16 4 19 2 13 17 8 1 18 11 9 6 15 3 5 10 20 14 12 
student 411: 15 2 8 14 7 20 11 5 3 13 10 1 9 4 6 16 12 18 19 17 
student 412: 20 3 11 15 12 14 16 7 10 8 9 1 6 5 4 18 2 19 17 13 
student 413: 15 3 11 10 14 20 17 6 5 18 16 2 8 9 1 4 7 13 19 12 
student 414: 16 9 11 13 6 20 18 2 3 15 17 5 10 8 4 14 1 19 12 7 
student 415: 12 1 10 18 4 13 11 8 16 17 15 2 6 3 5 20 7 14 19 9 
student 416: 14 12 5 16 9 10 15 6 4 18 19 2 17 7 3 8 1 13 20 11 
student 417: 18 9 6 14 8 19 12 3 7 13 15 1 4 11 2 5 10 20 17 16 
student 418: 15 1 14 20 4 19 16 3 9 10 12 5 8 13 6 17 2 11 18 7 
student 419: 18 8 1 13 14 16 4 6 12 15 17 3 9 7 5 10 11 20 19 2 
student 420: 15 8 2 14 3 19 6 10 5 13 20 7 1 11 4 12 18 17 16 9 
student 421: 19 7 10 8 5 20 9 6 3 16 12 1 13 14 2 18 11 17 15 4 
student 422: 19 3 11 15 10 16 12 6 4 13 18 1 9 5 2 14 7 20 17 8 
student 423: 12 1 9 15 7 20 14 6 3 17 11 5 13 8 2 10 4 16 19 18 
student 424: 13 5 10 17 11 19 16 1 8 9 18 4 6 15 2 12 3 14 20 7 
student 425: 13 3 14 17 9 12 20 2 6 1 16 5 10 8 4 18 7 15 19 11 
student 426: 16 4 12 17 9 11 13 2 10 19 18 1 7 15 6 3 5 20 14 8 
student 427: 12 1 8 13 3 20 18 5 16 19 10 4 7 11 2 9 6 14 17 15 
student 428: 18 9 11 16 6 8 17 3 7 20 15 1 5 10 2 13 4 14 19 12 
student 429: 12 4 15 6 3 20 16 1 10 13 19 11 9 2 14 7 8 18 17 5 
student 430: 14 4 10 13 8 18 20 11 3 15 17 1 2 9 5 6 7 16 19 12 
student 431: 8 2 19 14 6 20 10 4 3 15 9 1 12 18 5 11 7 16 17 13 
student 432: 17 6 1 14 10 20 9 12 15 19 16 3 2 5 11 13 4 18 7 8 
student 433: 18 8 9 12 6 17 16 1 2 13 20 5 7 10 4 11 15 14 19 3 
student 434: 12 1 18 13 5 14 9 6 8 20 19 11 3 7 4 10 16 17 15 2 
student 435: 18 7 8 14 5 17 15 3 4 13 16 2 6 10 1 9 11 20 19 12 
student 436: 18 3 11 15 7 17 13 10 6 16 19 1 9 4 5 8 2 14 20 12 
student 437: 13 2 6 14 3 19 18 4 9 17 16 1 7 8 10 11 5 15 20 12 
student 438: 19 1 11 14 10 8 12 3 6 16 18 2 9 5 4 13 7 17 20 15 
student 439: 15 2 14 13 5 19 11 3 4 12 18 7 10 6 9 16 1 17 20 8 
student 440: 20 3 10 18 15 12 6 1 2 13 14 7 8 11 5 17 4 16 19 9 
student 441: 12 2 19 14 7 16 18 5 3 9 10 1 17 6 13 11 4 20 15 8 
student 442: 12 3 9 17 8 18 15 6 5 16 14 1 2 10 7 13 4 20 19 11 
student 443: 12 3 17 13 8 16 18 2 14 11 6 10 5 4 1 9 7 19 15 20 
student 444: 18 6 14 5 13 17 16 7 8 10 12 1 2 9 3 15 4 20 19 11 
student 445: 20 1 8 17 11 18 14 9 4 19 10 6 3 7 2 16 5 15 12 13 
student 446: 17 1 7 19 4 14 13 5 8 20 9 3 2 11 6 16 12 15 18 10 
student 447: 12 3 1 20 14 15 16 7 13 10 17 5 9 8 2 11 6 19 18 4 
student 448: 18 3 9 19 10 11 6 2 7 17 13 1 4 14 8 12 5 20 16 15 
student 449: 15 1 11 18 7 19 8 5 3 16 12 4 6 13 2 14 9 20 17 10 
student 450: 6 4 19 13 12 10 8 11 18 16 15 1 2 14 5 3 7 17 20 9 
student 451: 13 5 1 16 20 17 8 7 10 14 15 2 3 11 4 12 6 19 18 9 
student 452: 15 2 14 16 4 11 7 13 5 19 17 9 6 10 1 8 3 20 18 12 
student 453: 5 6 15 16 9 17 13 12 7 18 11 2 3 8 1 14 4 20 19 10 
student 454: 7 1 10 17 8 18 6 5 4 20 19 3 9 11 2 15 13 12 14 16 
student 455: 12 1 10 16 6 18 20 4 3 13 11 2 7 5 14 15 9 19 17 8 
student 456: 8 5 15 12 6 17 9 1 11 13 19 4 3 10 7 16 2 20 18 14 
student 457: 12 5 8 9 6 13 10 14 20 11 15 2 3 16 4 19 1 17 18 7 
student 458: 15 6 14 13 11 19 17 2 4 18 5 7 3 10 1 12 9 16 20 8 
student 459: 15 2 14 5 3 16 17 6 10 12 19 1 7 11 4 9 13 20 18 8 
student 460: 12 1 14 18 13 17 11 5 7 16 20 6 15 9 2 10 4 3 19 8 
student 461: 16 5 14 19 11 20 13 6 9 12 15 1 3 8 2 4 10 18 17 7 
student 462: 16 3 6 12 13 19 11 7 8 18 15 2 1 5 4 10 9 20 14 17 
student 463: 9 2 12 17 16 10 8 5 6 19 14 4 11 7 1 15 13 20 18 3 
student 464: 16 5 17 20 11 18 13 3 10 15 14 4 6 12 2 1 9 8 19 7 
student 465: 12 2 5 10 9 19 6 4 11 15 18 3 7 17 1 16 8 20 13 14 
student 466: 8 5 12 3 11 13 6 10 15 17 16 1 2 18 4 14 7 19 20 9 
student 467: 13 9 7 11 1 18 20 3 10 17 15 4 5 16 2 8 12 19 14 6 
student 468: 17 10 9 19 14 16 15 13 1 18 12 7 3 6 4 11 5 20 8 2 
student 469: 14 1 10 11 9 17 7 2 4 15 18 8 5 12 6 13 3 20 19 16 
student 470: 10 2 18 12 13 9 17 3 6 20 11 1 8 4 5 16 7 19 15 14 
student 471: 16 10 13 18 4 17 12 9 8 7 15 3 6 11 1 14 2 19 20 5 
student 472: 17 2 10 16 14 18 4 12 3 20 15 1 8 7 6 9 5 19 13 11 
student 473: 18 3 7 2 17 14 20 4 5 10 15 1 11 6 16 13 8 19 12 9 
student 474: 10 6 5 16 7 19 13 3 11 18 14 1 12 15 2 4 8 17 20 9 
student 475: 17 7 10 13 6 20 11 14 4 12 19 3 5 8 2 9 1 18 16 15 
student 476: 20 6 7 14 11 16 15 2 12 17 19 3 1 9 5 10 4 13 18 8 
student 477: 17 4 9 19 11 14 16 1 2 10 12 3 13 6 5 15 7 20 18 8 
student 478: 6 2 8 13 12 20 4 7 11 14 15 5 3 18 10 17 16 19 9 1 
student 479: 10 4 12 11 6 14 13 19 3 16 17 5 2 8 1 9 7 18 20 15 
student 480: 17 10 20 12 13 15 5 7 8 19 11 1 4 9 3 14 6 18 16 2 
student 481: 17 2 19 11 13 12 18 5 8 7 20 1 4 3 10 16 6 15 14 9 
student 482: 16 1 14 7 18 20 5 8 15 3 12 13 4 2 6 17 10 19 11 9 
student 483: 14 5 11 9 3 18 2 10 15 17 20 1 6 8 4 13 7 16 19 12 
student 484: 17 5 12 19 1 11 13 10 9 20 15 2 4 7 6 14 3 16 18 8 
student 485: 5 10 11 20 8 15 13 1 3 16 19 7 2 14 12 18 6 9 17 4 
student 486: 16 4 7 11 3 17 13 8 9 15 20 2 12 10 1 5 6 18 19 14 
student 487: 15 6 9 13 10 20 5 8 12 14 11 7 4 3 1 18 2 17 16 19 
student 488: 7 9 18 20 13 15 6 4 17 16 12 8 3 14 1 10 2 11 19 5 
student 489: 11 4 9 14 16 18 17 3 5 19 12 1 7 13 2 10 8 15 20 6 
student 490: 14 4 9 19 5 13 12 11 2 15 17 1 10 8 3 7 6 18 20 16 
student 491: 15 5 13 17 6 16 18 10 4 9 14 2 1 7 3 11 8 20 19 12 
student 492: 18 5 14 7 15 17 10 3 4 13 20 1 9 11 2 12 6 16 19 8 
student 493: 16 4 9 12 18 2 15 13 11 17 14 3 1 8 6 10 5 20 19 7 
student 494: 14 2 8 18 19 15 11 5 9 16 12 1 3 7 4 17 6 13 20 10 
student 495: 9 11 17 6 7 19 12 8 3 13 18 4 14 1 5 15 16 20 10 2 
student 496: 14 3 12 17 11 5 10 2 6 18 15 1 9 4 7 20 8 19 16 13 
student 497: 9 3 16 8 13 18 6 5 20 17 12 1 15 4 7 14 2 19 11 10 
student 498: 9 4 12 14 2 20 10 15 17 16 11 1 7 13 8 6 3 18 19 5 
student 499: 11 2 12 15 5 3 13 4 14 19 18 7 9 1 10 17 8 20 16 6 
student 500: 12 3 10 11 9 19 15 2 4 18 17 6 8 7 13 14 1 20 16 5 
student 501: 11 6 15 2 8 17 20 5 7 16 9 1 3 10 12 14 4 18 19 13 
student 502: 7 2 13 6 12 18 4 5 11 19 16 1 10 17 3 15 8 20 9 14 
student 503: 10 8 14 13 3 16 15 4 19 7 18 5 11 1 2 17 6 20 12 9 
student 504: 7 3 10 14 15 18 1 12 5 17 19 8 6 4 9 16 2 13 20 11 
student 505: 20 4 12 17 18 15 9 5 10 16 13 2 8 6 3 7 1 14 19 11 
student 506: 20 2 10 19 14 17 16 5 11 13 8 7 3 6 4 18 1 15 12 9 
student 507: 9 1 14 11 12 18 20 4 7 15 17 2 3 8 5 10 6 16 19 13 
student 508: 15 1 2 14 6 13 10 16 7 18 17 5 4 8 3 11 9 19 20 12 
student 509: 9 2 19 10 1 15 18 3 17 20 11 4 7 6 12 8 5 16 13 14 
student 510: 15 7 12 1 4 20 9 2 10 18 8 3 11 6 5 17 16 19 13 14 
student 511: 16 6 12 20 7 17 4 1 3 18 14 13 10 9 2 11 5 15 19 8 
student 512: 19 1 4 20 14 17 15 10 5 11 9 2 7 3 8 13 12 18 16 6 
student 513: 12 5 18 20 6 11 7 4 3 15 19 1 8 13 2 17 14 16 10 9 
student 514: 12 4 17 9 10 19 11 5 13 16 20 3 6 8 1 2 7 14 18 15 
student 515: 17 4 2 1 15 16 5 3 11 6 13 14 9 7 8 10 20 12 18 19 
student 516: 10 3 9 13 7 19 8 12 11 17 14 6 1 18 2 16 5 20 15 4 
student 517: 15 4 13 16 10 11 7 8 5 18 17 2 3 12 1 14 9 19 20 6 
student 518: 14 1 11 19 7 15 13 5 10 16 20 4 6 9 2 12 3 18 17 8 
student 519: 12 3 4 19 10 17 15 13 9 14 16 1 5 2 6 11 7 20 8 18 
student 520: 15 9 12 8 6 7 14 4 18 19 16 3 5 1 11 13 2 17 20 10 
student 521: 8 11 5 19 9 17 14 2 10 15 12 4 1 6 7 16 3 18 20 13 
student 522: 13 5 7 15 11 19 6 4 8 17 14 2 1 10 9 16 3 20 18 12 
student 523: 19 3 5 16 9 17 10 4 14 18 12 2 6 15 1 13 7 20 11 8 
student 524: 14 10 5 15 7 17 8 1 4 16 18 6 2 11 3 13 9 20 19 12 
student 525: 17 2 7 13 6 20 11 8 9 14 15 1 3 10 5 12 4 19 16 18 
student 526: 16 1 13 14 5 19 12 2 4 20 17 9 11 10 3 18 6 8 15 7 
student 527: 19 2 16 12 11 17 10 6 5 8 14 1 4 7 13 9 3 20 15 18 
student 528: 10 3 12 14 6 20 7 2 17 15 13 8 1 11 5 16 4 19 18 9 
student 529: 12 3 6 7 13 18 9 10 14 15 20 2 4 8 5 16 1 19 17 11 
student 530: 12 6 4 18 1 10 17 9 13 20 3 5 11 8 2 15 7 14 19 16 
student 531: 13 1 7 15 10 17 8 5 6 20 9 3 2 12 4 18 11 14 16 19 
student 532: 9 5 12 11 15 20 4 6 2 16 18 1 10 7 17 8 3 14 19 13 
student 533: 9 4 14 13 3 19 15 7 5 11 20 12 1 6 10 17 2 18 16 8 
student 534: 14 1 5 15 6 17 16 10 4 18 12 2 7 9 3 13 8 20 19 11 
student 535: 5 3 18 13 14 15 10 4 8 12 19 1 11 16 6 9 7 20 17 2 
student 536: 5 3 4 10 1 11 19 13 7 17 20 2 8 15 9 14 6 18 16 12 
student 537: 17 7 12 20 13 18 16 1 2 9 6 3 5 14 4 10 11 15 19 8 
student 538: 11 1 9 6 12 20 16 7 14 17 13 3 5 8 2 10 4 18 19 15 
student 539: 5 7 17 10 13 14 19 8 12 20 4 1 2 11 6 15 3 16 18 9 
student 540: 11 6 9 18 12 17 15 3 10 19 13 1 4 14 5 8 7 20 16 2 
student 541: 11 1 13 19 3 16 14 5 6 17 15 7 10 2 4 8 9 18 20 12 
student 542: 11 10 12 18 4 16 15 8 1 20 13 9 7 5 3 14 6 17 19 2 
student 543: 16 3 5 13 8 10 15 6 9 20 18 2 7 12 1 14 4 19 17 11 
student 544: 14 2 9 17 6 19 18 12 5 13 8 3 1 11 10 16 4 20 7 15 
student 545: 12 3 14 11 2 16 17 1 9 13 6 4 10 7 8 5 18 20 19 15 
student 546: 10 2 15 8 4 18 17 5 3 19 16 1 13 6 7 12 14 20 11 9 
student 547: 12 4 7 11 16 19 10 15 9 8 13 2 6 3 1 17 14 20 18 5 
student 548: 8 3 18 15 5 17 10 4 14 13 16 1 6 7 2 9 12 20 19 11 
student 549: 17 4 11 19 9 15 2 3 6 12 14 1 5 10 7 13 8 20 18 16 
student 550: 11 9 12 20 4 17 14 10 3 16 15 8 5 7 2 6 1 18 19 13 
student 551: 15 8 12 17 16 14 9 10 1 20 18 2 5 7 3 13 6 4 19 11 
student 552: 13 5 2 17 8 15 6 10 16 19 18 3 11 12 7 9 14 4 20 1 
student 553: 12 13 14 15 3 17 10 6 1 11 18 9 5 16 4 2 7 20 19 8 
student 554: 6 3 11 4 7 17 20 1 12 13 18 10 15 14 2 8 5 16 19 9 
student 555: 17 12 13 4 6 11 2 3 5 18 14 1 9 16 7 10 15 20 19 8 
student 556: 16 7 1 17 11 18 4 14 8 19 12 2 10 6 9 13 5 20 3 15 
student 557: 7 2 12 17 9 19 18 6 5 15 13 8 1 10 3 14 4 20 16 11 
student 558: 11 5 15 13 1 10 20 8 17 19 18 2 6 9 3 7 4 16 12 14 
student 559: 7 2 14 15 5 16 20 3 17 13 9 1 6 11 8 12 4 19 18 10 
student 560: 9 7 15 17 8 19 3 6 5 18 14 2 11 1 12 10 4 20 16 13 
student 561: 15 1 16 12 17 14 7 6 10 13 5 3 4 8 2 11 18 20 19 9 
student 562: 11 4 8 10 7 20 19 5 13 18 15 1 2 3 16 17 6 14 12 9 
student 563: 13 2 7 18 9 15 8 6 14 12 20 1 4 16 3 10 5 19 17 11 
student 564: 17 1 5 12 4 19 15 11 9 18 14 3 2 13 7 10 6 16 20 8 
student 565: 9 4 11 16 8 14 13 2 6 15 17 3 5 12 1 18 7 20 19 10 
student 566: 14 1 8 13 10 11 7 6 3 20 17 18 2 9 5 16 4 15 12 19 
student 567: 4 3 18 12 2 8 6 13 15 16 20 5 1 19 10 9 7 17 14 11 
student 568: 16 1 12 7 8 17 9 13 3 6 18 2 4 11 5 15 10 20 19 14 
student 569: 12 2 15 9 16 18 13 5 6 14 19 1 11 8 3 4 7 20 17 10 
student 570: 18 2 7 19 4 17 11 1 9 12 13 3 8 16 6 10 5 15 20 14 
student 571: 20 2 12 18 10 16 14 6 5 13 19 1 7 8 3 15 9 11 17 4 
student 572: 20 2 13 10 8 16 15 6 3 19 12 1 4 9 11 14 7 17 18 5 
student 573: 11 2 18 7 8 19 15 4 9 12 16 1 5 6 3 10 14 17 20 13 
student 574: 7 2 6 10 4 20 19 5 14 17 15 3 18 8 1 9 11 13 12 16 
student 575: 11 6 12 14 3 17 18 9 1 10 16 2 15 8 4 13 5 19 20 7 
student 576: 15 2 9 13 3 18 12 6 4 11 17 5 8 7 1 14 10 19 20 16 
student 577: 18 4 10 16 14 17 13 8 7 15 6 3 9 5 1 12 2 19 20 11 
student 578: 19 9 18 15 13 17 6 5 2 7 11 4 1 12 10 8 3 20 14 16 
student 579: 15 1 18 13 8 19 5 3 10 6 16 9 7 14 2 12 4 17 20 11 
student 580: 9 1 15 16 11 18 14 12 19 10 2 6 4 3 5 20 8 17 13 7 
student 581: 11 7 1 15 14 9 5 6 13 20 18 4 3 16 2 12 8 10 19 17 
student 582: 13 1 15 19 11 20 8 9 3 16 12 5 7 4 2 18 6 14 17 10 
student 583: 15 9 11 13 1 19 12 6 14 17 16 2 8 10 3 4 5 18 20 7 
student 584: 12 1 13 20 5 19 11 7 15 16 17 2 3 9 4 14 8 18 10 6 
student 585: 18 2 10 15 7 16 14 4 11 20 13 1 8 6 3 9 5 17 19 12 
student 586: 15 4 16 17 13 12 18 3 7 19 10 1 6 8 2 11 5 14 20 9 
student 587: 10 3 14 16 5 18 13 6 4 19 15 2 1 11 7 9 12 20 17 8 
student 588: 17 5 11 15 10 3 16 7 9 19 18 4 8 6 1 14 2 20 12 13 
student 589: 14 5 3 18 2 19 12 1 10 17 13 8 7 11 4 15 6 16 20 9 
student 590: 15 1 5 14 3 20 9 2 6 16 19 4 11 12 7 8 10 17 18 13 
student 591: 14 4 15 16 6 12 18 1 3 17 10 5 11 9 2 13 7 20 19 8 
student 592: 13 7 16 18 6 10 17 5 20 15 12 2 4 8 1 9 3 14 19 11 
student 593: 8 5 12 13 4 18 14 6 2 15 17 1 3 11 10 19 7 16 20 9 
student 594: 10 6 9 16 15 11 4 12 1 13 20 2 8 5 7 17 3 19 18 14 
student 595: 4 7 18 14 5 16 11 12 3 20 9 2 8 13 1 17 6 15 19 10 
student 596: 19 3 13 6 5 20 12 10 9 18 14 2 1 7 4 8 15 17 11 16 
student 597: 20 2 12 19 15 14 4 3 7 16 13 1 11 9 5 10 6 18 17 8 
student 598: 15 3 16 7 9 19 17 1 4 20 10 8 5 13 2 14 11 12 18 6 
student 599: 10 6 16 13 8 17 19 1 4 18 14 2 3 5 12 7 11 15 20 9 
student 600: 15 6 9 20 7 8 13 1 3 16 18 2 14 11 10 12 5 19 17 4 
student 601: 13 1 6 12 4 20 15 9 10 14 16 3 2 8 7 17 5 18 19 11 
student 602: 15 5 16 6 14 20 11 2 8 17 18 1 3 4 10 13 7 19 12 9 
student 603: 6 14 12 15 7 19 17 5 4 20 16 3 10 2 8 1 9 13 18 11 
student 604: 14 8 12 19 13 18 16 1 10 17 9 4 3 11 2 5 7 20 15 6 
student 605: 4 3 11 16 7 19 15 2 5 17 9 13 8 6 1 14 10 20 18 12 
student 606: 18 3 6 19 16 14 12 7 5 15 13 2 1 10 4 11 8 20 17 9 
student 607: 17 11 16 9 13 5 6 15 2 3 14 7 10 20 12 4 1 19 18 8 
student 608: 17 2 13 19 8 20 9 1 11 15 18 4 7 12 3 6 5 16 14 10 
student 609: 19 1 4 2 10 20 8 7 9 15 12 3 6 16 5 17 11 14 13 18 
student 610: 13 2 10 15 9 20 7 4 11 18 17 3 6 1 5 12 8 16 19 14 
student 611: 11 4 16 9 10 20 17 1 12 19 14 3 2 7 8 13 5 18 15 6 
student 612: 11 3 10 15 17 18 14 1 4 16 9 2 7 13 12 6 5 20 19 8 
student 613: 14 3 6 17 7 13 12 9 10 19 16 1 4 5 2 15 8 20 18 11 
student 614: 16 7 11 17 8 6 15 2 5 20 12 1 3 9 14 13 4 19 18 10 
student 615: 16 9 13 11 8 14 17 5 2 15 19 4 3 6 1 12 7 18 20 10 
student 616: 14 5 9 19 4 17 10 2 12 13 20 1 6 15 8 11 7 16 18 3 
student 617: 13 5 10 6 7 17 16 11 8 18 15 1 3 4 9 14 2 20 19 12 
student 618: 7 3 10 8 12 18 6 4 13 14 16 11 2 9 5 20 1 19 17 15 
student 619: 6 11 19 20 5 17 14 3 9 7 12 2 1 4 8 13 10 16 18 15 
student 620: 12 7 15 16 8 19 10 3 11 18 20 2 4 14 1 5 6 13 17 9 
student 621: 13 5 10 8 6 17 12 4 1 18 15 3 7 9 2 16 11 19 14 20 
student 622: 4 3 14 13 11 17 15 7 12 18 16 6 2 8 1 5 9 19 20 10 
student 623: 15 2 11 17 5 19 12 4 13 6 18 1 7 8 3 14 20 16 9 10 
student 624: 4 1 8 17 14 15 7 5 11 13 12 3 9 10 6 18 2 20 19 16 
student 625: 17 2 5 18 20 16 14 9 12 4 15 6 1 7 10 3 11 19 8 13 
student 626: 17 4 5 13 15 16 18 7 10 14 12 1 6 9 2 11 8 19 20 3 
student 627: 19 3 10 12 20 13 11 1 9 16 17 2 5 6 4 14 7 15 18 8 
student 628: 16 7 9 10 8 13 11 4 12 19 18 3 6 2 1 15 5 17 20 14 
student 629: 15 2 13 4 16 17 10 1 5 19 14 3 7 8 6 9 11 20 18 12 
student 630: 13 2 9 4 12 16 11 8 14 18 15 1 5 7 3 10 6 20 19 17 
student 631: 13 3 14 17 11 19 7 2 8 16 18 1 4 10 6 9 5 15 20 12 
student 632: 17 4 14 16 2 19 11 13 3 15 5 8 9 12 7 10 1 18 20 6 
student 633: 16 4 12 2 3 18 6 8 11 20 15 7 10 1 5 14 9 13 19 17 
student 634: 15 1 7 13 18 16 11 8 12 14 17 3 6 10 5 9 4 19 20 2 
student 635: 17 6 10 18 9 20 12 7 11 13 15 3 1 8 4 16 2 19 14 5 
student 636: 19 5 10 11 7 15 16 8 1 20 12 4 6 9 2 13 3 17 18 14 
student 637: 12 1 20 13 4 16 10 3 2 14 17 7 8 9 6 18 11 19 5 15 
student 638: 17 4 14 11 7 18 16 2 3 19 6 1 5 9 8 13 10 20 15 12 
student 639: 11 4 12 16 7 17 15 5 9 20 14 1 2 8 6 13 10 18 19 3 
student 640: 9 2 6 12 7 13 16 5 8 18 17 1 3 11 15 10 4 20 19 14 
student 641: 18 2 15 17 6 19 5 7 11 14 10 1 4 12 3 16 9 13 20 8 
student 642: 18 1 13 20 10 14 5 2 3 19 6 4 8 12 9 17 7 16 15 11 
student 643: 6 13 9 10 4 11 14 3 2 16 18 1 15 7 5 20 12 19 17 8 
student 644: 17 6 10 12 13 16 14 2 8 20 11 1 7 9 3 19 5 15 18 4 
student 645: 14 3 6 16 2 20 9 4 11 19 17 1 8 5 7 15 10 18 13 12 
student 646: 18 7 14 17 6 16 12 5 2 20 13 1 8 4 3 10 11 19 15 9 
student 647: 11 7 5 20 3 17 13 6 8 18 16 4 1 15 2 10 12 19 14 9 
student 648: 10 4 9 16 15 13 14 7 5 17 12 2 3 11 1 20 6 18 19 8 
student 649: 7 5 13 16 10 19 6 18 9 11 12 2 1 3 4 14 8 20 15 17 
student 650: 19 7 12 8 17 9 18 5 6 13 11 2 4 1 3 15 16 20 14 10 
student 651: 11 3 13 16 12 19 18 2 6 4 15 17 8 7 1 9 5 20 14 10 
student 652: 16 9 8 13 5 18 14 3 1 17 15 6 7 4 2 10 11 20 19 12 
student 653: 16 10 4 13 1 17 12 11 6 19 14 2 3 7 5 15 8 20 18 9 
student 654: 10 9 14 18 8 16 15 1 4 13 12 5 6 7 2 17 3 19 20 11 
student 655: 20 7 6 16 4 17 11 1 10 18 13 2 5 9 3 14 8 15 19 12 
student 656: 13 11 19 15 5 16 14 2 10 20 18 12 7 9 1 6 3 8 17 4 
student 657: 15 1 9 20 4 12 8 2 11 16 17 5 7 6 13 10 3 19 18 14 
student 658: 5 6 11 14 9 12 13 1 8 16 10 4 7 19 2 20 3 18 17 15 
student 659: 8 2 5 18 7 13 11 10 12 20 15 1 6 9 4 17 3 14 16 19 
student 660: 5 8 12 15 10 9 14 7 11 19 17 4 2 16 1 3 6 20 18 13 
student 661: 11 8 20 17 7 16 13 18 2 14 6 3 4 5 9 10 1 15 19 12 
student 662: 17 3 16 12 13 18 7 2 5 19 15 1 6 11 10 8 9 20 14 4 
student 663: 14 4 1 19 9 18 16 5 8 17 12 3 7 11 6 13 2 20 10 15 
student 664: 16 8 10 14 3 19 5 9 4 18 17 6 2 7 13 15 1 11 20 12 
student 665: 18 6 11 15 8 17 12 2 5 19 14 1 10 13 7 9 3 16 20 4 
student 666: 20 3 12 16 13 17 10 8 9 15 19 5 4 7 6 11 1 18 2 14 
student 667: 10 5 19 12 9 16 15 3 8 14 13 2 11 4 1 18 6 17 20 7 
student 668: 17 3 2 12 11 15 16 6 1 18 10 5 8 14 4 7 9 20 19 13 
student 669: 15 4 3 7 11 18 17 9 1 16 13 6 2 8 5 14 10 19 20 12 
student 670: 11 3 15 14 5 16 17 4 8 18 13 10 2 9 6 7 1 19 20 12 
student 671: 15 7 11 19 2 18 12 3 8 16 13 1 9 17 6 14 4 20 5 10 
student 672: 17 4 11 19 8 16 6 7 13 14 10 2 5 1 9 12 3 18 20 15 
student 673: 8 7 10 15 9 20 17 2 1 16 14 4 5 3 6 13 12 19 18 11 
student 674: 18 11 10 17 7 15 16 3 12 13 20 5 1 4 2 14 6 8 19 9 
student 675: 6 7 17 10 16 14 3 5 8 18 12 4 1 9 2 13 15 20 19 11 
student 676: 16 8 15 10 4 18 9 2 7 13 19 1 6 5 3 12 11 17 20 14 
student 677: 13 1 7 10 12 11 20 5 14 17 18 2 9 4 3 6 8 19 16 15 
student 678: 7 6 11 13 10 18 17 4 3 14 16 2 8 9 1 12 5 20 19 15 
student 679: 18 2 7 8 9 17 14 1 16 20 19 4 3 12 10 11 13 6 15 5 
student 680: 8 6 16 20 11 10 17 7 5 2 19 3 4 13 1 9 14 18 12 15 
student 681: 16 7 5 13 12 14 10 11 1 19 20 2 6 9 8 15 3 17 18 4 
student 682: 19 8 10 17 3 13 12 6 2 20 18 1 5 9 4 11 14 16 15 7 
student 683: 12 1 19 14 13 16 15 2 10 9 18 4 3 7 5 6 8 17 20 11 
student 684: 16 3 9 14 7 20 13 6 1 15 17 11 19 5 4 10 2 18 12 8 
student 685: 13 6 8 12 14 17 5 2 3 16 20 1 7 10 4 18 9 19 11 15 
student 686: 11 1 13 17 10 20 14 4 5 6 16 2 3 7 9 19 12 18 15 8 
student 687: 14 4 10 17 9 20 15 3 12 13 18 1 6 5 2 8 11 16 19 7 
student 688: 7 9 8 16 10 18 15 2 3 17 14 4 1 6 11 13 12 19 20 5 
student 689: 15 4 12 11 3 17 14 7 8 10 19 2 13 16 1 5 6 20 18 9 
student 690: 14 1 9 10 11 18 19 2 5 17 15 4 6 12 3 20 8 16 13 7 
student 691: 19 8 15 13 2 20 7 5 12 14 16 3 6 11 1 4 9 17 18 10 
student 692: 10 3 19 13 1 20 12 4 11 16 15 2 6 5 9 8 14 17 18 7 
student 693: 10 5 11 15 4 17 13 8 1 6 9 2 14 18 12 7 16 20 19 3 
student 694: 11 4 7 16 6 20 10 5 13 15 12 3 8 9 2 14 1 17 19 18 
student 695: 9 2 18 15 5 16 10 4 12 8 19 1 3 7 11 6 20 14 17 13 
student 696: 6 4 11 14 13 19 10 2 7 8 20 1 5 17 3 18 9 12 16 15 
student 697: 20 3 17 5 7 19 16 13 9 12 15 1 10 4 8 11 2 18 6 14 
student 698: 10 5 14 17 7 15 18 2 11 16 12 3 13 1 4 9 6 20 19 8 
student 699: 19 5 10 18 8 17 15 9 1 7 4 6 2 13 3 16 11 14 20 12 
student 700: 20 3 11 17 9 15 13 8 10 14 16 6 4 1 2 5 7 19 18 12 
student 701: 16 2 5 8 10 20 17 4 1 12 19 3 6 14 15 9 11 18 13 7 
student 702: 14 13 15 18 7 20 4 8 1 17 16 9 6 2 5 12 3 11 19 10 
student 703: 13 5 8 16 11 14 17 3 6 20 18 4 9 12 1 10 2 19 15 7 
student 704: 18 1 11 7 3 19 14 4 9 20 17 2 8 13 6 15 5 12 10 16 
student 705: 11 4 1 15 6 17 7 9 8 12 10 3 2 16 14 18 5 20 19 13 
student 706: 14 6 1 19 17 12 7 5 11 20 16 2 4 15 8 3 13 9 18 10 
student 707: 13 6 4 15 16 20 12 1 7 19 10 5 17 9 14 8 3 18 11 2 
student 708: 3 4 6 13 15 17 11 2 12 16 20 8 1 9 14 5 7 18 19 10 
student 709: 8 4 11 20 3 15 17 5 16 18 12 2 1 14 7 9 6 13 19 10 
student 710: 13 8 10 15 9 18 19 12 11 20 7 5 3 6 14 1 4 17 16 2 
student 711: 10 4 13 16 2 11 14 3 12 17 15 1 6 7 5 18 8 19 20 9 
student 712: 14 8 10 11 12 16 15 3 4 20 17 1 5 7 2 13 6 18 19 9 
student 713: 8 4 13 20 12 15 11 5 6 19 16 2 3 9 1 18 7 17 14 10 
student 714: 16 3 2 18 10 11 6 8 13 17 12 15 5 14 1 4 9 19 20 7 
student 715: 11 8 3 17 6 14 19 7 5 15 18 2 1 10 4 13 9 16 20 12 
student 716: 14 1 6 13 8 12 19 5 9 17 18 3 10 7 4 11 2 16 20 15 
student 717: 17 3 12 14 6 19 11 1 10 18 16 4 5 7 8 15 2 20 13 9 
student 718: 12 1 11 15 7 17 13 9 4 18 16 2 6 8 3 14 5 19 20 10 
student 719: 16 2 14 9 3 18 15 10 11 20 17 7 5 1 4 8 6 12 19 13 
student 720: 8 3 11 15 9 19 13 2 17 16 18 1 5 10 4 14 6 12 20 7 
student 721: 16 4 6 19 8 18 11 17 12 13 14 5 2 10 7 3 1 15 20 9 
student 722: 13 10 14 15 4 9 17 6 7 18 3 1 12 16 2 11 5 19 20 8 
student 723: 12 4 14 16 13 19 10 2 5 11 17 1 8 7 6 9 3 18 20 15 
student 724: 12 4 13 10 8 16 14 7 9 17 15 1 3 11 2 18 5 20 19 6 
student 725: 7 3 12 16 8 13 20 4 15 19 9 5 11 14 2 1 10 18 17 6 
student 726: 13 4 12 6 5 19 15 1 11 9 16 2 7 10 3 14 8 20 18 17 
student 727: 12 7 11 14 5 20 15 8 6 17 16 4 18 3 2 13 1 19 10 9 
student 728: 11 5 6 9 12 17 13 16 10 20 19 7 14 1 4 8 2 18 15 3 
student 729: 15 3 16 17 6 12 14 11 9 18 7 1 10 4 8 13 2 20 19 5 
student 730: 9 2 16 18 1 15 12 13 14 19 20 5 10 3 4 7 6 11 17 8 
student 731: 4 10 13 19 14 18 6 1 11 15 7 3 8 2 9 5 12 20 17 16 
student 732: 6 2 5 13 9 18 19 3 4 14 15 1 20 10 12 7 8 17 16 11 
student 733: 19 5 9 10 1 20 16 12 8 7 11 14 2 15 3 4 6 17 18 13 
student 734: 20 5 14 16 6 19 15 17 4 10 1 3 8 13 7 9 2 18 11 12 
student 735: 15 2 10 11 9 14 4 13 8 12 20 1 3 18 7 17 6 16 19 5 
student 736: 11 6 8 20 16 18 12 2 7 13 17 1 4 9 3 15 5 19 14 10 
student 737: 16 2 8 18 9 20 11 6 5 14 7 1 10 4 15 12 3 17 19 13 
student 738: 15 2 12 11 3 19 14 8 6 17 16 4 7 5 1 9 13 18 20 10 
student 739: 7 5 8 11 6 12 2 18 15 13 14 4 1 20 10 9 19 17 16 3 
student 740: 16 2 13 7 12 19 14 3 4 18 15 1 11 8 6 9 5 17 20 10 
student 741: 13 2 11 14 9 16 18 5 6 12 19 1 7 8 4 15 3 20 17 10 
student 742: 20 4 1 16 12 11 14 6 18 19 7 5 2 10 3 8 9 13 15 17 
student 743: 10 16 1 20 6 13 12 9 7 18 19 11 2 8 4 17 5 15 14 3 
student 744: 18 1 6 2 16 19 17 9 10 15 11 4 5 7 3 20 8 14 13 12 
student 745: 10 11 6 13 15 12 9 4 2 20 14 1 8 17 3 16 5 19 18 7 
student 746: 12 2 11 13 9 15 19 6 3 14 18 4 10 7 5 16 1 20 17 8 
student 747: 11 4 13 15 6 18 10 1 3 19 20 2 9 12 8 14 5 16 17 7 
student 748: 13 1 15 14 9 18 8 6 2 12 16 3 10 11 7 17 4 19 20 5 
student 749: 15 7 12 2 11 18 20 1 8 10 14 3 4 17 6 9 5 19 16 13 
student 750: 20 1 16 12 9 10 8 2 4 14 17 3 5 11 6 13 15 18 19 7 
student 751: 14 2 7 18 6 15 13 3 12 20 16 4 8 10 1 11 9 17 19 5 
student 752: 14 5 7 12 9 17 15 1 2 19 10 16 3 11 4 8 6 20 13 18 
student 753: 11 10 8 13 20 18 15 4 2 17 14 1 3 6 5 9 12 19 16 7 
student 754: 17 3 6 18 8 19 10 14 9 15 16 2 7 12 5 13 1 20 11 4 
student 755: 3 11 8 7 10 19 17 1 2 15 20 12 6 9 5 14 4 16 18 13 
student 756: 14 4 16 17 7 19 11 2 13 18 5 3 1 9 8 10 6 20 15 12 
student 757: 14 1 9 6 4 15 17 8 3 13 20 7 10 11 2 12 18 16 19 5 
student 758: 16 3 7 14 8 12 18 5 9 17 15 4 6 11 1 13 2 19 20 10 
student 759: 12 1 17 6 3 13 18 5 9 19 16 4 2 8 7 11 14 20 15 10 
student 760: 7 6 8 12 5 20 17 9 10 18 14 2 1 13 4 11 3 15 19 16 
student 761: 13 1 10 15 14 20 16 9 8 19 17 4 3 5 2 12 6 18 11 7 
student 762: 11 2 7 19 9 20 12 14 8 15 16 1 5 10 3 4 6 13 17 18 
student 763: 15 1 16 18 3 20 14 9 6 17 11 5 2 8 4 13 12 19 7 10 
student 764: 17 4 15 20 7 18 10 3 11 8 19 2 1 14 6 16 5 13 12 9 
student 765: 16 4 12 10 8 20 18 3 5 14 11 6 7 9 1 2 15 17 19 13 
student 766: 11 2 18 16 7 20 14 9 15 13 17 4 8 12 1 3 5 19 6 10 
student 767: 17 1 6 19 4 18 13 2 8 10 14 3 11 7 5 12 16 15 20 9 
student 768: 13 7 10 12 4 14 17 1 3 15 19 6 2 8 5 11 9 16 20 18 
student 769: 16 8 5 17 14 20 11 3 13 15 7 4 6 10 1 9 2 18 19 12 
student 770: 11 2 7 13 9 14 20 8 10 18 17 1 4 5 15 12 3 19 16 6 
student 771: 8 5 6 17 4 15 18 7 1 19 20 3 11 14 2 12 9 16 13 10 
student 772: 10 15 12 20 2 13 14 5 18 19 9 1 7 3 8 6 11 16 17 4 
student 773: 13 5 16 14 8 18 12 7 9 19 15 4 6 3 2 11 1 17 20 10 
student 774: 16 6 11 12 5 19 13 2 3 17 20 1 9 4 10 7 15 18 14 8 
student 775: 9 10 15 17 16 18 5 3 8 13 19 1 7 11 2 6 4 12 20 14 
student 776: 4 5 13 17 2 16 15 9 11 10 18 1 7 6 8 14 3 20 19 12 
student 777: 15 5 13 2 3 20 14 1 6 17 10 4 7 12 8 16 11 19 18 9 
student 778: 10 4 6 15 14 18 16 11 9 17 13 2 7 5 3 12 8 19 20 1 
student 779: 17 2 11 14 10 20 19 5 7 12 9 1 4 13 3 18 6 15 16 8 
student 780: 16 7 15 5 12 19 20 6 3 13 11 2 1 14 4 9 8 17 18 10 
student 781: 9 5 16 20 12 10 3 6 8 19 14 4 1 13 2 18 11 15 17 7 
student 782: 9 4 14 18 6 16 12 8 15 19 13 2 1 10 3 7 5 17 20 11 
student 783: 18 1 15 10 7 17 12 4 8 19 14 3 6 13 2 16 5 9 20 11 
student 784: 19 2 11 17 5 16 8 1 7 10 15 9 3 6 13 20 4 14 18 12 
student 785: 18 3 10 17 6 12 4 8 13 19 5 1 2 11 7 15 9 14 20 16 
student 786: 13 4 18 20 3 19 12 10 9 15 16 5 14 11 1 7 6 8 17 2 
student 787: 14 16 5 9 6 13 8 3 10 18 15 1 4 11 2 17 7 20 19 12 
student 788: 10 1 5 19 6 20 13 11 4 12 9 2 3 16 7 8 14 18 17 15 
student 789: 11 3 8 15 6 18 5 20 9 17 10 1 2 7 12 14 4 19 16 13 
student 790: 10 1 16 19 7 14 9 12 4 15 20 5 11 17 6 8 3 13 18 2 
student 791: 15 2 11 14 19 12 13 4 3 20 17 1 6 9 5 10 7 18 16 8 
student 792: 13 5 12 18 7 17 15 10 3 11 20 4 9 1 8 14 2 16 19 6 
student 793: 4 6 1 15 14 17 10 12 11 8 20 7 5 19 2 3 9 18 16 13 
student 794: 20 3 17 7 11 15 12 1 9 10 13 4 6 5 2 14 8 19 16 18 
student 795: 16 4 1 17 9 8 14 3 2 7 13 6 5 20 12 11 10 19 15 18 
student 796: 16 3 13 17 8 14 15 7 9 19 10 1 4 6 11 12 2 18 20 5 
student 797: 9 8 20 16 19 17 12 3 1 7 14 2 10 13 5 6 15 18 11 4 
student 798: 11 3 14 13 5 17 16 2 4 7 15 6 10 12 1 19 9 18 20 8 
student 799: 13 1 11 14 7 15 12 3 6 19 16 5 8 9 4 20 2 17 18 10 
