student 0: 11 20 14 10 5 17 3 4 19 15 7 9 18 12 16 6 1 2 13 8 
student 1: 19 17 1 8 11 4 5 3 14 18 13 6 9 20 10 16 7 2 15 12 
student 2: 12 20 13 11 1 19 5 3 14 15 7 4 16 17 8 6 2 9 18 10 
student 3: 4 19 17 7 8 6 2 12 18 9 11 5 16 20 15 13 1 3 14 10 
student 4: 14 17 13 5 6 15 1 7 11 16 10 2 19 20 12 9 4 8 18 3 
student 5: 14 18 17 12 8 16 9 2 7 20 6 5 10 19 3 11 1 4 15 13 
student 6: 6 14 5 11 7 12 1 4 20 17 9 8 18 19 15 10 3 2 16 13 
student 7: 8 17 15 9 1 19 2 3 16 12 4 13 20 18 6 10 5 11 14 7 
student 8: 9 19 15 13 8 16 7 1 18 14 5 4 17 20 10 6 2 3 12 11 
student 9: 13 15 10 1 12 18 2 8 4 14 7 6 17 20 5 9 19 3 16 11 
student 10: 5 14 4 13 7 11 6 2 18 9 16 8 17 20 15 12 1 3 19 10 
student 11: 3 18 7 16 5 15 6 2 17 8 11 4 19 20 14 9 1 12 10 13 
student 12: 8 7 19 5 2 18 4 3 9 15 6 11 20 16 10 13 14 1 12 17 
student 13: 17 18 9 7 3 15 11 6 12 13 5 10 16 20 4 8 1 2 14 19 
student 14: 16 20 17 11 6 19 7 4 18 13 8 1 15 14 2 9 3 12 5 10 
student 15: 6 17 15 14 7 20 8 2 4 12 11 1 19 18 5 13 3 9 16 10 
student 16: 13 12 9 8 7 19 6 2 15 14 10 4 16 18 1 11 17 3 20 5 
student 17: 7 20 13 12 2 19 9 10 15 14 1 5 18 17 4 6 3 8 16 11 
student 18: 5 15 10 6 3 18 7 14 4 8 12 1 20 11 16 13 17 9 19 2 
student 19: 1 19 14 10 18 17 5 4 11 12 8 3 15 20 9 16 2 7 13 6 
student 20: 13 18 12 14 2 16 8 17 10 6 1 3 19 20 7 5 11 4 15 9 
student 21: 10 16 12 11 6 20 3 2 19 9 14 8 15 18 4 13 5 7 17 1 
student 22: 13 18 20 15 8 12 6 2 14 16 3 4 10 19 9 7 5 11 17 1 
student 23: 18 20 16 11 4 19 7 6 9 15 5 1 13 14 12 10 2 3 17 8 
student 24: 10 20 14 12 6 18 7 5 15 8 3 4 19 11 13 9 1 2 17 16 
student 25: 15 19 5 4 7 16 9 6 13 17 10 2 18 12 11 14 1 3 20 8 
student 26: 17 15 14 8 2 16 1 5 13 9 6 3 19 20 10 11 4 7 18 12 
student 27: 5 16 11 6 7 9 1 15 13 17 3 8 10 20 4 18 2 12 19 14 
student 28: 13 17 12 19 7 20 3 9 10 14 1 5 16 18 6 8 2 11 15 4 
student 29: 15 19 11 8 2 10 6 3 18 17 9 4 20 16 1 14 5 7 13 12 
student 30: 11 15 12 7 5 16 2 9 14 17 6 1 18 19 13 10 4 3 8 20 
student 31: 10 19 11 15 8 18 2 9 16 13 5 12 20 17 6 7 1 4 14 3 
student 32: 10 16 14 13 7 19 1 6 11 17 5 9 20 15 2 8 3 4 18 12 
student 33: 16 20 17 6 2 15 3 9 8 13 14 4 18 19 11 10 7 1 12 5 
student 34: 12 16 13 7 6 18 9 4 11 14 2 10 17 15 3 1 19 5 8 20 
student 35: 16 17 14 8 2 11 4 1 19 13 7 3 18 12 10 5 6 15 20 9 
student 36: 14 16 15 6 8 9 11 3 12 13 2 10 18 20 1 17 5 7 19 4 
student 37: 13 19 12 20 10 15 11 6 14 7 4 5 18 17 8 9 1 2 3 16 
student 38: 10 18 7 19 1 20 8 11 9 14 6 17 12 15 13 4 2 3 16 5 
student 39: 15 20 9 17 6 19 8 2 16 7 10 4 11 18 14 12 5 1 13 3 
student 40: 1 18 9 10 4 19 8 5 11 14 13 3 17 16 12 15 2 6 20 7 
student 41: 10 19 11 17 8 12 6 2 9 14 7 5 18 16 13 15 3 1 20 4 
student 42: 11 20 14 12 19 8 6 5 9 15 3 2 16 18 10 4 1 7 17 13 
student 43: 19 18 6 15 9 14 4 7 13 10 5 3 16 17 8 11 2 1 20 12 
student 44: 15 18 4 14 6 13 19 10 3 20 5 12 17 16 9 11 1 2 7 8 
student 45: 19 15 11 17 14 5 3 9 4 20 2 7 13 16 6 12 1 10 18 8 
student 46: 15 20 18 12 5 16 8 6 14 10 2 1 17 19 9 4 11 3 13 7 
student 47: 16 18 17 9 7 11 8 4 13 15 1 3 19 20 6 12 5 2 10 14 
student 48: 9 20 4 13 16 19 7 3 12 11 8 5 14 15 1 17 10 2 18 6 
student 49: 6 20 5 12 8 19 10 4 7 1 9 11 18 17 13 16 2 3 15 14 
student 50: 12 18 9 11 7 20 3 10 5 16 1 4 17 19 13 15 2 6 14 8 
student 51: 10 20 15 8 2 16 3 9 14 12 7 1 17 19 13 4 5 6 18 11 
student 52: 15 18 16 7 9 19 5 4 8 3 10 11 17 14 1 12 2 6 20 13 
student 53: 8 16 14 15 1 20 6 2 11 13 7 5 12 18 4 10 3 17 19 9 
student 54: 20 15 17 5 6 14 8 3 1 13 9 2 19 18 10 11 4 7 16 12 
student 55: 14 15 18 1 5 17 12 6 7 13 4 2 9 20 8 19 3 10 16 11 
student 56: 15 20 19 7 8 17 10 14 13 12 2 3 16 18 9 4 1 5 6 11 
student 57: 14 13 8 16 12 17 4 3 19 9 7 1 15 20 2 6 11 5 18 10 
student 58: 9 16 12 3 5 14 13 4 15 19 7 8 20 17 11 18 2 10 6 1 
student 59: 12 16 14 1 10 20 11 9 17 13 8 6 15 18 4 3 5 2 19 7 
student 60: 19 20 16 10 8 14 1 6 7 12 5 4 17 15 11 13 3 2 18 9 
student 61: 10 20 17 16 4 12 8 3 15 6 5 7 18 19 9 14 11 1 13 2 
student 62: 2 16 20 9 6 12 13 4 10 5 7 8 18 19 15 14 3 1 11 17 
student 63: 17 19 13 18 15 12 7 2 6 8 5 1 14 20 11 3 4 9 16 10 
student 64: 18 19 12 17 4 2 1 6 8 11 14 3 13 20 10 9 5 7 15 16 
student 65: 9 11 17 16 3 18 12 2 8 6 14 1 15 20 7 13 4 10 5 19 
student 66: 14 20 18 8 2 19 5 1 16 11 3 7 10 17 13 15 4 9 12 6 
student 67: 18 20 10 11 4 17 6 16 5 19 7 3 15 13 8 2 1 12 14 9 
student 68: 12 17 19 14 7 6 5 3 18 15 9 4 20 13 10 1 8 2 16 11 
student 69: 11 19 17 10 2 15 6 12 16 14 7 1 20 13 9 8 4 3 18 5 
student 70: 7 16 17 13 3 19 6 1 14 15 8 2 20 18 10 11 4 12 9 5 
student 71: 5 20 17 11 9 15 12 4 13 8 7 6 18 19 1 10 2 3 14 16 
student 72: 3 20 14 17 2 19 9 1 13 11 10 6 15 16 12 7 5 4 18 8 
student 73: 13 18 17 6 10 20 3 2 19 11 5 9 15 14 7 16 1 4 12 8 
student 74: 6 20 18 16 10 13 9 7 14 12 2 4 19 15 11 5 1 8 17 3 
student 75: 13 18 15 11 2 16 5 4 19 14 6 9 20 17 7 10 3 1 12 8 
student 76: 16 20 13 11 5 18 1 6 10 12 2 3 14 19 8 9 4 7 17 15 
student 77: 14 20 13 12 11 7 4 10 9 16 1 2 15 19 8 6 3 5 18 17 
student 78: 15 11 19 16 5 17 10 2 8 20 12 6 9 14 13 7 1 4 18 3 
student 79: 14 20 5 15 11 19 6 8 18 10 12 9 16 17 2 7 4 1 13 3 
student 80: 13 14 17 12 2 18 8 7 16 15 9 6 5 20 10 11 3 1 19 4 
student 81: 4 19 18 10 5 15 7 2 14 20 11 9 17 16 13 6 1 3 12 8 
student 82: 5 16 14 4 1 19 11 12 10 9 13 8 18 20 7 3 2 6 17 15 
student 83: 10 11 17 5 7 20 6 16 12 13 1 2 18 15 8 9 3 4 19 14 
student 84: 19 20 17 8 3 16 2 6 5 9 14 7 12 18 10 11 1 4 15 13 
student 85: 18 19 10 12 2 15 7 3 11 14 5 1 17 20 4 13 6 16 9 8 
student 86: 10 17 9 13 5 19 2 4 11 3 20 7 15 18 8 12 1 6 14 16 
student 87: 12 17 11 18 2 6 1 5 9 16 8 15 14 19 10 7 3 4 20 13 
student 88: 7 14 10 11 9 15 16 5 17 13 12 4 20 19 8 2 1 3 6 18 
student 89: 11 15 10 5 4 9 8 7 17 18 3 1 19 20 12 13 2 6 14 16 
student 90: 14 16 12 13 2 7 8 11 19 15 5 4 20 18 6 9 1 10 17 3 
student 91: 9 7 14 20 10 16 12 3 11 18 15 1 4 19 6 13 2 5 8 17 
student 92: 12 20 14 18 4 17 2 1 10 16 7 3 15 13 11 9 8 5 19 6 
student 93: 10 19 9 17 13 14 11 6 18 12 1 4 16 20 7 5 8 3 15 2 
student 94: 8 17 19 12 3 20 1 5 15 13 9 2 16 18 10 6 4 7 14 11 
student 95: 9 20 15 7 5 17 6 10 13 12 14 3 16 18 1 8 2 4 19 11 
student 96: 9 18 16 7 2 17 8 5 10 6 4 3 19 20 14 11 1 12 15 13 
student 97: 11 16 12 13 1 20 6 7 14 9 2 4 15 18 3 19 8 5 17 10 
student 98: 4 14 12 20 3 17 15 5 8 10 2 1 16 18 6 19 11 7 13 9 
student 99: 13 11 18 2 8 20 6 7 9 5 12 3 19 17 10 16 4 1 14 15 
student 100: 16 20 17 4 13 18 3 9 11 7 8 10 12 15 19 2 6 5 1 14 
student 101: 20 18 9 12 4 19 1 10 3 13 8 2 14 15 11 17 7 6 16 5 
student 102: 8 19 18 9 5 12 7 6 17 11 1 4 2 20 15 14 3 10 16 13 
student 103: 18 20 12 14 6 4 2 1 13 19 8 7 15 16 10 9 3 5 17 11 
student 104: 9 12 18 14 3 17 7 5 16 15 6 8 20 19 13 2 1 4 11 10 
student 105: 2 20 13 15 8 17 7 6 12 18 11 3 14 19 4 9 1 10 16 5 
student 106: 9 17 12 11 20 15 2 1 13 10 3 4 19 18 7 16 6 8 14 5 
student 107: 15 18 20 9 2 14 8 6 10 12 5 19 16 13 7 11 4 1 17 3 
student 108: 9 20 13 3 1 16 8 6 15 12 11 2 18 17 10 14 4 7 19 5 
student 109: 10 17 20 11 6 15 5 3 16 13 7 4 18 19 8 12 1 2 14 9 
student 110: 17 20 5 1 8 18 6 3 11 15 10 7 19 13 9 14 4 2 16 12 
student 111: 17 10 15 6 11 9 13 7 3 8 12 4 19 20 16 1 5 2 18 14 
student 112: 19 13 14 3 4 16 10 8 20 17 12 5 15 18 11 2 7 1 9 6 
student 113: 16 20 3 14 1 18 7 2 10 15 5 8 17 19 11 9 4 6 13 12 
student 114: 6 18 9 8 5 17 7 2 13 15 12 3 19 11 16 10 1 4 20 14 
student 115: 18 19 13 11 3 14 2 1 10 9 15 6 20 12 17 8 4 5 16 7 
student 116: 12 15 18 6 4 17 5 2 14 7 11 3 20 19 10 9 1 8 13 16 
student 117: 11 13 18 16 7 12 3 5 17 14 8 2 15 19 10 9 4 1 20 6 
student 118: 10 20 13 2 1 15 3 8 14 18 6 7 16 19 17 9 4 12 11 5 
student 119: 2 16 18 8 9 13 11 6 7 15 3 5 17 20 10 14 1 4 19 12 
student 120: 14 19 16 10 3 20 7 2 18 11 6 1 12 17 8 15 5 9 13 4 
student 121: 11 14 10 7 3 6 4 1 16 12 13 8 20 19 17 18 2 9 5 15 
student 122: 19 18 20 9 1 17 16 5 13 12 4 3 15 14 7 10 2 8 11 6 
student 123: 8 17 12 10 1 16 7 13 20 14 4 3 18 19 11 9 5 2 15 6 
student 124: 15 19 5 10 7 20 1 8 13 11 12 2 18 17 9 3 6 4 16 14 
student 125: 18 17 11 9 3 14 8 7 15 12 2 10 16 19 1 20 4 5 13 6 
student 126: 17 10 20 12 2 15 1 8 16 4 14 7 13 19 9 11 6 3 18 5 
student 127: 13 19 17 16 3 4 6 5 14 11 18 2 20 15 7 10 1 8 9 12 
student 128: 19 14 13 11 6 16 7 2 8 17 4 5 18 20 9 10 1 3 15 12 
student 129: 10 16 14 9 7 12 6 1 19 15 8 2 17 20 13 11 4 5 18 3 
student 130: 11 19 18 8 10 16 5 3 15 12 9 1 20 17 6 2 7 4 14 13 
student 131: 15 13 16 12 5 9 19 3 2 17 11 7 14 20 10 8 4 1 18 6 
student 132: 6 19 15 13 5 14 9 2 20 11 8 4 18 17 7 12 1 3 16 10 
student 133: 8 19 9 10 4 17 15 3 20 12 6 2 13 18 5 14 1 11 16 7 
student 134: 2 20 17 7 4 6 13 16 8 9 15 14 12 11 10 18 1 3 19 5 
student 135: 17 20 13 5 9 14 2 8 15 19 12 4 16 7 10 11 3 1 18 6 
student 136: 12 17 9 7 4 13 6 5 18 15 8 1 16 19 14 10 3 2 20 11 
student 137: 14 15 20 3 2 18 11 6 12 17 7 5 19 16 4 10 8 1 13 9 
student 138: 12 16 13 7 5 15 8 9 11 17 14 1 19 18 2 10 4 6 20 3 
student 139: 12 18 10 8 1 16 4 3 14 17 5 9 15 20 7 13 2 6 19 11 
student 140: 14 19 15 5 2 12 8 16 6 11 7 9 18 20 10 13 1 4 17 3 
student 141: 15 20 18 8 12 17 1 6 9 7 5 4 11 10 16 14 3 2 19 13 
student 142: 6 14 11 12 7 20 3 4 19 15 9 1 16 17 10 8 2 5 18 13 
student 143: 6 5 18 15 14 16 2 3 17 12 11 1 20 8 10 4 9 7 19 13 
student 144: 12 20 19 8 11 7 5 9 14 15 4 6 17 18 10 2 3 1 13 16 
student 145: 11 13 16 5 6 17 9 19 14 7 3 4 18 20 12 8 1 2 15 10 
student 146: 17 15 20 13 12 14 6 3 7 9 8 2 16 19 4 10 1 5 18 11 
student 147: 6 17 20 5 18 10 1 11 16 9 3 2 19 13 15 12 7 8 14 4 
student 148: 14 18 16 4 2 10 6 5 15 13 12 3 20 17 11 9 1 8 19 7 
student 149: 8 18 17 20 10 14 11 2 15 7 4 3 16 19 12 5 9 1 13 6 
student 150: 20 17 13 12 6 18 3 8 2 14 4 15 7 16 1 11 5 9 19 10 
student 151: 7 10 19 12 8 13 4 3 17 16 14 2 18 20 11 6 5 1 15 9 
student 152: 11 19 14 1 5 20 2 3 15 12 6 13 17 18 7 9 8 4 16 10 
student 153: 8 18 9 6 1 16 10 2 12 13 7 4 20 19 11 17 15 3 14 5 
student 154: 13 18 15 10 19 17 12 3 2 14 5 4 9 16 8 6 1 7 20 11 
student 155: 8 15 11 6 5 19 3 10 16 9 14 2 18 20 7 4 1 12 13 17 
student 156: 13 17 14 11 10 20 3 4 12 15 2 8 18 19 9 7 1 6 16 5 
student 157: 14 16 13 20 8 12 3 6 15 7 2 17 19 18 10 5 1 4 9 11 
student 158: 10 20 19 16 11 12 4 5 14 8 7 1 18 17 9 2 3 6 13 15 
student 159: 19 10 12 16 2 14 6 5 4 18 9 1 20 17 15 8 7 3 11 13 
student 160: 11 13 16 7 5 15 12 19 4 17 18 3 14 20 10 9 2 1 8 6 
student 161: 8 18 17 5 6 15 4 13 11 14 7 2 20 16 10 12 3 1 19 9 
student 162: 10 15 13 16 11 14 8 5 12 7 2 4 17 19 20 6 1 3 18 9 
student 163: 5 19 14 13 12 10 7 2 18 20 11 6 15 17 4 9 3 1 16 8 
student 164: 7 19 11 16 13 20 4 2 3 18 6 10 9 14 15 8 5 1 17 12 
student 165: 20 9 15 10 5 13 12 8 17 4 1 3 19 18 11 14 2 6 16 7 
student 166: 8 18 17 11 14 15 2 9 12 13 3 1 20 19 4 6 10 7 16 5 
student 167: 11 19 10 17 4 15 5 8 12 13 2 1 20 14 16 9 3 6 18 7 
student 168: 5 11 15 17 3 16 12 8 10 9 7 6 18 20 13 2 4 1 19 14 
student 169: 13 19 8 3 5 15 7 11 16 12 9 2 14 17 4 18 10 1 20 6 
student 170: 13 15 16 14 2 20 9 8 12 18 5 4 17 19 3 10 6 1 11 7 
student 171: 17 4 16 7 11 6 5 9 18 12 8 1 20 14 15 10 3 2 19 13 
student 172: 8 14 6 20 3 17 1 11 7 15 9 5 12 18 4 13 16 2 19 10 
student 173: 9 18 16 12 1 11 8 4 15 20 3 5 17 13 7 10 2 6 19 14 
student 174: 13 19 16 15 11 17 14 12 4 10 1 7 20 18 5 9 6 3 8 2 
student 175: 16 20 17 10 4 19 7 8 15 18 6 5 12 9 14 3 2 1 13 11 
student 176: 9 17 19 1 7 20 4 6 11 10 5 8 15 16 14 18 2 3 12 13 
student 177: 11 19 15 14 7 17 5 1 12 16 4 3 18 20 6 8 2 10 13 9 
student 178: 8 19 9 14 1 15 6 5 13 12 16 3 17 20 10 11 2 4 18 7 
student 179: 20 19 12 14 2 17 11 5 7 16 10 3 6 18 9 8 4 1 13 15 
student 180: 16 17 13 14 5 18 3 6 12 15 7 2 20 19 9 1 4 11 10 8 
student 181: 10 11 6 18 1 14 12 7 19 17 16 3 13 20 8 9 2 4 15 5 
student 182: 9 14 17 12 2 19 5 3 15 10 6 1 13 20 7 8 4 16 18 11 
student 183: 11 10 15 12 6 18 1 3 14 8 4 16 20 19 13 9 2 7 17 5 
student 184: 10 18 12 8 3 20 5 6 11 13 2 9 19 14 15 17 1 4 16 7 
student 185: 9 19 18 8 1 16 6 4 12 13 11 2 17 20 7 15 3 5 10 14 
student 186: 5 20 16 17 8 18 12 9 7 11 1 2 19 15 10 13 3 6 4 14 
student 187: 12 16 13 11 2 14 9 7 6 15 3 8 20 18 4 17 5 1 19 10 
student 188: 19 18 15 20 2 14 10 3 13 9 7 4 11 17 8 6 5 12 16 1 
student 189: 13 10 11 4 8 9 14 1 18 16 17 2 19 20 3 6 5 7 12 15 
student 190: 17 20 13 19 11 16 3 1 5 12 9 8 14 18 4 10 6 2 15 7 
student 191: 17 13 15 12 7 16 4 3 18 11 9 5 14 19 8 10 1 2 20 6 
student 192: 13 20 9 10 12 14 2 5 15 19 7 3 16 17 6 11 1 4 18 8 
student 193: 16 20 18 6 5 12 14 4 13 7 8 11 19 15 2 10 3 1 17 9 
student 194: 2 16 13 3 9 19 8 4 11 15 6 7 20 18 14 12 5 1 17 10 
student 195: 12 19 16 8 11 17 13 7 6 14 10 4 18 20 3 5 1 2 15 9 
student 196: 16 19 14 11 1 17 2 6 5 15 10 7 20 18 4 9 3 8 13 12 
student 197: 18 7 11 16 9 17 8 6 14 3 5 15 19 20 10 1 2 4 13 12 
student 198: 15 8 19 5 2 16 9 4 14 17 6 7 13 20 10 3 1 11 12 18 
student 199: 18 20 16 15 2 12 4 1 10 17 3 8 14 19 9 5 6 7 11 13 
student 200: 16 18 6 9 14 17 5 4 13 20 11 7 8 19 12 2 3 1 10 15 
student 201: 3 14 16 12 6 17 11 2 1 10 5 9 18 20 8 15 4 7 19 13 
student 202: 9 16 14 5 3 17 4 8 13 19 10 6 20 18 11 15 2 1 12 7 
student 203: 15 17 16 6 2 14 19 1 11 8 12 7 18 20 5 9 3 4 13 10 
student 204: 8 20 16 9 3 19 5 7 12 13 15 4 17 18 6 10 1 2 14 11 
student 205: 13 18 19 16 17 14 10 2 9 15 5 7 20 11 12 1 4 3 8 6 
student 206: 9 15 13 4 3 19 8 7 10 14 6 5 16 17 20 11 1 2 18 12 
student 207: 4 18 19 17 9 11 3 5 20 15 6 2 16 14 7 12 1 13 8 10 
student 208: 9 16 20 18 2 3 15 4 10 7 17 8 13 19 12 11 1 5 14 6 
student 209: 17 14 10 15 6 16 11 1 3 19 7 5 4 20 8 18 2 9 13 12 
student 210: 8 20 13 12 2 17 3 5 18 9 16 6 15 14 11 19 1 4 10 7 
student 211: 7 16 10 14 2 17 6 4 9 12 5 3 18 19 15 13 11 1 20 8 
student 212: 16 18 19 17 11 13 14 6 8 9 12 5 15 20 7 4 3 2 10 1 
student 213: 17 12 19 9 4 20 6 8 5 16 14 2 18 15 10 7 1 3 11 13 
student 214: 13 17 16 5 4 18 10 8 3 11 6 9 19 20 7 15 1 2 14 12 
student 215: 14 12 11 16 9 18 7 2 20 17 8 4 19 15 13 5 10 1 6 3 
student 216: 14 13 17 15 11 20 6 12 7 5 2 10 9 18 8 16 1 3 19 4 
student 217: 13 17 15 6 9 16 3 2 20 8 12 4 14 19 7 10 1 5 11 18 
student 218: 13 19 10 17 7 15 11 4 14 12 6 1 18 20 8 9 5 3 16 2 
student 219: 16 10 8 9 6 7 3 15 19 17 1 12 13 20 14 18 4 2 11 5 
student 220: 11 19 17 15 10 20 5 4 3 14 16 1 18 8 6 9 7 2 12 13 
student 221: 10 17 15 6 12 16 3 8 9 11 7 5 19 18 20 14 2 4 13 1 
student 222: 8 18 13 12 10 16 3 6 15 19 1 2 17 20 9 5 4 11 14 7 
student 223: 20 19 17 12 1 10 13 4 15 7 5 9 18 16 11 6 2 3 8 14 
student 224: 15 19 17 11 7 20 5 9 13 14 16 4 18 6 1 8 2 3 12 10 
student 225: 12 17 13 5 3 16 4 1 6 20 8 9 18 19 11 10 2 7 14 15 
student 226: 6 19 10 20 8 12 7 1 14 15 2 3 18 16 9 13 4 17 11 5 
student 227: 16 19 12 4 9 15 7 3 13 17 10 2 18 20 5 14 8 1 6 11 
student 228: 14 17 16 9 10 8 12 4 19 5 7 3 20 18 11 1 6 2 13 15 
student 229: 6 20 17 12 2 10 4 11 13 15 7 1 19 14 5 8 3 9 18 16 
student 230: 14 17 15 8 4 18 12 7 13 11 6 3 16 19 5 10 1 2 20 9 
student 231: 9 17 14 20 3 18 5 11 7 19 4 1 8 15 10 2 6 16 13 12 
student 232: 1 13 20 19 2 10 6 12 16 9 11 4 18 17 5 15 3 7 14 8 
student 233: 12 20 19 11 2 16 18 8 5 13 14 3 9 17 1 10 6 4 15 7 
student 234: 9 20 11 7 13 17 3 15 5 2 10 1 14 18 16 8 4 6 12 19 
student 235: 14 15 11 10 6 20 2 4 12 16 8 5 19 18 9 13 1 3 17 7 
student 236: 9 18 6 19 5 1 16 3 12 17 8 7 20 15 4 14 2 13 11 10 
student 237: 14 17 5 7 12 15 16 9 10 13 8 3 19 20 6 18 2 1 11 4 
student 238: 7 17 16 10 12 20 5 18 3 15 2 1 13 19 6 14 4 9 8 11 
student 239: 19 14 12 11 4 17 1 15 20 10 3 13 18 8 9 6 2 5 16 7 
student 240: 8 17 20 9 3 16 6 2 18 19 12 13 11 15 5 10 4 1 14 7 
student 241: 12 13 15 18 4 19 8 1 6 11 2 5 17 16 3 20 9 7 14 10 
student 242: 13 18 10 12 15 20 11 5 14 8 6 4 17 19 1 7 3 2 16 9 
student 243: 8 18 19 14 5 15 4 3 17 13 7 11 16 10 12 9 1 2 20 6 
student 244: 16 19 20 8 7 12 2 10 17 13 9 4 18 6 15 14 3 1 5 11 
student 245: 9 15 13 17 4 16 5 10 7 11 19 2 20 18 6 14 1 3 12 8 
student 246: 15 11 7 12 3 8 10 1 13 17 19 2 14 20 9 4 6 16 18 5 
student 247: 16 17 6 15 9 20 8 2 5 12 3 7 13 18 4 14 1 11 19 10 
student 248: 9 13 19 14 4 11 3 5 17 12 7 8 15 20 10 16 1 2 18 6 
student 249: 17 18 14 9 13 20 16 5 4 8 11 10 19 7 6 12 2 3 15 1 
student 250: 12 19 11 9 2 10 4 1 13 14 20 6 15 16 7 8 3 5 18 17 
student 251: 14 12 17 18 7 19 3 2 16 4 9 1 15 20 10 6 5 13 8 11 
student 252: 6 16 15 17 4 19 5 3 20 13 8 9 14 12 10 1 2 7 18 11 
student 253: 10 9 14 6 3 17 5 4 11 12 2 13 8 19 16 20 1 15 18 7 
student 254: 14 19 9 12 6 17 10 4 15 18 8 3 16 20 7 13 1 2 11 5 
student 255: 1 20 13 10 7 18 19 6 16 5 9 4 11 17 12 8 2 3 15 14 
student 256: 15 19 16 10 6 20 8 2 14 11 7 9 17 18 12 13 1 4 5 3 
student 257: 16 20 17 14 10 12 11 7 13 15 1 2 8 19 4 9 3 5 18 6 
student 258: 14 16 10 13 2 9 19 8 17 11 5 3 18 20 7 6 4 1 15 12 
student 259: 7 17 15 13 12 8 2 6 16 19 14 10 18 9 4 5 1 3 20 11 
student 260: 12 13 19 7 5 16 1 9 6 14 3 2 17 18 15 10 8 11 20 4 
student 261: 12 18 14 6 4 19 5 10 16 20 7 2 17 15 9 11 1 3 8 13 
student 262: 12 17 13 8 4 5 6 10 18 16 15 9 20 7 14 2 1 3 19 11 
student 263: 18 17 16 2 11 10 8 3 19 13 1 5 20 6 7 15 4 9 14 12 
student 264: 10 16 18 6 3 13 7 4 19 8 5 9 11 20 17 14 2 1 15 12 
student 265: 10 17 16 14 11 20 4 5 15 19 6 3 13 18 7 8 2 1 12 9 
student 266: 19 13 9 8 2 12 5 1 20 11 15 7 17 18 6 16 4 3 14 10 
student 267: 13 20 15 6 9 12 5 18 11 14 8 4 16 19 3 10 1 7 17 2 
student 268: 17 10 7 14 2 18 5 12 19 15 4 3 8 20 6 13 16 1 9 11 
student 269: 10 19 18 13 6 11 5 7 16 20 15 9 17 14 8 4 2 3 12 1 
student 270: 18 20 14 7 11 17 3 8 16 12 9 5 13 19 4 10 1 6 15 2 
student 271: 15 5 14 18 8 20 1 3 12 17 13 7 19 6 9 16 4 2 10 11 
student 272: 17 19 14 9 5 16 6 1 8 18 13 4 11 20 2 10 3 15 12 7 
student 273: 14 20 16 11 10 7 5 8 15 12 9 1 17 18 13 4 2 3 19 6 
student 274: 14 17 20 15 2 16 5 11 10 8 4 3 19 18 6 12 7 1 13 9 
student 275: 13 18 14 9 7 16 15 2 10 19 3 4 17 20 11 5 1 6 12 8 
student 276: 13 15 16 9 5 19 8 7 14 12 4 1 20 18 6 11 2 3 17 10 
student 277: 17 19 20 11 8 3 14 5 15 4 7 1 10 18 9 13 6 2 16 12 
student 278: 11 19 10 8 12 18 2 7 13 17 4 15 16 20 1 9 3 6 14 5 
student 279: 12 20 14 8 7 6 15 5 13 9 11 4 17 16 3 10 2 1 19 18 
student 280: 13 15 16 12 7 17 8 1 10 14 4 6 18 20 9 5 3 2 19 11 
student 281: 12 16 15 13 1 19 11 2 5 18 7 6 17 20 8 4 9 10 14 3 
student 282: 16 15 19 11 7 12 2 1 18 17 5 10 14 20 4 9 3 6 8 13 
student 283: 9 19 10 11 8 18 2 3 13 14 17 6 16 20 5 12 1 4 15 7 
student 284: 11 20 13 6 4 17 10 8 3 16 2 9 19 15 7 14 5 1 18 12 
student 285: 15 20 19 12 5 16 1 7 14 11 6 4 17 18 3 9 2 10 13 8 
student 286: 16 18 20 17 5 6 11 4 8 14 10 2 13 19 3 15 1 9 12 7 
student 287: 12 19 18 1 6 16 4 5 7 13 15 9 14 20 11 8 3 2 10 17 
student 288: 18 16 19 3 5 20 7 6 12 10 8 1 15 14 9 17 2 4 13 11 
student 289: 16 19 11 1 6 15 8 3 10 20 5 2 14 13 7 9 12 4 18 17 
student 290: 12 18 16 10 1 20 6 7 5 14 9 3 19 4 13 15 2 11 17 8 
student 291: 19 15 13 8 10 14 7 4 20 6 9 1 16 18 2 5 3 11 12 17 
student 292: 14 17 16 10 3 18 8 15 13 2 7 4 12 19 5 20 6 1 11 9 
student 293: 7 15 5 11 6 16 10 4 18 13 2 3 19 20 8 17 1 9 12 14 
student 294: 15 18 14 11 5 17 9 3 12 13 7 4 19 20 8 10 1 6 16 2 
student 295: 5 19 15 16 6 14 3 4 11 9 8 7 20 17 12 18 1 2 13 10 
student 296: 11 16 20 12 17 14 5 15 7 10 3 4 18 19 8 6 1 2 13 9 
student 297: 14 17 9 19 3 12 8 6 15 18 7 2 20 5 10 11 1 4 16 13 
student 298: 14 18 15 5 7 8 6 3 11 16 1 12 17 20 4 13 2 10 19 9 
student 299: 15 20 14 4 9 17 13 3 18 11 6 7 16 19 2 10 1 5 12 8 
student 300: 13 16 11 12 7 19 8 14 5 17 4 1 18 20 10 6 2 3 15 9 
student 301: 9 20 7 11 4 10 17 3 18 19 6 1 15 16 13 14 5 2 12 8 
student 302: 10 20 17 7 14 18 6 4 15 16 8 11 13 19 3 5 2 1 12 9 
student 303: 10 20 18 8 9 17 3 5 13 16 4 2 19 14 11 15 7 1 12 6 
student 304: 5 18 19 10 2 9 6 1 16 20 11 12 13 15 4 17 7 3 14 8 
student 305: 7 17 19 14 5 20 6 3 16 15 8 2 12 13 9 11 4 1 18 10 
student 306: 8 17 9 19 11 20 2 3 12 14 5 7 16 18 6 13 1 4 15 10 
student 307: 5 20 15 12 8 14 17 1 9 7 13 6 19 18 4 16 2 3 11 10 
student 308: 14 19 12 11 10 16 2 1 15 8 6 9 20 17 4 7 3 5 18 13 
student 309: 9 15 17 14 4 18 1 6 12 16 10 5 11 20 13 8 3 2 19 7 
student 310: 15 18 14 7 6 19 10 8 9 20 11 4 5 17 2 12 3 1 16 13 
student 311: 10 13 14 19 4 12 8 1 18 17 16 6 7 20 3 11 9 5 15 2 
student 312: 8 18 10 4 6 20 7 14 9 5 3 1 16 19 11 13 2 12 15 17 
student 313: 16 19 10 17 4 14 6 2 15 11 12 7 18 20 9 5 3 1 13 8 
student 314: 8 20 14 9 5 12 7 4 11 16 6 2 17 13 18 10 3 1 15 19 
student 315: 8 20 13 9 4 17 1 10 15 6 11 7 19 18 14 5 3 2 16 12 
student 316: 9 19 15 8 2 20 10 7 11 18 12 13 5 17 3 6 1 4 14 16 
student 317: 15 18 16 10 2 9 13 4 19 11 1 6 14 17 8 12 3 5 20 7 
student 318: 17 18 13 10 7 19 2 5 16 12 9 3 14 20 4 11 1 6 15 8 
student 319: 20 12 9 19 5 18 7 4 14 13 11 3 15 17 10 8 1 2 16 6 
student 320: 17 20 8 13 3 16 5 4 14 9 6 1 19 11 10 12 2 18 15 7 
student 321: 9 14 16 3 12 13 4 8 17 11 20 2 19 18 5 7 1 6 15 10 
student 322: 20 17 19 10 12 6 7 9 15 14 2 8 18 11 13 5 1 3 16 4 
student 323: 14 16 17 7 6 19 3 2 11 9 10 1 18 20 5 12 8 4 15 13 
student 324: 11 19 6 1 4 20 5 3 10 13 8 16 15 18 9 12 14 2 17 7 
student 325: 12 20 1 8 11 15 6 9 14 16 5 2 17 19 7 13 4 3 18 10 
student 326: 16 17 15 9 3 12 4 19 14 8 1 10 18 20 11 13 5 2 6 7 
student 327: 12 19 18 10 8 13 6 2 14 16 4 1 20 15 11 7 3 5 17 9 
student 328: 16 15 19 12 3 13 11 4 7 17 9 2 18 20 8 14 5 6 10 1 
student 329: 9 11 20 15 3 8 5 4 17 1 6 7 18 16 14 13 2 12 19 10 
student 330: 9 15 10 12 5 17 2 1 16 14 11 4 20 19 7 8 3 13 18 6 
student 331: 6 17 10 11 19 15 9 4 18 7 12 2 13 20 5 8 3 1 14 16 
student 332: 8 19 7 13 3 16 10 11 14 12 6 1 15 18 9 5 2 4 17 20 
student 333: 16 17 12 14 6 10 1 4 19 15 2 8 20 13 7 5 3 11 18 9 
student 334: 9 10 8 2 7 14 18 11 16 17 4 5 13 19 12 15 3 1 20 6 
student 335: 11 14 1 16 6 9 10 2 8 17 12 4 19 18 13 3 7 5 20 15 
student 336: 16 19 17 15 2 11 10 14 12 9 5 1 18 20 6 13 7 3 8 4 
student 337: 7 20 14 8 6 19 1 3 18 13 5 11 17 10 12 9 4 2 16 15 
student 338: 18 17 11 3 9 19 2 13 15 10 6 4 8 20 1 12 5 16 7 14 
student 339: 4 17 19 11 5 12 6 2 20 18 7 8 14 13 1 10 3 16 9 15 
student 340: 7 15 9 14 8 18 11 4 10 17 5 2 19 20 1 13 3 12 16 6 
student 341: 16 20 8 10 13 15 1 6 14 11 7 5 17 19 4 9 3 2 18 12 
student 342: 12 16 15 5 7 18 10 6 8 3 11 1 19 17 9 13 2 4 20 14 
student 343: 17 15 10 3 2 20 16 7 11 13 5 4 14 19 8 9 1 12 18 6 
student 344: 9 20 14 18 1 10 4 5 16 15 6 13 17 11 12 8 3 2 19 7 
student 345: 14 18 12 11 6 19 5 1 10 13 16 3 20 17 7 4 9 2 15 8 
student 346: 9 20 17 4 14 15 7 6 12 13 11 5 19 18 1 16 2 8 10 3 
student 347: 12 19 7 15 8 18 5 3 14 4 13 6 20 17 11 10 2 1 16 9 
student 348: 15 18 17 6 5 19 11 3 14 16 10 4 12 20 7 9 2 1 13 8 
student 349: 10 12 14 9 5 15 6 1 17 18 11 4 19 16 13 7 3 2 20 8 
student 350: 11 14 15 13 2 10 4 8 16 17 7 1 18 19 5 6 3 12 20 9 
student 351: 1 15 12 13 4 18 7 6 14 16 8 3 9 19 11 20 5 2 17 10 
student 352: 11 14 19 3 10 20 6 2 12 5 8 4 13 17 18 15 9 1 16 7 
student 353: 14 13 18 10 8 20 19 4 2 16 5 6 17 15 12 11 1 3 7 9 
student 354: 9 19 17 7 3 16 13 11 8 12 14 4 18 20 5 10 1 2 15 6 
student 355: 10 20 18 17 4 14 3 6 9 7 5 2 19 12 13 16 8 1 15 11 
student 356: 13 19 8 12 10 11 1 9 7 18 5 3 20 16 6 15 4 2 14 17 
student 357: 11 20 9 12 5 15 3 6 16 13 2 4 14 19 10 18 1 7 17 8 
student 358: 14 19 15 12 5 3 20 8 11 9 13 2 16 18 10 4 1 6 17 7 
student 359: 20 18 15 12 5 14 9 11 13 17 6 4 7 16 10 2 3 1 19 8 
student 360: 12 19 17 20 3 11 7 6 9 15 14 4 18 13 2 10 1 5 8 16 
student 361: 14 11 19 6 1 15 10 7 16 13 5 9 18 20 4 12 2 3 17 8 
student 362: 14 10 20 15 7 11 2 3 16 18 8 9 19 12 5 6 1 4 17 13 
student 363: 7 17 11 18 2 16 5 3 9 15 10 4 20 19 13 14 1 6 8 12 
student 364: 12 18 13 16 6 5 10 1 4 2 8 9 17 19 15 14 3 7 20 11 
student 365: 17 20 10 15 8 16 7 6 4 9 3 12 11 19 18 5 1 2 14 13 
student 366: 9 17 19 4 3 20 11 1 18 14 12 6 10 15 7 13 2 5 16 8 
student 367: 20 13 16 8 5 17 10 4 15 11 6 3 19 18 14 7 2 1 12 9 
student 368: 14 20 15 6 4 10 13 3 11 9 12 2 18 19 7 16 1 5 17 8 
student 369: 8 15 16 19 2 14 10 5 12 6 9 4 18 17 7 20 3 1 11 13 
student 370: 15 19 20 10 3 17 8 4 16 12 9 6 7 18 5 11 2 1 14 13 
student 371: 2 15 11 19 1 17 9 5 6 13 7 16 20 8 10 12 3 14 18 4 
student 372: 13 17 20 11 3 18 10 2 16 6 5 1 14 19 15 12 4 8 9 7 
student 373: 19 17 14 11 6 18 2 3 5 7 9 4 12 20 10 15 16 1 13 8 
student 374: 13 16 7 2 11 19 3 4 15 10 9 1 18 20 6 17 5 14 12 8 
student 375: 5 20 18 15 6 9 14 3 10 19 17 11 16 13 8 7 2 1 12 4 
student 376: 11 17 18 13 3 14 5 2 16 19 9 1 20 12 7 8 15 4 10 6 
student 377: 11 15 16 9 8 17 12 5 18 10 6 3 20 19 1 13 2 4 14 7 
student 378: 10 18 16 13 5 20 7 2 19 8 4 6 17 11 9 12 1 3 14 15 
student 379: 18 12 11 8 4 16 9 5 13 15 3 6 17 20 10 2 1 7 19 14 
student 380: 13 18 4 8 10 11 6 3 15 20 14 2 17 12 9 7 1 5 19 16 
student 381: 12 7 18 20 1 19 9 8 13 14 16 3 4 17 11 10 5 2 15 6 
student 382: 5 16 12 17 11 20 4 9 7 13 3 1 15 19 10 14 8 2 18 6 
student 383: 12 20 6 11 1 13 17 15 9 16 10 7 8 19 14 3 2 4 18 5 
student 384: 11 17 12 7 19 16 8 4 14 9 1 5 15 20 6 10 13 2 18 3 
student 385: 15 13 17 18 3 16 7 8 5 11 2 4 19 12 9 10 1 6 20 14 
student 386: 11 19 17 12 7 18 10 5 14 13 9 8 16 15 2 4 1 6 20 3 
student 387: 8 19 13 12 7 16 10 5 20 14 3 1 15 17 4 11 2 9 18 6 
student 388: 7 18 14 4 1 17 3 2 10 15 8 12 20 19 16 5 6 11 13 9 
student 389: 14 20 15 11 7 17 3 5 13 12 8 1 16 18 4 9 2 10 19 6 
student 390: 11 20 15 6 13 17 9 2 14 8 4 1 18 19 7 16 5 3 12 10 
student 391: 13 16 19 10 6 20 9 5 11 14 4 3 15 17 7 8 2 1 18 12 
student 392: 10 20 19 12 7 17 8 4 14 16 3 6 15 13 5 11 1 2 18 9 
student 393: 13 16 15 4 9 20 11 2 12 10 3 8 14 19 5 17 7 1 18 6 
student 394: 17 14 18 16 5 3 7 1 11 20 8 6 12 19 10 9 2 4 15 13 
student 395: 13 20 8 6 2 19 4 14 11 12 7 3 18 15 16 17 1 10 9 5 
student 396: 15 19 13 11 9 17 7 6 4 12 8 3 16 18 20 10 5 2 14 1 
student 397: 3 19 16 17 1 15 2 5 9 14 10 8 18 12 4 11 13 6 20 7 
student 398: 15 11 20 10 6 19 13 4 16 12 8 2 9 17 5 14 3 1 18 7 
student 399: 16 19 13 9 7 17 1 4 11 12 2 3 18 20 6 10 15 5 14 8 
student 400: 12 18 14 8 5 17 11 7 13 15 3 1 19 20 4 9 2 10 16 6 
student 401: 7 17 19 6 10 16 4 3 14 15 5 1 20 18 9 12 8 2 13 11 
student 402: 19 20 8 16 5 7 1 12 9 14 2 4 17 10 13 18 3 6 15 11 
student 403: 15 16 9 5 7 19 6 2 10 14 8 12 17 20 1 11 3 4 13 18 
student 404: 5 15 14 13 2 17 10 3 8 7 12 9 18 19 11 4 6 1 20 16 
student 405: 7 16 17 12 3 20 6 10 13 11 19 4 14 18 9 1 2 5 15 8 
student 406: 10 18 12 11 2 17 9 1 15 19 13 7 20 8 6 14 3 4 16 5 
student 407: 17 14 13 10 6 19 2 5 12 16 9 1 20 15 4 11 7 3 18 8 
student 408: 17 20 15 11 4 18 9 3 12 13 10 2 14 19 8 6 7 1 16 5 
student 409: 7 13 12 8 15 14 9 6 17 11 3 1 20 19 4 16 5 2 10 18 
student 410: 9 14 18 13 2 17 5 10 20 12 11 7 15 16 1 3 4 8 19 6 
student 411: 9 19 8 11 7 6 13 4 12 14 10 1 17 20 16 5 2 3 18 15 
student 412: 11 19 14 9 4 17 6 1 12 15 8 13 18 20 2 5 3 10 16 7 
student 413: 4 20 14 10 6 17 8 3 13 16 11 7 19 18 2 9 5 12 15 1 
student 414: 9 17 13 14 10 12 4 5 7 15 8 3 16 19 6 11 1 2 20 18 
student 415: 15 20 9 12 2 18 4 1 13 19 5 8 11 17 7 6 16 3 10 14 
student 416: 11 20 16 9 8 19 1 5 14 12 13 6 18 7 15 10 3 2 4 17 
student 417: 5 15 17 14 10 9 8 6 11 18 16 3 12 20 7 13 4 1 19 2 
student 418: 12 10 9 5 2 13 4 6 11 17 8 3 20 19 14 7 1 15 16 18 
student 419: 15 18 17 12 8 20 3 5 11 10 2 1 19 16 7 14 4 6 13 9 
student 420: 20 14 4 13 16 17 5 3 18 15 7 6 9 12 10 8 2 1 19 11 
student 421: 11 19 8 13 12 20 3 1 17 15 5 2 18 14 6 9 7 4 16 10 
student 422: 9 17 12 6 4 10 11 8 19 14 16 3 20 18 7 13 2 1 15 5 
student 423: 14 18 19 7 17 16 5 13 9 12 1 2 6 20 3 10 8 4 15 11 
student 424: 20 15 7 4 1 17 2 14 10 13 8 5 16 19 9 11 6 3 18 12 
student 425: 12 17 6 15 8 13 14 1 20 7 2 10 16 18 4 9 5 11 19 3 
student 426: 10 20 19 9 5 17 11 4 14 12 2 7 6 18 13 8 3 1 15 16 
student 427: 12 16 17 5 1 19 9 3 11 14 10 2 20 18 4 15 6 7 13 8 
student 428: 10 16 8 4 1 20 2 13 7 11 12 6 14 18 5 19 3 9 17 15 
student 429: 16 15 12 11 8 18 2 3 7 13 10 5 19 20 9 4 1 6 17 14 
student 430: 17 19 16 5 7 20 6 11 13 9 4 3 18 14 10 12 1 2 15 8 
student 431: 4 14 19 9 6 15 11 1 12 13 17 8 20 18 5 10 3 2 16 7 
student 432: 4 19 8 6 3 17 7 1 15 16 11 9 18 20 13 10 5 2 12 14 
student 433: 11 9 20 5 3 19 4 12 10 15 6 13 18 16 8 7 1 2 17 14 
student 434: 5 17 13 15 8 14 2 4 16 7 1 10 19 20 18 12 3 6 9 11 
student 435: 14 7 19 13 2 16 3 8 6 10 12 15 20 17 4 9 1 5 18 11 
student 436: 8 20 12 7 6 19 3 9 16 5 14 11 15 18 17 10 4 2 13 1 
student 437: 10 15 16 12 11 20 3 7 19 13 5 4 14 18 8 9 2 1 17 6 
student 438: 11 19 14 7 8 17 10 3 12 13 9 2 18 15 16 4 5 1 20 6 
student 439: 14 20 16 11 6 18 1 13 12 8 10 7 19 17 9 5 3 2 15 4 
student 440: 13 12 18 7 6 14 15 9 19 11 2 4 20 17 5 10 1 3 16 8 
student 441: 14 20 17 11 1 13 7 10 15 19 8 4 16 18 12 9 2 3 6 5 
student 442: 17 20 15 7 2 19 4 1 8 11 9 6 13 16 5 12 18 3 14 10 
student 443: 10 20 14 11 4 19 6 2 16 12 1 5 13 18 8 3 7 9 17 15 
student 444: 18 20 1 17 12 6 11 7 10 19 5 4 16 13 9 14 2 3 15 8 
student 445: 13 18 15 10 11 9 2 12 14 17 5 7 19 16 6 8 1 3 20 4 
student 446: 16 19 17 12 6 13 11 1 14 18 5 9 10 20 3 8 2 4 15 7 
student 447: 14 8 15 13 10 20 18 3 1 9 2 6 12 19 17 11 5 4 16 7 
student 448: 2 20 16 9 15 17 5 4 10 18 6 7 13 19 12 14 1 3 11 8 
student 449: 12 18 9 14 1 16 3 2 6 15 7 13 20 19 10 4 8 11 17 5 
student 450: 11 15 5 4 3 12 8 1 19 16 20 14 13 17 10 6 2 7 18 9 
student 451: 17 12 18 13 6 14 7 1 15 20 5 3 16 19 8 11 4 2 9 10 
student 452: 19 17 8 12 6 18 10 5 11 14 13 2 16 20 9 1 3 7 15 4 
student 453: 18 17 4 6 2 14 7 5 20 9 8 1 15 19 11 12 10 3 16 13 
student 454: 8 19 17 14 4 9 2 3 12 15 5 1 18 16 11 13 6 7 20 10 
student 455: 14 16 2 11 12 17 9 5 15 20 8 1 6 19 10 13 7 4 18 3 
student 456: 7 20 14 12 4 13 9 2 16 17 10 1 19 15 11 8 5 3 18 6 
student 457: 13 14 17 2 3 19 6 12 8 18 4 7 20 10 15 9 1 5 16 11 
student 458: 7 20 8 15 13 19 12 6 11 16 2 9 18 17 4 14 3 1 10 5 
student 459: 11 19 16 14 9 18 13 8 7 15 6 4 17 20 3 12 1 2 5 10 
student 460: 13 18 19 14 2 15 10 6 8 16 7 4 20 3 11 17 5 1 12 9 
student 461: 12 18 16 13 7 15 1 5 9 14 6 4 17 19 8 11 3 2 20 10 
student 462: 9 20 13 15 2 14 10 8 17 11 3 6 19 16 7 12 1 4 18 5 
student 463: 1 14 16 9 3 17 10 7 15 19 18 2 12 20 5 8 6 4 11 13 
student 464: 7 13 19 14 5 18 4 2 10 12 11 1 15 20 16 6 3 8 17 9 
student 465: 8 13 11 9 2 16 10 4 14 19 12 1 20 17 5 6 7 3 18 15 
student 466: 16 19 1 17 9 11 10 2 5 4 12 6 15 20 13 14 3 7 18 8 
student 467: 5 20 16 18 4 13 3 2 12 19 7 1 15 17 9 10 11 6 14 8 
student 468: 10 19 17 5 13 8 4 2 14 18 3 6 15 16 9 12 7 1 20 11 
student 469: 10 20 12 5 6 13 8 3 15 16 11 7 17 18 9 4 1 2 19 14 
student 470: 10 19 11 15 1 12 7 4 16 20 14 5 13 17 6 8 3 2 18 9 
student 471: 1 17 13 10 7 16 11 15 8 12 6 4 18 19 5 14 3 2 20 9 
student 472: 13 11 17 12 10 5 1 2 16 19 6 8 20 15 4 18 3 9 7 14 
student 473: 16 11 12 7 6 18 8 4 10 14 3 1 20 13 5 19 2 9 15 17 
student 474: 15 9 14 18 2 20 8 3 12 17 6 4 19 16 10 11 1 5 13 7 
student 475: 13 12 14 17 3 19 7 6 15 8 10 2 20 18 9 11 1 5 16 4 
student 476: 19 20 11 8 2 18 13 6 9 15 7 3 16 14 4 12 1 10 17 5 
student 477: 8 15 17 5 10 20 3 2 9 11 7 1 18 19 12 14 6 4 16 13 
student 478: 11 12 17 13 4 19 2 8 20 9 6 1 18 16 5 14 3 10 15 7 
student 479: 14 20 13 6 3 4 18 7 15 9 2 5 19 16 12 8 11 1 17 10 
student 480: 11 19 15 10 7 14 4 2 13 16 3 5 18 20 8 9 1 6 17 12 
student 481: 15 16 12 14 3 4 7 13 17 18 10 1 19 20 11 9 2 5 6 8 
student 482: 12 16 14 9 3 11 1 6 13 20 8 7 18 17 19 5 4 2 15 10 
student 483: 15 20 16 14 8 13 10 4 17 6 9 1 19 11 2 7 3 5 18 12 
student 484: 12 19 4 15 10 17 20 8 7 16 3 2 13 14 11 9 1 5 6 18 
student 485: 7 11 20 15 6 17 4 1 12 13 9 2 18 16 14 8 3 5 19 10 
student 486: 15 19 16 7 1 9 3 4 6 14 5 8 11 17 13 18 12 2 20 10 
student 487: 19 15 14 2 3 18 6 8 9 13 12 11 16 20 5 4 1 7 17 10 
student 488: 13 14 16 11 1 15 9 4 19 12 5 6 17 18 10 8 3 2 20 7 
student 489: 5 20 17 14 4 19 3 2 16 11 6 9 18 13 7 10 1 8 15 12 
student 490: 15 18 11 5 1 14 7 9 6 10 12 4 16 19 8 13 3 2 17 20 
student 491: 11 15 5 18 7 20 3 4 12 13 10 6 19 14 9 8 1 2 17 16 
student 492: 10 13 17 11 7 16 8 14 15 20 1 2 18 19 3 5 6 4 12 9 
student 493: 6 16 13 2 9 10 4 1 12 7 11 14 15 19 8 17 3 18 20 5 
student 494: 12 16 19 20 5 11 3 4 14 9 8 2 15 18 6 13 7 1 17 10 
student 495: 18 17 20 10 14 13 2 7 12 5 8 3 16 19 11 4 1 9 15 6 
student 496: 13 19 16 7 11 20 9 2 8 12 15 10 17 18 4 6 5 1 14 3 
student 497: 16 20 14 4 10 12 7 8 2 5 1 17 18 19 9 13 6 3 15 11 
student 498: 11 20 10 8 4 15 2 17 12 16 3 1 19 18 6 9 5 7 14 13 
student 499: 8 19 16 14 3 20 10 9 13 7 5 1 15 18 2 12 6 4 17 11 
student 500: 12 19 16 10 1 7 2 8 11 14 6 9 18 17 4 13 3 5 20 15 
student 501: 16 19 13 11 8 9 4 5 14 17 6 1 18 20 12 10 2 7 15 3 
student 502: 9 17 20 14 3 13 5 4 16 15 10 2 19 18 12 6 1 8 7 11 
student 503: 9 12 16 15 8 18 11 2 7 19 1 3 17 13 6 10 4 5 20 14 
student 504: 6 10 17 12 20 19 2 1 14 18 7 4 16 15 3 8 9 5 13 11 
student 505: 12 18 16 11 5 10 7 4 15 17 13 3 19 20 6 14 1 2 8 9 
student 506: 16 13 18 8 4 20 6 5 10 17 9 2 11 14 12 7 1 3 19 15 
student 507: 11 18 13 9 7 20 3 2 17 12 8 1 14 16 10 6 5 4 15 19 
student 508: 6 19 14 12 2 17 8 13 11 16 5 3 18 20 4 10 1 7 15 9 
student 509: 17 20 11 4 3 19 2 10 18 16 5 7 8 14 6 15 12 1 13 9 
student 510: 14 16 17 8 7 19 6 5 12 15 9 1 20 18 10 11 3 4 13 2 
student 511: 2 19 15 11 10 18 6 13 8 14 5 7 20 17 3 9 16 1 12 4 
student 512: 20 16 10 9 4 13 11 6 2 15 12 5 18 19 3 17 8 1 14 7 
student 513: 15 17 10 13 7 14 8 4 12 3 6 2 20 18 9 11 5 19 16 1 
student 514: 12 20 15 10 6 18 3 5 16 13 8 1 17 19 9 4 7 2 14 11 
student 515: 8 17 14 11 4 20 1 9 15 16 5 7 18 19 2 3 10 6 12 13 
student 516: 11 18 14 6 4 10 7 3 13 15 5 9 20 8 12 16 2 1 19 17 
student 517: 9 14 12 11 5 16 13 7 18 10 3 4 19 20 8 17 1 2 15 6 
student 518: 9 20 13 3 12 18 8 1 16 11 15 2 17 19 14 7 5 6 10 4 
student 519: 14 20 17 11 1 7 9 6 16 13 4 8 15 19 3 18 5 2 12 10 
student 520: 11 19 16 9 4 18 8 6 7 10 12 3 17 20 2 15 5 1 14 13 
student 521: 4 16 17 9 1 20 13 7 11 18 8 3 14 19 10 5 2 12 6 15 
student 522: 14 16 20 9 6 18 10 3 13 15 12 1 19 17 8 5 7 2 11 4 
student 523: 13 20 19 8 9 16 10 2 11 17 3 6 12 15 5 7 4 1 18 14 
student 524: 18 19 10 17 14 16 7 2 13 15 6 5 9 20 4 12 8 3 1 11 
student 525: 5 15 13 11 6 18 3 1 19 12 8 10 17 20 16 4 2 7 14 9 
student 526: 10 17 20 19 6 15 8 1 11 14 5 2 16 18 7 13 4 3 12 9 
student 527: 1 15 16 4 5 18 11 7 6 10 17 14 20 19 2 12 3 8 13 9 
student 528: 15 10 19 13 6 17 7 1 14 16 2 4 18 20 8 9 11 3 12 5 
student 529: 7 20 15 8 10 18 2 1 11 19 6 3 13 16 14 9 4 5 12 17 
student 530: 5 19 12 10 3 18 14 13 15 9 16 4 17 11 7 8 1 2 6 20 
student 531: 15 10 14 12 13 16 9 5 3 19 7 6 20 18 8 2 4 1 17 11 
student 532: 11 19 16 2 5 12 13 4 17 15 7 6 20 18 10 9 3 1 14 8 
student 533: 7 19 16 6 2 15 4 3 18 14 5 10 20 17 9 12 11 1 13 8 
student 534: 11 9 13 8 4 18 3 5 12 15 16 10 20 17 19 7 1 2 14 6 
student 535: 13 12 16 9 8 18 4 3 17 15 5 7 19 20 6 11 2 1 14 10 
student 536: 7 18 10 6 3 11 14 8 19 12 9 5 17 20 15 13 2 1 16 4 
student 537: 9 11 14 20 3 18 6 4 10 19 15 7 16 17 12 8 1 2 5 13 
student 538: 10 19 14 9 5 16 2 3 13 12 11 4 18 20 6 7 1 8 17 15 
student 539: 11 18 19 20 4 15 9 6 13 10 7 3 17 14 8 1 5 2 16 12 
student 540: 6 18 12 15 9 20 5 7 10 17 8 1 14 16 11 4 2 3 13 19 
student 541: 4 18 17 3 5 11 10 1 9 13 12 20 14 19 6 8 7 2 15 16 
student 542: 1 19 12 6 3 8 11 2 13 20 7 16 10 18 15 14 5 4 17 9 
student 543: 15 17 3 19 5 6 14 10 2 13 4 8 20 16 1 11 9 7 18 12 
student 544: 12 14 13 10 3 18 5 11 19 20 6 2 17 15 7 16 4 1 8 9 
student 545: 13 19 20 12 8 11 6 1 14 17 16 4 15 18 2 10 7 5 9 3 
student 546: 10 20 13 12 2 11 7 5 14 17 8 1 18 19 9 16 6 4 15 3 
student 547: 12 14 20 5 6 11 15 3 7 10 17 4 16 19 1 18 8 13 9 2 
student 548: 8 17 9 15 3 16 1 7 18 13 10 11 19 20 14 6 2 4 12 5 
student 549: 15 18 14 20 3 12 1 2 6 16 10 5 17 19 7 9 8 4 13 11 
student 550: 1 19 15 5 3 10 12 2 16 11 4 13 17 20 7 9 6 14 18 8 
student 551: 11 15 16 17 1 12 5 4 14 7 8 6 19 20 10 13 3 2 18 9 
student 552: 13 18 4 9 12 17 10 16 14 7 5 3 20 19 11 15 2 1 6 8 
student 553: 12 15 18 11 2 17 10 8 9 7 13 1 14 20 6 4 3 5 19 16 
student 554: 13 17 7 11 5 8 14 4 18 15 6 2 12 20 19 10 3 1 16 9 
student 555: 10 15 14 20 4 13 2 1 16 17 7 3 18 19 6 8 11 5 9 12 
student 556: 16 20 19 11 6 17 14 8 18 10 5 4 7 15 13 9 1 2 3 12 
student 557: 8 16 12 18 9 14 2 7 13 20 10 4 17 19 6 5 11 1 15 3 
student 558: 10 13 17 11 2 15 7 6 16 12 14 5 19 20 3 9 4 1 18 8 
student 559: 15 20 17 10 1 19 2 8 11 16 5 3 12 18 14 6 7 4 13 9 
student 560: 20 17 14 7 6 19 8 1 15 11 2 9 13 16 12 10 4 3 18 5 
student 561: 5 18 19 15 10 12 6 9 7 8 1 13 17 20 2 3 4 11 14 16 
student 562: 10 17 14 8 3 19 9 2 12 15 4 13 18 20 7 11 1 5 16 6 
student 563: 8 10 11 12 13 20 9 7 15 19 1 3 18 17 6 14 2 5 16 4 
student 564: 13 16 15 9 2 17 12 8 5 14 10 3 18 19 1 11 4 6 7 20 
student 565: 13 19 17 8 10 18 4 6 16 12 11 5 15 20 7 2 1 3 9 14 
student 566: 12 20 10 1 3 16 7 2 17 6 13 4 18 14 11 15 5 8 19 9 
student 567: 11 16 14 3 17 13 7 6 5 15 8 4 19 20 9 12 1 2 18 10 
student 568: 2 18 14 13 9 10 3 5 15 19 8 6 12 16 11 7 1 4 17 20 
student 569: 13 18 6 7 10 17 5 3 19 15 8 1 12 20 14 11 4 2 9 16 
student 570: 11 17 7 14 9 19 6 5 15 16 20 4 18 13 10 8 2 1 12 3 
student 571: 12 20 16 15 3 18 5 14 19 10 4 8 7 13 6 2 1 9 17 11 
student 572: 15 12 17 13 10 11 8 7 20 14 3 6 19 18 9 4 1 2 16 5 
student 573: 15 10 19 11 4 16 6 7 18 13 8 2 17 20 12 5 3 1 9 14 
student 574: 18 17 10 9 8 19 14 4 15 13 11 3 16 20 2 5 7 1 12 6 
student 575: 10 19 18 16 7 14 9 3 15 12 8 1 20 17 6 11 2 4 13 5 
student 576: 17 13 19 12 3 20 6 9 18 16 5 2 4 15 11 7 14 1 8 10 
student 577: 17 8 2 12 3 7 18 4 19 13 11 5 15 20 10 14 1 6 16 9 
student 578: 11 19 17 15 5 18 4 8 13 14 7 1 12 20 2 10 3 6 16 9 
student 579: 5 16 13 15 14 18 9 7 17 10 11 3 19 20 2 6 1 4 12 8 
student 580: 16 15 11 6 7 18 2 3 17 14 8 9 19 20 10 13 1 4 12 5 
student 581: 12 20 17 9 6 18 10 8 11 16 1 4 13 19 5 15 2 3 14 7 
student 582: 11 16 9 5 2 17 7 3 8 14 15 6 18 19 12 4 1 10 20 13 
student 583: 5 13 9 11 4 19 15 10 14 18 8 7 17 20 2 12 3 1 16 6 
student 584: 10 20 13 9 8 11 5 3 15 17 4 2 16 19 7 14 12 1 18 6 
student 585: 13 16 14 10 5 20 9 1 12 18 3 2 17 15 6 8 4 7 19 11 
student 586: 7 16 3 15 6 12 10 9 5 20 1 2 18 19 17 13 4 8 14 11 
student 587: 11 19 15 2 9 17 5 7 12 13 6 1 20 18 3 14 8 4 16 10 
student 588: 11 16 18 17 6 10 2 4 14 20 5 13 15 19 8 12 7 1 3 9 
student 589: 11 19 15 10 9 17 8 6 13 14 5 1 16 20 18 2 4 3 12 7 
student 590: 9 17 13 12 6 18 7 5 19 14 3 4 20 15 8 11 2 1 16 10 
student 591: 12 9 8 13 1 20 11 2 7 14 10 3 18 19 5 6 17 4 16 15 
student 592: 7 14 13 2 6 15 4 3 9 16 8 1 18 19 11 10 12 5 17 20 
student 593: 11 16 18 8 17 20 2 1 12 14 3 9 15 13 6 4 7 5 19 10 
student 594: 4 17 11 18 7 14 12 3 8 15 5 10 19 13 16 9 1 2 20 6 
student 595: 5 16 10 14 2 19 3 6 12 13 4 11 20 17 7 15 1 9 18 8 
student 596: 8 19 15 11 9 12 1 7 3 13 16 10 18 20 2 6 4 17 14 5 
student 597: 13 18 10 7 2 14 9 12 6 8 11 5 17 19 16 4 3 1 15 20 
student 598: 20 19 17 16 15 12 4 5 9 10 3 6 11 8 1 7 2 14 18 13 
student 599: 9 16 10 6 5 17 4 8 15 7 11 2 18 20 19 13 1 3 12 14 
student 600: 15 18 14 6 7 19 17 1 8 16 3 4 12 20 13 5 2 10 11 9 
student 601: 7 19 16 6 2 14 4 1 10 12 13 5 17 18 8 20 9 3 15 11 
student 602: 12 17 8 4 5 19 9 1 15 14 7 6 20 18 10 13 3 2 16 11 
student 603: 15 20 7 19 6 18 8 5 9 12 11 4 16 17 3 13 1 2 14 10 
student 604: 12 20 13 14 3 15 8 5 2 17 9 6 18 16 10 11 4 7 19 1 
student 605: 20 13 9 4 8 10 11 2 18 17 5 7 12 16 15 14 6 1 19 3 
student 606: 16 17 20 9 2 14 5 6 15 7 8 4 19 18 12 10 1 3 13 11 
student 607: 10 18 14 13 3 16 4 11 12 19 8 2 17 20 5 9 1 7 15 6 
student 608: 16 12 19 11 1 6 3 7 5 17 8 9 14 15 13 18 2 4 20 10 
student 609: 14 19 9 18 7 12 3 6 15 4 10 8 17 20 1 13 2 5 16 11 
student 610: 9 16 6 14 2 20 1 3 17 12 8 4 10 19 5 11 7 15 13 18 
student 611: 9 19 16 8 1 10 11 6 15 12 18 3 13 17 4 7 2 5 20 14 
student 612: 13 16 14 9 4 17 5 1 12 8 3 20 15 18 6 7 2 10 19 11 
student 613: 15 16 8 9 6 18 3 7 17 13 10 5 19 20 11 2 1 4 14 12 
student 614: 12 19 13 7 2 17 4 3 16 15 6 9 18 20 11 10 5 1 14 8 
student 615: 9 20 17 4 7 19 6 1 15 11 8 18 12 16 13 10 2 3 5 14 
student 616: 13 20 11 5 3 18 8 17 16 10 9 2 19 14 6 15 4 1 12 7 
student 617: 9 18 15 10 4 14 2 5 11 8 7 6 19 20 12 17 3 13 16 1 
student 618: 5 16 14 10 6 17 8 3 13 11 7 4 18 19 9 20 2 1 15 12 
student 619: 12 13 11 10 5 17 2 4 18 15 16 7 20 19 6 14 1 9 8 3 
student 620: 11 12 15 10 6 19 7 13 14 18 8 3 17 16 2 9 1 5 20 4 
student 621: 7 18 15 2 4 16 5 14 12 11 1 10 19 17 6 9 20 3 13 8 
student 622: 10 16 15 7 8 20 1 19 13 12 5 6 9 18 3 17 4 2 14 11 
student 623: 14 18 19 5 3 16 8 7 12 17 1 10 20 9 13 2 4 6 15 11 
student 624: 12 19 17 6 5 8 9 7 13 14 11 4 18 20 1 16 2 3 15 10 
student 625: 15 17 13 12 9 10 6 5 8 14 11 3 20 19 2 7 1 4 16 18 
student 626: 9 15 13 6 7 16 11 1 17 14 2 5 19 20 8 10 3 4 18 12 
student 627: 14 15 17 6 9 16 3 4 1 20 8 11 18 19 5 12 2 10 7 13 
student 628: 4 20 13 2 11 18 10 7 9 16 1 5 19 6 8 12 14 3 15 17 
student 629: 16 18 14 7 10 17 15 1 11 13 12 5 20 19 2 6 4 8 9 3 
student 630: 7 18 13 8 2 16 14 12 9 15 10 1 20 19 11 3 4 5 17 6 
student 631: 14 13 10 7 3 16 12 2 11 17 5 15 20 19 9 4 1 6 18 8 
student 632: 10 18 12 6 5 17 8 3 7 19 13 2 20 15 9 4 1 11 14 16 
student 633: 16 19 10 2 15 6 9 8 17 18 7 1 11 20 4 13 5 3 14 12 
student 634: 11 14 19 12 10 13 9 8 6 3 16 7 18 17 4 20 5 1 15 2 
student 635: 18 13 17 15 4 20 14 10 11 7 3 9 19 16 6 5 2 1 12 8 
student 636: 20 12 13 10 14 19 7 6 15 8 2 1 17 18 11 9 3 5 16 4 
student 637: 11 17 12 9 13 10 4 1 15 19 14 5 18 20 6 8 3 2 16 7 
student 638: 20 13 17 5 2 12 1 6 19 15 3 9 14 18 4 16 7 8 11 10 
student 639: 19 11 15 7 17 8 12 10 6 18 5 2 13 16 14 4 1 3 20 9 
student 640: 17 19 13 12 6 15 10 4 8 9 5 3 14 20 7 18 1 2 16 11 
student 641: 16 8 20 6 4 18 9 7 13 17 2 3 15 12 14 11 1 10 19 5 
student 642: 10 19 16 12 8 18 11 4 13 7 3 5 17 20 14 9 1 6 15 2 
student 643: 13 17 10 1 4 14 2 7 11 8 3 6 19 12 20 15 5 18 9 16 
student 644: 15 16 10 20 8 12 3 6 13 18 2 5 11 17 14 4 1 9 19 7 
student 645: 11 17 8 15 1 18 4 2 7 16 5 19 14 20 3 10 6 9 12 13 
student 646: 13 14 15 12 6 18 5 2 8 20 3 7 17 19 10 11 1 4 16 9 
student 647: 16 19 12 11 9 17 1 8 5 20 10 4 13 15 6 2 7 3 14 18 
student 648: 15 19 10 18 4 16 8 5 13 11 6 3 17 20 12 7 1 2 9 14 
student 649: 20 12 16 7 5 11 10 4 14 15 8 3 19 6 9 18 2 1 13 17 
student 650: 8 19 13 10 14 20 11 5 16 17 7 3 12 18 6 2 1 4 15 9 
student 651: 19 12 8 13 11 17 7 6 9 16 4 2 14 18 3 15 1 10 20 5 
student 652: 7 12 13 10 2 15 3 14 11 18 1 8 19 16 9 17 6 5 20 4 
student 653: 7 14 13 11 12 18 5 1 8 17 4 2 15 19 16 10 3 6 20 9 
student 654: 7 20 15 6 12 18 10 9 17 11 3 5 19 14 4 8 2 1 13 16 
student 655: 11 17 14 6 1 8 5 20 18 9 2 4 19 16 7 13 3 12 15 10 
student 656: 18 14 8 9 7 19 11 1 17 12 5 2 13 20 10 16 3 6 15 4 
student 657: 14 18 19 16 4 20 5 8 15 13 7 2 12 17 6 10 1 3 11 9 
student 658: 19 20 14 10 1 13 7 9 15 18 8 2 17 12 3 11 4 5 16 6 
student 659: 16 18 8 13 6 19 11 10 15 4 7 5 9 20 14 17 2 1 12 3 
student 660: 18 17 14 13 5 16 6 7 8 11 20 4 19 15 9 10 1 3 12 2 
student 661: 15 18 19 7 16 11 4 1 8 13 12 9 17 20 6 10 5 2 14 3 
student 662: 13 20 18 9 11 19 14 3 16 15 2 8 10 17 1 7 6 4 5 12 
student 663: 18 20 16 13 6 11 1 7 10 14 5 9 17 19 3 8 2 4 12 15 
student 664: 12 20 16 17 2 10 8 5 14 19 7 3 15 13 4 11 6 1 18 9 
student 665: 14 20 13 12 3 18 5 4 16 9 10 6 15 19 7 11 1 2 17 8 
student 666: 15 11 18 17 9 16 12 3 7 8 14 2 13 19 4 6 5 1 20 10 
student 667: 8 19 10 9 4 20 1 3 13 14 6 12 18 17 7 16 2 5 15 11 
student 668: 10 19 17 13 3 15 4 2 14 18 8 5 9 16 6 11 1 7 20 12 
student 669: 10 14 19 12 9 18 11 7 8 15 4 3 20 16 5 13 2 1 17 6 
student 670: 9 7 5 4 8 12 10 14 16 15 11 3 18 20 19 13 1 2 17 6 
student 671: 15 12 16 13 5 17 9 3 14 18 7 1 19 20 4 11 2 6 10 8 
student 672: 13 20 19 15 7 16 2 3 9 18 5 10 11 17 4 6 8 1 14 12 
student 673: 9 8 14 15 11 12 13 5 20 16 3 7 19 18 1 6 10 4 17 2 
student 674: 11 5 13 16 7 19 4 9 15 18 3 1 20 10 12 14 2 6 17 8 
student 675: 10 14 19 17 7 1 6 3 11 18 8 4 20 15 16 9 5 2 12 13 
student 676: 13 14 10 20 1 2 9 7 8 6 12 4 19 16 15 18 5 3 11 17 
student 677: 14 15 19 9 3 18 4 10 16 17 7 2 13 20 8 5 6 1 12 11 
student 678: 14 19 13 11 5 12 3 10 16 7 6 15 18 20 2 9 1 4 17 8 
student 679: 10 20 17 6 7 19 11 5 12 15 8 4 16 14 3 9 1 2 18 13 
student 680: 18 16 17 12 5 15 9 8 13 14 10 4 19 20 1 3 7 2 11 6 
student 681: 15 17 19 8 6 20 3 1 18 11 9 12 16 14 4 5 2 7 13 10 
student 682: 4 20 13 14 5 7 16 3 12 17 8 9 18 19 6 11 1 2 15 10 
student 683: 10 17 8 16 6 19 9 3 20 11 12 1 13 18 14 7 4 2 15 5 
student 684: 15 18 3 11 4 17 5 7 12 8 9 1 13 19 2 14 10 6 20 16 
student 685: 8 19 14 12 5 10 9 6 16 13 7 3 15 20 17 11 2 1 18 4 
student 686: 19 18 17 13 1 16 8 2 11 15 7 4 12 20 14 6 3 5 9 10 
student 687: 10 18 16 12 9 19 4 5 14 6 11 3 17 20 1 15 7 2 13 8 
student 688: 11 18 10 17 2 16 5 4 20 13 6 1 14 19 8 15 3 7 9 12 
student 689: 13 19 5 18 1 11 2 4 15 17 12 10 16 20 3 9 8 7 14 6 
student 690: 7 15 11 14 1 16 4 3 13 18 6 2 17 19 9 12 8 5 20 10 
student 691: 14 18 19 11 3 12 13 9 10 16 7 4 17 20 8 6 5 2 15 1 
student 692: 13 19 14 8 11 15 1 3 18 9 7 4 16 20 6 12 2 5 17 10 
student 693: 6 13 18 14 5 16 2 3 12 15 7 4 19 20 9 11 1 8 17 10 
student 694: 20 16 6 15 11 12 9 3 19 18 8 5 14 17 4 7 2 1 10 13 
student 695: 11 15 12 14 2 16 6 1 10 19 8 4 18 17 9 7 5 3 20 13 
student 696: 12 16 15 14 8 20 10 2 18 4 13 6 9 19 1 11 7 3 17 5 
student 697: 10 20 18 9 6 16 13 7 12 14 8 5 19 17 1 11 2 4 15 3 
student 698: 19 15 11 3 9 10 8 1 6 12 17 5 20 18 14 7 4 2 13 16 
student 699: 19 16 13 14 11 12 15 3 7 17 6 1 18 20 4 10 5 2 8 9 
student 700: 15 16 17 8 6 19 9 4 12 14 1 7 18 20 3 11 5 2 10 13 
student 701: 12 19 18 8 10 16 6 5 13 14 3 2 17 20 4 9 1 7 15 11 
student 702: 19 20 18 11 10 15 8 7 13 9 1 3 16 5 12 4 6 2 14 17 
student 703: 20 15 10 9 5 18 13 4 7 11 8 1 17 19 12 14 3 2 6 16 
student 704: 6 19 14 11 3 9 10 8 15 12 7 4 13 20 2 18 5 1 17 16 
student 705: 16 14 11 17 5 18 4 3 15 9 10 6 13 20 2 8 7 1 19 12 
student 706: 7 19 8 14 3 18 11 5 15 13 9 1 10 17 6 12 2 4 20 16 
student 707: 17 15 10 16 9 11 2 1 20 19 4 7 13 12 5 18 3 6 8 14 
student 708: 15 12 14 13 3 17 11 6 20 16 2 1 7 19 10 8 4 5 9 18 
student 709: 4 7 17 12 1 20 3 13 15 18 9 2 16 14 6 10 5 8 19 11 
student 710: 12 14 20 7 5 15 4 8 6 13 10 1 19 16 11 18 2 17 9 3 
student 711: 12 14 17 20 9 7 6 1 8 18 10 3 19 15 13 4 5 2 16 11 
student 712: 7 20 15 3 9 16 2 6 10 5 11 4 17 18 14 13 8 1 19 12 
student 713: 13 16 12 11 4 20 10 9 5 14 7 3 15 19 17 1 6 2 18 8 
student 714: 17 19 11 12 3 13 18 2 14 5 7 6 16 20 9 4 1 10 15 8 
student 715: 9 12 6 15 5 16 7 1 10 14 8 4 13 18 11 19 3 2 20 17 
student 716: 14 20 12 17 5 11 6 4 9 13 8 2 19 7 10 15 1 3 18 16 
student 717: 14 19 16 10 7 18 1 15 12 11 4 8 17 20 3 13 2 5 9 6 
student 718: 16 15 12 4 10 9 1 8 19 7 3 5 13 20 14 17 2 6 18 11 
student 719: 13 19 16 17 9 15 2 5 10 12 6 8 20 14 1 11 4 3 18 7 
student 720: 13 18 16 12 7 19 10 9 3 14 8 4 17 20 6 11 5 2 15 1 
student 721: 20 16 11 13 1 14 7 5 10 8 3 6 15 19 12 18 2 4 17 9 
student 722: 12 13 15 11 4 19 5 6 20 16 9 8 14 18 17 3 2 7 10 1 
student 723: 9 3 19 17 4 18 7 8 12 11 10 1 20 14 16 6 2 5 15 13 
student 724: 13 20 14 7 2 15 4 6 16 17 11 9 18 19 5 8 1 3 10 12 
student 725: 7 17 13 15 5 14 2 9 19 12 3 10 4 20 8 11 1 6 18 16 
student 726: 16 20 17 4 7 13 8 6 12 18 2 9 14 15 11 3 5 1 19 10 
student 727: 16 20 12 10 8 19 6 4 5 17 7 3 13 18 9 11 1 2 15 14 
student 728: 6 16 10 18 7 11 3 9 5 17 14 1 15 13 20 12 4 2 19 8 
student 729: 8 19 15 3 1 20 16 11 17 6 9 7 2 12 13 4 10 5 18 14 
student 730: 12 18 8 14 7 16 9 4 15 3 13 2 20 10 19 6 1 5 17 11 
student 731: 14 17 19 1 5 11 16 15 18 4 8 7 10 12 9 3 6 2 20 13 
student 732: 11 15 13 12 4 17 5 6 18 14 7 3 9 16 8 10 2 1 20 19 
student 733: 11 15 20 3 12 16 6 1 13 2 5 10 19 14 7 18 4 9 17 8 
student 734: 11 19 12 13 6 18 4 10 16 17 8 3 14 20 9 5 2 1 15 7 
student 735: 11 18 16 9 6 12 10 3 20 19 8 1 15 17 14 5 7 2 13 4 
student 736: 6 20 5 3 2 16 11 10 13 14 9 4 8 17 18 12 1 7 19 15 
student 737: 17 20 12 7 5 19 8 2 9 3 13 6 16 14 10 15 4 1 18 11 
student 738: 5 19 15 14 1 11 8 4 18 12 6 3 17 20 10 7 13 2 16 9 
student 739: 13 17 19 12 9 15 5 4 11 14 2 1 16 20 7 8 6 3 10 18 
student 740: 7 1 8 14 11 17 9 6 13 16 12 3 20 19 2 15 10 5 18 4 
student 741: 19 12 15 9 8 18 2 3 11 13 5 6 17 20 7 14 1 4 16 10 
student 742: 14 20 16 5 7 15 2 11 3 10 13 6 18 19 17 9 4 1 12 8 
student 743: 11 17 15 12 1 16 5 2 14 13 3 4 19 20 7 9 6 8 18 10 
student 744: 8 15 13 16 5 19 3 9 17 14 1 4 20 18 6 7 10 2 11 12 
student 745: 13 17 8 14 3 15 6 5 20 11 10 1 16 19 7 9 2 4 18 12 
student 746: 16 20 9 7 3 14 10 2 8 17 11 6 12 19 5 18 1 4 13 15 
student 747: 17 20 13 6 7 16 3 5 14 9 10 11 15 18 2 12 4 1 19 8 
student 748: 6 18 1 12 20 14 3 5 16 9 10 4 19 17 7 8 13 2 11 15 
student 749: 17 15 18 8 1 19 6 7 12 11 3 4 16 20 10 9 2 5 14 13 
student 750: 9 20 5 11 14 19 4 2 10 18 3 6 7 15 12 17 1 8 16 13 
student 751: 13 15 18 12 8 14 11 4 17 9 2 10 19 20 1 3 6 7 16 5 
student 752: 8 18 13 12 6 15 2 3 14 16 9 5 20 19 11 17 4 1 10 7 
student 753: 18 8 13 11 5 19 2 7 14 17 9 3 20 15 12 4 6 1 16 10 
student 754: 11 18 16 6 12 19 1 4 13 9 2 15 14 20 8 7 10 3 17 5 
student 755: 17 20 18 14 4 16 2 1 11 13 3 15 19 12 10 8 7 5 9 6 
student 756: 19 10 16 3 5 18 11 4 14 12 6 13 20 17 9 7 1 2 15 8 
student 757: 14 20 18 9 1 16 2 4 11 13 6 8 15 19 12 7 5 3 17 10 
student 758: 6 14 20 19 3 16 1 5 8 11 7 2 18 17 10 9 15 4 12 13 
student 759: 20 15 16 6 7 10 5 8 19 12 2 9 17 14 13 4 3 1 18 11 
student 760: 7 20 19 8 4 16 13 3 10 14 5 1 17 12 15 11 6 2 18 9 
student 761: 15 7 14 9 6 17 3 2 16 19 5 1 18 20 4 13 8 12 11 10 
student 762: 11 16 15 14 6 12 1 5 13 20 7 9 18 17 8 2 4 3 19 10 
student 763: 8 18 15 16 2 19 4 9 7 3 11 13 17 20 10 14 1 5 6 12 
student 764: 11 18 17 16 3 13 6 5 7 19 9 1 15 20 10 8 4 2 12 14 
student 765: 10 19 13 18 5 15 7 12 8 9 16 1 17 20 11 14 3 4 6 2 
student 766: 16 20 15 13 10 18 3 7 14 12 6 5 19 17 8 4 1 2 9 11 
student 767: 15 20 14 11 5 16 6 8 10 13 4 1 18 19 7 9 2 3 17 12 
student 768: 13 20 6 17 4 16 10 1 11 15 8 9 18 19 3 7 5 2 14 12 
student 769: 11 20 14 4 6 18 8 5 16 13 10 7 17 19 1 12 2 3 9 15 
student 770: 18 17 10 9 3 20 4 8 16 12 2 11 14 19 7 5 1 6 15 13 
student 771: 1 20 14 11 3 15 4 13 16 12 17 9 10 19 5 8 2 6 18 7 
student 772: 8 19 5 12 4 20 3 11 17 9 2 6 16 18 15 10 1 13 14 7 
student 773: 12 20 6 15 9 16 3 1 13 14 10 5 17 19 7 8 11 2 18 4 
student 774: 9 16 19 8 2 20 4 3 13 15 7 18 14 17 5 11 1 10 12 6 
student 775: 13 11 17 16 6 18 2 5 10 14 8 3 20 19 15 7 1 4 12 9 
student 776: 5 11 17 13 2 18 8 4 19 12 7 6 10 14 15 16 3 1 20 9 
student 777: 16 19 9 12 6 15 8 13 10 17 7 3 20 18 5 11 2 1 14 4 
student 778: 8 19 11 6 3 12 13 10 14 16 4 7 17 15 5 18 1 2 20 9 
student 779: 10 20 11 8 5 16 9 6 14 4 12 1 17 19 7 18 2 3 13 15 
student 780: 19 2 17 9 4 16 8 15 10 12 7 1 13 18 11 14 6 3 20 5 
student 781: 1 20 18 17 3 19 13 11 5 14 7 10 15 16 4 12 8 2 9 6 
student 782: 16 13 14 1 11 20 8 7 19 12 9 6 10 17 15 4 5 2 18 3 
student 783: 10 16 15 7 9 20 4 3 11 18 13 6 19 14 12 5 2 1 17 8 
student 784: 7 20 6 10 4 18 5 1 11 16 17 2 19 8 9 15 3 12 13 14 
student 785: 7 14 15 19 1 13 4 6 9 20 2 3 8 16 5 17 11 10 18 12 
student 786: 14 10 15 11 3 19 9 12 8 17 5 1 16 20 6 13 7 2 18 4 
student 787: 12 15 16 11 9 14 2 5 18 4 8 3 19 20 1 17 7 6 13 10 
student 788: 8 16 19 14 12 10 2 9 15 11 13 4 18 20 6 5 1 3 17 7 
student 789: 15 16 11 9 4 18 7 1 6 14 13 8 17 20 12 3 2 5 19 10 
student 790: 7 19 13 17 11 15 4 3 14 18 9 12 16 20 6 5 10 1 8 2 
student 791: 7 13 14 11 10 18 12 15 16 8 4 3 19 20 2 5 6 1 17 9 
student 792: 13 16 12 11 9 17 8 2 18 19 7 3 15 20 4 5 1 6 14 10 
student 793: 16 18 15 4 8 17 14 3 6 9 7 5 10 19 11 13 1 12 20 2 
student 794: 17 20 11 14 10 8 12 5 15 9 1 7 16 19 6 18 2 4 13 3 
student 795: 8 20 17 19 3 12 5 11 15 13 9 7 18 10 4 14 1 2 16 6 
student 796: 10 13 15 11 14 19 9 7 5 17 12 2 18 20 4 8 6 1 16 3 
student 797: 13 18 14 16 1 19 5 2 15 11 4 8 20 12 9 7 3 6 17 10 
student 798: 12 15 14 13 1 11 3 7 9 18 6 10 19 17 2 16 8 4 20 5 
student 799: 12 10 18 13 1 15 11 4 14 17 6 5 19 20 7 8 2 3 16 9 
