student 0: 10 17 2 4 18 6 1 15 3 13 8 14 20 16 12 5 19 11 9 7 
student 1: 11 16 1 3 19 5 4 14 2 9 18 13 17 12 20 7 15 6 10 8 
student 2: 5 16 6 4 17 3 7 18 1 11 20 8 13 19 14 9 15 10 12 2 
student 3: 6 13 2 5 17 3 1 19 4 7 20 11 18 14 10 9 8 12 15 16 
student 4: 15 12 2 8 17 10 1 18 6 19 4 16 14 11 9 5 20 13 3 7 
student 5: 19 14 8 1 20 5 2 13 3 7 11 9 18 17 12 4 15 16 6 10 
student 6: 15 17 9 12 18 7 1 6 2 16 14 8 13 20 19 5 11 3 10 4 
student 7: 6 18 7 1 20 2 3 14 5 13 17 9 16 19 15 11 8 4 10 12 
student 8: 11 18 8 1 20 5 2 12 3 9 14 7 16 15 17 4 13 10 19 6 
student 9: 14 15 9 1 16 3 2 11 4 13 17 10 19 20 18 5 12 7 8 6 
student 10: 7 11 20 14 4 5 3 12 1 17 13 19 9 16 18 2 15 6 10 8 
student 11: 13 20 7 5 18 4 11 19 3 15 8 9 16 12 17 1 14 10 6 2 
student 12: 6 15 11 12 16 8 1 20 4 14 13 10 17 18 19 9 7 3 5 2 
student 13: 10 13 1 7 20 8 4 16 5 12 6 9 19 18 15 3 17 14 11 2 
student 14: 13 15 7 4 17 5 1 11 3 16 6 9 19 20 18 2 14 10 8 12 
student 15: 8 19 2 7 14 4 3 13 10 18 15 5 20 11 16 6 12 1 9 17 
student 16: 18 20 7 1 9 4 2 11 3 12 14 15 16 13 19 5 17 10 8 6 
student 17: 18 20 8 5 15 2 9 14 1 6 13 7 19 17 16 3 12 11 10 4 
student 18: 17 15 10 2 19 7 6 9 8 12 4 16 13 14 20 5 18 11 1 3 
student 19: 16 15 3 11 19 7 8 13 1 4 17 14 20 18 10 2 5 9 12 6 
student 20: 11 16 1 3 17 7 2 13 6 12 10 18 15 19 14 5 9 20 4 8 
student 21: 6 15 1 11 18 4 3 13 9 20 14 10 12 17 16 2 19 5 8 7 
student 22: 13 14 8 7 19 10 4 9 1 12 11 2 20 17 18 3 5 16 15 6 
student 23: 15 17 10 7 14 5 2 18 1 4 16 13 19 8 20 3 9 12 6 11 
student 24: 13 17 6 5 15 7 8 16 2 19 11 10 18 20 3 1 14 12 9 4 
student 25: 17 13 1 5 14 7 2 15 3 10 12 18 20 19 8 9 16 11 4 6 
student 26: 4 16 3 11 17 1 8 18 5 15 2 10 20 6 19 9 14 13 12 7 
student 27: 7 11 5 3 19 8 2 17 4 12 14 15 18 9 16 1 20 10 13 6 
student 28: 11 14 10 8 20 3 1 5 2 15 7 4 13 18 19 6 16 17 9 12 
student 29: 19 15 12 13 14 3 1 16 10 9 5 7 18 17 20 4 11 6 8 2 
student 30: 9 15 18 7 20 5 1 19 11 8 10 6 16 12 17 2 13 4 3 14 
student 31: 18 13 8 2 16 5 1 11 6 12 10 7 14 20 19 4 17 3 15 9 
student 32: 14 16 18 5 12 9 1 11 7 8 6 13 19 17 20 4 15 10 2 3 
student 33: 12 18 15 13 19 8 9 3 1 10 11 16 20 2 17 5 14 6 7 4 
student 34: 3 18 1 12 19 13 10 16 6 20 11 9 15 17 14 2 7 8 5 4 
student 35: 18 11 7 5 20 2 13 19 10 15 14 6 12 16 8 1 17 3 9 4 
student 36: 16 14 8 5 11 1 2 12 6 10 7 18 19 13 17 4 20 3 9 15 
student 37: 14 19 8 6 13 11 9 10 3 16 12 7 15 20 18 2 17 5 4 1 
student 38: 3 15 10 6 2 9 8 12 4 14 13 5 19 18 17 1 20 16 11 7 
student 39: 11 18 5 4 19 7 2 8 1 12 14 13 17 9 20 6 16 15 10 3 
student 40: 15 16 3 8 7 6 4 14 10 12 9 20 18 17 19 1 2 11 5 13 
student 41: 18 8 3 1 19 20 2 13 9 14 11 7 16 17 12 4 15 10 6 5 
student 42: 20 16 2 1 14 5 4 17 12 9 10 8 13 19 18 3 11 7 6 15 
student 43: 13 9 8 6 20 7 1 15 2 12 11 18 19 16 17 4 10 14 3 5 
student 44: 12 10 11 6 19 1 7 14 2 15 13 9 17 18 20 3 16 8 5 4 
student 45: 20 11 8 4 17 1 7 14 5 2 10 15 19 16 18 6 12 3 9 13 
student 46: 12 19 3 14 20 2 7 8 4 9 10 15 16 17 11 5 18 1 13 6 
student 47: 17 14 4 3 16 1 8 11 5 10 2 15 18 20 12 9 13 6 19 7 
student 48: 14 16 11 9 18 19 1 12 6 15 10 8 20 13 3 4 17 7 2 5 
student 49: 8 16 9 1 11 3 2 15 4 13 14 12 19 18 17 5 20 6 10 7 
student 50: 6 13 8 4 16 7 3 11 2 15 9 19 18 17 14 1 20 10 12 5 
student 51: 13 11 3 6 16 8 1 18 2 17 4 10 19 15 20 5 14 12 9 7 
student 52: 12 16 18 1 10 8 7 9 3 15 19 11 20 14 17 2 6 5 13 4 
student 53: 15 10 12 7 19 11 1 16 4 13 8 2 18 14 20 3 17 9 5 6 
student 54: 15 18 14 4 13 1 12 3 2 9 11 10 19 20 17 5 7 8 16 6 
student 55: 18 8 16 7 19 11 1 20 2 4 10 12 14 15 17 6 9 13 3 5 
student 56: 19 4 3 1 15 7 6 17 18 12 10 16 20 13 14 2 11 9 8 5 
student 57: 6 3 2 9 17 5 8 13 7 20 18 4 19 11 10 1 15 12 16 14 
student 58: 11 18 9 3 20 8 1 12 2 10 15 6 17 19 16 4 13 7 5 14 
student 59: 11 15 9 3 13 2 4 17 7 8 5 12 14 16 19 10 20 6 1 18 
student 60: 11 15 10 2 16 9 1 17 8 12 14 13 18 19 20 5 7 4 6 3 
student 61: 14 17 10 1 18 5 2 16 3 8 19 9 12 13 11 4 15 6 7 20 
student 62: 3 16 8 7 17 10 1 6 2 9 13 18 15 12 19 11 14 20 4 5 
student 63: 13 18 5 3 20 10 1 9 4 8 11 2 19 17 12 6 7 16 15 14 
student 64: 17 16 3 6 19 1 2 7 4 14 9 11 12 20 18 8 13 15 10 5 
student 65: 18 15 14 4 16 2 1 17 13 12 8 6 19 20 10 9 11 7 5 3 
student 66: 7 17 1 8 19 3 6 12 5 13 9 14 20 18 16 2 15 10 4 11 
student 67: 9 13 1 11 19 4 2 14 3 15 5 10 20 16 17 8 12 18 7 6 
student 68: 12 10 8 14 9 1 2 7 6 16 11 17 20 19 3 5 18 4 15 13 
student 69: 18 8 1 6 16 10 3 12 5 11 14 17 20 19 13 4 9 2 7 15 
student 70: 20 8 5 12 17 7 3 13 2 15 9 18 19 14 16 10 11 6 1 4 
student 71: 17 18 4 12 19 2 8 10 6 9 14 11 15 20 13 1 16 5 7 3 
student 72: 15 8 4 9 18 6 5 11 12 10 3 14 20 13 17 2 16 7 19 1 
student 73: 12 18 10 3 11 6 1 8 2 14 15 9 20 17 19 5 16 13 7 4 
student 74: 17 14 7 5 20 4 2 13 1 8 15 9 16 12 18 3 19 6 10 11 
student 75: 16 20 3 10 19 1 8 14 4 12 15 13 17 18 9 2 7 6 11 5 
student 76: 7 15 6 8 18 3 4 12 1 13 16 14 20 19 5 2 17 11 10 9 
student 77: 13 18 9 2 20 6 5 10 3 4 12 7 17 19 11 14 15 8 16 1 
student 78: 12 15 4 9 19 7 3 13 5 6 10 18 14 20 17 2 16 8 11 1 
student 79: 11 20 9 2 19 7 1 17 5 12 6 13 16 14 18 8 15 3 4 10 
student 80: 17 16 6 2 12 8 11 10 7 20 5 15 18 19 14 3 9 4 13 1 
student 81: 18 16 5 3 20 13 1 12 2 4 8 17 11 15 19 6 14 10 9 7 
student 82: 6 8 9 12 15 1 2 18 4 3 5 14 20 13 19 10 17 11 7 16 
student 83: 7 18 13 5 15 6 1 8 3 12 11 16 20 9 4 2 19 14 17 10 
student 84: 1 20 2 12 11 8 5 9 6 18 17 10 19 14 13 4 16 7 15 3 
student 85: 15 11 8 1 19 6 9 7 2 17 12 5 18 14 20 4 13 10 16 3 
student 86: 20 16 7 5 14 11 4 15 3 12 10 17 13 9 19 2 18 6 8 1 
student 87: 12 13 5 1 20 4 2 14 18 16 9 10 11 15 19 3 17 7 8 6 
student 88: 12 16 9 1 20 11 4 14 2 7 6 15 13 18 17 8 19 5 10 3 
student 89: 14 16 13 2 20 3 4 10 1 7 18 6 19 17 15 9 12 11 8 5 
student 90: 20 19 1 2 18 6 11 16 4 13 15 10 14 7 17 5 12 9 3 8 
student 91: 13 20 5 4 16 11 3 18 6 19 14 10 7 17 12 9 2 15 8 1 
student 92: 16 14 10 3 18 9 7 4 2 12 15 6 20 17 5 1 19 13 11 8 
student 93: 16 10 9 4 20 2 3 6 1 18 11 14 12 19 13 7 17 15 5 8 
student 94: 13 19 14 4 20 5 2 12 10 9 11 7 17 15 16 3 18 1 8 6 
student 95: 14 16 4 2 17 7 1 15 3 9 13 11 20 19 10 6 18 8 5 12 
student 96: 16 17 9 6 20 10 3 14 1 19 4 2 18 12 15 5 8 13 11 7 
student 97: 11 13 6 4 17 1 2 14 3 9 12 20 19 15 10 5 18 16 7 8 
student 98: 16 20 15 4 7 12 3 17 10 14 13 6 18 9 19 2 8 11 5 1 
student 99: 11 19 15 1 14 2 5 8 10 16 9 12 20 17 3 4 13 18 7 6 
student 100: 10 13 8 12 20 1 2 18 5 16 14 11 19 6 17 3 15 4 9 7 
student 101: 11 12 8 1 13 3 7 17 4 14 10 6 19 15 18 2 16 20 5 9 
student 102: 15 14 3 1 8 5 2 16 10 20 7 11 18 13 19 4 17 9 12 6 
student 103: 16 5 3 18 4 13 2 20 9 11 12 8 15 19 14 6 17 1 7 10 
student 104: 9 20 10 1 15 4 14 17 12 11 8 7 19 6 18 2 5 3 13 16 
student 105: 16 3 13 5 11 6 2 18 1 9 17 15 14 20 19 8 12 7 10 4 
student 106: 20 3 9 2 17 5 10 11 1 12 18 13 19 16 15 4 14 7 8 6 
student 107: 8 17 7 9 16 6 4 15 3 10 14 5 18 19 20 1 12 2 13 11 
student 108: 12 20 4 5 16 15 1 3 7 13 17 9 18 19 10 2 14 11 8 6 
student 109: 15 20 1 9 14 3 2 13 18 8 6 11 16 17 7 4 19 12 5 10 
student 110: 6 5 13 9 19 1 3 8 2 7 17 12 20 16 15 4 18 11 14 10 
student 111: 20 11 5 3 19 9 1 10 4 6 7 17 15 14 18 2 13 16 8 12 
student 112: 10 20 2 8 19 6 9 15 1 16 3 14 17 18 12 7 13 5 11 4 
student 113: 14 19 3 1 16 2 7 13 5 9 15 8 18 20 17 11 12 10 6 4 
student 114: 20 13 12 4 15 5 8 7 2 14 19 6 17 11 16 1 18 3 9 10 
student 115: 6 14 1 10 17 13 3 20 15 7 12 8 18 16 19 2 11 9 4 5 
student 116: 19 12 2 5 9 6 1 13 4 14 10 7 20 16 18 11 17 15 3 8 
student 117: 8 11 16 3 13 7 2 9 4 20 10 18 19 15 17 14 12 1 5 6 
student 118: 20 17 6 4 18 16 5 19 1 12 14 10 15 11 2 7 13 9 3 8 
student 119: 16 8 6 10 18 1 2 17 7 12 14 4 19 20 13 5 15 11 3 9 
student 120: 6 11 5 17 10 8 7 13 2 18 14 16 20 15 19 1 12 9 3 4 
student 121: 8 13 12 11 19 4 7 16 1 10 9 14 15 17 20 2 18 6 3 5 
student 122: 17 9 8 3 19 6 2 11 4 13 16 15 20 12 18 1 14 10 5 7 
student 123: 16 18 1 2 20 5 10 15 6 13 14 12 7 19 17 3 8 11 9 4 
student 124: 12 17 2 4 18 6 1 13 5 14 9 11 20 16 3 7 19 8 10 15 
student 125: 10 11 4 8 19 3 1 15 2 9 6 16 17 5 20 7 18 13 12 14 
student 126: 18 17 8 2 11 15 4 6 1 13 20 14 16 9 19 3 12 7 10 5 
student 127: 18 7 9 3 20 6 5 10 2 17 13 12 19 14 16 1 11 4 15 8 
student 128: 19 13 6 5 20 11 9 17 1 10 4 2 15 8 16 3 18 14 7 12 
student 129: 8 15 4 5 20 6 7 11 3 9 13 18 16 19 17 1 14 12 10 2 
student 130: 15 17 3 5 11 10 2 12 4 13 14 7 1 19 20 6 18 16 8 9 
student 131: 14 15 10 7 19 3 8 13 1 12 9 6 16 17 20 4 18 11 5 2 
student 132: 14 10 13 5 20 4 3 17 9 15 11 6 12 18 19 1 16 8 2 7 
student 133: 8 12 6 11 13 4 2 10 1 20 9 16 17 14 19 3 18 7 15 5 
student 134: 6 17 4 3 20 16 5 11 2 12 15 10 19 14 18 8 13 1 7 9 
student 135: 11 13 5 4 20 9 3 16 7 10 2 14 19 18 12 1 15 8 17 6 
student 136: 13 11 6 3 15 1 4 20 8 18 10 16 17 14 19 2 12 7 5 9 
student 137: 12 16 9 4 19 2 1 14 5 10 13 8 15 18 20 3 17 7 11 6 
student 138: 10 12 5 4 14 6 1 3 9 13 17 11 16 19 20 15 18 2 7 8 
student 139: 17 11 9 1 15 8 2 19 5 13 7 12 10 18 16 3 14 4 20 6 
student 140: 17 10 6 4 20 5 3 14 1 19 12 11 16 15 18 8 2 9 13 7 
student 141: 17 15 2 5 8 6 1 19 3 12 9 14 20 16 18 10 13 4 7 11 
student 142: 10 14 7 1 16 8 4 11 5 19 17 18 13 12 15 9 20 3 2 6 
student 143: 20 18 13 7 11 3 1 16 2 5 8 12 15 14 17 4 19 10 9 6 
student 144: 13 19 5 10 16 1 2 14 3 6 12 20 18 7 17 9 15 11 8 4 
student 145: 3 18 7 13 19 1 6 9 2 14 15 8 17 12 20 10 11 4 16 5 
student 146: 7 15 13 5 18 4 3 12 6 1 17 11 20 10 16 2 19 9 14 8 
student 147: 9 11 7 1 17 4 2 14 5 20 8 19 16 15 12 3 18 13 10 6 
student 148: 9 19 8 3 20 1 2 10 4 14 13 18 17 16 12 5 11 7 6 15 
student 149: 9 15 3 1 16 7 2 13 6 8 4 20 19 12 11 14 18 5 10 17 
student 150: 8 19 4 6 10 9 3 14 7 16 15 11 18 20 13 2 17 12 1 5 
student 151: 8 16 7 1 19 6 3 11 4 13 10 2 18 17 15 5 14 20 12 9 
student 152: 17 14 7 9 19 2 3 16 1 12 11 20 13 8 15 6 18 4 10 5 
student 153: 11 16 4 8 20 10 5 17 1 13 12 7 19 15 14 3 18 6 9 2 
student 154: 4 10 11 6 18 1 7 14 5 13 17 12 20 9 19 2 15 16 8 3 
student 155: 11 14 8 6 12 16 2 17 1 13 9 19 20 7 18 5 15 10 4 3 
student 156: 15 20 14 8 18 7 4 19 11 13 6 2 10 9 16 3 17 5 1 12 
student 157: 5 8 2 7 14 6 3 12 4 18 13 15 20 11 10 1 19 17 9 16 
student 158: 19 16 6 10 20 1 9 13 2 12 7 11 14 15 17 8 18 5 4 3 
student 159: 13 11 4 2 18 1 5 14 8 10 16 12 17 15 20 3 19 9 7 6 
student 160: 3 11 4 6 17 13 2 10 1 20 12 14 18 15 16 9 19 7 5 8 
student 161: 11 16 2 5 17 9 4 10 1 14 15 13 20 19 18 6 12 8 7 3 
student 162: 9 15 5 3 20 4 1 14 2 12 10 16 18 13 17 7 19 11 6 8 
student 163: 8 15 1 6 14 9 3 13 2 19 7 5 20 17 16 4 18 12 10 11 
student 164: 19 13 8 9 16 11 4 3 2 12 14 10 20 18 17 5 6 15 1 7 
student 165: 7 8 6 11 17 1 3 18 4 10 20 13 19 16 14 5 15 9 12 2 
student 166: 15 8 5 6 20 4 2 13 3 17 14 9 18 7 16 1 11 12 19 10 
student 167: 5 16 4 8 20 9 1 14 6 10 13 12 19 18 15 3 17 2 7 11 
student 168: 13 16 4 10 18 1 5 20 7 12 11 6 9 17 15 2 19 3 14 8 
student 169: 10 14 2 13 18 17 16 20 3 6 11 15 19 12 8 1 4 7 9 5 
student 170: 20 17 5 8 19 7 1 13 2 11 10 3 18 14 16 4 12 15 6 9 
student 171: 5 16 3 2 8 10 6 18 7 17 15 13 9 19 14 1 20 12 11 4 
student 172: 8 10 19 1 15 2 3 20 4 14 11 5 16 13 17 7 12 6 18 9 
student 173: 8 9 13 16 20 3 1 19 2 10 15 5 17 7 18 4 11 14 6 12 
student 174: 2 19 16 5 13 11 6 10 4 12 9 3 17 20 14 8 18 1 7 15 
student 175: 3 15 7 12 18 1 9 13 4 8 11 5 19 16 14 6 20 17 2 10 
student 176: 9 8 16 5 19 14 1 11 3 20 10 15 17 12 18 4 13 7 2 6 
student 177: 10 14 9 7 18 4 2 15 1 12 5 11 20 13 19 16 17 3 8 6 
student 178: 5 13 11 4 20 6 1 14 2 12 10 9 19 15 16 3 17 18 7 8 
student 179: 10 13 8 5 18 3 7 2 1 16 20 15 19 14 17 6 11 9 12 4 
student 180: 7 16 10 5 15 8 3 12 1 14 2 4 20 17 13 6 19 18 11 9 
student 181: 16 18 1 12 20 10 2 11 3 15 9 13 4 19 17 7 14 8 6 5 
student 182: 7 13 17 5 10 9 3 16 1 19 12 11 18 14 8 4 20 2 15 6 
student 183: 16 17 8 2 19 6 4 10 3 14 9 5 20 13 18 1 15 11 7 12 
student 184: 17 20 8 1 14 7 3 19 2 12 9 6 15 11 18 5 13 10 16 4 
student 185: 12 7 8 4 19 9 1 16 3 6 15 11 17 14 20 2 13 18 10 5 
student 186: 9 14 5 11 20 4 7 17 1 15 10 12 19 16 3 2 18 6 8 13 
student 187: 15 20 2 5 13 4 1 7 3 16 12 8 19 17 18 6 10 11 9 14 
student 188: 8 19 14 5 15 7 1 17 3 12 10 18 20 11 13 2 16 6 4 9 
student 189: 15 19 5 1 14 6 16 9 2 12 7 10 20 17 11 4 18 3 13 8 
student 190: 13 14 2 3 17 7 6 12 20 11 10 5 16 19 15 4 9 1 18 8 
student 191: 12 18 5 8 15 13 1 7 2 16 10 11 19 17 14 3 20 6 4 9 
student 192: 17 9 8 2 19 12 7 15 1 14 6 10 13 20 5 4 18 16 11 3 
student 193: 19 15 16 11 14 6 3 12 1 10 5 17 18 13 4 7 9 20 8 2 
student 194: 9 10 8 4 20 1 2 16 5 6 15 7 19 17 18 11 14 3 12 13 
student 195: 19 8 11 4 13 6 2 17 7 16 14 15 10 20 3 9 18 12 1 5 
student 196: 12 17 5 3 19 1 8 13 2 9 7 16 20 15 10 4 18 14 6 11 
student 197: 16 12 11 2 19 6 4 20 1 5 14 10 18 17 15 9 13 7 3 8 
student 198: 11 19 10 6 15 1 2 9 5 13 16 3 12 18 20 4 17 14 8 7 
student 199: 17 19 8 2 20 6 1 9 5 13 14 4 18 16 12 3 11 15 7 10 
student 200: 3 15 1 8 19 5 6 16 12 13 14 9 20 17 18 2 11 4 10 7 
student 201: 4 13 9 6 18 14 2 19 1 3 10 15 20 16 12 8 11 7 5 17 
student 202: 9 13 5 1 17 4 2 7 14 19 6 12 20 18 15 3 16 8 10 11 
student 203: 11 17 9 5 20 4 1 14 2 19 10 7 18 6 15 8 13 16 3 12 
student 204: 14 13 6 1 18 5 2 19 9 16 7 3 11 17 15 4 20 12 8 10 
student 205: 14 20 11 12 4 10 2 16 6 7 1 9 19 17 18 3 15 13 8 5 
student 206: 16 14 2 1 11 9 7 15 4 12 6 10 20 19 13 17 18 3 8 5 
student 207: 7 15 6 14 10 3 2 13 1 11 5 9 19 16 20 12 18 8 17 4 
student 208: 9 18 12 13 19 6 5 10 3 17 8 7 16 20 15 1 11 4 14 2 
student 209: 15 17 6 5 7 4 1 20 2 8 16 13 18 14 12 3 19 11 10 9 
student 210: 15 17 1 5 12 8 3 16 7 2 6 14 20 18 11 4 10 19 13 9 
student 211: 7 15 2 8 18 4 6 12 1 11 5 14 20 16 19 9 13 10 17 3 
student 212: 8 17 5 3 20 4 1 11 2 19 6 13 16 18 15 9 12 14 10 7 
student 213: 9 15 7 4 14 5 6 13 8 16 19 1 17 20 12 3 11 2 10 18 
student 214: 5 16 2 4 19 13 11 8 7 14 15 6 20 9 18 3 17 12 10 1 
student 215: 13 10 2 9 19 7 1 5 6 14 18 12 20 16 15 4 17 11 3 8 
student 216: 13 15 2 5 20 7 1 16 4 12 9 11 18 14 19 6 17 8 3 10 
student 217: 20 19 2 3 16 17 8 15 1 13 11 10 14 6 7 4 18 9 12 5 
student 218: 16 14 7 3 19 11 4 20 1 15 6 9 18 17 13 5 10 2 8 12 
student 219: 12 18 4 6 19 7 2 16 3 13 11 9 20 14 17 1 15 10 8 5 
student 220: 12 15 3 4 13 2 7 10 5 20 18 8 16 14 19 1 17 11 9 6 
student 221: 11 12 8 3 18 5 1 19 7 17 14 9 16 20 15 10 13 6 2 4 
student 222: 12 18 2 7 19 3 8 17 1 13 9 4 16 15 14 6 20 5 11 10 
student 223: 15 12 9 2 14 6 4 7 1 20 13 10 19 16 18 3 8 17 11 5 
student 224: 10 13 14 2 15 5 1 11 9 19 8 6 18 20 7 4 17 12 3 16 
student 225: 9 13 8 7 14 5 1 6 10 17 4 12 20 19 18 3 16 11 15 2 
student 226: 15 17 12 9 16 4 7 20 2 8 6 14 19 10 18 1 11 5 13 3 
student 227: 19 10 7 13 18 15 2 5 1 4 17 11 12 16 20 3 14 8 6 9 
student 228: 6 13 7 1 19 8 2 16 9 17 11 10 18 14 20 5 15 12 4 3 
student 229: 13 16 10 9 15 4 1 12 2 8 11 7 20 17 19 6 18 14 5 3 
student 230: 3 15 7 2 19 6 4 10 5 9 12 11 18 20 17 1 16 14 13 8 
student 231: 14 10 7 12 4 6 1 9 3 15 19 8 18 20 16 5 17 13 11 2 
student 232: 9 10 5 7 16 14 3 17 6 15 8 4 19 12 18 1 20 13 11 2 
student 233: 10 16 8 11 17 7 2 15 1 18 12 9 19 14 13 3 20 5 6 4 
student 234: 10 12 13 2 16 15 7 5 4 20 9 3 17 11 14 6 19 8 1 18 
student 235: 11 12 9 2 16 6 3 10 4 14 8 13 20 18 15 1 17 5 19 7 
student 236: 6 15 1 4 14 11 2 9 3 13 17 19 18 10 20 5 12 16 8 7 
student 237: 16 13 2 5 17 1 14 3 4 15 12 8 20 19 18 6 7 10 9 11 
student 238: 10 17 3 5 18 13 1 16 11 20 9 19 15 4 14 8 12 6 2 7 
student 239: 13 14 4 8 17 3 2 9 1 16 10 11 20 19 18 12 15 7 6 5 
student 240: 15 19 13 6 20 3 4 17 1 9 16 5 18 11 12 2 7 8 10 14 
student 241: 8 17 9 3 16 7 2 12 5 14 11 6 19 20 15 10 18 4 13 1 
student 242: 14 19 16 7 20 6 5 13 4 17 10 9 15 3 12 2 18 11 1 8 
student 243: 14 9 20 6 17 4 3 19 2 15 10 7 18 16 13 8 12 5 11 1 
student 244: 8 12 5 7 15 6 1 17 4 16 2 10 18 20 19 3 11 13 14 9 
student 245: 7 10 8 1 17 6 4 11 3 19 13 12 20 9 18 2 15 16 14 5 
student 246: 17 18 3 7 10 6 4 13 1 9 15 12 20 11 19 2 14 16 5 8 
student 247: 5 20 18 6 10 1 3 4 13 12 16 11 15 9 8 14 19 7 2 17 
student 248: 17 12 1 5 13 2 6 18 4 15 11 9 20 7 14 3 16 10 19 8 
student 249: 16 9 2 5 17 12 3 11 4 6 8 19 15 18 13 14 20 7 10 1 
student 250: 13 12 9 7 20 5 1 19 3 16 10 4 17 15 18 6 14 11 8 2 
student 251: 15 8 7 6 16 4 1 14 3 20 12 13 19 18 10 5 17 11 2 9 
student 252: 8 15 10 1 19 6 9 12 3 11 16 2 20 17 14 5 18 13 7 4 
student 253: 10 15 16 11 2 3 1 9 4 20 5 17 12 19 8 7 18 14 6 13 
student 254: 11 9 3 2 15 10 7 17 4 16 12 6 19 8 20 1 18 14 5 13 
student 255: 12 14 17 3 18 5 7 6 11 2 4 13 16 19 20 8 15 9 1 10 
student 256: 12 5 7 6 4 3 1 10 2 20 15 8 11 18 19 16 17 14 13 9 
student 257: 4 12 15 8 13 6 2 18 10 11 7 9 14 20 17 1 19 16 3 5 
student 258: 10 12 6 7 14 11 4 13 2 20 1 5 17 16 3 8 15 9 19 18 
student 259: 8 18 3 13 19 11 4 15 2 14 12 9 10 20 17 5 16 1 6 7 
student 260: 9 18 10 6 11 7 5 17 2 16 14 8 15 13 20 4 19 1 3 12 
student 261: 8 19 5 6 18 2 1 14 7 11 10 13 20 16 17 3 15 4 9 12 
student 262: 3 8 11 14 10 5 2 20 6 9 12 13 18 19 15 4 17 7 1 16 
student 263: 13 20 4 11 18 15 1 16 5 12 7 10 8 19 14 3 17 6 2 9 
student 264: 11 15 1 8 14 9 2 18 10 7 4 6 17 19 20 3 16 13 12 5 
student 265: 17 13 10 5 9 7 3 11 1 19 18 8 20 15 14 2 16 12 6 4 
student 266: 16 11 7 4 14 3 5 20 1 19 13 12 18 17 15 6 9 8 10 2 
student 267: 11 6 10 3 14 1 2 19 5 13 15 9 18 12 17 16 20 7 8 4 
student 268: 10 16 14 2 19 3 1 8 11 9 7 15 17 12 13 4 20 6 18 5 
student 269: 12 19 10 7 18 5 1 14 4 13 11 3 15 20 17 2 16 6 9 8 
student 270: 10 13 17 12 15 16 4 11 1 14 2 20 19 18 7 3 5 8 9 6 
student 271: 20 12 4 10 11 5 1 19 3 13 8 9 14 15 18 16 17 7 6 2 
student 272: 5 17 3 1 14 4 9 11 2 15 12 16 20 19 10 7 18 6 8 13 
student 273: 12 8 7 4 15 1 3 14 5 19 13 16 20 18 17 2 10 11 9 6 
student 274: 12 19 3 7 18 10 4 9 11 14 13 5 16 15 17 2 20 1 6 8 
student 275: 9 19 5 1 20 10 7 15 12 11 14 6 18 13 16 4 17 2 3 8 
student 276: 18 14 9 2 11 3 5 4 7 17 15 13 6 16 12 1 20 19 8 10 
student 277: 11 12 3 9 19 5 2 13 1 18 14 20 16 8 7 4 17 6 10 15 
student 278: 18 14 15 3 20 8 6 7 2 11 4 17 13 19 9 1 16 5 10 12 
student 279: 6 9 11 5 18 14 1 16 8 17 10 13 20 15 19 2 12 4 3 7 
student 280: 19 13 8 4 20 7 1 14 2 15 11 3 18 12 17 9 6 10 5 16 
student 281: 6 7 11 2 15 8 9 18 1 5 16 3 19 20 14 12 17 4 13 10 
student 282: 14 7 11 2 16 13 1 12 3 19 6 18 20 9 17 4 15 5 8 10 
student 283: 14 10 4 5 17 9 1 18 3 15 12 2 16 19 20 7 13 8 11 6 
student 284: 10 9 7 8 17 2 1 14 5 18 15 16 12 20 13 6 19 11 3 4 
student 285: 7 2 17 6 16 4 5 13 3 11 14 12 20 18 19 1 15 10 9 8 
student 286: 10 11 7 5 16 1 4 18 13 12 6 17 15 14 20 3 19 8 9 2 
student 287: 19 17 4 2 20 11 3 16 1 9 12 8 14 15 13 6 7 5 18 10 
student 288: 9 15 11 3 19 2 7 14 17 10 13 8 18 16 5 4 20 12 6 1 
student 289: 13 20 6 1 16 5 4 12 8 18 7 10 17 19 14 2 15 3 11 9 
student 290: 17 13 12 10 15 4 3 19 2 14 9 8 18 20 11 7 16 5 6 1 
student 291: 13 12 9 15 2 8 1 18 4 16 14 5 20 19 11 3 17 7 6 10 
student 292: 11 16 8 6 20 5 1 17 2 12 7 15 18 19 9 3 13 10 14 4 
student 293: 11 13 3 4 15 9 2 16 5 10 7 8 18 20 19 1 12 14 6 17 
student 294: 20 16 13 3 19 4 2 1 5 9 14 10 18 12 15 8 17 7 6 11 
student 295: 12 19 9 1 14 3 2 16 4 15 8 10 18 17 20 6 13 5 11 7 
student 296: 10 17 7 4 20 8 5 12 6 16 11 9 14 19 13 3 15 1 2 18 
student 297: 6 12 9 20 19 2 5 4 7 13 3 16 15 18 17 1 14 11 10 8 
student 298: 15 8 2 11 19 12 3 10 1 16 5 13 20 18 17 6 14 7 9 4 
student 299: 3 17 10 14 12 7 4 16 1 15 13 9 6 20 19 2 18 8 5 11 
student 300: 11 10 8 3 13 9 1 4 2 18 14 15 20 17 12 5 19 7 16 6 
student 301: 16 17 1 2 7 5 8 19 3 15 13 12 14 20 18 11 10 4 9 6 
student 302: 12 14 4 9 16 2 3 17 1 13 11 10 18 19 7 20 15 5 6 8 
student 303: 15 10 8 13 19 5 9 20 1 7 16 4 12 17 18 3 6 11 2 14 
student 304: 15 19 3 7 17 6 4 16 1 14 9 5 18 13 20 2 10 12 11 8 
student 305: 12 20 2 16 5 7 6 1 3 14 4 10 17 11 18 8 19 15 9 13 
student 306: 4 12 2 9 16 8 1 11 5 13 14 19 17 18 20 3 10 15 7 6 
student 307: 11 13 2 19 20 10 3 15 5 14 12 9 17 16 18 4 8 6 1 7 
student 308: 11 16 4 8 15 6 1 17 5 19 14 12 20 18 13 3 9 7 10 2 
student 309: 13 8 7 3 4 6 5 15 1 17 14 10 18 19 20 9 2 16 11 12 
student 310: 15 9 6 3 14 4 5 11 1 18 16 10 13 19 20 2 12 8 7 17 
student 311: 16 20 7 6 4 2 1 10 12 14 15 8 11 18 19 5 17 3 13 9 
student 312: 7 13 4 2 9 11 8 14 3 16 18 10 19 20 17 1 15 12 6 5 
student 313: 14 16 3 6 17 1 7 13 4 10 2 9 19 18 20 5 15 12 8 11 
student 314: 5 15 9 3 14 2 6 10 16 13 11 7 18 20 17 1 19 8 12 4 
student 315: 20 15 4 5 16 6 7 9 3 2 13 11 12 17 19 1 14 10 18 8 
student 316: 8 17 6 5 20 3 2 7 10 18 16 11 15 14 19 1 12 9 13 4 
student 317: 6 20 5 4 19 3 2 16 10 8 11 12 18 14 15 1 17 13 7 9 
student 318: 9 14 1 4 15 7 5 10 2 11 8 12 19 18 17 3 20 6 16 13 
student 319: 15 16 9 8 18 10 2 5 7 13 4 11 19 17 14 1 20 12 3 6 
student 320: 15 16 14 1 17 8 3 11 5 19 13 9 18 20 12 6 10 4 2 7 
student 321: 10 19 4 7 18 6 1 15 5 9 14 11 20 17 16 3 13 8 12 2 
student 322: 9 12 5 8 19 6 11 18 2 17 13 10 16 20 15 4 14 7 3 1 
student 323: 13 15 5 4 20 6 2 14 1 10 11 9 18 19 12 3 17 16 7 8 
student 324: 11 16 9 7 14 4 2 5 8 15 13 12 19 17 18 3 20 10 6 1 
student 325: 5 12 7 13 18 2 1 14 10 11 6 9 20 19 17 4 15 8 16 3 
student 326: 9 17 12 1 18 8 2 10 3 14 11 6 19 15 16 5 20 13 4 7 
student 327: 17 6 4 2 18 8 7 12 3 14 5 10 16 20 19 11 15 9 13 1 
student 328: 18 12 11 1 19 4 2 10 5 9 8 17 16 14 13 3 15 7 20 6 
student 329: 7 18 10 9 19 1 2 11 5 13 3 6 12 16 17 14 20 4 8 15 
student 330: 13 15 12 10 18 5 2 14 7 6 11 3 20 17 19 1 16 9 4 8 
student 331: 11 8 13 1 19 9 3 15 2 17 5 12 16 20 18 6 14 7 10 4 
student 332: 9 16 10 1 19 3 2 13 4 12 5 11 20 14 17 7 18 8 15 6 
student 333: 12 15 2 3 17 7 1 6 5 18 13 10 20 14 19 8 16 4 11 9 
student 334: 9 14 5 1 20 3 15 11 4 6 12 8 19 17 18 16 13 7 10 2 
student 335: 3 16 2 5 7 4 6 17 10 13 20 12 19 11 14 1 15 18 9 8 
student 336: 9 12 7 15 17 5 4 18 1 14 13 2 16 19 11 6 20 8 10 3 
student 337: 8 13 10 6 17 5 4 14 1 18 9 11 19 20 16 2 15 7 3 12 
student 338: 12 18 7 5 19 1 2 6 10 17 3 11 20 13 16 4 14 9 8 15 
student 339: 11 14 1 3 13 5 4 12 16 9 18 10 20 17 19 2 8 15 7 6 
student 340: 18 13 2 3 19 5 4 16 1 14 6 8 17 20 9 7 15 12 11 10 
student 341: 15 12 8 4 19 2 3 17 1 14 9 7 20 13 18 10 16 6 11 5 
student 342: 14 5 8 1 16 11 2 10 3 15 9 6 20 19 12 4 17 13 18 7 
student 343: 7 16 9 3 18 12 5 15 1 14 10 8 20 19 11 6 17 2 4 13 
student 344: 17 19 9 8 20 5 3 16 1 13 11 4 18 14 15 2 10 7 6 12 
student 345: 15 16 7 4 18 1 9 13 2 12 14 11 10 20 17 3 19 6 8 5 
student 346: 17 18 8 9 20 6 1 15 2 11 4 12 16 19 7 14 10 13 5 3 
student 347: 9 17 1 7 19 13 8 15 3 12 11 10 18 16 20 4 14 6 5 2 
student 348: 9 13 6 2 19 1 7 10 5 15 4 14 18 20 17 8 16 3 11 12 
student 349: 7 4 9 1 20 2 5 8 3 13 6 16 11 17 14 12 10 15 19 18 
student 350: 9 16 3 5 20 7 13 15 2 12 1 10 19 18 17 4 14 8 11 6 
student 351: 15 13 11 6 19 1 4 14 3 9 17 10 18 20 16 2 12 5 8 7 
student 352: 3 8 10 15 20 4 6 17 1 16 13 12 11 19 14 9 18 2 7 5 
student 353: 8 20 2 4 19 7 13 11 3 9 18 10 17 14 12 1 6 16 15 5 
student 354: 12 17 10 8 18 6 3 9 1 14 7 2 19 20 15 4 5 13 16 11 
student 355: 17 18 7 5 19 2 8 16 1 12 9 6 20 15 14 4 13 3 11 10 
student 356: 18 14 8 1 15 4 3 10 6 5 9 17 16 20 13 2 19 12 7 11 
student 357: 1 10 3 9 19 6 5 15 8 13 7 4 17 12 18 20 16 14 11 2 
student 358: 11 7 14 17 19 10 2 16 1 20 12 8 18 13 4 6 5 9 15 3 
student 359: 11 16 5 7 20 6 4 15 2 9 18 12 19 14 13 1 17 10 8 3 
student 360: 2 18 7 10 16 6 5 17 3 8 13 12 19 15 9 1 14 11 4 20 
student 361: 6 15 9 1 20 13 8 5 2 14 17 16 10 18 19 7 12 11 3 4 
student 362: 13 16 3 4 17 12 2 14 1 7 8 5 19 20 11 10 18 9 6 15 
student 363: 14 13 3 9 20 1 2 12 7 17 6 5 18 15 19 8 16 10 4 11 
student 364: 10 20 6 3 17 4 1 14 5 16 13 11 19 12 15 2 18 9 7 8 
student 365: 19 16 11 8 15 2 4 9 1 20 7 18 12 14 13 5 17 10 3 6 
student 366: 18 17 14 3 19 7 2 6 1 16 12 11 13 20 9 4 15 8 5 10 
student 367: 17 15 9 2 16 7 6 13 1 12 10 11 20 18 19 3 14 5 4 8 
student 368: 12 11 9 7 18 2 3 19 1 5 13 8 20 14 15 6 17 4 16 10 
student 369: 18 15 3 2 20 16 6 11 1 8 7 5 10 19 17 14 13 9 4 12 
student 370: 10 11 2 9 15 8 1 20 3 13 5 19 18 17 16 4 14 12 7 6 
student 371: 18 16 5 7 15 8 2 3 1 17 14 10 19 20 13 4 12 11 9 6 
student 372: 16 12 6 1 11 7 5 9 17 8 10 15 20 19 18 4 14 13 3 2 
student 373: 6 19 9 1 18 16 2 14 4 10 8 15 12 20 7 5 17 13 11 3 
student 374: 14 8 7 1 18 6 10 13 2 17 3 11 16 15 19 5 20 4 9 12 
student 375: 9 19 1 5 15 7 2 11 3 17 10 16 14 18 20 8 12 6 4 13 
student 376: 9 18 10 4 14 5 1 12 3 20 8 7 15 13 11 17 19 2 16 6 
student 377: 12 20 5 13 19 9 3 15 4 6 2 17 7 10 16 14 18 8 11 1 
student 378: 8 18 3 10 20 4 1 15 2 11 17 5 14 19 12 7 16 9 6 13 
student 379: 10 17 6 14 13 3 2 8 7 9 12 4 15 18 16 20 5 1 19 11 
student 380: 14 17 6 3 19 4 10 15 1 12 5 11 20 16 18 2 8 13 9 7 
student 381: 11 8 7 6 14 2 1 15 9 16 10 13 19 20 18 3 12 4 17 5 
student 382: 9 14 7 5 20 3 2 12 4 17 6 10 18 15 8 1 19 13 11 16 
student 383: 17 18 10 3 16 1 2 13 5 14 7 15 19 20 12 6 11 9 4 8 
student 384: 14 11 7 5 20 6 4 12 1 16 10 15 18 19 8 13 17 3 9 2 
student 385: 4 16 2 9 20 11 7 6 8 15 14 10 18 19 13 1 17 5 12 3 
student 386: 9 17 6 2 15 8 4 12 3 13 11 7 19 18 20 1 16 14 5 10 
student 387: 8 13 15 3 19 4 2 11 6 14 7 18 20 16 17 1 10 12 9 5 
student 388: 7 16 12 2 17 14 5 10 1 9 18 20 15 19 13 4 11 6 3 8 
student 389: 10 12 5 2 18 6 8 14 1 11 16 7 19 20 15 13 17 9 4 3 
student 390: 12 20 8 5 7 6 2 15 3 13 14 10 17 16 19 4 18 1 9 11 
student 391: 12 18 8 1 19 7 9 16 5 14 10 11 13 17 15 2 20 6 4 3 
student 392: 12 11 4 7 20 10 5 13 6 14 2 1 18 19 15 3 17 9 8 16 
student 393: 10 15 7 9 14 3 1 16 2 13 12 6 19 17 18 11 20 5 4 8 
student 394: 17 12 6 1 20 3 7 19 2 18 10 9 16 13 15 5 11 4 14 8 
student 395: 16 13 8 6 17 10 12 9 1 2 19 14 20 15 18 4 3 5 11 7 
student 396: 12 9 15 5 17 2 1 18 6 19 10 7 20 14 11 3 16 4 13 8 
student 397: 11 16 15 1 17 8 5 13 2 14 3 10 19 20 12 6 18 4 7 9 
student 398: 20 19 4 2 18 1 9 16 3 14 6 7 17 15 12 10 13 8 11 5 
student 399: 11 6 8 9 17 16 7 19 1 13 5 15 20 14 12 3 18 10 2 4 
student 400: 12 15 4 1 18 7 3 11 16 14 9 13 20 19 17 2 10 6 8 5 
student 401: 19 17 10 8 11 7 3 14 2 9 6 13 18 20 16 4 15 1 12 5 
student 402: 12 19 9 5 17 4 1 15 3 16 6 13 20 14 8 2 18 10 7 11 
student 403: 12 11 7 5 14 10 2 17 1 19 18 15 16 20 8 6 13 9 4 3 
student 404: 8 6 14 4 19 7 3 20 2 13 11 9 15 12 18 1 17 16 10 5 
student 405: 4 15 16 2 18 12 5 13 3 11 8 6 20 17 14 1 9 19 10 7 
student 406: 15 20 1 10 18 3 4 14 2 8 12 9 13 17 19 5 16 7 6 11 
student 407: 15 17 14 5 13 4 2 18 3 10 9 8 19 20 11 7 16 12 1 6 
student 408: 18 13 7 6 14 5 4 16 2 19 9 12 17 20 15 1 10 3 8 11 
student 409: 6 16 4 8 19 7 1 17 3 12 14 2 20 18 15 5 13 10 11 9 
student 410: 12 19 3 5 16 7 1 15 2 8 13 11 10 14 18 9 20 6 4 17 
student 411: 9 10 19 3 20 5 1 13 2 12 6 7 17 14 16 4 15 8 11 18 
student 412: 14 18 1 7 20 4 3 10 5 16 13 19 17 11 15 2 8 9 12 6 
student 413: 19 12 5 7 20 2 4 18 6 10 14 9 15 13 17 3 16 1 11 8 
student 414: 12 13 3 5 18 6 4 19 8 9 1 15 10 16 20 2 17 14 7 11 
student 415: 13 20 4 7 15 3 5 12 2 18 10 8 17 19 9 1 16 14 11 6 
student 416: 15 18 6 8 16 5 1 13 2 14 11 10 19 17 20 3 9 7 4 12 
student 417: 8 9 12 7 15 2 3 17 14 13 10 5 18 19 20 6 16 11 4 1 
student 418: 11 7 5 8 16 18 3 15 4 12 14 6 20 13 19 1 17 10 9 2 
student 419: 12 11 7 4 18 2 3 5 10 19 20 9 17 16 14 1 13 6 15 8 
student 420: 14 13 5 4 10 6 1 11 3 15 9 7 20 19 17 8 12 2 18 16 
student 421: 16 10 19 7 18 15 3 17 6 14 4 8 20 12 13 2 11 1 9 5 
student 422: 11 13 5 2 18 8 3 16 19 20 6 10 7 14 17 4 15 12 1 9 
student 423: 13 11 4 3 20 7 6 15 9 12 8 17 19 18 16 5 14 10 2 1 
student 424: 17 8 20 2 18 5 4 10 1 11 12 3 19 14 13 6 16 15 9 7 
student 425: 11 13 7 14 17 3 2 10 1 4 16 8 18 15 20 6 19 9 12 5 
student 426: 12 15 6 5 19 7 1 13 2 8 17 11 18 4 16 14 20 10 9 3 
student 427: 11 15 8 3 17 2 16 13 1 6 9 12 20 14 19 4 18 10 5 7 
student 428: 11 9 10 8 7 3 5 19 2 4 16 14 18 20 12 6 17 13 1 15 
student 429: 10 16 6 5 17 7 4 15 1 8 20 13 18 12 19 3 14 11 2 9 
student 430: 4 19 20 2 18 9 5 13 3 11 15 7 16 17 12 6 14 10 1 8 
student 431: 12 15 13 2 20 5 4 10 1 17 3 9 18 19 14 7 16 8 11 6 
student 432: 8 18 3 6 12 2 5 10 1 13 15 7 20 16 17 4 11 19 9 14 
student 433: 16 12 8 2 11 6 3 17 4 10 14 9 19 20 18 1 15 13 7 5 
student 434: 11 3 9 4 18 2 1 15 5 12 13 16 20 19 14 7 17 8 6 10 
student 435: 6 1 12 3 15 9 2 13 4 16 8 7 18 20 17 5 19 14 10 11 
student 436: 6 17 8 1 20 12 2 15 4 16 10 11 14 19 13 5 18 9 7 3 
student 437: 12 15 8 13 18 3 1 9 7 6 17 11 20 16 14 4 19 10 5 2 
student 438: 15 13 4 7 14 1 2 10 3 19 12 9 20 17 18 16 11 6 8 5 
student 439: 12 15 14 1 19 4 2 13 3 11 7 16 18 9 20 5 17 8 6 10 
student 440: 14 9 5 6 17 4 2 12 3 10 13 7 18 19 20 16 15 8 11 1 
student 441: 8 20 9 5 19 6 1 15 3 7 11 2 18 13 16 4 17 12 10 14 
student 442: 7 17 10 4 16 9 19 14 1 13 11 6 18 20 12 3 15 2 8 5 
student 443: 7 18 11 6 10 9 1 8 3 16 14 4 20 19 17 5 15 13 12 2 
student 444: 5 20 8 6 17 7 4 14 3 11 12 9 19 16 18 1 15 2 10 13 
student 445: 13 4 10 3 20 11 2 18 5 15 12 9 19 17 14 6 16 7 8 1 
student 446: 9 10 3 5 11 12 2 7 1 13 6 17 16 18 20 8 19 4 15 14 
student 447: 9 19 6 3 16 4 1 18 2 15 7 12 14 20 17 5 13 10 11 8 
student 448: 10 15 11 1 16 12 3 8 5 7 6 13 17 19 20 2 18 4 14 9 
student 449: 19 15 5 3 20 4 12 10 9 7 11 1 17 13 18 2 16 14 6 8 
student 450: 13 18 6 2 19 8 1 10 4 7 17 15 20 16 11 3 5 14 9 12 
student 451: 12 14 11 1 17 5 9 7 4 13 10 15 19 20 16 2 18 8 6 3 
student 452: 17 8 2 6 12 3 1 16 4 10 19 14 20 18 9 13 15 11 7 5 
student 453: 12 14 8 1 15 10 2 19 7 17 9 13 20 11 18 3 16 4 6 5 
student 454: 18 16 3 2 17 8 4 14 1 5 13 10 15 19 20 9 12 11 6 7 
student 455: 17 16 5 3 20 8 1 7 11 12 9 6 14 15 10 4 13 18 19 2 
student 456: 15 16 4 7 17 12 3 9 10 18 6 13 20 2 19 11 14 1 8 5 
student 457: 13 12 1 5 20 6 3 11 2 9 18 16 15 17 8 7 19 4 10 14 
student 458: 14 20 1 7 18 16 2 15 4 11 9 10 17 19 13 3 12 6 5 8 
student 459: 9 15 4 10 16 6 3 14 1 12 7 8 20 17 19 2 18 11 13 5 
student 460: 3 11 4 7 10 8 1 19 5 9 14 13 20 18 17 2 16 15 12 6 
student 461: 2 12 7 4 11 6 13 19 9 18 14 8 16 17 15 1 20 10 3 5 
student 462: 14 9 8 6 20 5 1 13 2 10 19 4 15 16 18 3 17 12 7 11 
student 463: 13 20 5 6 16 9 4 7 2 11 12 14 18 15 19 3 17 10 1 8 
student 464: 16 11 13 4 9 15 3 12 6 5 2 19 18 20 17 1 14 8 7 10 
student 465: 15 16 13 7 18 5 1 14 4 12 6 10 20 11 19 2 17 9 8 3 
student 466: 15 9 7 13 20 4 2 14 5 3 11 12 16 19 18 1 10 8 17 6 
student 467: 15 14 12 5 17 7 1 19 6 10 4 9 18 20 13 3 16 8 2 11 
student 468: 9 14 8 3 17 4 5 12 1 16 13 2 18 19 15 6 20 11 7 10 
student 469: 15 16 11 3 19 5 6 13 1 8 14 7 17 20 10 2 18 9 12 4 
student 470: 18 19 1 5 17 6 7 9 2 10 11 12 13 14 15 4 20 3 16 8 
student 471: 13 10 6 9 19 12 2 7 3 15 16 11 8 20 18 1 17 14 5 4 
student 472: 9 13 7 14 18 8 1 12 2 15 11 5 20 10 19 6 16 17 4 3 
student 473: 14 16 12 9 18 2 1 8 4 11 17 3 20 15 13 5 19 10 7 6 
student 474: 8 7 18 5 16 6 4 10 1 13 12 14 20 15 19 2 17 3 9 11 
student 475: 18 8 10 12 19 3 9 13 1 11 7 4 17 20 14 2 16 6 15 5 
student 476: 13 18 11 4 15 7 8 16 9 10 17 5 14 20 19 1 12 2 3 6 
student 477: 5 19 7 16 20 3 2 9 1 15 14 18 17 11 13 8 12 4 10 6 
student 478: 4 1 3 9 14 2 6 5 8 17 19 12 18 20 16 7 15 11 10 13 
student 479: 9 11 4 10 14 2 3 16 1 17 6 5 15 19 20 8 18 13 12 7 
student 480: 17 9 3 7 14 10 4 5 2 13 12 8 19 15 20 1 18 16 6 11 
student 481: 7 14 4 2 18 6 3 15 1 20 10 11 19 16 17 8 13 12 9 5 
student 482: 11 20 2 5 15 10 6 16 1 17 7 3 12 19 18 8 9 13 4 14 
student 483: 5 16 9 7 20 4 2 1 3 19 12 14 17 15 18 6 11 13 8 10 
student 484: 16 13 1 3 7 12 11 17 6 10 8 14 19 20 15 2 18 4 9 5 
student 485: 11 19 8 4 20 6 1 17 3 15 9 13 16 14 18 2 7 10 5 12 
student 486: 18 12 8 10 11 7 1 15 6 16 5 14 19 17 9 3 20 13 4 2 
student 487: 10 11 3 4 6 12 8 17 9 15 5 13 16 14 18 1 19 20 2 7 
student 488: 15 13 3 1 9 17 7 6 12 8 4 11 16 20 18 2 19 10 14 5 
student 489: 19 14 11 7 18 5 4 20 12 9 8 13 17 15 16 6 1 3 10 2 
student 490: 14 13 5 4 15 6 2 18 3 9 12 11 19 10 17 8 20 1 16 7 
student 491: 4 19 9 3 17 1 7 18 6 15 11 10 20 8 13 16 14 12 5 2 
student 492: 16 9 1 5 12 10 3 8 15 11 20 7 17 18 19 6 14 13 2 4 
student 493: 9 14 15 8 19 5 3 10 1 11 17 13 20 18 16 4 12 6 2 7 
student 494: 10 6 1 7 17 3 12 16 4 14 13 9 20 15 19 2 18 11 8 5 
student 495: 12 20 8 3 14 6 4 9 5 10 11 17 15 19 18 1 16 13 7 2 
student 496: 3 12 10 7 16 1 2 8 4 19 14 9 18 20 15 6 17 11 13 5 
student 497: 4 15 8 6 19 7 1 13 3 12 11 20 16 14 17 5 18 2 10 9 
student 498: 10 18 5 4 19 15 2 13 1 11 9 6 20 14 16 8 17 3 12 7 
student 499: 13 18 15 3 20 2 1 5 12 6 4 7 17 14 19 9 16 11 10 8 
student 500: 18 8 14 4 12 1 6 16 13 15 11 3 20 19 10 9 17 7 2 5 
student 501: 9 17 11 5 20 8 3 2 10 16 4 7 18 6 15 1 19 12 14 13 
student 502: 11 16 7 8 20 5 2 15 3 12 13 18 17 19 9 4 6 10 14 1 
student 503: 14 13 1 2 18 6 4 9 11 15 12 8 20 16 19 3 17 7 5 10 
student 504: 12 15 8 2 17 10 4 18 1 16 13 5 20 7 19 3 14 11 6 9 
student 505: 10 13 19 7 14 11 1 15 2 18 8 5 12 17 20 6 16 4 3 9 
student 506: 11 18 2 7 15 8 1 16 3 13 10 4 19 12 17 6 14 20 9 5 
student 507: 2 18 7 5 13 4 1 15 11 9 12 6 16 19 20 3 10 17 8 14 
student 508: 8 14 10 4 12 6 3 11 1 13 5 16 20 19 17 2 18 15 9 7 
student 509: 13 17 10 7 16 11 1 8 2 6 12 14 20 18 15 3 19 4 9 5 
student 510: 13 16 9 4 14 7 3 11 1 10 20 8 19 18 5 2 17 15 12 6 
student 511: 12 14 6 3 17 2 1 9 5 18 4 13 16 10 19 11 20 15 8 7 
student 512: 11 17 6 8 10 4 5 16 1 13 7 3 19 20 14 2 18 15 9 12 
student 513: 15 8 10 6 17 7 4 14 2 20 9 5 18 19 13 1 12 16 11 3 
student 514: 20 4 5 9 18 3 2 7 11 19 15 12 14 16 17 6 13 10 1 8 
student 515: 10 17 8 1 16 5 2 4 13 12 15 20 19 11 7 3 18 14 9 6 
student 516: 12 16 8 10 15 11 6 13 1 5 4 14 17 19 20 2 7 9 3 18 
student 517: 12 11 2 5 14 3 1 20 7 4 16 10 13 18 17 6 9 19 15 8 
student 518: 12 17 11 4 18 5 3 6 7 15 13 2 19 16 20 1 14 10 9 8 
student 519: 19 15 9 1 14 3 4 17 5 13 10 6 16 18 20 2 11 7 8 12 
student 520: 14 17 8 7 16 11 2 10 1 15 12 6 19 18 20 5 13 4 3 9 
student 521: 16 14 2 7 20 1 3 18 6 5 12 19 17 9 15 4 13 11 8 10 
student 522: 8 2 4 6 20 5 1 15 7 17 13 11 19 9 18 3 16 12 14 10 
student 523: 15 16 12 3 9 5 2 20 14 10 17 8 18 4 19 7 1 11 6 13 
student 524: 5 19 6 7 16 3 1 18 2 10 14 9 20 15 13 8 11 17 4 12 
student 525: 11 19 12 2 20 5 4 9 3 8 10 1 13 14 18 6 15 7 16 17 
student 526: 8 13 7 3 19 9 6 11 20 12 16 4 14 18 5 2 17 10 15 1 
student 527: 18 16 4 7 20 1 2 19 5 8 15 12 13 9 14 10 17 3 11 6 
student 528: 3 17 2 4 16 9 6 19 7 15 11 5 10 20 12 1 8 18 14 13 
student 529: 10 15 6 4 16 12 2 11 8 5 14 7 19 20 9 1 17 18 13 3 
student 530: 12 19 2 6 15 8 4 9 1 3 17 13 20 14 16 7 18 11 10 5 
student 531: 10 6 8 5 18 7 1 15 9 12 4 16 20 17 19 2 14 11 13 3 
student 532: 8 20 3 2 11 5 4 15 1 14 9 16 19 10 12 17 18 7 6 13 
student 533: 14 18 17 1 15 3 2 13 4 7 10 5 19 16 11 12 20 6 9 8 
student 534: 9 17 3 2 16 4 5 14 1 13 8 11 20 19 15 7 18 6 12 10 
student 535: 13 18 15 3 16 1 6 9 2 4 17 10 20 12 11 5 14 8 7 19 
student 536: 18 12 6 13 19 8 4 15 3 16 2 10 7 20 17 1 14 11 9 5 
student 537: 11 10 5 4 16 9 2 14 8 6 17 7 20 19 13 12 15 18 3 1 
student 538: 17 13 4 6 16 9 1 11 3 15 14 7 19 20 12 5 18 10 8 2 
student 539: 17 18 3 6 10 9 1 13 4 14 7 5 15 20 19 2 8 16 12 11 
student 540: 12 14 6 10 19 4 11 13 1 17 16 15 18 9 20 2 8 5 7 3 
student 541: 18 17 10 2 16 8 1 9 6 3 7 12 20 11 19 4 13 15 5 14 
student 542: 6 14 8 5 18 1 2 17 3 12 9 4 19 20 16 7 15 13 11 10 
student 543: 20 10 6 4 19 5 9 8 3 17 1 11 16 14 18 2 12 7 13 15 
student 544: 9 14 6 2 20 1 4 17 7 10 5 8 18 11 19 3 16 13 12 15 
student 545: 5 10 3 7 20 15 9 12 2 19 8 4 17 18 13 1 16 11 14 6 
student 546: 11 5 6 2 13 12 8 17 1 18 15 10 16 19 20 4 14 3 9 7 
student 547: 11 9 5 2 17 6 1 13 7 15 8 14 16 19 20 3 18 10 4 12 
student 548: 12 16 1 5 19 4 3 8 10 15 9 6 20 14 18 11 17 2 13 7 
student 549: 14 4 1 11 17 9 10 5 2 19 20 13 18 3 16 6 15 7 8 12 
student 550: 13 14 6 9 18 3 1 19 5 15 12 10 20 16 17 2 11 4 7 8 
student 551: 14 12 2 1 19 8 7 3 5 11 18 10 17 15 20 6 13 9 4 16 
student 552: 15 12 3 4 20 14 10 16 1 11 7 9 19 17 18 6 13 5 8 2 
student 553: 18 14 7 4 16 13 11 19 2 9 6 15 17 5 20 1 8 12 3 10 
student 554: 6 13 7 2 19 5 1 15 8 14 9 12 20 17 18 3 16 4 10 11 
student 555: 18 19 1 14 12 6 3 9 2 13 10 4 20 8 15 5 17 7 11 16 
student 556: 4 15 9 1 17 3 13 12 7 18 6 11 10 20 19 2 16 5 8 14 
student 557: 13 16 1 3 19 11 20 18 8 5 12 10 9 7 14 4 17 2 15 6 
student 558: 9 18 10 6 20 3 5 17 1 8 4 13 11 19 14 2 16 15 7 12 
student 559: 12 16 11 5 20 7 3 17 2 14 10 9 19 15 18 1 13 4 8 6 
student 560: 12 15 4 6 17 5 1 14 2 13 11 7 20 18 19 3 16 10 8 9 
student 561: 13 11 7 5 9 8 1 15 6 16 2 17 20 19 18 4 14 3 12 10 
student 562: 17 8 10 2 19 4 9 18 3 16 15 12 20 13 11 5 7 14 6 1 
student 563: 7 18 11 3 15 6 5 8 1 12 10 14 17 13 19 2 20 4 9 16 
student 564: 14 13 5 1 16 2 6 7 3 19 18 11 17 20 10 9 8 15 4 12 
student 565: 18 8 13 3 14 11 1 16 2 15 12 9 6 17 20 7 19 5 10 4 
student 566: 17 14 6 11 18 8 4 7 1 5 3 10 15 19 16 2 20 12 9 13 
student 567: 7 14 8 6 19 5 3 13 1 16 17 9 18 15 10 4 20 2 11 12 
student 568: 11 13 7 3 20 1 2 9 10 14 17 8 16 18 19 5 15 12 6 4 
student 569: 4 13 5 9 19 6 3 11 2 20 7 12 14 16 10 1 18 8 15 17 
student 570: 12 9 7 16 18 19 1 5 2 20 4 17 15 13 11 6 14 8 10 3 
student 571: 9 17 10 1 12 11 8 20 2 16 5 14 18 19 15 4 6 3 13 7 
student 572: 11 15 4 6 16 14 1 12 2 13 9 8 17 18 20 3 19 5 10 7 
student 573: 7 14 8 3 16 2 4 10 12 15 13 5 17 19 18 1 20 11 6 9 
student 574: 16 19 11 3 17 6 1 18 4 13 5 7 20 14 9 2 12 10 15 8 
student 575: 18 15 6 2 19 3 5 16 10 8 13 12 14 17 20 1 11 4 7 9 
student 576: 16 8 7 6 14 4 1 20 3 17 13 15 18 12 10 2 19 5 11 9 
student 577: 9 18 11 3 14 2 1 15 4 20 12 13 19 16 10 6 5 8 17 7 
student 578: 19 17 10 1 20 3 2 9 4 18 7 8 14 16 6 5 13 15 11 12 
student 579: 14 15 12 4 17 1 5 20 8 19 11 6 3 18 10 2 16 9 13 7 
student 580: 10 18 5 6 20 11 4 16 1 14 12 9 19 13 15 2 17 7 8 3 
student 581: 12 20 3 11 13 4 1 18 5 7 17 9 16 15 10 2 14 19 8 6 
student 582: 12 8 6 4 19 1 2 13 3 18 10 14 17 15 16 9 20 11 7 5 
student 583: 10 19 3 5 12 8 2 7 4 20 6 16 13 18 17 9 15 11 1 14 
student 584: 11 17 8 7 20 3 5 14 6 12 4 10 13 19 18 1 15 16 9 2 
student 585: 13 15 8 7 20 1 3 14 5 10 9 16 12 19 18 2 17 11 4 6 
student 586: 7 9 3 4 17 8 5 15 1 18 11 13 12 20 19 2 16 14 10 6 
student 587: 5 16 3 4 18 6 7 19 1 12 9 11 13 14 17 2 20 15 10 8 
student 588: 12 16 9 5 17 13 1 15 2 7 19 4 18 10 20 3 14 11 8 6 
student 589: 8 15 1 3 20 6 4 14 11 17 19 7 16 10 18 12 9 13 2 5 
student 590: 13 10 12 1 16 4 7 15 5 17 6 11 20 18 14 3 19 9 2 8 
student 591: 16 14 2 1 19 10 4 12 9 6 11 7 17 15 13 8 20 3 18 5 
student 592: 6 11 17 4 13 14 1 8 7 10 9 12 18 19 20 3 16 15 5 2 
student 593: 13 19 2 9 18 8 3 12 7 14 6 1 20 17 15 5 16 4 10 11 
student 594: 8 11 5 1 19 2 3 10 4 14 12 17 20 16 15 6 18 9 7 13 
student 595: 12 19 5 4 20 2 6 15 18 13 11 9 10 17 14 1 16 3 8 7 
student 596: 12 17 8 7 16 11 4 9 1 14 6 10 20 15 19 2 18 3 5 13 
student 597: 14 15 2 5 19 10 8 7 4 12 18 11 20 13 17 1 16 9 6 3 
student 598: 13 7 3 2 19 8 4 16 5 14 10 6 20 15 18 11 9 17 12 1 
student 599: 12 19 7 13 20 2 1 6 5 9 14 16 18 15 11 4 17 3 10 8 
student 600: 15 12 4 14 17 5 1 18 2 19 3 9 20 8 6 16 13 7 10 11 
student 601: 4 20 9 11 17 1 7 13 5 12 18 6 16 19 15 3 14 10 8 2 
student 602: 17 7 4 6 16 11 2 8 5 15 1 14 20 13 19 3 18 9 10 12 
student 603: 14 13 9 5 17 18 2 8 3 12 7 1 19 20 16 6 11 4 10 15 
student 604: 12 14 3 1 17 6 2 18 5 15 9 10 20 19 16 8 11 13 7 4 
student 605: 11 13 6 3 15 7 1 16 4 14 19 9 10 12 17 2 20 18 5 8 
student 606: 9 10 3 8 19 7 1 17 6 15 11 13 20 16 18 2 12 4 14 5 
student 607: 9 16 14 3 15 11 4 7 6 10 13 12 18 20 19 2 17 1 8 5 
student 608: 8 15 7 18 17 5 1 11 2 19 13 12 20 16 14 4 9 6 10 3 
student 609: 18 19 5 15 17 6 1 8 3 10 7 9 16 20 14 2 11 4 13 12 
student 610: 5 11 1 14 20 8 3 13 6 16 15 4 19 18 17 2 12 10 7 9 
student 611: 13 14 3 8 16 1 4 6 10 12 20 11 17 18 9 2 19 5 7 15 
student 612: 6 13 8 2 11 15 3 18 9 5 20 4 19 16 14 1 12 7 17 10 
student 613: 10 17 12 9 20 11 7 14 5 15 6 4 19 16 18 1 2 13 3 8 
student 614: 4 20 10 15 13 7 11 17 6 12 9 8 14 19 18 1 16 3 5 2 
student 615: 13 18 9 7 17 8 1 11 2 15 6 10 20 19 16 4 14 3 5 12 
student 616: 10 14 2 6 15 4 1 17 3 7 20 13 19 18 9 5 8 16 11 12 
student 617: 9 20 2 11 18 5 8 7 4 15 6 19 14 17 10 1 16 12 13 3 
student 618: 1 13 3 7 9 6 5 15 2 17 10 20 14 8 16 4 19 12 11 18 
student 619: 12 11 8 3 18 6 1 9 4 17 10 13 20 15 16 7 14 2 19 5 
student 620: 8 17 7 11 13 1 5 16 3 18 12 10 15 20 9 2 19 14 6 4 
student 621: 10 14 8 6 15 2 3 12 1 4 13 18 20 17 16 5 19 11 9 7 
student 622: 12 19 11 4 20 2 3 15 7 14 5 10 17 13 8 1 18 6 9 16 
student 623: 11 16 6 2 15 1 9 14 8 20 12 10 19 7 17 4 13 18 3 5 
student 624: 4 20 6 1 18 13 5 9 3 12 7 10 19 15 14 8 17 11 2 16 
student 625: 9 11 1 8 19 10 3 12 2 16 7 6 15 18 20 4 14 13 17 5 
student 626: 14 8 1 18 19 9 5 15 2 13 6 10 16 20 17 4 12 11 7 3 
student 627: 1 10 8 4 20 5 3 12 2 11 13 6 16 18 15 7 19 14 9 17 
student 628: 5 14 12 4 15 7 1 18 13 9 10 16 17 19 20 3 11 8 6 2 
student 629: 11 9 7 2 18 5 8 13 16 3 1 15 20 17 14 4 19 6 10 12 
student 630: 19 18 5 12 16 10 4 14 1 15 6 8 17 20 11 2 7 13 9 3 
student 631: 17 18 8 1 19 6 2 11 4 10 9 14 20 16 15 3 12 7 5 13 
student 632: 15 7 5 17 13 18 3 9 1 20 11 2 19 16 12 4 8 14 10 6 
student 633: 14 19 3 9 15 5 4 11 2 18 10 8 16 17 12 1 20 7 6 13 
student 634: 9 18 8 7 20 11 5 13 2 14 16 10 19 17 12 3 15 6 1 4 
student 635: 9 20 19 4 13 2 1 11 3 6 7 18 15 8 17 5 14 10 16 12 
student 636: 12 18 3 10 15 6 1 16 4 13 5 17 20 19 14 2 11 9 7 8 
student 637: 4 8 1 2 16 7 9 13 3 14 11 12 19 20 17 15 6 18 5 10 
student 638: 12 19 5 3 18 2 1 6 4 10 14 8 20 17 16 11 7 15 13 9 
student 639: 8 14 3 9 20 15 11 17 2 13 6 4 19 18 16 7 12 5 10 1 
student 640: 16 4 3 9 10 2 6 14 1 18 5 15 19 20 17 7 12 11 13 8 
student 641: 15 6 3 1 20 11 2 7 14 17 10 5 18 12 16 4 19 13 9 8 
student 642: 15 9 4 2 19 6 1 16 3 8 12 11 17 18 20 10 13 7 14 5 
student 643: 9 16 10 8 13 6 2 12 3 11 19 5 20 18 17 4 14 7 15 1 
student 644: 9 18 4 12 20 8 2 15 3 16 11 10 19 13 17 6 1 14 7 5 
student 645: 9 20 5 3 16 4 2 1 14 13 8 19 17 15 11 10 18 12 6 7 
student 646: 4 16 3 2 20 5 1 15 9 6 14 13 17 19 11 8 18 7 12 10 
student 647: 7 12 5 11 20 3 6 9 8 10 14 4 16 18 19 17 15 1 13 2 
student 648: 6 16 7 2 8 4 15 9 12 11 13 10 18 20 19 1 14 3 5 17 
student 649: 16 9 5 3 18 2 13 20 1 11 14 7 10 12 15 6 19 8 4 17 
student 650: 11 20 3 1 16 6 7 13 8 18 10 12 14 15 17 5 19 9 4 2 
student 651: 10 15 13 1 17 12 3 11 4 6 2 14 20 19 18 5 16 9 7 8 
student 652: 19 16 10 2 17 1 3 11 8 13 7 12 20 15 14 4 18 5 9 6 
student 653: 12 15 7 2 19 8 4 17 3 6 10 13 20 18 14 1 16 11 5 9 
student 654: 5 17 4 2 18 3 1 10 12 9 8 15 20 16 19 7 11 14 6 13 
student 655: 3 17 9 6 19 10 1 16 5 14 12 8 18 20 13 7 15 11 2 4 
student 656: 15 8 6 10 17 9 4 7 1 19 11 3 13 14 16 5 20 12 18 2 
student 657: 15 8 6 1 19 9 11 18 4 10 13 12 17 16 20 2 14 7 5 3 
student 658: 6 18 4 5 20 9 3 8 1 15 17 11 14 19 16 7 13 10 12 2 
student 659: 17 11 4 6 20 3 1 7 2 19 16 9 13 18 15 5 12 14 8 10 
student 660: 17 15 5 3 19 10 1 13 4 12 9 11 18 14 20 2 16 7 6 8 
student 661: 4 13 5 3 19 17 10 14 2 18 11 8 16 12 15 1 20 7 6 9 
student 662: 8 20 5 10 18 15 6 16 2 9 1 4 17 13 12 3 11 19 7 14 
student 663: 16 10 4 7 20 5 2 6 3 19 9 8 18 12 17 14 15 13 1 11 
student 664: 4 12 11 5 14 7 6 15 10 18 8 19 20 16 1 9 13 17 3 2 
student 665: 13 17 1 8 12 3 4 18 2 11 16 14 19 7 15 5 6 9 10 20 
student 666: 2 16 6 14 18 4 1 12 3 15 5 8 13 11 19 7 20 10 17 9 
student 667: 13 20 4 7 17 8 2 15 5 19 6 11 18 12 14 1 10 9 16 3 
student 668: 11 8 1 10 19 5 2 14 3 7 6 13 18 9 12 17 15 16 20 4 
student 669: 13 7 4 1 17 10 3 15 5 14 18 12 19 16 20 2 8 9 6 11 
student 670: 16 18 12 2 19 3 10 9 7 11 14 8 13 6 17 1 20 5 4 15 
student 671: 10 17 1 13 16 3 4 14 5 11 9 12 20 18 15 2 19 6 8 7 
student 672: 9 14 8 3 10 1 2 15 5 12 17 11 20 7 19 6 16 4 13 18 
student 673: 8 13 7 6 17 14 3 11 2 5 18 10 19 12 20 1 16 4 15 9 
student 674: 14 20 6 9 16 8 2 12 4 3 18 10 19 13 11 5 17 1 15 7 
student 675: 16 6 15 8 7 4 2 19 9 5 13 1 18 12 20 11 10 17 3 14 
student 676: 16 5 3 8 19 7 1 14 6 12 10 11 17 18 20 4 15 2 13 9 
student 677: 16 14 8 9 17 7 1 12 10 11 13 5 18 20 15 2 6 4 3 19 
student 678: 12 8 6 5 20 15 19 17 3 11 2 16 18 10 13 1 14 7 9 4 
student 679: 12 19 7 8 16 9 2 14 4 13 5 6 20 17 11 1 15 10 18 3 
student 680: 13 12 2 5 20 7 6 9 4 15 11 14 19 18 17 3 16 1 10 8 
student 681: 13 10 5 4 17 18 2 16 1 9 7 14 15 20 8 12 19 11 3 6 
student 682: 16 19 13 2 20 10 7 14 9 3 12 5 18 15 17 1 6 4 11 8 
student 683: 12 13 1 15 16 3 2 18 6 14 10 9 20 19 17 5 7 11 4 8 
student 684: 14 18 7 3 12 4 5 8 9 13 19 11 17 15 20 2 16 6 10 1 
student 685: 9 16 10 3 19 6 7 5 1 11 14 13 17 18 12 2 20 4 8 15 
student 686: 11 13 8 9 5 3 1 16 4 10 12 17 19 20 18 2 15 7 6 14 
student 687: 8 17 12 3 18 4 2 11 14 1 10 6 20 16 15 7 13 19 5 9 
student 688: 11 3 7 4 15 9 6 19 1 16 17 10 20 14 18 2 12 13 5 8 
student 689: 11 6 15 3 18 4 2 16 5 9 17 10 20 13 19 1 12 8 14 7 
student 690: 13 15 2 6 18 12 4 19 1 17 11 7 20 8 14 5 16 10 3 9 
student 691: 7 12 8 6 16 4 3 13 5 15 10 9 19 18 20 1 17 14 11 2 
student 692: 10 19 4 7 11 6 5 14 20 8 13 9 17 18 2 3 16 1 15 12 
student 693: 10 19 3 2 17 7 8 12 1 15 13 11 20 18 9 4 16 5 6 14 
student 694: 12 17 2 11 19 9 1 10 3 14 8 13 16 18 20 7 15 4 5 6 
student 695: 13 12 9 7 16 2 4 18 6 19 14 11 17 20 15 1 10 3 5 8 
student 696: 13 17 16 2 19 10 1 20 3 9 6 11 18 14 15 5 12 4 7 8 
student 697: 14 16 15 7 17 1 3 20 10 11 6 9 19 13 12 2 18 8 4 5 
student 698: 4 14 7 2 18 16 3 12 10 9 6 5 20 17 15 1 8 11 19 13 
student 699: 6 16 14 9 20 7 8 12 3 11 2 1 10 18 19 4 17 15 13 5 
student 700: 8 15 5 7 14 1 4 12 10 16 9 11 20 13 19 2 17 18 6 3 
student 701: 11 18 13 3 20 8 2 16 1 15 9 14 19 17 12 4 10 7 5 6 
student 702: 15 13 4 10 20 7 1 9 3 12 16 6 18 19 14 2 17 11 8 5 
student 703: 13 8 9 6 17 4 2 15 3 16 11 12 20 18 14 7 19 5 10 1 
student 704: 7 14 8 9 15 1 2 18 17 13 16 6 19 20 12 4 10 3 11 5 
student 705: 3 8 6 1 13 5 2 7 12 16 9 11 20 19 17 4 18 14 15 10 
student 706: 18 12 6 3 20 4 5 13 9 16 2 8 14 17 19 1 10 7 11 15 
student 707: 11 10 7 2 18 6 1 19 9 15 13 12 20 14 5 4 17 8 16 3 
student 708: 16 15 8 4 11 5 2 10 3 18 12 7 19 20 17 1 14 9 6 13 
student 709: 16 13 7 8 18 9 2 14 3 11 12 4 15 19 20 5 17 6 1 10 
student 710: 4 9 17 5 19 8 1 20 3 16 10 7 11 15 13 6 18 14 12 2 
student 711: 10 18 3 4 14 7 1 15 6 16 12 2 20 19 17 5 13 11 9 8 
student 712: 4 15 8 12 17 5 1 11 10 16 13 6 20 19 18 2 14 3 9 7 
student 713: 13 17 6 4 7 5 3 19 1 10 9 16 11 14 15 2 20 12 8 18 
student 714: 11 17 13 4 12 5 2 15 3 6 8 1 19 16 20 9 18 14 10 7 
student 715: 9 6 5 15 12 4 14 11 1 17 10 2 19 20 8 3 18 13 7 16 
student 716: 15 1 7 9 17 12 11 14 2 18 13 3 20 19 8 5 16 4 10 6 
student 717: 13 17 3 6 8 18 1 14 5 12 10 15 11 20 19 2 16 9 7 4 
student 718: 20 14 13 1 19 5 2 10 7 3 12 17 15 18 16 6 11 4 9 8 
student 719: 18 16 2 9 15 6 7 11 14 17 12 3 19 20 13 5 4 8 10 1 
student 720: 11 8 4 2 14 20 5 17 1 19 13 16 15 9 18 7 12 10 6 3 
student 721: 15 14 5 3 12 11 8 16 1 13 10 7 20 4 18 2 19 6 17 9 
student 722: 1 7 11 14 16 9 2 10 5 8 3 15 20 18 13 6 17 19 12 4 
student 723: 10 16 6 7 18 4 1 19 2 14 3 11 13 20 17 5 8 15 12 9 
student 724: 17 15 3 7 14 4 10 13 1 9 16 11 20 19 18 6 8 5 12 2 
student 725: 9 11 7 1 16 4 5 17 3 14 13 12 19 20 18 2 15 8 6 10 
student 726: 10 15 4 1 14 5 2 18 7 12 11 8 20 19 13 9 17 16 3 6 
student 727: 18 14 11 2 20 3 12 1 6 10 7 13 15 17 16 5 19 8 4 9 
student 728: 14 16 7 6 19 5 2 17 3 15 9 10 20 8 18 4 1 12 13 11 
student 729: 10 14 1 5 17 3 7 12 4 15 11 6 18 20 13 16 19 8 9 2 
student 730: 11 17 4 10 20 3 7 9 5 15 19 2 12 18 1 8 6 14 16 13 
student 731: 9 12 7 5 18 1 3 11 6 19 4 8 17 16 15 10 20 14 2 13 
student 732: 13 5 7 6 18 3 10 19 1 9 14 12 17 20 15 2 16 11 8 4 
student 733: 5 11 1 8 12 3 7 13 4 17 10 19 20 14 15 2 16 9 6 18 
student 734: 10 14 15 6 16 5 4 18 2 12 19 1 13 20 9 3 17 7 8 11 
student 735: 6 11 8 5 18 15 1 19 3 13 10 4 20 17 12 2 16 7 9 14 
student 736: 8 12 19 4 18 2 9 14 3 6 13 11 20 16 17 1 15 7 10 5 
student 737: 14 20 3 7 5 8 6 16 1 10 13 11 17 19 15 2 18 9 12 4 
student 738: 17 6 13 10 19 3 1 12 7 16 11 15 20 18 4 5 14 9 2 8 
student 739: 16 10 13 2 11 7 1 18 5 15 14 4 17 20 12 6 8 19 9 3 
student 740: 20 9 13 4 17 7 2 10 1 12 15 11 16 19 14 6 18 3 8 5 
student 741: 14 3 5 7 20 1 2 15 4 10 11 6 12 13 9 18 17 19 16 8 
student 742: 16 9 5 7 19 2 3 15 6 4 13 14 20 17 12 10 18 1 11 8 
student 743: 14 17 9 12 20 6 3 15 4 5 2 11 16 13 19 7 18 10 8 1 
student 744: 12 11 7 1 17 20 4 15 5 13 10 8 19 14 18 3 16 6 2 9 
student 745: 12 18 7 5 19 11 4 17 2 14 9 13 20 16 15 1 10 6 3 8 
student 746: 10 11 8 9 15 2 3 16 6 12 14 5 20 19 13 4 17 18 1 7 
student 747: 3 15 12 5 16 7 4 17 2 10 13 9 19 20 18 1 14 8 6 11 
student 748: 16 15 12 4 17 5 1 10 2 18 11 9 14 20 19 3 13 8 7 6 
student 749: 16 15 7 4 17 1 2 8 3 18 11 10 19 12 14 9 20 6 5 13 
student 750: 14 17 4 3 18 5 6 19 10 16 15 9 13 12 20 1 7 2 8 11 
student 751: 9 19 4 12 13 3 1 14 2 6 11 10 20 18 16 7 15 17 8 5 
student 752: 19 2 6 5 20 8 4 9 3 17 1 14 11 15 18 12 10 13 16 7 
student 753: 11 7 3 2 20 6 19 15 1 10 12 14 16 13 18 4 17 9 8 5 
student 754: 11 18 7 2 16 1 4 19 10 15 14 5 20 12 13 9 17 8 6 3 
student 755: 13 18 4 2 20 5 1 14 10 11 15 8 17 19 12 7 16 9 3 6 
student 756: 11 18 7 3 17 6 4 8 9 16 12 5 20 13 19 2 15 14 10 1 
student 757: 2 12 4 5 17 8 3 6 1 7 14 15 20 19 18 11 16 10 9 13 
student 758: 20 16 3 5 14 19 9 18 7 11 15 6 17 13 12 1 8 4 2 10 
student 759: 11 14 8 3 18 5 1 15 2 7 12 6 20 16 17 4 19 13 10 9 
student 760: 4 11 19 2 18 8 5 14 9 13 1 12 20 17 15 3 16 10 6 7 
student 761: 7 16 1 6 19 15 2 12 5 13 9 8 20 18 17 11 14 10 3 4 
student 762: 10 15 7 4 18 17 3 8 2 16 11 9 20 6 12 1 19 14 5 13 
student 763: 1 16 11 9 18 7 4 3 5 10 6 13 20 19 17 8 15 14 12 2 
student 764: 3 17 9 7 16 8 10 13 1 12 4 14 20 19 18 2 15 11 5 6 
student 765: 14 15 5 2 12 3 6 20 1 9 7 16 13 19 17 10 18 4 11 8 
student 766: 10 16 8 6 20 2 4 15 1 13 11 12 18 14 19 5 17 3 9 7 
student 767: 19 10 3 4 18 2 15 5 1 17 12 7 20 13 14 6 11 8 16 9 
student 768: 11 18 2 3 19 4 13 16 5 15 9 8 10 20 14 6 12 7 17 1 
student 769: 9 14 5 7 16 3 4 18 12 11 6 10 20 19 17 2 15 8 1 13 
student 770: 9 14 3 11 18 2 10 20 4 6 13 5 19 15 17 1 16 12 8 7 
student 771: 18 19 7 14 9 4 2 12 3 13 11 16 15 20 17 6 10 8 1 5 
student 772: 19 16 12 4 18 6 3 9 1 7 5 17 20 14 10 2 15 13 11 8 
student 773: 18 13 3 1 11 4 6 14 2 7 5 16 19 8 9 12 15 20 17 10 
student 774: 14 20 5 13 18 7 2 15 6 9 3 11 19 17 16 1 8 10 12 4 
student 775: 8 1 9 3 16 6 5 19 4 13 12 17 20 10 18 2 14 11 15 7 
student 776: 9 5 6 1 20 3 2 13 15 11 14 4 17 19 18 8 16 10 7 12 
student 777: 10 19 13 1 9 8 3 16 5 17 11 6 20 18 14 2 15 12 4 7 
student 778: 9 18 11 10 16 2 4 19 1 12 15 7 20 17 13 3 14 5 6 8 
student 779: 13 16 3 14 19 5 1 7 9 12 4 10 17 20 18 6 15 11 8 2 
student 780: 13 9 1 10 15 5 3 2 4 16 8 12 19 20 14 6 17 7 18 11 
student 781: 10 4 1 5 20 3 8 15 11 14 13 6 9 17 18 2 19 7 16 12 
student 782: 15 19 1 3 18 6 2 7 14 17 10 8 20 12 13 11 16 9 4 5 
student 783: 15 8 6 10 18 1 2 16 4 13 9 7 19 11 12 5 14 17 20 3 
student 784: 8 19 6 3 20 5 1 17 2 13 10 12 15 18 14 4 16 11 9 7 
student 785: 12 14 3 5 8 10 6 19 1 16 7 13 15 20 18 2 11 9 4 17 
student 786: 9 11 7 10 18 2 3 15 1 8 14 13 19 20 17 6 16 5 4 12 
student 787: 10 18 3 9 15 1 4 13 5 11 14 12 17 19 20 7 16 6 2 8 
student 788: 12 6 10 9 11 13 2 14 1 19 5 17 16 7 18 3 20 4 8 15 
student 789: 16 3 15 5 20 18 9 13 4 6 1 12 7 17 19 8 11 14 10 2 
student 790: 16 20 10 4 18 7 9 14 2 11 6 1 13 17 19 3 12 15 8 5 
student 791: 19 13 4 2 17 3 5 9 1 14 12 10 20 16 18 11 15 8 6 7 
student 792: 6 14 1 11 20 2 3 19 5 16 4 13 7 18 15 9 17 8 10 12 
student 793: 6 15 10 5 16 7 1 19 3 12 14 17 18 13 9 8 20 11 2 4 
student 794: 17 5 3 7 19 11 1 12 6 13 9 15 20 18 10 2 14 16 8 4 
student 795: 7 11 6 9 13 12 1 17 5 16 14 20 19 15 18 8 4 3 2 10 
student 796: 11 17 13 7 19 6 3 12 5 10 9 4 18 16 14 2 20 15 1 8 
student 797: 10 12 7 2 19 5 1 16 4 17 11 8 18 20 15 3 14 9 13 6 
student 798: 16 13 11 9 17 2 1 10 6 12 4 3 20 18 19 5 14 7 15 8 
student 799: 5 18 12 3 17 1 8 13 4 9 2 19 7 15 16 14 20 11 6 10 
