student 0: 17 20 10 14 1 16 12 18 15 6 8 2 5 3 11 19 4 7 9 13 
student 1: 19 17 9 12 5 18 10 14 13 20 2 1 3 8 15 16 4 6 11 7 
student 2: 12 19 14 2 4 15 3 16 10 11 5 17 6 7 20 18 8 1 9 13 
student 3: 19 17 16 2 4 15 14 10 20 3 11 1 5 8 18 6 9 7 13 12 
student 4: 20 12 18 3 1 14 2 7 10 8 5 4 6 13 17 16 11 9 15 19 
student 5: 17 16 15 4 3 14 8 19 12 18 1 5 2 9 13 20 7 6 11 10 
student 6: 19 17 9 11 1 20 7 14 8 6 13 4 3 15 18 16 5 2 10 12 
student 7: 19 16 12 7 2 17 15 14 20 11 5 3 8 4 10 18 13 6 9 1 
student 8: 13 19 12 3 5 18 11 17 14 4 1 2 6 7 20 15 16 10 9 8 
student 9: 19 15 14 2 5 18 12 11 8 17 1 6 13 7 20 16 9 4 3 10 
student 10: 15 17 19 1 6 11 8 16 14 3 4 2 5 12 20 18 7 9 13 10 
student 11: 20 16 6 8 2 18 15 17 14 10 7 5 4 3 19 13 9 1 11 12 
student 12: 8 1 16 6 4 17 15 14 12 11 18 3 7 9 20 19 10 2 13 5 
student 13: 8 19 14 5 4 18 15 11 10 17 2 1 3 7 20 12 6 9 13 16 
student 14: 19 15 13 3 6 17 8 18 9 12 1 5 10 7 16 14 4 2 11 20 
student 15: 20 11 15 5 2 19 12 17 10 14 4 1 3 6 18 13 8 9 16 7 
student 16: 20 18 11 9 10 17 13 15 6 8 7 4 2 3 19 14 5 1 12 16 
student 17: 19 20 5 6 8 16 11 13 9 2 3 1 4 15 17 14 7 12 10 18 
student 18: 16 19 14 9 2 18 8 17 10 6 7 3 5 1 20 15 12 4 11 13 
student 19: 16 19 13 3 2 15 6 18 10 17 1 8 4 12 20 11 14 5 7 9 
student 20: 20 18 17 10 16 5 11 14 12 15 3 1 4 6 19 9 8 7 2 13 
student 21: 9 16 17 13 6 12 10 20 11 8 3 15 4 1 18 19 7 2 5 14 
student 22: 13 18 12 4 2 14 20 15 6 17 10 1 11 9 19 16 5 3 7 8 
student 23: 15 16 20 4 1 18 14 13 11 9 5 2 6 3 19 17 8 7 10 12 
student 24: 15 19 16 10 7 17 11 18 14 9 4 3 2 13 20 12 6 5 8 1 
student 25: 20 18 15 3 5 7 12 16 9 13 2 1 6 11 10 17 8 14 4 19 
student 26: 13 17 15 5 11 19 18 14 10 9 4 1 2 3 20 12 8 7 6 16 
student 27: 20 8 7 15 3 18 10 14 5 13 2 1 6 16 12 19 11 4 9 17 
student 28: 19 18 9 3 1 14 11 15 12 16 2 4 6 7 20 17 13 10 8 5 
student 29: 20 18 17 10 3 19 8 13 14 6 2 1 4 5 16 15 9 7 12 11 
student 30: 20 18 8 3 7 14 5 10 6 11 12 1 2 4 19 17 9 15 16 13 
student 31: 16 3 6 13 4 12 8 19 18 11 1 5 7 15 20 10 9 2 14 17 
student 32: 20 19 12 4 7 14 8 13 16 10 6 1 2 3 17 18 11 5 9 15 
student 33: 20 16 17 2 3 14 15 18 9 6 12 1 7 5 19 10 4 13 8 11 
student 34: 20 16 5 8 3 19 15 17 13 14 6 4 2 11 18 7 9 1 10 12 
student 35: 20 17 12 11 3 15 9 19 4 5 13 6 1 7 18 10 8 2 14 16 
student 36: 19 18 12 4 8 16 7 9 10 3 11 2 5 17 20 6 1 15 13 14 
student 37: 19 16 14 8 3 17 12 20 7 5 2 6 1 10 15 18 9 4 11 13 
student 38: 13 16 3 12 4 10 14 18 8 9 6 1 5 15 19 20 2 7 11 17 
student 39: 16 17 14 4 6 5 11 18 12 9 2 3 1 10 19 20 7 13 8 15 
student 40: 20 10 17 7 1 15 8 14 11 9 5 2 3 13 18 19 6 16 4 12 
student 41: 18 9 14 7 13 19 11 20 15 5 4 2 6 3 17 16 8 10 12 1 
student 42: 13 20 14 1 4 18 2 17 10 15 9 3 7 5 16 19 8 11 6 12 
student 43: 20 17 16 8 4 14 6 15 13 12 1 2 3 5 19 18 9 7 11 10 
student 44: 17 14 10 6 1 18 9 16 15 13 3 4 2 11 20 19 8 7 5 12 
student 45: 12 11 16 2 13 20 9 10 18 15 5 3 1 6 17 19 14 7 4 8 
student 46: 20 19 4 9 5 18 14 15 13 10 8 1 2 6 17 16 11 3 7 12 
student 47: 8 18 13 4 6 20 9 17 19 12 2 1 7 5 15 16 14 3 11 10 
student 48: 17 20 10 12 4 16 2 8 19 14 5 3 6 1 18 13 9 11 15 7 
student 49: 17 20 12 8 2 15 18 14 7 16 9 1 4 5 19 11 13 3 6 10 
student 50: 16 20 15 4 3 19 8 18 9 11 6 1 7 13 5 17 10 12 14 2 
student 51: 17 16 12 3 2 20 13 19 11 8 1 6 5 10 18 15 4 9 7 14 
student 52: 1 13 15 6 10 17 5 18 11 7 3 2 4 12 19 20 16 8 14 9 
student 53: 18 3 17 12 8 20 13 15 11 6 5 7 1 2 19 14 16 4 9 10 
student 54: 19 9 6 1 5 17 13 12 16 14 7 4 3 2 20 18 8 15 10 11 
student 55: 20 13 10 6 1 18 16 12 14 17 9 3 11 5 19 8 4 2 7 15 
student 56: 17 16 20 1 13 15 11 7 18 9 3 4 2 14 19 8 5 6 10 12 
student 57: 11 18 16 8 6 17 5 10 12 13 2 1 15 4 19 20 9 7 3 14 
student 58: 14 16 10 7 17 13 4 12 8 15 2 1 3 5 18 20 6 9 19 11 
student 59: 19 16 18 6 4 17 13 10 14 2 3 1 5 7 15 12 11 9 8 20 
student 60: 20 18 14 1 4 15 10 19 12 11 3 5 7 2 16 13 6 9 8 17 
student 61: 16 12 14 11 15 20 13 18 6 8 1 3 2 5 17 10 9 4 7 19 
student 62: 20 17 13 3 1 16 11 15 10 14 6 2 12 7 9 19 4 5 8 18 
student 63: 18 16 11 4 2 20 17 15 5 10 14 1 8 12 19 13 7 6 3 9 
student 64: 13 20 15 6 4 19 10 16 9 11 2 5 7 1 17 18 8 3 12 14 
student 65: 17 18 10 8 20 11 12 19 16 13 5 2 6 1 9 15 14 3 4 7 
student 66: 20 13 14 3 1 19 17 10 15 11 4 5 2 7 18 16 6 9 8 12 
student 67: 20 18 17 12 1 16 13 4 9 15 3 2 8 10 19 14 7 5 6 11 
student 68: 14 18 17 4 3 19 16 20 7 9 13 1 8 2 15 12 11 10 6 5 
student 69: 20 19 8 6 3 16 15 17 13 5 1 11 4 7 18 12 10 2 9 14 
student 70: 20 14 9 7 3 12 10 19 8 18 1 5 2 4 15 16 13 11 17 6 
student 71: 18 14 19 1 5 17 7 11 13 9 4 3 8 2 20 12 16 6 10 15 
student 72: 20 18 1 7 6 13 11 15 12 3 5 4 2 16 19 14 10 9 8 17 
student 73: 18 13 16 6 4 14 19 12 20 8 2 1 5 3 17 9 11 10 15 7 
student 74: 18 9 6 1 3 17 16 13 8 12 4 2 14 7 15 11 10 5 20 19 
student 75: 19 20 12 3 4 16 14 18 8 15 2 1 6 10 17 11 9 5 7 13 
student 76: 20 16 8 5 4 19 11 18 13 7 1 2 3 15 14 12 6 9 10 17 
student 77: 20 11 15 7 9 17 14 16 10 5 1 2 3 13 19 18 4 8 6 12 
student 78: 18 20 12 16 4 15 7 13 11 19 1 5 3 10 8 17 9 2 6 14 
student 79: 18 19 6 10 12 20 13 14 15 16 5 2 7 3 17 11 8 4 1 9 
student 80: 14 20 16 3 4 5 6 19 13 15 1 2 11 7 18 17 10 12 9 8 
student 81: 18 9 16 12 6 19 14 13 15 5 3 2 4 10 20 7 1 8 17 11 
student 82: 16 13 15 4 1 18 14 7 5 9 6 11 3 8 19 17 12 2 20 10 
student 83: 15 19 7 6 9 20 14 11 10 12 4 2 3 5 13 18 8 1 16 17 
student 84: 19 18 1 8 12 16 10 15 17 3 2 4 5 7 20 13 9 6 11 14 
student 85: 14 10 12 8 1 18 15 20 9 4 3 2 5 11 17 16 7 6 13 19 
student 86: 17 20 14 3 2 13 7 19 16 15 1 5 6 4 12 18 11 8 10 9 
student 87: 20 15 8 4 2 16 19 14 10 5 18 1 11 13 17 7 9 3 6 12 
student 88: 19 16 20 8 6 18 11 15 12 5 4 2 13 9 7 17 1 3 10 14 
student 89: 19 17 7 8 2 18 3 12 6 20 10 4 5 9 13 11 16 1 14 15 
student 90: 20 18 13 3 8 2 15 17 12 7 1 9 4 10 19 14 5 6 11 16 
student 91: 19 10 6 8 11 18 16 15 13 17 4 3 1 9 20 12 7 5 2 14 
student 92: 20 19 14 4 7 10 8 18 13 12 9 6 1 11 17 3 5 2 15 16 
student 93: 18 17 14 2 6 9 11 12 16 15 1 3 5 7 13 20 4 8 10 19 
student 94: 11 20 16 6 5 14 18 17 4 10 2 8 3 9 15 19 7 1 12 13 
student 95: 18 13 15 2 4 10 14 12 7 8 3 5 6 9 20 16 11 1 19 17 
student 96: 20 13 4 1 10 6 3 15 11 12 5 7 2 8 16 19 17 18 9 14 
student 97: 16 20 13 3 2 5 17 15 6 14 1 4 12 11 18 9 7 10 8 19 
student 98: 20 18 11 7 4 16 10 19 1 9 14 2 5 6 15 13 8 3 12 17 
student 99: 18 7 14 5 11 17 13 20 15 9 1 4 3 2 19 16 10 6 12 8 
student 100: 7 12 15 13 2 10 8 19 11 17 6 9 4 3 20 18 5 1 14 16 
student 101: 12 17 10 15 6 20 8 18 11 7 2 1 14 5 19 13 3 4 9 16 
student 102: 17 14 13 4 2 18 10 16 15 7 3 1 5 6 8 12 19 11 9 20 
student 103: 20 16 13 4 5 17 6 14 9 7 1 10 18 8 12 15 2 3 19 11 
student 104: 19 13 9 10 3 14 20 17 7 5 12 1 4 8 16 18 15 2 6 11 
student 105: 19 6 9 7 3 18 11 15 14 8 1 5 2 12 17 20 10 4 16 13 
student 106: 19 18 9 6 13 12 11 20 8 14 7 3 2 4 17 16 1 5 15 10 
student 107: 11 15 13 12 8 19 6 18 9 4 2 1 7 20 16 17 10 3 5 14 
student 108: 18 19 15 10 4 16 12 14 6 13 2 1 8 3 20 17 5 7 11 9 
student 109: 17 14 15 3 1 20 4 18 10 12 11 2 6 8 16 13 5 9 7 19 
student 110: 19 13 10 8 7 17 15 14 4 3 2 5 1 16 18 20 11 6 9 12 
student 111: 15 17 18 6 2 1 5 13 10 12 9 8 3 7 19 14 20 11 16 4 
student 112: 11 16 12 4 3 13 7 18 8 15 1 10 2 6 17 19 9 5 20 14 
student 113: 10 19 18 5 16 7 9 15 13 11 8 1 3 6 20 12 4 2 17 14 
student 114: 19 13 7 2 10 20 3 11 18 8 5 1 14 4 17 15 6 16 9 12 
student 115: 17 16 5 3 2 20 15 14 12 10 1 4 9 6 8 11 7 18 19 13 
student 116: 10 15 18 7 5 17 13 9 4 14 12 1 3 8 19 20 11 2 16 6 
student 117: 19 14 18 3 10 15 2 1 16 6 5 7 4 13 17 11 9 8 12 20 
student 118: 18 16 19 8 5 13 12 17 15 3 2 1 7 10 20 14 11 4 9 6 
student 119: 20 16 14 8 4 18 2 15 10 9 3 1 5 11 17 13 6 7 12 19 
student 120: 17 20 18 10 1 14 15 16 11 19 2 3 5 9 12 7 4 6 13 8 
student 121: 19 20 14 3 6 17 7 16 18 12 1 5 8 4 15 11 10 2 9 13 
student 122: 20 17 7 11 8 15 14 18 16 6 1 9 5 4 19 13 3 2 12 10 
student 123: 12 19 17 8 13 15 16 9 6 20 4 1 2 7 18 14 5 3 10 11 
student 124: 20 9 14 3 8 18 11 12 15 4 1 5 2 7 19 17 10 6 16 13 
student 125: 17 15 14 3 2 19 11 16 12 8 9 6 1 5 20 18 7 4 10 13 
student 126: 20 17 10 3 4 14 15 6 7 11 9 2 1 12 19 16 18 5 13 8 
student 127: 17 19 16 4 5 12 11 20 13 3 2 1 8 9 18 14 15 6 7 10 
student 128: 19 18 11 15 1 17 2 14 6 5 4 10 8 13 20 12 7 3 9 16 
student 129: 15 20 16 17 3 18 12 14 6 5 7 1 2 9 19 13 8 4 10 11 
student 130: 18 14 15 19 2 17 6 9 8 7 5 4 1 12 20 13 3 10 11 16 
student 131: 20 14 13 11 5 18 17 16 15 9 1 2 3 6 8 19 7 10 12 4 
student 132: 19 16 17 5 1 12 10 20 14 9 2 3 7 8 18 13 11 6 4 15 
student 133: 18 14 20 3 2 15 13 16 8 4 5 1 10 6 19 7 9 11 12 17 
student 134: 14 19 15 10 6 2 12 20 8 7 3 1 5 4 13 17 11 9 16 18 
student 135: 15 19 20 6 5 7 11 12 17 4 3 2 10 8 14 18 9 1 13 16 
student 136: 19 20 12 10 14 18 5 7 13 8 9 2 4 6 17 16 15 1 3 11 
student 137: 19 12 20 7 2 11 13 17 9 15 1 3 4 5 18 14 6 10 8 16 
student 138: 20 13 9 4 2 14 15 19 10 8 6 1 7 3 17 18 11 5 16 12 
student 139: 18 20 13 1 10 16 4 15 17 7 5 3 6 8 19 14 12 2 11 9 
student 140: 20 17 9 3 7 19 10 13 16 14 2 1 4 8 18 15 5 6 12 11 
student 141: 8 13 19 7 2 16 14 17 15 10 9 1 4 3 20 18 5 6 12 11 
student 142: 12 11 5 2 4 13 19 15 18 14 1 3 16 9 17 10 8 6 7 20 
student 143: 17 13 14 5 3 12 16 20 15 7 1 11 2 8 18 19 10 4 9 6 
student 144: 20 16 19 8 17 11 9 15 18 5 2 1 10 3 6 13 7 4 14 12 
student 145: 20 19 5 10 1 17 2 16 9 15 3 6 7 13 12 14 18 4 8 11 
student 146: 12 9 17 6 3 20 14 15 11 16 1 7 13 10 18 19 2 4 5 8 
student 147: 19 17 9 10 5 15 4 12 20 13 1 6 3 11 18 16 2 7 8 14 
student 148: 20 11 9 3 6 17 16 15 10 13 14 4 1 5 18 12 7 2 8 19 
student 149: 19 15 16 7 14 18 5 9 11 10 3 2 13 4 20 17 6 1 12 8 
student 150: 20 17 14 2 10 15 7 11 9 13 3 4 6 8 16 19 12 1 5 18 
student 151: 18 20 15 7 6 14 12 11 9 13 1 19 4 5 17 2 8 3 10 16 
student 152: 12 13 16 17 2 18 15 19 9 10 1 7 11 3 20 6 5 4 8 14 
student 153: 14 18 17 7 5 11 13 19 15 8 3 2 1 12 20 16 4 6 9 10 
student 154: 19 20 17 9 1 8 6 18 11 7 4 5 2 14 16 15 12 10 3 13 
student 155: 20 16 19 4 1 10 17 18 15 11 12 3 14 2 13 9 5 6 7 8 
student 156: 16 12 18 11 4 13 7 19 14 10 1 2 5 6 20 9 3 8 15 17 
student 157: 20 18 12 6 11 15 13 17 10 9 2 5 3 8 19 7 16 1 14 4 
student 158: 18 13 16 4 3 14 7 19 20 5 2 1 6 10 15 17 12 8 9 11 
student 159: 15 16 12 19 3 13 9 18 6 10 4 2 11 14 20 17 5 1 8 7 
student 160: 17 20 15 11 13 19 8 10 12 14 1 6 3 7 16 9 18 2 5 4 
student 161: 20 15 17 6 7 16 1 18 13 9 8 4 12 5 19 14 3 2 11 10 
student 162: 19 20 15 8 2 9 11 14 17 7 3 1 6 16 4 18 12 5 10 13 
student 163: 20 18 16 6 1 12 8 9 13 10 2 7 3 4 17 19 11 5 14 15 
student 164: 20 16 11 13 7 19 4 17 2 14 1 3 8 18 12 10 6 5 9 15 
student 165: 19 17 5 11 3 15 14 4 10 12 7 1 2 13 16 18 6 9 8 20 
student 166: 18 14 7 1 15 13 12 17 16 10 8 2 5 11 20 19 9 6 4 3 
student 167: 20 13 17 4 7 19 10 14 11 18 9 2 6 1 12 15 8 3 5 16 
student 168: 19 18 15 6 2 16 14 10 12 4 5 7 1 9 20 17 3 8 11 13 
student 169: 15 13 9 11 8 16 12 14 4 3 2 1 5 17 19 20 6 10 7 18 
student 170: 19 18 11 1 14 17 2 13 15 8 6 9 7 3 20 16 5 4 12 10 
student 171: 15 13 11 7 5 16 10 12 19 17 4 3 2 6 20 18 14 1 9 8 
student 172: 13 17 6 7 3 20 15 19 11 12 1 2 10 4 18 9 8 5 14 16 
student 173: 17 12 13 6 2 16 10 18 14 11 3 1 4 7 20 19 9 8 5 15 
student 174: 19 20 9 10 6 16 13 18 11 8 7 4 3 1 17 5 14 2 12 15 
student 175: 20 19 18 14 8 15 16 11 10 7 4 2 6 5 17 13 9 1 3 12 
student 176: 16 17 13 5 1 20 6 14 11 10 3 7 2 8 19 12 15 4 18 9 
student 177: 10 20 4 7 1 19 13 18 9 12 2 3 11 14 17 15 6 5 8 16 
student 178: 18 12 9 15 4 14 13 19 20 3 2 7 11 6 16 17 5 8 1 10 
student 179: 20 16 18 9 1 14 7 17 4 10 6 2 12 11 15 19 5 3 8 13 
student 180: 19 18 17 10 7 16 11 13 12 6 2 4 5 1 14 20 9 3 8 15 
student 181: 20 18 14 8 6 17 12 15 5 11 1 3 7 9 19 16 10 4 13 2 
student 182: 19 17 10 5 8 15 7 11 13 6 1 2 3 12 20 14 4 9 16 18 
student 183: 15 17 9 7 10 19 14 11 18 5 4 3 6 8 20 16 2 1 12 13 
student 184: 20 10 11 14 4 3 9 17 15 12 2 1 7 8 16 13 5 6 19 18 
student 185: 20 10 13 11 4 17 16 18 6 5 3 1 2 8 19 9 14 7 12 15 
student 186: 20 19 13 6 1 14 10 16 8 5 15 2 9 4 17 12 3 7 18 11 
student 187: 15 18 14 10 6 19 11 13 3 7 1 4 8 2 20 16 5 12 9 17 
student 188: 19 20 4 13 1 12 2 16 9 7 5 8 3 11 17 18 14 10 6 15 
student 189: 17 19 14 8 7 15 12 20 13 11 1 5 6 4 9 18 16 3 2 10 
student 190: 17 9 11 3 10 6 2 20 13 12 4 1 8 7 19 15 14 5 18 16 
student 191: 20 4 16 5 2 12 17 18 15 13 3 10 7 8 19 11 1 6 14 9 
student 192: 18 17 10 19 14 20 11 12 7 9 5 3 4 1 16 15 6 2 8 13 
student 193: 19 11 13 8 3 4 15 18 9 10 1 2 5 12 20 14 7 6 17 16 
student 194: 12 17 16 5 6 20 10 11 7 13 4 1 3 9 15 18 19 2 8 14 
student 195: 19 20 16 4 3 14 10 18 13 6 1 2 5 7 9 15 11 12 8 17 
student 196: 20 15 10 3 8 19 14 16 1 7 6 2 17 5 11 13 9 4 18 12 
student 197: 15 7 17 5 2 13 9 16 12 20 1 6 3 10 19 18 8 4 11 14 
student 198: 20 16 7 6 11 19 13 10 17 14 12 4 9 5 15 18 8 1 3 2 
student 199: 19 20 16 3 2 17 10 13 14 12 4 1 5 6 18 11 8 9 7 15 
student 200: 9 14 10 7 6 18 8 11 17 5 1 4 3 16 19 15 12 2 20 13 
student 201: 20 18 19 14 3 2 6 16 15 8 4 1 12 11 17 10 9 7 5 13 
student 202: 18 20 17 3 2 14 11 9 16 5 6 1 8 4 19 15 10 7 12 13 
student 203: 15 11 17 6 7 19 9 16 12 8 5 1 2 10 20 18 13 4 3 14 
student 204: 18 17 19 2 4 13 11 20 10 15 12 1 3 7 14 9 8 5 6 16 
student 205: 20 12 11 5 1 17 8 13 9 7 10 2 6 4 19 14 3 15 16 18 
student 206: 20 19 17 4 3 8 13 16 14 10 6 2 1 7 18 15 11 5 12 9 
student 207: 17 15 7 11 5 19 14 18 20 4 2 6 1 10 16 12 3 8 13 9 
student 208: 19 15 14 3 7 20 12 6 18 11 1 4 2 17 16 9 8 5 10 13 
student 209: 20 19 11 6 1 18 13 10 16 8 4 2 3 14 17 12 9 5 7 15 
student 210: 20 18 15 4 5 10 16 17 8 6 3 1 12 2 19 11 9 13 7 14 
student 211: 17 20 3 2 10 16 19 18 8 7 1 6 13 15 11 4 5 14 12 9 
student 212: 20 17 13 3 1 10 15 9 5 8 6 7 4 14 19 16 12 2 11 18 
student 213: 18 16 15 13 6 11 14 20 12 10 3 1 5 4 19 17 2 8 9 7 
student 214: 19 18 11 2 6 14 17 12 15 3 8 4 1 5 20 13 16 7 10 9 
student 215: 19 14 15 17 8 11 10 9 12 7 2 5 3 1 18 20 4 6 13 16 
student 216: 20 17 5 12 4 15 16 19 13 10 2 1 7 9 18 14 8 3 11 6 
student 217: 13 15 18 6 10 12 16 14 9 8 2 3 7 5 19 20 17 4 1 11 
student 218: 13 17 12 6 1 18 15 10 11 9 4 2 3 8 20 16 7 5 19 14 
student 219: 19 17 10 1 18 13 9 16 12 11 6 2 14 3 20 7 5 8 4 15 
student 220: 10 16 18 5 3 11 13 19 20 9 2 12 1 4 15 14 7 6 8 17 
student 221: 18 20 19 4 6 15 13 1 16 8 9 2 3 5 10 14 11 7 17 12 
student 222: 19 17 15 2 12 16 11 5 14 9 10 4 1 3 20 18 8 6 7 13 
student 223: 16 18 17 7 5 12 6 13 10 11 4 3 1 2 20 19 8 9 15 14 
student 224: 18 13 19 15 7 8 4 9 11 6 1 3 5 2 17 10 16 14 20 12 
student 225: 20 13 17 12 10 16 15 18 11 8 4 3 1 6 19 14 9 2 7 5 
student 226: 17 6 11 5 8 19 14 10 16 15 1 2 4 9 20 18 7 3 13 12 
student 227: 20 19 15 1 7 12 14 5 3 11 2 4 16 6 18 17 8 10 9 13 
student 228: 16 13 14 8 1 5 20 18 12 9 15 4 2 6 19 11 10 3 7 17 
student 229: 19 15 9 14 4 18 8 20 17 7 5 3 1 6 13 12 16 2 10 11 
student 230: 20 17 19 6 2 14 12 13 5 16 1 4 3 10 18 11 8 7 15 9 
student 231: 20 14 17 7 1 15 10 18 16 4 5 3 8 6 19 11 9 2 12 13 
student 232: 11 14 10 3 9 16 8 12 18 19 1 5 17 6 15 13 7 2 4 20 
student 233: 17 12 14 8 3 18 10 19 6 5 20 2 4 1 16 7 13 11 9 15 
student 234: 20 12 10 1 5 17 8 14 6 11 7 2 4 9 18 19 13 3 15 16 
student 235: 15 12 16 2 3 17 11 18 13 10 9 6 4 8 19 14 1 5 7 20 
student 236: 18 17 20 9 15 14 10 11 16 19 1 4 5 7 12 8 2 13 6 3 
student 237: 18 16 9 6 10 14 15 19 13 2 3 7 1 8 20 12 5 4 11 17 
student 238: 6 19 18 3 2 20 15 5 13 11 4 7 16 14 9 17 10 8 1 12 
student 239: 20 18 14 7 6 16 10 12 9 11 1 3 8 4 19 5 2 15 13 17 
student 240: 18 9 20 4 6 16 17 14 11 13 5 2 3 7 19 10 1 12 8 15 
student 241: 20 14 7 5 2 13 9 8 17 6 11 4 1 3 19 16 10 12 15 18 
student 242: 16 6 20 8 7 19 18 15 9 10 5 2 1 14 17 12 4 3 13 11 
student 243: 19 17 15 6 2 11 12 16 8 10 4 3 9 5 14 18 7 1 20 13 
student 244: 15 16 12 20 4 8 1 11 6 9 7 3 19 2 17 18 10 5 13 14 
student 245: 7 19 12 8 2 17 16 6 13 10 1 5 4 11 20 18 14 3 9 15 
student 246: 20 17 16 9 4 14 1 13 11 8 5 2 3 6 18 15 19 10 7 12 
student 247: 15 20 1 4 2 12 13 17 10 16 3 14 6 5 19 18 11 7 8 9 
student 248: 17 20 10 7 12 1 2 11 9 8 4 6 13 5 19 18 15 3 14 16 
student 249: 20 8 14 5 1 15 12 9 13 10 17 6 4 18 16 19 7 2 11 3 
student 250: 9 13 10 16 4 17 8 6 12 5 7 2 1 18 20 14 3 11 15 19 
student 251: 20 15 14 4 12 16 6 17 2 5 1 7 13 18 19 10 8 3 9 11 
student 252: 20 8 12 7 1 18 10 11 19 14 5 3 6 4 17 15 9 2 13 16 
student 253: 19 20 11 5 4 16 8 14 12 9 3 1 13 15 17 18 2 6 7 10 
student 254: 17 5 19 7 4 14 10 16 18 8 2 9 13 3 20 12 6 1 15 11 
student 255: 20 14 12 5 1 15 3 7 18 6 2 9 4 10 17 16 8 11 13 19 
student 256: 20 10 15 8 7 18 9 17 6 12 11 3 1 13 19 2 16 5 4 14 
student 257: 20 17 16 2 7 14 9 18 15 5 4 3 6 10 19 13 1 11 8 12 
student 258: 18 17 14 4 3 15 13 11 16 8 2 1 10 6 20 19 7 5 12 9 
student 259: 20 18 12 2 1 13 6 17 14 16 10 3 11 7 19 15 4 5 8 9 
student 260: 16 12 17 2 7 14 10 4 18 11 1 5 9 3 20 15 13 6 8 19 
student 261: 14 8 20 4 2 15 16 18 11 9 3 1 10 5 17 13 7 6 12 19 
student 262: 18 12 14 2 5 19 16 15 6 9 1 13 7 3 20 17 8 4 10 11 
student 263: 20 16 15 13 7 14 10 12 6 4 2 1 3 8 17 19 9 5 18 11 
student 264: 18 20 17 3 1 19 14 15 6 13 4 2 12 9 11 7 10 5 8 16 
student 265: 20 13 7 3 1 8 4 12 5 10 2 11 6 15 18 17 16 14 9 19 
student 266: 12 19 16 9 1 20 13 15 11 6 2 3 8 5 18 14 7 4 10 17 
student 267: 17 13 14 8 1 18 10 15 5 11 2 4 3 9 19 20 7 12 6 16 
student 268: 20 13 9 7 15 14 8 19 12 10 6 1 3 2 18 17 11 4 5 16 
student 269: 19 18 14 5 2 13 10 8 4 12 1 3 6 9 17 20 7 16 15 11 
student 270: 20 14 16 8 1 18 12 17 11 10 3 6 15 7 19 13 2 5 4 9 
student 271: 19 14 20 11 3 6 13 12 17 7 10 5 15 4 16 18 8 1 9 2 
student 272: 7 17 20 5 2 10 11 19 13 4 9 1 3 6 16 18 15 12 8 14 
student 273: 14 12 18 8 6 17 16 20 13 19 1 2 5 9 7 3 10 4 11 15 
student 274: 19 14 16 1 7 6 15 20 12 17 9 2 3 13 11 10 8 5 18 4 
student 275: 20 17 13 10 2 19 12 16 14 1 6 5 4 11 15 18 3 8 7 9 
student 276: 17 12 18 2 11 16 9 20 7 13 5 8 3 1 19 14 15 4 6 10 
student 277: 20 15 13 10 4 12 5 14 11 1 9 2 3 6 19 18 7 8 16 17 
student 278: 20 12 19 11 1 17 4 13 14 6 5 2 7 10 16 18 3 8 15 9 
student 279: 18 14 17 2 6 12 16 19 11 5 3 1 4 13 15 20 9 8 7 10 
student 280: 18 13 15 10 3 20 5 9 17 14 6 2 1 8 19 16 4 12 7 11 
student 281: 18 9 14 12 6 15 10 17 8 2 5 3 4 7 19 16 11 1 13 20 
student 282: 13 17 10 6 9 1 19 20 12 4 5 3 11 8 14 15 18 2 7 16 
student 283: 13 19 17 3 2 15 14 20 9 5 1 6 7 4 18 12 11 16 8 10 
student 284: 20 18 17 2 8 19 9 11 15 7 1 4 5 3 14 16 6 12 13 10 
student 285: 20 16 15 5 3 14 18 1 12 7 6 4 9 8 19 17 13 2 10 11 
student 286: 20 19 17 11 7 16 4 14 10 12 5 1 2 3 18 13 6 9 15 8 
student 287: 15 17 11 2 1 10 7 20 8 13 4 9 5 16 19 12 14 3 6 18 
student 288: 15 19 9 17 5 7 13 14 16 4 11 6 8 3 20 18 2 1 10 12 
student 289: 20 10 9 2 7 19 13 16 15 11 4 3 1 8 17 12 14 5 6 18 
student 290: 14 16 13 10 5 18 7 19 9 2 11 4 3 15 20 8 17 1 6 12 
student 291: 17 16 10 2 6 12 20 18 7 5 1 4 3 13 14 11 9 8 15 19 
student 292: 18 10 19 1 2 15 12 17 9 6 14 4 3 5 20 16 8 7 13 11 
student 293: 19 7 20 3 15 11 18 2 13 6 1 4 8 10 16 17 9 12 5 14 
student 294: 8 18 11 13 5 15 17 14 3 16 1 2 10 4 19 20 7 9 6 12 
student 295: 19 17 11 16 1 18 14 15 13 10 2 5 4 7 12 9 6 3 8 20 
student 296: 14 17 16 8 6 18 12 19 9 1 10 2 7 3 20 13 5 4 11 15 
student 297: 12 14 7 10 4 16 15 18 8 13 1 5 3 2 11 17 6 19 20 9 
student 298: 20 18 12 10 5 19 15 16 9 11 8 2 4 3 17 7 6 1 14 13 
student 299: 20 9 11 18 3 19 14 17 10 5 12 2 4 7 16 15 1 13 6 8 
student 300: 19 17 15 8 1 11 16 20 12 7 2 3 4 9 18 13 10 6 14 5 
student 301: 18 4 12 7 8 19 13 15 6 16 3 1 9 5 20 14 17 2 11 10 
student 302: 20 18 15 13 5 12 8 14 16 4 1 2 10 7 19 11 6 3 9 17 
student 303: 18 19 13 4 1 12 7 20 11 15 3 2 5 8 16 10 6 14 9 17 
student 304: 18 6 13 9 4 19 17 15 10 8 1 5 3 16 20 14 11 7 2 12 
student 305: 19 15 17 14 3 10 11 9 13 16 2 1 5 8 18 20 6 4 7 12 
student 306: 14 16 9 5 3 13 12 20 15 10 1 4 8 2 18 19 7 6 11 17 
student 307: 18 14 13 11 20 10 6 15 7 5 8 1 4 9 19 17 2 3 16 12 
student 308: 20 12 16 18 3 15 10 14 9 5 1 4 6 2 13 17 8 7 19 11 
student 309: 18 20 4 13 2 19 12 14 16 15 1 5 8 10 17 7 6 3 9 11 
student 310: 7 20 12 4 2 18 5 15 17 14 8 3 1 13 19 6 10 9 11 16 
student 311: 20 15 7 5 10 17 12 19 14 16 1 2 3 9 18 8 11 6 13 4 
student 312: 12 7 18 5 9 19 17 11 20 1 4 6 3 8 15 13 14 16 10 2 
student 313: 15 18 11 14 19 12 16 13 9 7 1 2 3 6 17 10 5 4 8 20 
student 314: 18 17 16 7 6 9 15 11 14 13 2 1 4 8 20 19 3 5 12 10 
student 315: 18 19 11 4 5 15 6 20 9 13 3 1 12 2 8 17 7 16 10 14 
student 316: 19 14 10 2 1 16 17 15 4 7 13 3 5 12 20 18 8 6 11 9 
student 317: 20 15 9 6 3 19 5 14 11 13 1 4 2 8 17 18 12 10 7 16 
student 318: 18 20 14 4 7 2 16 19 11 10 9 8 17 5 15 12 3 1 13 6 
student 319: 18 20 9 7 3 11 14 19 13 10 5 2 1 6 17 15 12 4 8 16 
student 320: 13 14 16 8 7 20 11 15 6 2 4 3 12 10 19 17 18 1 9 5 
student 321: 14 12 19 8 6 15 11 17 5 10 2 3 1 4 18 13 7 20 9 16 
student 322: 18 12 5 6 1 14 16 9 19 17 10 8 4 3 20 7 15 2 13 11 
student 323: 17 19 14 13 2 18 10 15 9 6 1 5 3 8 20 11 7 4 16 12 
student 324: 16 13 20 2 5 18 15 10 17 14 9 1 4 12 3 19 7 8 6 11 
student 325: 17 20 14 1 8 19 9 11 5 6 2 4 3 7 16 18 12 10 15 13 
student 326: 20 18 13 2 5 17 8 11 19 12 3 10 1 4 14 16 7 6 9 15 
student 327: 20 16 5 9 7 18 14 11 6 8 3 2 17 13 15 4 12 1 10 19 
student 328: 19 8 17 4 1 18 10 20 12 11 6 5 2 7 13 16 9 3 14 15 
student 329: 14 18 15 13 5 16 12 17 7 9 1 2 10 6 20 19 4 3 11 8 
student 330: 16 20 19 3 6 17 5 14 12 8 1 2 4 18 15 11 7 9 10 13 
student 331: 20 15 7 17 9 13 3 16 1 4 6 2 10 14 19 12 11 5 8 18 
student 332: 16 20 9 6 11 19 18 12 15 7 3 4 1 8 13 17 14 2 10 5 
student 333: 20 19 12 8 2 13 16 11 5 18 4 1 3 9 7 10 17 6 15 14 
student 334: 20 15 17 4 10 11 7 14 12 8 2 6 3 5 18 16 1 9 13 19 
student 335: 19 14 18 9 2 11 12 20 17 16 7 1 5 6 15 10 4 3 8 13 
student 336: 16 17 14 8 4 9 20 18 6 1 2 3 5 12 15 19 11 7 13 10 
student 337: 15 13 10 4 5 18 3 11 17 16 6 1 14 2 20 19 7 9 8 12 
student 338: 20 10 18 1 4 12 13 16 11 9 7 15 3 5 17 19 6 2 8 14 
student 339: 20 14 12 2 4 17 16 9 10 5 3 1 7 8 18 19 13 6 11 15 
student 340: 19 15 18 12 6 20 9 17 11 7 2 5 1 4 16 14 3 8 10 13 
student 341: 19 20 3 2 8 18 12 16 14 9 17 4 1 6 11 7 13 5 15 10 
student 342: 20 14 13 9 5 18 11 15 17 8 3 1 7 6 19 16 4 2 10 12 
student 343: 19 16 20 5 8 12 2 14 9 4 6 1 3 15 18 10 11 7 13 17 
student 344: 10 13 4 5 6 16 17 19 12 11 3 1 9 18 20 14 8 7 2 15 
student 345: 20 15 17 5 4 9 6 18 12 2 1 7 3 14 19 10 16 11 8 13 
student 346: 13 16 8 9 10 18 12 7 11 2 6 4 3 5 20 17 14 1 19 15 
student 347: 15 19 8 5 7 11 14 12 18 4 3 1 6 9 20 16 17 10 13 2 
student 348: 20 10 15 6 7 17 9 19 18 8 1 4 2 11 14 16 5 13 3 12 
student 349: 5 19 10 6 4 16 7 17 20 2 9 3 13 15 12 11 8 1 14 18 
student 350: 19 18 10 7 3 12 8 20 15 6 5 1 4 2 16 11 9 13 14 17 
student 351: 20 13 14 3 2 16 18 17 11 15 4 1 5 8 19 12 9 6 10 7 
student 352: 20 15 6 7 11 14 16 18 12 8 4 1 3 5 9 17 13 2 19 10 
student 353: 20 19 12 2 4 15 18 16 9 17 3 1 5 7 14 13 10 6 8 11 
student 354: 19 20 11 6 7 16 12 15 17 9 5 2 4 1 18 14 8 10 3 13 
student 355: 19 14 17 1 3 9 11 16 13 12 6 2 4 10 18 20 5 7 15 8 
student 356: 20 17 10 2 13 7 4 16 6 11 1 5 18 9 19 15 8 3 12 14 
student 357: 17 20 14 3 2 18 10 11 12 5 6 1 8 4 19 13 9 16 7 15 
student 358: 16 13 11 5 2 18 12 3 17 15 8 1 7 9 20 19 10 4 6 14 
student 359: 8 20 15 13 3 19 16 18 14 6 10 5 1 12 7 17 2 11 9 4 
student 360: 17 16 19 7 2 20 8 18 13 9 5 1 4 15 14 11 10 3 12 6 
student 361: 14 10 13 4 3 20 11 9 12 16 5 1 6 15 18 19 2 7 8 17 
student 362: 16 19 15 11 1 9 10 12 14 13 8 2 5 4 18 3 7 6 20 17 
student 363: 20 9 8 7 3 16 6 14 11 13 2 1 5 12 17 15 10 4 18 19 
student 364: 19 17 20 8 3 9 14 16 12 11 6 2 4 1 18 13 10 5 15 7 
student 365: 15 14 10 4 3 20 17 18 12 7 8 1 6 5 19 16 11 2 9 13 
student 366: 18 20 11 5 1 19 10 16 13 7 3 2 4 6 15 14 9 12 8 17 
student 367: 17 20 16 5 3 8 11 12 14 19 2 1 4 9 18 7 13 6 15 10 
student 368: 19 11 20 8 2 18 14 15 16 1 7 6 3 9 13 17 5 4 10 12 
student 369: 14 20 4 3 2 18 12 13 16 17 6 1 10 7 19 15 11 9 5 8 
student 370: 18 17 15 9 10 20 3 19 2 8 4 1 5 14 13 16 7 6 12 11 
student 371: 20 16 18 5 2 12 19 15 11 7 1 3 4 10 14 13 6 9 8 17 
student 372: 19 18 9 12 10 16 4 13 8 1 6 3 5 2 17 15 7 11 14 20 
student 373: 18 20 16 8 2 17 12 11 6 4 3 1 7 15 13 19 9 5 10 14 
student 374: 19 15 14 9 5 17 10 11 13 12 4 3 1 7 18 20 2 8 6 16 
student 375: 20 18 16 9 2 13 6 11 19 12 1 8 3 5 14 17 15 4 7 10 
student 376: 19 7 15 8 6 11 16 17 13 12 2 4 14 5 20 18 10 1 3 9 
student 377: 18 19 15 13 3 16 11 7 12 10 1 9 2 8 20 6 5 4 14 17 
student 378: 20 14 16 4 8 18 15 5 9 6 3 1 7 2 17 19 13 11 10 12 
student 379: 16 15 17 4 3 19 10 20 9 7 5 2 1 6 13 14 11 18 8 12 
student 380: 18 9 1 6 2 19 10 13 15 11 7 5 4 3 20 16 12 8 14 17 
student 381: 20 19 15 10 5 17 8 12 16 4 2 9 3 13 11 18 14 6 1 7 
student 382: 20 13 10 3 2 12 19 14 15 11 1 6 5 18 16 17 7 4 9 8 
student 383: 20 18 10 9 3 12 8 16 15 7 6 17 4 2 19 14 5 13 1 11 
student 384: 19 12 15 3 8 16 4 18 7 10 1 6 9 2 20 14 5 11 13 17 
student 385: 19 11 7 9 1 18 10 17 13 4 8 5 2 3 16 15 14 6 12 20 
student 386: 20 15 18 9 1 14 17 13 5 10 2 11 4 12 19 16 7 3 6 8 
student 387: 13 5 15 17 1 20 16 18 4 11 3 2 6 10 14 12 8 7 19 9 
student 388: 12 19 13 7 9 10 11 14 17 6 3 1 4 5 15 18 8 2 16 20 
student 389: 18 20 17 9 2 14 11 19 8 12 1 5 3 13 16 15 7 6 4 10 
student 390: 15 17 10 5 7 16 13 19 14 9 3 1 4 6 20 18 2 8 11 12 
student 391: 14 18 13 7 3 20 15 17 11 8 2 5 9 10 12 16 4 1 6 19 
student 392: 19 18 10 1 2 15 9 20 16 8 4 3 13 5 17 14 6 11 7 12 
student 393: 17 19 15 9 10 8 12 16 18 6 4 7 3 5 20 2 11 14 1 13 
student 394: 19 18 13 8 2 15 16 14 11 10 6 3 4 5 12 17 9 1 7 20 
student 395: 20 8 14 4 1 18 16 17 12 9 2 5 3 13 15 19 10 6 7 11 
student 396: 20 14 12 11 1 19 5 18 9 16 3 2 4 10 17 15 6 7 13 8 
student 397: 20 15 11 7 5 18 10 19 14 12 4 2 1 13 16 9 8 6 3 17 
student 398: 18 14 15 11 1 12 8 7 10 3 4 2 5 9 17 19 16 13 6 20 
student 399: 16 20 11 13 1 18 9 19 14 17 7 2 10 4 8 15 5 3 6 12 
student 400: 20 19 13 1 8 16 11 18 6 4 2 3 5 10 17 9 12 7 14 15 
student 401: 16 17 11 18 3 19 7 20 8 15 14 1 5 6 9 13 4 2 12 10 
student 402: 20 16 15 12 1 18 11 13 17 14 2 6 3 8 10 19 7 5 9 4 
student 403: 20 14 10 3 6 11 16 18 13 8 4 1 7 9 15 12 2 5 17 19 
student 404: 18 12 10 8 17 16 3 19 7 14 2 6 13 11 20 9 5 4 1 15 
student 405: 9 19 13 12 2 18 6 15 11 10 5 17 3 8 20 1 7 4 14 16 
student 406: 15 12 17 4 2 7 10 14 11 20 8 3 9 19 18 16 1 13 6 5 
student 407: 17 15 16 11 2 19 8 20 9 12 4 3 6 13 18 14 1 7 5 10 
student 408: 18 17 10 3 5 13 12 20 9 16 1 2 4 6 14 15 7 11 8 19 
student 409: 20 17 7 1 5 11 9 14 18 12 2 4 8 10 19 6 13 15 16 3 
student 410: 20 18 11 10 4 15 9 16 7 17 3 1 5 12 8 13 14 6 2 19 
student 411: 20 17 12 2 6 16 7 8 18 10 4 1 11 5 19 14 9 3 13 15 
student 412: 14 20 13 1 9 15 4 19 18 7 2 5 12 3 16 8 6 11 17 10 
student 413: 19 17 10 5 7 18 3 16 11 14 2 1 4 8 15 13 9 6 20 12 
student 414: 18 14 12 2 9 20 5 6 8 16 4 3 10 1 15 19 13 7 17 11 
student 415: 17 19 18 8 3 12 15 14 13 2 4 7 1 6 20 16 11 5 10 9 
student 416: 16 17 10 2 1 11 13 18 19 8 3 4 6 12 14 20 15 7 5 9 
student 417: 19 18 13 12 3 10 17 15 7 16 8 2 9 5 20 14 6 4 1 11 
student 418: 18 8 12 7 4 17 14 19 5 15 1 2 10 9 20 13 11 3 6 16 
student 419: 20 19 18 2 3 13 10 12 17 6 9 1 14 5 15 8 7 4 16 11 
student 420: 19 18 14 5 4 20 12 15 11 7 1 13 2 10 16 17 6 3 9 8 
student 421: 20 16 18 2 6 14 13 9 12 15 3 1 11 4 19 17 8 10 5 7 
student 422: 11 19 8 18 3 16 4 9 17 2 5 6 1 12 10 20 14 15 7 13 
student 423: 17 20 11 1 6 16 13 15 10 12 5 3 8 4 14 18 9 2 7 19 
student 424: 20 19 16 17 13 11 5 14 15 8 7 3 6 1 18 10 4 2 9 12 
student 425: 17 9 19 4 3 16 13 18 20 1 12 2 7 5 15 11 8 14 6 10 
student 426: 18 15 13 6 3 20 10 16 14 19 1 4 9 7 17 11 2 5 8 12 
student 427: 20 17 12 4 8 19 9 14 11 16 2 3 6 1 18 13 10 7 5 15 
student 428: 20 19 14 3 8 16 11 17 7 15 1 2 4 12 18 13 5 9 6 10 
student 429: 20 19 14 1 4 18 13 16 9 7 5 3 2 10 8 17 6 12 11 15 
student 430: 15 20 2 5 8 14 13 18 12 11 1 3 6 4 16 19 9 7 10 17 
student 431: 20 15 16 5 6 19 14 18 9 8 1 2 3 12 11 13 10 4 7 17 
student 432: 18 20 12 2 3 19 17 11 8 9 10 1 5 4 15 16 14 7 6 13 
student 433: 19 12 17 4 2 20 13 7 16 15 9 5 8 6 14 11 10 3 1 18 
student 434: 20 13 12 1 7 19 11 18 10 14 3 2 5 6 15 9 4 17 8 16 
student 435: 20 19 14 5 3 17 15 16 10 11 4 2 1 6 7 18 9 8 13 12 
student 436: 20 14 19 7 5 18 12 17 9 6 4 1 2 3 16 13 8 10 11 15 
student 437: 19 18 7 10 8 5 3 20 12 13 9 1 4 11 15 17 6 2 16 14 
student 438: 17 20 9 1 3 16 7 15 12 5 2 6 8 14 18 11 19 10 4 13 
student 439: 17 10 6 4 20 18 15 14 9 12 5 3 16 2 19 11 8 1 7 13 
student 440: 19 18 14 15 6 13 9 7 8 10 1 11 3 17 16 20 2 5 12 4 
student 441: 20 18 12 6 1 19 3 16 11 9 2 5 4 10 17 15 14 7 8 13 
student 442: 20 18 9 14 7 17 13 19 15 8 3 5 1 4 11 16 6 2 10 12 
student 443: 18 19 15 7 3 17 13 16 12 10 1 2 4 6 20 14 5 9 11 8 
student 444: 20 19 16 6 4 14 15 11 8 5 2 12 3 13 17 18 9 1 7 10 
student 445: 17 20 15 10 2 13 9 14 12 11 1 4 6 8 18 19 7 3 5 16 
student 446: 19 17 12 1 4 13 14 20 18 6 2 3 7 8 15 9 11 5 16 10 
student 447: 15 19 17 12 11 20 16 18 7 13 1 2 8 5 4 14 6 3 9 10 
student 448: 19 10 18 1 6 17 8 15 11 4 2 13 7 14 20 12 5 3 9 16 
student 449: 14 15 17 3 7 19 6 18 10 11 1 2 4 8 20 16 9 5 12 13 
student 450: 16 20 4 9 2 18 12 10 11 15 5 1 3 13 14 19 8 7 6 17 
student 451: 10 20 15 2 13 18 16 12 17 8 1 7 3 11 19 14 6 4 5 9 
student 452: 13 20 15 4 8 9 10 19 11 14 1 17 3 7 16 6 5 2 12 18 
student 453: 18 20 17 6 2 15 16 19 12 11 1 3 10 4 5 9 14 8 7 13 
student 454: 18 12 15 8 1 16 10 11 20 6 3 7 4 5 17 13 9 2 19 14 
student 455: 17 16 13 3 2 14 20 19 7 15 8 1 6 9 12 18 10 4 5 11 
student 456: 14 20 17 5 3 11 2 18 16 10 19 1 7 8 15 4 9 6 12 13 
student 457: 14 20 8 1 4 7 6 17 15 19 2 11 9 3 18 12 5 10 13 16 
student 458: 9 17 13 3 11 18 19 12 10 7 6 16 2 4 20 15 8 1 5 14 
student 459: 19 18 16 2 9 15 7 11 12 10 4 1 6 3 20 17 5 8 14 13 
student 460: 12 20 17 14 4 18 16 11 15 6 5 2 7 9 19 13 8 3 1 10 
student 461: 14 18 11 10 2 20 7 16 9 15 4 1 3 6 19 17 8 5 12 13 
student 462: 18 20 19 5 2 13 8 16 11 6 1 4 10 15 14 17 7 3 12 9 
student 463: 17 16 3 1 12 20 18 19 10 7 5 4 2 8 15 14 13 6 11 9 
student 464: 15 11 16 5 8 20 17 9 19 6 2 3 4 14 18 10 12 1 13 7 
student 465: 20 19 17 2 8 18 9 15 4 7 14 11 1 3 16 10 6 5 12 13 
student 466: 17 18 20 2 4 19 16 15 11 9 3 10 5 6 13 14 7 1 8 12 
student 467: 10 20 16 7 13 17 12 18 15 9 1 3 2 6 19 8 4 5 11 14 
student 468: 19 17 15 11 4 16 6 12 10 14 3 9 20 1 18 7 8 2 13 5 
student 469: 20 18 5 10 4 17 12 13 11 3 7 1 2 15 9 8 6 14 19 16 
student 470: 20 18 7 6 1 16 10 12 9 14 3 11 4 5 19 15 13 2 8 17 
student 471: 17 14 16 11 9 19 18 3 12 15 8 7 4 2 20 10 13 1 5 6 
student 472: 17 14 12 3 1 20 7 8 10 13 2 4 15 6 9 19 11 5 16 18 
student 473: 18 17 13 9 5 20 11 14 3 7 4 1 12 8 16 15 19 6 2 10 
student 474: 14 20 13 4 5 19 10 6 15 16 2 11 8 9 17 18 12 3 1 7 
student 475: 16 12 19 18 5 13 10 11 9 7 1 2 4 15 17 20 3 6 8 14 
student 476: 18 10 16 9 1 8 4 20 5 14 2 3 6 7 19 17 11 13 12 15 
student 477: 20 12 17 3 9 19 2 15 13 5 6 4 16 14 18 7 1 11 10 8 
student 478: 20 18 15 11 6 3 16 13 12 4 5 2 1 9 19 17 10 7 14 8 
student 479: 16 17 18 3 1 13 5 8 11 4 6 2 7 9 20 19 10 14 12 15 
student 480: 19 17 5 1 6 20 14 18 15 7 10 4 2 12 16 9 11 3 13 8 
student 481: 17 8 15 12 11 9 18 10 13 1 5 3 6 14 19 20 16 2 4 7 
student 482: 20 16 12 7 3 13 19 4 10 11 1 2 8 6 18 14 9 5 17 15 
student 483: 10 19 11 14 4 12 13 20 18 2 3 5 8 9 15 7 16 1 17 6 
student 484: 17 19 16 6 3 10 2 13 18 11 4 1 7 12 20 14 8 5 9 15 
student 485: 19 15 11 10 1 20 9 13 14 16 3 8 7 2 17 12 6 4 5 18 
student 486: 18 19 13 7 10 20 5 15 17 6 1 2 3 12 16 14 9 4 8 11 
student 487: 20 19 16 10 6 11 14 8 9 5 3 1 2 4 15 17 18 7 12 13 
student 488: 20 18 9 4 2 19 5 15 12 7 1 3 6 8 17 16 10 14 11 13 
student 489: 16 19 12 17 3 11 13 14 8 15 1 5 2 10 20 18 4 6 9 7 
student 490: 20 9 17 10 8 18 15 13 7 11 4 1 3 2 19 16 5 6 12 14 
student 491: 20 19 7 14 9 17 2 15 12 3 6 4 1 5 16 18 8 10 11 13 
student 492: 20 14 19 6 1 16 17 13 10 5 3 2 4 7 18 8 12 11 9 15 
student 493: 18 20 17 8 2 19 7 15 16 10 6 3 1 13 11 14 9 4 5 12 
student 494: 20 18 12 8 1 13 6 17 10 7 11 4 3 15 14 9 5 2 16 19 
student 495: 20 18 14 7 1 13 8 19 12 15 5 4 2 6 16 17 3 9 11 10 
student 496: 20 18 12 8 1 15 9 13 11 7 3 4 2 10 19 14 16 5 6 17 
student 497: 19 15 6 10 5 17 16 20 1 4 2 8 9 18 14 12 11 7 3 13 
student 498: 20 17 1 4 3 7 19 15 12 11 9 2 8 6 18 14 16 10 5 13 
student 499: 20 16 18 2 1 12 15 19 13 9 3 5 8 4 17 10 7 6 11 14 
student 500: 20 19 17 8 4 18 16 7 10 5 1 13 3 6 11 12 2 14 9 15 
student 501: 19 15 16 5 10 18 4 14 20 7 13 2 6 1 17 12 11 9 3 8 
student 502: 20 9 18 4 7 13 6 8 17 10 2 3 12 5 15 16 19 1 11 14 
student 503: 15 11 14 8 4 16 17 20 7 13 3 9 1 12 19 10 5 2 6 18 
student 504: 16 5 18 8 6 9 4 13 17 14 2 7 1 12 20 19 10 3 15 11 
student 505: 9 20 10 14 4 16 12 19 6 18 2 3 1 7 17 15 8 11 13 5 
student 506: 20 13 14 6 2 19 17 12 18 11 9 1 4 10 16 5 7 3 8 15 
student 507: 17 3 13 8 9 20 6 11 15 14 1 2 5 19 18 16 12 7 10 4 
student 508: 19 17 10 4 1 15 20 12 14 9 3 5 6 11 18 7 13 8 2 16 
student 509: 14 15 3 5 4 7 18 20 12 10 2 6 1 9 13 16 11 8 19 17 
student 510: 9 20 15 2 7 19 11 16 5 8 6 4 1 10 18 13 3 12 14 17 
student 511: 18 20 17 6 1 10 16 13 15 11 8 2 4 3 12 19 5 9 7 14 
student 512: 20 19 18 13 4 14 12 15 16 3 1 2 8 6 17 10 9 5 7 11 
student 513: 18 7 14 9 2 16 13 15 17 11 3 4 1 10 19 6 12 5 8 20 
student 514: 18 17 14 16 2 15 12 19 13 7 1 3 9 4 20 11 6 5 8 10 
student 515: 20 13 5 4 2 6 8 16 12 14 1 3 7 10 18 19 9 15 11 17 
student 516: 19 20 9 3 2 14 10 17 8 1 5 7 13 15 18 12 4 11 6 16 
student 517: 18 19 12 8 4 10 5 17 6 14 11 7 1 9 20 16 3 2 13 15 
student 518: 8 20 15 4 3 13 10 14 17 7 1 2 5 9 18 16 12 6 11 19 
student 519: 20 17 12 1 7 5 10 18 16 4 2 3 13 6 8 14 9 11 15 19 
student 520: 18 20 12 9 6 14 17 16 19 10 3 1 2 13 15 11 5 7 8 4 
student 521: 18 8 13 1 12 10 11 14 20 5 6 2 4 9 16 17 3 7 19 15 
student 522: 19 17 6 14 7 16 12 9 15 10 4 3 8 2 20 18 11 1 5 13 
student 523: 20 18 12 4 7 19 2 13 11 5 1 9 3 10 17 15 8 6 16 14 
student 524: 20 19 12 3 2 17 11 16 10 14 5 1 9 6 13 18 7 8 4 15 
student 525: 16 18 10 8 9 14 4 11 13 7 1 2 12 17 20 19 6 5 3 15 
student 526: 14 19 13 6 2 17 15 9 16 7 12 1 5 3 11 20 4 8 10 18 
student 527: 12 18 2 10 7 11 8 17 15 9 3 1 5 13 19 16 4 20 6 14 
student 528: 18 20 15 10 4 13 19 9 1 7 3 8 5 11 14 16 12 6 2 17 
student 529: 18 11 16 8 6 14 12 17 13 9 1 2 3 10 20 5 7 4 15 19 
student 530: 20 10 12 4 9 15 16 13 3 17 1 2 11 5 19 18 6 7 14 8 
student 531: 17 13 14 8 4 11 15 19 18 5 2 1 10 7 12 20 16 6 9 3 
student 532: 19 18 20 2 4 16 13 15 1 11 3 6 5 12 7 14 10 9 8 17 
student 533: 19 17 9 3 2 15 18 14 16 8 5 1 6 10 20 11 7 4 13 12 
student 534: 20 19 14 8 4 15 13 7 10 6 1 3 2 9 12 17 11 5 18 16 
student 535: 19 18 10 4 7 13 5 20 16 12 3 2 11 6 17 15 9 1 14 8 
student 536: 19 12 16 17 1 20 11 9 8 7 2 3 4 6 10 18 15 5 13 14 
student 537: 19 13 8 4 2 20 7 16 12 5 1 10 3 14 15 18 11 6 9 17 
student 538: 17 13 14 9 3 19 2 16 6 11 5 1 4 10 18 20 15 8 7 12 
student 539: 10 13 17 2 9 18 7 15 20 8 6 3 12 5 14 4 16 1 11 19 
student 540: 16 17 20 3 6 14 2 15 11 8 13 1 4 19 18 12 9 5 7 10 
student 541: 18 15 13 2 3 20 8 16 12 19 6 4 5 11 17 14 10 9 1 7 
student 542: 19 13 11 2 10 20 6 12 8 15 1 3 4 18 9 14 17 7 5 16 
student 543: 14 17 20 7 15 10 8 16 18 6 3 4 9 5 19 11 12 1 2 13 
student 544: 11 19 10 4 3 14 17 16 18 8 1 2 9 7 20 5 6 13 15 12 
student 545: 19 16 11 7 6 13 9 18 17 12 1 2 3 4 15 20 14 5 8 10 
student 546: 13 20 19 5 1 8 12 10 17 14 3 2 15 6 18 7 4 9 11 16 
student 547: 14 20 9 7 5 18 3 19 15 13 2 4 1 8 11 17 12 6 10 16 
student 548: 20 13 10 6 3 11 17 16 7 15 2 1 5 4 19 18 12 8 14 9 
student 549: 16 18 15 2 6 11 10 20 12 9 4 1 14 3 19 17 5 7 8 13 
student 550: 9 14 6 1 3 12 16 15 18 11 7 2 10 5 20 13 8 4 17 19 
student 551: 20 18 14 3 6 12 15 13 11 5 9 1 7 8 19 16 4 2 10 17 
student 552: 14 18 16 2 3 19 11 15 12 4 6 1 5 7 20 17 10 8 9 13 
student 553: 19 20 18 14 2 16 13 8 4 11 6 1 5 3 12 15 9 10 17 7 
student 554: 19 15 16 2 12 17 8 18 5 9 4 3 1 13 20 10 7 6 14 11 
student 555: 18 16 8 9 10 20 17 15 5 11 3 1 2 6 19 14 7 4 13 12 
student 556: 20 18 3 5 8 19 12 15 13 10 1 4 2 11 17 16 6 7 9 14 
student 557: 20 19 9 7 4 18 16 17 8 11 2 5 6 1 14 13 12 3 10 15 
student 558: 20 12 1 8 3 19 7 13 9 11 14 6 2 4 17 18 5 15 10 16 
student 559: 20 18 9 6 3 17 8 15 13 12 4 2 7 10 16 19 1 5 14 11 
student 560: 20 7 5 2 13 17 11 16 4 8 19 3 6 10 18 14 9 1 12 15 
student 561: 17 15 4 6 8 20 14 18 11 3 1 7 2 5 19 13 9 16 10 12 
student 562: 20 6 19 9 4 18 8 11 15 16 3 1 10 7 13 2 12 5 14 17 
student 563: 20 11 13 7 2 17 9 15 12 6 1 8 4 3 19 14 5 18 10 16 
student 564: 20 18 10 5 2 13 17 12 9 3 6 4 1 7 16 15 11 8 14 19 
student 565: 13 19 7 6 2 14 12 4 15 11 1 3 5 16 18 17 9 10 8 20 
student 566: 18 15 12 3 5 19 6 13 20 9 4 2 1 8 16 14 17 7 11 10 
student 567: 18 19 17 6 4 16 9 14 10 13 1 3 2 7 20 15 12 5 11 8 
student 568: 18 20 16 6 7 15 1 17 10 12 2 3 5 9 19 13 11 4 8 14 
student 569: 19 13 16 5 3 20 11 15 14 4 9 1 7 12 17 10 6 2 8 18 
student 570: 18 15 16 8 7 11 13 20 14 9 6 2 1 10 19 17 3 5 4 12 
student 571: 16 15 19 7 2 13 9 20 11 14 6 3 4 1 17 8 12 5 18 10 
student 572: 20 17 10 3 9 15 16 18 1 7 4 2 5 12 19 8 14 6 11 13 
student 573: 19 14 16 13 10 4 20 15 6 11 5 1 3 12 17 9 8 2 7 18 
student 574: 11 7 12 1 6 20 15 18 9 16 5 3 13 4 19 17 10 2 8 14 
student 575: 20 9 11 7 12 16 4 18 14 17 2 19 5 8 10 1 15 3 6 13 
student 576: 20 16 13 5 7 17 14 3 19 4 6 2 8 1 18 15 12 10 11 9 
student 577: 17 14 19 8 3 16 15 12 20 5 1 2 10 11 18 13 7 4 9 6 
student 578: 9 14 17 11 3 20 7 15 13 5 1 2 4 10 18 19 12 6 8 16 
student 579: 17 14 9 12 10 19 13 11 6 8 3 4 1 7 16 15 2 5 18 20 
student 580: 7 19 12 6 3 16 4 20 13 5 15 1 8 2 18 17 11 9 10 14 
student 581: 15 17 18 5 8 9 20 13 3 16 1 4 10 12 11 19 2 7 6 14 
student 582: 19 17 12 7 1 20 15 11 13 6 4 2 8 5 18 16 9 3 10 14 
student 583: 14 19 12 8 1 9 13 15 10 17 5 2 6 3 20 16 7 4 11 18 
student 584: 20 17 14 3 1 16 10 11 13 7 9 2 4 6 12 19 18 5 8 15 
student 585: 18 14 13 5 15 19 16 17 10 9 1 3 7 4 20 12 6 2 8 11 
student 586: 20 18 17 1 4 11 7 16 12 9 3 2 6 13 19 15 5 8 10 14 
student 587: 14 20 18 8 7 13 10 16 3 11 5 1 2 6 19 17 9 4 12 15 
student 588: 11 20 13 9 10 19 1 18 17 16 5 2 7 4 15 8 6 3 12 14 
student 589: 20 16 2 10 1 18 9 14 5 17 8 4 15 7 19 12 3 13 11 6 
student 590: 12 15 10 2 5 14 8 11 17 6 4 3 1 16 20 13 7 9 18 19 
student 591: 18 17 9 14 10 6 12 20 16 7 1 3 5 4 8 19 11 2 15 13 
student 592: 11 15 20 14 5 19 4 18 9 8 6 1 2 7 17 12 3 10 16 13 
student 593: 18 16 17 3 1 11 19 10 13 12 2 9 6 4 14 20 5 8 7 15 
student 594: 17 20 14 4 5 19 8 16 13 10 2 1 7 6 18 15 9 3 11 12 
student 595: 20 18 11 3 6 19 17 16 7 13 5 2 8 9 14 15 4 10 1 12 
student 596: 13 18 17 2 3 19 5 16 10 4 11 6 1 9 12 20 15 7 14 8 
student 597: 20 16 18 5 4 15 12 14 17 2 13 8 1 6 19 11 7 9 3 10 
student 598: 17 18 20 6 5 19 14 16 13 8 1 7 9 11 4 12 2 3 10 15 
student 599: 19 17 11 10 3 20 12 15 16 8 2 4 9 1 7 14 5 13 18 6 
student 600: 20 19 5 10 7 16 14 13 6 11 4 15 3 2 17 8 9 1 12 18 
student 601: 16 20 5 4 11 14 10 17 18 13 6 1 8 7 19 12 2 3 9 15 
student 602: 19 17 11 14 6 20 13 3 10 1 7 2 12 5 18 16 9 4 8 15 
student 603: 20 17 18 2 3 13 5 14 10 12 6 1 7 9 19 16 8 4 11 15 
student 604: 16 14 18 7 4 19 15 20 12 8 3 1 2 5 10 9 17 6 11 13 
student 605: 19 14 12 1 3 9 7 13 11 17 15 2 4 6 20 18 8 16 5 10 
student 606: 20 15 12 9 10 16 5 7 11 13 1 2 6 3 17 18 4 8 14 19 
student 607: 11 17 15 7 3 18 6 20 13 8 5 2 1 14 10 12 9 4 16 19 
student 608: 16 19 12 1 3 17 6 20 10 8 11 7 5 2 18 15 9 4 13 14 
student 609: 18 12 14 7 4 20 9 17 13 19 3 1 2 8 15 16 6 5 10 11 
student 610: 13 17 10 5 8 18 1 16 19 12 2 3 4 6 20 15 9 7 11 14 
student 611: 16 18 15 5 4 10 12 20 14 8 2 1 7 9 19 17 6 3 11 13 
student 612: 20 16 18 4 1 17 12 13 7 14 2 3 11 10 19 8 9 6 5 15 
student 613: 13 17 11 14 2 16 7 15 19 9 1 4 5 8 18 12 6 3 10 20 
student 614: 18 15 20 6 3 9 13 19 12 8 4 2 5 1 17 14 7 10 11 16 
student 615: 17 20 15 2 3 14 16 19 11 8 1 4 10 6 18 7 12 13 9 5 
student 616: 7 20 5 4 11 19 14 16 10 8 3 18 1 6 15 17 2 12 13 9 
student 617: 17 18 16 7 3 19 11 20 9 1 5 2 6 4 13 12 15 14 10 8 
student 618: 20 16 4 9 14 15 17 10 12 5 3 2 7 8 18 6 11 1 13 19 
student 619: 20 9 18 8 5 12 16 19 10 4 3 2 11 6 17 15 1 7 13 14 
student 620: 20 18 19 12 7 9 13 14 2 8 4 1 11 10 15 16 17 6 5 3 
student 621: 20 18 17 10 5 14 4 15 7 8 16 3 6 9 19 12 13 2 1 11 
student 622: 12 18 15 8 2 6 9 17 13 5 10 1 7 11 19 20 16 4 3 14 
student 623: 20 15 5 4 8 16 11 18 17 14 1 3 2 10 19 13 9 6 7 12 
student 624: 8 17 16 10 5 20 12 19 13 7 2 4 1 11 14 18 3 6 9 15 
student 625: 18 20 5 15 3 11 9 17 12 8 6 1 4 2 19 16 13 14 7 10 
student 626: 1 18 15 9 10 17 11 20 6 12 4 2 3 7 16 19 8 5 14 13 
student 627: 20 17 9 5 7 14 8 6 15 11 1 2 13 3 19 16 4 10 18 12 
student 628: 5 20 14 3 1 16 11 19 18 12 4 2 7 15 17 8 9 10 6 13 
student 629: 18 17 6 15 2 14 13 10 12 19 1 4 3 7 16 5 20 8 9 11 
student 630: 18 20 16 5 2 11 9 19 8 13 3 6 7 12 15 17 4 1 10 14 
student 631: 20 10 1 4 7 15 13 17 9 18 6 3 16 19 14 2 5 11 8 12 
student 632: 15 20 14 6 3 18 16 19 9 5 10 11 4 8 17 12 2 1 13 7 
student 633: 18 19 12 8 1 14 10 13 16 15 7 2 4 6 20 17 5 11 9 3 
student 634: 20 12 9 11 4 19 2 15 17 16 6 1 5 7 18 14 8 3 10 13 
student 635: 9 20 13 7 10 19 12 17 15 5 2 1 3 11 6 18 4 8 16 14 
student 636: 16 10 20 4 14 15 17 7 1 5 2 11 6 12 19 13 8 3 18 9 
student 637: 13 19 17 7 2 4 9 18 10 8 1 6 3 11 16 20 15 14 5 12 
student 638: 18 20 11 7 10 19 14 16 2 15 1 5 6 13 17 8 3 12 4 9 
student 639: 17 15 11 14 3 20 5 10 12 8 2 1 6 9 19 16 7 13 4 18 
student 640: 18 17 14 7 3 19 16 9 13 8 2 12 5 6 11 20 1 4 15 10 
student 641: 16 18 13 12 6 17 8 10 20 7 3 1 5 15 4 11 2 9 19 14 
student 642: 20 19 18 8 5 17 12 10 11 6 1 3 9 7 15 13 14 2 16 4 
student 643: 20 11 18 5 19 16 17 15 8 7 2 6 10 9 13 12 3 1 14 4 
student 644: 13 19 4 8 10 14 7 9 17 16 1 5 2 11 15 18 12 6 3 20 
student 645: 14 17 16 11 2 20 9 10 13 12 5 1 4 8 18 19 7 3 6 15 
student 646: 20 19 17 12 1 18 7 15 8 14 6 11 2 3 5 9 13 4 16 10 
student 647: 20 19 8 4 3 12 11 16 18 13 2 1 6 5 14 17 10 7 9 15 
student 648: 20 18 14 3 4 16 10 19 15 6 1 2 9 5 17 8 11 7 12 13 
student 649: 20 4 15 5 7 19 9 18 13 8 14 1 3 11 16 10 12 2 6 17 
student 650: 16 11 18 7 3 20 15 14 19 8 5 6 1 2 13 17 9 4 10 12 
student 651: 17 19 13 2 3 20 16 18 11 7 1 6 5 4 9 15 10 12 8 14 
student 652: 17 20 11 3 4 16 18 19 12 14 1 2 5 7 13 15 6 10 8 9 
student 653: 18 17 14 4 9 12 7 13 16 10 2 3 1 6 20 19 15 5 8 11 
student 654: 20 15 7 10 4 19 9 18 17 11 3 6 1 5 14 16 8 13 12 2 
student 655: 14 12 16 4 3 19 7 18 10 9 2 1 6 17 20 13 8 5 11 15 
student 656: 19 17 18 7 4 16 6 15 9 14 1 2 10 5 20 11 8 3 12 13 
student 657: 17 18 20 6 1 7 14 19 15 13 3 2 11 5 16 4 8 9 12 10 
student 658: 16 13 15 5 1 14 12 20 8 10 17 7 4 6 19 18 11 3 2 9 
student 659: 17 16 13 4 3 14 9 8 7 19 2 1 5 15 20 18 12 10 11 6 
student 660: 19 18 17 5 2 16 12 13 11 7 4 1 3 10 20 14 6 9 8 15 
student 661: 20 18 9 2 4 19 5 15 13 16 8 3 6 10 17 12 7 1 14 11 
student 662: 18 20 10 8 11 17 15 13 1 5 2 3 4 9 19 14 12 7 16 6 
student 663: 19 17 15 3 4 14 5 13 12 16 10 7 2 8 18 20 11 1 6 9 
student 664: 13 20 16 3 7 15 18 19 8 5 4 1 2 10 9 14 11 6 12 17 
student 665: 18 19 15 2 1 20 7 11 12 6 16 9 4 8 13 14 3 5 10 17 
student 666: 18 19 14 7 3 16 15 13 11 6 1 10 8 2 17 12 9 4 5 20 
student 667: 18 19 14 7 3 16 4 13 11 12 2 1 6 10 20 17 15 5 8 9 
student 668: 20 13 15 10 6 17 9 18 12 8 3 2 4 1 19 16 11 7 5 14 
student 669: 17 16 13 11 8 12 7 18 10 14 4 3 15 2 19 20 9 5 6 1 
student 670: 17 16 20 11 2 19 15 18 9 5 14 1 6 3 12 10 4 7 8 13 
student 671: 17 13 9 2 5 19 20 15 16 12 1 3 14 11 18 4 6 10 8 7 
student 672: 14 15 20 6 1 19 13 4 10 5 3 8 2 16 18 17 7 9 12 11 
student 673: 18 15 10 7 1 20 11 19 17 16 6 2 4 3 9 12 5 13 8 14 
student 674: 18 19 16 9 6 13 15 20 11 3 4 2 8 5 17 12 10 1 14 7 
student 675: 16 12 10 8 2 14 6 15 11 17 7 4 5 3 19 20 9 1 13 18 
student 676: 15 20 12 1 11 18 13 17 6 2 5 4 10 8 19 9 16 3 14 7 
student 677: 15 19 16 11 6 20 8 14 13 9 3 4 5 2 17 12 7 1 18 10 
student 678: 18 14 17 5 1 15 4 19 16 13 2 3 9 6 20 12 8 11 10 7 
student 679: 15 17 9 8 1 19 16 18 11 13 3 5 4 6 20 14 2 7 10 12 
student 680: 20 17 10 8 1 19 14 13 4 7 3 5 2 15 18 6 11 9 16 12 
student 681: 16 20 6 10 8 19 11 14 7 5 2 1 9 4 15 12 18 3 13 17 
student 682: 20 14 19 5 6 17 18 15 13 11 2 3 4 12 16 9 8 1 7 10 
student 683: 20 11 19 9 4 17 12 15 10 6 7 3 2 5 18 16 13 1 8 14 
student 684: 19 17 15 6 3 16 12 14 13 5 11 7 2 4 10 9 1 18 8 20 
student 685: 17 16 14 11 1 15 12 20 13 10 9 8 6 19 4 18 3 2 7 5 
student 686: 19 18 15 1 10 20 12 17 11 8 6 3 7 2 14 4 5 9 16 13 
student 687: 5 16 15 13 2 19 4 18 14 1 9 3 7 12 20 17 6 8 10 11 
student 688: 17 16 20 11 2 18 1 19 12 8 9 5 6 4 15 14 7 3 10 13 
student 689: 11 14 7 8 1 13 16 17 10 15 3 4 5 6 18 12 2 9 20 19 
student 690: 18 16 15 4 2 17 7 20 12 8 1 5 6 9 14 19 11 3 10 13 
student 691: 20 13 15 4 2 19 11 17 9 7 10 18 3 8 14 12 5 1 6 16 
student 692: 18 17 10 4 3 14 7 12 16 13 11 1 2 8 20 15 6 5 9 19 
student 693: 19 20 11 8 5 15 17 13 16 10 2 1 4 9 18 14 6 12 3 7 
student 694: 14 19 10 13 2 18 8 11 9 7 4 1 5 12 20 17 3 16 6 15 
student 695: 18 17 1 9 8 16 4 20 14 10 7 2 3 13 19 12 11 6 5 15 
student 696: 19 11 13 6 5 16 10 4 18 9 8 2 15 7 17 14 1 3 20 12 
student 697: 17 7 15 9 1 20 16 19 6 4 5 2 14 12 18 8 13 3 10 11 
student 698: 16 18 9 19 6 20 8 15 11 17 5 1 3 2 13 14 10 4 7 12 
student 699: 15 12 7 5 2 19 3 20 16 13 1 4 9 6 14 18 11 10 8 17 
student 700: 17 14 16 7 18 11 12 6 15 10 1 2 4 8 13 19 3 5 9 20 
student 701: 20 15 16 8 6 19 14 12 7 11 3 1 5 9 17 18 4 2 13 10 
student 702: 19 20 18 6 4 9 2 15 8 12 5 3 1 13 17 14 7 10 16 11 
student 703: 13 14 20 3 9 18 6 16 8 15 10 1 2 19 11 17 7 4 5 12 
student 704: 17 18 19 8 1 15 9 12 7 11 5 2 4 6 16 20 13 10 3 14 
student 705: 20 17 8 7 15 18 9 16 13 4 5 2 6 3 1 19 12 11 10 14 
student 706: 17 18 14 8 4 16 11 20 5 7 3 1 9 10 19 13 6 2 12 15 
student 707: 20 19 15 3 1 14 6 13 11 9 2 5 7 4 18 17 16 8 10 12 
student 708: 13 20 8 3 5 17 12 14 10 15 1 2 4 6 19 18 11 7 16 9 
student 709: 16 4 14 9 3 15 11 20 7 2 1 5 10 12 17 6 19 13 18 8 
student 710: 14 16 11 4 8 19 3 20 13 10 9 6 1 2 18 15 7 5 17 12 
student 711: 20 14 8 2 6 16 9 18 11 10 5 1 4 13 19 15 7 3 17 12 
student 712: 18 19 20 7 3 17 1 16 12 4 2 10 5 8 13 15 9 6 11 14 
student 713: 15 20 12 5 3 17 9 18 11 16 2 1 6 8 19 14 10 4 7 13 
student 714: 19 16 17 7 5 14 13 18 15 9 1 2 4 10 20 12 8 11 6 3 
student 715: 15 20 16 4 2 18 11 9 14 17 5 1 3 6 13 7 8 12 10 19 
student 716: 13 17 16 6 1 14 15 20 5 10 4 2 3 7 19 11 8 9 12 18 
student 717: 19 17 14 11 1 16 7 15 13 10 2 8 6 3 9 18 5 4 12 20 
student 718: 19 18 14 6 4 16 12 15 11 8 3 2 1 7 17 20 10 5 9 13 
student 719: 18 17 6 7 4 19 15 20 11 9 3 1 2 10 16 14 12 8 13 5 
student 720: 14 6 17 19 2 10 5 15 1 4 18 7 8 3 20 13 12 11 9 16 
student 721: 18 15 8 11 4 19 10 12 14 20 5 1 7 6 17 16 2 3 9 13 
student 722: 18 12 4 6 1 11 14 7 16 17 2 8 9 3 20 13 10 5 15 19 
student 723: 15 16 19 8 4 12 6 17 14 5 3 7 10 1 18 20 9 2 13 11 
student 724: 18 14 19 4 5 9 8 13 20 6 3 1 7 15 17 12 10 2 11 16 
student 725: 18 20 9 1 2 17 4 15 13 6 5 3 8 10 16 11 19 7 12 14 
student 726: 18 17 19 9 4 13 7 14 15 8 1 6 2 5 12 20 11 3 10 16 
student 727: 19 18 17 6 4 20 14 12 15 1 9 3 2 8 11 16 7 5 13 10 
student 728: 18 20 19 12 3 14 8 17 9 4 7 1 2 6 16 13 15 5 10 11 
student 729: 19 18 12 4 2 17 16 10 8 6 7 1 15 5 20 13 11 3 9 14 
student 730: 19 18 7 5 2 17 14 12 13 8 4 3 15 6 20 10 11 1 9 16 
student 731: 19 16 3 7 6 18 20 9 14 10 4 2 5 8 12 11 13 1 17 15 
student 732: 18 19 12 2 5 15 10 14 13 8 4 3 7 9 20 17 6 1 16 11 
student 733: 18 20 17 4 2 19 3 6 16 12 8 1 9 11 15 10 13 5 7 14 
student 734: 18 10 11 16 8 17 6 13 12 7 1 3 9 2 19 15 5 4 20 14 
student 735: 19 17 7 1 9 18 10 15 13 16 8 11 2 5 14 20 3 4 6 12 
student 736: 15 14 19 7 1 11 18 16 17 9 3 10 6 4 20 12 5 2 8 13 
student 737: 18 19 16 7 4 13 17 20 5 8 1 2 11 6 10 14 9 3 12 15 
student 738: 17 18 12 3 6 16 14 20 7 15 5 2 1 8 19 11 13 4 9 10 
student 739: 16 19 18 2 6 20 7 14 10 11 1 8 3 13 15 17 5 4 9 12 
student 740: 19 18 14 7 1 16 15 13 11 10 4 5 6 3 17 20 8 2 9 12 
student 741: 20 14 17 9 7 16 11 12 10 6 4 2 1 3 19 15 8 5 13 18 
student 742: 20 19 15 7 9 18 12 17 8 1 2 6 3 4 11 16 14 5 13 10 
student 743: 20 17 6 11 2 16 3 18 8 13 1 4 5 12 19 7 14 9 15 10 
student 744: 18 10 12 8 2 19 9 17 11 14 5 3 1 16 20 13 4 7 6 15 
student 745: 19 17 16 12 11 18 9 15 5 7 3 4 8 13 20 14 6 2 1 10 
student 746: 20 16 13 14 1 18 12 17 9 2 4 3 5 10 19 15 7 6 8 11 
student 747: 20 18 9 15 1 13 14 11 8 19 10 3 5 4 17 16 12 6 2 7 
student 748: 20 13 17 3 8 9 14 16 11 7 5 12 1 4 15 10 6 2 19 18 
student 749: 17 19 15 3 6 18 16 20 2 10 1 4 7 9 13 12 11 5 8 14 
student 750: 20 19 14 16 2 15 10 13 11 7 3 1 5 9 18 17 6 4 8 12 
student 751: 18 16 9 2 10 19 4 17 15 14 7 3 1 5 20 13 11 12 6 8 
student 752: 20 19 16 12 5 17 8 18 10 7 3 1 9 2 15 13 4 11 6 14 
student 753: 20 17 13 4 3 18 8 15 11 7 2 5 1 10 19 12 9 6 14 16 
student 754: 20 19 12 4 1 18 7 16 10 11 2 8 5 6 17 13 15 14 3 9 
student 755: 15 11 17 12 4 14 16 20 7 9 10 6 5 2 18 19 3 1 13 8 
student 756: 16 14 12 8 4 18 17 13 9 10 3 1 2 5 15 20 7 11 6 19 
student 757: 20 12 7 10 4 18 8 14 16 17 3 1 15 2 19 13 5 11 6 9 
student 758: 17 13 19 3 4 14 5 20 9 10 12 1 8 7 15 18 6 2 16 11 
student 759: 16 14 13 7 4 20 8 19 12 11 1 2 5 10 17 18 9 6 15 3 
student 760: 19 17 9 5 2 15 13 18 14 8 3 1 4 6 20 12 11 7 10 16 
student 761: 15 20 19 3 2 17 18 9 7 4 10 13 1 16 11 14 12 5 6 8 
student 762: 19 1 13 5 3 14 9 17 20 12 8 6 10 2 18 16 7 15 4 11 
student 763: 20 19 10 11 2 16 7 14 9 5 1 6 3 8 18 12 13 4 17 15 
student 764: 17 10 16 8 1 19 14 12 13 7 4 3 15 6 20 18 11 2 5 9 
student 765: 18 19 16 8 2 13 17 14 6 11 3 1 15 7 20 10 5 4 9 12 
student 766: 18 17 11 1 3 12 9 19 20 4 5 8 6 2 14 16 15 7 10 13 
student 767: 18 20 12 5 3 14 8 13 2 19 4 7 1 9 11 15 10 6 17 16 
student 768: 18 19 14 4 2 17 13 9 6 12 7 1 5 3 15 20 11 10 8 16 
student 769: 17 20 13 7 4 18 11 10 14 3 2 1 8 6 19 15 12 5 9 16 
student 770: 16 12 14 9 17 20 5 8 10 3 1 2 7 19 18 15 4 11 6 13 
student 771: 19 18 12 6 2 9 11 17 13 15 7 3 14 4 16 20 5 1 8 10 
student 772: 19 13 5 15 3 20 7 16 12 10 9 1 2 14 17 18 6 4 11 8 
student 773: 14 20 18 6 2 15 17 16 9 3 4 1 8 5 19 11 13 7 12 10 
student 774: 17 12 11 3 2 13 6 20 16 19 7 1 8 10 15 14 4 9 5 18 
student 775: 18 20 17 10 3 11 12 15 9 7 2 4 5 1 19 14 6 8 16 13 
student 776: 18 15 17 7 5 14 2 16 10 9 3 1 11 20 19 13 12 8 6 4 
student 777: 19 14 10 8 3 15 20 6 2 9 5 7 1 12 18 13 11 4 16 17 
student 778: 20 16 17 15 2 19 13 9 10 12 4 14 3 1 5 18 6 8 11 7 
student 779: 18 14 3 13 2 19 10 16 17 4 5 1 9 6 20 8 7 12 11 15 
student 780: 17 20 10 19 2 8 6 15 14 4 12 3 1 16 13 18 5 9 11 7 
student 781: 14 17 19 11 6 16 13 9 7 20 5 1 2 4 18 3 15 12 8 10 
student 782: 8 7 13 1 2 14 9 19 20 11 12 3 4 6 17 18 10 5 16 15 
student 783: 19 16 12 5 2 17 11 18 8 4 3 1 7 10 20 15 9 6 13 14 
student 784: 14 17 13 5 8 19 6 11 10 12 2 4 3 7 20 16 9 1 15 18 
student 785: 19 13 7 3 2 10 4 20 18 6 5 16 1 8 15 9 11 14 17 12 
student 786: 17 19 8 9 2 10 3 20 15 11 4 1 13 5 18 12 6 7 14 16 
student 787: 20 12 14 1 2 18 8 15 19 7 5 4 9 10 17 11 6 3 16 13 
student 788: 20 16 13 4 3 19 15 11 18 8 6 1 10 5 17 14 7 2 9 12 
student 789: 14 18 16 7 2 10 19 17 11 9 1 3 6 15 20 12 4 8 13 5 
student 790: 17 18 16 1 2 14 11 19 15 7 5 3 4 6 20 13 8 10 9 12 
student 791: 20 16 14 1 6 11 12 10 13 9 18 4 3 2 19 17 5 7 8 15 
student 792: 19 14 18 3 2 20 10 15 17 13 4 1 5 9 12 8 7 6 11 16 
student 793: 18 4 10 1 2 16 20 14 15 9 3 8 6 5 19 17 11 12 13 7 
student 794: 7 20 4 2 12 11 10 17 13 14 5 1 3 6 19 18 8 9 16 15 
student 795: 19 8 10 9 7 12 17 14 15 11 1 2 3 5 20 13 18 4 6 16 
student 796: 14 17 7 9 1 20 10 16 13 5 12 2 4 11 18 6 19 3 8 15 
student 797: 13 20 8 16 3 15 14 11 18 5 1 4 10 9 12 19 6 2 17 7 
student 798: 20 3 12 5 2 17 7 14 11 9 6 8 10 15 16 19 4 1 18 13 
student 799: 17 14 11 20 7 13 6 19 18 3 1 5 10 12 15 16 8 2 4 9 
