student 0: 19 6 5 7 2 17 3 16 12 18 11 8 14 20 10 15 13 1 4 9 
student 1: 18 12 15 3 6 16 4 5 2 8 17 10 14 11 13 19 20 1 9 7 
student 2: 19 7 4 3 1 12 2 16 13 9 8 17 14 20 10 15 18 6 11 5 
student 3: 18 7 10 9 1 20 4 5 6 8 16 13 12 19 15 14 17 2 11 3 
student 4: 17 5 12 1 11 19 6 10 2 20 13 9 18 8 7 15 16 3 4 14 
student 5: 16 3 11 7 2 4 5 9 8 10 13 20 15 18 14 17 19 6 12 1 
student 6: 17 2 10 5 1 19 3 8 9 7 20 16 11 14 15 18 13 4 12 6 
student 7: 19 6 7 1 4 20 10 9 8 14 17 12 11 18 15 16 13 3 5 2 
student 8: 17 7 9 2 5 20 11 4 6 14 13 15 18 19 10 16 12 1 8 3 
student 9: 20 9 7 14 4 17 8 10 5 1 13 19 11 15 12 16 6 2 18 3 
student 10: 19 6 3 4 2 12 7 15 11 10 16 5 14 20 13 8 18 1 17 9 
student 11: 19 10 14 1 2 17 8 9 5 4 12 20 11 18 7 16 13 6 15 3 
student 12: 20 10 13 1 6 18 7 16 2 14 17 5 4 19 3 8 11 9 15 12 
student 13: 18 16 10 2 5 12 4 7 8 14 19 6 11 20 9 15 17 1 3 13 
student 14: 8 1 14 10 3 17 11 20 7 9 19 16 12 18 6 13 15 4 5 2 
student 15: 16 8 14 2 1 17 7 12 6 11 15 9 18 19 10 13 20 4 5 3 
student 16: 20 5 3 6 1 11 13 9 7 10 15 14 16 18 8 17 19 2 12 4 
student 17: 16 6 17 4 2 12 3 9 5 15 11 13 18 14 7 20 8 1 19 10 
student 18: 16 2 9 3 4 20 7 6 14 11 8 19 13 18 5 15 17 1 12 10 
student 19: 18 3 12 5 6 16 7 4 10 13 14 15 11 8 17 19 20 1 9 2 
student 20: 18 1 11 7 9 12 5 14 8 10 16 15 19 20 13 3 17 2 6 4 
student 21: 17 13 5 1 4 18 10 16 3 8 11 9 12 20 14 19 15 7 6 2 
student 22: 15 7 5 1 8 14 2 10 9 17 3 16 20 18 12 11 19 6 13 4 
student 23: 12 6 13 7 1 20 11 4 3 8 10 19 9 17 15 14 16 5 18 2 
student 24: 18 11 14 6 3 9 13 20 7 8 10 15 17 19 4 16 12 2 1 5 
student 25: 13 8 14 2 1 17 6 4 5 15 19 12 3 18 9 20 11 10 7 16 
student 26: 14 5 11 10 7 17 2 6 3 16 13 8 12 20 19 15 18 1 4 9 
student 27: 16 6 14 4 10 20 7 8 5 9 15 13 12 17 1 18 19 2 11 3 
student 28: 20 8 6 7 2 17 5 13 11 14 15 10 9 18 19 12 16 4 1 3 
student 29: 14 6 8 3 4 18 10 9 7 15 16 19 20 17 11 12 13 5 2 1 
student 30: 19 9 17 4 8 16 2 11 6 12 10 14 15 13 7 20 18 1 5 3 
student 31: 14 19 11 3 2 12 1 8 9 20 13 7 15 16 17 10 18 5 6 4 
student 32: 20 16 9 1 2 14 4 15 3 11 13 18 7 19 8 17 12 10 5 6 
student 33: 15 5 18 4 1 13 7 16 6 17 8 11 9 20 12 19 14 3 10 2 
student 34: 20 13 10 6 4 18 3 14 1 15 9 17 8 16 11 12 19 7 5 2 
student 35: 20 8 12 5 1 6 4 9 7 14 18 15 16 19 11 17 13 2 10 3 
student 36: 19 7 12 4 6 16 3 11 5 10 18 14 20 17 8 13 15 9 2 1 
student 37: 17 16 6 3 4 11 14 8 2 12 13 7 10 20 5 18 15 1 19 9 
student 38: 18 2 9 8 3 19 10 12 4 13 11 14 15 5 7 17 20 6 1 16 
student 39: 19 7 4 6 2 14 9 11 12 8 16 13 17 18 10 15 20 1 3 5 
student 40: 18 6 19 13 2 16 3 11 10 5 9 15 12 20 14 7 17 8 4 1 
student 41: 18 6 15 4 3 17 12 2 5 8 11 19 14 20 9 13 16 1 7 10 
student 42: 19 4 9 5 2 18 10 6 7 12 20 17 11 16 13 15 3 1 8 14 
student 43: 15 13 18 3 2 20 6 7 1 10 11 17 14 19 8 12 16 4 9 5 
student 44: 17 3 10 5 4 13 1 9 8 18 16 7 14 19 15 12 20 2 11 6 
student 45: 17 3 7 2 1 20 11 5 6 12 10 16 13 19 8 14 18 9 15 4 
student 46: 18 13 11 5 3 15 14 17 2 7 12 10 8 19 6 16 20 1 9 4 
student 47: 19 12 3 8 4 16 5 6 2 7 18 15 13 17 9 10 20 1 14 11 
student 48: 19 7 4 2 1 20 3 6 11 15 17 13 14 12 9 18 16 5 8 10 
student 49: 18 4 9 8 3 20 2 11 19 7 13 16 10 14 15 12 17 1 5 6 
student 50: 13 9 20 2 3 18 7 11 5 6 8 4 10 15 17 19 14 16 12 1 
student 51: 20 11 10 3 2 13 14 9 4 1 12 15 6 18 8 19 16 7 17 5 
student 52: 19 8 18 2 1 6 9 10 3 5 15 11 16 14 12 20 17 4 7 13 
student 53: 16 1 12 3 5 18 11 9 4 20 17 13 10 15 7 14 19 2 6 8 
student 54: 11 7 9 16 1 17 8 12 5 15 10 4 18 14 6 19 20 2 13 3 
student 55: 20 8 7 3 16 14 5 15 1 9 10 17 11 18 19 13 12 2 4 6 
student 56: 20 5 7 4 13 18 3 9 2 12 14 8 16 19 11 15 17 1 10 6 
student 57: 14 8 9 2 5 16 6 13 11 18 12 3 7 19 10 15 20 1 17 4 
student 58: 17 10 1 7 2 18 4 9 5 12 14 8 13 16 11 20 15 6 19 3 
student 59: 15 8 7 11 4 19 2 9 6 3 17 10 14 18 20 13 16 1 12 5 
student 60: 14 7 18 2 3 17 8 10 1 12 15 11 5 20 19 13 16 4 9 6 
student 61: 3 11 15 12 1 18 4 8 2 13 6 16 14 19 10 20 17 9 5 7 
student 62: 8 9 17 4 10 20 14 5 3 19 18 6 13 16 7 15 11 2 12 1 
student 63: 19 7 12 2 6 18 5 10 1 16 14 9 17 13 11 15 20 4 3 8 
student 64: 20 4 15 5 1 14 6 9 7 19 17 11 13 16 10 12 18 3 8 2 
student 65: 17 9 8 3 7 16 10 20 4 12 19 14 11 18 5 15 13 1 6 2 
student 66: 14 12 16 2 10 17 1 7 3 9 13 4 15 18 8 20 19 6 5 11 
student 67: 14 9 11 8 2 19 4 13 12 5 17 15 1 18 6 10 16 3 7 20 
student 68: 18 7 14 6 3 17 1 11 5 13 16 8 4 20 12 9 15 2 19 10 
student 69: 16 13 14 4 5 6 12 18 3 15 8 19 7 17 1 2 20 9 11 10 
student 70: 10 15 20 3 1 16 7 13 4 11 19 6 18 12 14 8 17 2 5 9 
student 71: 16 9 11 12 1 19 5 4 3 8 14 20 13 15 18 17 6 2 7 10 
student 72: 19 3 6 11 4 16 10 9 8 2 18 15 13 20 14 7 17 12 5 1 
student 73: 13 9 15 10 1 20 4 2 5 8 17 12 11 18 14 16 19 3 7 6 
student 74: 20 8 7 3 6 17 9 11 4 19 16 2 15 18 14 12 13 1 10 5 
student 75: 19 3 8 7 11 20 16 12 6 2 4 13 14 15 17 10 18 1 9 5 
student 76: 18 12 11 1 6 14 2 13 4 19 8 5 9 20 17 16 15 3 7 10 
student 77: 19 5 12 3 10 14 7 4 1 16 6 9 13 20 11 17 18 2 8 15 
student 78: 11 12 14 1 2 20 3 4 16 8 7 17 19 13 15 10 18 6 5 9 
student 79: 18 12 3 6 4 16 9 2 1 5 17 15 13 19 7 14 20 11 8 10 
student 80: 11 8 14 7 1 20 4 15 5 10 19 16 9 18 2 17 13 3 12 6 
student 81: 15 11 8 18 3 13 6 10 7 12 14 20 17 19 9 16 4 2 1 5 
student 82: 20 9 5 1 10 18 12 8 6 13 4 16 15 19 11 14 17 7 3 2 
student 83: 20 14 12 3 1 16 6 8 5 4 11 9 18 13 10 17 15 2 7 19 
student 84: 19 5 9 3 2 12 6 10 4 14 15 11 20 16 13 17 18 1 8 7 
student 85: 18 7 13 10 3 5 16 4 8 19 20 11 17 15 14 12 9 1 2 6 
student 86: 19 13 4 2 5 10 7 11 8 18 3 12 14 20 15 17 16 1 9 6 
student 87: 16 15 10 11 7 17 2 20 8 13 14 9 4 5 12 18 19 1 6 3 
student 88: 17 6 4 5 1 19 7 14 3 13 8 12 18 20 9 15 11 2 16 10 
student 89: 16 7 3 5 9 15 1 11 8 6 19 14 18 17 12 13 20 2 4 10 
student 90: 18 3 5 1 6 13 10 11 7 16 15 17 20 4 14 19 9 2 8 12 
student 91: 15 7 3 5 2 20 6 9 4 14 18 13 16 19 12 10 11 1 17 8 
student 92: 17 12 5 4 14 20 2 1 7 10 19 16 8 18 11 15 13 9 6 3 
student 93: 9 7 6 1 4 18 10 5 2 13 16 15 17 20 11 14 19 8 12 3 
student 94: 16 10 6 2 4 18 3 1 12 14 17 9 11 19 13 20 15 8 5 7 
student 95: 20 2 16 1 10 19 4 11 3 5 15 8 17 14 12 13 18 6 9 7 
student 96: 17 3 4 9 7 16 12 10 2 6 18 14 15 20 13 19 11 1 5 8 
student 97: 16 8 11 1 2 14 5 9 3 10 18 15 19 20 12 17 13 7 6 4 
student 98: 15 20 5 1 4 18 13 2 9 12 14 11 17 16 8 19 7 3 10 6 
student 99: 16 6 4 1 3 15 8 13 5 18 14 19 20 17 7 12 11 10 9 2 
student 100: 13 1 12 19 7 9 5 11 4 6 10 20 14 18 16 15 17 3 8 2 
student 101: 20 5 15 3 4 12 8 16 2 10 9 17 19 18 6 14 11 1 7 13 
student 102: 20 6 18 3 2 15 7 8 1 10 12 14 16 17 9 13 19 5 11 4 
student 103: 20 6 15 5 2 18 1 4 7 11 12 14 17 19 9 13 16 10 8 3 
student 104: 19 5 11 2 3 20 17 1 7 8 10 14 15 18 9 13 16 4 12 6 
student 105: 18 6 13 1 5 20 15 10 2 14 17 8 16 19 3 11 9 12 7 4 
student 106: 18 11 13 4 5 12 7 6 1 8 14 10 20 19 16 17 15 3 2 9 
student 107: 20 12 10 7 6 17 13 18 11 2 16 8 19 15 14 9 3 5 1 4 
student 108: 17 5 10 3 1 13 2 4 16 9 19 11 12 20 14 15 18 6 8 7 
student 109: 18 15 9 10 8 20 14 2 1 19 6 13 11 17 7 16 12 5 3 4 
student 110: 15 7 9 1 2 18 3 19 8 16 12 11 17 20 14 10 13 5 6 4 
student 111: 18 15 4 1 9 17 12 16 7 6 11 10 5 14 19 2 20 8 13 3 
student 112: 18 5 16 8 2 19 4 13 6 9 7 12 10 15 14 20 17 1 3 11 
student 113: 20 6 7 2 5 18 10 11 8 9 12 13 16 19 3 14 17 1 15 4 
student 114: 18 5 3 2 11 14 1 6 10 13 16 9 19 20 12 15 17 4 8 7 
student 115: 13 6 11 2 17 14 5 8 4 10 18 15 20 19 9 12 16 1 7 3 
student 116: 18 2 1 3 6 11 9 7 10 13 5 19 15 14 12 17 20 16 8 4 
student 117: 10 5 16 1 4 20 7 15 2 6 12 9 14 18 13 19 17 11 8 3 
student 118: 20 7 19 8 5 18 6 11 2 1 12 13 16 15 9 10 14 3 4 17 
student 119: 13 15 12 8 7 18 11 9 6 10 5 2 17 20 19 14 16 1 3 4 
student 120: 13 5 12 9 4 17 14 16 1 8 6 19 10 20 15 18 11 3 7 2 
student 121: 19 2 7 9 3 17 4 10 5 12 11 15 16 20 8 18 13 1 14 6 
student 122: 19 7 16 3 1 15 2 4 12 5 10 14 18 20 13 11 17 6 8 9 
student 123: 18 10 12 9 5 11 4 15 6 13 19 3 17 20 16 14 8 1 7 2 
student 124: 17 8 5 9 4 18 6 1 3 16 10 14 19 15 11 20 13 2 7 12 
student 125: 10 1 19 4 7 13 9 5 3 8 15 17 12 14 11 20 18 2 16 6 
student 126: 14 1 5 7 4 19 2 11 8 12 20 16 13 17 15 9 18 3 10 6 
student 127: 20 13 1 14 3 10 6 2 4 16 19 12 8 11 5 18 17 9 7 15 
student 128: 12 15 9 2 3 20 6 10 1 17 19 5 11 16 7 8 13 4 18 14 
student 129: 14 2 5 4 8 19 11 16 3 10 12 17 15 20 9 18 13 1 7 6 
student 130: 17 13 7 9 2 16 1 5 3 12 18 14 11 20 6 15 19 8 4 10 
student 131: 15 2 8 4 7 20 3 11 1 14 17 10 13 19 12 18 16 5 6 9 
student 132: 13 8 3 7 2 20 11 10 5 15 17 9 14 18 16 12 19 1 4 6 
student 133: 19 8 11 5 4 10 12 2 9 16 18 6 14 20 13 15 17 3 7 1 
student 134: 20 7 12 2 1 18 6 8 10 9 14 13 16 19 11 17 15 5 3 4 
student 135: 18 6 14 3 1 20 4 8 9 10 12 16 15 17 2 13 19 7 11 5 
student 136: 17 10 8 5 1 19 6 7 4 9 18 13 15 14 12 16 20 2 11 3 
student 137: 16 5 12 2 7 15 11 8 6 10 18 17 9 20 4 19 14 1 13 3 
student 138: 20 1 9 4 5 12 7 3 15 11 19 10 8 17 16 14 18 2 13 6 
student 139: 16 7 11 9 8 14 3 10 6 1 13 19 12 17 18 15 20 5 4 2 
student 140: 20 12 14 4 1 19 10 8 6 9 17 15 7 16 11 13 18 2 3 5 
student 141: 13 4 9 7 1 10 6 14 5 16 19 15 17 20 11 8 18 2 12 3 
student 142: 17 9 1 2 7 5 10 8 6 15 19 11 20 16 14 18 13 4 12 3 
student 143: 19 3 2 7 6 18 12 9 8 10 11 14 15 20 4 16 17 5 1 13 
student 144: 18 8 7 1 5 19 2 16 10 12 15 6 13 14 11 20 17 3 4 9 
student 145: 18 15 14 2 13 11 6 7 1 3 12 17 9 16 19 20 8 5 10 4 
student 146: 17 12 7 6 5 20 3 16 4 13 19 9 10 18 8 11 15 1 14 2 
student 147: 19 3 11 5 4 12 13 7 6 17 9 16 2 18 8 15 20 1 14 10 
student 148: 12 6 14 3 10 20 2 8 4 13 5 15 17 18 9 7 19 1 16 11 
student 149: 18 5 4 1 6 20 7 11 9 16 12 15 17 13 10 19 14 8 3 2 
student 150: 13 4 5 3 10 17 7 9 14 6 18 20 15 16 12 11 19 1 8 2 
student 151: 15 4 5 7 1 16 12 6 8 9 10 13 18 11 14 19 20 3 17 2 
student 152: 20 8 3 6 1 13 11 14 10 12 16 2 17 19 7 18 15 4 9 5 
student 153: 12 8 10 4 3 17 14 5 9 11 13 6 15 20 16 18 19 1 2 7 
student 154: 18 5 7 10 3 17 4 16 2 11 12 13 19 20 8 15 14 1 9 6 
student 155: 18 4 10 9 1 20 5 7 8 14 11 17 19 13 2 16 12 6 15 3 
student 156: 9 4 12 2 3 18 11 5 6 10 15 20 16 19 13 17 14 1 7 8 
student 157: 14 15 17 3 2 20 6 7 5 12 18 9 8 19 11 13 16 1 10 4 
student 158: 20 10 8 6 3 16 1 11 4 14 7 13 19 15 12 18 17 2 5 9 
student 159: 20 1 14 5 4 18 11 16 6 8 10 7 15 19 2 17 13 3 9 12 
student 160: 18 1 10 3 5 16 7 14 8 17 15 4 13 19 11 12 20 2 9 6 
student 161: 17 8 13 3 2 15 6 16 4 7 19 18 12 20 5 10 14 1 11 9 
student 162: 17 8 12 4 3 10 6 2 5 15 19 7 14 11 13 18 20 1 16 9 
student 163: 12 7 10 1 4 15 6 11 2 8 16 3 9 19 18 17 20 13 14 5 
student 164: 17 9 8 7 1 16 5 11 4 12 13 18 15 20 10 19 14 6 2 3 
student 165: 20 1 2 10 3 19 5 14 12 7 15 16 11 17 8 13 18 9 6 4 
student 166: 20 6 9 13 3 17 5 14 4 11 10 15 12 16 7 18 19 2 8 1 
student 167: 19 13 8 7 5 10 4 9 3 15 11 12 14 17 6 18 20 2 16 1 
student 168: 16 9 13 4 1 19 3 7 6 14 15 8 17 20 12 11 18 2 10 5 
student 169: 17 11 10 3 4 19 1 9 6 14 20 16 13 18 8 12 15 2 7 5 
student 170: 16 5 8 10 1 19 7 11 4 12 18 17 15 14 13 20 9 3 6 2 
student 171: 19 5 6 4 1 10 11 14 8 16 17 9 20 7 13 18 15 2 12 3 
student 172: 17 6 14 1 4 16 8 9 3 12 18 10 7 19 11 13 15 2 20 5 
student 173: 16 3 7 1 2 10 17 6 15 8 12 11 20 19 5 14 18 9 4 13 
student 174: 19 5 8 2 3 17 4 6 13 9 12 11 18 14 16 15 20 1 10 7 
student 175: 19 11 6 3 2 15 13 12 5 7 17 10 16 20 14 18 9 1 8 4 
student 176: 19 4 8 1 9 16 7 5 3 14 13 18 17 20 6 12 15 2 11 10 
student 177: 18 15 10 1 4 20 5 13 6 9 12 8 11 17 16 19 14 2 7 3 
student 178: 18 10 11 7 2 16 6 5 9 13 1 17 19 15 8 14 20 3 12 4 
student 179: 19 8 13 5 4 14 10 11 7 17 12 9 16 18 3 20 15 1 6 2 
student 180: 18 1 9 5 2 19 3 6 7 13 14 11 15 17 8 20 16 12 10 4 
student 181: 14 15 8 5 4 17 3 11 10 9 12 18 19 20 13 16 7 1 6 2 
student 182: 14 9 16 8 3 17 7 4 6 19 18 11 12 20 10 13 15 2 5 1 
student 183: 16 7 19 2 5 12 4 1 11 17 14 20 18 8 13 15 9 6 10 3 
student 184: 16 9 11 12 3 13 8 15 1 19 14 10 17 20 4 7 18 2 5 6 
student 185: 16 4 6 7 5 18 8 10 1 11 13 17 12 19 15 14 20 2 9 3 
student 186: 20 2 7 6 5 14 15 11 3 4 16 17 8 19 18 13 10 1 9 12 
student 187: 20 2 14 3 5 18 17 9 10 12 16 6 11 19 8 13 15 7 4 1 
student 188: 14 10 6 1 4 16 5 18 3 7 11 13 20 17 2 15 19 9 12 8 
student 189: 13 4 9 6 3 19 12 10 2 16 14 7 18 20 15 11 17 1 8 5 
student 190: 16 6 12 7 1 20 8 9 5 11 10 17 14 18 15 13 19 3 2 4 
student 191: 20 16 14 2 11 15 12 8 4 9 5 10 13 18 3 19 17 1 7 6 
student 192: 19 11 10 2 1 15 6 12 4 20 8 14 16 17 13 9 7 5 3 18 
student 193: 14 10 11 5 4 16 8 3 9 15 18 6 13 19 12 20 17 1 7 2 
student 194: 15 9 11 8 4 20 7 3 2 6 12 13 14 17 10 18 19 5 16 1 
student 195: 20 5 15 7 6 18 13 9 2 4 11 8 14 17 10 16 19 1 12 3 
student 196: 20 1 11 4 10 16 7 8 2 14 15 18 13 19 9 12 17 6 5 3 
student 197: 18 8 10 2 3 11 5 16 7 12 6 14 19 17 13 20 15 1 9 4 
student 198: 20 7 14 5 3 19 8 11 1 10 13 16 4 17 9 18 15 6 12 2 
student 199: 15 5 13 3 2 12 9 11 6 18 20 8 10 17 16 14 19 4 7 1 
student 200: 9 7 5 8 6 17 1 14 4 15 11 16 18 19 10 13 20 3 12 2 
student 201: 12 11 10 2 7 20 3 17 6 14 4 9 16 18 15 13 19 1 5 8 
student 202: 14 15 9 8 1 12 5 7 19 11 13 10 16 18 3 17 20 2 6 4 
student 203: 17 11 6 3 4 18 9 7 5 1 15 10 19 20 13 8 12 2 14 16 
student 204: 20 11 15 4 3 18 2 16 7 17 9 14 13 10 6 19 12 5 8 1 
student 205: 19 4 7 6 8 18 3 13 12 14 5 16 15 1 10 17 20 9 2 11 
student 206: 13 7 17 3 1 16 6 10 8 11 19 9 20 15 12 14 18 2 5 4 
student 207: 15 9 5 7 1 20 6 10 3 12 18 13 14 16 11 17 19 4 8 2 
student 208: 14 5 8 9 13 15 6 4 2 10 19 16 11 18 12 20 17 1 3 7 
student 209: 13 1 17 2 3 19 9 15 5 18 11 14 16 7 12 6 20 8 10 4 
student 210: 16 11 18 3 6 20 4 7 8 12 15 10 13 19 9 14 17 1 5 2 
student 211: 10 8 12 2 3 20 6 7 4 17 13 16 11 18 15 14 19 1 5 9 
student 212: 19 9 17 1 2 16 8 14 4 6 12 11 13 20 3 18 10 7 15 5 
student 213: 19 14 11 1 7 20 8 12 3 10 15 6 13 16 9 17 18 4 5 2 
student 214: 19 6 7 4 1 16 18 5 12 15 20 10 11 9 14 13 17 2 8 3 
student 215: 19 8 10 1 6 16 7 3 2 9 15 5 18 13 11 17 20 4 14 12 
student 216: 14 7 9 2 4 19 6 11 8 12 16 15 17 3 13 20 18 1 5 10 
student 217: 13 7 16 5 3 20 9 10 1 6 12 18 8 17 11 15 19 2 14 4 
student 218: 17 4 5 2 6 20 1 16 9 7 18 11 13 19 10 15 14 3 12 8 
student 219: 14 16 6 1 8 19 3 5 9 15 18 10 20 17 13 11 7 4 12 2 
student 220: 19 10 12 5 2 13 8 9 1 14 15 11 3 17 20 18 6 7 16 4 
student 221: 18 1 10 9 2 20 6 7 5 11 3 19 15 14 17 13 16 4 12 8 
student 222: 19 5 8 1 7 11 2 12 9 10 17 13 14 16 15 18 20 6 4 3 
student 223: 17 3 1 2 8 20 14 5 4 9 12 6 16 19 13 18 11 15 10 7 
student 224: 15 3 8 7 6 17 2 4 10 19 12 13 5 11 18 16 20 1 14 9 
student 225: 19 6 16 4 1 18 5 8 3 14 9 7 10 20 11 17 15 12 13 2 
student 226: 18 12 6 1 3 19 8 5 7 16 10 14 11 17 13 20 9 2 15 4 
student 227: 18 1 4 8 5 19 2 9 11 10 15 13 7 17 16 12 20 3 14 6 
student 228: 14 5 13 2 18 15 9 6 3 19 10 8 17 20 12 16 11 1 7 4 
student 229: 16 1 4 8 7 19 10 2 9 14 18 13 15 20 12 17 11 6 3 5 
student 230: 18 12 9 4 2 20 7 6 5 11 8 10 19 15 13 14 16 1 17 3 
student 231: 20 7 13 2 1 10 12 5 6 11 14 15 17 19 4 16 18 3 8 9 
student 232: 17 6 8 4 3 14 7 12 2 11 15 16 20 18 9 13 19 5 10 1 
student 233: 14 9 2 6 10 8 3 13 20 4 12 11 17 19 5 16 18 1 15 7 
student 234: 16 11 10 4 2 20 5 13 8 1 12 14 17 19 6 18 15 3 7 9 
student 235: 18 1 16 10 4 20 3 12 9 13 11 6 8 15 5 19 17 2 14 7 
student 236: 18 8 15 6 4 19 5 7 2 3 16 13 10 17 12 9 14 11 1 20 
student 237: 17 1 6 9 4 13 7 20 3 14 5 8 15 10 11 16 19 2 12 18 
student 238: 18 3 16 7 1 19 5 9 10 15 6 11 13 14 2 17 20 4 12 8 
student 239: 19 10 7 9 1 20 6 16 13 2 5 15 12 18 11 14 17 8 3 4 
student 240: 20 7 13 1 2 19 8 10 3 14 16 12 11 15 5 18 17 4 9 6 
student 241: 20 4 15 6 3 7 10 16 9 11 17 5 19 18 13 12 14 2 1 8 
student 242: 16 5 14 4 6 11 15 20 1 17 7 12 13 19 18 2 10 9 8 3 
student 243: 13 5 11 15 6 4 16 7 10 8 12 9 20 19 14 18 17 2 3 1 
student 244: 11 8 14 5 1 19 12 16 6 9 2 10 7 20 18 15 17 4 13 3 
student 245: 15 8 11 7 2 16 3 10 5 14 18 6 17 19 13 12 20 1 9 4 
student 246: 20 4 5 6 7 19 9 3 17 12 18 11 13 15 8 16 14 2 10 1 
student 247: 11 8 10 12 9 19 1 14 2 4 16 5 17 20 13 15 18 7 6 3 
student 248: 17 5 12 11 4 20 3 13 7 18 15 9 10 19 8 14 16 1 6 2 
student 249: 18 7 3 4 12 17 5 10 9 8 11 16 13 19 14 15 20 6 2 1 
student 250: 19 2 11 7 1 17 8 14 10 13 3 15 6 16 12 18 20 9 4 5 
student 251: 18 4 14 2 8 17 6 3 5 13 15 19 16 20 10 11 12 1 9 7 
student 252: 20 6 11 4 13 14 2 3 17 15 16 9 7 19 8 12 18 5 10 1 
student 253: 17 8 7 1 5 16 14 19 6 15 4 10 12 18 9 20 13 3 11 2 
student 254: 13 4 5 3 6 20 10 7 1 12 14 15 18 19 11 16 17 2 9 8 
student 255: 12 13 16 3 2 4 7 9 10 18 17 14 6 15 11 20 19 1 8 5 
student 256: 13 10 9 3 7 15 14 4 1 8 19 16 17 18 11 20 12 2 5 6 
student 257: 17 4 5 11 2 16 12 8 3 13 20 14 15 18 10 19 9 7 6 1 
student 258: 16 8 3 2 1 19 4 10 7 17 9 11 13 18 12 15 20 5 14 6 
student 259: 19 4 11 7 13 20 12 1 3 9 8 17 5 15 16 14 18 10 6 2 
student 260: 16 2 11 6 3 9 10 4 13 8 12 15 19 20 17 18 7 5 14 1 
student 261: 20 13 16 5 6 10 1 8 4 12 17 11 14 19 15 18 7 3 2 9 
student 262: 20 2 13 3 1 17 10 9 11 14 12 15 16 7 8 19 18 4 6 5 
student 263: 18 11 5 3 1 16 6 7 17 15 14 19 13 20 10 12 9 2 8 4 
student 264: 17 9 1 5 3 18 7 20 11 6 16 13 2 19 12 15 14 8 10 4 
student 265: 16 5 3 6 1 11 7 9 8 10 15 17 14 20 12 18 19 2 13 4 
student 266: 17 5 8 2 7 12 3 6 1 4 14 10 20 19 15 18 13 11 9 16 
student 267: 13 6 16 1 7 15 2 8 5 19 11 9 17 14 10 18 20 4 12 3 
student 268: 20 2 5 10 3 18 6 11 7 16 9 12 13 17 14 15 19 4 8 1 
student 269: 20 4 13 3 5 16 11 8 1 6 9 17 15 12 18 19 10 2 7 14 
student 270: 13 5 9 4 8 19 10 2 6 11 16 15 14 18 12 17 20 1 3 7 
student 271: 9 2 16 12 3 17 1 6 5 20 18 14 8 19 13 10 15 11 7 4 
student 272: 18 9 17 2 7 8 5 4 12 16 15 6 14 20 13 10 19 1 11 3 
student 273: 18 11 13 5 2 20 4 10 1 17 12 8 15 16 6 14 19 7 9 3 
student 274: 15 16 4 10 2 19 3 11 8 9 12 20 13 18 14 17 7 1 5 6 
student 275: 19 8 15 2 3 16 7 4 5 10 11 12 17 20 9 13 18 1 14 6 
student 276: 17 10 13 9 3 18 7 4 11 12 20 8 15 19 5 14 16 1 6 2 
student 277: 14 3 6 2 1 20 4 10 16 13 12 8 15 18 11 17 19 9 5 7 
student 278: 20 11 7 1 4 13 2 9 6 8 14 15 19 18 12 10 17 3 16 5 
student 279: 20 8 10 5 4 19 2 9 7 15 14 13 17 16 11 18 12 3 1 6 
student 280: 18 14 5 6 1 10 7 15 2 8 16 17 12 13 9 19 20 3 11 4 
student 281: 17 12 10 2 14 19 13 1 7 11 9 15 5 20 6 16 18 3 8 4 
student 282: 14 17 15 1 7 18 5 11 4 13 16 10 3 19 8 9 20 6 12 2 
student 283: 17 9 12 7 3 15 8 18 2 14 5 16 20 19 11 10 13 4 1 6 
student 284: 15 19 4 10 1 20 5 7 3 14 13 9 2 17 11 16 18 6 8 12 
student 285: 19 4 8 5 1 14 6 2 7 18 16 10 12 15 13 17 20 3 9 11 
student 286: 20 9 8 11 2 14 4 7 1 19 12 18 16 10 13 15 17 3 6 5 
student 287: 18 8 9 2 3 12 10 5 4 14 13 6 15 19 11 16 20 1 17 7 
student 288: 20 1 16 14 6 15 4 10 5 8 19 13 12 17 9 18 11 3 7 2 
student 289: 11 6 14 2 9 19 7 13 3 12 5 16 15 18 8 17 20 1 4 10 
student 290: 20 12 11 1 2 4 13 17 7 9 15 8 16 10 14 18 19 6 3 5 
student 291: 18 8 7 3 4 17 13 10 9 15 16 12 14 19 6 11 20 1 5 2 
student 292: 14 6 2 3 5 15 7 11 9 16 17 12 19 20 10 13 18 4 8 1 
student 293: 18 5 13 8 2 19 7 11 6 4 20 15 9 17 12 14 16 1 10 3 
student 294: 17 7 12 2 16 10 9 13 3 20 8 14 11 19 5 4 15 1 18 6 
student 295: 20 15 4 5 10 17 16 8 11 12 9 13 3 19 2 14 18 1 7 6 
student 296: 15 1 7 5 12 19 13 18 8 11 14 6 17 20 10 9 16 2 4 3 
student 297: 16 1 11 2 9 19 3 8 7 17 14 10 18 20 12 15 13 4 6 5 
student 298: 18 10 5 4 2 13 9 14 8 7 11 19 16 20 6 15 17 12 3 1 
student 299: 19 4 8 1 6 18 5 7 9 17 15 13 12 20 10 16 11 2 14 3 
student 300: 20 10 8 9 5 6 3 2 11 13 7 17 19 15 4 14 18 1 16 12 
student 301: 16 6 19 12 2 20 5 9 3 10 7 11 8 14 15 13 18 4 17 1 
student 302: 18 1 10 2 3 16 7 4 6 9 12 15 14 20 13 17 19 11 5 8 
student 303: 12 6 10 5 2 20 16 9 3 4 14 17 18 13 15 19 11 1 7 8 
student 304: 20 15 11 3 4 16 7 9 5 12 14 17 2 6 10 19 13 1 18 8 
student 305: 20 7 8 1 2 18 17 4 15 13 19 10 16 11 6 14 12 9 5 3 
student 306: 19 9 14 5 7 17 3 8 6 12 11 10 18 20 13 15 16 2 4 1 
student 307: 19 5 10 3 8 20 16 12 1 11 7 9 15 18 2 13 17 4 14 6 
student 308: 17 1 14 7 5 20 10 16 8 6 9 12 13 11 2 15 18 3 19 4 
student 309: 19 9 8 2 7 17 4 16 5 15 12 11 13 18 6 14 20 10 1 3 
student 310: 15 12 11 7 9 17 4 10 8 18 6 16 14 19 3 13 20 1 5 2 
student 311: 17 8 12 5 1 16 11 9 4 3 19 14 18 20 10 13 15 2 7 6 
student 312: 18 1 13 5 6 15 4 10 3 19 9 17 20 16 8 14 11 2 7 12 
student 313: 9 14 5 3 10 18 12 2 4 6 16 15 13 20 11 19 17 8 7 1 
student 314: 18 7 13 3 11 17 1 9 5 10 15 12 14 19 6 16 20 2 8 4 
student 315: 20 5 10 7 4 6 9 8 3 11 19 12 18 17 14 15 16 2 13 1 
student 316: 16 13 6 2 7 14 10 12 3 18 19 11 9 17 15 4 20 1 5 8 
student 317: 20 8 9 7 2 16 5 6 3 14 11 15 13 12 18 19 17 1 10 4 
student 318: 20 4 9 6 3 16 5 14 15 17 8 1 11 18 10 19 13 12 7 2 
student 319: 9 10 16 2 1 13 4 12 5 7 17 15 14 19 8 20 18 6 11 3 
student 320: 14 3 4 5 2 19 13 8 7 10 16 15 6 20 17 11 18 1 9 12 
student 321: 15 5 14 8 7 20 6 9 3 12 16 4 18 19 13 11 17 2 10 1 
student 322: 20 5 4 11 1 14 3 8 10 7 16 18 13 17 15 19 9 6 12 2 
student 323: 20 6 9 3 1 16 4 8 5 18 11 13 12 14 10 17 19 2 7 15 
student 324: 15 10 11 1 2 4 9 19 8 12 17 13 20 16 6 18 14 3 7 5 
student 325: 16 4 13 1 5 15 6 12 10 14 17 9 11 18 2 19 20 8 3 7 
student 326: 13 5 15 4 1 20 6 10 3 9 16 8 12 19 18 17 11 7 14 2 
student 327: 19 13 14 1 4 20 2 10 6 7 9 17 18 15 8 12 3 5 16 11 
student 328: 17 8 7 5 3 15 10 6 1 9 16 11 13 18 12 14 20 4 19 2 
student 329: 16 2 7 4 6 18 12 13 5 9 11 10 15 20 8 19 17 1 14 3 
student 330: 17 9 6 1 3 15 5 7 8 4 14 18 19 16 11 20 13 12 10 2 
student 331: 11 12 7 8 4 20 6 5 1 13 10 14 19 17 18 15 16 2 3 9 
student 332: 17 8 12 1 2 20 5 13 7 9 10 15 14 19 11 18 16 3 6 4 
student 333: 13 7 10 4 1 18 19 2 14 3 16 17 9 15 11 20 12 5 8 6 
student 334: 19 4 13 2 1 15 11 5 3 12 16 9 14 17 8 20 18 10 6 7 
student 335: 3 9 12 7 11 20 4 6 10 1 16 13 14 18 8 17 19 2 5 15 
student 336: 14 6 11 2 12 18 5 9 7 13 17 16 20 19 10 8 15 3 4 1 
student 337: 9 16 10 3 4 18 5 7 6 19 13 11 12 20 17 15 8 1 14 2 
student 338: 18 13 10 4 5 19 3 9 8 12 11 15 16 20 1 14 17 2 6 7 
student 339: 19 7 3 5 2 14 6 8 4 18 13 10 15 20 11 17 16 9 12 1 
student 340: 10 2 16 9 8 14 5 4 11 6 12 17 19 18 7 13 20 1 15 3 
student 341: 17 6 1 3 8 15 2 14 7 19 18 11 10 20 16 13 9 4 12 5 
student 342: 16 13 3 5 7 20 11 6 2 12 19 9 14 17 10 18 15 1 8 4 
student 343: 15 3 8 6 2 20 13 7 4 9 19 18 10 16 17 11 12 5 14 1 
student 344: 14 5 6 7 2 12 4 17 3 13 16 15 19 18 10 20 8 1 11 9 
student 345: 14 8 13 3 2 15 7 18 6 10 16 19 9 20 12 1 17 4 11 5 
student 346: 15 8 7 12 6 20 10 1 4 11 19 16 18 14 13 9 17 2 5 3 
student 347: 10 13 8 7 1 20 19 3 5 14 16 15 17 12 11 2 18 4 6 9 
student 348: 19 12 11 3 6 16 7 9 5 14 15 1 10 20 8 17 18 2 13 4 
student 349: 19 3 17 10 2 15 8 6 7 12 14 11 18 20 4 13 16 1 9 5 
student 350: 14 15 10 7 2 8 4 5 3 12 19 18 11 20 16 17 13 9 6 1 
student 351: 11 3 15 12 5 16 1 13 2 10 19 9 8 14 17 18 20 4 7 6 
student 352: 14 9 10 6 4 20 13 7 11 5 15 16 18 17 8 19 12 1 3 2 
student 353: 20 5 11 7 1 14 9 10 3 13 6 12 18 17 16 15 19 2 8 4 
student 354: 13 6 14 3 2 18 11 10 4 5 15 8 17 20 7 16 19 1 9 12 
student 355: 19 3 4 9 5 17 12 13 14 15 10 1 18 20 7 16 11 6 8 2 
student 356: 17 2 9 8 1 13 6 20 4 19 18 15 14 12 11 16 10 5 7 3 
student 357: 20 4 8 1 7 19 9 13 5 18 15 10 16 17 11 14 12 3 6 2 
student 358: 17 5 15 2 3 9 10 12 1 8 11 19 14 20 16 13 18 6 4 7 
student 359: 20 3 18 2 13 7 5 11 1 15 17 10 4 12 16 19 8 9 6 14 
student 360: 17 1 9 2 4 20 5 3 14 10 13 11 12 19 8 6 15 7 18 16 
student 361: 20 6 15 4 1 14 7 8 9 12 5 17 10 16 13 19 18 2 11 3 
student 362: 20 5 13 1 6 16 9 12 2 10 18 15 14 19 7 11 17 4 8 3 
student 363: 18 4 13 1 5 17 3 6 9 14 12 11 16 20 7 19 10 2 15 8 
student 364: 10 11 8 6 7 19 9 13 1 18 14 12 17 16 4 15 20 2 5 3 
student 365: 20 8 16 4 2 15 6 10 3 9 18 7 14 19 11 13 17 1 12 5 
student 366: 18 12 10 6 3 14 16 2 7 19 15 11 20 17 4 13 5 1 8 9 
student 367: 15 5 7 3 11 10 14 8 2 12 6 16 18 20 19 17 13 9 4 1 
student 368: 6 4 9 2 1 17 8 14 3 11 18 16 12 20 15 13 19 5 10 7 
student 369: 19 10 16 1 9 20 6 8 7 5 13 3 12 14 15 18 17 2 11 4 
student 370: 18 8 16 7 1 10 3 5 14 6 17 20 19 15 9 12 11 2 4 13 
student 371: 15 1 10 2 3 18 11 13 6 5 8 14 19 20 4 16 17 9 7 12 
student 372: 17 10 13 3 2 20 6 7 8 12 16 9 19 18 14 11 15 1 4 5 
student 373: 16 8 11 5 4 20 2 7 6 14 13 18 15 10 17 19 12 1 9 3 
student 374: 20 6 10 3 1 18 2 8 7 12 14 11 19 17 9 15 16 5 13 4 
student 375: 18 8 10 4 2 15 7 3 6 12 17 14 16 9 11 19 20 1 13 5 
student 376: 17 11 6 3 2 20 13 5 9 18 8 10 12 19 7 16 15 1 14 4 
student 377: 17 8 16 4 5 18 1 10 7 14 6 19 15 20 12 11 13 2 9 3 
student 378: 19 3 7 4 2 16 13 12 6 1 18 9 20 14 11 15 17 10 8 5 
student 379: 19 1 3 4 6 18 2 12 7 9 15 16 13 14 11 17 20 5 10 8 
student 380: 20 12 16 7 4 19 5 1 6 18 9 8 11 14 15 17 13 10 3 2 
student 381: 17 9 10 2 3 11 8 16 4 19 12 7 20 13 15 14 18 1 6 5 
student 382: 20 8 13 2 3 17 11 14 6 9 15 18 1 19 12 10 16 7 4 5 
student 383: 19 18 4 1 7 17 10 15 2 16 6 11 13 20 3 14 12 5 9 8 
student 384: 17 5 7 2 10 18 3 6 12 14 11 13 16 19 8 15 20 9 4 1 
student 385: 15 10 13 11 9 17 2 3 6 19 18 8 7 16 12 14 20 1 4 5 
student 386: 19 5 9 7 3 15 10 6 8 14 11 20 18 4 13 16 17 2 12 1 
student 387: 14 9 5 2 11 20 6 7 3 12 18 17 13 16 10 19 15 1 8 4 
student 388: 16 14 18 7 2 19 11 13 5 8 15 9 10 12 17 6 20 1 3 4 
student 389: 20 11 7 9 15 19 2 5 1 18 10 13 12 17 3 16 14 4 8 6 
student 390: 20 9 13 3 4 18 11 6 2 8 19 5 16 14 12 7 17 1 15 10 
student 391: 19 10 11 2 7 16 8 6 9 12 20 13 17 15 3 18 14 1 5 4 
student 392: 19 9 10 4 5 12 1 7 8 14 17 15 18 16 11 13 20 3 2 6 
student 393: 19 8 16 1 2 17 5 6 7 10 18 14 20 15 3 11 13 9 4 12 
student 394: 13 1 14 3 7 19 8 5 6 11 10 17 16 18 9 20 15 4 12 2 
student 395: 19 18 8 3 1 17 5 11 7 10 12 14 20 13 9 15 16 2 4 6 
student 396: 20 11 14 1 9 19 7 8 4 5 3 13 17 15 18 12 16 10 6 2 
student 397: 17 15 8 1 10 19 4 5 2 11 12 14 6 20 13 9 16 3 18 7 
student 398: 18 5 19 2 4 13 3 12 16 17 8 11 15 14 7 9 20 10 6 1 
student 399: 19 15 14 2 7 11 5 10 6 13 1 12 17 18 9 16 20 4 8 3 
student 400: 20 15 5 6 7 16 11 4 2 12 10 13 8 19 14 18 17 3 1 9 
student 401: 12 14 6 1 2 9 11 17 4 8 20 15 13 19 10 18 16 3 5 7 
student 402: 17 5 10 1 11 18 7 9 2 20 16 12 13 15 6 14 19 3 8 4 
student 403: 14 9 7 11 1 20 6 15 12 3 8 13 16 19 5 18 17 2 10 4 
student 404: 17 2 8 1 3 9 5 15 7 10 16 20 12 18 11 13 14 4 19 6 
student 405: 14 5 10 1 6 7 2 20 11 13 19 15 3 17 18 12 16 4 9 8 
student 406: 12 7 9 4 1 13 6 18 11 5 14 8 17 20 15 16 19 2 10 3 
student 407: 20 7 13 2 4 18 3 11 10 8 14 15 19 12 5 17 16 1 9 6 
student 408: 20 9 8 4 1 19 7 14 6 12 13 3 17 18 15 16 11 2 10 5 
student 409: 13 6 2 3 1 20 10 14 7 15 17 11 16 18 8 12 19 5 9 4 
student 410: 18 11 3 5 1 14 20 13 9 8 7 10 16 17 19 15 12 4 6 2 
student 411: 15 12 7 2 3 19 5 4 10 9 11 16 13 20 14 17 18 1 8 6 
student 412: 16 14 6 2 7 9 5 4 3 15 18 13 10 17 8 20 19 1 12 11 
student 413: 18 13 4 3 8 17 5 6 2 9 16 12 15 20 1 19 11 14 10 7 
student 414: 16 9 5 6 8 14 10 11 19 12 17 4 20 15 7 13 18 2 1 3 
student 415: 18 9 7 13 1 14 11 6 2 15 8 20 10 16 12 17 19 3 5 4 
student 416: 16 4 17 6 5 20 1 10 9 8 7 18 11 14 12 13 19 2 15 3 
student 417: 16 5 7 3 6 15 2 18 10 9 11 17 13 20 12 14 19 1 8 4 
student 418: 9 5 6 1 15 18 16 8 14 11 10 12 20 19 7 17 13 3 4 2 
student 419: 16 8 10 3 7 15 1 17 2 4 12 19 11 20 18 13 9 6 5 14 
student 420: 17 7 9 4 11 19 5 10 8 6 15 14 13 20 12 16 18 2 1 3 
student 421: 17 3 7 5 6 11 2 18 12 13 20 15 19 16 14 4 8 1 10 9 
student 422: 18 8 4 15 1 13 5 9 7 6 10 19 17 20 12 11 16 3 14 2 
student 423: 13 10 7 8 3 18 9 6 11 14 15 2 19 17 16 12 20 1 5 4 
student 424: 19 6 9 7 1 18 14 4 3 17 20 15 12 10 8 13 16 5 2 11 
student 425: 14 3 5 1 7 15 17 6 9 13 8 16 12 18 20 19 11 4 10 2 
student 426: 20 8 16 2 5 18 6 12 7 9 10 13 15 4 14 19 17 3 11 1 
student 427: 14 4 13 6 7 18 3 11 1 15 10 20 8 19 5 16 12 2 17 9 
student 428: 12 11 9 5 3 17 7 6 4 10 16 18 8 20 15 13 19 1 14 2 
student 429: 20 5 8 3 2 17 6 14 9 10 15 18 11 16 12 19 13 1 4 7 
student 430: 18 5 8 7 3 17 13 11 1 15 14 6 20 16 12 10 19 2 4 9 
student 431: 20 13 8 1 2 14 4 9 5 18 11 19 10 16 12 15 6 7 3 17 
student 432: 11 6 13 3 12 20 10 8 5 9 18 7 19 17 2 15 16 14 4 1 
student 433: 19 6 9 1 3 17 7 8 4 10 16 15 14 20 12 18 13 5 11 2 
student 434: 17 15 8 4 1 12 14 3 6 9 7 10 18 20 16 13 19 11 2 5 
student 435: 20 1 16 7 4 13 2 9 6 10 11 17 12 19 14 18 15 3 8 5 
student 436: 13 3 9 18 4 14 12 11 2 8 17 20 16 7 6 19 15 1 5 10 
student 437: 18 7 9 16 5 19 2 12 6 13 4 14 20 10 11 17 15 3 8 1 
student 438: 20 8 14 4 2 18 12 10 5 7 15 16 17 13 9 11 19 1 3 6 
student 439: 15 7 19 3 4 17 2 6 10 13 11 9 16 20 18 14 12 1 8 5 
student 440: 10 13 11 3 4 7 5 17 2 8 19 14 16 18 6 20 15 1 9 12 
student 441: 4 2 9 7 10 11 1 5 6 18 14 20 17 12 8 16 19 15 13 3 
student 442: 18 10 7 3 4 19 16 14 11 15 2 12 5 20 9 13 17 1 6 8 
student 443: 19 6 2 5 4 16 1 12 7 8 18 13 14 20 10 17 15 3 9 11 
student 444: 20 6 12 2 8 16 4 11 5 13 14 7 17 19 10 15 18 3 9 1 
student 445: 14 12 16 1 6 20 10 5 4 7 17 8 18 19 15 9 13 3 11 2 
student 446: 19 8 14 5 4 18 9 7 1 16 20 12 13 17 6 10 15 3 11 2 
student 447: 19 5 8 3 1 9 14 15 6 17 13 11 18 20 12 16 10 2 7 4 
student 448: 14 8 9 1 3 19 6 11 17 13 15 10 18 20 4 12 16 2 7 5 
student 449: 8 4 14 18 3 15 7 9 5 13 12 10 11 20 16 19 17 1 2 6 
student 450: 20 17 9 6 14 19 2 16 1 7 3 8 12 11 15 13 18 5 4 10 
student 451: 20 9 11 8 5 15 6 2 4 12 14 18 17 19 7 13 16 3 10 1 
student 452: 17 4 13 5 2 20 11 9 7 12 14 18 15 10 6 16 19 1 8 3 
student 453: 13 5 10 2 3 14 7 9 8 11 20 19 17 15 16 12 18 1 4 6 
student 454: 15 5 9 1 2 18 12 6 10 11 16 17 8 20 7 14 19 4 13 3 
student 455: 17 14 6 2 1 16 5 12 3 8 13 15 19 20 11 9 18 10 7 4 
student 456: 15 4 6 1 2 16 5 18 11 17 12 7 10 20 9 14 19 3 13 8 
student 457: 19 4 18 7 2 17 8 3 9 16 13 12 15 20 5 14 11 6 10 1 
student 458: 14 11 8 4 1 16 6 7 10 15 9 12 19 20 13 18 17 3 2 5 
student 459: 18 4 13 7 3 14 6 11 5 8 16 10 15 20 9 12 19 2 17 1 
student 460: 18 8 12 7 1 19 6 5 3 14 9 4 13 17 11 16 20 2 15 10 
student 461: 16 10 9 8 4 18 6 5 1 7 13 19 15 20 11 14 17 2 12 3 
student 462: 18 4 12 2 9 20 1 11 13 7 19 10 17 14 15 3 16 6 8 5 
student 463: 17 3 12 2 1 16 7 10 5 19 6 13 8 15 11 14 20 18 9 4 
student 464: 20 9 18 1 3 17 7 13 8 16 12 5 15 19 10 11 14 2 4 6 
student 465: 20 9 2 7 5 17 3 10 1 11 13 15 14 19 6 16 18 12 8 4 
student 466: 20 8 11 4 2 19 1 10 3 12 13 18 17 15 6 16 14 7 9 5 
student 467: 17 10 6 4 8 20 12 14 9 7 13 11 16 18 1 19 15 5 2 3 
student 468: 20 18 6 5 4 19 8 1 10 13 11 16 9 17 14 12 15 3 7 2 
student 469: 16 5 8 7 2 13 4 17 3 15 14 9 20 18 12 19 10 1 11 6 
student 470: 14 7 3 2 4 15 5 11 6 13 9 19 12 20 16 17 18 1 8 10 
student 471: 20 13 12 2 1 14 10 8 6 16 17 7 9 5 15 18 19 3 11 4 
student 472: 6 13 10 9 2 8 7 11 4 14 3 16 12 19 18 17 20 1 15 5 
student 473: 17 7 8 6 4 19 13 3 2 10 15 9 12 18 11 20 16 5 14 1 
student 474: 13 4 5 8 7 20 6 12 1 10 15 11 16 19 14 17 9 2 18 3 
student 475: 18 8 6 3 5 20 14 10 1 13 9 16 12 17 11 15 19 2 7 4 
student 476: 18 9 11 5 3 20 4 6 2 10 14 12 16 17 15 19 13 8 7 1 
student 477: 9 8 7 12 1 19 20 10 2 5 11 13 15 18 4 14 17 3 16 6 
student 478: 16 11 9 4 2 12 3 5 8 13 15 7 19 18 10 20 17 1 14 6 
student 479: 3 5 2 1 6 19 11 9 7 15 12 16 18 14 10 20 17 8 13 4 
student 480: 17 5 14 9 1 19 6 4 7 8 16 13 18 20 15 11 10 2 12 3 
student 481: 11 10 20 3 6 19 5 1 4 14 12 7 15 16 9 13 17 2 8 18 
student 482: 11 10 2 4 3 20 1 5 15 6 16 14 19 18 13 17 12 7 9 8 
student 483: 18 15 9 2 5 14 1 13 12 11 20 8 16 19 4 17 10 6 7 3 
student 484: 13 10 3 2 4 18 5 11 7 8 16 9 14 17 15 19 20 1 12 6 
student 485: 17 5 6 1 3 18 4 12 8 16 11 13 9 20 15 14 19 2 10 7 
student 486: 12 7 10 6 5 20 2 16 3 9 8 14 13 18 15 19 17 4 11 1 
student 487: 17 18 2 5 4 12 1 14 9 3 8 16 11 15 6 20 19 7 10 13 
student 488: 13 17 5 1 2 18 9 7 6 8 11 12 16 14 10 19 20 4 15 3 
student 489: 18 6 9 8 7 16 5 19 4 17 10 2 12 15 13 20 14 3 11 1 
student 490: 4 9 12 7 10 20 2 13 5 6 14 8 19 16 15 18 17 1 11 3 
student 491: 15 9 11 4 1 19 8 10 7 12 14 3 13 20 18 16 17 2 6 5 
student 492: 20 7 13 4 5 10 3 18 11 19 2 12 16 17 6 14 15 1 9 8 
student 493: 19 7 8 12 2 11 4 5 16 10 14 6 9 15 13 18 17 3 20 1 
student 494: 20 11 10 1 4 19 6 8 5 17 9 13 16 14 7 12 18 2 15 3 
student 495: 19 7 15 8 4 20 6 13 3 5 17 9 11 16 12 14 18 1 10 2 
student 496: 20 5 2 1 3 6 8 11 7 15 18 10 13 19 12 17 16 4 14 9 
student 497: 18 6 11 7 4 16 1 10 5 12 17 14 13 20 9 19 15 2 8 3 
student 498: 20 1 9 7 2 18 8 11 6 13 15 14 12 16 3 19 17 4 10 5 
student 499: 14 9 17 5 3 20 8 13 10 2 19 16 11 15 4 12 18 1 7 6 
student 500: 19 10 2 8 3 16 13 14 4 17 11 15 9 20 7 12 18 1 5 6 
student 501: 19 12 6 1 10 18 5 14 4 11 13 9 15 17 7 20 16 8 3 2 
student 502: 14 17 2 7 5 20 6 8 12 9 11 19 1 15 16 13 18 4 10 3 
student 503: 19 6 10 2 5 16 15 7 9 14 8 17 18 20 13 12 11 1 3 4 
student 504: 16 5 18 1 9 14 4 10 2 6 17 11 13 15 12 19 20 3 7 8 
student 505: 18 6 14 4 7 19 2 9 3 11 16 15 12 17 20 13 10 1 8 5 
student 506: 12 1 3 6 2 19 9 8 7 16 18 13 15 20 10 11 17 5 14 4 
student 507: 15 16 3 2 5 7 13 17 8 14 9 6 18 19 12 20 10 1 11 4 
student 508: 11 15 13 5 6 17 14 8 1 18 19 12 7 20 4 16 9 2 3 10 
student 509: 20 4 15 5 3 19 7 11 1 8 13 6 12 17 18 14 16 2 10 9 
student 510: 20 4 12 19 3 13 5 9 6 18 16 11 14 15 7 17 8 10 1 2 
student 511: 20 4 8 3 10 19 9 11 7 5 17 6 13 12 16 18 14 1 15 2 
student 512: 15 7 16 10 12 20 4 5 9 6 11 14 8 19 18 17 3 1 13 2 
student 513: 19 7 13 6 3 15 5 12 8 2 17 10 16 20 14 11 18 1 9 4 
student 514: 14 5 9 6 1 17 7 8 4 10 16 3 20 12 11 15 13 18 19 2 
student 515: 15 16 1 3 6 19 8 20 17 7 10 9 11 18 4 14 13 5 12 2 
student 516: 15 12 14 4 3 20 9 6 2 10 13 17 11 18 16 19 8 1 7 5 
student 517: 11 3 13 1 8 20 9 7 6 12 17 10 14 16 15 18 19 4 5 2 
student 518: 10 11 5 3 1 19 8 16 9 12 6 17 14 18 13 15 20 4 7 2 
student 519: 20 6 10 1 3 18 7 11 5 14 17 12 15 16 13 19 8 2 9 4 
student 520: 20 9 10 2 3 7 8 11 6 13 14 16 17 18 4 1 19 5 15 12 
student 521: 10 4 1 13 11 9 7 15 3 16 20 14 17 12 8 18 19 5 6 2 
student 522: 20 6 14 2 3 15 4 18 5 8 12 10 19 16 11 13 17 1 7 9 
student 523: 19 4 9 10 16 20 5 8 6 14 13 11 18 15 3 12 17 1 7 2 
student 524: 14 10 12 3 6 17 5 7 1 13 15 11 8 20 16 18 19 4 9 2 
student 525: 17 11 9 4 3 14 5 19 8 13 12 10 16 15 7 20 18 1 6 2 
student 526: 17 4 15 5 1 18 8 2 7 11 12 9 20 16 19 13 14 6 3 10 
student 527: 8 2 3 7 1 19 15 11 12 6 13 14 17 18 4 20 10 5 16 9 
student 528: 14 4 9 5 3 17 8 13 2 16 19 6 11 20 12 18 15 1 10 7 
student 529: 20 7 12 3 6 19 14 8 5 18 17 10 16 15 4 13 9 1 11 2 
student 530: 16 9 13 2 6 18 7 11 5 8 17 12 10 15 14 20 19 3 4 1 
student 531: 18 7 14 1 3 5 2 10 9 15 20 19 17 16 12 13 11 4 8 6 
student 532: 20 8 11 12 5 17 3 2 6 9 10 15 16 18 13 19 14 1 7 4 
student 533: 5 3 6 13 9 17 10 4 2 18 16 15 12 20 7 14 19 1 8 11 
student 534: 13 12 18 9 2 20 5 17 3 6 7 14 19 11 10 15 8 4 16 1 
student 535: 20 16 11 8 1 18 2 13 3 14 17 10 4 12 15 19 6 9 5 7 
student 536: 17 10 9 5 1 16 6 7 8 15 4 11 14 18 12 19 20 2 3 13 
student 537: 17 11 13 4 6 20 3 2 5 9 16 12 14 19 10 15 18 7 8 1 
student 538: 19 12 9 1 6 16 8 2 4 10 15 7 14 17 11 20 18 5 13 3 
student 539: 10 8 13 18 1 19 4 5 14 15 16 7 9 20 11 17 12 2 6 3 
student 540: 18 11 3 8 1 15 9 5 7 14 10 16 12 20 6 17 13 4 19 2 
student 541: 14 9 11 17 1 8 5 12 3 13 19 15 18 16 7 20 10 6 2 4 
student 542: 16 5 17 6 2 11 3 13 19 18 12 10 4 15 9 20 14 1 8 7 
student 543: 13 5 11 7 2 10 4 1 17 8 20 18 15 14 19 16 12 6 3 9 
student 544: 18 20 2 9 1 13 8 16 4 10 11 12 17 14 7 15 19 6 3 5 
student 545: 15 1 11 6 7 13 3 12 5 16 14 17 8 20 9 18 19 2 10 4 
student 546: 18 15 9 3 6 17 4 1 11 16 19 10 13 20 8 12 14 2 7 5 
student 547: 15 1 17 4 3 14 7 20 5 9 18 10 11 19 12 13 16 2 6 8 
student 548: 10 8 12 2 7 13 17 16 1 5 19 9 15 14 11 20 18 3 4 6 
student 549: 8 6 2 13 4 19 10 5 9 14 12 16 20 18 3 17 15 1 11 7 
student 550: 16 4 5 1 6 18 7 17 9 10 2 8 19 13 15 14 20 3 12 11 
student 551: 18 5 20 2 4 10 6 9 8 13 7 15 11 16 12 17 19 3 14 1 
student 552: 13 4 7 12 1 20 3 9 6 8 14 11 17 18 15 16 19 10 5 2 
student 553: 20 11 7 3 5 17 10 4 8 1 18 16 14 19 13 15 12 6 9 2 
student 554: 20 7 5 1 4 11 14 10 8 17 18 12 15 16 19 9 13 2 3 6 
student 555: 19 5 6 1 3 15 9 11 7 4 17 12 18 20 14 10 13 2 16 8 
student 556: 20 5 4 6 3 13 7 11 8 15 14 1 12 19 10 17 16 2 9 18 
student 557: 13 1 5 3 8 19 2 7 15 11 16 14 18 9 12 20 17 6 4 10 
student 558: 20 1 5 2 3 19 4 9 8 15 17 14 16 13 10 12 18 6 11 7 
student 559: 13 10 6 4 2 20 8 9 5 12 19 7 11 18 17 15 16 1 14 3 
student 560: 18 5 4 1 11 14 8 15 7 12 16 13 17 20 6 9 19 3 10 2 
student 561: 14 1 2 15 4 17 5 9 20 7 16 11 13 18 19 10 12 3 6 8 
student 562: 17 5 3 1 11 18 7 9 6 14 13 19 15 16 4 8 20 12 10 2 
student 563: 18 14 7 4 2 13 10 6 9 1 15 17 11 20 8 19 16 3 12 5 
student 564: 14 3 15 1 12 20 4 6 10 16 13 7 11 18 9 19 17 2 8 5 
student 565: 19 2 14 4 3 10 9 5 6 13 16 12 15 20 11 18 17 1 8 7 
student 566: 20 4 5 3 2 12 8 10 1 9 16 13 15 19 17 18 14 6 11 7 
student 567: 20 9 10 6 5 16 8 14 3 4 11 13 17 18 7 15 19 1 12 2 
student 568: 19 5 12 3 2 16 10 6 4 9 13 15 14 20 11 18 17 7 1 8 
student 569: 18 11 16 3 1 9 13 7 8 10 17 14 15 19 6 20 12 5 4 2 
student 570: 11 12 2 4 3 17 10 15 7 18 14 16 19 20 5 13 9 1 8 6 
student 571: 18 14 17 3 1 20 10 9 4 16 8 11 13 15 5 6 19 12 7 2 
student 572: 19 8 5 12 7 14 6 10 3 9 11 4 20 17 15 18 16 1 13 2 
student 573: 19 7 16 5 3 15 6 9 4 10 12 20 14 13 17 11 18 1 8 2 
student 574: 18 6 5 14 8 15 4 13 2 11 10 9 20 19 12 17 16 3 7 1 
student 575: 17 7 4 5 2 13 15 12 6 16 18 11 19 14 1 10 20 3 8 9 
student 576: 18 15 8 1 3 16 11 5 2 9 17 10 19 20 7 14 13 4 12 6 
student 577: 20 13 12 5 4 17 9 8 1 2 18 6 15 19 11 14 16 3 10 7 
student 578: 18 7 1 6 3 13 10 11 12 4 8 20 15 19 14 17 16 2 9 5 
student 579: 15 16 10 3 2 17 6 1 8 11 14 13 7 18 19 12 20 5 9 4 
student 580: 12 2 14 8 3 19 4 5 17 10 11 13 9 15 6 20 18 7 16 1 
student 581: 17 6 16 3 4 20 8 12 2 7 13 11 14 19 9 15 18 10 5 1 
student 582: 18 8 13 4 6 10 12 15 3 14 16 11 9 19 7 17 20 2 5 1 
student 583: 18 11 14 4 3 17 5 10 6 13 9 12 15 20 8 16 19 2 7 1 
student 584: 20 4 7 2 8 18 14 11 5 19 15 12 13 17 6 10 16 1 3 9 
student 585: 19 18 12 8 6 17 3 10 7 5 9 15 14 20 13 11 16 2 4 1 
student 586: 13 15 7 10 9 20 5 8 3 19 16 12 14 18 6 11 17 2 1 4 
student 587: 17 7 11 4 1 13 9 20 3 15 10 8 6 19 14 12 18 2 16 5 
student 588: 19 3 6 8 5 18 10 9 4 13 14 16 11 17 7 15 20 1 12 2 
student 589: 15 5 8 4 1 9 10 18 7 12 20 16 14 17 13 11 19 3 6 2 
student 590: 18 12 6 3 4 13 5 14 9 19 11 15 2 17 16 10 20 1 8 7 
student 591: 14 11 8 4 5 19 10 2 1 17 7 15 13 20 3 18 16 6 12 9 
student 592: 7 6 18 2 5 19 13 14 4 11 15 12 16 17 10 9 20 3 8 1 
student 593: 20 13 16 10 1 15 2 6 9 8 5 19 11 18 3 14 17 4 12 7 
student 594: 19 5 14 8 1 20 6 10 3 16 15 7 11 17 12 18 13 4 9 2 
student 595: 17 11 6 4 3 7 9 12 2 16 5 15 8 19 10 13 18 1 20 14 
student 596: 19 9 11 4 5 17 3 12 6 7 10 16 20 18 14 15 13 1 2 8 
student 597: 20 8 10 16 1 13 5 9 4 18 15 11 17 12 14 6 19 2 7 3 
student 598: 14 15 3 4 8 20 9 10 1 17 11 6 16 18 5 19 13 2 12 7 
student 599: 19 8 9 5 2 11 7 17 3 10 18 15 16 20 12 13 14 1 4 6 
student 600: 11 13 7 2 1 16 5 3 8 9 18 14 19 15 12 17 20 6 4 10 
student 601: 13 15 11 14 5 19 9 7 3 16 4 12 8 20 10 17 18 6 1 2 
student 602: 19 16 5 6 4 11 3 8 7 10 12 13 20 18 14 15 9 1 17 2 
student 603: 13 7 2 14 4 19 5 17 6 15 18 10 9 20 8 16 12 3 11 1 
student 604: 14 9 15 7 2 18 12 3 8 13 17 10 16 20 4 11 19 6 1 5 
student 605: 18 9 13 6 1 17 4 8 5 11 20 10 15 19 12 16 14 2 3 7 
student 606: 19 6 9 1 11 18 14 15 13 5 10 12 17 20 7 8 16 4 3 2 
student 607: 14 3 9 7 6 17 2 13 1 16 4 12 15 19 11 18 10 5 8 20 
student 608: 14 13 17 4 1 20 3 10 12 5 18 16 11 19 9 2 15 7 8 6 
student 609: 19 9 12 2 5 4 7 8 6 17 11 13 10 18 20 15 16 3 1 14 
student 610: 20 3 9 4 1 18 14 5 8 12 11 13 16 19 7 17 15 2 10 6 
student 611: 18 8 6 7 2 17 5 11 4 12 14 13 10 20 9 19 16 3 1 15 
student 612: 19 12 4 11 3 15 2 10 6 13 7 20 14 18 8 16 17 9 5 1 
student 613: 19 4 9 14 1 13 3 6 8 12 17 11 15 20 10 18 16 2 5 7 
student 614: 18 1 17 6 2 15 10 13 8 4 16 20 5 19 9 11 14 3 12 7 
student 615: 15 6 8 2 1 17 4 7 3 11 20 18 16 19 14 13 9 12 10 5 
student 616: 19 11 13 10 7 18 6 5 3 17 4 12 15 20 2 14 16 1 9 8 
student 617: 17 15 8 7 4 20 5 10 3 19 14 12 16 13 11 18 9 2 6 1 
student 618: 19 7 18 8 1 17 15 9 3 14 5 16 13 20 10 11 12 2 6 4 
student 619: 15 8 12 1 2 16 7 13 3 9 5 14 18 17 6 11 19 10 20 4 
student 620: 19 8 10 2 1 14 17 9 6 12 16 11 15 20 7 13 18 3 4 5 
student 621: 19 7 4 3 2 16 10 8 5 12 15 9 11 20 14 17 18 1 13 6 
student 622: 12 10 6 3 1 19 8 13 4 11 14 9 15 20 17 18 16 2 7 5 
student 623: 20 3 13 1 4 18 7 10 5 8 17 11 14 19 12 15 16 2 6 9 
student 624: 17 13 1 5 6 19 9 10 14 15 8 4 18 20 11 12 16 2 7 3 
student 625: 18 6 9 7 5 17 10 4 2 13 15 12 16 20 8 19 11 3 14 1 
student 626: 18 3 12 4 2 14 7 5 6 17 16 15 8 13 11 19 20 9 10 1 
student 627: 17 3 4 7 2 12 6 11 10 19 15 14 5 18 13 16 20 1 8 9 
student 628: 20 2 14 8 1 19 6 5 4 3 15 16 13 10 11 17 18 9 7 12 
student 629: 13 1 19 7 4 18 2 8 6 11 10 12 15 20 3 14 17 5 9 16 
student 630: 18 9 7 3 1 19 5 12 4 16 15 11 6 20 14 13 8 17 10 2 
student 631: 17 12 5 8 3 20 7 16 9 18 13 4 2 15 6 11 19 10 14 1 
student 632: 4 10 12 5 1 20 3 7 6 16 13 19 15 8 18 17 14 2 9 11 
student 633: 16 2 11 4 1 19 15 10 3 18 12 9 13 17 5 14 20 7 6 8 
student 634: 19 1 16 2 4 18 6 8 7 10 12 20 14 9 13 11 17 3 15 5 
student 635: 14 2 13 7 10 18 6 5 4 15 16 17 8 20 9 19 11 3 12 1 
student 636: 20 10 13 1 4 18 7 6 8 3 15 14 11 19 12 17 16 2 9 5 
student 637: 17 3 4 7 1 20 8 10 5 19 14 18 12 16 9 6 15 2 11 13 
student 638: 18 3 7 10 4 14 13 11 1 9 6 16 12 20 5 15 19 2 17 8 
student 639: 14 1 9 4 2 20 12 10 8 13 18 17 15 11 6 19 16 3 7 5 
student 640: 16 10 8 2 5 17 3 4 7 11 18 13 14 19 12 9 15 1 20 6 
student 641: 16 6 8 4 3 10 9 7 1 12 18 20 14 17 11 15 19 2 13 5 
student 642: 18 10 14 2 1 17 5 8 12 3 15 16 11 6 13 19 20 7 9 4 
student 643: 18 7 14 5 3 17 8 9 2 13 15 11 4 19 12 16 20 1 6 10 
student 644: 12 6 11 4 1 13 10 9 7 8 14 15 19 20 16 17 18 3 5 2 
student 645: 17 5 9 7 1 15 3 4 8 14 16 11 13 20 12 18 19 2 10 6 
student 646: 16 6 12 10 4 20 13 8 5 11 3 14 19 17 9 18 15 1 7 2 
student 647: 19 8 16 4 3 15 13 12 2 18 17 9 10 7 11 14 20 1 6 5 
student 648: 18 7 5 4 1 9 19 11 10 8 14 17 20 12 2 15 13 3 16 6 
student 649: 16 9 15 6 1 19 5 8 4 11 14 12 20 17 10 13 18 2 7 3 
student 650: 20 11 10 4 2 19 9 14 6 13 16 5 3 15 7 18 17 1 12 8 
student 651: 20 8 13 6 2 12 4 9 10 3 14 18 16 17 15 19 5 11 1 7 
student 652: 14 4 8 5 1 17 3 6 2 10 18 16 19 13 12 9 15 11 20 7 
student 653: 13 11 6 10 9 20 4 7 1 12 14 19 17 18 16 3 15 2 5 8 
student 654: 13 5 14 10 4 20 11 7 12 8 9 19 18 16 6 17 15 2 1 3 
student 655: 20 1 9 7 4 19 16 8 2 15 10 14 18 13 12 11 17 5 6 3 
student 656: 18 6 11 5 1 17 7 4 10 14 19 16 15 20 8 9 12 2 13 3 
student 657: 20 10 1 3 4 19 8 7 9 13 17 15 16 14 12 18 2 11 6 5 
student 658: 11 1 10 9 3 20 2 14 5 13 18 12 15 19 4 16 17 7 8 6 
student 659: 19 9 16 7 2 15 5 10 11 13 6 18 12 17 4 20 14 1 3 8 
student 660: 18 4 12 8 5 17 10 7 1 16 11 9 13 19 14 15 20 2 6 3 
student 661: 13 3 6 2 4 20 1 11 10 15 9 16 14 18 12 17 19 7 8 5 
student 662: 15 7 10 5 3 12 6 9 2 14 13 17 18 20 11 19 16 1 8 4 
student 663: 16 4 10 3 2 14 9 7 13 15 12 8 17 19 6 18 20 1 11 5 
student 664: 18 8 14 9 2 5 6 12 7 19 1 13 20 17 11 3 15 16 10 4 
student 665: 18 9 13 4 7 16 5 6 3 10 20 14 12 19 8 17 15 2 11 1 
student 666: 20 8 9 5 1 10 6 4 7 11 13 12 15 19 16 17 18 3 14 2 
student 667: 18 2 15 4 1 20 12 7 6 17 10 14 5 19 9 16 11 3 13 8 
student 668: 20 3 10 5 9 15 4 2 7 13 12 19 8 17 14 16 18 1 11 6 
student 669: 19 13 10 12 4 11 6 2 1 16 20 15 18 14 17 7 9 3 8 5 
student 670: 12 13 16 1 6 20 7 11 5 8 15 14 17 19 10 18 3 4 9 2 
student 671: 19 17 12 3 14 15 6 4 5 7 18 10 11 20 13 8 16 1 9 2 
student 672: 17 8 16 2 5 19 4 6 3 12 20 10 13 14 15 11 18 1 9 7 
student 673: 19 5 13 2 4 16 8 12 6 15 17 14 7 20 11 10 18 1 9 3 
student 674: 16 14 7 6 3 17 11 15 2 13 10 9 8 19 12 20 18 1 4 5 
student 675: 11 8 5 6 4 17 18 3 7 15 20 10 14 13 12 16 19 2 1 9 
student 676: 20 14 4 1 3 19 13 7 5 16 9 17 15 12 10 11 18 6 8 2 
student 677: 20 2 8 6 3 13 7 9 16 15 18 12 5 19 11 14 17 4 10 1 
student 678: 18 12 14 1 7 19 3 8 6 10 13 15 11 20 9 17 16 2 5 4 
student 679: 18 7 4 6 2 17 20 12 3 9 19 11 16 13 8 14 10 1 15 5 
student 680: 15 4 16 10 3 17 6 7 13 19 11 8 12 18 9 14 20 1 2 5 
student 681: 18 6 13 3 2 19 4 5 17 9 11 15 14 20 8 7 16 1 12 10 
student 682: 18 10 7 2 3 19 11 5 12 17 4 13 6 20 9 16 14 1 15 8 
student 683: 18 10 17 6 2 16 11 12 3 20 5 14 8 19 7 9 13 1 15 4 
student 684: 12 7 11 1 2 10 15 6 9 13 20 18 17 16 5 19 8 4 14 3 
student 685: 20 9 14 3 2 17 13 5 6 12 4 15 16 18 11 8 19 7 10 1 
student 686: 19 6 8 5 1 13 7 17 9 3 18 14 11 15 12 16 20 2 4 10 
student 687: 16 8 5 3 6 10 11 12 7 9 19 13 14 20 18 17 15 1 2 4 
student 688: 20 6 2 8 5 18 1 12 16 19 14 11 13 15 4 9 17 3 7 10 
student 689: 16 8 18 1 6 19 5 10 7 12 14 15 17 20 4 11 13 2 9 3 
student 690: 19 1 18 3 5 12 6 15 7 11 17 8 9 20 16 10 13 2 14 4 
student 691: 20 6 9 3 2 15 11 7 5 18 13 12 19 16 8 14 17 1 10 4 
student 692: 13 2 9 1 5 16 8 10 12 3 6 18 11 17 14 19 20 7 15 4 
student 693: 19 7 13 10 3 16 6 18 5 14 9 11 12 15 4 17 20 1 8 2 
student 694: 8 10 9 1 11 20 7 5 15 13 19 17 16 18 6 12 14 4 3 2 
student 695: 20 3 8 1 2 17 7 11 6 12 13 9 15 18 14 19 16 4 10 5 
student 696: 14 8 12 4 6 17 5 11 3 9 13 16 15 18 10 20 19 2 7 1 
student 697: 8 4 15 5 3 17 7 16 13 19 20 11 6 18 2 10 14 12 9 1 
student 698: 18 17 9 5 2 13 12 14 6 8 19 15 4 16 11 20 10 1 7 3 
student 699: 11 8 18 3 2 13 15 4 7 14 19 5 16 20 12 10 9 1 17 6 
student 700: 17 5 10 8 9 12 3 7 2 14 15 6 20 18 13 16 19 1 11 4 
student 701: 17 7 3 2 1 15 5 9 6 8 14 12 19 20 18 16 13 4 11 10 
student 702: 17 10 20 1 5 18 2 7 6 15 8 14 4 19 13 12 16 3 9 11 
student 703: 14 7 12 3 5 6 1 13 4 11 20 15 19 16 9 17 10 2 8 18 
student 704: 18 6 12 4 1 19 9 7 3 10 16 20 11 17 13 14 15 2 5 8 
student 705: 13 5 16 7 1 17 9 14 2 4 6 11 15 19 18 12 20 3 8 10 
student 706: 19 2 11 6 3 13 7 12 8 9 14 17 20 16 5 18 10 1 15 4 
student 707: 19 17 13 3 4 20 7 14 6 10 12 18 11 16 8 15 1 2 9 5 
student 708: 16 3 18 14 5 15 7 8 12 4 9 6 19 17 1 13 20 2 11 10 
student 709: 20 9 4 6 1 17 3 12 5 18 7 15 16 19 13 11 14 2 10 8 
student 710: 20 18 4 3 1 16 5 13 14 19 15 10 12 6 11 17 9 2 7 8 
student 711: 18 4 5 3 2 19 6 13 12 17 15 14 7 20 10 11 16 1 9 8 
student 712: 20 7 11 3 2 19 1 6 5 9 16 14 17 18 12 15 13 8 10 4 
student 713: 15 1 7 4 2 18 13 14 3 6 19 10 20 17 5 9 16 11 12 8 
student 714: 6 11 1 2 5 20 10 16 9 8 14 12 19 13 17 18 15 4 7 3 
student 715: 14 11 8 13 1 18 5 20 2 15 16 10 7 17 9 19 12 3 6 4 
student 716: 15 7 19 8 2 13 16 14 1 12 11 6 4 18 3 17 20 10 9 5 
student 717: 20 6 12 4 9 18 3 10 1 5 19 15 17 13 11 16 14 7 2 8 
student 718: 18 3 12 8 6 14 4 7 2 15 10 17 13 19 9 16 20 1 5 11 
student 719: 19 3 13 12 4 1 7 16 6 10 14 9 15 20 18 11 17 2 8 5 
student 720: 16 3 6 12 2 15 1 19 4 13 10 11 7 18 17 14 20 8 5 9 
student 721: 15 3 13 6 5 18 1 12 7 8 14 9 10 17 20 16 19 2 4 11 
student 722: 18 9 12 3 5 11 7 4 2 8 20 14 17 15 6 10 16 1 13 19 
student 723: 17 8 6 2 7 19 10 12 5 16 13 4 14 20 15 11 18 1 9 3 
student 724: 19 2 12 10 1 15 7 18 6 16 5 8 13 14 17 9 20 3 11 4 
student 725: 20 7 10 3 9 18 8 4 6 17 13 12 19 15 11 16 14 2 1 5 
student 726: 15 10 6 3 1 13 2 11 5 14 16 19 12 20 8 18 17 7 4 9 
student 727: 18 15 5 2 3 19 12 4 10 14 6 11 17 20 9 7 13 1 16 8 
student 728: 19 8 5 2 4 17 6 20 7 11 15 14 16 12 9 13 18 3 10 1 
student 729: 17 9 1 13 4 19 3 8 12 16 14 18 15 20 10 5 11 2 7 6 
student 730: 18 9 2 4 3 17 5 19 8 14 12 10 15 20 13 16 11 1 6 7 
student 731: 19 9 2 1 11 20 5 15 7 8 12 10 13 16 6 17 18 3 14 4 
student 732: 20 8 6 7 3 15 2 11 18 16 12 9 4 19 14 17 10 1 13 5 
student 733: 16 9 11 4 3 15 1 10 6 14 13 8 17 19 7 20 18 2 12 5 
student 734: 19 4 16 5 9 14 6 7 8 15 17 20 13 18 12 2 10 3 11 1 
student 735: 19 9 11 10 6 17 8 4 1 15 13 7 16 20 12 14 18 2 3 5 
student 736: 16 18 7 4 1 20 10 5 8 9 19 15 13 17 11 14 12 2 3 6 
student 737: 20 6 8 3 2 19 7 16 10 13 15 9 14 17 12 5 18 1 11 4 
student 738: 20 10 4 5 2 19 9 7 6 16 13 8 12 18 15 11 17 3 14 1 
student 739: 10 4 5 11 13 20 1 9 6 8 12 18 19 17 14 16 15 3 7 2 
student 740: 20 15 9 7 5 19 1 11 2 4 10 14 13 18 12 17 8 3 16 6 
student 741: 15 8 11 1 6 17 5 7 10 12 16 13 19 18 9 14 20 3 4 2 
student 742: 19 4 11 1 7 13 2 8 12 14 6 10 20 18 15 16 17 3 9 5 
student 743: 20 9 8 5 2 12 4 6 3 13 15 17 14 18 11 19 16 1 10 7 
student 744: 17 2 10 1 3 18 11 6 4 16 19 5 9 20 13 14 15 8 12 7 
student 745: 20 13 15 8 3 11 10 6 7 16 12 9 18 19 17 14 4 2 5 1 
student 746: 20 4 9 7 6 10 2 14 18 15 13 8 12 19 3 17 16 5 11 1 
student 747: 16 10 13 1 2 9 5 6 3 4 15 7 18 19 14 17 20 8 12 11 
student 748: 18 8 14 11 9 17 6 12 1 3 7 13 10 20 4 19 16 5 15 2 
student 749: 19 7 8 5 1 18 13 16 2 12 14 4 17 15 10 20 11 6 9 3 
student 750: 17 14 3 9 7 16 18 1 8 5 12 15 20 19 6 11 13 4 10 2 
student 751: 20 8 10 4 1 12 9 6 2 15 14 11 7 19 16 18 17 3 5 13 
student 752: 6 3 12 4 5 20 13 2 8 11 19 16 17 15 9 18 14 1 7 10 
student 753: 18 2 7 1 13 15 6 9 12 20 17 10 11 19 8 16 14 3 4 5 
student 754: 20 3 12 5 1 10 16 8 2 13 7 17 11 15 9 14 19 6 18 4 
student 755: 20 4 8 1 6 16 3 11 5 15 17 13 18 14 9 10 19 7 12 2 
student 756: 18 6 9 11 1 17 5 7 4 12 10 20 16 14 15 19 13 3 8 2 
student 757: 18 9 11 8 3 20 5 15 14 12 6 13 19 1 2 16 17 4 10 7 
student 758: 19 5 4 6 3 17 16 12 2 10 13 14 8 20 9 15 18 1 7 11 
student 759: 10 15 7 3 2 14 8 18 5 20 9 19 17 11 13 12 16 4 6 1 
student 760: 20 9 10 6 3 16 2 19 4 11 14 8 15 17 7 12 18 1 5 13 
student 761: 20 7 15 1 4 12 2 10 11 6 18 13 9 19 16 14 17 3 8 5 
student 762: 17 6 10 14 4 18 2 8 12 9 11 3 15 20 13 19 16 1 5 7 
student 763: 18 1 2 6 3 19 12 5 11 16 13 4 17 20 9 14 15 10 7 8 
student 764: 18 5 8 2 4 16 13 6 3 10 12 11 14 20 15 19 17 1 9 7 
student 765: 19 8 15 6 4 11 10 7 13 2 14 1 17 20 12 16 18 5 9 3 
student 766: 20 7 16 2 4 15 1 9 6 18 10 19 14 17 13 8 11 3 12 5 
student 767: 16 11 10 3 2 19 7 9 6 8 14 13 18 20 12 17 15 4 1 5 
student 768: 19 4 7 10 3 18 1 16 5 13 17 11 9 20 12 15 14 2 8 6 
student 769: 16 11 10 3 2 15 5 8 7 1 18 14 13 20 12 19 17 4 6 9 
student 770: 19 7 9 1 4 14 10 5 6 15 11 18 17 20 8 13 16 2 12 3 
student 771: 18 2 6 9 3 17 4 16 7 12 13 19 20 11 8 5 14 1 15 10 
student 772: 18 10 9 7 3 15 8 12 6 16 13 19 1 11 17 20 14 2 4 5 
student 773: 20 19 3 6 4 16 10 2 9 13 5 12 17 18 11 7 15 1 8 14 
student 774: 19 8 7 4 1 14 2 12 6 16 15 10 17 20 9 18 11 3 13 5 
student 775: 17 6 12 3 10 20 4 7 5 8 11 18 15 19 16 13 1 2 14 9 
student 776: 19 4 12 3 2 18 8 9 7 15 14 17 11 16 6 13 20 1 5 10 
student 777: 20 7 5 6 3 11 10 12 2 8 9 16 14 17 18 15 19 1 13 4 
student 778: 18 7 16 5 3 13 4 6 2 8 17 19 15 20 14 10 11 1 12 9 
student 779: 18 11 12 3 7 10 4 5 9 6 17 15 16 14 13 19 20 2 8 1 
student 780: 6 9 4 7 3 16 5 8 2 18 14 19 13 17 15 20 10 1 12 11 
student 781: 19 10 3 14 9 15 6 1 5 8 12 16 18 20 17 4 13 7 11 2 
student 782: 20 5 9 1 4 17 2 10 6 12 15 11 16 18 14 19 13 3 7 8 
student 783: 20 4 19 6 1 15 5 18 2 9 3 11 12 17 8 13 7 10 16 14 
student 784: 17 15 7 14 6 19 12 11 3 8 5 10 9 18 13 16 20 1 2 4 
student 785: 18 7 8 3 5 16 10 17 2 4 15 20 9 19 12 13 11 6 14 1 
student 786: 17 4 1 7 3 13 9 20 2 14 6 11 12 16 18 15 19 5 10 8 
student 787: 20 1 6 11 5 19 3 7 10 13 4 14 15 16 9 18 17 2 12 8 
student 788: 18 3 8 1 4 13 5 16 11 7 12 15 20 14 17 19 9 2 6 10 
student 789: 17 5 1 7 3 20 8 19 13 10 11 9 14 15 6 16 18 2 12 4 
student 790: 16 6 8 2 1 20 5 11 7 14 15 10 19 18 13 9 17 3 12 4 
student 791: 17 3 13 7 2 15 5 6 9 11 19 14 20 18 12 16 8 1 10 4 
student 792: 8 15 13 6 2 20 10 1 9 3 14 12 16 18 17 19 7 5 11 4 
student 793: 8 11 14 3 2 10 7 17 4 6 15 12 18 20 9 19 13 1 16 5 
student 794: 14 5 6 4 3 10 7 8 2 15 20 19 18 16 13 17 11 1 12 9 
student 795: 13 4 11 5 2 20 3 7 9 17 6 10 12 19 18 16 15 1 14 8 
student 796: 19 10 3 5 4 18 7 17 1 8 12 13 11 20 15 14 16 6 9 2 
student 797: 15 13 16 3 9 18 6 7 5 20 10 8 11 19 2 14 17 4 12 1 
student 798: 19 1 12 5 3 18 4 8 11 15 16 6 10 20 17 7 13 14 9 2 
student 799: 18 1 10 3 2 17 4 12 9 13 11 14 6 20 15 16 19 5 8 7 
