student 0: 20 19 4 13 5 2 10 6 18 9 11 16 15 17 8 12 1 7 3 14 
student 1: 13 4 6 19 16 14 15 10 20 8 18 17 11 1 3 12 2 5 7 9 
student 2: 19 20 13 17 7 1 9 11 18 3 14 10 15 12 8 5 4 2 6 16 
student 3: 18 17 9 16 12 10 13 4 19 8 20 15 6 11 7 2 1 3 5 14 
student 4: 1 20 10 19 16 5 17 14 15 9 18 12 8 13 11 3 2 4 6 7 
student 5: 7 15 12 14 20 1 13 3 17 11 9 18 5 8 10 16 2 4 6 19 
student 6: 13 14 12 19 17 4 3 2 20 1 18 11 15 7 5 10 8 6 9 16 
student 7: 13 8 14 19 15 2 3 4 20 6 16 18 11 5 9 12 1 10 7 17 
student 8: 10 12 13 20 15 5 11 1 16 3 19 14 18 6 9 4 2 7 8 17 
student 9: 6 11 8 17 18 9 5 2 14 7 13 16 10 20 4 15 3 1 12 19 
student 10: 14 17 10 18 16 5 8 3 20 7 15 13 9 11 4 12 1 2 6 19 
student 11: 17 12 6 20 9 18 7 13 15 2 16 8 11 14 5 3 10 1 4 19 
student 12: 16 8 18 14 11 9 13 3 19 6 17 12 10 15 7 2 5 1 4 20 
student 13: 20 3 11 17 15 14 8 6 2 10 16 9 7 13 12 19 5 1 4 18 
student 14: 9 13 7 20 17 8 2 18 14 4 19 16 11 15 6 10 3 5 1 12 
student 15: 15 10 8 17 12 1 7 9 19 2 11 14 18 16 6 4 5 13 3 20 
student 16: 18 13 17 20 19 2 8 5 15 3 16 12 9 11 10 7 1 4 6 14 
student 17: 10 14 17 18 15 6 12 8 16 2 19 4 11 13 7 9 3 1 5 20 
student 18: 16 15 7 20 13 5 8 6 12 1 18 11 10 9 14 17 2 3 4 19 
student 19: 20 10 13 11 18 6 14 8 15 4 16 17 5 9 3 7 2 1 12 19 
student 20: 17 12 3 19 18 2 8 14 13 4 16 9 20 5 11 7 1 6 10 15 
student 21: 19 8 18 12 14 2 7 3 17 4 20 16 6 9 13 10 1 15 5 11 
student 22: 14 15 11 17 16 9 6 4 19 5 10 13 18 8 7 12 1 3 2 20 
student 23: 15 16 8 18 7 9 12 6 20 3 19 13 14 10 11 4 2 5 1 17 
student 24: 20 12 7 8 18 11 6 2 19 1 16 10 14 9 4 15 13 3 5 17 
student 25: 20 17 3 11 16 7 8 13 19 6 15 10 5 14 4 9 1 2 12 18 
student 26: 17 11 9 19 12 13 5 7 18 4 8 20 15 10 3 14 1 2 6 16 
student 27: 13 15 9 18 12 4 16 6 20 11 10 14 17 7 8 1 2 3 5 19 
student 28: 14 20 12 18 13 3 1 7 15 5 17 9 10 11 16 6 2 4 8 19 
student 29: 17 20 2 19 8 7 18 16 14 1 11 13 10 15 3 9 4 6 5 12 
student 30: 11 20 13 16 17 3 9 6 18 2 19 14 5 12 7 8 1 4 10 15 
student 31: 13 14 10 20 18 2 9 8 16 1 19 15 12 11 7 6 4 5 3 17 
student 32: 13 19 5 14 11 6 10 3 18 15 16 12 8 9 17 4 2 1 7 20 
student 33: 19 9 1 13 18 14 5 10 17 6 15 4 12 16 3 8 7 2 11 20 
student 34: 17 5 11 16 12 1 15 3 20 4 19 8 14 18 10 7 9 2 6 13 
student 35: 18 16 5 19 14 7 12 2 20 3 13 10 11 15 8 9 6 1 4 17 
student 36: 18 17 8 12 16 13 10 4 20 2 9 14 11 19 6 7 1 3 5 15 
student 37: 20 18 10 17 12 5 3 8 19 6 14 13 11 15 7 9 1 2 4 16 
student 38: 10 14 7 19 13 8 16 4 20 2 15 6 17 9 12 5 11 1 3 18 
student 39: 10 8 18 15 14 7 11 4 19 6 5 17 16 9 12 13 1 2 3 20 
student 40: 17 20 12 19 14 5 3 8 15 6 18 10 4 11 13 9 2 1 7 16 
student 41: 19 7 9 18 17 5 12 2 20 3 16 14 13 15 11 6 8 1 4 10 
student 42: 16 19 3 14 12 8 7 13 18 2 17 9 15 11 5 10 6 1 4 20 
student 43: 15 12 11 20 16 10 7 9 8 2 17 13 14 6 4 18 1 5 3 19 
student 44: 20 12 11 16 19 3 9 5 13 2 14 10 17 15 6 8 4 7 1 18 
student 45: 12 14 9 19 16 7 5 2 20 4 17 13 11 15 8 10 1 3 6 18 
student 46: 7 13 18 20 19 6 10 3 17 1 9 15 11 16 4 5 2 12 8 14 
student 47: 15 13 20 19 17 3 5 1 16 7 14 10 9 12 8 18 2 4 6 11 
student 48: 7 17 18 19 13 5 9 10 15 6 16 14 8 11 12 4 1 3 2 20 
student 49: 16 17 12 18 11 6 7 14 20 4 19 9 1 10 8 5 2 3 13 15 
student 50: 19 9 15 13 11 12 6 10 16 1 14 8 17 18 7 5 3 2 4 20 
student 51: 18 19 13 16 11 9 7 5 20 1 14 10 12 15 8 4 3 6 2 17 
student 52: 17 19 7 14 15 2 5 11 16 3 18 10 9 8 4 13 1 12 6 20 
student 53: 19 17 5 13 15 3 7 4 20 11 18 16 14 6 9 8 2 1 10 12 
student 54: 12 17 11 18 13 4 14 3 16 9 20 15 6 10 1 8 2 5 7 19 
student 55: 16 19 8 20 15 3 7 10 18 12 13 17 14 11 6 9 2 1 4 5 
student 56: 20 15 13 17 9 4 6 11 19 3 16 2 7 12 14 8 5 1 10 18 
student 57: 18 17 1 12 8 7 16 9 15 4 13 11 3 10 20 19 6 2 5 14 
student 58: 12 8 14 17 19 6 5 7 9 2 11 18 10 16 20 4 15 1 3 13 
student 59: 13 14 11 15 17 3 6 8 19 2 20 18 9 16 5 10 1 7 4 12 
student 60: 9 15 13 17 8 4 11 7 20 6 14 16 3 19 10 2 1 5 12 18 
student 61: 13 18 9 19 16 12 10 4 20 6 7 2 15 8 5 1 3 14 11 17 
student 62: 16 20 11 17 15 1 12 10 19 3 5 4 13 14 7 6 2 9 8 18 
student 63: 14 8 17 20 15 1 6 9 19 5 13 18 11 10 7 12 4 2 3 16 
student 64: 20 9 11 18 12 5 10 1 19 3 17 15 14 13 6 8 2 4 7 16 
student 65: 13 16 7 19 11 8 5 15 20 4 17 12 6 10 14 9 2 1 3 18 
student 66: 19 13 5 20 15 11 10 3 16 6 14 12 9 18 7 2 8 1 4 17 
student 67: 14 12 11 19 20 1 8 4 18 6 16 15 10 13 3 9 5 2 7 17 
student 68: 13 18 11 17 15 6 8 9 14 2 19 12 16 20 5 7 3 1 4 10 
student 69: 17 15 1 19 20 4 6 13 18 7 11 12 3 5 10 14 2 8 9 16 
student 70: 20 17 14 16 5 4 12 6 19 7 10 18 9 13 8 3 1 2 11 15 
student 71: 18 20 14 19 10 5 13 4 16 1 12 17 11 8 6 2 7 3 9 15 
student 72: 20 10 9 18 15 4 3 5 17 1 14 12 19 13 7 11 2 8 6 16 
student 73: 8 10 12 18 19 1 11 6 15 14 9 13 2 17 3 16 4 7 5 20 
student 74: 15 13 19 18 11 9 5 10 20 2 6 14 4 12 16 7 1 8 3 17 
student 75: 18 8 17 16 14 13 6 9 20 3 10 7 15 4 11 12 1 2 5 19 
student 76: 14 8 18 16 12 4 13 10 19 1 20 7 5 15 9 11 2 3 6 17 
student 77: 19 12 9 18 14 7 5 16 20 6 10 15 11 2 8 1 3 4 13 17 
student 78: 13 3 10 20 16 1 6 5 19 9 15 14 11 12 8 17 4 7 2 18 
student 79: 9 17 11 18 16 6 10 2 19 4 13 20 7 12 5 8 1 3 14 15 
student 80: 19 9 14 20 18 5 15 3 17 2 12 8 11 16 13 7 1 4 6 10 
student 81: 14 12 8 17 13 4 5 1 20 10 16 15 11 18 7 9 2 6 3 19 
student 82: 19 14 13 16 20 3 10 6 17 2 18 8 11 12 7 9 1 5 4 15 
student 83: 12 17 4 13 16 1 7 11 20 8 5 14 15 19 3 18 2 6 10 9 
student 84: 15 12 14 18 17 2 3 8 13 6 9 19 16 20 5 11 1 4 7 10 
student 85: 12 10 11 17 19 8 2 15 18 6 20 16 9 13 5 7 1 4 3 14 
student 86: 16 18 14 11 12 1 15 4 19 2 17 13 5 8 6 7 10 3 9 20 
student 87: 14 17 13 16 12 7 8 6 15 5 19 2 10 11 9 18 1 4 3 20 
student 88: 20 14 9 16 12 1 5 4 13 3 17 19 7 15 11 6 2 8 10 18 
student 89: 12 17 6 18 4 7 13 5 14 3 19 15 8 9 10 11 16 1 2 20 
student 90: 15 11 10 18 16 4 3 9 19 2 20 14 6 8 7 12 17 1 5 13 
student 91: 17 13 12 16 14 3 8 4 19 9 15 10 20 11 6 7 5 2 1 18 
student 92: 6 17 9 20 14 4 12 8 18 3 15 19 16 10 13 5 2 1 7 11 
student 93: 16 20 9 18 14 1 13 10 19 7 17 8 12 2 6 11 4 3 5 15 
student 94: 16 10 5 15 13 9 8 1 20 7 17 12 14 18 6 4 2 3 11 19 
student 95: 16 14 13 19 11 1 7 4 17 10 15 20 3 18 12 9 2 8 6 5 
student 96: 10 18 12 20 16 14 11 6 17 13 15 5 19 7 4 2 9 3 1 8 
student 97: 7 15 12 20 19 8 18 5 16 3 14 17 13 10 9 11 2 1 4 6 
student 98: 14 16 7 19 11 15 4 5 20 3 9 8 17 13 6 12 1 2 10 18 
student 99: 14 19 11 20 9 5 8 4 15 6 13 17 18 12 10 7 1 2 3 16 
student 100: 13 16 18 14 20 3 11 7 17 15 10 1 8 9 6 12 2 4 5 19 
student 101: 18 12 20 19 15 5 8 9 14 13 17 10 3 6 4 11 1 2 7 16 
student 102: 14 17 8 19 15 1 10 9 20 4 18 5 12 13 2 7 6 3 11 16 
student 103: 17 12 4 15 11 1 16 10 14 3 5 9 13 18 7 19 2 8 6 20 
student 104: 9 16 13 15 5 3 6 11 17 19 18 14 8 4 7 12 2 1 10 20 
student 105: 16 10 20 18 12 4 13 6 19 3 15 9 8 14 5 11 1 2 7 17 
student 106: 18 17 9 10 11 4 8 2 20 1 14 13 15 16 12 7 5 6 3 19 
student 107: 20 18 12 19 15 7 2 5 17 1 13 11 4 14 10 8 3 6 9 16 
student 108: 19 10 12 18 16 2 5 4 13 6 8 11 17 14 15 7 1 9 3 20 
student 109: 19 15 6 11 13 9 17 5 16 4 20 14 12 8 2 10 1 3 7 18 
student 110: 19 20 13 18 15 1 9 4 17 3 12 10 14 16 5 8 2 7 6 11 
student 111: 2 15 12 10 20 5 6 13 18 9 19 17 7 14 1 11 4 8 3 16 
student 112: 18 16 5 19 15 3 8 13 17 4 11 14 7 9 2 12 1 6 10 20 
student 113: 12 20 9 17 13 3 5 6 16 7 11 10 18 8 15 14 2 4 1 19 
student 114: 16 15 11 17 20 7 3 12 18 2 5 13 14 10 6 8 9 1 4 19 
student 115: 20 14 13 17 7 5 8 1 16 4 15 18 12 9 11 10 2 3 6 19 
student 116: 17 16 9 20 15 1 8 6 10 5 18 14 13 11 7 12 4 2 3 19 
student 117: 17 12 14 19 15 6 10 9 20 5 18 16 3 13 7 8 4 2 1 11 
student 118: 11 17 3 8 4 1 7 6 19 9 18 16 15 14 12 10 2 5 13 20 
student 119: 14 20 13 17 3 12 8 5 18 1 16 19 11 10 4 2 6 7 9 15 
student 120: 14 15 12 18 17 7 8 4 11 1 19 16 13 3 10 6 2 9 5 20 
student 121: 11 6 7 15 18 10 1 17 20 2 8 14 12 3 5 16 4 9 13 19 
student 122: 16 17 9 20 10 11 3 6 19 2 15 18 8 14 12 7 1 5 4 13 
student 123: 17 15 13 20 19 7 11 3 10 2 5 16 12 14 6 9 1 4 8 18 
student 124: 17 15 7 13 10 4 16 3 19 2 20 11 14 12 9 8 1 5 6 18 
student 125: 15 17 6 20 16 3 9 5 8 10 18 14 12 13 4 7 1 2 11 19 
student 126: 20 16 15 18 12 8 10 14 19 1 6 5 2 13 9 7 3 4 11 17 
student 127: 17 15 2 14 12 4 16 5 20 3 19 11 8 9 7 18 6 1 10 13 
student 128: 15 18 7 17 8 5 10 11 16 2 19 14 13 12 4 6 3 1 9 20 
student 129: 15 14 10 18 9 13 7 5 11 2 20 16 3 17 8 12 1 4 6 19 
student 130: 18 15 10 11 13 2 7 1 20 3 19 17 9 12 6 14 4 5 8 16 
student 131: 16 11 10 9 18 2 4 14 20 12 8 15 19 7 17 6 3 5 1 13 
student 132: 19 10 11 20 12 6 17 1 18 5 13 8 14 16 3 9 2 4 7 15 
student 133: 20 12 5 19 7 8 4 15 16 2 14 13 11 10 3 17 6 1 9 18 
student 134: 17 13 7 20 16 4 11 18 19 5 12 6 10 8 3 9 2 15 1 14 
student 135: 17 14 1 19 10 2 6 11 20 12 18 13 7 15 8 9 5 4 3 16 
student 136: 20 12 7 18 10 14 17 5 19 3 16 11 8 9 1 13 4 6 2 15 
student 137: 16 10 17 19 7 6 11 8 2 5 12 18 13 15 14 4 3 1 9 20 
student 138: 16 19 15 18 14 6 9 12 13 17 20 5 1 11 2 8 4 3 10 7 
student 139: 6 9 11 10 15 1 14 3 19 2 18 20 12 17 7 4 16 5 8 13 
student 140: 11 17 14 20 18 2 9 7 15 1 12 13 16 6 8 10 4 3 5 19 
student 141: 20 14 5 17 16 6 10 8 19 3 18 12 2 15 7 11 1 4 9 13 
student 142: 19 13 8 20 12 3 2 5 18 11 17 7 14 15 6 9 1 4 10 16 
student 143: 18 5 15 14 2 10 8 6 16 1 13 19 17 11 9 12 3 7 4 20 
student 144: 18 14 7 19 11 6 9 3 20 2 15 10 16 13 8 5 1 12 4 17 
student 145: 11 19 17 20 8 1 9 7 18 3 15 4 16 14 12 6 2 10 5 13 
student 146: 14 3 10 16 15 6 8 5 20 1 18 19 11 13 7 12 4 2 9 17 
student 147: 19 18 5 20 14 10 9 6 7 3 12 16 11 13 17 2 1 4 8 15 
student 148: 20 16 7 11 6 10 8 2 18 3 17 14 12 15 5 4 1 13 9 19 
student 149: 17 16 1 19 14 18 3 6 20 2 15 12 10 11 4 9 8 5 7 13 
student 150: 15 16 10 18 13 11 4 7 20 5 14 12 8 19 1 9 6 3 2 17 
student 151: 9 15 19 16 17 3 11 13 18 5 14 8 7 2 6 10 12 1 4 20 
student 152: 19 16 9 17 13 10 2 7 20 8 18 11 14 15 12 5 1 3 4 6 
student 153: 20 14 11 18 12 1 10 6 19 5 16 4 8 15 13 7 2 3 9 17 
student 154: 12 16 6 18 14 1 13 8 20 2 15 17 9 11 10 3 5 7 4 19 
student 155: 11 18 8 19 17 4 9 6 15 2 1 12 13 14 10 16 7 3 5 20 
student 156: 14 17 11 20 15 4 8 9 19 3 16 7 10 12 13 2 1 5 6 18 
student 157: 9 11 12 15 14 1 10 8 20 7 17 6 13 16 18 5 3 2 4 19 
student 158: 18 13 6 19 15 8 12 5 17 7 10 11 14 16 9 2 3 1 4 20 
student 159: 18 17 5 19 9 6 20 2 12 4 15 11 16 13 1 7 3 14 8 10 
student 160: 17 15 7 16 18 5 4 12 20 6 14 9 13 10 8 11 1 3 2 19 
student 161: 14 18 17 15 10 6 1 11 19 4 20 2 5 13 8 9 7 3 12 16 
student 162: 16 15 14 13 19 1 6 2 18 11 12 8 10 9 17 5 4 7 3 20 
student 163: 20 17 11 19 12 5 8 2 15 4 18 14 16 10 3 9 6 1 7 13 
student 164: 19 12 16 18 14 6 9 5 20 1 17 15 2 10 11 7 4 8 3 13 
student 165: 20 13 9 19 15 11 8 3 16 2 4 17 12 14 6 10 1 7 5 18 
student 166: 16 11 10 20 14 8 13 5 19 3 17 6 12 15 7 9 1 2 4 18 
student 167: 14 18 16 15 10 4 5 7 19 3 11 17 12 13 1 9 8 2 6 20 
student 168: 17 13 12 19 5 9 10 3 20 6 14 7 4 11 8 15 1 2 16 18 
student 169: 16 13 18 10 11 1 7 9 20 3 15 8 4 19 12 5 2 14 6 17 
student 170: 19 15 5 14 9 7 18 2 12 6 20 10 17 16 11 13 4 1 3 8 
student 171: 14 11 13 20 9 2 18 10 16 1 12 15 3 19 4 6 7 8 5 17 
student 172: 19 15 14 11 5 7 18 9 20 4 16 10 12 13 6 8 3 1 2 17 
student 173: 15 17 10 19 9 2 11 14 20 5 12 8 13 18 7 6 1 4 3 16 
student 174: 9 12 13 18 16 8 5 17 20 3 19 14 6 4 10 11 1 2 7 15 
student 175: 13 19 5 9 15 10 11 7 20 3 16 14 6 8 18 2 1 4 12 17 
student 176: 12 19 9 14 16 4 13 7 18 1 20 2 8 15 5 10 17 3 6 11 
student 177: 11 13 5 20 9 8 10 18 16 6 14 12 15 19 7 3 2 4 1 17 
student 178: 16 13 8 17 14 10 11 6 20 1 18 9 12 15 5 4 3 7 2 19 
student 179: 19 18 9 15 16 4 13 7 20 2 3 10 12 14 8 17 5 1 6 11 
student 180: 16 18 8 9 15 3 20 11 19 2 13 14 12 7 5 6 1 10 4 17 
student 181: 19 12 10 17 18 3 6 7 13 5 20 11 9 15 16 8 2 14 1 4 
student 182: 18 13 5 7 14 4 8 9 17 16 15 11 19 3 6 10 1 12 2 20 
student 183: 14 13 11 20 12 1 16 3 10 8 15 19 18 9 5 7 4 6 2 17 
student 184: 19 12 9 11 20 4 5 17 16 3 14 13 7 10 8 15 1 2 6 18 
student 185: 15 17 12 20 13 11 7 8 18 2 16 6 9 14 1 10 3 4 5 19 
student 186: 14 8 9 11 16 4 6 2 18 7 20 19 10 13 17 12 5 1 3 15 
student 187: 17 20 1 16 12 11 8 2 15 18 13 10 14 6 7 9 3 4 5 19 
student 188: 10 13 8 12 9 3 17 4 20 5 18 16 6 14 15 11 1 2 7 19 
student 189: 3 20 15 10 18 6 8 5 19 1 17 16 13 11 14 2 7 9 4 12 
student 190: 20 9 5 19 18 6 14 2 15 8 17 16 11 13 4 10 3 1 7 12 
student 191: 20 16 12 17 15 2 18 5 11 4 7 19 8 10 3 6 1 9 13 14 
student 192: 17 14 11 8 18 2 10 4 20 1 15 19 12 13 9 6 5 7 3 16 
student 193: 20 14 17 19 15 2 13 7 10 4 16 12 6 11 5 9 1 8 3 18 
student 194: 20 6 5 11 18 10 7 12 17 4 9 19 13 16 14 8 1 3 2 15 
student 195: 20 14 2 17 9 1 8 7 16 5 15 13 10 12 18 4 11 3 6 19 
student 196: 12 16 9 20 7 8 5 4 15 3 14 11 17 18 6 13 2 1 10 19 
student 197: 20 15 4 13 16 3 2 11 18 5 19 8 10 14 12 7 1 6 9 17 
student 198: 14 10 9 19 16 8 17 5 20 1 15 13 11 7 12 3 2 4 6 18 
student 199: 19 17 13 16 11 1 8 12 18 4 14 7 15 5 10 6 3 2 9 20 
student 200: 18 16 9 20 13 3 6 8 17 1 11 19 14 2 12 4 10 5 7 15 
student 201: 19 14 5 9 6 10 8 16 13 7 20 18 12 15 2 11 1 3 4 17 
student 202: 19 16 9 18 17 2 7 12 14 4 13 10 15 8 6 1 3 11 5 20 
student 203: 16 20 19 13 18 2 14 5 17 1 11 12 9 10 6 8 4 7 3 15 
student 204: 6 16 19 18 11 5 9 7 15 20 13 4 10 12 8 14 3 1 2 17 
student 205: 20 17 19 13 14 2 10 5 16 8 11 18 12 6 4 9 1 7 3 15 
student 206: 19 13 8 18 9 2 1 11 20 7 15 14 12 17 6 5 10 4 3 16 
student 207: 18 11 10 20 19 5 9 3 15 1 8 13 6 17 14 12 2 4 7 16 
student 208: 18 6 9 12 17 8 13 2 20 5 10 16 15 11 14 7 4 1 3 19 
student 209: 12 11 9 20 10 4 8 5 16 18 19 13 15 6 14 7 3 1 2 17 
student 210: 19 16 5 20 15 6 8 2 18 4 17 12 9 14 10 11 1 3 7 13 
student 211: 16 13 8 17 15 2 9 5 20 4 19 18 14 11 7 12 1 3 6 10 
student 212: 17 16 11 19 18 2 14 9 20 7 10 13 6 4 3 15 8 5 1 12 
student 213: 13 12 5 16 14 3 10 2 20 8 17 15 9 19 11 7 6 1 4 18 
student 214: 18 12 14 19 16 3 1 8 20 15 17 10 11 13 5 9 4 2 6 7 
student 215: 20 14 15 19 18 8 12 6 16 2 10 11 7 17 3 13 4 9 5 1 
student 216: 19 17 14 20 18 2 16 5 13 1 12 11 3 6 7 10 4 8 9 15 
student 217: 13 10 6 19 15 4 5 12 16 3 20 8 18 17 2 9 1 7 11 14 
student 218: 14 15 5 18 8 13 10 1 17 11 12 19 6 7 2 16 9 4 3 20 
student 219: 13 9 6 15 20 11 16 8 18 5 3 19 7 14 12 10 2 1 4 17 
student 220: 9 4 12 20 10 3 1 8 17 6 16 19 7 18 13 15 2 5 11 14 
student 221: 19 15 3 20 13 7 12 9 18 1 17 5 10 11 16 14 6 4 2 8 
student 222: 20 18 10 19 17 4 5 6 11 1 16 8 15 12 7 9 13 3 2 14 
student 223: 20 19 9 18 12 7 11 8 6 13 15 14 10 16 5 1 2 4 3 17 
student 224: 17 14 5 18 16 9 7 3 15 4 20 19 11 12 10 1 2 6 8 13 
student 225: 14 9 17 20 11 6 12 4 18 1 15 19 16 8 5 7 2 10 3 13 
student 226: 17 18 4 19 7 12 15 6 20 2 8 5 14 13 9 10 1 11 3 16 
student 227: 15 19 6 8 17 12 5 2 20 4 18 14 7 11 1 16 9 3 13 10 
student 228: 13 17 3 19 14 9 2 12 18 4 15 16 10 11 8 1 5 7 6 20 
student 229: 16 18 3 20 4 5 14 17 13 6 10 8 12 15 7 9 11 2 1 19 
student 230: 15 10 13 20 9 14 7 12 16 2 19 17 6 11 8 5 1 3 4 18 
student 231: 17 20 11 19 14 7 8 6 18 4 9 16 15 12 1 13 3 2 5 10 
student 232: 15 18 12 20 14 5 13 4 16 2 19 3 7 1 9 10 6 8 11 17 
student 233: 11 20 4 13 18 3 14 8 17 6 15 16 9 7 2 10 5 1 12 19 
student 234: 17 19 8 18 15 3 4 20 10 1 5 11 7 9 12 13 6 14 2 16 
student 235: 15 14 17 19 10 1 6 4 16 9 18 8 11 20 13 2 5 3 7 12 
student 236: 14 16 5 15 11 6 10 9 20 8 17 18 12 13 2 7 4 3 1 19 
student 237: 17 11 9 19 16 7 12 6 20 4 14 13 10 15 8 3 5 1 2 18 
student 238: 15 7 12 20 19 5 8 9 11 14 17 13 16 3 6 10 1 2 4 18 
student 239: 19 18 10 13 15 5 7 4 6 3 16 12 17 11 14 9 2 1 8 20 
student 240: 20 16 10 8 2 11 15 4 18 3 17 14 12 13 9 6 5 1 7 19 
student 241: 15 14 10 18 16 2 8 5 20 7 17 12 6 13 3 11 1 4 9 19 
student 242: 6 14 11 18 15 9 1 8 16 4 17 13 12 3 5 20 2 7 10 19 
student 243: 19 11 12 13 10 6 9 7 20 1 16 18 14 8 4 15 3 5 2 17 
student 244: 8 14 18 12 9 4 6 16 13 11 17 2 19 20 7 10 1 3 5 15 
student 245: 14 10 12 19 20 4 2 6 16 9 15 13 1 18 5 3 7 8 11 17 
student 246: 17 9 8 20 15 5 3 12 19 11 18 16 10 13 2 6 1 4 7 14 
student 247: 9 13 17 18 15 3 6 2 19 1 4 20 16 8 10 12 7 5 11 14 
student 248: 13 14 10 18 11 9 8 6 15 5 20 7 19 16 4 12 3 1 2 17 
student 249: 20 15 8 17 14 7 12 9 19 1 18 2 10 6 3 11 5 13 4 16 
student 250: 16 18 8 20 10 4 9 7 15 3 13 17 12 14 6 5 1 2 11 19 
student 251: 19 15 13 17 9 5 4 3 18 6 14 8 16 20 7 10 2 1 11 12 
student 252: 18 7 11 20 16 5 9 4 17 2 19 12 6 10 8 13 3 1 14 15 
student 253: 17 7 11 19 18 2 16 9 20 10 15 4 3 13 6 12 5 1 8 14 
student 254: 14 15 9 16 13 2 8 5 20 1 11 19 10 7 12 18 3 4 6 17 
student 255: 20 12 10 18 19 9 8 7 14 5 3 16 11 13 17 2 4 1 6 15 
student 256: 7 15 8 19 16 2 12 10 20 6 17 14 1 5 13 11 4 3 9 18 
student 257: 17 14 7 20 13 4 5 3 18 1 16 19 15 11 10 6 8 2 9 12 
student 258: 8 13 16 20 15 9 10 3 17 7 18 19 12 4 2 14 1 6 5 11 
student 259: 18 19 15 7 13 4 11 5 20 1 10 12 16 14 6 9 8 2 3 17 
student 260: 14 19 9 20 11 10 13 6 17 5 16 12 15 8 4 7 1 2 3 18 
student 261: 18 1 15 17 6 3 12 13 20 4 16 8 7 9 11 14 2 5 10 19 
student 262: 17 11 15 20 9 13 6 10 16 1 14 8 7 18 12 5 2 4 3 19 
student 263: 17 10 11 20 13 4 6 7 18 1 19 8 14 9 5 2 3 12 16 15 
student 264: 5 16 14 19 12 7 8 13 20 3 15 18 4 17 1 11 2 6 10 9 
student 265: 20 15 17 19 18 10 7 11 12 5 16 13 14 8 4 9 1 3 2 6 
student 266: 19 18 11 20 6 2 5 3 9 17 16 14 8 7 13 12 4 1 10 15 
student 267: 16 12 8 17 14 5 9 6 20 1 18 11 19 13 7 15 4 3 2 10 
student 268: 13 14 5 15 12 6 9 7 17 4 19 10 18 11 8 2 1 3 16 20 
student 269: 20 18 13 9 10 3 4 7 17 1 19 12 16 15 8 11 5 2 6 14 
student 270: 9 17 8 19 10 6 11 3 20 2 18 15 13 14 7 5 1 4 12 16 
student 271: 10 7 16 19 14 12 5 9 13 2 15 20 18 6 3 11 1 4 8 17 
student 272: 18 10 3 12 16 5 17 7 13 15 14 9 19 11 6 8 2 1 4 20 
student 273: 15 16 3 17 12 5 2 6 20 1 9 19 11 4 18 7 10 8 14 13 
student 274: 17 14 13 19 16 11 6 3 20 1 18 10 9 12 4 7 8 5 2 15 
student 275: 9 14 10 18 16 4 7 1 20 6 11 13 12 15 8 17 2 3 5 19 
student 276: 15 13 6 18 7 4 10 16 19 2 14 17 11 20 5 9 1 3 8 12 
student 277: 20 16 7 15 14 10 4 12 19 5 18 6 11 17 2 8 3 1 9 13 
student 278: 8 12 2 16 18 7 11 4 20 3 13 5 17 19 10 6 1 15 9 14 
student 279: 19 13 8 18 9 5 7 6 15 3 16 20 10 11 14 12 2 1 4 17 
student 280: 20 2 4 19 16 1 10 3 17 5 15 13 18 8 9 12 11 7 6 14 
student 281: 14 16 8 20 4 11 9 10 19 7 12 17 13 18 5 2 1 6 3 15 
student 282: 19 16 5 12 17 1 10 9 13 2 20 18 4 14 8 15 3 6 11 7 
student 283: 15 14 17 18 19 7 11 3 16 4 10 13 1 12 5 9 2 6 8 20 
student 284: 17 16 1 18 15 4 10 3 14 6 7 13 5 20 11 12 8 9 2 19 
student 285: 15 12 2 11 16 13 17 1 20 5 9 8 4 18 7 14 3 6 10 19 
student 286: 14 13 7 16 20 10 6 4 19 8 12 17 1 11 9 18 2 5 3 15 
student 287: 10 17 13 14 5 15 8 2 18 4 19 16 9 12 7 1 11 3 6 20 
student 288: 11 8 17 20 10 6 13 9 19 3 14 16 12 15 2 5 1 4 7 18 
student 289: 20 12 16 18 11 8 14 1 13 3 19 5 2 17 7 9 4 6 10 15 
student 290: 14 10 8 19 20 6 12 9 17 4 16 3 15 13 5 11 1 2 7 18 
student 291: 18 15 13 14 11 7 3 4 20 2 17 16 9 8 12 6 1 5 10 19 
student 292: 20 18 10 19 12 7 1 8 14 3 17 15 6 16 11 9 2 5 4 13 
student 293: 18 12 1 20 19 11 10 13 16 2 15 14 8 3 6 9 4 5 7 17 
student 294: 15 12 8 14 18 9 4 5 17 6 19 16 11 13 10 2 1 7 3 20 
student 295: 17 14 19 13 8 6 10 4 16 1 20 18 11 15 12 5 2 3 9 7 
student 296: 14 13 15 19 9 8 18 5 20 1 16 10 12 11 7 4 2 6 3 17 
student 297: 18 16 9 20 17 1 8 5 11 3 14 15 12 10 7 13 6 2 4 19 
student 298: 14 18 10 17 13 5 2 4 20 11 9 19 15 12 8 3 1 7 6 16 
student 299: 20 14 8 16 18 4 7 5 19 1 9 13 11 12 10 6 2 3 15 17 
student 300: 18 13 12 16 5 9 6 4 10 8 17 14 3 20 15 11 2 7 1 19 
student 301: 14 20 7 17 16 11 12 4 15 6 18 13 9 5 3 10 2 1 8 19 
student 302: 17 12 6 20 8 15 11 9 18 3 13 19 16 10 7 2 4 1 5 14 
student 303: 19 17 14 20 16 4 7 5 8 1 15 13 11 12 9 10 3 2 6 18 
student 304: 20 18 14 16 15 10 9 3 19 4 13 17 7 6 8 11 1 2 5 12 
student 305: 13 17 6 18 15 8 12 11 20 5 3 4 10 14 7 19 1 2 9 16 
student 306: 20 16 2 18 13 4 7 9 19 3 17 11 10 15 12 5 6 1 8 14 
student 307: 8 14 4 15 11 6 9 16 19 2 17 12 18 5 13 20 3 1 7 10 
student 308: 16 15 9 20 13 7 8 6 19 2 17 14 10 12 3 5 1 4 11 18 
student 309: 20 14 7 12 17 6 5 10 18 1 2 13 9 16 15 3 4 8 11 19 
student 310: 18 19 2 12 20 9 15 6 16 5 3 7 17 13 10 14 4 8 1 11 
student 311: 20 5 6 13 11 1 10 8 19 16 18 15 9 14 12 4 7 2 3 17 
student 312: 12 15 11 16 9 4 7 3 17 2 18 14 19 8 1 5 10 20 6 13 
student 313: 15 17 13 19 12 6 14 1 20 4 5 11 7 8 9 10 3 16 2 18 
student 314: 17 20 13 9 15 1 7 5 14 3 2 19 12 6 4 8 10 11 16 18 
student 315: 12 13 10 18 8 6 7 20 14 4 15 11 17 5 2 16 3 1 9 19 
student 316: 18 16 5 14 10 3 2 8 19 6 17 13 12 11 9 15 1 4 7 20 
student 317: 19 10 11 17 15 7 5 3 14 13 18 9 12 16 6 8 4 2 1 20 
student 318: 14 9 19 18 6 2 10 17 20 7 15 12 4 16 8 13 1 3 5 11 
student 319: 9 5 11 16 12 4 14 10 18 8 19 15 2 13 7 17 1 6 3 20 
student 320: 18 12 10 15 6 8 3 16 13 2 7 9 17 20 11 14 1 4 5 19 
student 321: 19 5 18 12 16 1 8 15 17 4 14 10 13 9 2 11 3 6 7 20 
student 322: 20 18 12 19 17 7 3 9 16 2 15 14 11 10 6 8 4 1 5 13 
student 323: 18 17 10 14 16 7 15 9 11 4 8 12 20 2 6 13 3 5 1 19 
student 324: 18 12 1 14 19 4 2 6 20 10 17 5 11 16 9 15 7 3 8 13 
student 325: 17 14 16 8 9 4 10 5 20 2 19 18 11 12 13 7 1 6 3 15 
student 326: 13 17 4 20 19 1 6 5 16 12 7 11 14 15 9 8 10 2 3 18 
student 327: 10 12 13 18 14 1 5 17 19 3 8 11 4 16 6 7 9 2 15 20 
student 328: 11 17 2 20 15 13 18 9 16 1 19 12 14 7 5 10 3 4 6 8 
student 329: 16 17 11 15 13 14 6 4 19 8 20 10 12 3 7 9 5 1 2 18 
student 330: 14 13 7 16 18 6 19 11 17 8 10 5 12 9 2 15 1 4 3 20 
student 331: 8 14 9 17 10 13 11 19 15 5 20 16 7 12 1 4 3 6 2 18 
student 332: 6 14 7 18 11 8 12 15 19 1 20 9 10 2 4 16 3 5 13 17 
student 333: 12 7 13 20 17 2 6 4 19 1 8 10 16 14 11 15 5 3 9 18 
student 334: 16 6 14 15 4 11 5 10 20 3 19 17 7 12 2 9 1 8 13 18 
student 335: 18 13 11 15 19 1 10 3 14 7 4 16 8 20 2 12 5 6 9 17 
student 336: 17 16 8 18 10 2 11 9 20 7 13 5 12 15 4 14 1 3 6 19 
student 337: 17 14 6 20 12 8 5 13 18 4 7 11 15 16 9 10 3 1 2 19 
student 338: 13 2 6 9 7 11 10 4 20 15 18 1 14 12 3 17 5 8 16 19 
student 339: 18 15 7 16 14 5 1 6 17 9 13 20 12 10 4 11 2 8 3 19 
student 340: 19 16 6 20 18 2 8 9 17 13 3 11 14 15 4 7 10 5 1 12 
student 341: 13 17 18 15 19 5 6 3 16 4 12 10 7 14 8 11 2 1 9 20 
student 342: 17 18 10 20 14 1 2 9 19 4 16 11 13 6 12 5 3 7 8 15 
student 343: 15 17 16 7 19 5 13 9 14 3 12 18 8 10 6 11 4 1 2 20 
student 344: 19 14 8 17 10 4 5 3 20 9 16 12 13 15 11 7 2 1 6 18 
student 345: 20 16 15 11 1 6 12 5 13 3 17 19 8 7 9 14 4 2 18 10 
student 346: 7 14 9 20 13 3 8 15 18 1 11 16 10 6 12 19 5 2 4 17 
student 347: 18 13 5 11 20 3 8 6 15 7 19 12 14 10 1 9 2 16 4 17 
student 348: 19 14 10 20 2 5 6 8 17 7 18 15 12 16 9 11 3 1 4 13 
student 349: 15 9 8 19 6 4 14 3 17 1 10 5 16 13 7 11 2 18 12 20 
student 350: 16 13 7 18 14 5 8 6 19 2 15 11 9 12 10 17 4 1 3 20 
student 351: 19 14 6 15 12 4 10 8 20 5 11 16 18 13 9 1 2 3 7 17 
student 352: 13 12 15 19 16 11 3 8 20 4 9 7 14 18 10 2 1 6 5 17 
student 353: 12 19 16 14 18 6 5 4 20 3 8 15 10 17 11 9 1 2 7 13 
student 354: 18 12 10 16 14 8 7 2 19 11 17 15 3 13 6 9 5 1 4 20 
student 355: 13 12 14 16 15 4 18 2 19 9 11 5 7 10 8 17 1 3 6 20 
student 356: 9 20 18 19 15 3 10 7 14 1 17 4 11 13 8 2 6 5 16 12 
student 357: 13 8 11 20 10 7 9 6 17 1 14 12 16 15 4 5 19 2 3 18 
student 358: 14 15 9 19 13 2 8 7 18 1 20 12 17 11 10 4 6 3 5 16 
student 359: 16 9 14 17 19 11 8 2 20 3 15 18 7 10 5 12 1 6 4 13 
student 360: 15 9 8 18 14 7 13 6 19 1 20 16 4 10 3 12 11 2 5 17 
student 361: 18 4 14 20 17 7 10 5 11 1 19 15 16 12 13 6 2 3 8 9 
student 362: 19 7 12 18 9 6 5 4 20 2 10 14 15 13 8 11 17 1 3 16 
student 363: 13 14 10 20 12 7 5 4 16 15 11 8 19 6 18 9 3 2 1 17 
student 364: 14 16 3 15 17 7 9 19 20 6 12 18 11 13 8 5 1 2 4 10 
student 365: 15 11 5 18 17 16 10 3 20 6 19 8 14 12 2 1 7 4 13 9 
student 366: 18 14 5 17 4 6 12 8 19 1 20 9 13 15 10 11 2 3 7 16 
student 367: 13 17 9 19 11 3 6 8 20 4 15 5 16 14 10 12 1 2 7 18 
student 368: 11 20 17 19 15 2 7 10 16 13 18 14 5 12 4 8 1 6 3 9 
student 369: 17 20 14 9 16 5 19 10 18 4 7 2 12 6 11 8 13 3 1 15 
student 370: 13 19 10 9 17 16 1 4 20 2 15 14 6 12 3 11 5 8 7 18 
student 371: 17 15 10 18 20 1 7 4 16 5 13 14 11 12 6 8 2 9 3 19 
student 372: 18 16 10 20 13 14 4 5 19 6 17 9 11 7 8 15 2 1 3 12 
student 373: 6 18 16 20 10 2 17 4 15 3 14 8 9 11 7 13 1 5 12 19 
student 374: 10 12 5 20 13 7 2 16 18 4 17 14 8 15 11 3 6 1 9 19 
student 375: 17 12 4 15 16 6 5 1 19 2 13 20 7 9 14 8 3 11 10 18 
student 376: 14 18 9 17 19 5 10 3 16 1 11 13 4 12 7 6 8 2 15 20 
student 377: 20 11 12 17 19 4 1 5 15 6 14 8 9 13 10 7 3 2 18 16 
student 378: 18 10 7 16 14 8 17 1 19 4 20 6 2 12 9 11 5 3 13 15 
student 379: 20 14 12 17 6 1 7 11 15 5 13 18 9 16 10 8 3 4 2 19 
student 380: 12 20 11 17 16 3 7 10 19 8 6 13 15 14 1 9 2 5 4 18 
student 381: 15 20 4 7 18 2 17 5 11 3 8 12 6 16 13 14 1 10 9 19 
student 382: 20 17 15 18 13 5 3 9 19 4 14 16 11 6 8 10 1 2 7 12 
student 383: 8 17 9 18 13 6 12 11 16 20 15 7 5 14 2 10 4 3 1 19 
student 384: 19 13 8 18 7 3 4 16 20 2 14 17 15 12 11 6 10 1 5 9 
student 385: 18 17 19 20 11 15 7 5 14 2 13 8 9 16 6 4 10 1 3 12 
student 386: 20 16 11 19 18 9 6 4 17 2 14 12 13 10 7 8 3 1 5 15 
student 387: 19 13 17 20 15 7 6 4 18 5 12 9 8 11 10 14 1 2 3 16 
student 388: 17 15 7 18 6 3 13 4 20 10 12 14 9 16 8 11 1 2 5 19 
student 389: 11 14 17 13 16 8 3 9 20 6 15 12 18 10 5 4 2 1 7 19 
student 390: 19 15 9 13 14 6 5 10 7 3 17 2 16 18 11 12 1 8 4 20 
student 391: 6 8 12 17 13 1 14 5 19 15 7 16 10 18 11 9 3 2 4 20 
student 392: 17 11 9 18 15 3 5 12 13 4 2 14 19 8 10 20 1 6 7 16 
student 393: 15 20 14 17 12 5 10 7 19 2 13 16 9 8 4 11 3 1 6 18 
student 394: 17 16 9 18 12 5 1 6 19 3 11 14 8 20 7 4 15 2 10 13 
student 395: 20 13 16 11 17 3 10 5 15 4 8 18 7 14 9 12 1 2 6 19 
student 396: 17 14 8 19 16 3 11 9 10 1 15 18 7 12 6 13 4 2 5 20 
student 397: 20 11 8 17 12 5 2 10 19 7 13 14 18 6 3 16 4 1 9 15 
student 398: 6 14 15 18 19 7 4 3 5 2 10 11 20 8 16 13 9 12 1 17 
student 399: 13 17 18 19 6 4 7 5 20 2 14 15 10 16 8 12 1 3 9 11 
student 400: 17 9 12 20 16 2 14 6 15 4 18 11 8 13 10 5 7 1 3 19 
student 401: 3 5 12 16 18 4 10 7 17 6 15 9 14 13 8 11 20 1 2 19 
student 402: 18 15 8 20 12 6 13 1 3 11 19 14 2 17 7 9 4 5 10 16 
student 403: 10 16 2 20 15 3 14 6 17 1 18 12 9 13 7 11 5 8 4 19 
student 404: 14 16 15 19 12 3 5 7 20 6 17 4 13 8 11 9 1 2 10 18 
student 405: 19 14 10 17 5 3 11 12 20 4 1 18 13 9 8 7 2 6 16 15 
student 406: 20 11 5 17 15 8 12 9 19 6 16 14 13 7 2 10 1 3 4 18 
student 407: 12 10 16 13 14 4 11 6 18 2 19 7 17 20 5 8 3 1 9 15 
student 408: 19 17 8 18 14 12 1 9 20 2 5 16 13 15 11 10 4 6 3 7 
student 409: 18 14 12 13 11 5 15 9 20 1 16 17 6 8 7 4 2 3 10 19 
student 410: 15 16 10 20 14 5 4 13 19 2 17 11 12 8 9 6 3 1 7 18 
student 411: 9 13 12 19 20 3 11 2 15 10 18 14 16 7 4 5 1 8 6 17 
student 412: 19 17 7 13 16 1 6 15 20 5 12 14 8 9 10 11 2 4 3 18 
student 413: 14 11 8 19 17 6 5 13 20 3 9 16 15 7 10 12 4 1 2 18 
student 414: 19 13 14 18 16 1 3 4 20 6 17 7 9 8 11 12 5 10 2 15 
student 415: 14 19 15 12 10 9 11 6 18 2 13 17 7 16 4 8 1 3 5 20 
student 416: 18 15 16 14 4 3 7 6 19 10 8 12 17 11 13 9 2 5 1 20 
student 417: 14 18 12 19 17 1 9 8 20 6 5 13 16 7 10 3 2 4 11 15 
student 418: 4 18 10 19 17 7 9 8 11 1 20 14 16 12 6 13 5 2 3 15 
student 419: 20 11 12 15 19 5 16 2 13 3 10 8 18 14 7 4 6 1 9 17 
student 420: 12 11 8 19 15 3 9 13 18 1 17 16 14 10 4 5 7 2 6 20 
student 421: 19 11 15 20 12 6 7 5 16 4 13 17 14 9 10 8 1 2 3 18 
student 422: 12 19 18 20 14 3 8 6 17 1 5 13 11 7 15 10 4 2 9 16 
student 423: 11 12 5 20 16 8 15 3 13 14 17 9 6 10 7 19 2 1 4 18 
student 424: 11 4 12 17 19 1 10 5 18 3 13 6 16 14 9 15 2 7 8 20 
student 425: 13 12 10 20 8 9 18 7 19 2 16 14 5 17 3 6 4 1 11 15 
student 426: 19 17 4 20 12 5 3 7 15 2 18 6 14 11 8 9 13 1 10 16 
student 427: 18 14 8 20 16 6 7 5 19 3 17 11 2 4 9 13 1 15 10 12 
student 428: 14 16 2 18 20 3 5 12 19 11 6 15 4 9 13 10 8 1 7 17 
student 429: 12 10 11 15 18 7 6 3 19 4 17 16 14 8 13 9 2 5 1 20 
student 430: 19 9 14 17 15 1 7 11 18 4 20 16 12 13 6 8 2 5 3 10 
student 431: 17 11 9 19 14 2 18 6 13 4 16 15 12 8 3 5 1 10 7 20 
student 432: 16 3 11 17 15 13 8 7 18 6 12 9 20 14 10 2 1 4 5 19 
student 433: 19 12 15 16 11 5 4 2 18 13 10 17 7 8 6 14 3 1 9 20 
student 434: 20 15 2 18 13 3 7 6 17 11 14 16 5 10 12 9 1 4 8 19 
student 435: 18 13 11 17 19 3 10 6 16 4 9 15 7 14 12 8 1 2 5 20 
student 436: 18 16 10 17 13 1 5 3 20 6 14 15 11 8 7 19 4 2 9 12 
student 437: 12 19 16 14 13 6 15 8 18 1 20 11 10 3 5 9 4 2 7 17 
student 438: 18 19 6 17 15 4 7 13 11 2 16 10 9 8 1 12 3 5 14 20 
student 439: 12 17 16 19 15 3 14 6 13 1 4 20 18 11 7 8 2 10 5 9 
student 440: 20 15 16 19 13 7 9 1 17 3 8 12 18 4 2 10 11 5 6 14 
student 441: 5 16 4 18 2 3 8 11 20 9 17 10 19 14 1 15 13 7 6 12 
student 442: 15 13 12 19 16 7 14 9 20 1 18 11 5 8 10 4 2 6 3 17 
student 443: 15 14 13 19 17 5 9 4 16 7 8 12 18 3 11 2 1 10 6 20 
student 444: 18 17 9 12 16 1 3 6 20 4 19 14 10 15 7 11 2 5 8 13 
student 445: 15 12 9 19 10 3 4 1 20 2 18 17 16 6 11 7 8 5 13 14 
student 446: 17 15 11 16 13 6 9 1 14 3 8 19 18 5 12 10 2 7 4 20 
student 447: 7 18 2 19 16 6 9 8 20 1 17 10 3 14 5 15 12 4 11 13 
student 448: 8 12 13 14 16 11 15 3 18 6 17 19 7 10 4 9 2 5 1 20 
student 449: 11 16 9 20 13 8 4 10 18 5 19 15 7 12 14 2 6 1 3 17 
student 450: 18 13 11 20 7 5 14 10 12 1 15 9 3 17 8 16 2 4 6 19 
student 451: 18 17 8 19 5 6 13 12 16 1 15 11 14 10 7 3 4 2 9 20 
student 452: 18 6 11 20 13 1 9 5 19 4 8 10 17 14 7 15 2 3 12 16 
student 453: 16 7 14 20 19 2 8 3 18 4 9 12 17 15 5 10 1 11 6 13 
student 454: 19 16 11 13 12 4 2 7 20 6 14 9 17 15 8 5 1 3 10 18 
student 455: 10 18 6 17 9 2 12 4 13 5 19 16 15 1 8 14 7 3 11 20 
student 456: 18 14 8 15 19 3 10 4 13 7 16 12 11 20 5 9 2 1 6 17 
student 457: 6 18 14 19 9 3 8 20 16 2 15 12 4 17 7 11 1 10 13 5 
student 458: 13 15 10 18 16 4 8 6 19 3 17 9 7 14 11 12 1 2 5 20 
student 459: 11 16 8 19 17 2 7 1 20 4 14 18 12 10 9 6 5 13 3 15 
student 460: 19 11 12 3 15 7 6 14 18 5 13 2 17 16 9 10 4 1 8 20 
student 461: 19 6 13 18 14 15 4 17 9 3 16 12 11 10 5 8 2 20 1 7 
student 462: 14 18 13 20 12 1 5 7 19 9 6 17 11 15 16 10 8 3 2 4 
student 463: 17 20 13 15 7 3 14 2 16 8 9 19 11 18 6 10 1 4 5 12 
student 464: 19 15 11 20 13 9 12 7 18 6 8 17 14 1 10 2 4 3 5 16 
student 465: 18 17 15 9 4 7 12 5 19 6 13 11 16 14 1 8 3 10 2 20 
student 466: 17 11 7 18 12 1 14 6 20 5 15 8 10 9 3 19 2 4 16 13 
student 467: 20 1 7 12 19 5 15 14 13 10 6 8 18 16 4 17 3 11 2 9 
student 468: 16 13 12 20 14 4 6 7 18 9 8 19 17 15 3 10 1 5 2 11 
student 469: 19 6 14 13 10 2 12 8 20 7 15 11 9 16 1 5 18 4 3 17 
student 470: 19 18 9 20 12 1 7 6 16 11 15 14 8 13 2 5 4 3 10 17 
student 471: 15 18 5 20 10 16 11 8 17 1 13 19 7 6 9 12 4 2 3 14 
student 472: 14 20 12 17 18 9 10 4 16 6 15 13 8 7 3 11 1 2 5 19 
student 473: 12 7 3 20 18 1 6 15 19 5 14 8 9 10 17 11 4 2 13 16 
student 474: 18 12 11 20 19 5 6 10 17 1 16 15 9 13 2 3 4 7 8 14 
student 475: 10 16 14 19 13 6 7 9 18 3 17 12 11 15 2 8 1 4 5 20 
student 476: 18 13 3 20 9 6 2 10 15 4 16 11 8 14 12 17 1 5 7 19 
student 477: 6 13 5 18 20 7 1 9 19 8 15 14 11 17 12 10 2 3 4 16 
student 478: 14 19 12 10 1 2 7 9 17 6 16 15 11 20 13 8 3 4 5 18 
student 479: 20 12 9 14 17 5 10 7 19 6 18 13 16 8 11 1 2 3 4 15 
student 480: 13 16 12 19 14 3 8 1 10 6 15 11 17 20 9 4 7 2 5 18 
student 481: 15 11 10 20 16 5 17 8 12 4 18 14 6 13 9 7 1 2 3 19 
student 482: 19 15 12 16 2 6 17 1 20 3 13 10 11 18 9 4 7 5 8 14 
student 483: 17 16 6 20 9 12 7 13 19 5 18 11 4 15 1 10 3 2 8 14 
student 484: 17 14 8 13 20 2 11 7 15 6 18 12 10 4 1 9 16 3 5 19 
student 485: 7 9 11 17 19 5 18 4 20 1 14 15 13 10 2 6 8 3 12 16 
student 486: 12 8 17 15 9 14 10 3 16 2 20 7 4 13 18 11 6 5 1 19 
student 487: 13 20 9 15 8 2 12 5 16 4 10 11 14 17 18 7 1 3 6 19 
student 488: 20 5 11 14 19 10 1 7 16 8 17 12 9 13 6 15 3 2 4 18 
student 489: 6 15 10 19 8 2 18 14 13 4 17 9 20 3 5 7 11 1 12 16 
student 490: 12 15 14 17 19 10 4 8 18 7 5 13 16 2 9 11 3 6 1 20 
student 491: 11 18 19 15 16 5 7 4 20 13 17 9 6 8 3 10 1 2 14 12 
student 492: 18 11 9 20 12 13 6 4 16 5 17 10 14 15 7 8 2 1 3 19 
student 493: 17 10 13 15 19 2 4 6 20 3 11 18 14 16 1 9 5 7 8 12 
student 494: 19 7 10 18 16 4 17 1 14 2 13 15 20 6 5 9 8 12 3 11 
student 495: 19 12 10 17 15 1 8 4 20 2 11 18 14 13 5 7 9 6 3 16 
student 496: 4 11 15 18 17 2 7 5 20 6 13 19 12 9 10 14 1 3 8 16 
student 497: 20 14 11 19 18 2 16 8 17 3 15 7 9 12 10 6 1 4 5 13 
student 498: 19 13 6 15 18 7 3 17 20 2 12 11 9 14 10 5 1 4 8 16 
student 499: 18 17 14 20 10 4 7 6 19 2 15 12 16 9 8 11 1 3 5 13 
student 500: 16 19 8 18 13 10 5 6 20 2 9 12 7 14 11 17 1 4 3 15 
student 501: 17 10 6 19 11 9 12 15 16 8 20 18 1 13 2 7 3 4 5 14 
student 502: 9 12 16 20 14 2 7 8 18 10 17 11 13 5 15 4 3 6 1 19 
student 503: 20 17 6 18 16 4 8 10 19 3 12 11 9 14 7 13 5 1 2 15 
student 504: 19 14 12 18 10 5 3 15 20 2 16 13 8 9 4 11 7 1 6 17 
student 505: 14 12 8 20 7 1 10 11 15 4 13 5 16 18 9 17 3 6 2 19 
student 506: 20 13 7 16 18 6 8 5 17 10 15 9 14 19 12 3 1 2 4 11 
student 507: 12 19 7 20 17 3 8 5 18 2 11 14 9 15 10 6 4 13 1 16 
student 508: 16 14 9 17 15 6 13 8 18 5 20 12 10 11 3 7 2 1 4 19 
student 509: 8 16 1 19 14 4 6 7 17 9 15 20 10 11 13 12 3 2 5 18 
student 510: 20 16 6 18 17 10 7 5 13 3 11 8 14 19 12 9 4 2 1 15 
student 511: 13 12 9 11 6 4 15 3 19 1 16 10 7 18 5 17 14 2 8 20 
student 512: 11 6 14 16 19 8 9 10 18 7 13 15 17 5 20 4 2 3 1 12 
student 513: 6 18 13 17 12 10 11 3 20 8 16 15 4 14 7 5 1 2 9 19 
student 514: 8 17 9 18 13 2 20 1 19 6 16 15 12 14 4 10 5 3 11 7 
student 515: 11 8 10 13 18 1 12 4 16 5 15 14 7 19 17 6 2 3 9 20 
student 516: 19 9 13 14 10 1 12 8 20 2 15 11 16 18 6 7 3 4 5 17 
student 517: 14 11 12 20 16 2 10 4 15 9 17 6 18 13 7 8 3 1 5 19 
student 518: 10 18 19 13 15 4 5 9 17 2 16 12 6 20 1 11 7 3 8 14 
student 519: 15 17 5 12 11 9 13 3 19 4 18 16 7 14 6 1 10 2 8 20 
student 520: 14 17 10 20 13 4 8 6 19 11 16 9 12 15 2 5 1 3 7 18 
student 521: 17 13 7 18 9 11 10 4 20 14 3 19 8 12 5 6 2 15 1 16 
student 522: 19 11 14 20 6 3 1 5 18 10 12 13 8 9 16 17 4 7 2 15 
student 523: 17 18 9 16 12 2 15 8 19 3 20 7 1 11 10 4 14 6 5 13 
student 524: 18 17 9 12 14 4 19 10 20 2 13 6 11 15 8 1 5 3 7 16 
student 525: 19 18 4 1 15 5 6 11 13 2 14 17 9 8 10 20 16 3 7 12 
student 526: 13 16 17 18 15 5 10 2 20 8 12 14 11 9 6 4 3 1 7 19 
student 527: 14 16 13 12 20 4 10 2 18 3 19 11 17 8 9 7 5 1 6 15 
student 528: 18 15 5 17 13 4 12 8 16 6 14 19 10 11 1 2 7 3 9 20 
student 529: 10 15 9 19 13 5 3 4 14 11 20 8 6 18 12 2 7 1 16 17 
student 530: 8 4 16 14 19 3 1 6 18 10 7 11 5 17 12 9 2 20 13 15 
student 531: 15 14 12 17 20 6 19 1 9 4 11 13 10 18 3 7 2 8 5 16 
student 532: 15 10 13 18 6 14 1 5 20 3 19 12 9 16 11 4 2 8 7 17 
student 533: 17 12 5 19 10 4 9 11 20 2 15 7 16 3 14 13 6 8 1 18 
student 534: 15 13 1 17 9 4 11 6 20 10 16 8 12 14 19 7 5 3 2 18 
student 535: 14 18 19 20 13 3 7 8 17 1 12 15 11 6 5 10 9 2 4 16 
student 536: 20 7 13 12 14 5 9 1 19 3 11 18 8 15 6 2 4 10 16 17 
student 537: 18 5 12 10 15 8 1 9 16 13 20 4 17 14 3 11 6 7 2 19 
student 538: 19 17 8 20 10 5 11 16 14 2 15 18 7 6 12 1 3 4 9 13 
student 539: 12 4 11 17 13 7 16 10 6 2 9 18 20 8 1 14 5 15 3 19 
student 540: 13 9 7 19 11 5 2 12 20 4 18 16 17 14 1 6 3 8 10 15 
student 541: 18 15 13 14 12 1 5 19 17 6 20 7 11 10 3 8 9 2 4 16 
student 542: 10 12 14 17 13 9 2 7 18 5 19 11 3 20 4 16 6 1 8 15 
student 543: 16 15 10 19 7 3 6 11 12 18 17 13 5 14 4 8 2 1 9 20 
student 544: 9 15 8 20 12 6 5 1 19 3 16 13 18 11 14 7 10 2 4 17 
student 545: 17 11 6 16 19 2 15 9 18 5 13 12 4 14 8 10 1 3 7 20 
student 546: 10 7 6 15 20 9 3 4 17 5 14 13 16 11 18 8 2 1 12 19 
student 547: 14 12 4 20 5 10 11 2 19 1 17 8 9 13 6 15 7 3 18 16 
student 548: 6 14 2 20 17 1 4 13 15 10 18 11 7 16 12 8 9 5 3 19 
student 549: 20 11 14 13 17 9 4 2 19 6 18 7 1 16 8 5 10 3 15 12 
student 550: 19 18 7 17 10 9 6 11 20 4 13 16 15 12 2 5 1 3 8 14 
student 551: 12 17 15 18 8 13 16 3 20 4 9 11 5 19 7 10 1 6 2 14 
student 552: 20 12 10 18 15 7 14 3 17 4 19 13 16 8 9 11 1 2 6 5 
student 553: 16 19 5 17 20 1 8 10 11 4 18 7 13 9 2 14 6 3 12 15 
student 554: 15 20 9 19 11 4 6 8 16 5 12 17 10 14 3 7 2 1 13 18 
student 555: 12 19 13 20 18 1 10 6 7 11 15 17 9 14 4 8 5 2 3 16 
student 556: 14 13 11 20 7 3 9 1 18 5 19 17 6 12 2 15 10 4 8 16 
student 557: 18 16 11 15 19 7 8 3 10 5 13 14 17 9 4 12 2 1 6 20 
student 558: 14 12 7 20 11 4 13 6 18 2 19 9 17 10 5 16 1 3 8 15 
student 559: 16 17 13 20 9 4 8 6 15 2 19 12 14 11 1 10 7 3 5 18 
student 560: 13 18 7 20 8 1 10 11 19 5 15 17 9 14 4 12 2 3 6 16 
student 561: 14 18 6 15 13 9 16 5 19 3 20 11 10 12 8 7 1 2 4 17 
student 562: 17 19 8 12 20 9 4 13 15 6 18 14 11 16 5 7 2 1 3 10 
student 563: 19 17 12 15 18 5 9 7 20 4 14 13 8 11 6 10 1 2 3 16 
student 564: 19 18 15 17 14 5 13 8 16 6 9 11 10 7 12 1 2 3 4 20 
student 565: 18 4 9 15 13 5 3 7 20 1 14 11 19 16 17 12 2 6 10 8 
student 566: 16 15 13 6 12 1 10 11 20 9 19 17 4 18 2 8 5 3 7 14 
student 567: 12 19 15 13 20 2 7 1 16 11 18 8 17 14 10 9 3 5 6 4 
student 568: 20 17 5 19 12 7 9 8 3 2 18 15 11 16 6 13 1 10 4 14 
student 569: 17 15 11 12 7 3 4 16 20 5 18 13 9 14 8 10 1 2 6 19 
student 570: 15 17 19 16 13 1 18 4 20 5 6 12 9 10 8 7 11 2 3 14 
student 571: 16 15 7 12 17 6 10 1 19 2 18 14 4 20 13 9 5 3 8 11 
student 572: 10 14 16 9 15 1 19 2 18 5 17 12 7 13 3 4 6 8 11 20 
student 573: 16 15 4 8 19 7 9 14 12 5 18 11 3 10 1 17 2 6 13 20 
student 574: 17 14 10 19 11 7 15 5 20 1 16 9 13 12 8 6 2 4 3 18 
student 575: 19 17 8 20 16 1 9 3 12 2 18 14 6 11 10 7 5 4 13 15 
student 576: 13 1 10 18 7 5 11 4 12 9 16 14 19 15 17 6 8 3 2 20 
student 577: 16 13 12 19 15 9 3 5 14 1 20 17 11 8 7 10 2 4 6 18 
student 578: 18 13 3 19 16 6 14 4 20 2 8 5 15 11 12 10 7 1 9 17 
student 579: 15 17 10 18 3 9 7 1 20 2 16 13 14 12 6 11 5 8 4 19 
student 580: 19 20 6 16 14 3 4 12 9 7 18 8 15 11 13 10 5 2 1 17 
student 581: 18 17 9 19 14 10 12 4 13 5 2 8 11 7 6 15 3 1 16 20 
student 582: 16 13 11 19 10 1 2 12 20 8 17 15 4 14 6 9 3 5 7 18 
student 583: 18 11 15 16 1 2 10 6 5 3 20 14 17 9 7 13 8 4 12 19 
student 584: 12 8 14 19 16 10 4 13 20 2 15 9 17 11 7 6 5 1 3 18 
student 585: 19 12 13 20 17 6 10 4 5 1 14 16 11 18 15 9 3 2 8 7 
student 586: 16 20 13 8 11 12 9 7 18 2 5 4 15 17 14 10 6 1 3 19 
student 587: 20 11 2 18 9 10 7 12 19 4 17 15 6 14 8 13 1 5 3 16 
student 588: 3 14 17 20 19 7 11 6 10 8 16 18 1 13 15 12 4 2 9 5 
student 589: 17 9 19 8 18 7 14 3 12 4 16 10 5 20 11 6 2 1 13 15 
student 590: 16 15 10 19 13 6 11 8 20 9 3 14 12 18 5 7 1 2 4 17 
student 591: 19 8 14 18 17 9 5 6 20 1 16 7 10 15 3 11 13 2 4 12 
student 592: 8 19 9 17 18 1 13 7 20 4 14 5 12 15 11 10 6 3 2 16 
student 593: 14 11 17 20 12 8 13 9 18 3 15 6 16 2 4 10 1 5 7 19 
student 594: 12 14 17 19 15 4 10 2 13 3 20 7 18 9 8 11 1 6 5 16 
student 595: 10 11 13 18 15 6 12 1 19 9 20 16 17 4 7 14 5 2 3 8 
student 596: 8 20 2 16 12 9 5 4 17 10 13 14 15 18 6 11 7 3 1 19 
student 597: 16 12 4 17 11 3 8 2 19 1 15 9 13 20 6 10 7 5 14 18 
student 598: 16 2 9 19 7 4 15 12 20 3 13 14 10 18 1 6 5 11 8 17 
student 599: 16 17 9 20 13 6 3 4 18 5 15 11 12 19 14 7 1 2 8 10 
student 600: 13 18 16 17 5 7 8 3 14 2 9 20 10 19 4 6 1 12 15 11 
student 601: 15 16 12 20 10 3 6 4 19 7 18 11 1 14 9 13 5 2 8 17 
student 602: 13 12 6 20 17 1 4 10 19 2 18 14 16 7 3 11 8 9 5 15 
student 603: 8 11 13 18 17 6 10 15 20 3 16 19 7 12 4 14 1 5 2 9 
student 604: 9 12 10 20 19 4 5 11 14 3 15 16 7 8 17 6 1 2 13 18 
student 605: 17 15 12 20 10 13 9 19 18 6 11 16 3 14 8 2 4 5 1 7 
student 606: 11 18 16 15 10 5 7 9 20 1 17 13 12 3 14 8 2 4 6 19 
student 607: 18 20 1 15 17 5 14 7 16 3 12 13 4 19 10 8 11 9 2 6 
student 608: 18 17 16 11 15 2 7 1 20 3 19 9 8 14 6 10 12 5 4 13 
student 609: 11 15 16 19 4 3 14 9 20 1 12 2 8 17 13 10 5 7 6 18 
student 610: 20 18 1 13 14 3 15 9 19 8 16 12 5 7 10 17 2 6 4 11 
student 611: 17 13 10 20 15 1 4 6 18 2 16 12 19 9 8 11 5 3 7 14 
student 612: 13 19 11 18 20 1 15 4 12 7 16 14 10 6 3 5 9 8 2 17 
student 613: 16 18 9 20 13 3 7 4 19 6 11 12 8 10 2 5 14 1 17 15 
student 614: 20 15 9 19 12 3 8 5 14 6 13 17 10 1 11 18 2 4 7 16 
student 615: 11 19 9 14 17 4 8 13 6 7 18 15 12 16 10 3 5 1 2 20 
student 616: 14 19 16 18 10 2 8 7 15 6 12 17 11 20 4 9 3 1 5 13 
student 617: 18 12 11 20 7 10 2 5 17 8 14 19 15 9 6 13 1 4 3 16 
student 618: 20 10 18 17 12 9 3 4 15 2 19 14 13 16 8 11 1 7 6 5 
student 619: 15 12 8 18 16 4 11 9 17 6 7 20 14 5 2 13 3 1 10 19 
student 620: 19 9 7 20 16 5 12 6 17 3 14 15 11 13 10 4 8 1 2 18 
student 621: 17 15 7 19 12 10 2 9 20 8 6 16 14 13 5 11 3 4 1 18 
student 622: 15 14 11 2 19 1 13 5 9 7 20 18 12 17 10 16 8 3 4 6 
student 623: 6 10 15 14 19 7 9 11 13 3 8 18 16 17 4 12 1 2 5 20 
student 624: 20 5 11 13 16 6 9 3 14 1 12 18 8 15 7 17 2 4 10 19 
student 625: 11 14 13 16 12 9 6 10 17 1 5 20 19 8 18 3 4 7 2 15 
student 626: 16 17 13 20 15 3 4 5 14 1 18 9 12 7 10 11 8 2 6 19 
student 627: 11 15 14 16 18 10 13 4 20 1 17 5 12 8 9 6 7 2 3 19 
student 628: 9 17 4 20 3 2 12 7 18 8 19 16 11 13 10 1 5 15 6 14 
student 629: 18 14 7 17 9 15 5 13 20 2 16 8 11 12 10 6 1 4 3 19 
student 630: 14 18 16 20 12 4 8 10 15 3 19 11 7 9 6 5 1 2 13 17 
student 631: 11 16 19 14 8 5 2 13 15 7 20 18 12 9 10 3 1 4 6 17 
student 632: 20 16 6 15 12 4 18 17 19 8 14 13 5 1 7 10 2 11 3 9 
student 633: 17 14 3 18 13 7 12 8 20 1 16 10 11 15 6 9 2 4 5 19 
student 634: 10 6 14 17 11 8 19 3 20 2 16 1 13 15 18 12 5 9 4 7 
student 635: 14 10 13 17 9 1 8 16 20 18 19 4 11 7 5 12 2 3 6 15 
student 636: 14 7 10 19 11 4 3 9 18 5 20 15 12 16 8 6 2 1 13 17 
student 637: 18 16 10 7 12 5 8 4 20 3 17 13 11 15 6 14 2 1 9 19 
student 638: 20 14 9 18 10 1 6 4 19 7 15 12 11 16 5 13 3 2 8 17 
student 639: 18 14 13 10 17 6 8 11 19 1 7 12 9 20 5 3 4 2 16 15 
student 640: 19 15 7 20 17 2 9 6 13 3 18 12 10 16 5 14 4 1 8 11 
student 641: 18 11 4 20 17 9 5 13 14 2 16 15 12 8 6 7 3 1 10 19 
student 642: 18 9 6 20 13 7 15 8 14 5 17 11 16 10 3 12 2 4 1 19 
student 643: 17 7 14 19 10 4 11 9 20 2 12 13 8 18 6 15 1 3 5 16 
student 644: 14 5 2 20 15 12 3 13 19 1 8 18 11 17 10 16 7 6 4 9 
student 645: 15 7 11 18 16 14 1 9 17 8 12 10 13 2 6 19 3 4 5 20 
student 646: 12 16 4 17 8 3 19 9 13 2 10 18 14 11 7 15 5 1 6 20 
student 647: 14 19 7 15 17 4 10 2 20 8 18 11 9 12 5 13 1 3 6 16 
student 648: 2 12 17 13 19 1 11 5 16 4 18 20 6 14 8 15 3 7 9 10 
student 649: 19 17 11 18 16 14 10 4 20 5 15 6 13 7 8 9 2 3 1 12 
student 650: 20 16 11 14 9 1 10 4 19 2 15 13 17 12 6 8 5 7 3 18 
student 651: 20 13 9 12 8 14 7 4 19 2 17 16 10 11 15 3 1 5 6 18 
student 652: 12 19 6 18 15 4 5 3 20 1 16 10 14 13 7 9 2 8 11 17 
student 653: 15 18 11 17 14 3 9 7 19 4 10 16 12 13 6 8 2 1 5 20 
student 654: 20 14 9 18 19 4 7 6 15 5 17 11 10 16 2 12 1 8 3 13 
student 655: 14 12 6 20 16 5 18 3 19 10 17 8 13 9 11 7 4 1 2 15 
student 656: 19 10 6 18 16 5 15 4 17 8 20 12 11 9 7 13 2 1 3 14 
student 657: 18 7 13 17 14 5 6 8 20 9 12 11 10 19 2 15 1 3 4 16 
student 658: 12 10 18 17 20 6 8 2 16 3 13 14 9 11 5 7 4 1 15 19 
student 659: 7 15 17 10 13 4 18 5 6 8 20 12 9 11 16 19 1 3 2 14 
student 660: 19 13 10 20 18 4 11 9 8 5 7 16 17 12 3 6 1 2 14 15 
student 661: 16 15 14 19 6 7 9 3 18 8 11 13 17 12 5 10 2 4 1 20 
student 662: 15 6 18 16 17 1 5 11 20 9 19 13 14 7 3 2 4 8 12 10 
student 663: 9 14 17 16 19 5 13 11 18 10 15 12 4 7 6 1 3 2 8 20 
student 664: 10 12 18 17 7 3 13 8 19 2 14 11 1 16 6 5 4 9 15 20 
student 665: 15 14 5 20 18 1 2 9 17 7 19 13 12 11 6 16 4 3 8 10 
student 666: 20 16 14 18 12 9 7 4 10 1 11 19 15 13 2 8 3 5 6 17 
student 667: 11 12 1 19 18 16 7 5 13 4 14 10 17 15 9 8 2 3 6 20 
student 668: 15 12 10 17 8 13 5 16 20 3 11 19 14 18 6 9 1 7 2 4 
student 669: 16 13 5 17 10 6 9 8 18 2 19 15 7 20 1 12 4 3 11 14 
student 670: 19 18 6 17 9 1 4 11 15 5 20 12 7 16 14 8 2 3 10 13 
student 671: 19 16 8 15 13 18 3 4 17 7 14 10 9 5 11 12 2 1 6 20 
student 672: 19 6 17 20 14 2 7 8 12 5 16 15 13 4 11 10 1 3 9 18 
student 673: 18 17 5 15 8 6 7 12 20 2 16 11 4 14 9 13 1 3 10 19 
student 674: 16 18 11 5 6 9 14 12 19 1 17 7 13 20 15 3 8 2 4 10 
student 675: 9 12 16 20 11 7 3 1 13 5 19 8 10 17 4 15 2 6 14 18 
student 676: 13 14 16 18 10 2 5 6 19 4 20 15 11 12 9 8 1 3 7 17 
student 677: 15 5 10 17 20 9 13 7 18 6 12 14 8 19 2 1 3 4 11 16 
student 678: 17 14 3 20 6 5 15 12 19 10 8 9 1 13 2 7 11 16 4 18 
student 679: 18 12 5 11 13 2 8 14 20 6 19 15 7 17 10 9 1 3 4 16 
student 680: 20 14 13 17 9 2 6 5 19 1 16 7 10 18 8 12 15 3 4 11 
student 681: 12 18 15 17 11 3 7 6 19 2 16 8 13 20 9 10 1 4 5 14 
student 682: 19 18 9 10 6 7 8 14 20 5 15 3 13 16 11 12 1 4 2 17 
student 683: 16 15 8 20 14 4 2 11 17 5 6 9 10 19 12 13 1 3 7 18 
student 684: 16 18 4 15 13 8 7 9 19 2 12 14 10 11 20 3 5 1 6 17 
student 685: 17 19 18 20 12 3 9 7 16 2 4 15 14 5 11 10 1 8 6 13 
student 686: 3 16 9 20 18 11 14 7 19 4 15 12 6 8 13 10 2 1 5 17 
student 687: 14 11 15 12 13 2 8 5 20 3 19 16 6 17 1 10 7 4 9 18 
student 688: 17 10 16 12 14 4 8 15 19 2 18 11 9 20 6 3 1 5 7 13 
student 689: 14 11 5 19 18 2 10 13 20 3 17 8 1 6 15 7 4 12 9 16 
student 690: 9 17 19 15 10 13 12 2 18 7 16 8 6 14 5 1 11 3 4 20 
student 691: 13 17 11 19 14 1 12 7 20 16 18 8 4 5 15 10 3 2 6 9 
student 692: 17 15 6 14 9 8 12 16 18 3 19 13 10 11 5 20 1 2 7 4 
student 693: 16 12 14 17 18 2 6 3 20 5 13 19 10 4 11 7 8 1 9 15 
student 694: 16 12 17 20 6 9 10 1 19 7 8 18 14 11 2 5 4 3 13 15 
student 695: 14 15 3 18 13 5 7 10 20 2 16 8 12 17 4 11 1 9 6 19 
student 696: 18 16 12 19 8 4 11 13 20 7 14 5 6 10 2 17 1 3 9 15 
student 697: 16 10 5 17 11 7 9 12 18 2 14 15 20 13 8 6 1 3 4 19 
student 698: 15 19 16 17 5 7 9 6 20 1 14 12 18 10 8 11 2 4 3 13 
student 699: 16 18 6 20 12 4 13 9 19 3 14 11 10 8 1 15 2 5 7 17 
student 700: 16 18 10 17 4 8 14 1 19 6 2 15 11 13 12 7 9 5 3 20 
student 701: 14 13 20 6 17 1 11 8 19 10 15 7 12 5 9 16 3 4 2 18 
student 702: 9 18 15 14 6 11 5 12 16 3 19 17 7 2 1 8 10 4 13 20 
student 703: 12 14 9 20 15 7 4 6 18 2 16 19 13 5 8 11 3 1 10 17 
student 704: 11 13 8 7 10 5 14 9 16 6 19 18 20 12 4 15 1 3 2 17 
student 705: 16 10 1 19 15 3 9 2 17 5 20 12 14 6 11 13 4 8 7 18 
student 706: 16 12 11 18 15 6 3 5 20 9 4 14 17 8 2 10 7 1 13 19 
student 707: 12 20 2 18 15 1 7 4 16 3 10 14 17 11 13 8 6 9 5 19 
student 708: 17 19 13 18 10 4 14 7 12 6 15 16 8 9 5 11 2 1 3 20 
student 709: 17 8 14 15 20 9 3 12 19 1 13 5 16 10 7 11 2 4 6 18 
student 710: 19 11 6 20 17 5 8 9 16 2 18 13 12 14 1 10 4 3 7 15 
student 711: 17 15 9 18 13 6 14 1 19 2 20 8 12 10 3 4 5 7 11 16 
student 712: 18 14 8 19 13 5 9 2 20 3 15 16 10 12 7 11 4 1 6 17 
student 713: 19 12 11 14 15 3 9 1 8 13 17 7 4 10 2 6 5 16 18 20 
student 714: 13 12 14 19 10 1 7 4 20 6 15 18 8 16 9 3 11 2 5 17 
student 715: 13 20 19 14 12 1 7 11 16 4 8 15 9 10 17 5 3 2 6 18 
student 716: 19 13 7 20 10 6 12 5 17 4 18 14 16 9 8 3 1 2 11 15 
student 717: 16 18 12 20 8 6 11 5 17 1 15 14 13 7 4 10 9 3 2 19 
student 718: 18 16 6 8 14 2 9 5 19 4 20 13 11 12 10 15 3 7 1 17 
student 719: 11 15 5 19 9 1 13 3 20 18 16 14 17 7 6 8 4 10 2 12 
student 720: 19 17 15 20 11 12 8 3 14 7 13 4 10 16 9 1 2 6 5 18 
student 721: 13 10 12 15 17 4 3 11 19 2 16 14 20 7 9 6 1 8 5 18 
student 722: 17 8 12 20 15 2 11 5 18 4 19 6 14 16 7 13 1 3 10 9 
student 723: 18 13 10 20 16 9 5 6 19 3 14 8 7 11 15 12 2 1 4 17 
student 724: 19 9 8 18 11 4 10 13 12 6 7 16 17 15 5 14 1 3 2 20 
student 725: 11 19 10 15 14 2 4 9 20 1 16 17 5 13 8 12 3 6 7 18 
student 726: 16 14 2 13 20 3 1 8 18 17 6 10 15 12 4 9 7 5 11 19 
student 727: 17 15 4 11 14 3 12 6 18 2 16 20 9 13 7 10 1 5 8 19 
student 728: 15 11 10 19 13 1 8 6 12 2 20 17 14 16 5 9 4 3 7 18 
student 729: 16 8 13 14 15 4 7 3 18 1 19 11 6 12 17 9 10 5 2 20 
student 730: 19 13 8 20 18 4 12 10 17 9 16 15 5 11 2 3 6 1 7 14 
student 731: 17 14 11 19 12 5 6 13 16 2 15 9 20 10 8 4 1 7 3 18 
student 732: 11 20 8 19 15 1 14 13 18 4 16 10 12 9 6 7 3 5 2 17 
student 733: 15 12 7 17 11 13 16 2 18 5 14 6 8 19 4 3 9 1 10 20 
student 734: 6 18 11 10 9 16 4 12 19 2 13 15 8 17 14 3 5 1 7 20 
student 735: 15 20 12 13 16 7 9 4 19 3 10 17 14 5 6 11 1 2 8 18 
student 736: 15 17 5 18 8 10 12 3 19 1 20 11 9 13 6 2 14 4 7 16 
student 737: 18 15 2 11 13 4 19 8 17 3 14 16 9 10 12 6 7 1 5 20 
student 738: 19 18 12 13 14 2 6 5 20 9 17 7 15 10 4 8 16 3 1 11 
student 739: 7 19 1 17 15 4 10 13 20 5 18 8 14 11 12 9 2 3 6 16 
student 740: 14 18 16 19 13 12 7 3 20 6 4 11 17 15 10 8 5 1 9 2 
student 741: 19 17 4 13 15 2 14 6 20 3 16 7 9 12 8 11 10 1 5 18 
student 742: 5 19 11 17 18 4 9 7 20 3 12 8 13 15 16 1 6 10 2 14 
student 743: 20 15 5 16 13 1 4 12 18 11 19 17 14 9 6 8 2 3 7 10 
student 744: 14 12 10 17 18 1 6 4 11 2 16 19 9 13 3 15 8 5 7 20 
student 745: 20 17 6 12 10 2 9 14 16 4 18 5 19 15 8 13 1 3 7 11 
student 746: 17 14 9 20 10 6 3 11 19 2 15 12 13 5 7 8 4 1 16 18 
student 747: 16 19 14 20 15 4 13 5 18 3 17 7 6 12 11 9 2 1 8 10 
student 748: 17 12 11 20 10 2 9 3 18 6 14 15 4 19 8 7 1 5 13 16 
student 749: 3 15 7 19 13 8 10 11 18 2 16 17 14 12 6 9 4 5 1 20 
student 750: 8 6 3 17 9 19 4 13 18 10 20 12 16 14 7 5 11 2 1 15 
student 751: 18 16 17 10 11 1 8 5 15 6 7 14 13 19 12 9 3 2 4 20 
student 752: 17 18 4 16 5 7 10 8 19 1 15 14 20 13 11 9 3 6 2 12 
student 753: 6 13 12 17 7 4 14 10 20 11 16 15 2 18 8 9 3 1 5 19 
student 754: 9 1 6 7 18 3 15 10 19 5 11 12 13 17 14 16 8 2 4 20 
student 755: 10 14 2 17 13 12 5 6 18 7 20 19 15 11 8 9 1 3 4 16 
student 756: 18 19 10 17 16 14 9 11 15 2 12 20 6 3 4 8 1 7 5 13 
student 757: 19 15 8 17 6 2 12 5 20 1 14 9 11 10 13 16 7 3 4 18 
student 758: 18 11 9 16 17 3 1 5 13 8 12 19 10 15 14 7 2 6 4 20 
student 759: 11 9 14 19 15 1 8 3 20 10 16 17 13 4 6 12 2 5 7 18 
student 760: 17 14 8 20 13 2 3 5 16 4 15 12 10 18 9 6 1 7 11 19 
student 761: 16 15 9 11 19 6 7 3 20 5 12 13 14 10 1 8 4 2 18 17 
student 762: 15 14 5 20 3 1 6 18 19 7 13 12 9 17 8 2 4 10 11 16 
student 763: 14 18 11 19 8 3 13 4 17 9 12 6 16 7 5 15 2 1 10 20 
student 764: 12 6 5 19 20 9 4 2 14 1 15 18 16 8 11 7 17 10 3 13 
student 765: 18 17 3 19 20 2 4 6 16 10 13 14 12 11 15 7 5 9 1 8 
student 766: 11 14 17 18 19 5 13 9 16 6 1 15 3 12 8 7 2 4 10 20 
student 767: 17 13 2 19 12 5 7 6 20 16 18 10 11 15 9 8 1 3 4 14 
student 768: 18 16 12 19 8 2 17 10 14 6 3 15 13 11 7 9 1 4 5 20 
student 769: 15 12 9 19 14 16 8 3 17 1 18 13 11 10 5 7 2 4 6 20 
student 770: 19 16 13 17 14 9 6 7 20 1 18 8 11 4 10 12 3 2 5 15 
student 771: 20 9 10 15 12 3 8 6 19 5 17 18 14 11 7 13 2 4 1 16 
student 772: 13 18 9 20 14 3 11 4 15 5 12 19 10 16 6 8 7 1 2 17 
student 773: 20 18 14 19 15 7 4 9 16 5 10 17 3 13 2 11 6 1 8 12 
student 774: 19 12 13 18 16 8 11 7 15 2 3 10 14 17 4 9 6 1 5 20 
student 775: 17 14 18 20 10 9 5 3 16 6 15 12 11 8 1 7 13 2 4 19 
student 776: 20 19 9 18 15 3 13 17 8 10 14 16 5 11 4 12 1 7 2 6 
student 777: 1 14 2 15 18 5 10 19 16 4 20 17 12 13 9 11 3 7 6 8 
student 778: 15 17 4 20 6 10 11 8 18 5 13 19 12 14 9 16 1 7 2 3 
student 779: 15 14 5 19 11 9 13 12 20 3 17 10 8 18 4 7 1 6 2 16 
student 780: 12 5 9 13 14 6 7 8 20 2 15 19 17 18 10 11 1 4 3 16 
student 781: 20 9 17 16 14 2 10 12 19 8 13 6 15 18 4 5 3 7 1 11 
student 782: 13 8 6 20 14 3 15 4 19 5 11 16 17 9 2 10 1 7 12 18 
student 783: 12 15 8 19 14 11 6 5 20 2 16 17 9 7 18 13 3 1 4 10 
student 784: 19 12 10 13 9 2 18 3 20 4 16 17 6 14 8 7 5 1 11 15 
student 785: 15 18 11 13 8 6 17 4 14 7 10 20 9 12 16 5 2 3 1 19 
student 786: 19 18 12 17 8 2 9 3 15 6 20 14 11 13 7 10 1 5 4 16 
student 787: 19 14 6 20 11 4 7 12 18 2 15 8 16 10 9 13 1 5 3 17 
student 788: 15 9 10 16 14 5 7 4 17 1 18 8 13 20 12 11 3 2 6 19 
student 789: 6 12 7 15 13 5 11 10 14 4 16 8 19 20 9 17 1 3 2 18 
student 790: 12 11 13 14 10 7 9 5 17 3 20 18 2 19 1 8 4 16 6 15 
student 791: 4 9 17 20 15 6 7 14 19 10 16 12 13 11 8 5 3 2 1 18 
student 792: 17 15 3 19 14 1 7 4 18 8 16 13 9 12 5 11 6 2 10 20 
student 793: 16 15 10 18 4 1 9 6 17 3 20 13 7 14 12 8 5 2 11 19 
student 794: 20 4 11 15 10 7 5 8 18 2 14 6 17 16 3 12 9 1 13 19 
student 795: 10 18 12 16 13 3 8 4 20 5 19 17 15 9 7 11 2 1 6 14 
student 796: 17 14 12 18 15 3 19 8 20 7 10 9 6 11 4 13 5 1 2 16 
student 797: 13 14 12 15 16 8 1 11 17 7 10 19 18 9 3 5 6 2 4 20 
student 798: 17 12 11 20 10 13 8 4 15 2 14 18 5 16 6 9 7 3 1 19 
student 799: 19 17 10 18 15 8 13 2 20 12 11 14 6 7 9 4 3 1 5 16 
