student 0: 8 3 1 15 19 6 10 20 7 4 12 14 11 13 5 18 9 17 16 2 
student 1: 10 15 2 14 18 5 13 20 3 1 8 9 11 6 7 16 17 12 19 4 
student 2: 7 14 16 15 11 2 9 20 6 1 8 18 5 10 12 13 19 4 17 3 
student 3: 5 8 6 12 17 3 13 18 2 1 19 15 16 7 10 11 4 9 20 14 
student 4: 6 18 13 19 17 1 15 12 3 5 4 7 9 14 2 10 8 16 20 11 
student 5: 1 16 2 17 19 3 10 20 4 7 6 14 9 8 13 5 11 15 18 12 
student 6: 7 12 3 6 19 2 14 18 11 20 13 15 8 1 5 4 10 9 16 17 
student 7: 8 16 3 10 14 1 20 18 2 6 9 15 11 4 13 12 17 7 19 5 
student 8: 4 10 15 9 19 3 17 14 2 6 1 18 8 7 13 5 12 16 20 11 
student 9: 5 4 8 15 11 17 12 20 1 2 14 19 3 6 9 10 16 13 18 7 
student 10: 12 8 2 9 11 3 14 20 1 15 6 17 13 5 10 18 7 16 19 4 
student 11: 1 15 11 14 19 8 12 17 9 3 16 18 5 4 13 6 2 10 20 7 
student 12: 9 17 8 13 16 4 11 20 1 2 19 18 7 10 15 14 12 5 6 3 
student 13: 1 17 3 20 14 6 5 19 11 15 16 9 2 8 4 7 10 12 18 13 
student 14: 8 17 7 19 18 4 10 20 1 3 15 9 2 5 12 14 13 11 16 6 
student 15: 14 11 8 18 20 2 10 12 7 1 19 17 9 3 5 4 13 15 16 6 
student 16: 5 20 4 1 19 6 18 14 3 2 11 8 12 10 16 17 9 7 15 13 
student 17: 9 16 4 10 18 6 17 19 1 5 14 12 2 7 20 3 11 8 15 13 
student 18: 4 20 11 12 18 2 13 19 7 3 8 10 6 9 5 15 1 16 17 14 
student 19: 1 12 5 14 17 3 18 15 2 4 7 20 6 16 13 19 9 10 11 8 
student 20: 5 14 3 17 19 1 13 18 2 7 15 16 9 4 10 12 11 8 20 6 
student 21: 2 7 10 11 15 1 18 19 3 8 16 12 4 13 9 5 20 14 17 6 
student 22: 13 15 1 19 18 6 9 20 2 5 4 17 10 12 7 14 3 11 16 8 
student 23: 5 16 3 19 17 10 9 7 1 6 20 15 13 4 14 8 2 11 18 12 
student 24: 8 11 9 20 19 2 18 16 10 7 15 13 14 3 17 1 4 5 12 6 
student 25: 7 19 9 17 18 4 2 20 1 5 11 15 13 12 8 14 10 6 16 3 
student 26: 2 16 8 15 20 3 14 17 6 7 13 18 4 1 12 9 11 5 19 10 
student 27: 2 15 8 9 16 6 11 20 3 5 18 17 10 4 1 7 12 14 19 13 
student 28: 5 14 10 20 15 2 17 8 1 4 6 18 3 11 12 16 13 9 19 7 
student 29: 2 15 4 19 20 1 10 18 6 7 11 17 5 9 14 3 8 16 13 12 
student 30: 2 20 17 19 12 1 10 16 9 7 14 18 6 3 15 5 11 4 13 8 
student 31: 1 8 10 18 20 2 16 14 3 6 11 19 4 7 13 12 15 5 9 17 
student 32: 6 20 5 18 17 1 14 13 3 8 12 11 4 19 16 10 9 2 15 7 
student 33: 9 18 4 20 14 6 16 12 2 7 10 19 1 8 13 17 3 11 15 5 
student 34: 4 19 7 15 18 3 9 20 1 2 11 16 10 14 5 13 8 17 12 6 
student 35: 9 17 14 19 18 3 8 16 4 1 10 15 5 6 13 7 12 11 20 2 
student 36: 3 6 8 11 19 4 18 12 10 2 14 20 16 9 15 7 13 1 17 5 
student 37: 5 17 2 20 15 6 19 18 11 4 14 13 9 10 12 3 1 7 16 8 
student 38: 4 3 2 18 17 1 15 20 5 7 14 19 9 13 11 10 8 6 12 16 
student 39: 5 13 17 20 19 2 11 18 1 3 15 16 6 4 12 7 8 14 9 10 
student 40: 1 16 11 17 20 3 9 15 2 4 8 18 6 5 13 12 10 14 19 7 
student 41: 2 17 14 15 18 9 12 20 1 3 11 19 4 6 10 16 8 7 13 5 
student 42: 7 16 13 1 17 2 12 18 3 6 19 20 9 5 14 4 10 11 15 8 
student 43: 6 11 5 20 18 3 12 16 4 2 7 17 8 1 14 10 9 15 19 13 
student 44: 1 15 6 19 9 2 7 20 3 4 16 5 11 8 13 10 12 17 18 14 
student 45: 3 15 1 13 4 2 18 19 20 5 16 11 8 6 10 7 12 14 17 9 
student 46: 5 4 8 12 19 1 18 20 3 2 13 17 10 6 15 14 9 11 16 7 
student 47: 1 19 10 18 14 7 5 16 6 2 15 17 9 3 13 12 4 11 20 8 
student 48: 7 13 8 12 18 4 14 19 1 2 6 16 3 17 10 11 5 9 20 15 
student 49: 5 7 6 18 11 2 17 15 1 4 3 19 12 10 20 13 16 8 9 14 
student 50: 11 10 7 6 16 2 14 18 1 9 17 15 4 12 19 3 8 13 20 5 
student 51: 9 15 11 13 16 1 17 20 2 5 12 18 4 10 14 7 3 8 19 6 
student 52: 4 18 5 17 13 2 15 20 1 3 16 9 12 11 7 8 10 14 19 6 
student 53: 1 12 3 15 18 4 13 20 2 7 17 16 5 6 11 10 8 14 19 9 
student 54: 6 19 3 12 16 5 20 18 1 9 13 15 8 4 14 17 2 10 11 7 
student 55: 8 18 7 20 12 1 15 13 2 5 6 16 10 3 14 11 9 17 19 4 
student 56: 2 8 10 16 18 13 6 19 1 7 9 17 4 3 11 14 15 5 20 12 
student 57: 6 10 17 18 14 2 12 19 5 3 8 13 4 1 11 9 16 15 20 7 
student 58: 8 16 13 9 18 1 11 7 5 6 10 17 12 2 14 20 3 15 19 4 
student 59: 1 15 4 17 19 3 12 8 2 5 16 13 9 7 18 14 6 10 20 11 
student 60: 14 8 5 19 13 2 7 18 1 6 4 20 12 17 10 3 11 9 16 15 
student 61: 5 14 7 17 16 1 15 19 2 6 3 13 11 4 12 10 8 9 20 18 
student 62: 2 15 4 13 14 7 19 20 5 1 3 18 11 12 10 16 9 6 17 8 
student 63: 8 13 6 10 18 4 20 15 2 7 19 17 1 9 3 14 5 12 16 11 
student 64: 5 13 9 14 17 1 6 18 2 3 7 20 15 8 10 16 4 12 19 11 
student 65: 3 15 2 19 12 6 17 18 1 5 16 20 7 4 10 11 14 8 13 9 
student 66: 3 14 4 16 19 1 10 11 17 2 18 15 7 5 12 13 8 6 20 9 
student 67: 3 12 4 9 17 2 10 15 1 13 19 20 7 5 6 18 8 11 14 16 
student 68: 3 11 14 12 19 5 18 13 1 8 9 20 2 6 15 16 7 10 17 4 
student 69: 2 17 7 15 16 1 14 18 3 9 13 8 5 4 12 20 6 10 19 11 
student 70: 9 13 4 17 10 1 8 18 2 5 11 20 3 6 16 12 7 15 19 14 
student 71: 1 10 3 16 19 8 9 18 7 2 15 17 5 4 13 14 11 6 20 12 
student 72: 8 16 2 7 10 12 18 17 3 1 11 19 9 4 15 14 13 6 20 5 
student 73: 5 10 6 18 12 1 20 19 2 8 15 16 7 3 11 14 13 4 9 17 
student 74: 2 18 11 19 16 8 14 20 1 5 7 3 15 6 10 13 4 12 17 9 
student 75: 9 15 3 20 19 2 12 17 1 4 16 14 7 5 10 8 11 6 18 13 
student 76: 2 9 6 13 19 1 20 18 3 8 15 10 7 11 16 4 14 5 17 12 
student 77: 5 12 1 15 18 3 17 20 4 2 16 14 7 13 11 10 8 6 19 9 
student 78: 12 8 9 20 18 4 14 5 2 1 17 11 3 7 16 6 15 13 19 10 
student 79: 4 13 3 18 9 2 14 8 1 7 15 20 19 5 12 10 11 17 16 6 
student 80: 1 15 4 9 17 2 20 19 11 3 13 14 10 16 7 12 6 8 18 5 
student 81: 5 14 3 10 19 1 17 20 2 12 15 11 4 13 18 9 6 7 16 8 
student 82: 4 16 6 17 12 1 13 10 14 2 20 18 3 5 11 7 8 15 19 9 
student 83: 5 13 6 20 11 1 4 19 2 7 17 9 3 8 15 16 12 14 18 10 
student 84: 9 11 17 14 18 3 16 20 1 2 15 10 4 6 13 8 12 5 19 7 
student 85: 12 20 3 17 15 1 13 18 2 9 10 14 5 6 16 8 7 11 19 4 
student 86: 1 9 7 20 17 10 13 16 3 5 8 12 6 2 19 11 4 18 14 15 
student 87: 3 18 5 11 19 2 20 13 8 6 17 4 10 7 12 16 1 15 14 9 
student 88: 11 12 20 8 16 1 5 17 3 10 2 6 4 13 19 18 14 7 9 15 
student 89: 13 15 3 10 6 7 19 20 1 11 9 18 4 2 16 17 8 5 14 12 
student 90: 20 6 3 16 14 4 11 18 1 2 12 10 8 5 17 7 9 15 19 13 
student 91: 11 20 2 6 16 8 10 15 1 4 14 18 3 5 19 12 13 9 17 7 
student 92: 9 19 3 13 20 1 16 17 7 5 18 15 11 6 4 8 2 10 12 14 
student 93: 6 11 1 19 20 7 15 18 4 5 13 17 8 3 10 12 2 9 16 14 
student 94: 2 10 4 16 17 1 12 18 7 3 14 19 11 8 9 15 5 6 20 13 
student 95: 4 2 8 20 12 6 13 16 9 1 3 19 7 5 18 14 17 11 15 10 
student 96: 5 15 10 13 17 6 18 20 1 3 11 4 9 7 14 12 16 8 19 2 
student 97: 1 16 6 19 18 7 14 20 2 4 13 17 5 15 12 11 8 3 9 10 
student 98: 1 16 7 15 19 6 12 20 8 3 14 18 2 4 13 11 10 5 17 9 
student 99: 13 12 3 16 11 4 15 19 1 7 18 20 2 10 14 9 6 8 17 5 
student 100: 16 20 6 18 15 2 17 19 4 12 14 11 5 3 13 7 1 10 8 9 
student 101: 3 12 6 16 19 4 11 20 15 2 7 18 9 10 5 1 13 17 14 8 
student 102: 1 13 8 17 16 2 11 15 9 5 20 18 7 3 12 19 10 4 14 6 
student 103: 11 18 8 20 17 5 16 19 1 2 13 12 4 7 6 3 14 10 15 9 
student 104: 16 17 5 15 11 8 20 18 1 4 14 3 2 7 10 13 9 12 19 6 
student 105: 5 13 7 15 16 8 6 20 2 1 18 4 17 3 14 10 11 12 19 9 
student 106: 1 18 8 20 9 4 17 16 2 5 15 19 6 10 13 14 12 7 3 11 
student 107: 3 12 4 20 15 2 19 18 1 5 17 11 14 6 8 10 7 16 13 9 
student 108: 6 17 5 13 16 1 15 19 4 12 2 8 9 7 14 20 11 10 18 3 
student 109: 7 11 8 14 19 2 16 17 1 4 15 18 3 5 13 12 9 10 20 6 
student 110: 3 7 8 19 14 10 18 20 1 2 17 9 13 6 15 4 11 12 16 5 
student 111: 3 12 9 8 14 6 19 20 1 2 18 10 13 7 17 5 4 11 15 16 
student 112: 7 10 9 19 14 1 17 20 2 8 12 15 16 13 3 11 6 5 18 4 
student 113: 4 20 18 14 12 6 7 17 1 3 19 8 2 10 15 9 13 16 11 5 
student 114: 1 7 5 16 15 19 4 20 11 9 14 12 10 18 13 17 8 6 2 3 
student 115: 6 18 3 16 13 1 8 20 2 9 17 12 10 7 11 14 4 5 19 15 
student 116: 2 17 5 9 20 3 18 19 1 13 10 12 4 7 8 15 6 16 14 11 
student 117: 2 8 14 17 13 9 18 20 3 1 15 19 7 10 12 6 11 4 16 5 
student 118: 11 8 2 20 14 6 19 9 3 1 7 17 12 10 18 16 5 4 15 13 
student 119: 7 17 4 19 18 3 12 16 1 5 15 14 9 2 11 13 8 6 20 10 
student 120: 12 14 3 20 10 6 15 18 1 8 17 16 7 11 9 5 4 13 19 2 
student 121: 2 8 3 14 20 9 12 17 5 1 18 16 15 4 13 10 7 19 11 6 
student 122: 5 9 1 17 18 2 19 13 4 3 11 10 12 14 20 16 6 7 15 8 
student 123: 13 14 4 19 15 3 11 12 17 2 7 18 5 6 8 16 1 10 20 9 
student 124: 2 18 12 14 15 7 13 16 1 4 20 10 3 9 17 6 8 5 19 11 
student 125: 5 9 10 15 7 2 20 17 8 1 18 16 4 3 13 6 14 12 19 11 
student 126: 5 18 1 14 13 2 12 20 6 3 16 17 4 7 15 11 8 10 19 9 
student 127: 3 15 5 18 14 4 10 17 1 11 12 20 13 16 8 9 6 7 19 2 
student 128: 1 18 10 17 19 3 13 15 4 7 11 14 2 9 16 6 12 8 20 5 
student 129: 2 19 6 9 8 1 17 20 3 18 16 15 4 10 14 11 7 13 12 5 
student 130: 5 17 7 20 11 9 16 19 1 2 4 15 6 8 14 3 10 13 18 12 
student 131: 2 13 8 12 17 1 16 15 6 4 19 11 14 5 10 3 7 9 18 20 
student 132: 4 13 6 14 18 2 8 20 1 3 7 16 9 5 19 17 12 15 10 11 
student 133: 3 9 7 11 17 5 13 20 2 14 15 10 1 4 19 18 8 12 16 6 
student 134: 3 13 7 10 11 8 15 16 1 2 18 17 4 12 14 9 6 19 20 5 
student 135: 3 9 2 18 10 6 15 19 1 13 11 14 7 5 17 8 16 4 20 12 
student 136: 4 12 10 17 5 2 19 20 1 3 16 18 8 15 9 7 11 6 14 13 
student 137: 16 14 2 17 15 5 13 20 1 3 6 18 4 10 19 11 9 8 12 7 
student 138: 10 13 8 19 15 6 17 20 5 2 3 12 18 9 16 7 4 1 14 11 
student 139: 10 14 2 19 12 6 17 16 3 4 18 15 8 5 13 9 7 11 20 1 
student 140: 10 9 7 17 18 2 16 19 1 5 15 20 3 8 14 4 6 13 12 11 
student 141: 1 7 10 11 13 5 15 20 2 8 18 9 6 3 17 14 16 12 19 4 
student 142: 1 16 5 15 18 2 8 13 7 3 9 14 6 10 17 12 4 19 20 11 
student 143: 3 18 5 16 20 6 19 17 2 1 14 13 4 7 12 9 10 11 15 8 
student 144: 1 15 4 17 19 6 18 20 2 3 10 16 9 7 13 8 5 11 14 12 
student 145: 3 18 9 10 19 1 11 20 2 6 8 16 5 13 14 15 12 7 17 4 
student 146: 5 10 6 8 20 3 16 17 4 1 11 19 2 7 18 15 13 12 14 9 
student 147: 5 15 8 16 20 2 17 19 11 3 14 9 7 13 6 12 10 4 18 1 
student 148: 2 10 15 17 20 1 13 12 4 9 16 14 5 11 19 7 6 8 18 3 
student 149: 7 11 2 14 13 5 20 19 3 1 4 16 15 6 9 17 12 10 18 8 
student 150: 4 11 10 15 18 1 6 12 2 5 8 20 3 7 14 17 13 16 19 9 
student 151: 16 13 7 20 14 5 2 19 4 1 6 18 15 8 12 11 3 10 17 9 
student 152: 3 16 1 19 15 10 12 9 2 13 8 17 11 4 20 7 6 14 18 5 
student 153: 4 12 2 13 17 3 9 20 5 1 7 18 6 19 15 8 10 16 14 11 
student 154: 6 18 1 13 20 2 19 11 3 7 14 12 8 4 17 15 5 10 16 9 
student 155: 7 17 1 9 13 6 19 8 11 5 2 20 12 18 10 14 15 4 16 3 
student 156: 5 12 6 17 19 14 16 15 2 1 9 18 3 7 8 13 10 4 20 11 
student 157: 5 15 10 18 20 7 12 19 1 13 4 16 6 3 14 11 2 9 8 17 
student 158: 5 15 9 17 19 1 18 20 3 2 13 16 7 8 11 10 4 12 14 6 
student 159: 2 18 1 20 15 7 12 16 17 4 6 14 3 5 9 8 11 10 19 13 
student 160: 7 14 10 20 6 3 17 19 2 1 15 16 5 4 13 12 9 11 18 8 
student 161: 4 17 6 20 14 2 12 16 1 7 5 15 3 8 10 13 11 9 19 18 
student 162: 6 15 12 17 18 3 13 20 1 7 14 19 8 4 16 10 11 9 2 5 
student 163: 2 11 3 17 14 8 19 20 1 4 15 10 9 5 7 13 12 16 18 6 
student 164: 12 15 1 17 20 2 14 18 6 4 13 19 9 5 11 16 7 8 10 3 
student 165: 3 18 4 14 16 2 9 19 1 6 11 17 8 7 10 5 12 15 20 13 
student 166: 2 17 3 16 19 5 18 20 1 9 13 12 4 8 6 14 11 10 15 7 
student 167: 2 20 7 19 13 1 11 16 5 4 15 17 9 8 6 3 14 10 18 12 
student 168: 5 14 3 10 18 1 16 13 7 2 15 17 4 6 9 12 20 8 19 11 
student 169: 2 5 3 12 20 16 15 17 6 1 14 18 11 9 13 7 10 4 19 8 
student 170: 5 15 16 13 17 2 14 19 6 4 11 18 3 10 9 7 1 12 20 8 
student 171: 9 12 4 18 14 1 15 13 6 2 7 19 5 3 16 17 10 11 20 8 
student 172: 7 16 6 18 15 1 10 17 3 2 20 13 4 5 19 12 11 8 14 9 
student 173: 2 12 6 16 18 4 13 17 3 8 9 11 1 19 15 10 5 7 20 14 
student 174: 9 15 6 18 16 4 8 17 2 5 20 14 3 1 12 13 11 10 19 7 
student 175: 10 18 6 14 17 3 15 19 9 1 12 16 5 7 8 11 2 4 20 13 
student 176: 5 16 1 17 14 9 19 18 10 6 11 13 2 8 4 12 7 15 20 3 
student 177: 9 14 2 18 13 6 15 17 1 3 12 16 10 7 19 5 11 4 20 8 
student 178: 9 13 1 5 16 2 17 18 3 4 15 11 6 12 20 14 7 10 19 8 
student 179: 7 11 16 17 20 5 9 15 3 4 1 12 13 10 19 8 2 6 18 14 
student 180: 6 14 11 18 17 3 12 19 2 1 16 10 5 15 8 7 9 20 13 4 
student 181: 6 5 9 14 16 8 13 19 3 1 15 7 2 17 12 11 4 10 20 18 
student 182: 4 7 6 19 14 5 12 17 9 1 18 11 20 2 13 10 8 15 16 3 
student 183: 4 17 2 18 19 5 11 20 3 1 8 16 6 15 13 10 9 12 14 7 
student 184: 11 15 13 19 20 8 12 18 4 1 3 10 6 7 5 16 2 9 17 14 
student 185: 4 12 5 20 16 8 10 14 2 3 13 19 6 1 17 18 9 11 15 7 
student 186: 1 19 7 16 14 2 10 18 17 4 15 12 8 3 13 5 9 6 20 11 
student 187: 3 19 6 18 20 1 9 17 15 8 13 16 4 2 10 12 7 11 14 5 
student 188: 8 17 2 16 18 5 13 20 7 1 15 12 3 4 9 10 11 14 19 6 
student 189: 7 14 5 19 20 3 15 17 2 1 12 18 6 10 11 13 8 9 16 4 
student 190: 4 16 3 8 18 2 9 20 1 7 15 17 10 12 14 13 11 6 19 5 
student 191: 6 13 11 20 18 3 15 19 7 1 16 14 2 4 12 9 10 5 17 8 
student 192: 1 15 4 18 17 8 11 20 2 3 10 19 6 7 12 13 5 14 16 9 
student 193: 6 16 15 19 12 3 5 20 10 2 8 9 13 1 11 7 14 18 17 4 
student 194: 6 12 1 19 10 14 7 17 3 2 11 16 15 8 20 4 9 13 18 5 
student 195: 10 15 8 19 14 2 16 17 5 4 18 13 6 1 7 11 12 9 20 3 
student 196: 7 14 11 16 18 2 13 20 4 3 19 15 1 5 10 12 6 9 17 8 
student 197: 6 13 14 18 19 3 9 20 1 2 15 11 10 4 16 12 7 5 17 8 
student 198: 8 15 13 5 20 2 12 19 7 9 16 4 1 11 17 3 14 10 18 6 
student 199: 1 13 8 17 18 3 12 15 5 9 14 20 2 10 6 11 16 4 19 7 
student 200: 11 9 8 13 19 2 16 7 1 3 14 15 5 12 10 17 18 6 20 4 
student 201: 1 13 7 15 17 3 20 14 9 6 11 12 8 2 16 18 5 4 19 10 
student 202: 1 8 2 15 16 7 13 19 10 3 17 14 5 12 20 4 6 11 18 9 
student 203: 4 12 2 16 20 1 17 10 3 8 9 11 5 6 15 13 7 14 19 18 
student 204: 3 11 5 9 17 7 14 20 12 6 8 18 2 1 10 4 13 16 19 15 
student 205: 4 11 2 10 20 3 17 19 1 6 13 12 5 9 18 8 7 14 16 15 
student 206: 6 18 1 16 12 2 19 14 4 5 9 17 3 7 15 8 10 11 20 13 
student 207: 9 17 20 14 15 1 12 18 5 4 16 19 7 3 2 11 10 8 13 6 
student 208: 8 15 10 16 20 2 18 17 9 11 1 14 3 12 4 6 5 13 19 7 
student 209: 7 9 12 20 13 10 19 18 6 11 15 17 2 3 8 5 1 4 16 14 
student 210: 8 20 11 3 19 1 17 16 4 2 13 7 14 5 15 12 10 9 18 6 
student 211: 4 16 3 19 18 8 14 20 2 6 13 10 5 9 12 15 1 11 17 7 
student 212: 1 16 7 18 19 4 2 20 8 10 13 11 12 3 9 14 15 5 17 6 
student 213: 3 16 1 19 20 18 11 14 8 2 15 10 9 5 6 13 4 12 17 7 
student 214: 15 17 1 20 16 2 18 12 6 7 14 10 8 4 3 9 11 5 19 13 
student 215: 5 14 9 16 17 4 13 20 1 12 8 19 2 3 7 11 6 10 18 15 
student 216: 7 18 17 14 16 3 20 15 2 9 13 10 6 1 12 4 8 11 19 5 
student 217: 2 13 4 14 18 5 15 19 3 7 12 17 8 16 6 11 1 9 20 10 
student 218: 2 16 3 15 19 6 12 20 1 4 17 14 5 9 10 8 7 11 18 13 
student 219: 6 16 4 18 19 3 14 10 5 1 11 13 9 8 20 2 12 15 17 7 
student 220: 3 12 10 19 13 4 2 20 9 5 16 15 6 8 18 14 7 11 17 1 
student 221: 8 11 3 14 17 1 19 18 4 20 12 7 5 6 9 15 10 13 16 2 
student 222: 15 11 7 16 17 4 10 18 1 3 13 12 6 5 8 19 14 9 20 2 
student 223: 6 16 1 17 15 3 9 18 7 5 11 20 8 4 14 13 10 2 19 12 
student 224: 7 19 6 17 16 1 5 15 11 2 18 9 12 8 3 14 10 13 20 4 
student 225: 1 10 3 7 19 4 15 18 5 13 11 16 6 12 9 17 14 8 20 2 
student 226: 11 16 9 17 20 1 15 18 5 4 8 14 7 3 12 13 10 6 19 2 
student 227: 6 15 2 18 16 4 20 17 8 1 3 7 19 5 13 9 12 11 14 10 
student 228: 2 9 11 12 19 6 16 20 3 7 10 17 1 8 5 15 4 14 18 13 
student 229: 1 19 3 15 20 4 18 17 2 7 16 13 11 6 14 12 5 8 9 10 
student 230: 13 12 11 19 18 2 8 20 1 6 7 14 17 3 9 10 5 15 16 4 
student 231: 13 14 10 17 16 1 7 20 19 2 12 18 8 6 9 5 3 11 15 4 
student 232: 7 18 2 17 19 4 15 20 3 1 5 14 8 12 16 10 9 11 13 6 
student 233: 13 19 2 17 20 1 10 18 7 4 9 14 11 6 15 12 5 8 16 3 
student 234: 5 10 14 15 12 6 9 20 2 1 13 19 4 3 17 18 7 11 16 8 
student 235: 7 18 13 17 10 9 16 19 4 6 5 14 2 1 15 3 12 11 20 8 
student 236: 14 16 2 17 19 9 12 18 4 11 7 15 8 3 13 5 6 1 20 10 
student 237: 5 17 10 14 20 4 12 19 11 2 9 15 8 3 18 1 13 6 16 7 
student 238: 7 15 6 19 13 1 10 20 3 5 17 18 2 8 16 12 11 9 14 4 
student 239: 2 11 4 18 19 5 12 20 8 3 1 16 7 14 17 15 6 9 13 10 
student 240: 15 17 2 14 13 5 3 18 7 9 19 4 1 10 12 16 20 11 6 8 
student 241: 8 16 3 17 12 5 9 20 1 2 18 14 6 7 15 13 4 11 19 10 
student 242: 1 14 4 13 19 7 10 17 5 11 2 16 3 8 15 18 9 6 20 12 
student 243: 3 9 8 19 13 1 15 16 17 4 14 18 7 10 2 12 5 6 20 11 
student 244: 5 13 7 18 12 4 10 20 3 6 14 16 8 1 17 2 9 15 19 11 
student 245: 6 9 3 18 17 4 11 19 2 1 13 15 10 8 14 7 5 16 20 12 
student 246: 7 8 3 13 20 1 17 11 2 5 15 18 6 10 9 14 16 12 19 4 
student 247: 2 15 7 17 16 1 8 18 3 6 9 20 5 14 12 13 4 11 19 10 
student 248: 4 16 2 18 17 12 7 20 3 1 15 13 8 6 10 14 9 11 19 5 
student 249: 20 5 8 9 19 7 14 16 2 6 13 4 15 11 18 1 10 12 17 3 
student 250: 6 17 4 12 19 1 14 18 2 7 10 13 20 3 16 9 8 5 15 11 
student 251: 5 4 1 18 17 8 9 14 2 6 16 11 13 19 10 15 7 3 20 12 
student 252: 8 13 6 20 18 2 10 19 1 4 14 16 3 15 5 11 9 12 17 7 
student 253: 1 13 6 11 19 10 15 20 3 7 16 17 4 5 14 12 8 9 18 2 
student 254: 2 10 6 15 17 3 12 18 1 14 7 13 9 4 19 11 16 8 20 5 
student 255: 6 18 3 17 19 2 14 20 1 5 10 16 13 8 7 12 4 11 15 9 
student 256: 11 13 1 16 14 2 8 20 3 7 19 12 4 9 17 10 5 6 15 18 
student 257: 4 20 6 7 18 3 19 12 9 8 5 11 2 10 15 17 1 14 16 13 
student 258: 1 14 5 20 16 2 13 17 11 4 18 10 3 7 8 6 9 12 19 15 
student 259: 2 16 4 20 19 3 15 17 1 11 12 18 13 7 9 14 8 10 6 5 
student 260: 3 11 5 20 15 4 16 19 1 7 14 17 13 8 2 9 10 12 18 6 
student 261: 8 6 1 5 10 9 14 20 2 3 11 19 4 7 17 18 16 13 15 12 
student 262: 1 14 5 9 20 3 13 18 2 8 17 19 7 4 10 12 6 11 16 15 
student 263: 6 18 7 19 15 10 5 17 1 11 16 8 4 3 13 9 12 2 20 14 
student 264: 4 11 7 16 20 13 12 19 1 2 9 18 6 10 17 14 15 3 8 5 
student 265: 2 11 5 19 17 3 14 20 1 7 15 12 4 8 6 13 10 16 18 9 
student 266: 5 12 8 16 17 1 19 20 3 2 9 13 11 14 6 7 15 18 10 4 
student 267: 3 11 17 6 8 2 14 20 1 4 7 19 12 9 18 13 5 10 15 16 
student 268: 7 19 3 11 18 1 13 17 5 2 14 16 4 10 12 15 6 8 20 9 
student 269: 7 16 10 17 12 3 20 18 1 6 13 9 14 5 15 11 2 8 19 4 
student 270: 3 17 8 18 15 1 20 7 2 4 14 13 6 9 11 12 5 16 19 10 
student 271: 6 13 10 16 5 3 18 15 4 7 17 19 1 2 9 14 8 12 20 11 
student 272: 2 19 4 20 15 1 16 18 3 6 9 13 8 5 7 10 14 12 17 11 
student 273: 3 16 7 15 20 2 10 17 1 4 13 14 8 6 9 18 12 11 19 5 
student 274: 1 19 6 17 13 2 8 18 4 12 5 9 14 3 20 11 10 7 16 15 
student 275: 5 14 7 19 18 2 9 20 3 1 12 15 10 6 4 16 13 11 17 8 
student 276: 2 18 9 7 12 6 4 20 3 5 19 15 1 11 13 10 14 16 17 8 
student 277: 4 6 14 18 19 7 12 20 2 1 10 11 5 13 16 15 9 3 17 8 
student 278: 2 13 4 16 14 10 11 17 1 7 12 15 6 3 20 19 5 9 18 8 
student 279: 2 18 5 19 10 14 4 20 1 7 12 13 11 8 17 9 6 15 16 3 
student 280: 2 17 8 10 19 3 13 20 6 11 14 18 1 16 12 9 5 7 15 4 
student 281: 8 11 3 9 18 1 13 20 2 4 5 15 12 7 16 10 6 19 17 14 
student 282: 5 17 16 18 14 1 10 20 2 6 3 19 4 7 9 12 15 11 13 8 
student 283: 7 19 2 10 13 3 12 18 6 1 15 17 16 8 4 11 9 20 14 5 
student 284: 7 17 9 2 12 8 18 19 1 3 14 11 5 6 15 13 4 16 20 10 
student 285: 2 15 4 10 17 3 12 20 1 6 18 19 14 5 13 11 7 8 16 9 
student 286: 4 14 7 19 17 2 9 20 3 1 12 15 13 6 11 16 10 5 18 8 
student 287: 5 20 6 18 17 1 15 13 2 9 11 12 7 4 16 8 14 3 19 10 
student 288: 8 10 3 17 18 1 15 19 4 5 9 13 6 12 16 14 11 7 20 2 
student 289: 6 19 4 17 14 3 12 20 2 1 8 15 7 9 18 10 13 5 16 11 
student 290: 6 17 7 15 19 5 13 20 3 2 8 12 1 9 16 10 11 4 18 14 
student 291: 4 12 3 16 20 5 17 13 1 8 11 15 19 2 10 9 6 7 18 14 
student 292: 10 15 3 14 16 13 8 17 1 2 12 18 20 9 6 5 7 4 19 11 
student 293: 9 18 1 17 11 4 16 13 3 7 2 19 5 12 15 10 14 6 20 8 
student 294: 14 8 2 5 16 1 12 20 9 11 15 17 7 10 6 19 4 13 18 3 
student 295: 3 18 13 16 15 8 12 17 2 7 14 11 4 6 5 19 10 1 20 9 
student 296: 9 13 7 19 17 1 16 15 2 6 3 18 10 8 14 11 12 5 20 4 
student 297: 12 18 5 19 14 6 10 11 7 3 15 16 2 9 17 13 8 4 20 1 
student 298: 9 18 5 19 13 1 15 20 2 17 6 16 3 4 10 11 12 8 14 7 
student 299: 1 15 7 14 20 2 13 17 3 4 6 19 5 8 11 12 10 16 18 9 
student 300: 3 19 7 15 18 13 12 16 1 5 11 14 4 2 9 8 17 6 20 10 
student 301: 5 13 1 18 20 6 16 14 4 2 9 17 8 7 15 10 3 19 11 12 
student 302: 5 20 4 18 14 10 17 16 12 1 7 15 3 11 8 13 6 9 19 2 
student 303: 3 11 4 15 20 1 13 19 7 6 16 12 5 2 17 9 14 8 18 10 
student 304: 1 17 3 19 15 7 14 20 4 6 2 18 9 8 12 16 11 5 13 10 
student 305: 1 12 7 17 20 4 19 13 2 3 16 15 5 6 10 14 9 11 18 8 
student 306: 7 4 8 17 14 3 15 13 5 12 16 20 11 1 9 18 19 6 10 2 
student 307: 3 9 6 18 16 2 12 8 7 1 15 20 5 4 10 13 14 17 19 11 
student 308: 6 13 5 19 20 2 8 18 3 1 17 16 7 4 14 11 12 9 15 10 
student 309: 3 16 8 18 14 1 20 15 2 7 17 10 4 12 6 11 9 13 19 5 
student 310: 7 11 6 20 14 5 15 19 2 16 1 13 3 4 17 12 9 10 18 8 
student 311: 8 20 2 19 16 6 17 18 1 5 7 14 3 11 9 13 4 12 15 10 
student 312: 5 14 3 13 17 2 16 20 9 7 11 19 6 1 4 10 8 12 18 15 
student 313: 2 18 10 16 14 1 13 5 6 4 12 17 3 8 11 20 7 9 19 15 
student 314: 3 14 5 10 16 1 7 19 2 8 12 18 9 11 15 13 4 17 20 6 
student 315: 2 18 5 4 17 1 15 20 7 8 9 10 3 6 14 16 12 11 19 13 
student 316: 7 20 2 18 16 5 11 3 12 4 13 14 8 9 17 6 10 1 15 19 
student 317: 2 8 13 19 16 9 14 18 6 4 7 11 15 3 5 17 1 12 20 10 
student 318: 10 18 5 16 19 4 11 17 1 2 14 9 8 3 6 12 13 15 20 7 
student 319: 7 15 2 14 12 3 16 20 6 1 17 18 9 8 11 4 5 13 19 10 
student 320: 4 11 10 17 15 5 18 16 1 2 14 13 8 9 12 19 20 7 6 3 
student 321: 7 16 8 14 20 2 15 12 3 4 13 19 9 11 1 17 10 5 18 6 
student 322: 3 7 2 16 14 4 13 19 1 5 6 12 17 11 9 15 10 18 20 8 
student 323: 5 10 9 20 16 4 7 8 2 1 14 18 12 3 11 13 15 17 19 6 
student 324: 6 19 1 15 16 4 18 20 2 8 12 11 5 7 10 17 9 13 14 3 
student 325: 8 19 5 14 18 3 17 20 2 1 16 9 11 6 15 7 10 12 13 4 
student 326: 9 17 3 18 19 1 14 6 10 4 8 5 2 11 13 7 12 16 20 15 
student 327: 4 14 1 15 18 2 16 20 11 8 13 17 6 7 3 10 5 9 19 12 
student 328: 5 7 6 14 18 2 20 16 4 1 15 11 9 3 13 8 17 12 19 10 
student 329: 8 19 3 9 16 1 7 18 6 2 14 17 13 11 5 12 4 10 20 15 
student 330: 6 9 15 10 13 5 17 18 1 3 12 16 20 4 7 14 11 8 19 2 
student 331: 15 14 8 7 20 9 17 19 4 3 13 10 2 18 6 5 12 11 16 1 
student 332: 6 4 8 14 16 5 13 20 3 7 15 19 1 9 11 12 10 18 17 2 
student 333: 3 5 4 20 17 8 13 15 6 1 10 12 18 2 14 16 11 9 19 7 
student 334: 5 14 2 20 18 15 13 17 1 3 12 16 9 7 11 19 10 4 8 6 
student 335: 4 14 6 16 19 1 15 13 2 3 18 9 5 20 12 10 8 7 17 11 
student 336: 3 20 13 10 16 6 7 19 1 12 15 18 8 4 11 14 5 2 17 9 
student 337: 8 11 2 18 20 5 19 9 3 1 14 17 4 13 10 7 15 16 12 6 
student 338: 7 12 8 16 20 1 2 19 9 5 18 4 10 6 13 17 3 15 14 11 
student 339: 4 11 2 17 20 9 18 19 1 3 15 13 5 6 12 10 16 8 14 7 
student 340: 8 10 1 14 13 12 9 20 5 2 18 17 11 3 7 16 15 6 19 4 
student 341: 1 14 5 18 17 4 12 20 2 7 16 19 13 9 15 11 10 8 6 3 
student 342: 3 16 6 17 15 9 4 18 2 1 10 13 7 11 14 19 8 12 20 5 
student 343: 8 12 5 16 19 2 6 20 7 4 18 15 9 10 14 1 3 11 17 13 
student 344: 2 12 16 11 17 10 19 13 7 8 15 18 5 6 20 4 1 9 14 3 
student 345: 5 17 7 18 19 6 8 20 3 1 15 12 9 2 11 10 13 14 16 4 
student 346: 4 19 8 14 20 16 7 17 1 2 13 18 6 3 12 10 11 9 15 5 
student 347: 6 19 4 12 16 3 14 20 1 5 15 18 2 7 13 11 9 10 17 8 
student 348: 4 14 7 16 18 1 13 20 3 2 9 19 5 10 11 17 6 8 15 12 
student 349: 1 19 7 14 15 5 12 20 2 4 13 8 9 10 18 3 6 16 17 11 
student 350: 10 14 6 7 15 2 18 13 11 5 16 3 12 20 4 1 8 17 19 9 
student 351: 12 17 4 18 15 3 10 14 1 7 9 20 5 2 13 16 8 11 19 6 
student 352: 4 20 10 18 16 2 17 13 12 1 15 11 3 8 7 14 6 5 19 9 
student 353: 6 15 4 20 18 5 19 13 1 3 14 12 8 9 16 11 10 2 17 7 
student 354: 5 8 7 19 17 2 4 20 3 1 14 10 9 6 18 15 12 16 13 11 
student 355: 1 19 3 13 18 10 6 20 16 9 15 14 12 2 8 7 11 4 17 5 
student 356: 6 18 7 11 16 1 13 17 3 4 19 15 14 5 2 10 8 9 20 12 
student 357: 3 13 10 14 17 1 9 18 8 12 16 19 11 4 6 5 7 2 20 15 
student 358: 5 14 1 16 17 2 6 20 10 4 3 13 9 8 12 11 15 19 18 7 
student 359: 3 13 7 12 14 2 17 19 1 6 18 20 11 4 5 16 8 10 15 9 
student 360: 5 17 8 16 18 2 12 15 1 11 6 19 4 9 14 10 3 20 13 7 
student 361: 8 19 5 18 13 4 14 17 3 7 10 12 2 1 15 11 16 9 20 6 
student 362: 3 12 6 20 8 2 10 13 4 1 17 18 14 7 9 11 5 19 16 15 
student 363: 8 20 5 6 12 3 10 17 1 4 16 19 9 2 15 18 7 11 14 13 
student 364: 6 9 4 11 18 3 14 15 2 1 20 17 5 12 19 10 8 13 16 7 
student 365: 3 18 2 20 14 6 17 19 1 10 15 7 12 4 8 13 16 9 5 11 
student 366: 4 20 2 14 18 6 8 19 3 1 16 17 5 12 11 13 7 10 15 9 
student 367: 3 17 11 5 19 8 15 20 1 6 12 9 7 2 13 4 10 18 16 14 
student 368: 3 20 1 17 19 2 13 18 4 5 10 14 7 8 15 12 9 11 16 6 
student 369: 10 7 6 16 18 1 14 20 2 4 15 17 9 3 13 12 5 11 19 8 
student 370: 10 16 3 9 17 1 15 18 8 2 11 19 14 4 7 13 6 12 20 5 
student 371: 5 14 12 20 18 2 13 11 1 3 6 16 7 15 10 17 4 9 19 8 
student 372: 1 9 2 17 15 5 13 18 4 10 16 20 11 3 14 12 6 8 19 7 
student 373: 6 20 3 12 16 5 11 17 1 9 13 18 19 2 10 15 7 14 4 8 
student 374: 3 5 1 11 16 9 15 20 7 10 13 18 14 6 8 12 2 4 19 17 
student 375: 2 15 7 9 20 4 19 16 3 5 13 8 6 18 17 14 12 1 11 10 
student 376: 12 18 2 4 19 5 17 20 8 6 7 16 1 13 9 3 11 15 14 10 
student 377: 2 12 6 14 11 7 18 20 1 3 17 19 4 8 5 16 10 13 15 9 
student 378: 2 12 9 10 19 1 11 16 5 6 4 14 18 7 15 3 17 8 20 13 
student 379: 2 11 3 18 19 10 14 17 6 1 4 16 9 8 15 5 7 13 20 12 
student 380: 6 18 1 8 10 5 11 20 4 2 14 19 13 3 12 7 17 15 16 9 
student 381: 9 16 4 18 19 14 13 20 1 3 6 11 12 7 10 17 5 2 8 15 
student 382: 6 17 10 20 14 8 12 15 1 3 19 5 2 11 4 16 13 9 18 7 
student 383: 13 11 5 19 20 2 14 18 3 4 10 17 7 1 12 9 6 15 16 8 
student 384: 2 9 5 8 16 6 20 15 3 4 19 18 12 11 14 1 10 7 13 17 
student 385: 4 1 10 18 20 17 16 8 5 3 12 19 2 14 7 11 6 15 13 9 
student 386: 3 6 5 8 18 11 12 17 2 10 15 20 14 1 19 7 9 13 16 4 
student 387: 3 20 7 16 12 2 17 9 10 4 13 8 15 14 11 5 18 1 19 6 
student 388: 2 15 5 20 17 1 4 19 14 10 11 16 7 8 13 3 12 9 18 6 
student 389: 3 16 13 5 15 8 11 14 1 2 9 10 4 17 12 7 18 20 19 6 
student 390: 5 18 3 11 19 4 14 20 2 7 8 17 10 6 16 13 1 15 12 9 
student 391: 3 19 6 13 14 11 15 20 2 1 9 16 12 7 8 17 5 10 18 4 
student 392: 7 6 5 18 16 4 13 19 8 1 17 14 3 2 11 15 12 10 20 9 
student 393: 10 13 15 16 17 1 18 19 4 6 12 11 14 7 5 8 9 3 20 2 
student 394: 2 16 6 11 18 3 17 14 4 5 15 19 9 1 10 12 7 8 20 13 
student 395: 6 17 7 13 18 1 11 16 5 2 10 20 12 8 4 15 9 14 19 3 
student 396: 10 16 11 15 18 3 19 20 1 5 7 12 6 13 14 8 4 9 17 2 
student 397: 5 1 6 15 12 3 16 20 2 4 17 18 9 7 13 8 11 14 19 10 
student 398: 4 20 12 14 18 2 17 15 1 5 11 7 10 6 19 16 13 3 8 9 
student 399: 2 13 8 17 19 5 12 20 9 3 6 15 1 11 16 14 10 7 18 4 
student 400: 3 17 4 13 15 7 14 20 10 1 9 19 2 6 11 12 18 5 16 8 
student 401: 6 19 2 17 20 8 11 5 4 1 15 10 9 3 16 13 7 12 18 14 
student 402: 1 13 3 19 16 11 14 17 2 4 12 18 6 5 7 10 20 15 9 8 
student 403: 4 15 1 8 18 9 19 20 6 10 7 16 2 5 13 17 3 12 14 11 
student 404: 11 19 12 9 15 3 16 20 2 14 6 10 13 7 4 17 1 5 18 8 
student 405: 8 11 3 17 20 5 10 19 4 1 7 15 2 6 14 13 9 16 18 12 
student 406: 7 14 4 17 19 1 15 9 2 3 11 13 16 5 10 8 18 6 20 12 
student 407: 2 4 3 19 12 5 17 20 7 1 16 15 6 13 14 9 11 10 18 8 
student 408: 7 14 17 19 20 2 12 13 1 4 11 18 15 9 16 10 3 5 8 6 
student 409: 2 11 3 18 20 5 17 19 1 9 10 7 4 6 14 12 8 16 13 15 
student 410: 1 15 8 20 13 3 10 14 5 7 16 19 4 2 18 6 12 9 17 11 
student 411: 2 11 5 15 20 10 17 19 6 1 18 14 3 4 13 16 7 8 12 9 
student 412: 4 12 8 17 20 3 15 14 6 2 19 13 9 10 16 11 7 1 18 5 
student 413: 12 10 3 16 20 7 15 18 2 6 11 8 1 5 13 19 4 9 17 14 
student 414: 4 18 5 16 14 8 15 19 3 1 13 17 2 7 11 12 9 6 20 10 
student 415: 6 20 9 12 17 2 16 19 1 3 15 14 10 8 13 5 7 11 18 4 
student 416: 10 11 9 19 7 2 14 16 1 5 13 18 17 8 15 3 6 12 20 4 
student 417: 7 15 13 18 20 3 11 17 1 4 10 16 2 5 12 8 9 6 19 14 
student 418: 9 13 2 14 16 12 19 20 1 3 8 17 5 6 10 15 7 11 18 4 
student 419: 7 17 4 20 6 3 8 18 10 2 16 14 1 9 15 19 12 11 5 13 
student 420: 6 14 2 19 17 18 15 20 5 1 13 3 4 7 9 11 10 12 16 8 
student 421: 1 13 18 16 15 2 11 20 6 3 12 9 7 4 8 10 17 14 19 5 
student 422: 4 12 10 19 16 3 6 18 2 1 9 17 5 11 13 7 15 8 20 14 
student 423: 2 10 3 16 20 1 19 18 17 4 9 12 11 5 15 8 14 7 13 6 
student 424: 6 19 2 17 13 1 9 5 3 4 16 20 12 7 11 8 14 15 18 10 
student 425: 1 16 2 8 18 3 17 19 5 10 13 14 12 4 6 9 15 11 20 7 
student 426: 4 10 11 17 18 14 12 13 9 1 7 20 16 3 15 2 5 8 19 6 
student 427: 5 19 8 20 16 7 6 18 3 4 12 11 9 10 15 13 17 14 2 1 
student 428: 5 15 2 16 19 3 20 18 7 1 11 17 10 4 14 13 12 9 6 8 
student 429: 4 16 1 13 17 6 14 20 2 3 15 18 8 9 12 7 10 11 19 5 
student 430: 11 13 3 14 17 19 16 20 1 4 10 15 6 5 9 2 12 8 18 7 
student 431: 2 20 12 19 14 5 13 18 1 7 6 15 10 9 17 8 11 3 16 4 
student 432: 1 16 2 17 13 4 8 15 3 12 10 20 9 6 14 7 5 19 18 11 
student 433: 1 11 7 18 19 2 14 16 6 3 12 13 4 9 15 10 17 5 20 8 
student 434: 17 7 2 13 15 3 12 18 1 10 20 14 4 5 9 11 6 19 16 8 
student 435: 7 20 1 10 15 5 9 11 6 3 13 16 19 2 4 18 14 8 17 12 
student 436: 4 14 5 18 19 1 16 12 3 2 9 13 8 6 20 10 11 15 17 7 
student 437: 6 15 9 18 17 2 20 10 1 3 14 16 8 12 13 19 4 7 11 5 
student 438: 7 4 2 12 19 3 10 14 1 6 11 18 9 17 13 16 5 8 20 15 
student 439: 12 11 6 16 14 4 8 19 1 3 7 18 2 10 9 17 5 15 20 13 
student 440: 2 15 9 19 20 1 18 17 7 5 3 14 4 11 6 12 8 16 13 10 
student 441: 1 19 2 11 17 6 13 18 5 3 16 14 8 12 15 4 10 7 20 9 
student 442: 15 7 10 13 18 9 11 17 4 2 19 1 14 5 3 6 12 8 20 16 
student 443: 2 13 10 17 15 4 14 19 1 5 8 12 16 6 18 9 11 3 20 7 
student 444: 11 17 18 14 16 2 12 19 4 3 10 20 6 7 15 5 9 1 13 8 
student 445: 3 13 4 20 16 1 19 15 11 12 14 9 5 10 8 7 17 6 18 2 
student 446: 9 14 1 11 17 5 12 20 6 4 18 3 13 8 10 15 7 16 19 2 
student 447: 1 20 3 16 14 2 9 19 5 6 11 18 12 4 10 8 13 7 17 15 
student 448: 4 11 6 17 19 3 14 20 2 1 12 16 8 7 13 5 10 15 18 9 
student 449: 1 13 3 12 19 2 18 16 6 4 20 11 15 8 5 14 9 10 17 7 
student 450: 8 19 2 20 16 1 12 17 6 4 13 18 5 3 7 11 9 10 15 14 
student 451: 2 7 6 16 12 5 10 19 1 3 13 15 9 4 17 8 14 11 18 20 
student 452: 13 19 5 20 12 2 4 16 6 3 18 10 15 1 9 17 7 8 14 11 
student 453: 1 16 8 17 13 3 15 11 9 6 5 18 14 4 7 10 12 20 19 2 
student 454: 1 14 3 17 18 2 16 20 4 5 12 15 10 6 9 8 7 13 19 11 
student 455: 5 13 3 19 17 4 14 20 1 2 15 6 9 18 7 12 10 11 16 8 
student 456: 3 17 2 18 19 4 5 13 7 1 15 20 12 8 9 16 11 10 14 6 
student 457: 2 20 8 13 19 1 18 17 4 7 11 12 10 14 6 15 5 9 16 3 
student 458: 3 13 10 14 20 7 12 19 1 4 2 17 6 8 18 11 15 9 16 5 
student 459: 3 16 6 8 17 4 13 19 12 1 10 15 2 5 14 11 7 18 20 9 
student 460: 12 15 4 6 17 5 11 13 3 7 19 20 9 2 14 16 10 8 18 1 
student 461: 13 19 10 5 12 14 17 20 7 6 15 8 9 1 16 3 4 11 18 2 
student 462: 4 18 3 17 20 2 12 19 5 6 15 16 1 10 7 9 13 8 14 11 
student 463: 11 20 6 13 7 1 12 4 9 5 18 16 14 8 19 15 3 10 17 2 
student 464: 6 10 2 12 11 4 18 17 3 1 20 15 8 5 14 13 7 16 19 9 
student 465: 1 19 6 18 17 3 10 20 2 8 15 14 11 4 16 13 9 5 12 7 
student 466: 4 15 5 11 18 2 17 16 3 1 9 13 7 12 14 20 8 10 19 6 
student 467: 8 13 11 19 20 2 17 15 4 1 7 18 3 10 6 14 9 12 16 5 
student 468: 6 3 9 10 19 5 15 18 2 1 17 20 8 4 11 12 13 16 7 14 
student 469: 2 18 3 10 11 8 13 14 9 1 12 20 15 4 17 19 7 6 16 5 
student 470: 4 16 7 10 15 5 17 14 3 1 8 18 6 11 19 9 12 13 20 2 
student 471: 1 15 6 19 17 4 13 20 5 2 12 16 3 8 9 14 10 11 18 7 
student 472: 1 14 9 17 16 15 10 20 2 3 11 4 5 12 6 7 13 19 18 8 
student 473: 6 18 7 11 10 2 15 17 1 16 19 8 3 5 13 4 12 14 20 9 
student 474: 10 16 14 19 17 3 18 20 12 1 13 8 5 2 11 9 6 4 15 7 
student 475: 6 17 10 16 19 5 18 20 2 3 15 13 9 4 8 12 11 1 14 7 
student 476: 1 9 10 19 11 20 16 18 3 2 14 12 4 5 17 13 8 15 7 6 
student 477: 1 6 4 13 18 5 11 12 2 8 14 16 19 3 15 9 10 7 20 17 
student 478: 1 9 12 11 18 6 14 13 3 4 16 7 5 8 17 20 2 10 15 19 
student 479: 2 11 12 18 13 1 19 20 3 7 6 15 14 9 10 16 5 8 17 4 
student 480: 7 19 1 17 6 4 18 20 3 2 10 8 13 14 11 12 9 5 15 16 
student 481: 4 16 5 14 20 12 8 7 10 1 18 17 11 9 15 2 13 6 19 3 
student 482: 5 20 7 11 19 2 9 18 1 4 15 17 3 13 10 12 8 14 16 6 
student 483: 6 12 1 20 19 3 16 15 2 13 7 10 5 9 14 17 8 11 18 4 
student 484: 12 18 6 13 14 7 19 20 2 3 11 5 10 8 16 4 9 15 17 1 
student 485: 4 20 5 19 17 1 18 10 3 7 14 15 11 9 13 8 2 6 16 12 
student 486: 5 13 1 17 15 7 16 18 2 3 12 19 9 11 14 10 8 6 20 4 
student 487: 5 13 15 18 20 3 14 19 1 2 17 12 7 6 4 10 9 11 16 8 
student 488: 5 16 10 18 11 3 12 20 1 2 7 17 14 13 15 9 6 4 19 8 
student 489: 9 12 5 19 20 13 17 15 1 3 10 6 11 7 4 16 2 8 18 14 
student 490: 4 16 6 13 20 5 18 19 1 2 15 14 8 3 12 11 7 17 10 9 
student 491: 3 18 8 16 20 7 13 10 2 6 12 17 11 15 14 4 5 9 19 1 
student 492: 1 20 10 9 15 5 12 18 4 3 7 11 17 13 16 19 2 6 14 8 
student 493: 8 15 5 13 18 11 16 14 2 4 12 19 1 6 17 9 10 3 20 7 
student 494: 4 10 11 17 12 1 20 18 5 6 3 19 7 2 9 16 14 13 15 8 
student 495: 6 19 2 20 17 1 12 16 3 13 18 11 7 4 10 14 9 15 8 5 
student 496: 7 16 13 18 6 10 4 19 2 3 11 17 14 9 15 12 1 5 20 8 
student 497: 8 16 2 20 19 1 14 15 4 3 13 18 6 11 12 9 5 10 17 7 
student 498: 14 5 10 13 16 1 15 20 7 3 8 18 12 2 6 17 9 4 19 11 
student 499: 15 17 3 16 6 10 13 19 1 2 9 14 20 4 7 12 5 11 18 8 
student 500: 9 17 6 15 16 1 3 20 4 5 11 14 13 2 18 12 8 7 19 10 
student 501: 1 15 3 12 18 9 16 19 5 11 13 17 2 4 14 10 6 7 20 8 
student 502: 6 16 5 20 18 11 14 15 4 1 13 7 9 3 12 17 10 8 19 2 
student 503: 3 12 9 14 15 4 18 19 2 1 8 16 6 11 20 5 10 17 13 7 
student 504: 5 17 1 18 20 6 11 19 2 7 12 14 4 8 15 10 9 3 13 16 
student 505: 14 13 2 20 10 1 17 18 5 3 6 16 4 7 15 11 9 12 19 8 
student 506: 2 16 12 18 14 5 10 20 1 11 6 17 7 4 9 8 13 3 19 15 
student 507: 2 6 10 9 16 5 13 19 1 3 18 20 4 7 12 15 14 11 17 8 
student 508: 6 16 7 15 11 1 13 20 4 2 17 18 12 5 9 10 8 14 19 3 
student 509: 20 9 6 15 11 4 13 18 1 7 16 17 19 2 12 10 3 5 14 8 
student 510: 1 17 4 13 18 5 10 11 3 8 15 14 9 2 6 19 12 16 20 7 
student 511: 4 20 7 8 11 10 15 16 5 2 3 19 12 6 18 14 1 9 17 13 
student 512: 7 11 1 17 20 4 8 19 3 6 16 12 10 9 18 13 5 2 14 15 
student 513: 3 12 2 20 16 6 9 18 5 1 17 13 10 8 19 15 7 11 14 4 
student 514: 6 12 8 19 11 1 16 20 2 5 4 17 13 9 10 7 15 14 18 3 
student 515: 4 13 11 18 12 2 10 20 3 1 17 15 8 9 5 6 14 16 19 7 
student 516: 2 16 7 17 15 1 13 20 4 5 6 19 10 9 11 8 14 3 18 12 
student 517: 3 19 4 16 7 10 13 20 1 2 9 15 12 5 11 17 14 8 18 6 
student 518: 3 19 7 15 4 1 14 20 5 17 12 13 6 2 10 18 11 9 16 8 
student 519: 5 14 11 19 15 3 18 20 1 2 12 16 8 6 9 13 7 10 17 4 
student 520: 8 20 4 9 17 2 10 15 1 11 19 16 5 3 6 12 14 13 18 7 
student 521: 6 14 2 16 17 9 15 20 3 10 19 12 4 1 11 13 7 5 18 8 
student 522: 4 9 3 19 15 1 7 18 8 6 14 10 20 16 12 5 2 17 13 11 
student 523: 4 9 15 11 13 1 18 17 3 7 20 12 10 19 14 2 5 6 16 8 
student 524: 9 10 4 16 19 1 15 8 12 3 14 18 11 7 13 17 6 5 20 2 
student 525: 2 14 3 5 20 9 16 11 7 10 15 19 1 4 18 12 8 6 17 13 
student 526: 2 15 3 13 18 1 10 16 4 7 11 12 17 5 14 20 6 8 19 9 
student 527: 4 13 1 18 17 3 10 15 5 7 16 20 14 6 11 9 12 8 19 2 
student 528: 12 16 3 20 14 13 6 17 1 5 11 8 2 7 18 4 15 9 19 10 
student 529: 6 13 1 11 16 14 18 19 2 9 8 12 5 3 4 17 7 15 20 10 
student 530: 18 14 4 16 19 5 15 20 1 2 13 3 9 6 8 10 12 7 17 11 
student 531: 3 10 4 19 14 15 13 18 1 2 16 17 7 5 12 11 8 6 20 9 
student 532: 2 13 6 17 14 1 16 19 5 4 15 18 9 12 11 8 10 3 20 7 
student 533: 14 15 8 16 5 7 13 12 4 10 9 17 6 2 11 20 3 18 19 1 
student 534: 3 16 4 13 17 15 12 20 5 2 11 18 7 6 14 10 1 8 19 9 
student 535: 5 4 8 18 7 10 13 16 9 1 14 15 20 3 6 17 12 2 19 11 
student 536: 3 14 4 18 19 6 16 20 12 1 11 17 2 8 5 10 9 7 15 13 
student 537: 5 18 11 12 19 3 13 20 1 4 15 17 14 10 6 8 2 9 16 7 
student 538: 5 10 8 18 17 1 7 19 11 3 15 16 9 2 20 14 13 6 12 4 
student 539: 1 12 8 3 19 2 15 20 4 6 16 18 10 9 14 11 5 17 13 7 
student 540: 7 14 5 15 16 12 17 19 2 4 11 20 13 6 10 8 9 1 18 3 
student 541: 13 15 1 17 18 3 6 19 2 5 14 12 7 4 10 11 8 9 20 16 
student 542: 8 12 7 14 16 1 4 20 3 2 19 15 5 11 10 13 9 17 18 6 
student 543: 2 14 6 20 18 5 9 17 1 3 16 12 10 19 8 4 13 11 15 7 
student 544: 5 17 1 8 13 4 15 19 3 6 16 18 14 7 11 10 9 12 20 2 
student 545: 19 12 2 20 15 1 18 16 3 4 13 17 6 9 7 5 10 11 14 8 
student 546: 6 11 14 18 16 2 4 19 9 5 13 15 1 3 8 7 17 10 20 12 
student 547: 3 16 6 20 17 7 10 18 4 1 12 11 8 2 15 9 13 14 19 5 
student 548: 8 16 5 17 20 2 15 19 1 4 13 7 9 12 14 6 3 11 18 10 
student 549: 2 13 8 16 19 14 15 17 12 1 10 18 5 3 9 4 6 7 20 11 
student 550: 13 20 4 18 12 2 8 16 1 3 19 14 5 9 7 17 6 10 11 15 
student 551: 4 15 7 12 16 2 10 19 1 3 13 9 8 5 6 20 11 17 18 14 
student 552: 3 18 8 16 15 5 11 20 1 2 14 10 9 4 17 12 13 6 19 7 
student 553: 7 16 4 20 17 5 15 14 1 2 11 18 13 9 12 10 8 6 19 3 
student 554: 9 17 4 15 19 2 14 20 8 10 11 18 5 1 7 6 3 13 16 12 
student 555: 5 17 3 16 18 12 19 20 1 2 9 7 8 4 11 14 10 6 15 13 
student 556: 7 16 2 20 18 10 14 19 1 3 12 15 13 9 5 8 6 4 17 11 
student 557: 6 16 7 20 14 5 12 18 3 1 15 17 8 2 13 11 10 9 19 4 
student 558: 2 19 4 15 16 11 8 18 10 1 14 7 3 6 12 9 13 5 20 17 
student 559: 6 19 3 10 12 1 17 20 16 11 15 8 9 5 14 7 13 4 18 2 
student 560: 9 14 2 16 17 1 13 10 7 6 18 19 15 3 5 11 8 4 20 12 
student 561: 7 13 10 14 20 2 3 19 8 5 15 18 1 4 12 6 11 17 16 9 
student 562: 7 13 1 16 14 3 6 11 2 12 4 19 17 8 15 10 18 5 20 9 
student 563: 2 16 11 19 17 5 12 15 9 4 6 3 10 1 20 14 8 13 18 7 
student 564: 2 6 9 10 16 1 18 15 4 7 19 20 5 3 11 12 17 13 14 8 
student 565: 1 14 6 13 19 18 12 20 2 3 11 17 7 10 15 4 8 9 16 5 
student 566: 7 15 12 17 19 2 14 18 4 3 9 20 5 10 13 11 6 8 16 1 
student 567: 1 16 11 3 18 10 8 17 5 6 9 15 2 7 19 12 13 14 20 4 
student 568: 4 14 1 20 17 7 16 18 3 2 13 15 8 5 6 10 12 9 19 11 
student 569: 8 13 14 7 17 3 12 19 1 5 15 16 2 4 11 18 9 6 20 10 
student 570: 7 5 11 16 20 1 18 9 2 6 19 12 3 17 8 15 4 13 14 10 
student 571: 14 19 5 12 6 9 17 20 1 2 18 16 4 3 13 11 8 10 15 7 
student 572: 4 16 3 19 17 2 13 18 1 15 14 20 6 7 9 11 10 8 12 5 
student 573: 8 14 1 15 17 3 10 19 2 5 20 11 7 12 9 13 6 18 16 4 
student 574: 2 7 10 18 11 8 15 17 4 12 5 19 14 3 9 13 6 1 20 16 
student 575: 4 12 9 14 17 15 8 20 1 2 6 13 3 5 7 16 11 18 19 10 
student 576: 10 12 4 19 20 3 8 17 9 6 16 15 7 5 13 14 2 11 18 1 
student 577: 5 9 7 13 16 2 15 18 4 3 11 17 10 1 14 12 6 8 19 20 
student 578: 4 5 7 19 20 1 11 14 3 2 15 18 8 6 12 9 16 13 17 10 
student 579: 15 16 1 12 19 7 17 18 2 4 14 13 3 8 11 6 9 10 20 5 
student 580: 7 13 6 10 20 3 19 17 1 2 15 16 9 4 12 5 11 14 18 8 
student 581: 10 19 3 12 15 8 13 9 4 6 18 16 2 1 17 5 14 7 20 11 
student 582: 3 17 4 18 20 2 19 9 1 6 10 5 13 8 16 12 7 15 14 11 
student 583: 5 15 11 18 19 3 9 20 8 2 14 16 13 12 10 6 4 1 17 7 
student 584: 4 20 8 9 15 5 6 18 16 3 14 12 10 1 7 13 17 11 19 2 
student 585: 4 16 9 18 15 3 13 20 2 6 12 14 7 1 11 8 10 17 19 5 
student 586: 7 15 6 14 17 2 11 18 5 4 13 19 3 8 16 1 10 9 12 20 
student 587: 3 8 12 18 7 4 19 20 2 1 15 10 14 9 16 5 13 11 17 6 
student 588: 4 15 2 18 12 3 20 19 17 5 13 16 9 1 10 8 6 11 14 7 
student 589: 7 12 2 18 14 3 16 20 6 5 17 9 8 1 4 11 15 13 19 10 
student 590: 2 18 9 20 13 3 19 15 1 6 14 17 4 8 16 12 11 10 5 7 
student 591: 7 3 2 15 4 10 18 19 1 5 11 16 8 13 14 12 9 6 20 17 
student 592: 12 19 5 7 20 2 11 15 3 9 14 16 1 10 8 4 6 13 18 17 
student 593: 3 10 11 19 14 1 16 17 2 4 7 13 5 8 15 9 12 20 18 6 
student 594: 5 15 4 17 13 1 18 20 2 3 12 10 9 6 14 11 7 8 19 16 
student 595: 5 19 7 18 17 6 15 20 2 8 14 11 1 9 12 3 4 13 16 10 
student 596: 16 17 1 5 9 13 20 19 4 2 12 15 14 7 10 3 11 6 18 8 
student 597: 10 9 7 19 14 3 15 17 1 2 18 16 11 4 13 12 6 8 20 5 
student 598: 7 15 4 6 12 3 14 18 1 5 16 19 13 11 8 20 9 2 17 10 
student 599: 2 11 4 19 20 1 16 10 15 6 14 18 5 3 17 12 8 9 13 7 
student 600: 4 5 1 16 20 10 17 18 2 3 14 13 15 8 6 7 9 11 19 12 
student 601: 4 7 1 15 14 2 10 20 5 3 8 17 12 9 18 13 11 16 19 6 
student 602: 10 13 1 5 18 9 16 20 4 12 17 15 2 7 11 14 8 6 19 3 
student 603: 5 15 8 20 18 4 3 19 2 1 13 9 6 7 17 16 12 14 11 10 
student 604: 7 17 20 13 19 1 10 18 2 3 11 16 4 5 12 9 8 14 15 6 
student 605: 1 10 5 17 18 3 12 19 6 7 16 8 4 15 9 14 11 20 13 2 
student 606: 6 16 5 12 19 2 18 7 1 3 4 20 11 8 17 9 10 14 13 15 
student 607: 14 16 13 10 19 2 8 20 1 3 12 18 11 4 15 9 5 6 17 7 
student 608: 4 18 9 13 16 1 11 19 3 2 10 14 6 8 7 15 5 12 20 17 
student 609: 2 16 7 6 20 8 18 19 1 3 17 13 15 10 12 11 9 5 14 4 
student 610: 2 6 5 17 20 3 9 19 4 7 14 11 13 12 8 1 16 10 18 15 
student 611: 2 13 6 17 19 4 12 20 1 7 16 14 10 3 11 8 15 5 18 9 
student 612: 4 7 15 14 16 3 19 18 1 6 20 17 2 11 9 5 13 8 10 12 
student 613: 5 11 10 13 6 3 15 19 1 2 8 17 14 12 4 16 18 9 20 7 
student 614: 8 11 3 20 17 7 18 19 1 16 6 14 4 9 12 5 2 13 15 10 
student 615: 1 14 6 12 19 2 16 20 3 4 11 18 8 7 13 15 5 10 17 9 
student 616: 2 13 10 9 15 5 12 17 1 3 8 14 7 11 20 6 16 4 18 19 
student 617: 4 19 9 17 16 3 8 20 1 2 12 13 18 5 10 7 6 15 11 14 
student 618: 5 14 2 20 17 8 11 16 1 3 15 19 7 10 4 6 12 13 18 9 
student 619: 5 8 15 19 20 4 9 18 1 3 12 14 10 11 13 16 7 6 17 2 
student 620: 9 13 3 12 18 2 20 15 17 1 8 16 11 4 14 6 19 5 10 7 
student 621: 5 11 2 16 15 4 17 12 3 1 14 19 18 7 10 13 6 8 20 9 
student 622: 4 7 5 15 17 1 10 20 2 16 14 19 9 3 12 8 11 13 18 6 
student 623: 6 15 5 9 14 1 18 16 2 4 19 20 8 3 12 10 17 7 13 11 
student 624: 7 14 10 12 17 5 16 19 6 1 9 18 15 13 3 4 20 8 11 2 
student 625: 3 14 6 19 15 4 20 16 1 2 17 11 7 5 9 12 13 10 18 8 
student 626: 2 17 8 16 18 4 10 14 15 3 11 19 1 9 12 6 5 13 20 7 
student 627: 3 17 5 15 19 4 20 16 1 2 14 7 8 13 6 18 9 10 12 11 
student 628: 8 16 7 14 17 5 3 20 4 1 19 13 9 10 11 12 6 15 18 2 
student 629: 12 19 7 15 2 1 17 6 5 4 20 18 3 16 8 11 9 14 10 13 
student 630: 2 14 3 12 19 9 13 18 1 4 17 20 7 6 5 11 10 16 15 8 
student 631: 1 3 11 19 17 5 16 20 7 9 12 18 6 4 2 13 10 8 14 15 
student 632: 8 12 9 16 20 1 15 19 4 2 13 10 7 3 18 6 11 14 17 5 
student 633: 1 12 10 16 19 3 15 18 6 2 7 20 5 4 17 13 11 9 14 8 
student 634: 14 18 3 16 8 10 9 20 1 6 17 13 4 15 7 12 5 2 19 11 
student 635: 9 19 12 18 10 1 16 20 2 8 13 6 7 15 17 3 11 4 14 5 
student 636: 1 13 5 18 20 4 17 19 2 7 16 11 3 14 8 12 10 9 15 6 
student 637: 7 12 10 20 15 2 14 17 1 3 18 11 4 16 19 13 5 8 9 6 
student 638: 4 16 10 9 20 8 6 13 11 15 14 18 1 2 7 12 17 5 19 3 
student 639: 10 18 16 14 11 6 7 17 2 4 5 12 3 9 19 13 8 15 20 1 
student 640: 1 15 10 20 17 7 12 18 2 8 14 13 3 9 11 19 4 5 16 6 
student 641: 4 6 18 15 17 2 7 20 5 9 13 14 11 10 8 16 12 3 19 1 
student 642: 2 14 3 17 15 8 12 16 6 1 9 19 10 7 4 13 11 18 20 5 
student 643: 1 13 4 12 19 7 18 17 9 5 11 20 3 2 6 8 14 10 15 16 
student 644: 2 11 9 14 15 6 7 20 4 5 10 16 17 1 8 18 12 19 13 3 
student 645: 5 15 2 16 18 7 6 20 1 8 14 13 3 9 12 19 10 11 17 4 
student 646: 2 17 4 16 8 3 19 20 1 9 13 14 5 6 12 15 7 11 18 10 
student 647: 1 16 9 14 18 4 5 20 2 17 12 10 6 7 13 15 8 11 19 3 
student 648: 1 16 12 14 18 3 13 19 7 6 8 20 10 9 5 11 4 15 17 2 
student 649: 6 17 1 15 19 7 10 18 4 3 13 16 11 5 9 2 8 12 20 14 
student 650: 5 13 10 17 6 1 4 20 7 2 15 19 12 3 11 9 8 14 18 16 
student 651: 5 8 4 18 20 1 14 16 7 2 17 9 19 6 12 10 13 3 15 11 
student 652: 5 16 9 11 14 7 6 19 1 2 17 12 18 13 15 10 8 3 20 4 
student 653: 2 11 8 20 16 3 13 19 1 6 15 17 12 5 18 10 9 14 4 7 
student 654: 3 18 5 6 12 10 16 19 4 1 17 9 7 2 11 15 14 8 13 20 
student 655: 2 18 5 12 10 1 16 20 3 6 13 17 4 7 19 9 15 11 14 8 
student 656: 3 15 1 14 16 8 20 13 7 10 12 19 9 5 11 18 6 2 17 4 
student 657: 6 5 3 15 12 1 14 20 2 17 10 19 7 18 4 11 13 16 8 9 
student 658: 4 13 1 7 15 3 19 16 10 5 14 9 11 8 17 20 2 12 18 6 
student 659: 6 18 4 15 19 2 14 20 1 3 8 12 7 5 17 13 11 10 16 9 
student 660: 4 13 5 10 14 19 17 18 1 3 9 20 11 16 7 12 8 2 15 6 
student 661: 7 11 8 20 18 4 12 19 3 6 14 17 2 10 5 9 1 15 16 13 
student 662: 1 20 5 19 12 8 15 14 3 6 9 11 4 7 13 17 10 16 18 2 
student 663: 1 13 9 12 17 2 19 18 4 6 16 14 5 3 15 8 7 10 20 11 
student 664: 5 15 10 13 20 1 14 18 2 4 3 12 7 6 9 19 11 17 16 8 
student 665: 3 9 2 18 17 10 13 20 6 1 7 16 4 8 15 5 11 14 19 12 
student 666: 3 6 17 16 15 1 9 19 2 7 18 12 10 5 13 11 14 8 20 4 
student 667: 2 14 1 20 15 4 19 5 3 9 17 18 11 10 12 13 8 16 6 7 
student 668: 3 18 2 15 17 6 11 19 4 1 12 14 10 8 16 9 7 5 20 13 
student 669: 1 14 2 19 13 7 20 18 3 5 11 15 6 4 17 8 10 9 16 12 
student 670: 5 18 6 19 20 1 16 14 2 15 7 17 11 9 4 8 3 10 13 12 
student 671: 1 12 7 2 20 3 14 18 8 4 11 16 15 17 13 5 6 9 19 10 
student 672: 5 13 9 15 14 4 20 18 2 1 16 17 7 8 3 6 11 12 10 19 
student 673: 6 1 9 20 16 4 14 15 2 3 10 5 7 8 11 19 17 12 18 13 
student 674: 3 18 2 16 20 4 6 19 7 1 12 15 8 10 13 11 17 9 14 5 
student 675: 4 13 3 11 14 1 12 16 5 19 17 10 7 2 20 15 6 8 18 9 
student 676: 4 11 3 16 18 5 20 19 1 2 17 15 6 7 10 14 13 9 12 8 
student 677: 6 15 13 18 19 3 16 14 1 10 12 20 4 9 11 8 7 5 17 2 
student 678: 13 14 18 19 15 2 12 20 3 5 11 16 1 6 10 7 8 9 17 4 
student 679: 10 15 8 20 5 6 18 11 7 12 4 17 9 1 14 16 3 2 19 13 
student 680: 1 14 10 8 12 3 9 17 4 18 13 15 7 6 5 16 20 2 19 11 
student 681: 11 14 2 16 19 4 15 13 5 3 20 17 8 1 12 18 6 7 10 9 
student 682: 9 2 7 16 12 4 19 20 6 1 13 17 8 18 5 11 10 14 15 3 
student 683: 15 20 6 18 19 3 12 14 2 4 16 13 5 8 9 10 1 7 17 11 
student 684: 10 18 2 11 20 4 8 9 1 5 13 3 12 7 15 6 14 16 19 17 
student 685: 8 5 10 18 17 2 3 20 4 1 13 16 9 6 11 14 7 12 19 15 
student 686: 3 18 15 10 19 12 17 14 1 7 16 9 4 2 11 6 20 13 8 5 
student 687: 6 16 3 4 11 1 7 10 17 2 20 15 14 19 8 13 5 12 18 9 
student 688: 3 19 8 17 20 5 13 18 2 1 9 15 7 4 16 11 6 12 14 10 
student 689: 7 14 1 16 18 2 19 20 3 8 5 15 6 4 13 11 10 9 17 12 
student 690: 4 15 2 14 17 1 11 19 3 6 20 16 12 5 13 9 8 10 18 7 
student 691: 2 15 4 16 17 1 11 19 3 9 13 14 10 20 12 7 6 5 18 8 
student 692: 15 18 2 13 19 3 16 14 1 7 17 20 5 4 10 11 12 6 9 8 
student 693: 19 12 2 18 16 1 9 13 8 15 14 20 10 6 17 4 5 7 11 3 
student 694: 4 10 7 15 20 6 18 19 1 5 14 17 3 9 13 2 16 8 12 11 
student 695: 4 13 12 17 20 2 9 19 1 3 16 14 8 5 15 11 7 10 18 6 
student 696: 2 19 10 20 18 5 17 16 1 4 12 15 3 9 7 13 8 11 14 6 
student 697: 3 16 9 7 20 1 12 19 5 2 4 17 8 14 15 13 10 6 11 18 
student 698: 6 11 12 18 16 3 14 15 1 2 19 17 9 4 10 5 13 7 20 8 
student 699: 2 15 14 12 16 4 17 20 1 9 10 13 19 3 18 5 8 6 11 7 
student 700: 2 14 4 15 19 6 12 20 3 9 13 17 10 11 18 8 5 7 16 1 
student 701: 11 14 7 16 18 2 17 15 1 3 6 13 12 9 8 4 10 19 20 5 
student 702: 6 8 7 20 19 3 16 17 2 10 18 5 14 1 13 11 12 9 15 4 
student 703: 4 13 14 16 20 3 12 19 1 7 18 17 2 10 15 11 5 8 9 6 
student 704: 5 19 4 15 13 2 10 20 1 11 3 14 12 8 18 17 9 7 16 6 
student 705: 4 10 6 19 18 5 17 16 2 7 3 14 11 12 15 9 8 13 20 1 
student 706: 5 17 1 14 18 11 9 15 4 7 10 12 6 2 8 20 16 13 19 3 
student 707: 7 3 9 13 16 15 12 14 1 6 20 19 5 8 4 10 11 17 18 2 
student 708: 4 12 1 19 15 3 6 18 10 2 11 13 7 14 8 5 9 16 20 17 
student 709: 1 4 3 18 13 12 14 19 7 6 10 17 5 9 15 20 11 8 16 2 
student 710: 1 11 3 20 18 9 19 14 4 2 17 16 5 7 15 13 10 6 12 8 
student 711: 7 10 4 12 15 13 5 16 1 6 2 20 8 14 11 9 17 18 19 3 
student 712: 1 12 5 17 18 2 10 20 7 3 16 14 11 8 13 6 4 19 15 9 
student 713: 7 10 6 12 14 1 11 20 2 4 8 19 18 3 9 17 5 15 16 13 
student 714: 6 16 4 11 19 1 14 20 3 13 12 17 9 15 10 7 5 8 18 2 
student 715: 18 11 5 16 13 6 10 20 2 1 12 7 4 3 9 17 14 15 19 8 
student 716: 6 20 4 17 19 3 8 14 2 5 13 18 7 1 15 12 9 10 16 11 
student 717: 1 5 3 16 18 4 17 19 13 6 14 15 2 10 12 11 9 7 20 8 
student 718: 10 11 5 8 20 2 19 18 9 3 14 16 7 17 1 12 4 6 15 13 
student 719: 5 14 4 15 11 1 18 20 13 3 12 19 10 2 17 9 7 8 16 6 
student 720: 7 11 2 20 18 6 12 15 3 1 17 13 8 5 16 10 4 14 19 9 
student 721: 6 18 5 16 17 1 13 19 2 3 4 12 8 7 14 15 10 11 20 9 
student 722: 1 9 5 14 12 11 20 19 2 8 18 7 3 15 16 10 13 4 17 6 
student 723: 5 17 14 18 16 6 10 15 7 2 12 11 4 9 19 13 8 1 20 3 
student 724: 11 20 2 18 10 7 17 14 3 1 19 15 9 5 13 4 12 8 16 6 
student 725: 10 15 5 8 18 2 14 20 6 1 17 12 7 4 11 13 9 16 19 3 
student 726: 10 18 4 19 20 3 16 17 1 2 15 9 5 13 11 8 7 14 12 6 
student 727: 9 5 7 19 15 3 20 18 1 2 6 14 11 8 4 13 10 16 17 12 
student 728: 3 13 4 19 15 2 14 16 1 17 8 11 6 10 12 9 7 18 20 5 
student 729: 9 18 7 13 14 8 5 19 1 2 6 12 4 11 10 3 15 16 20 17 
student 730: 17 20 1 16 15 4 11 19 3 13 6 14 5 8 10 9 12 7 18 2 
student 731: 5 19 2 6 10 8 14 12 4 1 16 18 7 13 9 11 15 17 20 3 
student 732: 1 15 13 18 12 5 16 20 4 3 14 19 7 2 6 10 9 11 17 8 
student 733: 11 18 3 14 19 7 15 17 1 2 8 12 5 6 16 10 13 9 20 4 
student 734: 12 13 9 17 16 3 19 20 4 1 14 15 5 6 7 8 11 2 18 10 
student 735: 5 15 8 20 16 4 19 17 6 2 13 7 1 11 14 10 9 18 12 3 
student 736: 4 17 6 11 16 5 15 20 12 2 19 18 3 7 13 10 8 9 14 1 
student 737: 4 19 2 16 14 6 13 20 1 11 18 15 5 8 17 10 3 7 12 9 
student 738: 4 10 9 16 15 2 18 8 17 6 11 19 5 7 3 14 13 1 20 12 
student 739: 10 15 9 7 19 1 18 17 6 3 12 20 2 4 14 11 5 13 16 8 
student 740: 4 3 9 17 15 2 16 20 1 19 10 11 8 5 7 18 6 13 14 12 
student 741: 6 18 3 20 19 2 11 17 1 13 9 5 10 14 4 12 15 8 16 7 
student 742: 9 14 3 15 19 7 8 16 10 4 18 20 2 12 17 6 1 5 13 11 
student 743: 5 18 4 14 20 1 13 19 8 3 17 15 7 9 16 12 2 6 11 10 
student 744: 2 14 9 17 18 5 7 19 10 12 15 1 8 16 13 11 4 6 20 3 
student 745: 3 19 7 13 15 2 4 18 1 6 14 17 9 5 20 8 12 10 16 11 
student 746: 12 17 4 16 18 1 11 19 2 3 7 9 20 13 15 14 5 6 10 8 
student 747: 3 16 7 5 18 12 17 19 6 2 9 15 4 10 13 14 8 1 20 11 
student 748: 3 6 2 19 15 9 7 20 4 10 17 5 11 12 14 16 13 1 18 8 
student 749: 1 14 3 15 18 5 13 20 2 8 12 16 11 7 10 17 9 6 19 4 
student 750: 11 15 5 19 16 6 13 20 3 4 17 10 14 8 7 12 9 1 18 2 
student 751: 10 14 3 20 19 4 15 12 6 2 11 16 1 8 7 13 5 17 18 9 
student 752: 4 13 10 15 18 1 19 20 5 2 6 9 12 8 16 11 7 14 17 3 
student 753: 4 15 1 17 19 5 12 18 10 7 8 16 11 3 9 13 6 14 20 2 
student 754: 5 20 3 14 16 2 13 19 1 6 12 11 8 4 9 17 15 7 18 10 
student 755: 1 8 7 14 20 2 16 17 5 6 10 19 13 9 11 15 12 4 18 3 
student 756: 6 15 4 19 20 1 14 17 2 7 16 18 8 13 9 10 5 11 3 12 
student 757: 1 10 16 15 8 7 11 18 4 3 6 14 19 17 2 9 12 13 20 5 
student 758: 7 16 14 15 20 4 17 18 3 6 9 19 13 8 5 1 2 10 11 12 
student 759: 11 13 6 16 19 1 14 15 4 5 17 18 10 3 12 9 8 2 20 7 
student 760: 8 18 10 9 20 2 16 17 5 4 19 1 6 11 12 3 7 13 15 14 
student 761: 7 16 6 12 20 5 11 17 1 2 18 10 19 3 13 4 9 14 15 8 
student 762: 5 16 9 10 13 4 15 19 3 1 20 18 7 6 12 8 2 11 14 17 
student 763: 10 16 2 20 9 4 8 18 13 5 7 17 15 3 14 1 6 12 19 11 
student 764: 6 16 7 11 18 2 14 17 5 3 8 12 1 10 13 4 15 19 20 9 
student 765: 4 15 5 14 17 1 16 18 2 3 13 20 7 6 12 10 11 8 19 9 
student 766: 18 17 8 15 14 4 9 19 7 1 10 13 3 11 12 6 2 5 16 20 
student 767: 2 14 3 18 17 4 15 7 1 6 13 16 9 10 8 11 5 12 20 19 
student 768: 7 20 3 17 16 8 12 5 1 2 13 15 14 4 18 9 11 10 19 6 
student 769: 5 16 4 10 18 1 12 20 3 2 15 17 13 6 14 11 8 9 19 7 
student 770: 19 20 6 5 17 2 16 11 4 1 12 18 3 7 14 13 10 8 15 9 
student 771: 8 14 4 9 16 7 19 17 3 1 13 12 5 2 6 11 20 18 10 15 
student 772: 4 18 1 17 20 6 9 15 2 3 8 14 5 11 19 13 12 10 16 7 
student 773: 6 14 7 20 17 10 19 15 4 2 8 18 12 1 11 9 16 3 13 5 
student 774: 1 16 20 18 19 3 8 9 12 4 11 15 5 2 13 10 7 6 17 14 
student 775: 1 15 8 10 17 2 20 18 5 14 16 13 4 6 11 3 7 12 19 9 
student 776: 5 17 3 13 18 6 16 19 1 2 15 14 4 8 11 10 7 9 20 12 
student 777: 6 17 3 20 18 5 19 14 1 2 12 13 4 11 7 16 10 9 15 8 
student 778: 10 14 5 11 13 4 17 18 1 3 8 19 7 6 12 2 15 16 20 9 
student 779: 6 16 7 20 19 5 10 14 1 3 2 12 9 4 18 13 15 11 17 8 
student 780: 6 13 2 9 17 1 12 19 3 11 15 18 4 7 5 10 14 16 20 8 
student 781: 8 16 2 19 17 1 7 18 4 6 5 13 11 15 14 9 3 12 20 10 
student 782: 3 15 7 19 20 1 6 16 4 10 11 17 12 2 13 5 14 9 18 8 
student 783: 5 10 8 15 19 1 16 9 3 4 18 17 6 2 14 13 11 12 20 7 
student 784: 15 14 4 20 19 3 16 13 2 7 17 18 1 9 5 8 10 12 11 6 
student 785: 7 17 1 18 13 4 16 20 2 5 11 6 8 14 3 15 10 12 19 9 
student 786: 10 12 7 17 15 2 19 20 5 1 13 16 3 14 11 9 6 8 18 4 
student 787: 8 18 3 13 17 1 16 12 10 2 5 20 19 11 4 9 6 14 15 7 
student 788: 8 14 9 16 15 4 20 13 1 2 18 19 10 3 7 11 6 5 17 12 
student 789: 1 2 9 14 20 7 18 15 4 5 16 17 11 19 10 12 6 3 13 8 
student 790: 6 12 3 17 19 5 18 20 1 2 10 15 9 4 14 16 8 13 11 7 
student 791: 5 19 2 15 7 1 16 18 3 8 14 20 12 9 6 13 17 4 11 10 
student 792: 4 13 3 14 17 7 19 18 2 1 12 20 8 5 15 11 10 9 16 6 
student 793: 9 1 4 16 20 7 13 18 3 2 15 17 6 5 14 19 8 10 12 11 
student 794: 4 17 19 14 18 13 15 6 2 1 7 16 5 3 12 9 10 11 20 8 
student 795: 10 3 11 12 14 16 19 20 2 1 9 13 7 5 18 15 6 4 17 8 
student 796: 2 12 6 19 13 4 7 17 3 1 11 14 9 15 8 10 16 18 20 5 
student 797: 4 17 14 13 20 2 15 18 1 10 9 19 8 3 16 7 6 12 11 5 
student 798: 5 12 9 17 18 3 20 15 4 1 7 16 10 8 11 2 13 6 19 14 
student 799: 5 17 4 19 3 6 16 20 2 7 11 18 10 9 14 12 8 1 15 13 
