student 0: 19 14 1 2 18 5 12 6 17 11 7 20 3 10 13 16 8 9 4 15 
student 1: 14 16 5 2 12 6 15 3 19 8 13 10 7 20 9 4 18 11 1 17 
student 2: 18 10 3 5 16 2 9 8 20 12 15 6 4 11 19 14 17 1 7 13 
student 3: 20 11 1 14 9 2 7 3 17 4 19 16 10 13 15 18 6 8 5 12 
student 4: 18 14 5 4 19 3 8 10 11 1 9 17 2 15 20 16 7 6 13 12 
student 5: 17 19 2 1 8 5 6 12 20 10 15 16 11 9 18 14 7 3 4 13 
student 6: 13 9 6 4 7 8 14 1 17 19 20 11 2 18 16 15 12 5 3 10 
student 7: 20 18 7 3 10 5 16 4 13 8 11 19 2 15 14 17 12 9 1 6 
student 8: 18 13 7 1 16 11 10 2 20 12 4 14 3 8 17 19 6 9 5 15 
student 9: 12 2 15 3 14 8 13 5 20 4 17 11 1 19 18 16 10 9 6 7 
student 10: 20 11 8 1 19 6 5 4 9 15 18 13 3 17 14 10 12 7 2 16 
student 11: 16 20 5 8 19 6 9 1 18 14 11 2 3 15 17 4 7 12 13 10 
student 12: 15 13 3 2 17 6 4 1 19 5 7 12 8 18 20 16 11 14 9 10 
student 13: 15 18 6 8 13 5 17 4 19 10 16 20 1 11 14 12 9 2 7 3 
student 14: 20 19 1 13 7 6 11 8 18 9 14 17 4 16 12 15 10 3 2 5 
student 15: 1 12 3 6 19 2 11 10 20 17 9 18 4 13 16 15 14 8 5 7 
student 16: 20 6 10 2 17 3 4 8 18 9 15 11 1 13 19 16 5 14 7 12 
student 17: 20 15 1 7 13 2 8 5 17 9 6 19 4 10 18 16 12 14 3 11 
student 18: 19 1 6 9 17 5 11 8 15 3 16 20 2 12 14 18 13 4 10 7 
student 19: 17 5 10 11 15 1 18 12 19 3 8 2 9 13 16 7 20 6 4 14 
student 20: 8 13 14 9 19 4 10 2 17 3 18 16 1 15 20 6 11 5 7 12 
student 21: 17 13 4 7 16 1 14 2 18 6 3 11 5 15 20 19 10 8 9 12 
student 22: 20 13 6 15 19 2 10 17 18 3 12 14 1 9 16 8 4 5 7 11 
student 23: 19 15 4 6 1 2 16 10 17 5 8 9 3 12 11 7 13 14 20 18 
student 24: 15 13 1 4 20 2 7 11 16 5 17 19 3 18 12 9 14 8 6 10 
student 25: 19 11 2 4 10 3 17 5 18 6 9 13 1 15 20 16 8 12 14 7 
student 26: 16 18 2 4 8 1 5 3 17 6 15 11 9 14 19 20 10 12 7 13 
student 27: 20 5 3 11 14 1 17 4 19 6 10 15 9 16 18 13 7 12 2 8 
student 28: 20 7 5 12 10 1 15 2 16 6 17 13 3 19 9 18 14 8 11 4 
student 29: 18 6 3 5 19 1 10 9 15 13 17 14 8 12 20 16 7 2 4 11 
student 30: 17 14 4 10 19 7 6 1 15 9 5 13 3 16 18 20 8 2 12 11 
student 31: 11 17 4 9 16 1 13 2 14 7 12 6 5 20 18 15 10 3 19 8 
student 32: 18 13 9 7 16 4 1 17 12 11 15 3 5 14 19 20 8 6 2 10 
student 33: 18 13 4 3 19 5 9 8 20 6 16 12 1 14 17 15 7 11 2 10 
student 34: 10 19 1 8 12 2 16 4 20 6 14 9 15 13 17 18 7 11 5 3 
student 35: 13 6 1 10 18 2 7 3 20 15 16 11 4 14 19 17 9 8 5 12 
student 36: 20 15 2 7 19 1 11 4 8 6 13 5 3 17 18 16 14 9 10 12 
student 37: 19 13 3 9 20 5 2 4 18 10 15 6 7 16 17 12 14 8 1 11 
student 38: 20 11 2 4 16 1 9 3 18 5 8 13 15 14 17 19 10 12 6 7 
student 39: 12 20 8 2 11 1 9 5 13 3 18 17 4 19 16 6 15 10 7 14 
student 40: 11 18 1 17 20 2 7 3 16 6 12 5 14 15 19 10 9 4 8 13 
student 41: 19 10 3 2 13 4 15 1 18 14 5 6 7 17 20 11 16 8 9 12 
student 42: 19 15 4 9 14 2 1 7 12 6 17 10 5 16 18 20 3 13 11 8 
student 43: 18 13 1 6 12 2 8 9 14 10 11 16 3 19 20 17 7 4 5 15 
student 44: 20 13 1 4 19 3 14 7 15 10 16 8 2 17 9 18 11 12 6 5 
student 45: 20 15 5 3 16 1 12 6 18 7 19 10 4 13 11 14 8 2 9 17 
student 46: 16 11 1 3 10 2 4 7 19 5 20 9 8 6 12 17 14 18 15 13 
student 47: 10 3 16 5 15 2 7 1 20 17 13 12 6 19 18 14 11 8 4 9 
student 48: 8 5 6 10 18 2 16 12 7 13 15 20 4 11 14 17 9 3 1 19 
student 49: 17 19 4 3 15 1 11 8 20 13 9 10 2 18 14 12 6 7 5 16 
student 50: 19 20 4 18 9 1 14 6 16 8 17 10 3 11 13 7 15 5 12 2 
student 51: 7 9 5 4 17 6 10 2 18 13 11 19 1 16 12 15 14 8 3 20 
student 52: 15 11 2 9 18 4 20 3 19 8 17 1 5 12 14 13 6 16 7 10 
student 53: 20 19 5 6 17 3 18 12 16 8 4 10 2 15 14 9 13 7 1 11 
student 54: 14 15 5 11 20 3 13 2 16 17 8 7 4 18 9 19 12 1 10 6 
student 55: 8 16 11 9 14 1 10 5 20 7 15 12 4 6 19 18 17 3 2 13 
student 56: 13 15 4 9 12 2 7 10 20 18 17 19 3 1 11 14 16 6 5 8 
student 57: 14 11 3 6 9 4 10 8 17 16 5 15 2 18 13 20 19 12 7 1 
student 58: 20 19 2 4 15 1 13 11 14 7 6 18 5 9 17 16 8 12 3 10 
student 59: 16 1 2 9 17 3 15 8 20 5 18 14 4 7 19 13 11 10 6 12 
student 60: 16 15 3 7 20 2 5 1 13 8 17 18 4 14 12 10 6 19 9 11 
student 61: 18 3 1 20 19 4 10 12 8 11 15 7 2 9 17 16 13 6 5 14 
student 62: 20 18 1 5 11 3 13 8 16 12 9 19 6 14 17 10 4 7 2 15 
student 63: 18 17 7 8 13 5 3 6 20 14 9 4 1 16 19 12 15 11 2 10 
student 64: 20 4 3 5 14 1 6 2 17 16 19 9 12 7 13 15 10 8 18 11 
student 65: 14 18 4 13 19 7 3 10 16 5 12 9 8 15 20 17 11 6 1 2 
student 66: 17 18 4 3 19 1 10 6 16 9 13 15 2 14 20 8 12 7 11 5 
student 67: 16 14 9 1 12 4 11 6 17 5 18 10 7 19 15 20 2 13 3 8 
student 68: 19 6 1 12 11 7 4 3 20 8 10 9 5 16 18 13 14 2 15 17 
student 69: 17 15 3 5 16 1 13 4 12 9 20 19 10 7 18 14 2 11 6 8 
student 70: 20 11 10 4 1 2 13 7 19 6 9 16 3 14 17 18 5 8 12 15 
student 71: 7 12 5 2 10 4 9 1 19 15 16 17 13 20 18 14 3 6 11 8 
student 72: 19 13 6 4 18 1 5 2 20 15 9 8 10 14 17 16 3 7 11 12 
student 73: 10 20 4 19 15 2 8 7 13 9 14 6 3 16 18 17 11 12 1 5 
student 74: 20 11 10 7 12 3 2 4 18 8 15 5 13 19 17 14 6 16 1 9 
student 75: 17 15 5 4 20 8 10 3 19 6 7 2 1 13 16 18 12 9 14 11 
student 76: 15 12 8 3 14 1 18 4 20 2 16 13 6 9 17 19 10 7 5 11 
student 77: 17 16 2 5 18 4 9 1 20 6 10 14 3 19 12 15 8 11 7 13 
student 78: 20 7 2 13 17 5 12 10 15 8 4 11 3 18 19 14 9 6 16 1 
student 79: 17 20 6 2 10 1 16 7 19 5 15 8 4 18 14 11 3 13 12 9 
student 80: 18 16 7 6 15 2 11 8 19 5 17 4 1 10 20 3 14 12 9 13 
student 81: 20 15 3 8 10 1 6 4 19 13 9 17 2 16 18 5 12 11 7 14 
student 82: 20 8 5 9 12 3 1 2 13 10 19 7 18 15 11 16 6 4 14 17 
student 83: 20 12 3 5 13 1 10 4 19 2 14 11 6 16 18 15 8 7 9 17 
student 84: 13 6 4 8 14 1 11 9 19 7 3 18 5 15 17 12 16 20 10 2 
student 85: 19 13 5 3 14 1 15 4 20 8 11 6 2 17 16 18 10 9 7 12 
student 86: 19 14 7 8 18 1 17 4 15 3 9 13 2 6 20 16 12 11 5 10 
student 87: 20 10 3 1 9 5 18 4 19 11 7 16 12 14 17 15 6 2 8 13 
student 88: 20 8 3 10 18 5 14 16 13 12 17 4 2 9 19 15 6 1 7 11 
student 89: 17 15 2 9 20 6 7 1 19 3 16 12 8 11 18 10 13 4 5 14 
student 90: 20 13 5 1 11 3 7 4 19 8 14 10 9 17 15 16 18 2 6 12 
student 91: 11 12 5 6 16 1 10 8 17 9 18 13 2 20 19 14 15 3 7 4 
student 92: 20 5 7 10 17 2 4 3 9 8 15 18 1 14 19 16 12 13 11 6 
student 93: 20 14 3 8 15 2 11 7 19 6 17 12 1 16 13 18 5 9 4 10 
student 94: 18 11 6 4 17 1 12 5 20 10 13 9 3 14 16 15 2 7 8 19 
student 95: 17 20 2 4 19 7 11 3 12 13 14 15 1 9 10 16 8 6 18 5 
student 96: 19 12 1 3 18 6 10 8 16 9 13 14 7 11 20 17 4 5 2 15 
student 97: 20 11 7 2 16 3 10 1 18 8 13 12 4 15 19 14 5 9 6 17 
student 98: 19 8 1 11 13 10 9 3 16 7 18 14 5 20 17 4 12 6 2 15 
student 99: 14 11 9 6 17 2 4 5 16 1 13 10 7 18 19 20 12 8 3 15 
student 100: 18 15 4 5 12 1 14 3 20 10 9 7 2 19 17 8 13 11 6 16 
student 101: 10 7 8 4 13 1 18 15 20 17 11 5 2 14 16 12 3 19 9 6 
student 102: 20 15 3 2 17 1 6 5 19 12 16 11 9 8 14 18 13 7 10 4 
student 103: 13 17 4 5 19 2 16 3 20 1 12 6 8 15 11 18 7 10 14 9 
student 104: 11 7 2 4 18 16 14 1 13 10 15 8 3 17 20 19 9 5 6 12 
student 105: 16 12 2 5 18 1 8 9 17 6 20 14 3 13 19 15 10 4 7 11 
student 106: 20 10 15 18 14 4 9 1 13 7 11 17 5 12 19 16 6 8 2 3 
student 107: 20 10 5 1 11 2 8 4 15 14 9 16 12 18 19 13 17 3 7 6 
student 108: 19 13 3 2 17 1 14 4 16 7 11 12 8 20 18 15 6 10 9 5 
student 109: 15 7 8 9 16 6 12 2 17 5 10 11 1 20 18 19 3 4 14 13 
student 110: 18 17 5 6 19 1 11 3 20 2 7 9 4 10 16 13 8 14 12 15 
student 111: 13 14 9 2 18 3 16 4 19 1 7 5 8 10 15 12 17 11 6 20 
student 112: 13 19 8 15 9 5 2 4 10 14 7 11 1 20 18 12 16 3 6 17 
student 113: 20 8 3 4 17 1 7 5 19 10 13 11 2 16 14 15 9 18 6 12 
student 114: 20 12 3 4 16 1 13 6 19 10 2 9 5 14 18 15 17 8 7 11 
student 115: 20 10 2 1 15 4 6 16 8 11 18 12 3 13 17 19 7 14 5 9 
student 116: 19 10 4 2 16 7 14 12 17 8 15 11 1 6 13 18 5 3 9 20 
student 117: 20 13 8 2 17 10 14 5 19 7 15 11 3 18 16 12 9 1 4 6 
student 118: 20 3 9 7 13 2 5 1 18 10 12 14 8 15 17 19 11 16 4 6 
student 119: 15 5 4 9 18 11 7 1 20 12 6 17 10 8 16 14 3 2 19 13 
student 120: 13 9 14 7 15 3 2 1 18 11 20 10 4 17 16 19 8 6 5 12 
student 121: 16 2 20 7 17 8 13 3 18 5 14 6 1 10 19 12 4 11 9 15 
student 122: 20 14 6 11 19 5 9 1 16 10 3 7 8 12 17 13 15 4 2 18 
student 123: 18 13 1 6 16 3 4 2 12 10 7 20 5 17 14 19 11 8 9 15 
student 124: 15 13 3 16 19 1 5 7 14 8 18 9 2 17 20 12 6 4 10 11 
student 125: 19 11 1 5 17 2 18 8 16 4 15 9 3 13 10 14 12 7 6 20 
student 126: 18 9 1 12 20 5 10 8 14 6 7 15 3 19 13 17 11 16 2 4 
student 127: 20 11 2 3 17 1 8 14 19 12 18 10 5 16 13 15 9 4 6 7 
student 128: 19 16 4 8 17 10 9 1 18 6 3 11 12 5 20 15 7 14 2 13 
student 129: 13 15 5 6 17 2 8 7 18 19 20 14 1 12 10 16 9 4 3 11 
student 130: 17 15 4 1 20 10 5 11 18 2 3 14 6 16 13 19 12 7 9 8 
student 131: 11 18 5 16 19 1 14 2 10 4 8 12 3 20 9 15 6 13 7 17 
student 132: 12 18 2 19 7 5 11 1 20 3 14 17 6 15 8 13 4 10 16 9 
student 133: 20 8 6 16 19 1 2 7 17 11 12 5 4 14 18 13 9 3 10 15 
student 134: 20 15 2 10 6 12 17 9 18 1 16 14 3 4 8 19 7 13 5 11 
student 135: 14 11 3 4 13 2 9 7 20 8 16 10 1 19 18 12 15 5 17 6 
student 136: 20 15 7 9 17 2 10 11 19 8 12 14 3 18 13 16 6 1 5 4 
student 137: 20 5 6 14 16 2 13 3 17 7 15 4 1 9 18 19 11 8 10 12 
student 138: 20 1 6 9 16 2 5 10 18 13 17 12 4 11 19 15 14 3 7 8 
student 139: 17 18 1 9 20 3 19 10 8 7 16 4 5 13 15 12 14 6 2 11 
student 140: 16 17 1 2 20 7 6 10 18 13 14 8 5 15 12 9 11 4 3 19 
student 141: 17 14 3 2 16 7 11 13 9 8 10 20 1 18 12 15 6 4 5 19 
student 142: 19 15 1 8 18 2 20 5 16 7 12 9 6 11 17 13 10 14 3 4 
student 143: 15 13 11 9 14 2 17 3 18 4 10 7 1 16 19 20 12 6 8 5 
student 144: 10 13 6 7 8 1 12 2 16 9 14 5 3 15 19 20 11 18 17 4 
student 145: 19 5 3 6 16 7 1 11 18 13 15 14 2 10 20 17 12 8 9 4 
student 146: 14 8 2 5 10 7 16 9 20 1 6 12 3 17 19 15 13 4 11 18 
student 147: 19 17 1 6 11 3 15 5 20 8 18 14 2 12 16 13 9 7 10 4 
student 148: 19 6 9 10 20 3 1 4 12 13 15 18 2 14 16 7 11 5 8 17 
student 149: 14 8 5 1 20 16 3 2 19 7 15 18 6 11 17 12 13 4 10 9 
student 150: 19 11 7 9 16 5 6 10 20 3 13 12 1 8 17 15 14 4 2 18 
student 151: 20 12 8 4 19 2 6 14 15 3 11 16 1 18 13 7 5 9 10 17 
student 152: 20 18 1 3 16 2 12 4 17 6 11 15 5 13 19 10 9 7 8 14 
student 153: 20 15 3 1 17 2 11 7 14 6 10 8 4 18 19 16 9 5 12 13 
student 154: 18 8 1 3 17 4 10 2 20 9 14 15 5 19 12 16 7 11 13 6 
student 155: 19 14 1 12 11 2 13 4 20 5 3 10 6 16 15 17 9 8 7 18 
student 156: 17 15 5 10 19 1 3 7 18 12 13 11 2 4 14 16 9 8 6 20 
student 157: 13 19 10 2 17 4 11 1 16 7 12 8 5 18 20 15 6 9 3 14 
student 158: 20 16 5 2 11 3 9 6 17 4 10 8 1 12 13 19 14 7 18 15 
student 159: 19 15 10 2 13 1 6 5 20 12 16 14 3 7 18 17 4 8 9 11 
student 160: 15 19 3 16 20 5 8 7 18 10 11 6 2 17 9 4 1 12 13 14 
student 161: 18 13 7 8 17 6 9 5 20 12 10 15 3 16 19 1 2 11 14 4 
student 162: 20 14 2 5 17 1 8 15 19 3 16 12 9 11 18 13 7 6 4 10 
student 163: 17 15 3 9 18 8 19 5 14 2 7 6 1 20 16 13 12 4 11 10 
student 164: 17 19 8 3 15 7 16 1 20 5 9 11 4 10 14 12 18 13 2 6 
student 165: 19 16 12 7 15 3 11 2 20 17 9 8 5 13 18 14 6 4 10 1 
student 166: 9 11 3 15 19 4 10 1 20 2 13 18 5 17 7 16 14 6 8 12 
student 167: 19 13 2 10 6 8 5 3 20 11 14 17 1 9 18 16 15 4 7 12 
student 168: 18 17 13 3 11 8 5 15 20 4 19 7 1 2 12 10 16 9 6 14 
student 169: 20 19 2 5 18 1 12 10 17 9 13 11 4 16 15 14 8 3 7 6 
student 170: 13 17 2 8 20 3 5 12 19 6 11 16 1 9 18 14 10 7 4 15 
student 171: 19 12 4 3 20 2 9 6 14 5 16 8 1 15 18 17 13 7 10 11 
student 172: 18 12 2 14 10 3 19 6 16 1 13 4 11 17 15 9 7 5 8 20 
student 173: 20 12 6 9 18 5 14 8 17 3 10 4 1 16 15 19 7 11 2 13 
student 174: 20 14 1 2 18 6 16 8 13 5 15 12 7 17 19 9 10 3 4 11 
student 175: 16 8 5 4 14 2 18 17 19 9 11 13 1 12 20 15 6 7 3 10 
student 176: 17 11 3 5 12 1 9 4 18 2 16 13 7 19 14 15 8 10 6 20 
student 177: 18 16 4 5 14 3 15 9 10 7 6 20 2 19 17 11 8 12 1 13 
student 178: 17 8 1 7 14 3 16 10 15 2 5 9 6 13 19 20 11 12 18 4 
student 179: 17 7 3 4 16 1 9 2 19 6 11 15 5 8 18 13 20 14 10 12 
student 180: 15 4 7 3 16 5 10 2 20 8 18 19 6 14 17 11 13 9 1 12 
student 181: 20 13 9 5 18 4 8 1 19 6 7 12 11 17 14 10 3 16 2 15 
student 182: 16 15 8 9 17 3 10 7 20 4 13 12 1 14 19 18 6 2 5 11 
student 183: 19 13 4 7 16 1 11 6 14 18 9 12 3 17 20 15 2 8 5 10 
student 184: 18 17 1 2 12 3 8 7 19 6 14 13 5 9 16 20 15 10 4 11 
student 185: 5 14 2 4 19 3 15 6 20 8 16 17 1 9 18 13 12 7 10 11 
student 186: 10 15 8 18 13 1 17 6 19 4 7 14 2 16 20 9 5 12 3 11 
student 187: 14 15 3 1 16 8 11 4 18 6 9 7 2 17 19 20 12 5 10 13 
student 188: 20 14 8 5 13 1 12 6 19 7 16 4 3 10 18 17 15 11 9 2 
student 189: 19 13 2 1 12 6 11 5 20 3 4 18 9 15 16 14 17 7 10 8 
student 190: 17 9 8 3 15 4 5 2 18 19 7 6 1 20 13 14 16 10 12 11 
student 191: 15 12 6 13 20 8 4 2 19 5 16 11 1 18 14 17 9 10 3 7 
student 192: 11 9 6 8 20 1 16 2 15 12 18 7 3 19 14 10 13 4 5 17 
student 193: 14 11 6 18 13 2 12 7 19 3 20 9 5 15 16 17 8 10 1 4 
student 194: 20 10 4 5 14 2 16 6 18 1 13 17 3 12 19 15 9 8 7 11 
student 195: 16 14 9 5 13 1 11 4 8 17 19 12 2 20 15 18 10 6 3 7 
student 196: 16 8 3 5 15 1 7 4 20 19 14 11 6 17 18 13 2 9 10 12 
student 197: 19 13 7 8 14 2 9 6 16 18 20 10 5 17 12 15 4 1 3 11 
student 198: 8 20 5 7 19 4 3 9 15 11 13 10 6 16 18 17 14 12 1 2 
student 199: 19 6 3 1 18 4 13 9 20 7 11 16 5 15 17 12 10 2 8 14 
student 200: 16 9 3 20 18 2 5 8 15 12 11 4 10 14 17 13 1 19 6 7 
student 201: 20 9 8 4 19 2 11 3 18 1 6 13 5 12 16 15 14 10 7 17 
student 202: 12 17 1 11 19 8 14 4 20 5 6 15 10 18 16 9 7 2 3 13 
student 203: 14 17 11 19 7 15 6 2 20 4 9 16 8 18 1 5 12 10 3 13 
student 204: 16 15 2 4 19 1 7 6 20 8 10 11 3 12 17 14 9 13 5 18 
student 205: 14 2 5 16 13 4 11 8 19 7 9 3 6 15 10 12 17 18 1 20 
student 206: 18 14 1 19 15 3 8 7 16 9 17 10 2 11 20 13 6 5 4 12 
student 207: 18 12 9 14 11 3 5 2 1 19 13 20 7 17 16 15 10 4 6 8 
student 208: 13 17 3 7 11 4 9 1 19 5 16 12 2 18 10 20 8 6 14 15 
student 209: 18 10 8 5 20 2 11 7 19 3 14 12 6 13 16 15 4 9 1 17 
student 210: 19 13 2 9 20 3 8 11 18 5 6 16 1 12 17 14 10 7 4 15 
student 211: 20 3 1 6 19 4 13 5 12 11 17 14 2 18 7 16 8 15 10 9 
student 212: 9 15 4 6 14 5 19 12 20 8 10 13 16 17 18 11 1 2 3 7 
student 213: 18 8 6 2 16 10 15 1 19 5 7 20 4 17 13 14 12 9 11 3 
student 214: 13 16 2 4 18 1 7 6 19 8 17 9 3 12 20 10 11 14 5 15 
student 215: 18 14 10 15 17 1 9 2 20 4 16 11 8 12 19 13 5 6 3 7 
student 216: 17 11 2 1 19 4 18 8 16 12 20 10 3 13 7 14 5 6 15 9 
student 217: 19 15 3 11 17 5 7 9 20 6 8 10 2 16 18 14 12 1 4 13 
student 218: 17 9 1 10 20 3 12 2 16 14 15 6 11 19 13 18 5 8 4 7 
student 219: 6 13 10 8 9 1 7 4 20 3 17 15 2 12 19 18 16 11 14 5 
student 220: 20 3 9 8 18 2 15 1 16 4 12 7 5 14 19 17 6 10 13 11 
student 221: 14 17 4 8 19 7 15 6 16 11 20 10 1 12 18 13 2 9 5 3 
student 222: 15 9 11 4 12 2 8 1 20 7 10 19 3 17 18 16 13 6 5 14 
student 223: 17 15 9 2 5 1 14 7 19 12 20 18 6 16 13 11 3 10 4 8 
student 224: 20 18 3 2 16 1 10 5 19 6 12 11 4 9 14 15 17 7 8 13 
student 225: 16 20 11 1 15 2 6 5 19 12 18 7 4 10 14 17 13 8 3 9 
student 226: 19 15 4 3 17 2 12 10 20 7 18 11 1 5 9 13 14 16 8 6 
student 227: 14 6 2 5 19 1 7 3 20 17 16 8 18 10 12 9 13 11 4 15 
student 228: 16 12 9 11 13 2 5 3 18 4 6 15 1 20 17 19 7 14 8 10 
student 229: 19 8 1 3 14 13 11 2 20 4 16 15 7 18 17 10 6 5 9 12 
student 230: 18 7 6 2 17 3 11 1 13 4 16 12 9 14 20 19 8 10 15 5 
student 231: 8 17 4 16 13 2 7 9 20 1 11 10 6 12 19 18 3 15 5 14 
student 232: 19 13 6 4 20 5 2 8 18 1 12 17 7 14 16 15 10 9 3 11 
student 233: 20 7 4 9 11 1 8 5 16 10 18 14 3 19 17 15 13 12 2 6 
student 234: 16 10 4 8 1 3 9 5 13 15 18 17 2 14 19 20 11 7 12 6 
student 235: 17 9 4 13 12 5 14 7 19 18 10 11 1 20 15 16 2 8 6 3 
student 236: 18 4 1 13 5 3 16 10 20 6 19 9 8 17 15 14 11 2 12 7 
student 237: 20 19 4 5 14 1 10 8 16 15 18 7 2 11 13 12 6 9 3 17 
student 238: 18 13 8 1 17 2 12 6 19 3 15 16 5 10 14 20 9 7 4 11 
student 239: 14 15 4 1 11 2 5 3 18 7 17 20 8 9 13 19 12 10 6 16 
student 240: 15 7 6 3 17 5 10 1 20 14 19 11 2 12 18 13 8 4 9 16 
student 241: 20 10 1 6 13 3 7 8 17 9 19 11 5 14 16 18 15 4 2 12 
student 242: 14 20 6 4 11 1 13 3 19 9 10 8 2 12 17 16 18 7 5 15 
student 243: 20 7 3 13 11 2 10 4 18 14 19 12 1 16 15 9 5 6 8 17 
student 244: 16 14 5 7 15 1 6 2 20 10 13 17 3 9 12 18 11 4 19 8 
student 245: 12 4 1 6 9 3 14 15 16 7 19 2 5 17 20 11 10 8 13 18 
student 246: 14 12 2 3 8 9 4 7 19 6 18 17 1 13 20 10 11 16 5 15 
student 247: 6 12 3 2 19 4 13 5 20 16 18 11 10 14 15 17 1 7 9 8 
student 248: 17 18 2 11 15 3 19 5 20 9 14 10 1 8 16 4 6 12 13 7 
student 249: 18 11 8 2 17 16 15 6 13 3 14 1 9 12 20 19 5 4 7 10 
student 250: 19 14 5 1 12 3 16 7 20 4 13 6 2 9 15 17 18 10 8 11 
student 251: 19 10 1 6 18 9 14 2 20 4 12 11 8 3 16 17 5 13 7 15 
student 252: 20 11 1 6 17 2 10 3 18 7 14 15 4 19 12 8 13 16 9 5 
student 253: 19 10 7 2 13 4 12 3 17 9 14 6 1 5 16 20 11 8 18 15 
student 254: 18 16 2 1 14 5 15 10 20 11 7 19 12 8 17 9 13 4 3 6 
student 255: 20 9 8 2 19 5 10 3 17 12 18 11 7 14 16 15 4 13 1 6 
student 256: 19 14 9 6 20 2 11 5 17 12 18 8 7 15 10 13 16 4 1 3 
student 257: 16 15 2 6 14 7 8 5 17 10 9 19 3 20 18 12 11 4 1 13 
student 258: 13 8 5 1 11 9 16 4 15 10 20 17 3 19 14 2 7 12 6 18 
student 259: 20 16 4 1 12 2 3 5 19 7 18 6 8 11 15 9 14 10 13 17 
student 260: 14 6 7 4 13 3 8 2 18 1 16 5 9 12 19 15 17 11 10 20 
student 261: 5 10 7 2 6 1 14 4 19 8 16 3 13 20 18 15 17 9 11 12 
student 262: 14 19 3 6 11 1 2 8 20 5 12 17 4 10 16 18 9 15 7 13 
student 263: 15 19 5 8 20 2 14 4 16 10 6 7 1 12 18 9 11 13 3 17 
student 264: 13 20 12 3 7 1 4 6 16 5 11 10 2 17 15 19 18 14 9 8 
student 265: 18 9 2 6 16 17 4 8 20 7 14 15 3 10 13 19 5 12 1 11 
student 266: 20 6 2 5 16 1 14 4 17 13 11 15 3 19 18 12 10 8 9 7 
student 267: 19 12 1 7 18 2 8 3 17 20 13 11 4 6 16 14 15 10 5 9 
student 268: 15 13 2 7 17 1 16 6 20 3 18 9 14 11 19 12 10 4 5 8 
student 269: 16 17 9 3 13 7 11 6 20 12 10 8 2 19 14 15 18 1 4 5 
student 270: 16 13 5 6 18 2 12 3 20 7 11 10 4 15 19 17 8 1 9 14 
student 271: 17 18 1 11 19 12 2 5 20 8 10 15 4 7 16 13 3 14 6 9 
student 272: 18 9 5 2 14 7 10 1 19 6 20 13 4 12 15 11 3 8 16 17 
student 273: 20 12 7 6 11 2 4 19 17 13 14 8 3 16 9 15 1 18 5 10 
student 274: 20 14 10 11 19 2 8 9 17 1 15 12 4 13 18 16 6 3 5 7 
student 275: 18 12 11 1 17 13 10 2 14 16 20 8 7 9 19 15 4 6 5 3 
student 276: 17 13 2 14 15 1 9 3 20 8 18 12 5 19 11 16 7 6 4 10 
student 277: 12 10 1 4 15 9 7 3 18 11 8 16 2 20 19 17 14 5 6 13 
student 278: 19 4 3 8 16 2 6 5 15 13 10 20 9 12 17 14 11 1 7 18 
student 279: 15 20 3 4 19 1 8 7 18 16 14 9 2 12 11 13 6 5 10 17 
student 280: 20 11 8 1 19 2 14 7 18 5 12 6 4 10 15 17 13 9 3 16 
student 281: 14 11 2 6 18 3 9 1 20 10 17 13 4 19 16 15 8 7 5 12 
student 282: 12 11 6 2 18 5 7 14 20 15 13 3 1 19 16 17 10 4 8 9 
student 283: 14 12 1 16 2 4 19 7 20 6 15 10 5 17 11 18 9 3 8 13 
student 284: 19 17 5 4 20 1 12 11 8 2 16 6 13 7 18 15 3 10 9 14 
student 285: 8 19 3 4 17 6 7 5 15 11 18 9 1 16 20 10 2 14 12 13 
student 286: 17 15 1 5 12 2 6 3 20 7 9 14 10 18 16 19 13 4 8 11 
student 287: 17 10 1 5 16 8 14 7 20 3 15 11 13 9 18 6 19 4 12 2 
student 288: 15 18 5 8 20 1 6 3 10 12 7 16 2 17 14 13 19 11 9 4 
student 289: 16 10 4 6 17 2 14 7 19 13 11 9 1 18 20 3 8 5 12 15 
student 290: 20 16 10 1 11 2 3 8 14 12 9 5 6 17 19 18 13 7 4 15 
student 291: 18 11 8 1 14 6 19 3 20 9 12 17 5 13 15 16 10 7 2 4 
student 292: 8 14 3 17 15 5 12 6 20 19 9 10 13 18 16 11 1 4 2 7 
student 293: 15 7 9 5 16 1 12 17 20 11 10 2 8 13 18 19 6 4 3 14 
student 294: 17 7 1 3 18 4 8 6 20 11 14 12 5 13 19 16 9 2 10 15 
student 295: 18 2 1 10 16 8 3 4 14 13 9 15 5 20 17 19 11 7 12 6 
student 296: 18 10 3 14 17 4 7 12 20 8 15 2 1 13 19 16 9 5 6 11 
student 297: 13 10 1 2 19 5 14 6 15 4 12 11 3 18 16 20 17 8 9 7 
student 298: 20 12 7 6 17 5 18 1 13 3 14 4 2 19 11 16 15 9 8 10 
student 299: 19 9 4 13 8 3 1 6 15 5 20 10 2 17 12 18 7 16 11 14 
student 300: 14 17 1 3 20 2 9 4 19 7 11 10 8 18 15 6 16 13 5 12 
student 301: 18 17 5 11 19 4 9 14 13 8 12 10 2 16 20 15 6 3 1 7 
student 302: 18 16 4 3 13 2 6 12 14 20 19 5 8 17 10 11 1 7 9 15 
student 303: 19 13 4 1 16 2 6 3 20 9 11 14 5 17 18 15 10 7 12 8 
student 304: 19 11 9 12 5 3 8 1 13 16 10 15 7 14 17 4 2 18 6 20 
student 305: 20 13 1 3 17 2 9 6 19 8 12 14 5 15 16 18 4 11 7 10 
student 306: 17 7 3 5 18 4 10 14 20 8 16 11 2 19 13 12 15 6 9 1 
student 307: 12 16 8 11 3 7 13 6 20 5 10 18 4 19 17 9 1 14 2 15 
student 308: 18 9 6 11 12 1 15 4 20 8 17 10 3 13 14 19 16 2 5 7 
student 309: 19 14 10 2 20 5 8 1 18 15 12 17 9 6 16 7 11 13 4 3 
student 310: 12 18 3 7 17 1 10 8 20 4 13 15 5 16 19 11 9 2 6 14 
student 311: 18 15 2 4 19 7 11 6 12 16 13 1 5 17 20 14 10 3 8 9 
student 312: 17 18 7 8 15 1 16 2 19 13 11 12 5 9 20 14 4 6 3 10 
student 313: 16 13 2 6 7 3 8 1 18 10 17 11 5 12 20 15 19 9 4 14 
student 314: 18 1 3 11 20 7 6 2 16 17 15 12 5 13 19 14 9 8 4 10 
student 315: 16 14 5 6 18 1 8 3 20 13 17 10 9 15 19 11 7 2 4 12 
student 316: 18 10 9 6 15 1 14 8 20 4 5 11 7 12 16 17 19 13 2 3 
student 317: 17 14 10 5 15 3 6 1 20 9 12 11 4 13 16 19 2 8 7 18 
student 318: 15 8 3 16 12 2 18 4 19 13 10 14 1 5 20 17 7 6 9 11 
student 319: 19 11 1 3 17 7 4 6 18 5 14 12 2 8 9 20 10 15 13 16 
student 320: 18 11 19 3 17 1 9 7 14 4 13 6 2 15 20 12 8 10 5 16 
student 321: 12 16 6 2 8 1 18 9 20 13 19 7 4 15 17 14 10 5 3 11 
student 322: 17 11 5 2 8 3 18 4 12 10 19 13 1 16 15 20 14 6 9 7 
student 323: 17 15 1 7 19 3 9 2 20 5 12 10 11 14 16 13 6 18 4 8 
student 324: 14 11 6 1 20 3 12 2 18 8 13 17 4 10 16 19 9 5 15 7 
student 325: 19 13 12 7 11 9 6 3 18 5 15 16 1 17 20 10 4 8 2 14 
student 326: 17 19 1 3 20 4 9 10 14 5 16 12 2 15 13 18 6 8 7 11 
student 327: 17 4 1 2 20 5 7 3 16 11 14 12 8 19 15 18 9 13 6 10 
student 328: 19 17 5 10 16 6 9 2 18 11 20 12 1 7 14 15 4 13 8 3 
student 329: 20 15 8 5 18 2 11 7 14 1 16 6 10 17 13 19 4 3 9 12 
student 330: 12 8 5 3 20 1 16 2 19 7 13 9 4 11 10 6 18 17 15 14 
student 331: 17 11 5 2 15 4 7 6 19 3 18 10 1 14 16 20 12 13 8 9 
student 332: 16 19 1 13 14 2 4 8 11 10 20 9 3 18 17 15 7 5 6 12 
student 333: 19 7 15 2 18 6 8 1 13 16 10 11 5 9 12 17 3 14 4 20 
student 334: 10 2 5 6 16 8 12 1 14 9 15 18 3 17 19 20 4 11 7 13 
student 335: 16 19 6 3 18 5 10 9 20 1 12 11 2 14 17 15 13 8 4 7 
student 336: 20 5 6 2 19 8 4 9 17 13 16 3 1 7 18 15 11 14 10 12 
student 337: 18 8 3 7 19 1 15 11 17 9 12 13 4 16 20 14 2 10 5 6 
student 338: 14 11 13 6 19 1 8 2 17 4 16 7 5 15 10 18 9 12 3 20 
student 339: 16 15 5 6 12 1 20 9 19 10 18 8 3 2 13 11 4 17 7 14 
student 340: 13 14 4 7 19 1 16 12 20 8 17 15 3 18 11 9 6 2 5 10 
student 341: 20 13 2 9 16 1 10 7 19 3 18 11 4 12 5 15 8 14 6 17 
student 342: 17 7 18 13 19 1 8 9 20 4 10 12 2 14 6 15 3 11 16 5 
student 343: 17 15 4 5 12 2 10 9 13 1 14 16 3 19 20 18 8 7 6 11 
student 344: 5 10 7 2 18 1 14 13 19 9 17 15 6 16 4 20 11 8 3 12 
student 345: 17 9 4 1 15 6 10 7 19 14 11 13 2 20 18 16 3 5 12 8 
student 346: 16 10 5 3 11 6 14 2 18 13 12 1 4 20 17 9 8 15 7 19 
student 347: 15 1 9 3 6 14 8 2 19 12 7 10 5 20 17 16 11 13 4 18 
student 348: 16 20 1 7 18 2 19 9 10 6 13 11 5 17 12 14 15 4 3 8 
student 349: 14 15 4 7 13 1 10 3 19 6 11 9 2 20 17 12 18 16 5 8 
student 350: 15 10 2 3 20 5 9 13 17 8 19 16 1 11 18 14 7 12 4 6 
student 351: 15 12 5 1 20 7 6 13 14 4 8 16 2 17 11 18 9 10 3 19 
student 352: 17 16 3 1 19 15 7 4 20 5 9 11 2 6 12 13 14 18 8 10 
student 353: 18 19 7 2 16 3 11 4 20 17 13 12 14 10 15 9 5 8 1 6 
student 354: 5 11 2 12 20 1 6 10 8 4 16 19 3 17 18 14 7 15 13 9 
student 355: 19 8 6 7 9 1 10 4 20 18 15 5 2 17 16 11 12 3 14 13 
student 356: 19 15 5 3 17 4 8 2 20 10 11 1 6 12 18 16 13 7 9 14 
student 357: 17 11 1 13 18 2 20 3 19 6 14 9 5 10 16 15 7 8 4 12 
student 358: 18 16 6 9 19 1 5 2 17 4 8 20 7 13 14 15 12 3 11 10 
student 359: 20 16 3 19 17 8 4 15 14 9 18 13 2 5 1 10 11 7 6 12 
student 360: 13 5 1 4 20 2 6 3 15 12 16 9 11 19 17 18 8 7 10 14 
student 361: 15 5 7 13 16 6 10 3 17 14 11 9 1 19 20 18 2 4 8 12 
student 362: 20 10 5 11 18 2 17 9 19 4 15 8 1 13 14 16 6 7 3 12 
student 363: 20 10 1 2 16 17 8 4 12 5 19 15 3 6 18 11 13 7 9 14 
student 364: 14 19 9 11 20 1 12 6 15 3 18 13 7 17 8 10 2 16 5 4 
student 365: 12 9 3 11 20 1 2 6 13 7 14 10 4 19 15 16 18 8 17 5 
student 366: 17 9 12 2 15 3 16 4 20 7 5 6 1 13 19 18 14 8 10 11 
student 367: 20 5 7 8 12 1 2 4 19 11 15 14 9 16 18 17 6 3 10 13 
student 368: 18 9 5 7 10 3 12 4 20 8 13 17 2 11 14 19 16 6 1 15 
student 369: 18 16 2 7 10 5 11 1 13 6 12 15 4 17 9 20 14 19 3 8 
student 370: 16 7 5 6 15 3 9 1 20 2 18 17 10 4 19 13 12 11 8 14 
student 371: 19 8 11 7 18 2 17 3 16 1 13 12 4 9 14 20 10 5 6 15 
student 372: 19 11 4 1 20 3 12 5 17 9 16 13 6 10 18 15 7 8 2 14 
student 373: 20 14 8 1 15 2 10 7 12 4 18 19 6 16 17 11 9 5 3 13 
student 374: 6 14 3 4 20 2 9 8 18 7 19 10 1 17 13 15 11 16 5 12 
student 375: 7 9 1 2 19 4 12 3 14 5 17 15 11 13 20 18 10 8 16 6 
student 376: 19 12 2 8 13 1 15 3 17 16 10 11 4 14 20 18 7 5 6 9 
student 377: 16 14 8 7 6 3 15 20 18 11 10 5 4 19 12 17 13 9 2 1 
student 378: 20 18 3 1 10 2 5 12 19 15 11 17 9 13 14 6 4 8 7 16 
student 379: 15 17 8 6 18 5 13 16 20 1 7 11 3 14 19 12 10 9 2 4 
student 380: 20 10 6 4 17 7 11 9 18 1 13 12 3 14 15 16 19 2 5 8 
student 381: 20 15 12 3 19 5 10 8 4 6 18 13 1 7 14 17 16 11 9 2 
student 382: 20 14 3 10 15 7 19 4 17 9 11 1 2 6 18 13 8 5 12 16 
student 383: 19 14 4 5 11 1 13 2 15 8 17 9 3 18 16 20 12 10 6 7 
student 384: 17 20 5 1 8 3 12 2 19 13 9 18 4 16 14 10 11 7 6 15 
student 385: 18 4 3 11 13 1 9 6 19 5 17 14 2 15 16 20 8 10 7 12 
student 386: 20 2 3 16 14 5 8 4 19 9 13 11 1 18 15 17 7 12 6 10 
student 387: 16 13 2 3 14 5 11 8 20 1 17 6 7 12 18 15 9 10 4 19 
student 388: 16 7 8 2 18 1 6 4 14 12 15 13 10 19 17 20 9 5 11 3 
student 389: 14 13 1 6 17 3 8 7 16 2 15 10 4 11 18 12 19 5 20 9 
student 390: 20 11 3 4 7 13 17 1 19 12 14 10 2 15 18 16 9 6 5 8 
student 391: 17 9 19 1 20 5 4 10 15 2 16 14 6 12 7 18 13 3 8 11 
student 392: 18 14 9 2 12 3 8 1 20 13 17 10 5 19 15 11 6 7 4 16 
student 393: 15 20 5 4 14 1 6 7 19 8 12 17 2 13 18 16 9 10 3 11 
student 394: 19 12 7 4 15 6 11 1 20 5 16 13 2 17 18 14 8 10 3 9 
student 395: 19 9 6 7 16 1 5 2 20 8 14 18 4 10 17 13 12 15 3 11 
student 396: 16 15 9 5 18 2 3 7 17 10 12 13 1 19 11 20 14 6 4 8 
student 397: 19 8 2 3 18 1 10 5 20 4 13 14 6 17 15 16 9 7 12 11 
student 398: 18 17 2 6 7 1 11 5 19 4 15 12 3 13 14 20 10 9 8 16 
student 399: 18 14 6 5 19 2 16 4 20 11 12 9 3 17 15 10 7 13 1 8 
student 400: 20 13 1 2 16 4 9 5 17 3 11 14 12 15 19 7 8 10 6 18 
student 401: 19 6 7 2 17 8 3 1 18 5 11 14 4 15 20 16 12 13 9 10 
student 402: 11 6 3 18 15 1 4 8 13 2 16 10 7 20 14 12 5 17 9 19 
student 403: 20 13 6 8 15 3 5 19 18 2 7 12 1 10 17 16 11 4 14 9 
student 404: 20 11 10 7 18 2 16 3 15 6 14 13 4 12 19 17 5 8 1 9 
student 405: 18 20 5 6 16 2 17 3 11 7 12 13 1 14 19 15 4 9 8 10 
student 406: 11 14 1 3 15 6 17 9 20 2 16 13 8 10 19 18 4 7 12 5 
student 407: 14 13 11 5 10 3 8 6 20 4 18 12 2 16 19 17 15 9 1 7 
student 408: 17 6 9 7 12 1 15 13 10 5 19 8 3 14 20 16 4 11 2 18 
student 409: 15 12 4 8 17 3 5 2 20 10 14 9 1 13 19 18 11 7 6 16 
student 410: 13 11 2 1 17 6 9 8 19 4 15 14 7 18 20 16 10 5 3 12 
student 411: 17 19 2 13 7 6 9 3 18 4 15 11 1 20 16 12 14 8 5 10 
student 412: 15 12 11 20 18 4 5 2 16 7 14 13 3 8 19 17 9 1 6 10 
student 413: 19 14 4 5 12 11 8 3 17 2 20 15 1 10 18 16 9 7 6 13 
student 414: 15 20 8 4 14 2 7 10 18 9 19 17 1 13 11 12 6 3 5 16 
student 415: 19 18 10 6 20 3 7 9 16 1 15 12 5 2 17 14 13 8 4 11 
student 416: 17 9 7 4 12 6 13 2 18 10 16 5 1 11 15 14 20 3 8 19 
student 417: 14 20 11 2 16 4 8 12 19 7 13 17 1 18 15 10 6 9 3 5 
student 418: 14 11 2 4 13 5 1 7 17 10 19 20 3 18 15 12 9 8 6 16 
student 419: 14 9 7 5 13 2 11 6 19 8 16 18 1 17 20 3 10 12 4 15 
student 420: 20 3 9 15 18 2 13 1 17 12 14 10 6 11 19 16 8 7 4 5 
student 421: 18 7 1 8 16 4 17 5 19 3 15 10 12 20 14 13 9 2 6 11 
student 422: 19 11 4 17 13 3 7 10 15 6 14 9 1 16 20 18 5 8 2 12 
student 423: 20 19 4 3 14 9 17 6 12 16 15 5 1 18 10 13 2 7 11 8 
student 424: 20 15 7 19 17 2 12 1 18 5 13 8 4 6 11 10 14 9 3 16 
student 425: 18 10 6 4 16 2 12 1 19 7 11 17 5 9 13 20 14 15 3 8 
student 426: 17 10 8 1 15 3 12 5 16 13 14 11 7 18 20 19 2 9 6 4 
student 427: 20 13 2 5 16 4 8 3 19 12 10 17 1 18 9 14 15 7 6 11 
student 428: 14 12 4 5 17 3 9 2 19 10 13 15 8 11 20 18 7 6 1 16 
student 429: 11 7 4 10 19 1 5 17 20 2 15 8 3 16 18 14 13 9 6 12 
student 430: 15 3 14 5 20 10 6 1 16 2 9 13 8 11 19 17 12 7 4 18 
student 431: 15 20 12 1 18 3 13 6 16 10 14 19 4 2 11 17 8 7 5 9 
student 432: 13 17 10 5 8 1 18 2 16 7 14 20 3 9 19 11 12 4 6 15 
student 433: 16 18 8 3 15 1 5 10 20 9 13 12 2 4 17 19 11 14 6 7 
student 434: 15 18 1 4 16 2 9 8 17 5 20 12 7 14 19 11 3 6 10 13 
student 435: 18 13 1 9 8 4 11 2 19 15 6 12 7 17 16 10 5 3 14 20 
student 436: 19 15 16 3 14 4 9 1 12 7 10 13 2 20 18 8 6 5 11 17 
student 437: 16 11 1 5 18 4 7 3 19 2 17 15 9 10 20 12 8 13 6 14 
student 438: 6 18 7 5 19 2 8 1 14 4 9 16 3 15 20 17 12 11 10 13 
student 439: 19 15 6 10 18 2 14 3 20 12 16 11 8 5 9 17 13 7 4 1 
student 440: 16 12 9 10 19 8 5 11 20 7 17 15 1 14 18 13 3 2 6 4 
student 441: 9 16 1 3 17 8 10 4 18 11 6 15 5 19 20 13 12 7 2 14 
student 442: 17 9 10 3 14 5 2 4 20 6 12 8 1 15 19 16 18 13 7 11 
student 443: 15 6 1 13 11 9 4 5 20 17 14 7 2 12 19 16 18 3 8 10 
student 444: 18 9 1 6 15 4 7 5 20 17 10 13 2 12 19 16 8 11 3 14 
student 445: 17 7 2 6 15 1 9 8 19 4 14 12 3 20 18 11 13 10 5 16 
student 446: 19 12 5 3 16 6 10 1 15 4 18 20 8 14 17 9 7 2 11 13 
student 447: 20 15 2 3 14 5 11 8 19 10 13 9 4 16 18 17 6 1 7 12 
student 448: 20 14 3 2 17 5 13 6 16 15 4 11 1 12 18 19 10 7 9 8 
student 449: 18 15 2 4 17 3 14 6 9 7 20 13 5 19 10 16 11 12 1 8 
student 450: 20 14 10 4 15 1 13 2 19 5 7 9 3 12 17 18 6 8 11 16 
student 451: 19 16 10 13 15 1 12 3 20 4 11 6 7 14 18 17 8 9 5 2 
student 452: 18 10 7 17 19 5 12 1 16 8 20 15 2 13 14 11 9 3 6 4 
student 453: 19 9 1 2 12 5 8 14 20 7 10 11 4 17 18 16 15 13 3 6 
student 454: 18 11 5 6 15 1 10 4 20 8 14 12 2 17 19 16 13 7 3 9 
student 455: 19 12 8 5 18 1 10 2 17 3 9 14 7 4 20 16 13 6 15 11 
student 456: 19 13 2 5 12 1 10 4 20 3 16 14 7 15 18 17 11 9 6 8 
student 457: 13 16 4 6 20 1 8 5 19 2 15 17 3 11 18 10 7 12 9 14 
student 458: 18 2 1 8 20 3 10 4 17 5 14 15 7 19 13 16 11 9 12 6 
student 459: 14 18 7 4 19 1 10 3 15 9 11 2 5 13 16 17 6 8 20 12 
student 460: 18 9 15 6 20 10 13 2 14 3 12 16 1 17 7 19 4 11 5 8 
student 461: 19 15 4 7 11 6 3 17 20 8 14 2 9 12 16 18 13 5 1 10 
student 462: 20 3 4 19 15 1 12 9 17 5 18 11 2 13 16 8 10 14 6 7 
student 463: 16 15 5 7 14 1 8 4 18 9 12 10 2 20 19 13 6 11 3 17 
student 464: 10 1 8 6 20 2 7 3 14 15 13 11 5 16 19 18 12 17 4 9 
student 465: 20 15 5 4 17 2 18 7 19 12 13 3 6 8 16 9 11 10 1 14 
student 466: 17 18 8 7 10 11 5 9 20 1 14 12 4 16 13 6 15 3 2 19 
student 467: 18 11 4 12 20 3 6 1 19 7 14 16 5 8 10 17 9 2 15 13 
student 468: 14 12 7 5 19 11 6 2 17 3 15 10 1 13 20 16 18 4 9 8 
student 469: 19 11 7 1 13 2 6 14 20 3 18 8 9 10 17 16 5 12 15 4 
student 470: 18 11 6 5 17 1 8 2 20 10 14 15 13 9 19 16 7 12 4 3 
student 471: 14 5 3 4 9 1 18 2 20 6 8 16 7 13 19 15 11 17 10 12 
student 472: 20 17 5 4 19 1 10 6 15 11 18 7 2 3 14 8 16 12 9 13 
student 473: 18 10 5 9 16 6 11 3 19 4 14 20 2 1 13 12 8 15 7 17 
student 474: 19 16 3 7 20 1 9 5 14 4 11 15 2 18 17 13 12 8 10 6 
student 475: 13 1 3 6 9 2 8 4 14 7 11 10 5 15 20 19 12 17 16 18 
student 476: 20 15 5 7 10 2 11 1 19 4 17 12 3 8 18 14 16 9 6 13 
student 477: 16 12 1 7 13 6 5 2 18 3 10 20 8 17 19 11 9 4 15 14 
student 478: 18 20 4 2 19 1 3 6 17 5 8 10 12 15 11 13 14 9 7 16 
student 479: 19 16 9 4 14 1 12 7 18 2 13 17 6 11 15 20 10 5 8 3 
student 480: 20 17 7 6 18 5 13 9 19 10 2 3 1 15 4 16 11 8 14 12 
student 481: 19 10 5 13 15 3 11 9 20 4 8 17 1 14 18 16 2 7 6 12 
student 482: 17 16 3 8 19 2 5 6 15 7 13 12 1 14 20 10 18 11 4 9 
student 483: 15 20 3 4 18 5 14 2 16 10 9 11 1 12 19 17 6 8 7 13 
student 484: 17 15 3 19 18 8 11 4 16 6 10 14 12 13 7 20 5 1 2 9 
student 485: 20 11 13 5 17 12 10 1 18 6 9 8 2 16 14 19 4 3 7 15 
student 486: 17 12 5 4 6 13 19 2 18 9 10 8 1 16 14 20 15 3 7 11 
student 487: 20 19 5 3 17 8 10 2 18 9 4 15 1 14 13 16 7 11 6 12 
student 488: 16 14 6 7 19 4 15 3 20 5 11 10 2 18 12 17 8 9 1 13 
student 489: 20 9 2 3 19 7 15 4 14 6 11 5 8 16 17 18 1 10 12 13 
student 490: 16 18 1 6 14 3 19 4 17 7 2 12 9 20 8 11 5 10 13 15 
student 491: 20 15 4 6 5 2 13 10 14 19 7 8 1 17 18 16 12 9 3 11 
student 492: 15 12 2 1 18 3 8 5 20 4 14 11 6 19 16 9 7 10 17 13 
student 493: 14 17 4 7 19 5 3 1 11 16 10 15 6 18 20 13 12 2 8 9 
student 494: 20 11 6 10 18 3 5 7 19 2 4 13 1 15 16 17 12 8 14 9 
student 495: 13 15 6 7 3 4 1 10 18 5 17 19 2 16 20 12 14 8 9 11 
student 496: 13 8 5 17 20 2 6 11 19 3 18 7 1 16 15 10 9 14 4 12 
student 497: 19 7 3 5 15 1 14 6 9 16 8 13 20 18 11 17 12 10 2 4 
student 498: 20 15 1 2 16 3 14 4 19 7 13 12 9 11 17 18 10 8 5 6 
student 499: 12 11 10 5 19 1 18 6 20 9 13 7 3 14 15 17 4 16 2 8 
student 500: 17 18 3 7 13 1 11 4 19 8 20 10 5 14 15 16 6 2 9 12 
student 501: 13 12 2 5 18 3 14 7 20 1 15 10 4 19 17 16 9 6 11 8 
student 502: 11 7 6 3 19 2 9 1 20 4 18 15 14 12 17 16 10 8 5 13 
student 503: 20 18 1 2 16 3 14 11 15 5 13 12 6 9 19 10 4 7 8 17 
student 504: 15 9 14 5 16 7 3 4 19 10 11 6 8 17 18 20 2 13 1 12 
student 505: 17 12 1 2 18 13 3 6 19 8 15 11 5 10 14 20 4 7 9 16 
student 506: 13 17 5 6 16 4 2 1 19 11 15 10 7 20 18 12 3 14 9 8 
student 507: 18 10 7 1 15 16 13 5 19 9 14 11 2 12 20 17 6 4 3 8 
student 508: 16 17 5 7 14 2 12 3 13 6 15 1 4 19 20 18 11 8 9 10 
student 509: 20 12 5 1 18 3 11 8 19 6 13 9 4 17 15 16 7 10 14 2 
student 510: 20 11 2 13 17 6 5 1 19 14 12 10 8 18 15 16 4 3 7 9 
student 511: 16 9 12 6 20 5 17 2 19 4 1 13 3 14 15 18 7 11 8 10 
student 512: 20 15 3 1 2 11 16 7 17 9 14 4 5 13 18 8 10 19 6 12 
student 513: 17 15 3 8 19 2 9 6 20 4 7 18 1 10 16 14 13 12 5 11 
student 514: 19 3 8 13 16 4 6 2 17 14 15 9 7 11 10 20 5 1 12 18 
student 515: 18 3 2 8 17 1 5 9 20 13 12 16 4 19 11 15 7 10 14 6 
student 516: 20 16 3 8 18 7 9 1 17 10 14 12 2 13 19 15 4 6 5 11 
student 517: 19 13 2 11 18 5 9 3 15 14 10 20 8 4 17 16 6 12 7 1 
student 518: 13 16 4 7 3 14 9 2 20 5 15 10 1 18 11 12 8 19 6 17 
student 519: 19 17 3 2 14 1 16 4 18 5 15 13 7 8 20 11 6 10 9 12 
student 520: 20 14 1 12 16 4 9 3 18 11 19 10 5 13 17 6 7 8 2 15 
student 521: 18 12 3 7 14 2 11 4 20 6 17 1 8 13 19 16 9 10 5 15 
student 522: 20 19 10 3 16 2 7 8 18 5 17 12 4 11 15 13 9 6 1 14 
student 523: 17 11 8 2 12 1 9 14 20 6 18 16 5 4 13 19 3 10 7 15 
student 524: 18 14 10 7 9 3 11 1 20 4 12 6 8 15 17 19 16 5 2 13 
student 525: 4 15 7 12 14 5 11 8 10 1 16 13 2 18 20 19 3 17 6 9 
student 526: 20 5 2 4 19 1 9 8 10 12 16 14 11 17 15 7 18 6 3 13 
student 527: 18 11 12 5 19 2 6 4 20 8 17 10 3 16 15 14 13 7 1 9 
student 528: 20 15 1 14 17 3 4 13 12 5 18 10 2 8 9 16 7 11 6 19 
student 529: 18 16 1 5 13 2 9 4 19 8 12 15 3 7 17 20 10 14 6 11 
student 530: 19 14 1 7 16 2 11 6 17 9 5 8 4 15 20 18 13 3 12 10 
student 531: 19 17 3 1 13 2 9 10 16 6 8 20 4 12 18 14 15 7 11 5 
student 532: 17 14 2 8 16 3 9 5 18 10 15 13 7 12 19 20 11 1 4 6 
student 533: 15 11 8 6 18 1 3 5 19 12 14 9 4 16 20 17 13 7 2 10 
student 534: 16 9 10 1 18 8 2 14 20 6 19 12 4 15 17 13 5 11 3 7 
student 535: 20 15 9 11 13 2 10 1 6 18 12 19 4 17 8 16 7 5 3 14 
student 536: 12 13 6 5 16 1 11 2 19 4 18 7 3 17 20 14 9 8 10 15 
student 537: 14 4 5 11 19 2 6 9 20 8 17 13 1 12 15 16 3 10 18 7 
student 538: 18 17 2 3 1 5 15 4 13 14 10 19 6 9 20 8 7 12 11 16 
student 539: 5 6 1 3 14 2 16 10 20 18 7 12 11 13 17 8 4 15 9 19 
student 540: 19 18 1 5 16 2 6 4 20 15 17 9 10 8 14 12 13 3 7 11 
student 541: 15 18 1 3 10 8 9 11 20 16 13 17 2 6 19 14 7 5 4 12 
student 542: 20 7 6 8 16 3 11 10 13 12 18 14 1 17 19 4 2 5 9 15 
student 543: 18 17 3 5 19 4 8 14 15 12 20 9 1 10 6 13 7 11 2 16 
student 544: 19 9 4 6 15 2 13 5 20 7 16 10 3 17 18 1 11 12 8 14 
student 545: 17 5 2 10 14 9 16 1 20 6 3 13 4 11 19 18 7 15 12 8 
student 546: 8 14 9 4 16 3 10 1 20 7 15 12 2 17 19 13 18 6 5 11 
student 547: 9 17 6 5 11 1 8 10 19 12 20 18 2 16 3 13 15 7 4 14 
student 548: 14 9 2 7 17 3 16 5 20 13 15 12 1 11 19 18 8 4 6 10 
student 549: 16 14 1 7 20 5 6 2 19 8 15 13 3 17 18 4 11 10 9 12 
student 550: 15 14 4 3 19 6 13 7 16 5 18 12 1 9 20 10 8 2 11 17 
student 551: 17 10 4 6 20 2 8 18 19 5 7 12 3 13 14 16 15 1 9 11 
student 552: 14 16 3 2 18 1 9 10 19 11 7 8 6 20 15 17 4 12 13 5 
student 553: 8 3 5 9 17 1 10 11 19 2 16 7 4 15 20 18 13 14 6 12 
student 554: 1 17 15 8 19 5 11 4 20 10 7 6 9 14 13 18 16 2 3 12 
student 555: 15 7 1 5 17 2 9 8 18 10 12 19 11 16 13 14 3 6 4 20 
student 556: 16 7 1 3 13 4 11 15 18 9 12 14 8 20 19 6 17 10 2 5 
student 557: 18 17 4 3 11 1 6 13 20 5 19 9 8 12 16 14 7 10 2 15 
student 558: 20 8 7 5 16 3 9 2 18 12 13 14 17 15 10 11 1 6 4 19 
student 559: 11 12 5 3 14 1 18 10 19 7 17 4 2 20 13 16 9 8 6 15 
student 560: 17 10 3 4 11 1 20 5 18 8 9 15 2 16 19 13 7 12 6 14 
student 561: 17 11 7 9 15 2 6 4 12 5 13 19 1 10 18 14 16 3 20 8 
student 562: 20 15 4 3 17 2 9 10 19 7 16 12 1 13 18 14 6 5 11 8 
student 563: 17 19 1 14 12 2 9 6 11 5 15 13 4 16 20 7 8 10 3 18 
student 564: 20 15 2 3 13 1 16 4 18 6 11 14 8 17 12 19 9 5 7 10 
student 565: 19 9 13 5 17 1 14 3 20 2 10 7 4 16 18 11 12 6 8 15 
student 566: 20 17 4 9 12 8 11 7 19 6 13 10 1 14 18 16 2 5 3 15 
student 567: 16 14 1 13 20 3 10 6 17 4 18 11 5 15 7 19 9 2 8 12 
student 568: 18 15 4 8 20 7 3 5 17 13 11 14 1 10 12 19 9 16 6 2 
student 569: 19 12 10 8 16 1 17 4 15 5 6 7 2 13 18 20 11 14 9 3 
student 570: 16 15 4 17 10 3 6 1 14 11 12 5 7 13 18 20 2 9 8 19 
student 571: 18 7 3 12 11 9 14 4 20 2 17 13 5 10 15 19 6 8 1 16 
student 572: 20 16 8 2 17 10 11 1 9 7 13 5 4 14 18 15 3 12 6 19 
student 573: 20 16 1 13 15 8 2 7 19 12 6 4 11 9 18 17 3 5 10 14 
student 574: 20 16 4 7 18 1 6 2 19 3 13 15 5 12 17 9 10 14 8 11 
student 575: 8 12 2 9 20 3 10 1 18 11 14 15 5 17 19 16 6 4 7 13 
student 576: 10 11 2 20 6 5 13 7 18 4 15 14 1 17 16 19 12 9 3 8 
student 577: 18 14 1 3 15 2 10 4 19 7 5 8 12 13 20 17 9 11 6 16 
student 578: 12 15 6 16 18 2 13 3 17 4 9 14 1 10 20 19 8 5 7 11 
student 579: 12 7 3 4 17 1 11 2 19 9 18 13 8 16 20 15 5 14 6 10 
student 580: 18 14 7 1 20 8 10 4 19 3 17 11 5 12 16 13 15 2 6 9 
student 581: 20 14 1 16 7 2 4 9 15 10 12 18 8 13 19 17 6 5 3 11 
student 582: 17 7 1 11 16 4 12 14 18 8 15 10 2 19 20 13 6 5 3 9 
student 583: 19 17 3 6 15 2 12 4 20 7 18 11 5 9 10 13 14 8 1 16 
student 584: 18 15 2 5 20 3 12 4 19 9 8 13 1 16 7 17 11 6 10 14 
student 585: 20 13 2 7 19 1 10 5 17 11 14 12 6 15 18 16 4 9 3 8 
student 586: 15 14 8 3 9 4 19 2 13 10 17 7 1 12 20 16 11 18 5 6 
student 587: 13 16 6 3 19 2 12 5 14 11 18 9 1 15 20 7 17 8 4 10 
student 588: 17 19 6 7 2 3 18 14 20 11 13 12 5 9 15 16 1 10 4 8 
student 589: 20 14 6 3 17 1 12 7 18 8 11 4 5 15 16 19 10 2 9 13 
student 590: 9 13 1 14 20 3 16 4 10 12 15 8 2 18 19 17 7 6 11 5 
student 591: 13 18 2 3 10 9 11 15 19 8 6 14 1 17 16 20 5 12 4 7 
student 592: 20 14 4 3 18 5 9 11 17 1 10 12 2 16 15 13 6 7 8 19 
student 593: 15 11 1 5 19 8 6 9 18 3 13 7 2 17 16 12 10 4 14 20 
student 594: 19 9 3 7 17 2 14 5 16 8 11 20 4 12 18 15 13 1 10 6 
student 595: 20 9 1 4 18 6 10 2 19 7 14 17 3 16 12 15 11 5 13 8 
student 596: 18 8 3 9 19 6 4 14 10 1 12 15 5 16 20 17 2 11 7 13 
student 597: 16 12 9 2 13 1 10 5 15 6 19 18 3 20 7 17 4 11 14 8 
student 598: 13 12 6 8 19 2 15 14 20 10 11 4 9 18 1 17 3 16 5 7 
student 599: 14 15 4 13 18 1 9 5 19 8 11 12 2 10 17 20 3 6 7 16 
student 600: 19 11 16 8 13 1 14 2 20 3 12 6 7 18 15 17 5 10 4 9 
student 601: 17 16 2 12 13 9 5 1 20 3 11 18 8 15 14 6 7 4 19 10 
student 602: 16 17 9 1 14 7 10 2 18 6 12 15 3 20 19 5 8 11 4 13 
student 603: 18 12 13 4 14 3 7 1 20 5 17 8 10 9 16 19 6 15 2 11 
student 604: 19 10 4 17 16 3 6 9 20 8 13 18 2 15 14 12 11 7 1 5 
student 605: 18 8 2 9 13 3 14 12 19 4 20 11 1 17 7 16 10 5 6 15 
student 606: 18 2 9 12 16 3 7 8 20 10 14 11 6 17 19 15 13 5 1 4 
student 607: 20 11 7 3 16 1 9 17 19 4 18 12 2 13 14 5 8 6 15 10 
student 608: 18 10 4 3 17 2 12 1 16 9 11 20 8 5 13 15 6 14 7 19 
student 609: 16 7 4 3 19 14 9 1 20 8 10 11 2 17 18 15 12 5 6 13 
student 610: 12 19 3 1 17 2 5 13 15 4 14 6 8 16 20 18 9 7 11 10 
student 611: 17 7 5 9 16 2 11 12 19 3 13 14 4 8 18 20 1 6 15 10 
student 612: 11 19 6 9 12 1 13 2 17 10 14 16 3 8 20 18 15 5 4 7 
student 613: 3 13 2 17 16 1 11 10 20 8 12 14 4 18 15 19 5 9 6 7 
student 614: 19 15 1 3 14 6 8 5 16 10 11 9 2 18 20 17 4 12 7 13 
student 615: 19 11 4 6 18 1 9 2 15 5 13 17 8 16 20 12 3 7 14 10 
student 616: 16 10 3 8 19 6 15 2 17 4 11 13 12 18 20 14 5 9 1 7 
student 617: 17 19 4 6 16 1 8 5 20 2 14 10 3 18 13 11 7 15 9 12 
student 618: 19 18 3 2 17 4 11 5 20 10 7 15 6 14 12 13 1 8 9 16 
student 619: 16 10 8 1 18 3 15 2 19 9 12 14 4 17 13 20 5 11 6 7 
student 620: 20 18 12 11 16 4 8 1 19 5 14 17 2 9 15 13 10 3 7 6 
student 621: 13 16 10 11 12 2 4 7 17 8 14 15 6 18 20 19 3 1 9 5 
student 622: 16 11 9 5 13 1 7 12 20 2 17 4 3 18 19 8 15 6 10 14 
student 623: 18 16 1 2 17 6 7 5 20 4 15 14 10 12 19 13 8 11 3 9 
student 624: 15 13 2 6 18 3 10 4 19 8 14 16 1 12 20 17 7 9 5 11 
student 625: 16 2 1 7 15 12 17 4 11 6 3 8 5 19 18 20 14 13 10 9 
student 626: 18 13 5 1 16 6 9 12 20 4 8 19 10 15 17 7 3 14 2 11 
student 627: 14 13 4 9 15 2 11 3 20 12 16 19 1 8 18 10 5 6 7 17 
student 628: 16 13 8 4 7 5 15 3 17 10 11 6 1 18 20 14 12 2 9 19 
student 629: 17 15 8 7 12 1 10 3 19 13 14 11 6 16 18 20 9 2 5 4 
student 630: 19 15 10 2 18 4 6 3 20 13 5 12 1 8 16 17 11 7 9 14 
student 631: 19 10 7 1 18 3 13 6 14 12 16 9 2 15 20 17 4 5 8 11 
student 632: 11 14 9 4 20 1 10 8 5 15 12 7 3 13 16 18 17 2 6 19 
student 633: 15 10 9 2 18 7 6 3 19 4 5 16 1 20 13 17 8 14 11 12 
student 634: 20 6 2 5 16 1 8 3 4 14 18 15 13 9 19 12 11 17 7 10 
student 635: 14 15 3 1 17 5 9 4 10 7 19 13 2 16 8 20 18 11 12 6 
student 636: 19 11 6 7 17 3 2 4 20 13 5 10 1 16 18 14 9 8 15 12 
student 637: 19 13 1 15 14 3 11 4 16 10 18 20 7 12 6 17 9 2 8 5 
student 638: 19 13 3 5 14 4 9 12 20 2 15 17 1 8 16 18 7 6 11 10 
student 639: 16 7 11 1 17 8 3 15 20 4 6 10 2 13 19 18 5 9 14 12 
student 640: 16 6 2 1 17 4 8 5 18 3 14 12 7 15 19 13 9 11 10 20 
student 641: 15 8 5 7 9 1 16 2 18 4 14 19 3 11 20 13 6 12 17 10 
student 642: 10 9 1 5 14 2 11 4 18 8 20 13 3 16 15 17 12 6 7 19 
student 643: 12 18 3 10 17 2 1 6 14 15 20 9 5 16 19 11 4 8 7 13 
student 644: 20 15 3 6 9 2 7 8 18 13 19 17 5 10 16 11 4 12 1 14 
student 645: 20 11 2 18 16 1 4 10 14 12 19 13 3 6 17 8 15 7 5 9 
student 646: 15 16 5 9 14 3 13 6 19 4 17 12 2 20 8 18 11 7 10 1 
student 647: 17 20 6 5 16 4 13 7 19 11 10 12 2 15 18 8 3 1 14 9 
student 648: 19 18 7 5 15 1 17 4 20 6 14 10 2 12 16 13 9 3 8 11 
student 649: 19 10 6 11 13 3 2 1 18 5 14 16 4 20 15 12 8 9 7 17 
student 650: 18 19 1 5 15 2 6 3 7 9 14 12 16 10 20 17 13 11 4 8 
student 651: 15 17 3 6 16 12 10 4 18 2 14 7 1 13 5 11 20 9 8 19 
student 652: 20 11 7 10 14 2 13 8 19 9 12 15 4 18 17 16 5 3 1 6 
student 653: 17 12 4 19 9 1 8 5 18 7 16 10 2 11 15 20 14 6 3 13 
student 654: 16 7 5 6 10 3 13 4 19 2 15 12 1 14 18 17 9 20 8 11 
student 655: 18 8 12 10 17 3 15 2 9 1 13 14 11 16 20 19 4 7 6 5 
student 656: 14 11 1 2 16 5 10 8 15 6 19 7 3 18 13 20 9 12 4 17 
student 657: 8 15 5 7 10 2 3 11 19 6 17 13 1 20 18 16 14 12 4 9 
student 658: 17 7 6 1 18 5 11 2 14 3 16 19 12 13 15 20 8 10 4 9 
student 659: 13 11 7 12 18 1 17 4 20 5 15 6 16 8 19 14 10 9 2 3 
student 660: 18 10 14 6 13 2 7 1 19 4 17 16 12 20 11 9 15 8 3 5 
student 661: 13 14 5 6 9 3 8 2 20 7 17 19 1 12 15 18 16 10 4 11 
student 662: 18 13 6 5 14 2 9 1 11 3 17 20 4 16 19 15 10 8 12 7 
student 663: 19 10 2 14 17 3 11 1 15 4 16 6 5 7 18 20 12 9 8 13 
student 664: 19 10 4 7 6 9 16 8 20 12 17 15 3 18 11 5 13 2 1 14 
student 665: 20 5 1 6 19 7 4 2 18 13 12 10 3 11 17 14 16 15 8 9 
student 666: 15 16 2 12 7 3 10 1 20 8 11 9 4 19 13 14 17 18 6 5 
student 667: 8 10 6 2 18 1 3 4 5 9 13 16 7 14 20 17 12 19 11 15 
student 668: 16 7 8 15 14 1 9 2 20 12 13 10 3 6 11 17 4 19 5 18 
student 669: 20 19 8 12 16 3 14 2 17 7 11 4 13 15 18 5 10 9 1 6 
student 670: 17 14 13 9 16 7 8 1 20 3 12 19 4 15 18 11 10 5 2 6 
student 671: 16 13 10 2 14 3 8 4 11 12 19 1 5 17 18 20 9 6 7 15 
student 672: 4 14 2 6 12 8 10 3 17 11 15 5 7 20 19 18 16 1 13 9 
student 673: 18 3 2 5 7 8 15 1 10 14 19 11 4 13 20 17 12 6 9 16 
student 674: 17 7 2 5 19 4 8 10 16 3 14 1 6 13 20 15 18 12 11 9 
student 675: 17 8 6 5 9 2 16 14 12 10 15 4 1 18 20 13 7 19 3 11 
student 676: 20 5 1 2 15 6 17 8 18 9 10 12 3 14 19 16 13 4 7 11 
student 677: 19 20 13 11 18 1 2 6 17 9 5 14 7 12 16 15 8 4 3 10 
student 678: 20 11 17 5 14 1 15 7 13 9 8 12 2 16 19 18 3 10 4 6 
student 679: 14 17 5 11 19 3 10 4 16 7 15 12 1 13 18 20 8 9 6 2 
student 680: 17 8 5 2 15 4 9 3 19 12 20 11 1 16 18 14 10 13 6 7 
student 681: 12 18 6 8 19 1 13 2 14 5 7 10 11 17 16 20 15 4 3 9 
student 682: 13 18 5 3 17 2 7 11 10 8 15 9 1 14 20 19 4 12 6 16 
student 683: 19 11 5 1 20 4 9 18 16 6 12 10 3 13 17 15 14 8 2 7 
student 684: 18 14 1 3 12 5 2 9 17 7 19 11 6 4 20 16 13 8 10 15 
student 685: 17 16 10 12 15 1 9 7 20 6 8 5 4 14 18 13 2 19 3 11 
student 686: 10 20 9 4 19 8 12 2 17 14 11 5 3 16 18 6 15 7 1 13 
student 687: 16 9 17 18 8 1 4 5 15 2 13 20 7 14 19 12 11 3 10 6 
student 688: 20 15 4 14 19 9 10 13 16 17 7 2 11 8 18 12 6 3 1 5 
student 689: 16 11 2 8 12 1 9 5 20 19 18 6 3 15 14 13 17 7 4 10 
student 690: 20 6 15 3 17 1 8 4 19 11 13 12 2 16 18 14 7 10 5 9 
student 691: 18 7 1 6 15 5 4 3 12 19 20 16 10 9 17 14 11 13 8 2 
student 692: 19 16 5 4 20 14 3 8 15 10 9 7 2 18 17 11 1 13 6 12 
student 693: 18 20 15 1 19 4 11 3 13 8 9 12 6 10 16 17 7 5 2 14 
student 694: 15 11 2 3 20 1 10 4 19 5 14 12 9 13 18 17 8 6 7 16 
student 695: 11 16 3 6 12 4 18 5 19 8 14 7 1 17 15 20 13 9 2 10 
student 696: 17 16 4 5 19 1 8 10 20 3 14 6 2 11 13 18 15 12 7 9 
student 697: 20 13 4 5 14 2 8 10 18 1 16 15 6 17 12 19 7 11 3 9 
student 698: 17 5 13 9 20 16 4 3 18 10 14 7 2 19 8 15 11 12 1 6 
student 699: 17 12 4 10 15 1 5 3 20 9 18 13 7 14 16 11 6 2 8 19 
student 700: 20 11 5 2 17 4 6 8 15 10 16 7 1 18 14 9 13 19 3 12 
student 701: 19 6 8 12 11 1 4 2 20 5 16 15 3 17 10 18 13 9 14 7 
student 702: 19 8 1 2 12 4 9 3 17 11 6 20 7 14 18 16 15 10 5 13 
student 703: 20 9 4 1 13 2 17 6 16 11 18 10 3 12 19 15 5 8 7 14 
student 704: 16 11 5 13 12 2 8 7 18 6 14 15 1 17 20 19 9 4 3 10 
student 705: 20 10 6 5 19 2 7 4 16 13 8 14 1 9 18 17 12 3 11 15 
student 706: 14 9 7 5 12 2 13 4 18 3 16 15 1 11 20 19 17 10 6 8 
student 707: 16 12 8 1 19 2 10 6 20 14 9 15 3 18 13 11 4 7 5 17 
student 708: 20 9 1 5 15 3 14 4 18 8 19 13 2 10 17 16 11 7 12 6 
student 709: 20 13 4 6 15 3 12 5 17 2 9 16 1 18 19 11 7 8 10 14 
student 710: 14 11 7 10 19 3 6 12 18 4 13 5 2 20 15 17 9 16 1 8 
student 711: 6 14 3 11 18 7 9 5 15 2 17 20 1 12 19 13 16 4 10 8 
student 712: 20 13 1 12 17 2 6 4 19 9 14 18 10 8 16 15 5 3 7 11 
student 713: 20 19 2 12 17 4 10 6 9 15 13 18 3 16 5 14 11 1 7 8 
student 714: 11 17 6 3 18 9 10 5 15 12 7 16 1 19 20 14 8 4 2 13 
student 715: 17 9 5 6 16 1 8 3 20 4 10 12 2 15 19 13 18 11 7 14 
student 716: 19 17 12 3 14 2 11 6 20 1 8 9 4 18 15 13 16 10 5 7 
student 717: 17 9 3 6 18 1 10 2 19 8 12 20 5 15 16 4 11 13 7 14 
student 718: 20 14 1 6 17 4 13 2 19 8 9 11 5 10 15 12 3 18 7 16 
student 719: 15 18 1 3 13 6 7 5 19 8 14 16 2 9 20 10 17 11 4 12 
student 720: 15 13 10 7 14 1 6 2 19 16 12 11 3 4 20 18 9 5 8 17 
student 721: 16 1 10 12 3 4 9 5 20 2 7 19 6 18 14 17 11 13 8 15 
student 722: 18 13 3 5 10 1 9 8 16 7 15 14 12 19 20 17 6 4 11 2 
student 723: 11 15 3 1 19 5 9 2 14 12 16 6 10 7 20 8 4 18 13 17 
student 724: 20 12 4 9 18 5 10 1 17 6 15 2 16 13 19 14 8 7 3 11 
student 725: 17 15 4 5 18 7 3 8 20 6 10 11 1 19 16 13 14 12 2 9 
student 726: 20 14 3 9 15 2 10 1 18 6 12 7 5 16 17 19 8 4 13 11 
student 727: 19 14 4 10 11 2 18 1 20 13 8 3 6 16 15 17 5 7 9 12 
student 728: 20 10 3 8 13 9 6 1 15 4 14 11 5 18 19 17 12 7 2 16 
student 729: 15 13 1 5 16 3 12 7 18 11 14 9 2 17 6 20 4 19 10 8 
student 730: 19 12 7 1 17 3 4 2 20 10 11 6 5 9 18 16 15 13 8 14 
student 731: 12 7 2 8 14 4 19 5 20 6 15 13 1 18 17 10 9 3 11 16 
student 732: 20 14 3 6 19 7 1 4 16 10 13 12 18 17 5 15 11 9 8 2 
student 733: 18 20 9 3 17 2 1 10 13 8 6 7 4 14 19 16 12 11 5 15 
student 734: 19 17 3 1 8 2 4 11 14 7 10 13 6 12 15 18 9 16 5 20 
student 735: 19 9 1 11 20 2 6 12 16 14 18 10 7 15 17 13 5 4 3 8 
student 736: 6 17 9 4 13 1 15 5 14 12 20 16 3 10 19 18 11 2 7 8 
student 737: 17 2 9 4 15 1 18 5 19 6 14 11 3 20 13 16 12 8 7 10 
student 738: 17 10 7 19 15 2 14 3 20 6 11 4 1 8 16 12 9 13 5 18 
student 739: 20 19 2 6 18 4 9 14 17 7 5 10 1 8 16 13 3 15 12 11 
student 740: 16 11 8 2 14 4 19 7 18 3 12 20 1 9 13 10 15 5 17 6 
student 741: 13 7 9 4 18 1 6 11 20 12 19 17 5 10 16 8 3 14 2 15 
student 742: 20 16 3 5 18 7 10 1 19 13 8 14 2 15 11 17 9 6 4 12 
student 743: 16 10 6 2 19 1 8 9 13 7 12 18 5 17 20 14 4 3 11 15 
student 744: 16 15 6 5 20 1 3 8 17 14 9 10 7 11 13 19 2 18 12 4 
student 745: 15 5 3 7 14 6 8 1 13 12 10 9 16 11 20 18 19 4 2 17 
student 746: 16 18 3 1 15 2 12 4 13 10 17 9 6 20 14 19 11 7 8 5 
student 747: 19 15 2 10 16 5 11 7 20 3 12 9 1 18 13 17 14 8 4 6 
student 748: 14 6 11 5 20 4 8 9 16 3 18 7 2 17 13 19 12 1 10 15 
student 749: 20 10 3 1 18 2 9 6 14 4 15 17 7 16 19 11 13 8 5 12 
student 750: 17 11 1 5 16 2 14 3 20 4 15 10 8 13 19 7 6 12 9 18 
student 751: 17 11 4 12 6 9 14 10 18 2 3 5 7 15 19 13 16 20 8 1 
student 752: 13 12 3 5 20 7 11 19 10 8 16 2 4 18 17 9 6 1 14 15 
student 753: 19 9 10 6 15 2 14 5 17 4 13 7 8 12 20 11 18 1 3 16 
student 754: 16 8 12 9 20 1 7 2 19 13 11 18 4 15 14 17 3 10 6 5 
student 755: 19 13 1 2 16 8 15 10 20 4 12 18 3 11 17 7 14 6 9 5 
student 756: 19 11 6 7 14 2 3 1 16 10 13 4 5 12 18 20 9 17 8 15 
student 757: 11 19 1 6 12 3 18 5 20 8 17 9 2 13 15 14 16 4 7 10 
student 758: 18 14 4 3 12 2 1 5 19 8 16 9 7 13 11 17 10 15 6 20 
student 759: 19 12 4 6 15 1 14 5 8 10 17 3 2 13 20 18 16 9 11 7 
student 760: 17 13 3 5 10 1 18 2 11 16 20 7 4 15 19 8 9 6 12 14 
student 761: 13 11 2 1 17 7 16 9 19 8 12 10 3 18 20 14 5 4 15 6 
student 762: 7 15 3 4 19 2 9 8 20 14 18 10 13 17 16 11 6 5 1 12 
student 763: 18 14 8 9 19 2 11 10 20 12 17 3 7 13 16 4 5 6 1 15 
student 764: 12 19 5 2 17 6 11 10 20 1 18 8 7 13 14 16 4 3 9 15 
student 765: 19 13 10 4 16 1 15 6 20 3 9 18 2 14 5 17 7 11 12 8 
student 766: 20 13 5 3 18 2 8 12 15 1 6 14 4 10 19 16 9 11 7 17 
student 767: 19 15 11 9 20 1 16 6 4 2 18 12 3 17 13 14 7 5 8 10 
student 768: 18 14 5 4 11 7 13 9 19 2 15 8 6 20 17 12 1 3 10 16 
student 769: 19 16 4 3 20 1 6 2 18 14 15 7 9 10 12 17 13 11 5 8 
student 770: 16 19 2 11 20 4 1 12 18 9 10 3 7 14 13 15 17 5 6 8 
student 771: 15 20 4 7 17 3 1 2 19 12 10 11 6 16 13 18 8 14 5 9 
student 772: 19 17 2 1 13 5 15 6 20 14 3 12 9 11 18 10 7 4 16 8 
student 773: 16 19 5 4 13 2 1 3 18 6 14 17 9 10 12 20 11 7 15 8 
student 774: 15 10 6 11 16 2 3 5 9 8 14 18 4 19 17 12 7 1 20 13 
student 775: 18 11 8 14 19 5 12 3 20 2 17 9 7 13 16 10 15 6 1 4 
student 776: 19 14 6 4 10 2 8 3 16 1 18 11 12 17 20 13 15 5 7 9 
student 777: 18 12 6 5 16 1 10 4 20 7 13 9 3 17 19 2 11 15 14 8 
student 778: 16 13 9 5 19 2 10 6 20 15 17 11 1 12 18 14 4 8 7 3 
student 779: 18 16 7 3 11 1 13 5 20 12 6 4 2 15 19 14 8 9 10 17 
student 780: 18 14 6 5 19 1 12 11 17 4 3 16 2 20 9 15 10 13 8 7 
student 781: 7 17 1 3 4 11 10 2 14 13 8 16 9 19 18 20 6 12 5 15 
student 782: 19 13 1 7 18 4 11 5 12 9 17 14 6 15 20 16 8 10 3 2 
student 783: 7 17 8 4 19 2 9 1 20 11 16 18 6 10 14 15 12 5 3 13 
student 784: 4 20 8 6 16 2 5 1 19 12 13 18 3 14 10 17 9 7 11 15 
student 785: 17 12 10 9 7 2 18 3 13 1 8 6 4 15 19 16 5 14 11 20 
student 786: 18 19 4 2 17 6 12 8 15 9 13 16 1 3 20 14 11 7 5 10 
student 787: 20 18 8 7 15 2 9 13 19 6 14 5 3 16 17 10 11 4 1 12 
student 788: 9 12 7 2 16 5 19 10 20 11 14 13 3 18 17 15 4 1 6 8 
student 789: 20 9 8 5 16 2 19 3 17 12 18 15 6 10 14 13 11 7 4 1 
student 790: 13 4 7 3 15 2 14 10 20 18 11 12 5 16 17 19 9 6 1 8 
student 791: 20 15 4 6 12 3 8 10 14 2 11 17 1 9 19 13 5 7 18 16 
student 792: 14 12 9 6 19 4 1 3 8 17 16 13 5 15 20 18 2 11 10 7 
student 793: 18 13 10 4 16 3 14 1 20 12 19 15 2 17 11 9 7 8 5 6 
student 794: 15 12 3 2 17 9 1 5 19 13 16 11 20 14 10 18 6 7 4 8 
student 795: 18 13 3 2 19 1 8 10 17 6 14 12 9 15 20 16 7 5 4 11 
student 796: 19 18 1 5 20 3 6 2 15 4 11 13 9 12 16 17 8 7 14 10 
student 797: 19 15 1 4 8 3 10 17 16 5 14 11 12 18 20 13 7 6 2 9 
student 798: 19 4 8 9 13 2 11 3 17 7 18 14 5 20 16 15 1 6 10 12 
student 799: 18 14 3 4 19 1 7 12 11 17 16 10 6 20 15 13 9 5 2 8 
