student 0: 6 19 3 2 4 20 13 8 11 5 9 7 15 12 17 18 14 10 1 16 
student 1: 18 16 8 2 3 14 9 1 7 10 11 19 6 15 12 20 4 13 5 17 
student 2: 11 14 15 12 18 13 3 10 17 2 9 20 7 19 6 1 4 5 8 16 
student 3: 12 17 10 5 4 9 11 6 2 3 13 14 8 18 7 19 16 1 15 20 
student 4: 14 6 9 7 1 13 16 2 3 4 15 17 8 19 18 11 5 20 12 10 
student 5: 17 8 10 9 4 14 6 16 3 15 18 19 12 1 11 5 7 13 2 20 
student 6: 11 14 3 16 19 6 8 4 2 13 20 7 9 15 18 17 12 5 1 10 
student 7: 4 20 13 6 2 18 14 1 7 12 5 10 8 17 16 9 3 15 19 11 
student 8: 19 17 15 1 14 18 9 11 10 12 2 5 6 8 4 20 3 16 13 7 
student 9: 9 7 15 2 1 16 17 8 12 13 4 5 19 10 11 20 14 3 18 6 
student 10: 3 7 9 2 11 14 19 6 1 5 10 20 4 17 8 18 12 16 15 13 
student 11: 16 18 20 7 13 14 11 6 1 2 5 19 9 17 12 15 3 10 4 8 
student 12: 11 16 3 10 13 20 19 7 5 8 4 9 2 12 6 18 14 15 1 17 
student 13: 7 8 19 9 11 2 6 17 4 13 1 18 15 14 20 16 12 5 10 3 
student 14: 7 1 17 9 4 19 12 14 3 20 2 16 5 6 11 15 13 8 18 10 
student 15: 20 18 3 5 7 19 11 4 6 13 8 14 12 9 10 2 17 16 1 15 
student 16: 16 8 17 2 19 15 4 5 14 1 3 13 7 18 11 9 6 12 20 10 
student 17: 5 16 14 3 13 15 4 19 12 2 11 8 7 20 17 18 6 9 1 10 
student 18: 7 13 14 17 12 20 2 5 19 3 15 18 4 10 16 1 9 8 11 6 
student 19: 20 8 17 2 16 10 5 18 13 6 19 9 15 11 1 4 14 3 7 12 
student 20: 1 15 12 14 4 9 8 18 2 19 16 13 5 20 7 17 11 6 3 10 
student 21: 3 9 1 20 15 5 11 14 10 7 4 17 18 16 19 6 13 12 2 8 
student 22: 13 11 19 17 4 16 20 6 8 3 18 12 2 9 10 7 5 14 1 15 
student 23: 20 9 11 1 3 19 14 15 10 7 2 17 4 18 6 8 12 16 5 13 
student 24: 11 20 9 7 6 5 16 8 4 3 12 18 2 14 17 10 13 15 19 1 
student 25: 9 17 16 14 15 10 13 2 12 5 20 6 1 19 8 3 11 18 4 7 
student 26: 4 11 20 19 7 3 13 17 6 5 12 1 10 15 8 14 2 16 9 18 
student 27: 7 8 17 11 12 16 13 15 5 2 6 20 4 18 1 3 10 9 14 19 
student 28: 11 20 6 10 18 13 1 3 17 9 4 15 2 12 14 16 7 19 8 5 
student 29: 3 19 12 11 7 16 17 13 6 1 2 9 15 18 8 5 4 20 14 10 
student 30: 14 7 19 2 11 15 1 18 4 13 8 20 16 12 10 6 9 5 3 17 
student 31: 12 18 20 15 16 17 14 11 5 10 2 1 9 3 8 6 7 13 19 4 
student 32: 18 20 19 6 13 5 10 12 3 9 1 17 8 15 16 14 4 2 11 7 
student 33: 10 11 9 19 20 15 14 17 13 16 7 4 3 18 12 1 2 8 6 5 
student 34: 11 5 16 15 7 20 9 1 4 14 17 10 3 19 2 13 12 6 8 18 
student 35: 12 7 19 4 16 17 5 20 1 3 6 14 8 9 18 11 2 13 10 15 
student 36: 2 17 13 19 3 5 11 1 4 6 15 12 9 10 18 16 20 7 14 8 
student 37: 17 16 9 4 12 13 3 5 6 2 8 7 11 14 15 18 1 10 19 20 
student 38: 5 4 7 11 13 14 8 20 1 16 15 9 2 6 17 12 10 19 3 18 
student 39: 19 18 16 8 11 20 17 13 3 9 6 10 1 15 4 2 14 5 12 7 
student 40: 8 11 1 10 15 19 12 14 5 13 2 17 3 7 16 20 6 4 18 9 
student 41: 11 12 20 10 15 17 4 19 13 5 3 6 2 16 7 9 18 8 1 14 
student 42: 18 17 13 6 16 19 20 12 3 1 4 15 2 10 8 14 9 5 7 11 
student 43: 16 10 11 12 18 17 3 5 7 9 20 19 8 15 2 4 14 13 6 1 
student 44: 20 14 11 15 10 4 3 19 7 2 5 16 6 9 13 18 1 8 12 17 
student 45: 3 18 9 16 5 13 15 11 4 1 8 10 7 12 19 14 6 20 2 17 
student 46: 8 1 6 2 17 10 4 15 14 3 7 18 9 20 11 12 5 13 16 19 
student 47: 4 18 16 7 2 6 9 17 1 3 10 8 13 19 11 20 5 12 14 15 
student 48: 10 16 20 11 7 1 14 9 6 15 13 17 4 18 3 19 8 12 5 2 
student 49: 5 3 11 18 2 19 12 16 13 6 15 14 7 1 8 10 17 4 9 20 
student 50: 1 8 2 16 5 12 9 10 4 19 14 13 6 15 17 3 7 20 11 18 
student 51: 6 19 10 11 5 16 14 7 8 3 2 17 4 15 13 18 1 20 9 12 
student 52: 14 10 15 4 16 6 11 5 1 8 13 20 3 17 12 19 7 18 2 9 
student 53: 18 16 15 1 19 10 14 8 3 5 20 13 11 17 9 2 4 12 6 7 
student 54: 14 1 16 7 9 19 12 8 3 10 6 5 4 20 2 11 13 17 15 18 
student 55: 4 16 11 9 12 7 15 18 2 1 5 19 3 17 13 20 10 6 14 8 
student 56: 16 14 20 3 17 18 7 15 10 6 1 9 5 13 4 11 12 19 2 8 
student 57: 19 3 2 1 13 18 20 8 15 4 14 16 6 7 11 9 17 12 5 10 
student 58: 1 18 14 9 19 15 7 17 20 10 4 8 6 11 13 3 2 16 12 5 
student 59: 11 4 5 6 18 12 14 1 19 9 17 20 13 15 7 10 16 2 3 8 
student 60: 6 5 3 19 20 17 4 1 10 15 18 14 7 16 11 8 9 12 2 13 
student 61: 4 14 17 13 15 20 16 9 1 7 12 18 8 11 19 5 6 10 3 2 
student 62: 10 11 2 13 18 14 20 12 8 17 4 15 1 16 3 5 6 7 9 19 
student 63: 3 16 1 5 11 14 6 19 9 20 12 18 8 7 10 15 2 13 4 17 
student 64: 11 8 13 1 19 20 5 16 18 9 17 6 7 14 4 10 3 15 2 12 
student 65: 13 16 19 7 17 15 11 20 14 5 2 1 18 3 4 12 6 8 9 10 
student 66: 19 20 15 4 9 2 17 6 8 14 10 16 13 18 11 12 7 5 1 3 
student 67: 18 13 15 1 2 16 14 7 5 4 3 17 11 20 10 6 9 12 8 19 
student 68: 2 10 19 4 20 12 11 16 3 8 9 14 13 1 15 17 6 18 5 7 
student 69: 17 7 13 10 3 14 4 12 9 11 20 6 15 16 2 5 18 8 1 19 
student 70: 3 15 20 18 10 16 1 14 2 7 6 17 8 12 11 4 19 13 5 9 
student 71: 10 9 4 19 18 8 2 20 6 7 3 16 1 15 11 14 5 17 13 12 
student 72: 1 14 20 12 5 17 16 11 7 18 3 8 9 6 2 19 15 13 4 10 
student 73: 12 17 19 11 9 20 15 13 7 5 6 16 1 4 18 8 2 10 3 14 
student 74: 12 5 11 4 10 20 1 8 3 6 7 16 18 14 15 19 13 9 2 17 
student 75: 5 13 16 8 17 1 7 11 2 4 18 10 15 14 3 6 12 9 19 20 
student 76: 8 17 18 6 16 9 14 12 1 2 3 5 4 20 11 15 19 7 10 13 
student 77: 17 5 16 13 10 6 9 3 2 7 14 4 1 11 19 15 20 18 12 8 
student 78: 4 13 19 2 12 18 14 15 8 7 3 17 6 16 1 11 5 9 20 10 
student 79: 2 19 4 10 12 13 9 3 6 5 14 18 16 20 8 17 7 15 11 1 
student 80: 17 11 14 4 13 10 19 16 2 8 9 15 6 20 5 18 1 7 3 12 
student 81: 4 18 16 6 10 20 7 3 11 9 19 15 13 17 2 12 8 1 14 5 
student 82: 19 7 13 9 20 6 5 1 3 10 4 11 16 8 14 12 15 2 18 17 
student 83: 9 15 16 13 18 14 4 8 1 5 2 17 7 20 10 6 3 19 11 12 
student 84: 12 10 13 11 4 19 14 8 17 1 20 15 3 16 9 7 2 18 6 5 
student 85: 18 16 13 5 14 8 15 20 1 2 3 4 7 12 10 17 19 6 9 11 
student 86: 16 10 14 11 18 6 7 20 5 12 3 19 1 8 15 4 2 17 9 13 
student 87: 11 13 12 7 18 10 20 1 3 2 16 8 17 19 15 5 4 9 14 6 
student 88: 3 20 7 17 6 13 10 1 2 16 9 12 5 19 15 18 4 8 11 14 
student 89: 4 3 17 10 6 7 9 20 13 11 1 8 16 14 12 15 2 18 19 5 
student 90: 8 13 20 10 14 4 17 16 3 9 11 1 2 18 19 12 7 6 5 15 
student 91: 11 19 5 20 17 9 2 14 3 12 4 7 1 16 10 15 18 8 13 6 
student 92: 9 8 19 10 13 18 20 5 1 2 16 7 14 17 15 12 6 11 3 4 
student 93: 19 20 3 17 15 11 1 7 5 16 18 8 10 14 9 12 2 4 6 13 
student 94: 17 19 14 10 12 9 20 15 3 6 13 18 2 1 8 7 4 16 5 11 
student 95: 3 12 19 4 20 11 6 9 2 1 17 8 5 15 10 18 7 14 16 13 
student 96: 9 20 18 8 10 12 5 15 3 4 6 11 19 16 14 17 2 1 13 7 
student 97: 13 20 10 19 7 1 14 16 5 2 6 15 9 3 4 8 17 11 12 18 
student 98: 8 18 17 19 7 12 10 2 6 3 4 14 20 15 16 13 5 11 1 9 
student 99: 13 3 17 2 15 19 14 9 1 7 8 20 18 16 11 12 10 6 4 5 
student 100: 9 20 3 4 10 14 11 19 18 7 13 5 2 17 6 12 8 16 1 15 
student 101: 4 14 16 10 9 13 8 5 2 18 19 12 3 6 15 17 7 11 1 20 
student 102: 12 13 5 4 14 16 19 17 8 2 10 18 15 3 7 11 1 6 20 9 
student 103: 3 13 8 1 12 7 17 6 9 18 16 20 5 19 15 11 2 14 4 10 
student 104: 12 1 3 17 13 11 16 20 9 18 6 14 2 19 8 5 10 7 4 15 
student 105: 1 15 9 3 11 17 10 13 8 4 14 19 5 20 6 2 12 7 16 18 
student 106: 13 20 16 1 7 17 18 14 9 10 4 11 3 12 8 19 5 15 2 6 
student 107: 20 6 15 11 5 8 1 3 7 17 9 2 13 12 4 19 10 14 18 16 
student 108: 8 19 17 9 12 15 13 3 10 2 1 20 5 14 11 6 7 18 16 4 
student 109: 5 17 19 9 2 16 6 11 10 4 14 13 8 20 7 15 1 12 18 3 
student 110: 1 17 19 18 14 13 12 7 3 2 9 15 20 11 8 16 10 4 6 5 
student 111: 1 14 20 10 4 8 13 17 12 2 3 15 7 18 11 19 5 6 16 9 
student 112: 3 17 16 13 11 19 4 6 5 20 14 8 1 12 10 7 15 18 2 9 
student 113: 15 20 7 10 11 14 17 8 3 4 9 18 6 13 16 12 2 19 1 5 
student 114: 17 13 1 9 12 7 18 19 11 14 4 20 8 10 15 5 2 6 3 16 
student 115: 6 15 14 3 8 16 19 17 7 18 1 11 12 4 2 9 20 10 5 13 
student 116: 13 14 15 17 19 7 8 10 4 12 3 18 5 11 1 16 9 2 6 20 
student 117: 14 16 17 7 6 11 3 13 5 12 2 19 4 15 10 18 1 20 9 8 
student 118: 5 16 20 10 6 12 2 15 9 1 3 17 14 11 4 8 7 13 19 18 
student 119: 16 18 13 7 6 19 15 1 9 14 5 20 10 3 4 8 2 12 17 11 
student 120: 7 13 15 11 12 10 17 18 1 8 6 9 16 5 14 19 4 2 3 20 
student 121: 8 16 15 2 3 12 20 7 17 18 5 1 9 14 11 6 4 13 19 10 
student 122: 17 20 11 6 18 14 3 8 10 12 4 19 2 5 16 9 1 7 15 13 
student 123: 4 10 20 8 9 11 15 16 3 5 14 1 6 2 18 19 7 17 12 13 
student 124: 15 10 7 4 11 14 17 12 6 13 1 18 19 20 8 3 16 2 5 9 
student 125: 6 20 18 11 2 14 13 1 3 5 19 16 10 4 15 9 8 17 12 7 
student 126: 18 10 8 7 20 1 14 12 6 3 2 19 15 5 16 17 13 11 4 9 
student 127: 10 18 20 12 14 6 4 11 9 13 15 7 2 16 5 8 17 3 1 19 
student 128: 1 11 18 20 7 14 4 17 13 3 8 15 6 9 12 2 5 10 16 19 
student 129: 4 15 10 9 13 18 2 6 1 19 14 20 3 5 17 16 8 11 7 12 
student 130: 11 6 16 1 17 8 18 7 10 15 5 20 9 19 2 4 13 3 12 14 
student 131: 3 20 1 14 5 13 10 2 12 7 6 9 8 17 11 15 16 18 4 19 
student 132: 17 20 4 16 8 15 6 7 12 3 14 18 9 5 11 19 2 10 13 1 
student 133: 3 11 19 15 20 7 1 4 6 2 9 14 8 10 5 17 12 18 13 16 
student 134: 13 15 17 6 4 9 20 3 1 19 12 16 14 11 7 8 5 18 2 10 
student 135: 15 2 9 3 8 18 19 20 10 16 1 13 6 14 11 5 17 12 4 7 
student 136: 7 20 10 9 19 1 13 17 3 12 8 14 5 16 11 4 2 6 15 18 
student 137: 8 18 16 9 19 14 7 17 6 2 1 13 3 20 11 12 10 5 15 4 
student 138: 9 5 15 8 13 18 3 14 1 4 12 19 11 20 16 2 10 7 6 17 
student 139: 1 9 17 2 15 18 12 13 4 5 11 19 10 7 16 6 14 8 3 20 
student 140: 7 17 8 10 2 13 14 1 11 5 19 18 4 9 15 6 20 3 16 12 
student 141: 13 3 20 4 15 18 14 16 9 6 8 11 2 19 12 7 10 17 1 5 
student 142: 15 18 2 7 1 19 11 13 5 9 10 17 8 14 12 3 4 6 20 16 
student 143: 6 7 11 12 3 16 20 5 19 8 17 9 10 13 15 14 1 2 18 4 
student 144: 3 14 17 10 8 12 18 20 2 5 11 4 16 15 6 1 9 7 13 19 
student 145: 10 20 16 6 19 14 12 11 1 3 2 13 8 18 4 15 17 7 9 5 
student 146: 19 20 9 14 8 15 12 5 10 3 6 1 2 17 13 11 7 16 4 18 
student 147: 1 18 4 5 3 20 6 16 2 12 15 8 14 10 19 11 17 9 13 7 
student 148: 17 14 12 3 19 20 1 10 6 2 9 15 4 16 5 13 11 18 8 7 
student 149: 5 18 10 15 2 8 13 9 12 1 17 11 3 20 7 6 14 16 19 4 
student 150: 8 14 20 6 10 12 16 11 13 5 3 7 9 18 17 1 2 4 19 15 
student 151: 16 11 19 17 4 8 9 1 3 14 10 6 7 12 18 5 13 2 20 15 
student 152: 1 16 3 4 12 18 11 5 8 19 6 13 17 20 2 9 14 10 7 15 
student 153: 5 20 17 3 8 2 16 10 4 1 11 18 12 15 19 6 14 7 13 9 
student 154: 16 7 5 2 12 20 17 14 3 11 9 19 6 1 13 10 15 18 4 8 
student 155: 14 19 17 3 9 12 18 20 7 11 2 6 10 15 13 5 1 16 4 8 
student 156: 17 18 19 3 14 5 16 6 9 1 7 12 2 20 11 13 4 15 8 10 
student 157: 18 20 13 16 10 19 1 8 3 4 14 17 5 15 11 6 2 9 7 12 
student 158: 11 18 7 8 15 20 9 16 5 2 1 14 3 17 10 19 4 6 12 13 
student 159: 4 13 17 10 20 18 16 2 12 1 5 9 3 19 11 8 14 15 7 6 
student 160: 4 15 19 2 18 6 16 5 8 10 3 1 13 20 12 14 7 11 9 17 
student 161: 20 19 11 7 4 18 5 1 14 17 10 8 2 12 15 6 9 3 16 13 
student 162: 5 6 8 1 18 15 13 17 2 3 10 9 4 16 20 19 7 12 14 11 
student 163: 9 8 20 11 6 10 12 16 2 4 17 15 3 14 7 19 18 1 13 5 
student 164: 18 20 8 13 6 19 14 9 1 17 7 5 15 16 2 10 11 12 3 4 
student 165: 14 12 18 7 19 17 20 6 4 15 9 1 8 11 3 13 5 16 10 2 
student 166: 18 16 17 10 15 20 9 14 11 2 19 8 4 7 1 13 3 6 5 12 
student 167: 4 16 17 9 10 3 14 2 5 13 12 11 7 19 20 6 15 18 8 1 
student 168: 6 16 8 3 19 20 13 2 10 18 9 14 1 15 12 5 7 11 17 4 
student 169: 11 13 18 14 5 15 17 19 1 7 4 9 8 3 2 20 12 6 10 16 
student 170: 15 14 19 5 16 12 17 18 6 3 13 10 1 20 4 11 2 8 7 9 
student 171: 4 12 16 11 9 19 13 6 7 14 2 20 5 17 8 10 1 3 15 18 
student 172: 18 15 8 11 13 10 16 14 2 3 1 7 17 20 4 6 12 9 19 5 
student 173: 7 13 17 9 4 16 11 14 5 12 1 19 3 18 20 6 10 2 8 15 
student 174: 9 10 1 14 15 20 18 12 7 3 17 8 6 11 2 4 16 13 5 19 
student 175: 15 12 19 3 9 17 14 6 2 4 16 11 7 8 10 20 1 5 18 13 
student 176: 14 8 1 2 19 7 13 5 9 20 6 15 4 18 16 12 3 17 10 11 
student 177: 19 11 14 12 16 5 7 10 1 2 8 13 17 20 4 9 6 18 3 15 
student 178: 2 16 17 19 6 20 15 13 7 5 10 1 8 11 3 18 9 12 4 14 
student 179: 1 14 9 5 16 3 8 18 2 7 12 15 4 6 19 11 17 10 20 13 
student 180: 19 18 17 3 2 5 1 9 8 11 10 15 6 20 4 16 12 13 7 14 
student 181: 18 9 6 16 20 5 1 19 14 13 12 2 3 7 11 15 8 17 4 10 
student 182: 13 16 18 17 11 15 3 5 4 1 10 20 6 19 2 14 9 12 7 8 
student 183: 5 15 13 17 6 8 3 18 1 7 20 12 14 19 11 9 10 16 2 4 
student 184: 7 16 6 3 15 17 2 9 4 20 11 10 14 13 8 19 1 12 5 18 
student 185: 19 17 18 2 8 10 9 15 6 16 20 12 1 5 3 11 7 13 4 14 
student 186: 9 20 8 4 19 18 7 5 13 1 16 10 15 14 3 11 2 12 6 17 
student 187: 8 19 18 16 7 10 14 20 3 11 6 1 2 5 12 13 17 15 4 9 
student 188: 18 19 4 7 20 3 15 16 10 6 13 11 5 14 8 1 17 2 9 12 
student 189: 3 9 15 16 7 11 5 18 2 19 1 20 4 12 8 13 6 14 10 17 
student 190: 19 18 15 1 14 6 17 13 2 4 5 11 7 10 12 16 8 3 9 20 
student 191: 19 4 18 9 17 2 16 20 13 6 12 8 15 7 10 14 1 3 11 5 
student 192: 1 19 5 2 13 16 14 9 11 10 15 20 8 18 4 17 3 6 7 12 
student 193: 18 9 17 1 20 2 14 11 13 8 6 12 3 15 4 7 5 10 16 19 
student 194: 8 17 6 16 13 20 19 15 5 3 18 11 10 1 12 14 4 7 2 9 
student 195: 11 17 19 7 13 5 14 15 4 9 1 12 10 20 8 16 2 6 3 18 
student 196: 15 10 8 18 5 13 17 14 7 6 1 20 2 16 3 4 11 19 9 12 
student 197: 5 16 12 10 1 17 18 15 8 2 20 19 11 6 4 3 9 14 7 13 
student 198: 19 20 16 17 1 8 9 13 6 2 3 7 18 10 5 14 15 12 11 4 
student 199: 1 18 19 8 5 11 10 16 9 7 14 15 2 20 12 17 6 3 13 4 
student 200: 10 16 6 15 12 4 13 20 2 17 19 8 7 14 18 1 9 3 5 11 
student 201: 11 7 12 9 14 16 8 19 2 5 4 13 3 15 18 17 6 20 10 1 
student 202: 11 10 13 15 19 20 12 6 2 8 18 4 7 17 3 9 5 16 14 1 
student 203: 7 16 19 3 15 6 10 20 2 8 5 12 9 18 17 1 11 14 4 13 
student 204: 10 5 9 3 13 16 11 2 14 7 17 12 6 8 20 1 4 19 15 18 
student 205: 9 19 6 1 17 4 20 11 5 7 8 14 18 13 15 16 3 10 2 12 
student 206: 12 17 6 11 10 20 9 13 3 14 19 18 2 16 8 4 15 1 5 7 
student 207: 15 19 18 3 20 6 5 4 8 1 7 14 11 16 13 10 9 17 2 12 
student 208: 13 12 8 14 16 7 17 9 1 5 3 18 2 11 20 10 6 4 15 19 
student 209: 1 2 12 6 8 9 15 3 4 19 16 7 10 14 17 11 5 20 18 13 
student 210: 1 12 20 17 9 2 7 4 6 5 8 13 10 18 3 11 15 14 16 19 
student 211: 4 15 2 10 7 18 3 14 6 17 19 16 8 1 20 9 12 13 11 5 
student 212: 14 12 15 10 17 3 8 6 5 9 4 16 7 20 13 18 2 1 19 11 
student 213: 7 13 10 15 5 17 3 11 1 9 14 20 4 16 6 12 2 18 8 19 
student 214: 19 20 6 9 13 17 8 2 10 3 12 5 1 16 4 7 18 14 15 11 
student 215: 4 14 2 5 11 7 13 17 3 10 6 20 12 19 9 18 1 16 8 15 
student 216: 10 12 8 5 16 15 6 2 3 13 9 19 11 18 7 20 4 14 1 17 
student 217: 9 17 7 10 11 14 20 18 8 6 1 16 12 3 15 13 2 4 5 19 
student 218: 2 12 18 9 15 19 3 7 5 4 13 14 1 11 20 16 8 17 6 10 
student 219: 2 8 14 12 6 13 17 5 7 3 11 18 20 9 1 16 4 15 10 19 
student 220: 20 8 3 12 17 5 13 14 6 4 11 15 18 7 1 16 10 19 9 2 
student 221: 13 19 10 4 17 12 18 14 3 9 1 2 8 6 16 20 11 7 15 5 
student 222: 19 15 13 4 11 10 8 20 5 12 17 14 2 7 3 6 18 1 9 16 
student 223: 8 13 10 15 14 9 19 6 1 3 7 11 2 20 17 16 4 12 5 18 
student 224: 15 11 13 5 6 19 12 3 7 1 10 18 4 16 14 17 9 8 2 20 
student 225: 18 15 20 4 16 11 12 8 5 3 19 13 10 9 7 14 6 17 2 1 
student 226: 17 19 5 20 1 9 2 4 12 8 6 18 11 3 14 15 10 7 13 16 
student 227: 5 9 18 8 20 14 15 4 2 12 1 10 11 7 13 17 19 16 3 6 
student 228: 1 2 17 19 4 15 7 13 12 11 6 14 18 20 8 16 3 10 5 9 
student 229: 2 11 17 13 4 7 9 14 1 18 3 20 5 16 12 15 10 8 19 6 
student 230: 3 18 12 13 7 20 11 9 8 2 5 15 1 16 4 19 14 17 10 6 
student 231: 6 15 13 10 3 18 9 7 1 16 20 11 2 14 4 17 5 8 19 12 
student 232: 8 6 11 18 14 16 15 4 20 7 13 17 10 3 19 12 2 5 1 9 
student 233: 9 3 14 6 7 20 16 2 1 4 13 15 5 17 12 10 19 18 11 8 
student 234: 15 20 3 2 19 14 1 5 17 16 7 18 12 4 13 11 8 10 6 9 
student 235: 11 5 13 3 18 7 1 14 16 6 19 4 12 20 8 10 15 9 2 17 
student 236: 14 2 1 16 6 18 10 4 3 7 5 17 12 20 19 13 11 15 8 9 
student 237: 10 6 18 12 13 14 16 3 9 19 8 2 5 4 15 20 1 11 7 17 
student 238: 13 12 20 18 3 6 10 11 1 15 2 14 19 16 7 4 8 17 9 5 
student 239: 2 15 16 3 18 20 19 11 7 5 14 17 6 9 8 4 1 13 12 10 
student 240: 14 8 19 20 9 13 6 16 5 7 12 15 3 17 18 4 2 1 10 11 
student 241: 6 19 20 1 13 2 17 9 8 11 14 12 5 7 10 4 16 15 3 18 
student 242: 17 14 10 3 15 20 6 19 12 1 9 13 11 16 7 18 2 8 4 5 
student 243: 2 15 12 4 1 5 13 6 17 3 16 10 7 11 9 20 14 8 18 19 
student 244: 12 18 20 5 13 15 10 9 19 8 2 16 6 11 1 4 17 3 7 14 
student 245: 2 10 14 9 18 13 16 8 1 5 6 19 11 20 15 17 4 12 7 3 
student 246: 5 18 15 3 8 13 11 6 19 2 16 14 20 9 1 12 17 4 10 7 
student 247: 1 18 11 19 2 20 9 10 3 6 15 16 14 4 8 13 5 7 12 17 
student 248: 13 15 19 5 9 14 16 7 8 1 2 17 6 20 4 3 10 18 11 12 
student 249: 17 20 19 13 11 12 18 9 2 4 15 10 8 16 5 14 3 7 1 6 
student 250: 20 17 1 3 5 9 6 19 4 8 2 12 7 15 11 10 14 13 18 16 
student 251: 15 11 17 5 4 13 9 14 10 3 8 19 1 20 16 6 2 12 7 18 
student 252: 5 13 17 19 16 18 1 10 3 2 7 14 4 20 8 9 11 15 6 12 
student 253: 8 15 12 6 17 14 4 1 20 5 9 16 3 7 18 19 2 11 13 10 
student 254: 9 15 7 16 5 17 8 14 13 18 3 19 20 12 6 11 4 1 10 2 
student 255: 4 19 9 10 17 13 11 14 15 8 20 16 5 18 2 6 1 12 3 7 
student 256: 15 20 11 2 17 10 13 6 4 9 19 3 8 18 1 14 12 16 5 7 
student 257: 14 7 1 16 18 19 15 9 2 4 3 12 17 11 5 20 10 8 6 13 
student 258: 10 16 8 18 13 15 20 17 4 5 3 2 6 9 7 14 11 19 12 1 
student 259: 15 20 18 19 16 6 5 11 7 2 4 13 14 8 1 3 17 9 10 12 
student 260: 16 19 18 6 9 13 2 15 4 14 12 10 5 7 20 11 8 3 17 1 
student 261: 5 17 18 9 8 4 19 2 1 14 6 16 7 10 20 12 3 11 15 13 
student 262: 5 8 11 20 12 19 10 14 4 13 6 17 1 16 7 9 18 3 15 2 
student 263: 16 13 18 11 15 20 6 3 2 14 4 7 12 17 1 8 9 19 5 10 
student 264: 17 18 19 10 12 9 20 16 7 1 8 15 4 14 13 3 6 2 5 11 
student 265: 1 2 8 6 12 19 5 3 4 7 13 14 15 9 10 20 16 18 17 11 
student 266: 11 7 19 15 18 4 10 3 9 14 5 13 6 20 16 12 2 17 1 8 
student 267: 5 15 20 7 12 1 17 6 9 4 14 16 2 19 13 11 8 18 10 3 
student 268: 18 11 2 16 13 10 15 9 6 4 5 19 3 17 12 14 1 20 8 7 
student 269: 2 20 8 6 10 16 13 5 3 18 14 1 7 11 19 17 12 15 9 4 
student 270: 4 15 17 8 11 12 14 3 1 13 6 10 20 9 18 19 2 5 7 16 
student 271: 17 19 11 9 12 13 3 8 6 7 1 18 16 5 2 15 10 4 14 20 
student 272: 1 20 7 5 9 13 15 14 11 18 12 3 19 16 2 17 4 10 8 6 
student 273: 2 13 18 9 10 1 6 15 4 16 20 14 5 7 8 17 3 12 19 11 
student 274: 7 19 10 16 5 8 2 20 14 1 9 11 15 18 3 12 17 6 4 13 
student 275: 3 19 7 14 8 17 20 18 2 4 1 9 5 11 13 16 6 15 12 10 
student 276: 15 10 17 6 11 16 4 18 5 1 7 12 8 2 14 3 13 19 9 20 
student 277: 15 12 4 2 5 20 7 18 3 13 10 9 8 17 11 16 1 14 6 19 
student 278: 11 16 19 1 4 2 9 14 6 8 20 17 7 12 18 15 5 10 13 3 
student 279: 2 15 17 9 12 10 19 6 11 1 7 8 16 4 14 18 3 13 5 20 
student 280: 2 18 5 6 20 11 14 19 8 17 7 16 13 1 3 15 12 10 9 4 
student 281: 20 4 8 10 7 16 17 3 18 13 15 6 5 14 19 9 1 12 11 2 
student 282: 16 4 2 15 18 1 14 11 10 5 8 12 3 19 6 17 7 20 13 9 
student 283: 1 16 19 17 5 4 2 10 7 11 13 20 3 8 9 6 18 15 14 12 
student 284: 4 14 19 18 5 6 12 20 10 9 1 17 15 16 11 2 7 3 8 13 
student 285: 8 17 7 3 9 15 19 11 4 13 1 14 12 10 16 18 2 6 5 20 
student 286: 4 16 1 12 10 18 20 8 13 11 7 19 9 6 3 15 17 14 5 2 
student 287: 1 16 19 18 7 6 17 11 3 15 2 14 10 20 9 8 4 12 5 13 
student 288: 6 8 10 18 2 11 20 15 9 5 14 19 17 1 4 12 7 16 3 13 
student 289: 11 10 14 15 12 13 20 4 6 8 7 16 3 19 1 18 5 17 2 9 
student 290: 15 20 16 6 14 19 7 9 1 4 12 10 3 18 13 11 5 8 2 17 
student 291: 12 17 18 1 13 14 6 11 4 10 7 15 9 20 19 8 3 16 2 5 
student 292: 5 14 18 12 4 19 20 9 3 7 17 13 6 10 8 1 16 11 15 2 
student 293: 12 15 20 7 14 8 1 11 19 3 5 17 4 18 16 2 9 10 13 6 
student 294: 2 16 5 20 12 6 3 8 7 9 15 19 1 14 10 17 4 18 13 11 
student 295: 14 20 15 5 6 18 1 16 7 2 8 19 3 12 4 17 9 11 10 13 
student 296: 16 8 20 3 19 2 12 14 11 9 6 10 17 15 13 4 1 18 5 7 
student 297: 16 10 6 9 3 20 5 18 1 15 4 17 12 13 14 7 11 2 8 19 
student 298: 6 10 18 14 16 7 11 12 5 4 13 15 1 2 9 3 17 8 20 19 
student 299: 16 5 7 12 3 19 8 17 2 1 9 6 11 18 10 4 14 15 13 20 
student 300: 3 15 17 12 1 2 18 9 16 6 8 14 20 11 4 10 5 7 19 13 
student 301: 11 8 19 12 16 20 18 14 1 2 5 9 7 15 6 17 4 3 13 10 
student 302: 10 13 15 17 6 20 19 5 7 12 3 9 4 18 1 8 2 14 11 16 
student 303: 8 16 15 18 14 10 7 2 20 6 17 12 1 19 11 13 5 9 4 3 
student 304: 3 5 18 11 8 19 16 14 1 6 7 20 17 9 12 15 4 10 2 13 
student 305: 14 20 16 9 8 17 7 1 4 2 10 12 18 13 5 6 11 19 15 3 
student 306: 3 4 6 20 11 2 10 9 17 1 5 14 13 16 7 18 15 12 8 19 
student 307: 14 11 20 1 9 12 19 3 5 16 17 10 6 15 13 7 4 2 18 8 
student 308: 18 16 13 5 12 19 1 4 3 17 15 20 8 14 2 10 7 11 6 9 
student 309: 18 19 13 4 7 15 20 8 9 12 3 16 5 14 10 17 1 11 2 6 
student 310: 4 19 15 1 3 8 9 14 10 11 20 7 17 16 13 2 12 5 6 18 
student 311: 12 15 9 14 8 19 13 17 18 6 20 4 1 11 16 2 3 5 7 10 
student 312: 16 17 20 5 9 4 13 6 19 14 7 11 3 12 10 18 1 2 15 8 
student 313: 6 19 18 10 9 17 2 3 4 1 13 15 5 20 7 11 16 8 14 12 
student 314: 12 20 2 8 15 13 5 16 4 3 18 11 14 17 9 7 1 19 6 10 
student 315: 6 18 4 8 10 20 12 3 1 2 14 17 7 11 19 16 13 15 5 9 
student 316: 11 12 16 8 3 13 18 19 10 9 4 2 6 17 20 7 1 14 5 15 
student 317: 2 12 14 6 10 20 8 19 9 5 7 4 1 16 13 15 11 17 3 18 
student 318: 2 18 12 3 13 17 14 20 1 4 6 15 5 8 11 16 10 19 9 7 
student 319: 18 13 19 5 17 20 10 16 4 3 8 12 7 15 1 6 2 11 14 9 
student 320: 16 6 19 14 15 17 8 3 4 13 12 5 2 18 7 10 1 9 11 20 
student 321: 13 12 15 5 18 14 8 9 2 3 11 16 4 17 19 20 1 6 7 10 
student 322: 20 4 16 11 17 12 3 10 2 6 9 15 5 14 8 7 1 19 13 18 
student 323: 17 20 6 9 14 12 11 15 13 3 10 4 5 16 1 18 8 19 2 7 
student 324: 9 12 13 5 8 20 18 14 3 4 7 17 1 15 6 16 2 19 10 11 
student 325: 3 9 17 1 14 7 5 18 8 6 11 16 2 15 12 19 4 20 13 10 
student 326: 15 12 10 1 17 16 18 13 7 20 8 5 9 19 6 11 3 14 4 2 
student 327: 7 13 16 14 15 17 10 1 2 11 4 20 6 19 9 18 12 8 3 5 
student 328: 16 18 20 1 14 15 19 12 4 8 9 13 7 2 5 11 10 17 6 3 
student 329: 14 2 15 4 8 18 11 17 5 13 6 7 9 19 20 16 10 1 12 3 
student 330: 10 13 5 19 6 15 18 14 4 2 8 7 1 11 9 16 3 12 17 20 
student 331: 15 14 3 4 18 16 9 19 6 17 20 10 12 2 7 13 5 11 1 8 
student 332: 18 14 15 13 7 9 20 17 12 8 19 6 11 4 1 5 10 3 16 2 
student 333: 1 16 15 8 20 6 17 12 10 11 5 13 3 9 4 19 18 14 2 7 
student 334: 1 6 3 5 4 9 14 12 2 13 19 16 7 20 17 10 8 18 15 11 
student 335: 9 8 13 2 10 11 18 20 1 17 4 12 3 14 19 5 15 16 6 7 
student 336: 5 17 18 4 13 7 20 12 9 3 1 16 11 15 2 6 8 10 19 14 
student 337: 10 20 3 4 18 5 14 6 7 15 13 19 9 12 17 11 1 8 16 2 
student 338: 8 16 12 11 13 19 18 2 1 7 4 3 14 20 6 17 15 5 9 10 
student 339: 4 12 20 18 9 15 16 11 1 3 17 6 8 13 19 14 10 7 5 2 
student 340: 7 20 4 6 10 18 5 12 2 9 1 13 8 16 14 19 11 3 17 15 
student 341: 2 11 16 4 19 9 14 3 5 1 12 17 7 18 8 10 6 15 13 20 
student 342: 3 17 11 1 9 18 4 20 5 13 15 10 12 7 16 19 6 2 14 8 
student 343: 16 10 18 5 14 15 17 8 13 12 6 9 20 11 19 7 3 4 2 1 
student 344: 10 15 7 12 14 9 17 11 2 8 1 4 6 18 3 16 13 19 20 5 
student 345: 12 8 7 18 3 16 13 15 2 6 19 5 9 20 17 14 4 11 1 10 
student 346: 5 20 19 8 12 6 3 13 14 1 2 16 17 15 11 18 9 7 4 10 
student 347: 16 14 18 13 6 15 10 9 1 3 8 12 2 4 17 7 11 19 5 20 
student 348: 10 11 17 18 8 3 14 4 2 5 15 20 16 13 6 19 1 9 7 12 
student 349: 4 16 15 6 18 12 7 9 14 10 11 1 2 8 13 17 3 19 20 5 
student 350: 8 2 12 19 16 5 15 6 10 17 7 13 20 11 18 14 4 3 1 9 
student 351: 2 12 6 3 15 20 17 11 16 5 13 19 8 10 4 18 1 7 9 14 
student 352: 6 15 14 13 7 18 11 1 12 10 8 16 5 9 2 20 4 17 3 19 
student 353: 2 14 13 7 16 18 3 19 11 17 9 8 5 12 15 10 4 6 1 20 
student 354: 3 17 4 14 15 2 20 12 7 1 9 18 6 16 10 8 5 19 13 11 
student 355: 16 19 18 6 17 14 2 10 13 1 4 7 3 15 20 12 8 9 5 11 
student 356: 13 12 18 8 14 20 2 7 1 6 3 17 15 16 11 19 5 9 4 10 
student 357: 11 17 8 13 20 19 16 2 6 3 9 18 7 4 10 5 1 14 15 12 
student 358: 7 18 20 6 19 14 12 9 4 8 5 10 13 16 11 15 3 17 1 2 
student 359: 17 14 20 19 16 9 10 2 3 1 7 18 8 4 15 13 6 12 11 5 
student 360: 17 18 16 10 19 7 5 14 3 2 11 20 8 9 13 12 1 6 15 4 
student 361: 13 14 4 16 20 18 17 3 12 8 6 10 7 11 5 1 9 19 2 15 
student 362: 10 13 9 14 19 18 7 20 5 4 15 16 12 17 2 1 3 6 11 8 
student 363: 11 7 16 8 18 9 3 15 1 4 12 14 19 5 13 20 2 6 10 17 
student 364: 18 19 2 8 7 13 15 9 10 16 6 20 12 3 4 11 1 5 17 14 
student 365: 15 10 17 8 11 12 19 20 18 3 5 9 1 13 2 16 6 4 14 7 
student 366: 4 10 15 18 1 16 13 6 7 9 17 19 5 11 14 20 12 2 3 8 
student 367: 4 20 14 3 8 15 2 5 7 17 12 16 1 11 18 6 9 19 10 13 
student 368: 16 8 11 10 17 7 19 6 1 4 12 5 20 15 18 9 2 13 3 14 
student 369: 20 12 7 9 17 19 14 16 1 13 3 2 5 18 4 15 8 11 10 6 
student 370: 13 5 17 15 16 10 20 7 4 2 19 18 11 9 12 8 3 6 14 1 
student 371: 13 16 6 5 20 10 3 15 7 8 19 17 9 18 1 14 11 4 2 12 
student 372: 13 18 19 2 11 20 9 6 4 3 7 8 10 16 12 15 5 17 1 14 
student 373: 6 9 13 11 20 19 7 17 2 10 5 18 3 14 8 12 15 4 16 1 
student 374: 12 19 10 11 8 18 16 6 2 20 17 7 9 14 15 1 4 13 3 5 
student 375: 10 19 20 8 5 18 11 3 16 4 2 17 7 15 12 13 6 9 1 14 
student 376: 12 20 19 18 15 13 9 7 14 2 4 17 6 16 1 8 3 5 11 10 
student 377: 10 15 4 3 6 5 12 14 2 8 11 16 7 17 18 19 1 13 9 20 
student 378: 5 19 3 1 12 2 18 10 4 11 8 16 20 7 15 17 6 14 9 13 
student 379: 4 17 14 8 1 12 11 3 19 2 5 18 7 16 13 9 10 20 15 6 
student 380: 2 11 12 13 14 18 10 1 7 4 20 17 6 16 8 9 5 15 19 3 
student 381: 1 13 14 3 20 16 5 17 6 8 12 19 4 9 2 7 10 18 11 15 
student 382: 20 15 13 16 1 6 19 12 4 8 3 14 10 9 7 17 11 18 5 2 
student 383: 15 12 2 3 6 20 10 19 9 13 16 4 17 18 7 14 1 8 11 5 
student 384: 16 5 20 15 17 6 1 10 3 2 13 12 18 9 4 14 8 19 11 7 
student 385: 1 14 16 20 13 17 2 15 3 7 8 9 5 18 6 19 11 12 10 4 
student 386: 17 14 18 16 7 20 1 11 8 10 13 9 4 19 6 12 5 15 2 3 
student 387: 13 20 2 16 15 4 8 14 1 12 10 17 18 3 9 7 5 19 6 11 
student 388: 9 14 8 6 5 18 15 16 2 7 3 20 12 17 11 19 10 13 1 4 
student 389: 5 18 2 6 20 16 8 7 9 19 13 17 10 15 14 11 3 1 12 4 
student 390: 7 19 18 3 8 13 20 12 5 9 2 15 1 17 6 4 10 11 14 16 
student 391: 2 15 1 8 18 4 20 9 6 3 12 11 13 7 16 14 17 5 10 19 
student 392: 12 18 8 16 14 4 9 2 5 11 10 20 7 19 17 13 3 15 1 6 
student 393: 19 20 2 6 4 15 16 8 9 3 1 14 12 18 5 17 13 11 10 7 
student 394: 11 19 8 4 16 6 13 20 5 7 10 15 1 9 3 14 12 2 17 18 
student 395: 15 12 17 13 1 20 16 6 3 8 10 19 2 9 7 18 11 4 5 14 
student 396: 12 9 13 10 8 4 19 7 16 3 18 6 2 20 14 17 11 15 1 5 
student 397: 5 3 17 12 4 13 11 14 15 1 7 9 2 19 20 18 16 10 8 6 
student 398: 9 7 14 10 15 18 8 6 11 4 5 13 3 19 12 16 2 17 1 20 
student 399: 16 11 20 17 14 2 15 19 6 3 12 1 7 8 9 18 10 4 13 5 
student 400: 16 19 15 20 9 14 1 11 18 4 6 5 7 8 2 3 13 10 12 17 
student 401: 5 8 6 9 20 19 16 14 15 1 17 12 2 7 3 11 13 4 18 10 
student 402: 6 11 17 2 13 19 5 10 7 1 3 8 4 16 12 15 9 14 18 20 
student 403: 17 20 3 5 19 1 6 12 14 8 13 2 11 15 9 10 18 16 4 7 
student 404: 20 11 18 13 14 6 17 16 3 10 8 19 2 9 4 7 1 5 15 12 
student 405: 8 15 18 12 11 19 6 14 7 4 3 17 5 13 20 2 1 16 10 9 
student 406: 7 20 19 8 11 13 5 17 1 3 6 15 4 12 16 10 14 2 9 18 
student 407: 2 15 3 9 6 13 16 12 4 14 1 17 5 19 11 20 7 10 8 18 
student 408: 20 2 11 18 12 15 10 9 3 13 5 1 8 19 6 16 14 7 17 4 
student 409: 19 11 6 15 10 20 8 12 7 2 1 14 4 3 5 16 17 13 18 9 
student 410: 4 7 1 3 20 12 19 5 13 9 17 14 6 16 11 15 18 10 2 8 
student 411: 19 9 12 4 1 17 20 7 16 14 6 18 2 11 15 8 3 10 5 13 
student 412: 19 10 16 17 20 14 6 11 1 8 12 18 7 3 5 13 4 9 15 2 
student 413: 15 20 1 9 17 7 4 2 18 3 10 16 8 19 12 6 14 13 5 11 
student 414: 17 7 20 9 1 14 12 4 6 5 18 16 10 19 11 2 8 15 3 13 
student 415: 6 18 12 3 13 17 20 14 8 7 9 1 4 15 10 16 11 19 2 5 
student 416: 20 9 18 2 11 19 16 5 10 15 17 13 14 3 8 12 6 4 1 7 
student 417: 13 16 11 6 8 12 9 19 10 7 3 1 2 20 15 5 18 14 17 4 
student 418: 19 7 20 5 9 3 18 12 11 15 14 16 8 4 2 10 1 6 13 17 
student 419: 11 14 17 15 19 16 3 10 2 20 1 9 4 13 18 6 5 7 12 8 
student 420: 11 20 16 18 8 12 13 9 1 6 15 17 7 4 3 10 2 5 19 14 
student 421: 8 15 20 7 1 16 13 6 3 18 14 5 11 9 12 17 2 10 19 4 
student 422: 15 20 6 14 16 2 18 7 5 17 10 13 8 11 1 12 3 9 19 4 
student 423: 16 6 8 20 10 13 11 17 4 3 15 1 19 18 7 2 12 9 5 14 
student 424: 11 19 14 13 20 16 3 7 1 5 10 15 4 17 8 18 9 6 12 2 
student 425: 3 7 20 10 14 4 13 15 6 19 12 8 5 11 16 17 2 1 18 9 
student 426: 2 17 18 19 11 3 9 16 1 6 15 14 5 20 4 7 8 10 13 12 
student 427: 12 11 18 15 9 4 14 13 10 5 8 7 1 17 20 19 3 6 16 2 
student 428: 10 18 8 9 14 20 15 5 7 2 6 17 3 11 1 16 12 19 13 4 
student 429: 5 4 15 17 16 1 13 6 9 7 2 14 11 3 19 18 10 8 12 20 
student 430: 10 19 12 20 13 16 1 5 4 2 9 17 6 11 18 8 7 15 14 3 
student 431: 7 18 20 11 17 8 2 6 4 1 10 14 5 12 16 19 9 15 3 13 
student 432: 13 14 17 11 9 18 20 6 12 10 15 3 7 8 4 5 19 1 2 16 
student 433: 8 20 13 12 6 16 15 1 3 7 2 5 4 17 10 18 14 9 19 11 
student 434: 19 13 7 14 11 18 20 9 15 8 12 4 5 6 17 10 16 1 3 2 
student 435: 14 15 10 2 5 13 9 18 6 4 8 16 1 20 7 17 12 11 3 19 
student 436: 6 20 17 11 18 8 19 14 5 13 10 4 3 7 2 9 16 15 1 12 
student 437: 5 18 20 13 17 12 4 16 1 11 14 8 6 15 2 9 7 19 3 10 
student 438: 5 13 12 8 15 7 6 2 11 14 3 18 16 20 19 9 10 4 17 1 
student 439: 4 5 11 3 20 2 18 13 1 12 6 14 9 10 16 7 8 17 15 19 
student 440: 8 12 16 9 15 13 11 19 10 6 20 17 2 18 5 4 3 14 7 1 
student 441: 2 17 20 15 1 19 16 4 6 3 18 11 7 13 10 14 12 8 9 5 
student 442: 2 16 14 13 18 17 4 8 10 15 9 12 5 19 1 7 3 20 6 11 
student 443: 9 17 20 2 7 18 11 15 5 12 3 16 14 4 10 13 6 19 8 1 
student 444: 11 16 13 6 20 17 7 10 1 9 2 8 3 15 5 14 19 18 12 4 
student 445: 7 1 11 18 20 9 13 16 6 10 17 19 5 3 12 14 2 4 8 15 
student 446: 10 13 6 4 16 19 18 8 1 2 7 15 5 11 20 14 12 9 3 17 
student 447: 10 18 20 12 17 14 5 13 9 1 8 15 2 7 19 3 6 16 4 11 
student 448: 8 19 16 13 18 12 9 5 6 3 4 14 2 1 7 15 17 11 20 10 
student 449: 10 13 16 7 15 19 14 17 1 3 8 12 4 18 2 9 6 20 11 5 
student 450: 17 19 6 4 7 16 2 1 3 10 13 9 8 12 5 14 11 18 20 15 
student 451: 10 19 11 4 3 14 7 15 5 1 12 17 6 20 13 8 18 2 9 16 
student 452: 11 18 8 14 17 13 12 19 10 5 9 3 6 20 1 4 2 16 7 15 
student 453: 4 18 8 13 12 7 16 10 6 9 19 15 2 3 11 17 1 14 5 20 
student 454: 3 20 13 14 15 12 6 8 2 9 16 18 1 7 10 5 17 4 19 11 
student 455: 17 14 18 1 11 16 8 2 6 19 3 20 13 12 7 15 4 9 10 5 
student 456: 1 3 5 10 17 19 9 12 14 8 13 15 20 6 16 18 11 7 4 2 
student 457: 7 17 14 2 9 6 20 15 4 5 8 19 13 16 3 11 10 18 1 12 
student 458: 4 18 7 13 8 20 17 12 1 19 6 10 5 15 9 16 3 14 11 2 
student 459: 19 18 7 13 14 15 5 2 3 11 17 6 12 16 4 9 8 1 20 10 
student 460: 13 15 20 7 14 4 18 8 2 3 17 19 5 16 6 12 9 1 10 11 
student 461: 19 11 2 5 6 17 8 13 9 4 1 7 3 18 20 12 10 14 15 16 
student 462: 7 13 20 8 16 18 19 14 4 1 10 15 3 11 6 17 5 2 9 12 
student 463: 11 16 9 8 12 10 7 19 15 14 4 1 5 20 6 18 3 17 2 13 
student 464: 11 10 17 12 19 18 5 13 20 3 4 15 2 1 14 8 9 7 6 16 
student 465: 3 7 19 15 16 8 17 14 13 2 9 4 1 20 18 12 10 5 11 6 
student 466: 1 18 14 3 11 20 15 10 4 7 19 17 5 16 2 8 9 6 12 13 
student 467: 18 11 19 7 1 20 12 5 8 10 9 17 3 4 13 6 2 16 15 14 
student 468: 13 11 15 7 12 9 17 16 5 2 8 18 20 14 6 3 1 4 19 10 
student 469: 7 12 10 1 4 11 16 18 8 14 5 13 2 17 15 9 6 20 3 19 
student 470: 5 17 13 15 8 9 16 1 12 3 7 20 4 19 10 11 18 2 6 14 
student 471: 7 3 9 4 18 17 19 20 2 13 1 8 6 12 10 11 15 14 16 5 
student 472: 4 18 15 6 12 1 17 20 3 5 10 14 13 11 16 19 2 7 9 8 
student 473: 13 17 1 15 18 8 14 19 5 12 9 16 2 11 3 4 7 20 6 10 
student 474: 4 19 16 7 12 1 15 13 2 9 5 10 11 18 17 6 3 20 8 14 
student 475: 16 5 11 4 3 8 20 7 14 9 13 18 1 15 19 6 2 10 12 17 
student 476: 15 19 17 11 10 16 9 2 8 1 18 3 6 20 5 7 13 14 4 12 
student 477: 7 20 4 5 12 18 14 8 3 1 15 9 11 6 2 17 10 19 16 13 
student 478: 17 20 16 4 12 18 11 2 3 7 15 5 14 9 1 6 13 10 19 8 
student 479: 6 8 15 3 9 17 5 18 12 13 11 10 2 20 7 19 4 1 16 14 
student 480: 9 18 7 19 14 5 8 6 13 4 10 20 12 1 16 3 11 2 15 17 
student 481: 7 14 17 6 9 20 1 5 8 3 4 11 18 16 13 12 19 15 2 10 
student 482: 13 11 5 4 16 8 14 3 20 18 19 15 6 7 10 17 2 1 9 12 
student 483: 2 17 13 1 10 20 7 4 8 11 12 16 6 14 5 9 3 19 18 15 
student 484: 7 9 19 8 10 14 16 4 2 6 13 15 5 17 3 20 1 12 11 18 
student 485: 8 12 20 15 13 14 7 2 1 4 9 17 5 19 10 18 6 16 3 11 
student 486: 5 12 10 14 20 11 6 13 3 8 4 19 1 16 15 17 18 2 7 9 
student 487: 4 9 20 2 8 13 7 15 6 10 3 14 1 17 12 16 11 18 19 5 
student 488: 5 1 2 19 16 18 11 10 6 8 3 20 9 13 7 17 12 15 4 14 
student 489: 4 17 9 6 16 20 18 1 12 13 2 11 3 14 19 5 10 8 7 15 
student 490: 9 19 11 5 16 13 4 18 10 1 20 8 2 17 6 14 3 7 12 15 
student 491: 16 17 18 3 8 15 4 11 10 6 5 14 9 13 7 20 2 1 19 12 
student 492: 10 16 15 9 2 4 18 11 1 8 20 13 14 12 7 6 5 3 17 19 
student 493: 13 4 18 8 10 15 16 12 17 9 5 20 6 19 1 11 3 2 7 14 
student 494: 2 10 13 1 9 12 19 8 11 5 18 4 16 17 20 15 3 14 6 7 
student 495: 14 16 19 8 4 20 9 1 6 12 17 18 15 7 3 2 10 5 13 11 
student 496: 12 17 20 18 7 16 3 13 6 9 8 11 5 14 10 15 1 2 4 19 
student 497: 7 8 20 16 5 6 19 1 4 10 11 18 13 17 3 2 12 14 9 15 
student 498: 1 13 10 2 19 17 5 4 14 7 16 11 9 3 8 15 12 20 6 18 
student 499: 1 2 20 16 11 10 7 19 8 12 4 14 5 17 6 15 13 18 9 3 
student 500: 15 19 7 17 14 8 10 5 1 9 6 16 3 12 11 20 2 18 4 13 
student 501: 4 16 6 14 11 10 12 20 9 3 5 17 1 7 18 15 2 19 8 13 
student 502: 11 17 10 5 19 13 20 8 4 14 1 12 2 15 9 18 7 3 6 16 
student 503: 10 15 8 9 3 20 12 11 2 1 5 19 7 14 4 13 17 16 6 18 
student 504: 8 10 11 1 16 17 20 9 5 6 14 7 4 18 13 15 12 3 2 19 
student 505: 7 15 3 2 19 18 20 4 11 9 14 17 13 10 6 16 5 12 1 8 
student 506: 4 17 1 6 7 16 19 15 18 2 20 8 12 5 11 13 10 3 9 14 
student 507: 12 8 10 5 2 20 3 16 13 18 15 7 9 19 14 6 4 17 11 1 
student 508: 16 13 12 10 19 20 2 7 3 5 9 15 18 8 6 11 4 1 14 17 
student 509: 4 18 6 1 16 20 3 11 2 19 8 7 10 15 14 17 5 13 12 9 
student 510: 1 17 15 4 19 14 10 20 8 18 11 12 2 6 13 9 3 5 16 7 
student 511: 10 5 13 6 12 20 4 7 18 11 8 15 1 9 14 16 19 2 17 3 
student 512: 4 20 1 3 12 8 17 14 6 2 16 18 9 19 11 10 13 5 7 15 
student 513: 20 4 13 2 11 6 18 10 5 12 3 16 9 17 8 15 1 7 14 19 
student 514: 7 8 12 11 17 5 14 2 3 4 13 19 1 9 15 18 6 10 20 16 
student 515: 3 20 8 2 6 12 14 9 15 4 7 13 1 16 18 11 19 5 10 17 
student 516: 13 19 20 17 16 11 9 14 3 2 12 8 1 18 7 15 10 6 4 5 
student 517: 7 4 20 9 8 18 2 17 6 19 11 15 5 13 10 16 1 12 3 14 
student 518: 16 11 18 1 5 20 8 3 2 12 13 4 9 19 10 14 15 7 6 17 
student 519: 7 20 10 13 16 9 5 6 18 1 3 4 15 14 19 8 2 17 11 12 
student 520: 5 16 14 12 9 11 8 6 4 7 18 20 2 17 15 19 1 10 3 13 
student 521: 2 18 17 12 19 10 9 6 1 8 16 15 3 20 13 14 5 4 7 11 
student 522: 6 17 13 7 11 10 14 8 9 2 5 20 19 12 18 16 1 4 3 15 
student 523: 14 16 9 15 4 13 7 5 12 6 1 20 2 17 19 10 11 8 3 18 
student 524: 18 13 9 7 14 3 6 20 10 17 1 19 5 15 2 4 8 11 12 16 
student 525: 17 2 16 14 20 13 12 9 1 3 8 18 5 4 6 10 15 11 7 19 
student 526: 5 8 19 2 18 17 10 9 13 3 7 12 1 20 16 6 4 14 15 11 
student 527: 8 4 20 1 12 11 14 7 10 9 16 17 3 15 19 18 13 2 5 6 
student 528: 20 19 18 9 16 17 11 10 4 13 12 15 8 1 14 2 5 6 7 3 
student 529: 13 2 20 12 4 6 18 19 1 7 15 14 3 8 16 17 9 5 11 10 
student 530: 6 13 19 3 4 7 8 20 1 12 16 14 2 17 10 5 15 11 9 18 
student 531: 11 7 5 12 16 8 19 2 1 6 4 14 3 18 9 20 17 13 15 10 
student 532: 8 12 20 9 7 13 18 4 6 2 15 19 1 17 10 16 3 5 11 14 
student 533: 10 17 18 7 16 15 5 1 2 6 9 13 19 14 4 20 3 12 11 8 
student 534: 17 11 7 9 4 12 14 6 13 18 8 5 16 19 20 10 1 15 2 3 
student 535: 9 16 4 18 7 19 17 6 13 1 2 11 8 10 14 12 5 3 20 15 
student 536: 20 19 13 1 4 10 18 3 9 17 16 2 7 5 14 12 15 8 6 11 
student 537: 16 14 10 7 9 20 19 3 17 11 8 13 2 4 18 1 5 12 6 15 
student 538: 8 12 14 16 17 11 9 10 20 4 15 6 3 18 19 1 5 13 7 2 
student 539: 10 16 18 14 6 5 13 4 8 3 2 17 9 19 7 12 1 20 15 11 
student 540: 6 16 8 11 1 3 5 10 4 13 2 12 9 15 18 7 14 20 19 17 
student 541: 18 20 13 11 1 4 14 5 12 10 6 17 9 15 19 16 8 7 3 2 
student 542: 5 16 19 1 20 18 7 12 17 3 2 14 15 6 9 13 4 11 10 8 
student 543: 7 12 10 4 1 15 13 6 18 5 16 20 14 8 11 3 19 17 2 9 
student 544: 3 14 17 12 20 19 5 9 1 10 4 15 7 16 13 18 11 6 8 2 
student 545: 5 18 8 2 4 9 10 7 13 14 12 19 1 17 20 3 6 15 16 11 
student 546: 10 18 4 9 12 20 17 6 2 14 7 11 1 15 19 13 5 3 16 8 
student 547: 10 20 17 5 1 14 18 8 11 19 9 12 4 13 6 15 7 3 16 2 
student 548: 20 12 14 4 5 3 1 19 7 9 16 17 8 15 6 2 11 10 18 13 
student 549: 11 13 19 16 10 1 20 14 8 5 3 17 2 9 18 4 7 12 15 6 
student 550: 16 11 17 7 2 20 14 13 3 9 6 1 4 15 8 10 18 19 5 12 
student 551: 12 20 9 11 5 7 13 15 1 3 8 2 16 10 14 18 6 4 19 17 
student 552: 11 14 8 5 16 9 10 12 4 3 15 7 2 17 20 19 13 1 18 6 
student 553: 7 18 8 16 17 12 14 10 2 5 11 6 19 13 4 20 1 9 3 15 
student 554: 10 4 15 1 7 5 19 17 12 3 16 20 6 14 13 11 2 18 8 9 
student 555: 3 18 16 1 4 6 14 20 2 11 9 5 15 17 10 19 7 8 13 12 
student 556: 13 18 19 5 9 6 15 7 1 8 14 17 20 16 11 10 3 4 2 12 
student 557: 4 12 1 19 8 15 13 20 18 6 7 17 2 14 10 3 11 16 5 9 
student 558: 8 12 18 6 17 4 5 19 9 15 1 13 2 3 14 7 10 20 16 11 
student 559: 14 16 20 19 3 18 2 9 4 12 10 11 1 6 15 13 8 7 17 5 
student 560: 2 4 13 1 11 15 10 14 5 19 6 18 12 17 16 20 9 8 3 7 
student 561: 18 12 13 14 9 16 19 2 5 11 8 1 3 20 15 17 4 7 6 10 
student 562: 15 20 19 9 1 16 17 8 2 7 5 13 14 18 6 12 11 3 4 10 
student 563: 11 20 17 6 13 5 15 10 3 4 1 12 2 18 9 14 8 7 16 19 
student 564: 19 15 14 8 7 13 18 11 16 3 6 20 1 10 17 12 4 2 5 9 
student 565: 8 17 7 5 11 19 6 4 14 18 13 12 2 10 1 15 20 3 16 9 
student 566: 9 7 18 11 2 12 17 15 1 6 13 20 3 14 4 10 16 8 5 19 
student 567: 13 12 18 17 20 4 5 15 8 3 7 14 2 16 11 19 9 10 6 1 
student 568: 10 20 11 14 18 15 16 9 3 8 2 17 1 12 19 7 4 13 5 6 
student 569: 7 20 9 6 2 15 10 12 3 14 11 1 13 18 5 19 17 8 4 16 
student 570: 11 19 17 14 10 12 2 3 1 8 9 16 13 7 15 5 6 18 4 20 
student 571: 17 19 7 6 16 13 20 12 3 4 2 18 5 15 8 14 1 11 9 10 
student 572: 17 7 11 2 8 14 18 19 9 6 3 20 10 16 1 4 12 5 13 15 
student 573: 6 18 19 9 16 1 15 3 11 5 10 13 12 20 4 7 2 8 14 17 
student 574: 6 8 9 17 7 19 18 20 4 1 5 14 12 10 2 16 13 15 3 11 
student 575: 14 19 13 4 12 15 11 9 6 1 3 17 2 20 8 18 5 10 7 16 
student 576: 8 13 18 10 15 9 14 20 2 17 12 11 4 16 5 7 6 3 1 19 
student 577: 14 13 12 6 10 19 16 4 11 1 5 2 9 17 15 8 7 18 3 20 
student 578: 6 17 19 13 11 20 15 14 2 5 10 9 7 3 12 8 4 18 1 16 
student 579: 13 14 8 2 20 1 18 15 12 17 7 10 5 9 19 16 6 3 4 11 
student 580: 10 18 19 4 11 15 8 1 6 7 16 20 2 13 3 12 9 5 17 14 
student 581: 17 20 14 19 10 8 7 12 4 1 18 11 9 16 6 15 5 3 2 13 
student 582: 1 16 17 8 14 12 18 5 3 4 7 6 2 19 20 11 15 10 9 13 
student 583: 1 15 19 5 17 16 13 9 8 2 12 14 3 20 4 18 6 7 11 10 
student 584: 7 20 15 5 19 18 4 1 3 9 6 12 14 16 8 17 11 10 2 13 
student 585: 3 18 15 5 4 8 17 2 7 1 9 16 10 20 12 14 11 13 19 6 
student 586: 16 17 15 10 18 20 9 4 6 7 14 13 1 12 19 8 5 11 2 3 
student 587: 2 20 9 4 8 6 11 19 16 14 17 12 5 15 18 1 3 7 10 13 
student 588: 12 13 8 16 5 4 18 9 2 11 1 7 3 10 14 19 6 15 20 17 
student 589: 17 19 16 5 15 13 18 4 2 7 3 6 9 12 11 1 14 10 8 20 
student 590: 2 20 18 15 14 4 8 5 16 13 10 19 6 7 17 9 11 1 12 3 
student 591: 13 1 18 3 14 8 15 17 6 16 4 19 10 9 12 20 5 7 11 2 
student 592: 2 19 20 12 15 5 16 8 6 4 9 10 7 3 13 11 1 18 17 14 
student 593: 11 2 20 8 14 17 16 3 7 9 13 18 4 12 1 19 15 5 6 10 
student 594: 13 20 9 10 19 3 1 12 8 2 4 15 18 11 7 5 6 16 17 14 
student 595: 17 18 19 3 16 15 9 20 6 2 14 13 4 11 1 7 5 12 8 10 
student 596: 14 15 16 4 20 3 17 5 9 11 8 7 2 18 19 1 12 13 6 10 
student 597: 13 18 19 17 1 20 5 3 4 10 6 11 2 15 9 14 8 16 7 12 
student 598: 13 4 15 11 18 7 9 17 5 3 14 12 20 16 19 1 6 8 2 10 
student 599: 20 18 4 19 12 16 8 1 5 17 10 7 13 14 3 11 9 2 6 15 
student 600: 13 10 19 14 20 12 11 4 9 7 2 3 6 17 16 15 1 8 18 5 
student 601: 15 17 16 5 3 12 7 14 8 9 6 19 1 4 18 20 2 10 13 11 
student 602: 8 16 12 3 10 19 6 17 5 1 7 20 11 13 9 18 15 14 2 4 
student 603: 3 19 11 4 8 5 20 2 15 17 18 12 7 13 16 14 10 6 1 9 
student 604: 10 20 8 1 11 4 16 13 14 2 6 18 3 12 19 7 15 5 9 17 
student 605: 10 20 1 11 16 6 19 18 7 15 4 13 9 12 2 17 5 14 3 8 
student 606: 17 19 18 16 20 15 7 8 1 11 4 2 5 13 9 10 6 12 3 14 
student 607: 3 7 15 4 12 20 6 17 2 11 8 16 13 19 18 10 9 14 1 5 
student 608: 17 19 16 5 15 11 8 1 7 20 14 12 6 18 13 9 10 2 3 4 
student 609: 12 9 20 6 3 7 15 17 2 5 18 13 1 8 11 14 16 10 4 19 
student 610: 16 20 3 4 8 14 12 2 10 1 7 18 17 13 6 15 5 9 11 19 
student 611: 4 10 3 20 8 11 13 16 6 1 14 19 18 17 9 5 7 12 2 15 
student 612: 17 18 14 1 6 8 5 7 9 2 11 20 4 16 3 13 15 19 10 12 
student 613: 20 19 3 7 17 15 10 18 4 6 13 14 9 11 5 2 16 12 1 8 
student 614: 15 4 16 8 13 1 17 12 2 5 7 10 11 18 20 19 9 3 6 14 
student 615: 11 15 16 3 7 18 6 4 5 17 1 2 20 12 13 10 14 8 9 19 
student 616: 8 20 19 13 9 16 17 14 4 12 15 1 2 11 3 10 5 6 7 18 
student 617: 11 17 14 3 4 5 15 18 19 2 1 10 9 8 12 20 6 13 7 16 
student 618: 11 18 15 6 7 14 5 8 3 10 1 20 2 12 16 19 9 13 17 4 
student 619: 20 15 16 7 19 17 14 10 9 8 5 3 1 18 2 11 12 13 6 4 
student 620: 6 14 9 10 18 20 12 15 8 3 2 13 19 5 1 11 4 7 16 17 
student 621: 2 7 11 9 3 5 1 14 10 16 17 13 8 19 12 6 4 20 15 18 
student 622: 17 15 16 18 2 12 19 20 1 3 8 11 4 10 14 5 6 13 7 9 
student 623: 13 18 17 19 14 12 15 7 2 1 4 3 9 6 10 8 5 16 11 20 
student 624: 14 17 15 12 5 18 11 10 1 8 7 19 3 9 13 16 2 20 4 6 
student 625: 5 14 16 8 19 13 6 15 9 4 1 11 2 18 7 17 10 20 3 12 
student 626: 6 12 2 8 10 19 20 1 4 17 9 11 18 15 7 16 3 13 14 5 
student 627: 14 17 20 16 8 19 11 4 3 1 5 13 9 7 15 12 2 6 10 18 
student 628: 7 9 14 18 3 12 16 8 5 15 1 20 6 10 17 19 4 13 2 11 
student 629: 10 4 13 7 3 6 15 18 19 5 2 20 1 17 11 16 8 12 9 14 
student 630: 20 13 2 9 19 14 5 6 1 8 7 16 3 17 18 11 4 15 10 12 
student 631: 8 19 2 18 7 13 17 14 1 10 3 4 12 15 11 20 5 9 16 6 
student 632: 13 12 2 4 20 1 15 18 11 16 14 9 6 7 19 3 10 17 8 5 
student 633: 9 14 8 12 10 18 4 17 2 3 16 15 5 19 13 7 6 1 11 20 
student 634: 3 20 14 10 8 16 11 1 5 6 12 13 19 17 2 15 18 7 4 9 
student 635: 7 9 13 20 11 10 16 3 17 18 14 5 1 15 4 6 19 12 2 8 
student 636: 17 19 6 12 3 18 16 1 8 10 13 9 11 20 7 14 15 2 4 5 
student 637: 6 12 4 19 11 16 5 7 15 8 13 9 20 14 3 18 10 17 1 2 
student 638: 9 20 18 10 6 8 13 1 17 16 14 19 11 15 5 4 3 12 2 7 
student 639: 18 7 13 20 11 19 17 8 3 10 15 9 5 12 4 2 14 16 6 1 
student 640: 18 15 12 9 7 17 16 10 6 2 11 19 3 1 20 14 13 5 8 4 
student 641: 20 16 13 15 1 11 17 2 12 4 18 7 3 6 14 19 5 8 10 9 
student 642: 7 12 10 1 3 5 15 16 4 11 2 20 9 17 8 13 6 19 18 14 
student 643: 5 11 17 1 12 20 13 9 3 2 7 19 8 14 18 16 10 15 6 4 
student 644: 12 17 11 2 7 13 16 3 20 14 9 8 1 18 5 6 4 15 10 19 
student 645: 10 7 15 1 16 11 9 8 12 6 13 17 3 19 18 4 2 14 5 20 
student 646: 15 6 19 14 16 1 7 8 9 12 17 5 18 10 20 11 4 2 3 13 
student 647: 14 19 5 12 7 16 10 3 9 8 18 13 1 4 15 20 11 2 17 6 
student 648: 5 12 14 2 15 18 10 6 3 9 4 20 8 19 13 17 11 1 7 16 
student 649: 10 18 20 9 11 16 12 8 17 15 14 6 5 13 3 2 1 7 19 4 
student 650: 7 20 19 8 2 1 12 14 13 4 9 10 3 6 15 16 5 17 18 11 
student 651: 20 14 19 3 11 12 4 9 15 2 13 6 8 1 10 18 7 16 17 5 
student 652: 6 19 15 4 11 14 2 5 3 13 8 16 1 20 18 12 9 7 17 10 
student 653: 3 20 16 5 17 14 9 15 13 1 7 19 2 12 18 8 11 4 6 10 
student 654: 15 19 9 2 6 16 18 17 1 11 10 8 4 14 12 13 20 7 5 3 
student 655: 9 20 14 1 13 7 19 15 2 5 11 3 10 4 16 18 8 6 17 12 
student 656: 17 13 20 9 10 8 11 2 1 6 14 12 16 7 19 15 5 18 3 4 
student 657: 19 2 18 1 11 20 12 10 3 15 17 13 8 16 6 14 5 9 4 7 
student 658: 12 3 18 5 15 8 17 14 1 11 6 20 9 13 19 16 4 10 2 7 
student 659: 7 3 1 13 12 16 17 11 14 18 15 5 10 20 6 9 8 2 4 19 
student 660: 4 20 8 15 7 18 13 10 9 3 14 19 2 11 5 16 12 6 17 1 
student 661: 19 17 18 4 13 12 14 3 11 16 5 7 10 20 2 15 1 9 8 6 
student 662: 3 15 8 14 7 18 12 19 2 11 20 17 1 16 6 4 9 5 13 10 
student 663: 2 13 10 1 20 19 8 6 4 5 7 11 12 17 14 18 3 9 15 16 
student 664: 11 3 13 12 10 1 14 5 2 4 18 6 8 16 19 20 9 7 15 17 
student 665: 9 8 13 11 15 18 17 1 2 4 3 19 14 20 10 16 6 12 5 7 
student 666: 15 8 20 3 4 12 18 11 2 7 10 9 16 19 13 6 5 17 14 1 
student 667: 14 15 1 7 11 12 6 17 4 9 3 20 2 19 10 18 13 5 8 16 
student 668: 13 11 19 2 7 14 17 15 9 4 6 10 3 12 1 20 8 18 5 16 
student 669: 14 17 11 3 5 20 7 13 6 8 9 16 4 10 19 12 1 15 18 2 
student 670: 14 17 16 10 2 20 6 12 7 3 4 15 13 18 19 11 9 8 5 1 
student 671: 7 18 19 1 20 15 10 5 4 12 14 11 6 3 16 17 2 8 9 13 
student 672: 19 15 9 13 3 16 8 14 1 4 17 12 6 20 7 5 11 2 10 18 
student 673: 13 14 19 17 10 15 8 6 2 18 9 16 5 11 3 12 4 7 20 1 
student 674: 4 19 11 3 7 17 2 6 14 16 8 10 15 13 9 20 1 5 12 18 
student 675: 8 16 15 2 12 14 20 6 3 4 19 17 5 9 7 13 18 10 1 11 
student 676: 17 1 13 2 19 15 11 18 5 12 3 14 10 9 7 20 8 4 6 16 
student 677: 16 9 1 14 13 20 15 7 6 5 17 18 12 19 11 4 10 3 8 2 
student 678: 5 20 11 16 2 19 13 7 1 3 4 8 18 17 14 9 6 15 10 12 
student 679: 1 17 20 8 11 18 19 4 10 3 13 7 6 15 14 12 5 16 2 9 
student 680: 1 8 13 6 7 10 11 20 3 2 12 17 14 19 15 18 4 5 16 9 
student 681: 5 18 20 11 8 7 16 12 6 3 19 15 1 17 2 9 4 10 14 13 
student 682: 20 14 17 10 5 16 11 18 1 9 2 15 8 19 6 12 13 7 4 3 
student 683: 14 17 19 2 18 9 8 7 3 12 4 15 11 1 20 10 5 13 16 6 
student 684: 1 8 2 19 4 12 5 18 17 7 15 9 14 13 11 6 3 16 10 20 
student 685: 1 11 15 10 6 5 4 12 2 8 20 17 3 13 14 7 18 16 19 9 
student 686: 11 5 8 12 10 1 3 18 14 6 15 9 7 17 16 19 13 20 2 4 
student 687: 2 6 16 19 11 1 9 10 5 14 3 17 13 8 12 4 7 18 20 15 
student 688: 3 19 7 2 4 14 5 8 18 9 10 12 1 20 17 15 16 6 13 11 
student 689: 11 16 7 8 15 18 3 19 2 6 14 10 5 9 20 17 4 12 13 1 
student 690: 20 16 9 4 8 6 13 5 1 17 3 15 2 18 10 19 12 11 14 7 
student 691: 5 12 20 15 9 16 10 11 13 6 14 7 4 17 3 8 18 2 1 19 
student 692: 6 9 18 1 13 12 16 7 3 20 4 15 2 11 8 10 5 14 17 19 
student 693: 13 16 18 7 6 19 4 10 5 1 3 14 2 20 11 12 8 15 9 17 
student 694: 12 10 1 8 15 11 14 19 13 3 2 16 5 18 17 6 4 7 20 9 
student 695: 18 19 1 14 5 16 13 20 15 11 12 8 2 7 10 17 9 4 6 3 
student 696: 10 16 6 5 11 18 15 13 4 2 9 20 1 12 14 19 8 7 3 17 
student 697: 2 16 3 7 6 14 10 1 11 9 13 19 4 20 5 17 8 12 18 15 
student 698: 1 10 17 11 14 6 20 16 2 9 5 7 3 4 13 19 15 18 12 8 
student 699: 19 5 20 8 15 11 12 18 1 4 9 17 2 14 3 10 6 13 7 16 
student 700: 20 7 5 8 9 10 12 15 6 3 1 18 2 19 17 11 16 4 13 14 
student 701: 13 7 15 16 11 19 5 9 2 8 12 3 20 1 6 17 10 4 14 18 
student 702: 3 17 6 9 12 20 13 19 1 11 5 8 4 7 18 14 2 16 10 15 
student 703: 5 10 11 13 15 8 17 14 12 1 18 9 16 2 6 20 4 19 7 3 
student 704: 12 18 10 20 16 6 14 5 1 13 8 11 9 4 15 17 19 3 2 7 
student 705: 1 9 20 7 13 19 18 8 3 10 4 15 5 16 12 17 11 6 2 14 
student 706: 14 10 20 7 6 9 16 4 5 1 19 11 3 17 2 18 15 8 12 13 
student 707: 7 9 16 2 10 20 18 15 1 6 11 5 13 12 19 17 4 14 8 3 
student 708: 5 11 20 14 9 16 19 10 17 6 1 7 2 12 18 15 13 4 3 8 
student 709: 6 9 19 10 11 4 14 7 17 12 15 13 16 5 20 3 8 18 1 2 
student 710: 12 18 20 7 10 15 19 1 11 3 17 14 5 16 4 6 9 13 8 2 
student 711: 15 18 9 7 19 11 12 1 5 3 6 20 16 14 10 13 2 17 8 4 
student 712: 12 16 19 3 11 9 20 14 8 2 4 10 13 7 18 6 15 17 1 5 
student 713: 15 9 12 5 20 18 11 8 10 13 6 19 7 14 4 17 3 2 1 16 
student 714: 5 18 13 15 3 10 20 1 12 19 2 11 8 14 16 17 7 6 9 4 
student 715: 10 17 14 7 9 13 16 8 19 5 6 3 12 18 15 11 4 20 2 1 
student 716: 13 16 17 5 11 15 6 7 1 10 20 9 12 19 4 18 2 14 8 3 
student 717: 9 14 10 15 5 17 18 12 2 4 11 13 8 20 6 3 1 16 7 19 
student 718: 16 12 1 2 4 10 17 19 3 13 7 20 8 9 11 18 6 14 5 15 
student 719: 15 17 8 7 4 3 6 18 1 5 11 20 16 19 9 10 13 12 2 14 
student 720: 20 8 14 6 5 15 7 19 1 12 11 2 3 4 16 18 13 10 9 17 
student 721: 8 20 7 9 10 6 13 4 11 1 18 2 5 15 17 19 14 16 3 12 
student 722: 8 1 14 6 15 20 13 18 3 9 19 4 11 12 10 17 2 5 7 16 
student 723: 12 10 15 14 19 11 9 18 8 16 3 4 1 20 17 13 6 2 7 5 
student 724: 12 18 9 7 6 13 8 1 4 17 2 10 15 20 3 19 5 16 14 11 
student 725: 16 20 18 4 1 17 19 13 2 8 5 6 10 15 12 7 3 11 14 9 
student 726: 4 19 18 9 13 16 20 1 6 2 11 7 10 3 8 15 5 17 12 14 
student 727: 13 15 20 11 12 19 18 16 4 3 9 5 10 8 2 6 7 17 1 14 
student 728: 11 4 17 2 16 3 15 18 1 7 13 20 5 12 6 19 10 14 8 9 
student 729: 12 20 13 18 5 10 16 19 8 6 7 11 15 17 2 14 1 9 3 4 
student 730: 11 19 17 8 18 10 4 9 2 5 7 12 20 13 14 16 6 1 3 15 
student 731: 9 13 15 1 7 20 18 19 11 17 2 14 8 16 6 10 12 4 5 3 
student 732: 17 19 16 7 13 6 20 9 2 3 15 8 1 4 5 18 11 10 12 14 
student 733: 1 20 14 12 4 16 18 15 6 8 19 17 10 11 13 3 2 9 5 7 
student 734: 3 11 12 16 18 4 20 2 8 15 9 1 7 10 6 5 14 13 19 17 
student 735: 9 16 20 2 3 18 5 17 7 4 12 11 19 14 15 6 8 10 13 1 
student 736: 19 10 16 6 11 14 5 12 2 7 4 20 1 18 13 17 3 8 9 15 
student 737: 5 16 8 17 6 7 13 3 20 2 14 18 10 19 4 15 12 1 9 11 
student 738: 1 19 17 11 3 9 5 6 14 16 12 18 20 7 13 8 2 15 10 4 
student 739: 10 18 12 5 11 8 4 17 1 9 13 15 6 16 3 20 7 19 2 14 
student 740: 16 10 2 20 12 8 15 6 4 3 5 19 14 11 9 13 17 7 18 1 
student 741: 2 12 3 7 8 6 5 17 15 11 9 1 14 18 20 16 10 19 4 13 
student 742: 12 16 15 10 13 19 3 18 1 7 5 8 4 6 14 2 9 20 11 17 
student 743: 11 18 15 1 17 12 19 2 3 20 5 16 4 8 7 14 6 10 13 9 
student 744: 13 19 11 3 6 12 20 18 2 10 4 8 15 14 16 17 1 5 7 9 
student 745: 10 2 20 1 8 6 12 18 16 5 19 17 7 13 14 4 3 9 15 11 
student 746: 5 7 15 3 8 9 18 12 16 2 17 19 20 10 1 14 6 13 4 11 
student 747: 8 9 20 2 19 17 7 11 1 14 5 15 3 6 18 16 12 10 4 13 
student 748: 16 9 19 14 11 8 15 7 1 13 2 20 12 18 4 3 6 10 5 17 
student 749: 11 19 1 4 17 20 12 2 16 3 6 7 10 9 13 14 5 18 8 15 
student 750: 10 16 9 3 7 2 18 12 6 4 5 20 8 11 17 13 14 1 19 15 
student 751: 2 16 15 7 18 5 19 12 17 8 10 20 4 3 13 1 6 9 11 14 
student 752: 13 19 14 3 18 20 12 16 4 17 6 7 11 2 9 8 15 1 10 5 
student 753: 17 6 11 3 13 14 5 19 16 1 18 20 9 7 4 12 2 10 8 15 
student 754: 5 3 18 11 4 6 10 16 7 2 14 12 9 20 13 19 15 1 8 17 
student 755: 15 12 18 9 10 11 6 4 3 8 7 5 13 19 1 2 14 17 16 20 
student 756: 1 8 10 3 20 18 15 11 9 14 16 19 5 17 6 13 12 2 4 7 
student 757: 15 18 2 10 14 7 17 20 5 4 11 13 8 1 16 19 9 6 3 12 
student 758: 19 17 14 9 15 18 2 5 1 7 10 16 4 20 6 8 3 11 13 12 
student 759: 7 17 13 10 6 3 19 18 1 16 12 8 2 20 9 11 15 14 4 5 
student 760: 3 18 13 9 15 17 14 8 5 7 4 19 11 20 10 16 2 1 6 12 
student 761: 9 17 8 1 6 18 14 13 2 7 10 12 3 11 4 15 5 19 20 16 
student 762: 16 19 5 9 20 14 12 13 4 8 2 11 6 1 15 10 3 18 17 7 
student 763: 5 14 9 11 4 15 2 10 16 12 7 19 1 18 6 17 13 20 8 3 
student 764: 19 2 18 1 10 17 5 11 14 16 3 13 12 20 4 15 6 9 8 7 
student 765: 5 6 17 15 13 16 12 7 10 9 1 2 11 3 14 18 20 4 19 8 
student 766: 3 17 13 1 8 16 18 14 7 2 19 5 4 9 12 11 6 20 10 15 
student 767: 18 16 5 7 8 14 9 15 1 3 2 17 6 20 4 11 12 19 13 10 
student 768: 3 14 16 10 17 8 19 13 1 4 2 18 5 20 7 15 12 6 9 11 
student 769: 1 15 19 3 7 12 6 16 14 4 8 10 2 17 9 13 20 5 11 18 
student 770: 19 20 15 1 4 12 11 7 3 6 2 8 14 17 13 9 5 16 10 18 
student 771: 3 1 20 4 14 16 8 19 13 5 11 18 2 17 12 15 6 7 10 9 
student 772: 10 16 4 5 13 19 8 11 3 7 14 1 9 12 15 6 2 20 18 17 
student 773: 5 12 6 14 17 4 10 1 11 3 19 15 2 16 18 20 13 9 7 8 
student 774: 8 3 13 20 6 15 10 19 14 1 7 9 5 18 16 12 4 11 17 2 
student 775: 6 20 9 12 18 13 5 8 17 10 14 4 3 16 2 15 1 19 11 7 
student 776: 3 4 10 8 19 20 16 5 14 2 12 9 1 18 6 17 11 7 13 15 
student 777: 17 19 18 5 13 15 20 4 11 2 7 9 16 3 14 6 1 8 12 10 
student 778: 7 12 8 6 1 17 20 10 11 4 3 16 13 18 9 19 5 15 2 14 
student 779: 11 17 8 6 18 16 7 20 1 3 9 14 4 15 10 19 2 5 12 13 
student 780: 8 18 15 13 5 7 6 16 4 1 17 2 9 11 20 19 3 14 10 12 
student 781: 14 19 20 2 10 3 12 7 4 9 18 15 6 17 5 16 1 11 8 13 
student 782: 5 10 1 3 9 14 8 15 13 7 12 11 4 20 2 18 19 16 6 17 
student 783: 16 14 20 1 11 17 19 18 4 5 9 15 6 3 8 7 10 13 12 2 
student 784: 15 20 10 19 18 14 12 8 6 5 9 16 3 17 11 7 1 4 13 2 
student 785: 3 15 14 5 10 12 11 20 4 19 13 18 2 6 16 8 17 1 7 9 
student 786: 7 20 13 18 1 3 16 6 5 4 10 15 12 19 2 8 9 11 17 14 
student 787: 15 8 7 3 13 10 20 19 1 9 12 16 4 6 2 18 11 17 5 14 
student 788: 1 20 10 5 19 18 17 8 3 12 4 14 6 7 16 9 11 15 13 2 
student 789: 1 18 20 13 9 5 16 8 3 2 7 4 14 19 6 11 10 17 12 15 
student 790: 6 19 4 8 11 5 15 20 1 7 18 17 3 14 13 16 2 9 10 12 
student 791: 2 19 13 20 10 8 17 5 4 1 7 6 12 18 15 16 14 11 9 3 
student 792: 4 19 17 1 15 18 13 9 7 3 16 20 2 11 5 10 12 14 6 8 
student 793: 18 7 9 14 4 19 13 20 6 2 10 16 1 5 8 17 15 12 3 11 
student 794: 4 18 16 1 3 12 7 6 15 20 13 19 11 2 14 5 17 9 8 10 
student 795: 19 13 4 5 15 20 8 18 6 1 16 7 2 12 17 14 3 10 11 9 
student 796: 4 8 2 11 19 18 15 12 3 6 7 13 9 17 14 20 1 16 5 10 
student 797: 6 17 5 8 3 14 15 11 4 2 7 1 13 16 19 20 9 18 12 10 
student 798: 2 12 18 6 15 3 17 13 1 9 4 7 11 8 14 5 20 16 19 10 
student 799: 3 18 16 6 5 14 19 12 20 2 17 15 1 8 4 11 13 9 7 10 
