student 0: 1 7 10 17 8 14 9 16 15 2 3 12 13 18 6 4 5 20 11 19 
student 1: 14 5 7 18 6 15 17 13 20 2 3 1 19 16 11 10 4 9 8 12 
student 2: 3 5 9 7 2 8 14 18 17 16 4 6 13 11 1 19 15 20 10 12 
student 3: 6 15 14 11 5 4 19 18 17 8 9 3 10 12 13 1 2 20 16 7 
student 4: 10 6 3 1 4 2 18 15 14 20 8 17 7 13 19 5 16 12 9 11 
student 5: 16 12 3 5 4 8 6 13 18 19 17 2 15 14 11 20 9 1 10 7 
student 6: 16 12 7 10 3 4 18 17 15 2 13 5 11 9 20 19 8 14 1 6 
student 7: 5 15 10 6 14 3 12 4 9 1 11 16 17 19 8 7 13 18 2 20 
student 8: 15 6 16 3 19 1 12 14 9 5 4 7 13 18 8 2 17 10 11 20 
student 9: 5 4 17 11 3 7 16 15 13 10 8 6 18 20 14 1 19 9 2 12 
student 10: 8 6 17 11 12 1 7 14 2 3 9 10 16 20 19 18 15 4 13 5 
student 11: 9 5 6 4 1 2 10 14 8 7 12 20 3 18 17 11 19 16 13 15 
student 12: 12 6 11 4 13 3 15 20 18 7 8 16 9 14 1 5 17 10 2 19 
student 13: 10 4 11 19 5 7 13 20 17 12 6 16 14 8 18 15 1 9 3 2 
student 14: 3 5 4 10 11 6 15 16 20 7 18 12 19 9 17 1 14 8 2 13 
student 15: 3 7 17 14 15 5 18 16 8 9 2 11 20 13 12 10 19 4 6 1 
student 16: 19 10 2 7 15 8 20 5 12 18 6 13 3 14 16 4 9 17 1 11 
student 17: 20 19 1 7 17 3 9 8 6 2 4 14 16 15 13 10 18 11 12 5 
student 18: 10 5 20 3 14 7 16 15 13 6 1 11 17 8 4 2 19 12 9 18 
student 19: 9 11 15 19 4 10 7 13 8 18 6 12 17 14 16 3 20 1 5 2 
student 20: 4 15 3 20 7 1 13 5 18 6 2 11 8 12 14 10 17 16 19 9 
student 21: 9 3 10 12 2 8 4 14 20 7 1 6 17 18 19 11 5 16 13 15 
student 22: 10 1 15 16 19 7 12 13 6 5 8 4 14 9 18 17 2 11 20 3 
student 23: 7 4 2 18 3 6 5 16 11 9 1 20 15 19 14 13 8 10 17 12 
student 24: 11 3 12 15 13 2 17 5 8 10 6 16 19 7 14 4 20 1 9 18 
student 25: 4 10 19 9 6 16 12 15 17 8 2 5 7 11 1 3 20 18 13 14 
student 26: 13 11 8 9 4 7 19 15 12 3 1 18 2 16 14 10 17 5 6 20 
student 27: 17 18 5 7 10 19 8 6 12 13 14 1 2 20 11 4 16 15 9 3 
student 28: 16 3 18 15 6 5 13 17 4 2 9 10 11 8 7 14 12 20 1 19 
student 29: 20 2 8 15 10 5 19 9 17 11 6 1 16 3 12 7 13 14 18 4 
student 30: 10 14 4 3 7 15 18 19 8 11 5 13 20 6 17 1 16 9 2 12 
student 31: 8 16 9 5 2 10 7 20 1 19 6 15 11 13 18 12 4 3 14 17 
student 32: 1 3 11 12 6 4 16 14 19 9 18 13 8 15 7 5 20 17 10 2 
student 33: 7 11 13 2 14 3 17 10 8 9 15 19 5 18 16 6 4 12 1 20 
student 34: 9 18 1 20 10 12 8 16 2 7 15 6 4 19 13 3 17 11 5 14 
student 35: 7 6 12 5 14 11 3 15 18 1 17 9 16 19 20 2 10 4 13 8 
student 36: 5 15 4 16 10 13 17 9 18 2 12 11 8 20 14 1 19 7 3 6 
student 37: 7 13 4 3 8 9 19 12 18 6 14 5 11 16 20 2 15 10 1 17 
student 38: 13 12 1 4 16 20 19 15 14 9 3 8 2 11 18 6 10 7 5 17 
student 39: 18 15 13 17 3 2 8 19 7 20 1 6 11 16 5 12 10 14 9 4 
student 40: 14 4 1 6 3 5 16 18 17 10 9 7 20 12 15 2 19 13 11 8 
student 41: 15 9 19 6 4 3 11 16 13 1 8 5 17 18 12 2 10 20 14 7 
student 42: 3 14 13 20 7 17 8 5 6 4 1 2 12 11 16 9 15 19 10 18 
student 43: 5 9 2 15 8 1 11 17 20 4 7 10 19 14 13 3 6 12 18 16 
student 44: 12 2 18 11 1 4 5 16 17 3 14 15 6 9 20 13 10 19 8 7 
student 45: 5 20 8 13 9 1 14 11 19 2 3 10 15 7 12 4 17 16 6 18 
student 46: 7 4 16 17 1 10 14 18 11 12 15 5 2 9 3 6 20 19 8 13 
student 47: 16 9 14 13 6 2 7 11 15 3 4 10 18 1 17 20 19 12 5 8 
student 48: 12 5 3 2 7 9 14 16 15 4 6 19 8 11 10 1 18 17 13 20 
student 49: 11 2 9 13 7 1 17 20 18 6 19 12 3 10 8 4 14 15 5 16 
student 50: 8 6 15 3 4 7 13 18 14 5 10 17 11 16 20 12 19 2 1 9 
student 51: 15 2 13 17 11 5 9 12 8 20 4 1 7 16 6 19 18 14 10 3 
student 52: 9 4 6 12 2 10 8 15 20 7 14 5 18 19 16 17 1 13 3 11 
student 53: 12 3 1 20 8 6 14 17 4 10 2 11 19 13 16 15 5 7 9 18 
student 54: 6 14 16 3 5 17 19 2 10 12 11 4 9 15 13 7 18 8 20 1 
student 55: 18 9 13 8 12 3 11 20 5 4 15 2 7 17 16 19 14 1 6 10 
student 56: 3 2 5 10 20 4 15 9 17 11 8 1 12 14 18 6 19 7 13 16 
student 57: 15 2 17 7 6 8 16 11 13 19 9 5 1 3 20 18 10 14 4 12 
student 58: 1 6 14 17 12 3 16 18 20 4 5 9 11 2 13 19 10 8 7 15 
student 59: 8 9 19 4 6 11 15 18 16 17 2 12 20 3 5 7 10 14 1 13 
student 60: 13 4 7 15 6 1 17 10 20 3 2 19 8 11 18 12 9 16 5 14 
student 61: 19 18 1 8 3 12 11 15 17 2 6 9 16 14 20 10 4 13 7 5 
student 62: 10 4 5 15 7 8 3 18 20 1 2 11 12 13 16 9 17 6 14 19 
student 63: 9 2 7 12 20 5 13 17 15 11 4 8 6 3 14 1 18 10 19 16 
student 64: 7 17 15 13 11 4 19 18 20 9 3 14 16 6 8 5 1 12 10 2 
student 65: 18 6 8 13 1 5 17 10 15 11 7 12 16 14 20 4 3 9 2 19 
student 66: 8 7 9 4 18 13 15 17 2 1 20 5 10 12 16 11 19 6 14 3 
student 67: 5 7 11 2 9 14 19 15 18 1 4 8 20 16 3 13 17 12 6 10 
student 68: 10 17 20 3 11 12 16 8 19 1 4 18 13 6 14 7 9 2 5 15 
student 69: 18 12 10 1 14 16 2 15 19 4 9 7 8 11 6 3 17 20 5 13 
student 70: 14 6 13 19 5 9 11 17 1 10 7 8 15 2 18 3 16 4 12 20 
student 71: 18 5 19 4 14 12 13 15 9 3 6 17 7 16 11 2 10 1 8 20 
student 72: 19 6 8 9 2 4 17 16 1 7 18 14 11 15 12 3 10 13 5 20 
student 73: 19 20 13 9 12 2 4 16 8 5 7 6 11 18 1 14 17 3 10 15 
student 74: 10 1 7 16 4 3 15 13 18 2 11 8 5 6 14 9 20 19 12 17 
student 75: 11 12 17 6 5 10 16 8 3 7 4 13 14 1 18 15 19 20 2 9 
student 76: 6 19 1 17 2 10 12 8 13 4 7 15 16 18 11 3 9 14 5 20 
student 77: 13 2 17 19 11 3 16 20 4 10 6 9 12 15 18 1 14 7 8 5 
student 78: 9 6 11 20 17 5 19 16 4 7 12 18 14 13 2 3 15 1 8 10 
student 79: 4 18 12 7 20 13 17 10 5 11 3 9 2 19 6 15 14 16 1 8 
student 80: 4 10 1 18 6 7 11 8 20 15 14 17 19 13 2 9 5 16 3 12 
student 81: 16 13 19 1 2 5 6 18 8 12 3 10 4 11 20 7 15 17 9 14 
student 82: 2 19 1 15 13 10 14 20 9 11 12 18 4 8 7 3 17 5 6 16 
student 83: 2 17 5 11 16 3 4 18 6 1 14 12 13 20 15 7 8 10 9 19 
student 84: 9 20 4 3 5 12 8 13 19 18 11 2 10 15 1 16 6 7 14 17 
student 85: 5 1 19 12 8 2 20 15 18 16 3 7 14 10 4 6 17 11 9 13 
student 86: 3 2 10 5 19 6 14 15 17 7 11 13 18 20 12 4 8 16 1 9 
student 87: 17 2 6 1 9 10 14 7 12 4 18 5 20 8 15 13 11 16 3 19 
student 88: 16 12 13 10 17 1 11 19 8 18 14 20 3 5 7 15 4 6 2 9 
student 89: 13 15 7 6 1 3 18 10 16 4 5 12 14 20 19 2 17 9 8 11 
student 90: 4 2 7 10 5 8 19 6 13 3 16 12 17 11 15 1 9 14 18 20 
student 91: 6 13 20 18 1 8 9 17 14 10 3 4 5 11 2 12 15 16 19 7 
student 92: 4 3 8 17 2 15 18 20 19 13 12 1 11 16 5 7 10 14 6 9 
student 93: 18 14 6 8 1 10 11 15 16 19 9 5 20 13 17 4 12 3 2 7 
student 94: 3 6 12 2 1 16 14 20 17 10 7 15 4 13 8 18 5 19 9 11 
student 95: 20 3 7 12 10 19 18 15 1 9 4 17 6 16 14 8 13 11 5 2 
student 96: 19 10 12 13 9 11 17 20 16 5 8 7 2 6 18 3 15 1 4 14 
student 97: 11 5 6 14 2 1 12 20 19 9 3 13 16 10 17 15 18 8 7 4 
student 98: 4 13 14 1 3 10 18 20 7 5 2 8 16 19 15 12 9 17 11 6 
student 99: 15 1 13 9 14 4 3 7 8 5 11 19 16 12 20 18 2 10 6 17 
student 100: 11 1 19 7 13 16 18 9 2 8 5 6 20 14 12 3 17 4 10 15 
student 101: 9 1 12 6 15 13 7 10 19 16 8 11 4 18 3 20 5 17 2 14 
student 102: 5 4 11 7 10 2 12 20 1 6 17 15 9 16 14 18 3 13 8 19 
student 103: 20 12 15 13 17 9 16 18 19 7 8 6 3 11 1 4 14 10 5 2 
student 104: 8 1 13 9 3 20 12 17 16 6 2 15 5 19 14 18 10 11 4 7 
student 105: 6 7 16 19 8 15 17 12 20 11 1 9 5 10 13 4 3 18 2 14 
student 106: 11 3 4 17 1 8 15 19 12 13 2 14 16 18 5 6 10 7 20 9 
student 107: 12 6 5 16 3 4 18 20 14 7 10 9 11 17 19 8 13 2 1 15 
student 108: 5 4 16 18 15 8 20 3 13 9 11 19 10 17 6 1 2 7 12 14 
student 109: 14 6 8 17 5 3 9 15 16 10 4 13 18 11 2 7 19 20 12 1 
student 110: 10 6 1 19 9 16 13 18 14 3 12 11 15 4 17 8 20 2 5 7 
student 111: 17 15 16 4 5 19 12 6 10 8 13 2 20 1 11 7 18 3 9 14 
student 112: 18 6 4 10 13 7 12 20 17 8 2 14 9 11 16 5 3 1 19 15 
student 113: 19 1 6 7 2 9 18 10 13 8 4 5 15 12 14 17 3 11 16 20 
student 114: 3 6 17 18 13 4 15 12 5 16 14 2 8 1 20 19 9 11 7 10 
student 115: 15 7 10 19 2 6 9 20 3 4 8 11 16 13 12 17 18 1 5 14 
student 116: 9 19 4 16 7 11 14 20 12 3 2 10 8 18 6 5 15 17 13 1 
student 117: 2 3 19 18 11 5 15 20 8 7 6 1 17 4 10 9 12 14 13 16 
student 118: 14 10 8 15 16 1 18 12 7 17 5 4 13 19 20 6 2 11 3 9 
student 119: 7 5 13 12 15 10 11 8 18 1 4 9 3 20 2 17 19 16 14 6 
student 120: 17 15 19 14 7 9 18 8 20 1 3 5 16 6 4 13 12 2 10 11 
student 121: 19 16 5 12 9 3 14 13 20 1 11 17 2 7 15 4 10 6 8 18 
student 122: 13 12 15 2 11 5 18 19 6 10 8 3 7 17 9 1 20 14 4 16 
student 123: 9 2 11 16 15 18 17 20 13 5 19 10 6 3 7 1 12 4 8 14 
student 124: 2 12 8 13 10 5 20 14 11 17 9 4 16 19 15 6 18 1 3 7 
student 125: 1 8 17 9 5 7 4 19 15 2 11 20 16 14 3 13 6 12 10 18 
student 126: 20 13 3 17 8 6 4 19 11 2 1 16 18 10 15 12 5 7 14 9 
student 127: 4 3 9 6 1 2 20 17 12 13 14 5 11 18 16 15 8 10 19 7 
student 128: 6 8 9 10 2 5 18 4 16 3 7 12 14 11 20 15 19 13 1 17 
student 129: 2 8 10 13 4 7 11 16 20 15 5 18 17 6 9 1 19 12 3 14 
student 130: 2 5 3 13 1 4 20 12 19 9 6 7 10 8 18 15 14 16 11 17 
student 131: 7 15 2 10 4 9 17 18 14 6 3 19 8 20 5 1 16 13 12 11 
student 132: 1 17 2 13 4 6 10 8 19 11 12 3 18 14 7 5 15 9 20 16 
student 133: 7 6 18 14 11 3 20 8 13 5 15 17 1 19 12 16 2 4 10 9 
student 134: 5 6 18 9 1 4 8 11 12 3 7 15 10 13 19 2 20 14 17 16 
student 135: 10 15 14 16 5 9 18 17 7 4 8 3 11 13 6 1 19 2 20 12 
student 136: 9 18 11 16 2 6 13 17 14 4 3 5 7 20 10 1 19 15 8 12 
student 137: 13 5 19 12 7 11 8 18 14 1 2 16 3 10 15 4 20 9 6 17 
student 138: 16 2 5 11 1 13 19 15 3 7 10 14 12 18 9 4 6 17 8 20 
student 139: 17 16 3 5 14 12 9 13 20 10 1 2 11 19 8 18 4 15 7 6 
student 140: 16 12 4 15 3 5 18 6 17 11 13 14 8 19 20 9 7 10 1 2 
student 141: 18 14 12 11 9 5 7 15 19 2 4 13 3 17 8 1 16 20 10 6 
student 142: 9 13 6 1 2 5 8 16 15 17 14 3 10 20 4 19 11 7 12 18 
student 143: 2 1 9 12 8 3 10 14 18 19 4 6 7 13 16 20 17 15 5 11 
student 144: 12 16 11 20 10 3 8 7 17 18 1 2 15 5 14 13 19 6 4 9 
student 145: 12 3 18 13 8 11 19 9 17 7 2 1 16 14 20 5 15 6 10 4 
student 146: 10 8 15 6 18 16 19 11 4 7 9 14 13 17 3 5 2 20 12 1 
student 147: 5 2 10 14 12 4 3 8 15 6 1 18 16 7 19 17 9 20 13 11 
student 148: 19 8 7 13 17 5 2 16 12 1 3 4 11 20 6 9 15 18 10 14 
student 149: 19 9 1 11 6 7 20 12 5 2 4 8 13 16 14 3 18 10 15 17 
student 150: 3 13 12 19 6 5 15 2 20 1 14 4 18 17 8 11 10 9 7 16 
student 151: 1 4 14 6 13 3 18 10 20 8 2 19 15 16 17 12 9 11 7 5 
student 152: 13 15 20 12 4 2 9 19 10 1 14 8 18 16 3 5 17 11 7 6 
student 153: 20 2 16 5 9 1 12 7 19 18 13 10 6 15 8 14 3 4 11 17 
student 154: 12 14 6 1 8 7 13 5 20 11 4 9 17 16 2 10 3 18 15 19 
student 155: 6 5 20 16 1 7 17 8 18 15 3 14 13 12 11 9 10 19 4 2 
student 156: 10 14 2 3 6 9 15 1 4 17 12 7 13 18 20 5 19 11 8 16 
student 157: 10 8 12 15 4 2 20 16 3 19 5 9 18 14 13 6 11 17 1 7 
student 158: 2 6 18 14 8 7 16 19 11 12 1 20 5 10 3 9 15 4 13 17 
student 159: 12 2 4 8 5 13 14 19 15 1 10 7 20 16 9 18 6 17 3 11 
student 160: 3 2 10 4 1 5 20 15 7 14 16 8 17 13 19 18 9 6 11 12 
student 161: 6 10 5 16 15 19 20 12 17 1 9 11 18 7 3 8 4 13 2 14 
student 162: 6 17 16 13 14 2 20 18 8 1 12 5 15 4 19 10 11 3 9 7 
student 163: 10 7 4 16 1 12 9 17 3 13 5 2 8 14 15 18 20 6 19 11 
student 164: 6 9 15 20 1 11 18 7 19 10 3 14 12 2 8 4 17 13 5 16 
student 165: 18 11 17 10 5 15 14 9 4 7 8 3 12 16 6 2 13 19 20 1 
student 166: 1 4 9 18 14 20 16 7 15 17 6 8 19 2 13 5 12 11 10 3 
student 167: 4 6 17 15 12 18 14 19 11 2 7 13 5 8 20 10 16 1 3 9 
student 168: 14 3 6 17 19 12 13 11 8 16 15 18 9 4 10 2 20 1 5 7 
student 169: 14 12 18 17 3 5 11 10 8 2 1 9 16 6 20 4 15 7 13 19 
student 170: 8 2 13 1 10 6 14 17 3 5 7 11 9 4 18 15 16 19 20 12 
student 171: 19 3 15 6 9 8 12 16 5 18 4 2 11 7 10 1 20 14 17 13 
student 172: 11 17 2 4 6 3 19 16 20 10 7 18 5 8 1 9 15 13 14 12 
student 173: 15 17 9 6 14 11 16 19 18 3 8 1 12 4 13 2 7 10 20 5 
student 174: 4 3 6 11 12 10 20 18 17 8 7 1 16 15 9 5 19 13 2 14 
student 175: 18 3 10 17 1 4 8 19 11 2 13 15 16 7 20 12 14 6 5 9 
student 176: 3 14 9 6 4 1 12 7 5 8 15 2 11 20 16 10 19 17 13 18 
student 177: 1 6 14 9 3 10 8 12 19 11 4 5 18 16 7 13 20 15 2 17 
student 178: 14 8 12 19 4 15 16 2 13 3 6 1 7 20 9 17 18 11 5 10 
student 179: 10 16 7 15 1 18 19 20 11 9 13 3 5 8 14 6 17 4 2 12 
student 180: 6 9 13 4 8 15 14 12 7 1 11 3 20 17 16 5 19 10 2 18 
student 181: 3 15 1 10 5 17 9 19 16 14 4 7 8 18 11 2 20 13 12 6 
student 182: 1 19 14 4 3 5 17 9 18 12 11 15 6 8 16 13 20 2 10 7 
student 183: 12 8 16 5 6 1 20 9 19 3 4 18 7 13 11 2 17 15 10 14 
student 184: 7 8 14 9 5 2 6 10 19 16 4 3 11 15 17 13 12 20 1 18 
student 185: 4 10 2 8 18 13 12 6 20 17 3 14 19 16 5 11 15 9 1 7 
student 186: 2 6 15 13 5 7 16 10 9 17 11 20 3 14 1 4 8 12 18 19 
student 187: 9 2 20 6 13 16 8 7 19 15 4 12 14 18 3 11 17 5 1 10 
student 188: 2 1 14 3 6 5 16 15 19 7 18 9 12 17 20 11 4 10 8 13 
student 189: 7 1 14 8 2 20 19 9 15 6 3 10 16 18 17 5 12 11 13 4 
student 190: 1 12 5 9 3 11 8 14 13 2 7 4 16 6 20 19 17 10 15 18 
student 191: 12 1 11 9 7 14 16 19 2 4 10 20 3 6 15 13 18 8 17 5 
student 192: 2 11 13 7 20 19 17 16 10 9 3 18 15 8 4 6 14 1 12 5 
student 193: 20 14 5 18 3 10 11 2 12 8 6 15 9 4 19 13 16 7 1 17 
student 194: 10 20 5 12 8 2 16 1 18 13 4 6 15 17 14 9 3 11 7 19 
student 195: 4 3 20 8 6 2 19 15 17 1 11 12 16 18 10 5 14 9 13 7 
student 196: 1 4 3 13 2 18 14 17 20 5 7 9 8 16 15 6 19 11 10 12 
student 197: 15 6 16 5 4 17 3 14 11 19 18 9 1 13 10 2 8 20 12 7 
student 198: 14 3 20 17 18 4 8 19 5 1 6 2 13 9 15 7 11 12 16 10 
student 199: 3 20 9 12 1 19 16 15 7 6 2 4 17 18 14 11 8 13 5 10 
student 200: 9 11 19 1 4 10 2 3 15 16 8 6 13 18 5 7 20 17 12 14 
student 201: 3 4 6 2 18 15 19 7 12 13 9 17 1 20 8 5 10 11 14 16 
student 202: 9 20 18 13 10 4 19 11 1 3 2 7 8 6 17 14 5 15 12 16 
student 203: 14 1 3 18 13 16 19 15 17 7 12 20 11 8 5 9 4 6 2 10 
student 204: 10 3 20 8 12 4 17 19 11 2 1 15 7 16 6 5 14 13 9 18 
student 205: 16 13 18 3 15 7 2 6 8 4 1 5 19 14 17 9 20 12 11 10 
student 206: 15 4 20 9 1 17 13 18 16 3 6 10 5 19 8 14 12 2 7 11 
student 207: 5 4 3 7 2 6 20 13 15 11 16 14 10 1 17 8 9 19 18 12 
student 208: 9 8 17 10 13 14 11 20 15 4 7 2 18 5 19 6 16 12 1 3 
student 209: 3 12 5 14 15 13 19 18 7 6 1 9 17 11 4 2 8 20 10 16 
student 210: 20 1 16 5 12 13 8 19 7 2 6 4 11 10 3 18 15 17 9 14 
student 211: 13 2 12 4 15 1 3 14 20 10 11 5 19 17 6 7 18 16 9 8 
student 212: 9 2 13 11 7 6 18 20 15 12 3 17 8 4 14 5 19 10 1 16 
student 213: 6 17 8 3 20 1 4 14 9 7 12 19 2 16 10 5 15 13 11 18 
student 214: 4 5 19 14 2 3 18 11 7 8 1 6 20 12 16 13 9 10 15 17 
student 215: 1 13 12 5 3 6 16 15 8 4 18 19 14 20 17 2 7 9 10 11 
student 216: 18 15 17 3 14 1 16 11 12 2 6 9 8 19 13 10 20 4 7 5 
student 217: 10 9 6 18 1 12 11 8 15 13 4 7 5 19 14 20 16 3 2 17 
student 218: 15 10 2 18 7 9 19 5 1 3 4 6 12 16 13 8 11 14 17 20 
student 219: 9 2 6 18 20 10 7 17 3 19 5 1 8 14 16 13 12 15 4 11 
student 220: 9 20 4 2 10 1 8 12 14 15 3 5 17 11 7 6 16 19 13 18 
student 221: 7 12 10 16 2 3 17 9 20 4 5 11 14 18 8 1 13 19 6 15 
student 222: 10 15 16 9 5 12 18 14 17 11 7 3 1 20 19 4 6 2 13 8 
student 223: 7 13 4 9 15 11 8 10 14 16 5 1 18 20 19 6 2 17 3 12 
student 224: 7 2 6 8 4 20 16 11 9 13 12 5 19 18 14 15 17 3 10 1 
student 225: 7 2 19 9 1 3 20 17 14 11 6 13 4 18 12 8 10 5 15 16 
student 226: 11 4 19 12 2 16 18 15 17 20 8 14 3 7 6 5 9 1 10 13 
student 227: 14 1 17 16 13 19 4 8 20 6 9 18 5 11 3 15 7 2 12 10 
student 228: 18 15 16 3 1 8 4 19 13 10 9 14 7 20 6 11 5 2 12 17 
student 229: 14 12 19 16 11 17 18 5 13 1 6 4 9 10 20 3 2 15 8 7 
student 230: 16 12 7 14 8 9 19 3 10 2 1 4 18 6 11 13 17 20 15 5 
student 231: 15 8 4 11 2 6 10 17 5 7 3 9 16 12 1 13 19 14 20 18 
student 232: 10 12 7 6 3 14 19 15 18 1 4 9 5 8 16 2 20 11 17 13 
student 233: 4 5 10 14 6 7 11 2 19 1 12 8 17 9 18 15 13 16 3 20 
student 234: 10 1 9 20 13 8 18 17 6 7 14 16 2 19 3 4 15 12 11 5 
student 235: 2 5 10 13 11 1 14 20 12 4 19 18 16 17 9 3 6 15 8 7 
student 236: 20 3 14 1 5 8 18 11 2 10 16 6 19 13 4 15 17 7 9 12 
student 237: 9 3 20 14 15 2 18 16 19 7 10 12 8 11 13 4 17 5 1 6 
student 238: 5 2 13 3 18 6 17 12 19 16 4 10 7 9 14 1 20 11 15 8 
student 239: 9 2 19 15 18 4 6 16 12 8 1 10 20 17 5 3 13 7 11 14 
student 240: 16 4 6 7 2 3 14 12 18 15 9 20 11 5 1 17 10 19 8 13 
student 241: 15 2 10 11 6 7 12 18 1 8 3 9 17 20 14 5 16 4 13 19 
student 242: 16 9 14 6 2 12 19 15 4 3 1 18 17 13 8 7 20 5 10 11 
student 243: 17 7 13 12 20 6 19 4 3 16 1 14 9 8 18 2 5 10 15 11 
student 244: 8 15 14 4 16 2 12 3 20 7 9 11 10 5 19 6 13 17 1 18 
student 245: 20 3 4 14 5 18 11 9 17 10 6 2 19 13 8 12 7 15 1 16 
student 246: 15 7 8 10 5 13 3 17 9 2 16 11 14 20 12 6 18 19 1 4 
student 247: 15 14 19 9 1 2 8 4 3 18 5 6 11 12 16 13 17 20 10 7 
student 248: 8 9 15 6 12 4 20 19 18 5 14 10 11 13 16 3 7 2 1 17 
student 249: 2 5 11 14 7 3 17 13 10 6 4 15 18 16 20 1 19 8 12 9 
student 250: 12 1 17 14 7 10 13 20 11 5 4 3 8 15 16 9 18 19 6 2 
student 251: 19 15 2 5 20 8 12 16 18 10 1 14 13 7 11 3 4 9 6 17 
student 252: 17 8 1 16 9 19 6 4 18 7 3 13 10 11 5 14 15 20 2 12 
student 253: 20 9 12 17 7 2 15 16 10 11 1 13 14 5 18 6 19 3 8 4 
student 254: 14 13 6 4 3 2 7 10 18 5 19 11 1 12 8 15 20 17 9 16 
student 255: 7 5 11 8 4 17 9 3 15 13 19 6 18 1 16 12 20 10 2 14 
student 256: 6 5 15 12 2 11 19 20 14 4 18 9 7 3 8 1 13 16 10 17 
student 257: 8 17 11 16 5 9 18 10 19 1 2 20 14 15 3 12 6 7 13 4 
student 258: 18 6 11 9 5 4 20 14 10 15 2 8 13 17 16 1 3 12 7 19 
student 259: 1 8 17 14 18 19 10 12 13 20 2 3 7 15 9 6 16 5 4 11 
student 260: 12 5 7 17 11 6 9 14 15 3 1 10 18 20 4 2 16 8 13 19 
student 261: 8 2 18 17 10 13 14 9 20 3 16 7 1 6 15 11 4 5 12 19 
student 262: 1 5 10 20 7 3 8 16 17 19 9 4 11 15 18 6 14 13 2 12 
student 263: 13 7 1 20 12 5 15 14 16 2 9 11 17 10 8 4 19 6 3 18 
student 264: 9 7 12 5 1 6 2 16 17 14 3 8 18 15 20 10 11 13 4 19 
student 265: 7 8 1 6 5 4 18 19 20 15 9 13 16 12 17 2 14 10 3 11 
student 266: 5 10 17 16 4 9 3 6 18 2 1 12 7 19 13 14 11 8 15 20 
student 267: 9 11 1 18 2 4 8 16 19 6 7 5 17 10 13 15 20 12 3 14 
student 268: 15 16 7 19 1 11 17 10 8 9 4 2 5 18 14 6 20 13 3 12 
student 269: 11 7 10 2 1 20 8 13 15 19 14 16 17 12 6 5 18 9 3 4 
student 270: 1 9 10 3 13 6 17 19 18 8 2 7 15 11 20 14 5 12 4 16 
student 271: 3 2 12 13 9 10 5 7 15 14 6 8 4 11 18 16 19 20 1 17 
student 272: 4 11 13 12 5 15 7 19 1 10 16 2 20 9 3 6 17 8 18 14 
student 273: 16 10 18 13 5 3 11 19 9 7 20 8 1 12 6 2 4 17 15 14 
student 274: 2 19 11 1 4 6 14 16 10 7 5 15 13 9 20 17 18 8 3 12 
student 275: 5 6 18 2 13 4 11 17 19 1 10 7 9 16 20 8 14 12 15 3 
student 276: 13 14 3 1 12 2 17 16 19 4 11 20 9 18 15 5 8 7 10 6 
student 277: 19 10 20 17 3 16 4 15 5 1 9 14 18 2 13 6 7 8 12 11 
student 278: 20 9 11 1 18 8 17 14 4 7 2 10 16 19 15 3 13 6 12 5 
student 279: 13 6 18 9 19 1 20 4 14 7 3 11 15 16 12 2 10 8 5 17 
student 280: 7 15 10 20 3 2 16 18 8 4 13 1 17 19 5 12 6 11 14 9 
student 281: 7 11 16 12 1 9 18 17 2 13 5 8 20 19 15 3 14 10 6 4 
student 282: 10 4 16 15 3 2 12 18 14 6 1 11 17 13 8 7 9 19 5 20 
student 283: 7 10 16 17 1 6 9 5 20 2 4 3 19 18 15 14 8 11 13 12 
student 284: 7 14 17 6 15 2 13 20 18 9 4 1 10 19 12 3 16 11 5 8 
student 285: 5 2 20 14 3 16 19 12 7 8 1 18 13 15 11 4 9 17 10 6 
student 286: 6 2 14 17 3 1 19 10 9 18 7 4 11 20 15 13 12 8 5 16 
student 287: 5 2 6 4 1 7 17 20 12 9 11 16 10 14 3 18 8 13 15 19 
student 288: 14 11 2 5 13 4 18 10 7 17 1 19 8 15 12 9 16 3 6 20 
student 289: 13 16 10 2 1 6 12 18 17 11 9 8 4 5 20 19 14 15 3 7 
student 290: 2 8 3 16 11 17 12 15 18 4 9 6 14 1 20 5 19 13 7 10 
student 291: 1 5 10 3 9 15 11 18 17 2 19 13 7 16 6 4 20 8 14 12 
student 292: 14 6 15 2 17 19 9 13 1 5 16 7 12 4 20 3 18 10 11 8 
student 293: 15 19 8 11 2 5 6 18 4 9 14 7 17 13 16 1 20 12 3 10 
student 294: 3 5 11 2 4 10 15 17 20 18 8 9 16 6 13 14 19 1 7 12 
student 295: 8 5 7 19 13 16 18 14 6 1 3 15 12 4 17 10 2 11 9 20 
student 296: 17 12 5 19 3 2 4 16 9 11 6 15 1 10 18 8 20 13 14 7 
student 297: 4 10 7 9 5 6 19 8 18 13 15 1 2 3 16 11 20 12 17 14 
student 298: 19 8 6 9 12 5 17 15 7 4 3 13 16 1 14 18 11 20 2 10 
student 299: 12 6 11 7 9 1 18 3 15 13 5 8 20 16 14 17 19 4 10 2 
student 300: 3 10 19 2 1 13 14 5 18 11 6 4 17 16 9 8 20 12 15 7 
student 301: 12 3 6 19 18 14 9 5 1 16 10 2 4 15 11 7 17 13 8 20 
student 302: 13 6 7 9 4 1 14 10 19 5 8 3 2 15 11 16 20 17 12 18 
student 303: 4 11 15 6 7 13 18 8 20 1 5 9 16 2 14 17 10 19 3 12 
student 304: 11 7 2 18 6 16 1 12 17 14 4 5 19 3 20 13 10 15 9 8 
student 305: 2 10 11 4 13 3 19 18 1 16 8 12 5 9 6 14 15 17 20 7 
student 306: 7 8 11 14 1 3 19 18 5 6 17 13 12 15 16 9 20 4 10 2 
student 307: 8 19 4 9 16 14 3 13 18 2 17 6 20 15 5 1 11 7 12 10 
student 308: 17 9 2 12 7 8 18 20 16 10 13 11 4 3 14 15 1 6 5 19 
student 309: 6 1 16 9 20 2 19 15 13 11 7 17 5 8 10 4 12 3 14 18 
student 310: 1 15 12 18 5 9 6 10 14 16 11 3 8 2 17 20 19 13 4 7 
student 311: 19 13 10 2 6 4 20 16 18 7 8 1 15 9 3 5 12 17 11 14 
student 312: 9 4 15 16 6 12 10 20 19 3 1 2 7 17 18 14 13 11 5 8 
student 313: 8 3 13 6 5 2 9 16 15 4 1 7 14 12 18 10 19 20 17 11 
student 314: 17 15 6 10 9 13 5 19 20 18 11 1 3 7 16 4 14 2 8 12 
student 315: 16 9 11 8 1 3 19 5 13 7 2 18 12 17 10 4 14 15 6 20 
student 316: 2 7 6 10 17 18 16 19 8 1 13 9 11 14 3 5 12 4 15 20 
student 317: 12 5 3 15 4 2 7 1 8 6 11 13 19 18 14 10 17 16 9 20 
student 318: 18 6 7 11 8 1 2 12 19 16 14 4 13 17 15 10 20 5 3 9 
student 319: 4 3 8 20 5 19 7 17 15 16 1 13 11 2 6 9 10 14 12 18 
student 320: 2 7 12 19 3 14 10 1 11 17 8 15 16 18 13 4 20 9 5 6 
student 321: 15 3 18 17 6 11 2 16 10 13 1 7 4 12 14 9 20 19 5 8 
student 322: 6 12 16 18 11 14 5 10 20 1 13 4 19 17 15 8 7 3 9 2 
student 323: 17 19 3 9 2 14 18 13 20 4 8 12 5 16 1 6 7 11 10 15 
student 324: 15 14 12 2 9 13 4 17 7 11 6 3 18 16 5 10 19 8 1 20 
student 325: 1 11 6 8 14 17 15 13 4 20 3 18 2 19 5 12 10 9 7 16 
student 326: 11 13 6 4 16 18 5 12 19 10 8 1 20 7 17 9 15 14 3 2 
student 327: 15 11 18 17 2 4 14 7 19 6 5 12 20 8 9 3 1 16 10 13 
student 328: 12 15 13 14 2 5 11 16 9 6 3 4 20 8 18 10 19 1 7 17 
student 329: 3 4 11 6 15 2 16 19 7 8 1 13 18 14 5 20 9 12 10 17 
student 330: 7 15 12 14 5 19 6 18 20 10 2 16 17 8 13 1 9 11 3 4 
student 331: 13 3 14 6 1 9 17 20 19 7 4 11 10 12 5 2 16 18 15 8 
student 332: 16 7 13 4 1 15 11 20 14 5 3 6 8 12 18 17 19 2 10 9 
student 333: 19 11 12 20 7 14 9 16 17 1 6 5 3 15 18 2 8 10 4 13 
student 334: 4 13 9 7 1 3 15 17 18 6 5 14 20 2 12 11 10 16 19 8 
student 335: 8 5 18 13 2 10 16 15 19 4 3 9 20 1 7 6 14 11 12 17 
student 336: 18 14 7 2 8 1 13 12 20 11 5 4 16 15 10 3 9 17 6 19 
student 337: 15 18 11 10 12 8 19 14 5 4 2 6 7 9 3 1 20 13 17 16 
student 338: 7 12 11 14 3 18 8 16 5 2 15 10 19 6 9 1 13 17 4 20 
student 339: 16 18 1 11 15 2 13 17 14 9 8 4 7 19 10 6 12 20 5 3 
student 340: 17 10 1 18 4 7 20 6 19 3 13 15 9 14 8 11 16 5 2 12 
student 341: 5 1 18 19 7 15 14 13 20 4 9 16 11 17 10 12 3 2 6 8 
student 342: 3 10 18 20 19 1 12 17 11 13 8 6 2 4 16 15 14 5 9 7 
student 343: 2 7 5 13 4 18 19 20 6 12 3 10 14 11 8 1 15 17 16 9 
student 344: 3 8 19 18 4 1 6 20 11 7 13 16 15 17 5 2 9 10 14 12 
student 345: 5 12 17 16 4 8 11 13 6 3 2 14 7 15 20 1 10 18 9 19 
student 346: 3 13 7 20 12 14 4 18 10 1 6 8 16 17 15 5 11 2 9 19 
student 347: 19 5 4 13 1 2 17 18 15 7 3 12 9 10 8 20 16 14 6 11 
student 348: 3 14 12 4 10 5 15 20 18 6 9 13 17 7 11 8 19 2 16 1 
student 349: 13 4 7 5 11 9 10 6 20 17 16 3 14 8 2 12 19 1 18 15 
student 350: 4 7 14 15 1 2 16 20 19 6 17 12 11 18 8 10 3 13 5 9 
student 351: 8 10 11 16 1 5 20 19 18 6 2 13 12 9 3 4 7 17 14 15 
student 352: 6 2 5 12 4 7 16 17 9 10 1 11 3 14 19 8 13 18 20 15 
student 353: 14 4 13 15 10 11 5 8 1 19 9 2 7 17 18 3 16 12 6 20 
student 354: 8 15 14 7 13 16 18 10 17 6 1 4 9 3 11 2 12 20 5 19 
student 355: 11 1 13 15 9 7 5 20 2 10 6 18 16 14 8 3 19 12 17 4 
student 356: 1 3 2 19 4 5 14 18 11 9 7 16 15 6 17 12 10 20 13 8 
student 357: 2 5 13 6 18 3 16 15 14 8 20 12 11 10 19 1 7 9 17 4 
student 358: 3 9 16 7 6 11 8 5 18 2 20 12 13 14 15 4 19 10 1 17 
student 359: 8 7 14 13 5 2 18 9 19 3 10 4 6 12 11 1 20 16 15 17 
student 360: 1 12 13 20 2 5 8 15 6 11 7 16 3 10 14 17 19 18 9 4 
student 361: 19 7 13 16 15 5 11 10 17 8 9 6 1 20 3 18 2 14 4 12 
student 362: 17 18 16 19 2 9 12 5 10 1 4 3 6 15 14 7 20 8 11 13 
student 363: 7 16 17 5 10 3 2 8 18 11 12 14 1 13 4 9 15 20 6 19 
student 364: 8 13 10 7 4 9 6 18 14 12 3 20 17 11 19 5 16 1 2 15 
student 365: 3 7 10 17 16 2 5 20 19 1 13 9 4 8 15 12 14 11 6 18 
student 366: 11 14 10 17 16 4 18 19 15 9 3 7 5 13 1 12 20 2 6 8 
student 367: 1 18 5 7 8 11 20 4 13 19 17 10 15 2 16 3 14 9 6 12 
student 368: 20 3 1 12 7 11 18 17 8 10 9 13 14 16 4 6 19 2 5 15 
student 369: 19 11 8 20 12 4 3 13 7 5 18 6 10 1 17 2 16 15 14 9 
student 370: 5 3 10 8 9 1 19 17 14 6 7 18 12 15 2 4 13 20 16 11 
student 371: 10 18 3 16 6 7 2 14 17 1 5 20 13 8 11 4 15 19 9 12 
student 372: 5 8 6 20 12 2 9 18 11 3 15 16 14 7 4 19 17 1 13 10 
student 373: 3 2 6 10 1 7 20 19 18 16 8 12 14 9 17 13 15 4 11 5 
student 374: 20 11 12 10 13 3 16 19 1 9 2 15 8 14 6 5 17 18 7 4 
student 375: 4 20 7 14 2 12 11 19 15 3 13 18 17 5 8 6 16 9 1 10 
student 376: 7 4 11 6 5 3 19 17 2 20 10 9 14 16 12 13 18 15 1 8 
student 377: 7 15 3 18 13 1 8 20 19 2 4 14 12 5 17 10 16 6 11 9 
student 378: 11 8 4 7 10 2 14 15 13 18 3 12 6 16 17 5 1 20 19 9 
student 379: 1 3 11 14 9 5 15 13 17 18 2 12 6 16 4 10 20 7 19 8 
student 380: 5 11 10 12 18 17 6 14 1 3 7 8 9 4 16 2 20 19 13 15 
student 381: 1 20 12 10 2 8 13 14 9 19 4 6 5 16 11 3 18 17 15 7 
student 382: 7 10 3 6 14 1 13 9 20 15 4 5 16 12 2 19 17 18 11 8 
student 383: 9 8 2 12 1 13 20 18 19 3 4 15 10 11 16 6 14 5 7 17 
student 384: 14 7 11 16 10 1 9 8 20 5 2 19 18 13 3 12 17 6 15 4 
student 385: 9 17 11 2 6 4 20 14 15 13 7 8 16 5 18 3 19 10 1 12 
student 386: 11 3 9 17 10 1 6 5 20 4 7 12 8 13 19 2 15 16 18 14 
student 387: 2 7 20 19 5 15 13 16 17 6 3 4 9 10 18 8 11 12 14 1 
student 388: 13 2 17 7 1 15 16 12 6 8 4 3 18 14 10 20 9 11 5 19 
student 389: 1 16 8 20 3 4 9 6 12 7 10 17 5 11 15 2 18 13 14 19 
student 390: 19 13 17 5 1 6 2 16 4 7 3 8 11 18 15 12 9 10 14 20 
student 391: 11 3 5 7 15 10 20 19 17 2 9 8 1 16 4 12 14 6 18 13 
student 392: 11 12 10 17 7 3 19 20 6 1 8 14 18 5 15 2 16 9 4 13 
student 393: 8 9 13 18 1 2 19 14 20 11 4 7 12 5 6 17 10 16 3 15 
student 394: 17 10 3 5 1 12 14 9 19 8 18 4 7 20 15 6 2 11 13 16 
student 395: 7 11 6 5 2 15 1 16 13 4 3 18 19 9 14 8 17 10 20 12 
student 396: 5 1 17 11 12 20 7 14 19 16 8 6 9 13 15 2 10 18 3 4 
student 397: 18 8 20 10 5 16 15 9 13 17 4 2 7 12 19 3 14 1 11 6 
student 398: 8 11 18 3 4 9 5 16 2 1 15 17 6 12 19 13 10 14 7 20 
student 399: 7 6 13 9 18 11 15 16 20 8 4 3 19 14 2 5 1 10 12 17 
student 400: 11 12 8 1 6 4 9 5 13 17 20 19 15 7 10 14 3 18 2 16 
student 401: 8 5 13 14 12 4 19 20 17 1 2 11 9 6 15 3 10 18 7 16 
student 402: 17 2 16 7 1 12 20 19 4 3 9 15 18 11 5 6 10 8 13 14 
student 403: 19 5 11 2 1 12 16 3 7 8 14 4 6 13 18 10 20 17 15 9 
student 404: 2 20 7 17 9 5 16 8 19 10 6 1 14 15 18 13 3 4 12 11 
student 405: 4 5 3 17 1 13 8 20 10 7 2 6 11 18 16 12 15 19 9 14 
student 406: 4 5 9 11 7 12 10 16 1 8 13 14 2 19 20 15 17 3 6 18 
student 407: 6 18 12 17 8 5 20 10 16 4 15 7 19 11 9 2 3 13 14 1 
student 408: 3 2 8 6 5 11 15 1 17 4 10 12 14 9 18 16 13 20 19 7 
student 409: 6 17 7 14 11 3 15 10 19 4 5 9 13 18 20 12 8 16 1 2 
student 410: 20 9 11 5 19 1 14 7 3 6 4 10 8 18 2 13 16 17 12 15 
student 411: 11 1 13 6 12 5 4 16 10 8 2 20 15 19 7 9 18 17 3 14 
student 412: 17 16 7 10 9 4 13 12 20 18 3 1 14 6 2 5 11 15 8 19 
student 413: 15 12 8 14 16 2 7 19 9 6 10 3 17 18 13 1 20 11 5 4 
student 414: 16 12 13 15 3 10 20 11 2 17 1 7 5 6 14 9 8 4 18 19 
student 415: 11 2 17 18 13 12 10 19 4 8 15 6 16 14 3 1 7 9 5 20 
student 416: 5 1 15 8 4 10 20 17 12 7 6 9 13 3 19 11 2 18 14 16 
student 417: 1 19 3 11 5 20 15 14 18 16 8 10 2 13 12 6 17 9 4 7 
student 418: 8 9 11 15 2 7 20 13 10 18 4 6 3 17 16 5 14 12 1 19 
student 419: 14 9 16 15 10 4 13 8 17 2 1 5 18 19 20 7 11 6 3 12 
student 420: 15 7 12 9 1 3 8 6 20 11 2 4 10 5 19 13 14 18 16 17 
student 421: 6 1 10 16 9 13 17 14 3 2 4 20 5 15 18 19 8 12 7 11 
student 422: 6 15 3 2 5 19 17 20 4 10 14 16 8 11 18 12 7 9 1 13 
student 423: 20 9 7 3 15 11 6 16 12 13 2 14 5 18 1 8 19 17 4 10 
student 424: 2 7 1 18 16 3 9 17 13 10 6 11 19 8 20 4 12 15 14 5 
student 425: 17 5 4 8 1 15 2 18 11 10 14 12 16 20 7 6 19 13 3 9 
student 426: 18 10 5 13 17 8 2 14 9 12 4 16 3 7 19 11 20 6 1 15 
student 427: 11 16 12 19 6 1 17 18 20 2 8 9 13 4 5 7 14 3 15 10 
student 428: 8 6 5 15 2 7 18 17 1 9 4 13 3 16 11 14 20 12 19 10 
student 429: 6 13 5 10 14 17 15 20 12 1 3 9 7 19 4 11 16 2 18 8 
student 430: 3 10 14 11 1 4 12 13 8 2 7 9 20 15 19 16 5 6 18 17 
student 431: 5 19 12 11 3 8 9 17 6 4 20 10 15 16 18 1 7 14 2 13 
student 432: 5 13 11 2 1 6 15 17 20 8 7 4 12 19 14 10 16 18 3 9 
student 433: 8 5 9 2 20 1 16 17 13 6 11 15 12 4 18 10 19 14 3 7 
student 434: 18 10 14 15 5 13 17 9 1 2 19 7 8 6 11 4 20 16 3 12 
student 435: 10 15 9 6 20 3 7 19 12 1 14 2 18 5 13 11 16 8 4 17 
student 436: 2 3 13 19 10 7 20 15 17 4 11 14 5 18 8 6 16 1 12 9 
student 437: 7 3 2 9 14 8 17 18 20 11 4 5 19 15 12 10 16 6 1 13 
student 438: 19 3 2 12 1 7 18 13 10 17 6 15 20 8 9 14 16 4 11 5 
student 439: 6 7 16 3 17 18 9 13 19 15 5 20 10 12 11 4 14 8 2 1 
student 440: 1 17 10 7 6 11 16 20 15 12 2 8 5 4 18 13 19 9 3 14 
student 441: 16 4 8 17 5 13 19 20 18 2 6 1 10 9 15 7 12 14 3 11 
student 442: 4 13 8 19 11 9 18 12 20 3 1 5 6 17 7 15 16 2 10 14 
student 443: 18 1 17 4 7 13 12 20 15 9 2 8 6 19 5 3 16 11 14 10 
student 444: 11 4 19 9 10 2 20 15 18 1 7 13 17 3 8 5 6 14 12 16 
student 445: 8 3 18 2 1 13 10 20 9 7 16 12 15 11 5 14 19 17 6 4 
student 446: 17 6 19 11 8 20 12 1 13 3 2 9 10 18 16 5 14 7 4 15 
student 447: 2 1 11 18 6 12 20 13 5 4 17 15 19 16 7 9 14 3 10 8 
student 448: 7 20 2 8 1 11 18 19 5 6 9 12 13 14 4 10 17 3 15 16 
student 449: 19 18 3 14 8 6 15 13 20 10 17 9 5 4 1 2 11 16 7 12 
student 450: 5 2 16 18 15 6 20 19 11 7 8 12 13 17 4 10 14 9 1 3 
student 451: 8 7 1 13 3 2 18 17 11 14 15 12 20 4 6 10 19 5 9 16 
student 452: 8 11 16 18 7 9 13 15 2 5 3 19 4 20 12 14 17 10 1 6 
student 453: 18 20 12 11 5 6 1 2 14 3 7 9 19 13 17 8 15 10 16 4 
student 454: 4 6 20 13 16 10 3 17 19 1 8 2 7 15 14 9 12 18 5 11 
student 455: 8 9 20 11 1 6 19 10 5 12 7 3 16 17 14 2 18 4 13 15 
student 456: 8 13 20 10 9 1 6 17 11 5 3 18 16 7 14 2 19 4 15 12 
student 457: 17 2 10 18 6 12 19 1 4 13 3 9 11 20 16 7 8 5 14 15 
student 458: 10 4 1 12 8 2 6 19 14 5 16 11 13 3 20 9 18 17 7 15 
student 459: 10 19 4 2 7 1 17 5 6 8 9 11 14 18 20 3 16 13 12 15 
student 460: 12 3 10 4 2 7 17 20 16 11 1 6 19 9 14 18 8 13 15 5 
student 461: 17 4 8 14 11 9 19 13 15 16 5 3 7 6 2 1 20 10 18 12 
student 462: 2 14 7 16 8 9 19 11 20 18 6 12 17 15 3 5 13 4 10 1 
student 463: 11 4 6 14 2 8 18 20 19 3 7 1 15 13 16 9 10 17 12 5 
student 464: 10 6 20 3 11 18 15 13 8 4 9 2 1 12 7 5 19 16 14 17 
student 465: 11 8 7 15 16 2 19 18 20 10 3 13 9 6 14 4 17 1 12 5 
student 466: 10 8 3 18 1 4 13 2 5 15 12 17 9 16 14 7 20 11 6 19 
student 467: 7 1 3 9 13 12 2 20 6 8 16 4 17 10 19 5 14 11 18 15 
student 468: 16 8 6 11 13 4 15 18 3 9 12 1 5 19 14 10 17 2 7 20 
student 469: 19 1 16 9 8 2 6 3 10 11 4 17 18 20 14 5 12 7 13 15 
student 470: 16 3 11 6 4 13 15 17 10 8 18 19 12 20 5 2 14 1 7 9 
student 471: 10 4 18 15 12 2 8 19 1 5 13 9 11 17 6 14 20 16 7 3 
student 472: 6 9 12 13 1 14 20 10 18 4 5 16 17 2 8 19 3 15 7 11 
student 473: 11 13 16 3 4 5 7 12 15 14 10 17 1 8 18 19 20 2 6 9 
student 474: 4 2 10 8 1 16 5 13 19 15 7 12 9 14 17 11 20 3 6 18 
student 475: 19 8 13 15 16 6 4 20 9 5 1 2 14 11 12 3 17 10 18 7 
student 476: 3 10 13 7 16 11 14 6 9 17 2 8 18 12 1 4 20 19 5 15 
student 477: 20 12 5 18 15 10 9 7 1 13 14 17 6 8 4 2 11 19 3 16 
student 478: 1 19 12 15 5 6 9 16 18 7 13 8 14 17 10 3 11 20 4 2 
student 479: 2 10 7 11 6 1 8 12 5 4 14 13 15 18 3 20 19 17 9 16 
student 480: 16 18 5 2 6 1 7 3 10 17 8 4 13 9 15 12 19 14 20 11 
student 481: 1 20 10 14 9 13 18 19 15 12 7 2 6 11 3 16 8 5 4 17 
student 482: 5 13 12 4 3 1 8 10 15 16 2 19 11 20 18 14 17 7 6 9 
student 483: 1 9 6 15 4 5 16 7 3 12 13 11 8 20 2 10 19 14 18 17 
student 484: 12 3 8 11 1 6 9 20 18 7 13 14 5 4 19 2 17 16 10 15 
student 485: 11 10 15 17 4 1 13 12 9 3 6 2 18 20 7 5 14 16 8 19 
student 486: 16 11 17 13 3 5 12 7 4 10 2 1 15 20 14 9 6 19 8 18 
student 487: 12 17 7 4 3 15 13 6 8 20 2 19 14 9 16 11 10 5 1 18 
student 488: 6 9 17 4 12 2 20 15 16 13 8 1 7 18 3 19 11 14 10 5 
student 489: 6 5 13 17 4 7 18 20 15 2 8 3 12 16 11 14 19 10 9 1 
student 490: 4 7 20 6 1 14 13 18 16 15 3 12 19 11 17 2 8 9 5 10 
student 491: 19 15 6 7 2 5 20 11 18 1 4 8 3 9 17 16 10 13 12 14 
student 492: 9 5 20 3 1 4 16 17 10 19 8 2 7 13 12 6 18 14 11 15 
student 493: 6 1 7 19 13 8 2 12 11 18 5 4 15 9 17 16 20 3 10 14 
student 494: 2 8 6 19 11 16 12 13 7 5 20 9 15 14 3 1 17 18 10 4 
student 495: 13 17 6 9 1 15 4 2 10 11 20 3 12 18 19 8 14 7 5 16 
student 496: 20 11 13 3 2 15 1 14 8 5 12 19 4 18 7 10 9 6 16 17 
student 497: 5 1 18 13 3 10 7 15 16 14 4 8 9 19 12 11 17 20 2 6 
student 498: 11 16 17 10 8 2 20 4 14 12 1 9 6 13 18 5 19 3 7 15 
student 499: 13 16 19 4 5 17 6 15 20 9 14 7 12 8 18 1 2 11 3 10 
student 500: 19 7 12 4 5 16 11 3 15 9 8 18 2 20 10 6 17 14 1 13 
student 501: 3 12 14 19 1 2 13 17 10 8 15 7 11 20 9 4 6 5 18 16 
student 502: 1 20 13 11 5 9 15 10 4 8 7 14 17 19 3 6 16 12 18 2 
student 503: 7 3 8 11 9 12 13 19 15 4 6 20 1 18 10 5 17 2 16 14 
student 504: 15 9 1 3 5 8 6 17 16 13 10 14 18 11 20 7 19 2 12 4 
student 505: 1 2 15 4 10 17 3 19 12 6 5 18 16 11 20 14 7 9 8 13 
student 506: 17 9 16 12 6 8 10 13 20 1 2 15 7 14 5 4 3 18 11 19 
student 507: 17 6 9 1 2 19 10 15 20 8 4 12 3 16 7 14 13 5 11 18 
student 508: 4 5 20 2 9 6 10 13 8 11 19 14 15 3 17 1 16 18 12 7 
student 509: 18 3 8 15 4 1 10 17 14 16 13 11 9 2 19 7 20 12 6 5 
student 510: 4 16 14 10 1 2 12 19 15 9 8 7 13 20 11 5 17 6 3 18 
student 511: 11 6 9 20 3 2 18 17 7 1 12 16 8 19 15 5 14 4 10 13 
student 512: 7 11 14 18 5 3 1 20 17 12 4 8 9 13 19 2 10 6 15 16 
student 513: 14 1 13 8 10 18 7 9 12 3 5 2 4 16 20 11 15 17 6 19 
student 514: 9 2 20 4 18 13 5 15 1 12 6 7 14 17 19 8 16 11 10 3 
student 515: 10 5 14 11 3 7 15 19 17 6 12 1 18 13 16 2 20 4 9 8 
student 516: 12 5 14 20 8 10 11 19 17 7 16 6 1 9 18 4 3 2 13 15 
student 517: 1 6 7 18 15 3 14 19 10 4 2 8 20 17 9 5 13 11 16 12 
student 518: 11 6 13 5 2 10 14 18 19 4 12 17 1 3 16 8 20 15 7 9 
student 519: 2 10 15 16 9 11 12 19 13 20 3 4 5 1 17 6 14 8 7 18 
student 520: 7 13 19 10 4 6 17 8 15 1 12 2 5 9 16 14 20 11 3 18 
student 521: 1 20 2 15 9 7 13 10 16 18 17 6 11 3 19 8 5 12 4 14 
student 522: 6 9 15 2 7 3 10 14 18 4 20 5 12 19 17 1 13 8 11 16 
student 523: 10 11 9 19 6 2 18 7 14 1 12 8 15 16 20 4 17 5 3 13 
student 524: 9 1 20 8 4 6 11 17 3 2 18 16 10 15 7 19 13 12 5 14 
student 525: 5 20 11 6 1 14 8 12 13 7 2 9 15 10 16 4 19 18 17 3 
student 526: 2 9 20 11 12 1 17 10 8 5 6 3 14 18 4 7 19 15 13 16 
student 527: 8 14 12 11 6 10 16 7 18 5 3 19 1 15 4 2 17 20 13 9 
student 528: 9 5 18 13 4 1 20 6 19 17 2 15 12 14 16 10 11 7 3 8 
student 529: 16 11 20 14 2 6 19 13 17 3 4 15 1 5 18 12 9 10 7 8 
student 530: 9 6 16 12 7 14 17 2 19 11 4 3 18 1 13 15 20 5 8 10 
student 531: 11 16 1 9 6 4 10 19 12 7 2 3 15 14 13 8 18 20 17 5 
student 532: 5 2 17 6 10 8 12 19 7 11 13 18 4 14 3 20 15 1 16 9 
student 533: 5 7 13 14 6 9 8 19 1 4 16 20 12 10 3 18 11 15 17 2 
student 534: 3 1 16 5 11 13 18 15 20 8 7 2 17 9 14 19 12 10 4 6 
student 535: 12 5 11 2 18 15 9 19 3 13 4 16 8 1 20 6 7 17 10 14 
student 536: 6 11 13 18 3 7 9 12 19 4 15 5 10 20 8 2 17 1 16 14 
student 537: 1 7 12 5 10 2 19 18 16 4 9 3 11 20 17 8 15 14 13 6 
student 538: 4 1 18 15 17 19 20 12 11 9 6 5 14 10 7 3 13 8 2 16 
student 539: 3 5 14 13 20 6 19 11 12 8 2 1 7 9 16 10 18 15 4 17 
student 540: 5 20 13 17 9 8 15 1 12 18 2 7 10 19 4 16 14 3 6 11 
student 541: 7 2 11 13 9 6 4 12 5 18 3 17 15 20 16 1 19 14 10 8 
student 542: 12 18 17 14 1 20 15 8 13 10 3 2 19 7 6 4 16 9 5 11 
student 543: 16 15 19 1 7 14 13 5 18 9 3 17 6 2 10 11 8 20 12 4 
student 544: 11 13 17 3 1 9 15 12 18 7 4 14 2 20 19 5 6 10 8 16 
student 545: 11 10 15 5 8 17 16 14 1 4 6 7 3 18 9 20 19 2 12 13 
student 546: 1 3 10 5 2 9 16 14 13 7 12 11 17 8 4 19 18 20 6 15 
student 547: 13 19 3 18 2 8 7 20 12 4 1 9 11 17 16 10 14 5 15 6 
student 548: 19 7 18 10 3 13 12 8 17 6 1 20 4 15 9 11 5 14 16 2 
student 549: 9 10 20 8 4 5 1 13 12 6 14 2 19 11 17 7 15 3 16 18 
student 550: 4 3 7 6 15 10 17 13 11 19 2 16 1 12 20 14 18 9 8 5 
student 551: 8 19 20 14 7 11 13 16 12 3 5 15 9 18 2 10 17 4 6 1 
student 552: 2 3 13 17 5 1 15 14 19 20 8 9 16 10 11 4 7 12 18 6 
student 553: 15 6 12 7 9 11 17 18 10 1 20 3 19 14 4 2 16 8 13 5 
student 554: 2 5 1 10 7 15 14 16 12 9 11 6 3 8 19 17 4 18 13 20 
student 555: 13 5 1 8 16 2 15 12 14 19 10 20 3 4 18 7 11 6 17 9 
student 556: 13 4 3 10 2 1 17 11 7 19 14 9 20 12 5 15 16 18 6 8 
student 557: 2 20 3 19 6 16 11 4 14 8 5 18 13 1 12 15 7 9 10 17 
student 558: 3 11 8 6 19 1 10 13 18 17 5 2 9 15 7 16 14 12 20 4 
student 559: 3 2 15 19 8 1 5 20 12 6 17 7 13 10 14 11 18 4 16 9 
student 560: 5 7 15 3 12 2 9 16 20 4 10 14 17 19 13 1 11 18 6 8 
student 561: 16 9 13 3 5 6 10 1 12 15 4 18 17 11 20 14 19 2 8 7 
student 562: 20 4 12 11 2 3 17 15 18 1 10 6 19 9 14 5 13 8 7 16 
student 563: 14 18 7 4 5 12 10 16 15 9 19 1 20 13 6 2 11 17 3 8 
student 564: 10 17 5 7 3 4 18 19 6 11 2 8 20 9 12 13 16 14 1 15 
student 565: 5 3 19 18 10 13 6 4 7 16 2 9 1 11 15 14 12 20 8 17 
student 566: 9 8 20 12 18 3 1 15 19 4 14 2 16 10 11 7 13 6 5 17 
student 567: 9 3 8 11 14 1 5 20 18 6 7 2 13 17 4 16 12 19 10 15 
student 568: 6 5 15 19 18 10 13 16 3 7 2 1 12 8 20 17 14 11 4 9 
student 569: 18 4 6 12 10 2 14 1 15 7 3 19 5 9 17 13 8 20 11 16 
student 570: 17 13 8 18 3 1 14 19 10 6 2 12 4 15 11 5 16 20 7 9 
student 571: 8 12 1 11 2 15 16 19 9 13 7 6 14 20 18 4 17 3 5 10 
student 572: 19 9 6 5 4 13 20 18 3 2 1 8 7 12 15 10 14 16 17 11 
student 573: 3 12 8 17 11 6 16 2 4 10 20 18 7 19 14 13 9 1 5 15 
student 574: 19 1 20 5 12 16 4 13 18 9 3 7 17 10 11 2 8 6 14 15 
student 575: 10 5 4 18 8 11 12 14 20 1 6 2 16 3 15 7 19 9 17 13 
student 576: 16 15 5 7 3 17 11 8 18 4 10 19 6 13 9 1 20 2 12 14 
student 577: 15 1 7 10 3 4 20 16 17 8 2 6 13 12 18 11 19 14 9 5 
student 578: 8 6 11 7 1 3 19 20 18 15 16 2 10 14 13 12 4 17 9 5 
student 579: 18 12 8 2 7 19 4 13 16 1 6 15 11 20 14 3 10 9 5 17 
student 580: 6 7 5 19 15 1 8 17 4 3 13 14 16 10 18 9 11 20 2 12 
student 581: 13 2 15 4 5 11 19 10 16 12 1 17 6 7 9 8 14 20 3 18 
student 582: 12 13 2 7 10 5 20 16 3 14 6 1 17 15 8 9 19 18 11 4 
student 583: 15 5 20 7 1 10 12 17 11 13 4 6 2 8 16 9 14 18 19 3 
student 584: 19 12 14 9 3 7 13 20 11 2 6 10 15 8 1 4 18 16 5 17 
student 585: 19 10 12 17 1 5 6 20 13 8 18 14 16 7 15 9 11 4 3 2 
student 586: 7 13 1 3 5 6 14 9 4 15 16 20 17 10 18 19 11 2 12 8 
student 587: 12 8 15 10 11 6 20 18 3 16 9 5 7 1 19 13 17 14 2 4 
student 588: 14 12 4 8 3 11 20 13 5 7 6 15 16 19 18 2 10 17 1 9 
student 589: 13 2 17 19 7 4 12 20 10 16 6 8 3 14 11 1 15 18 9 5 
student 590: 11 5 12 14 4 8 17 16 19 6 3 9 2 15 20 1 18 10 7 13 
student 591: 2 11 6 5 7 9 16 3 14 10 12 19 4 17 15 8 18 13 1 20 
student 592: 9 2 6 7 3 17 20 16 11 12 10 4 18 5 15 14 19 1 13 8 
student 593: 15 8 18 17 11 2 20 12 14 4 5 10 13 19 9 3 1 6 7 16 
student 594: 7 16 14 11 13 5 9 17 6 3 10 1 4 12 18 20 15 19 2 8 
student 595: 8 3 16 7 1 10 20 17 6 2 4 18 11 12 15 9 14 19 13 5 
student 596: 8 11 15 16 2 4 12 20 13 3 7 14 6 5 9 1 10 19 17 18 
student 597: 12 8 3 4 7 1 11 15 14 18 10 5 19 13 17 6 9 16 2 20 
student 598: 7 11 15 1 14 2 9 10 17 8 20 3 6 16 12 4 18 5 13 19 
student 599: 7 12 5 20 1 19 8 4 18 11 2 10 14 15 6 16 17 9 3 13 
student 600: 7 12 13 18 5 10 17 3 6 4 8 9 1 11 14 16 2 15 20 19 
student 601: 17 16 2 9 11 15 5 20 10 14 12 18 6 19 3 8 4 13 1 7 
student 602: 10 11 14 2 3 7 18 19 16 8 6 13 12 4 15 9 5 17 1 20 
student 603: 14 18 2 4 8 3 16 20 6 11 7 1 5 9 19 10 12 17 13 15 
student 604: 1 8 16 12 5 11 3 18 4 6 2 14 19 15 10 7 20 13 9 17 
student 605: 14 7 2 9 13 5 17 18 16 1 4 8 20 6 15 11 19 10 12 3 
student 606: 15 3 6 13 7 18 1 17 14 10 4 9 19 20 5 8 16 2 11 12 
student 607: 13 19 11 3 14 6 15 17 8 7 1 4 12 20 9 5 16 10 2 18 
student 608: 12 11 10 1 4 7 19 20 17 8 2 15 6 14 3 16 5 13 18 9 
student 609: 9 16 7 3 11 8 19 5 10 12 4 18 17 14 2 6 20 15 1 13 
student 610: 19 1 14 15 7 4 18 17 20 5 6 10 2 11 16 8 12 13 9 3 
student 611: 8 6 2 5 10 3 1 19 14 9 7 16 20 15 11 12 17 18 4 13 
student 612: 15 12 3 18 9 16 14 17 19 5 11 2 4 8 13 1 20 7 6 10 
student 613: 7 3 15 9 2 4 8 13 11 18 6 5 16 19 12 1 14 10 17 20 
student 614: 10 3 20 11 8 2 4 19 18 13 12 15 9 16 17 7 6 1 5 14 
student 615: 17 8 19 5 11 6 7 16 12 14 2 4 10 9 20 1 15 13 3 18 
student 616: 10 6 12 2 14 3 13 16 9 18 11 4 15 8 7 5 19 1 20 17 
student 617: 16 7 10 11 8 2 17 14 18 9 3 1 20 19 13 5 12 4 6 15 
student 618: 4 12 9 13 11 20 18 3 19 2 5 10 8 17 14 1 6 16 15 7 
student 619: 7 5 15 14 2 6 12 16 13 1 8 11 19 3 18 4 17 20 10 9 
student 620: 6 17 8 10 4 12 15 5 3 20 13 11 16 18 9 14 2 7 1 19 
student 621: 11 1 7 12 19 9 6 17 16 3 2 18 20 14 8 13 4 10 5 15 
student 622: 14 10 18 17 7 2 6 20 8 12 9 16 11 1 19 5 15 3 4 13 
student 623: 6 1 9 4 13 10 5 20 17 7 12 16 15 18 19 3 11 14 8 2 
student 624: 9 4 5 8 10 7 12 15 13 18 3 1 16 19 17 2 14 6 11 20 
student 625: 3 4 20 2 8 11 13 16 17 5 1 9 10 6 14 15 19 18 7 12 
student 626: 13 14 7 16 12 1 9 17 10 2 6 4 8 19 18 15 11 20 3 5 
student 627: 8 4 2 11 9 16 6 14 15 1 3 17 5 20 19 12 18 13 7 10 
student 628: 4 9 2 11 7 1 14 18 17 10 20 3 5 6 12 15 16 19 13 8 
student 629: 17 13 2 20 1 5 15 19 16 4 18 8 14 11 10 9 6 12 3 7 
student 630: 9 15 4 2 7 5 19 8 20 11 18 12 17 16 10 1 13 3 14 6 
student 631: 16 6 19 11 3 9 18 4 10 2 20 13 1 17 12 7 8 15 5 14 
student 632: 15 19 10 7 1 4 13 12 17 16 5 18 3 8 6 9 14 20 11 2 
student 633: 17 10 13 4 9 11 2 14 3 12 19 5 1 15 18 8 20 6 7 16 
student 634: 1 3 19 18 5 4 20 17 12 16 2 15 10 11 13 6 14 8 9 7 
student 635: 13 10 2 5 9 3 16 14 7 15 11 20 17 6 4 12 18 19 8 1 
student 636: 1 10 17 11 8 4 19 3 9 5 6 7 14 16 15 12 2 20 18 13 
student 637: 15 19 6 7 5 16 10 12 14 4 3 8 11 2 18 1 17 20 9 13 
student 638: 6 8 1 2 7 4 14 20 15 5 13 17 12 16 11 10 19 9 3 18 
student 639: 11 10 1 4 14 6 13 7 3 8 2 9 12 5 15 16 18 17 19 20 
student 640: 7 6 15 16 8 10 9 3 18 13 2 5 12 20 14 1 11 17 4 19 
student 641: 9 16 14 20 3 19 18 11 10 4 6 15 12 2 17 8 7 5 13 1 
student 642: 8 7 9 16 2 6 3 5 13 14 1 15 10 17 11 4 12 19 18 20 
student 643: 1 6 11 15 10 2 9 7 18 16 19 14 8 20 13 5 17 4 3 12 
student 644: 14 2 4 15 1 10 20 11 17 8 6 19 9 5 13 12 18 7 3 16 
student 645: 1 16 6 2 7 5 15 12 18 10 20 19 3 17 13 9 14 4 8 11 
student 646: 4 15 12 18 1 2 8 19 16 10 7 5 20 6 9 11 13 17 3 14 
student 647: 8 11 15 1 13 6 17 14 20 3 9 10 5 12 18 4 16 2 7 19 
student 648: 18 14 3 16 19 17 9 7 15 5 8 11 2 6 20 13 12 1 4 10 
student 649: 16 8 20 6 19 15 11 17 3 2 1 5 7 14 9 10 18 13 12 4 
student 650: 5 16 6 18 2 3 9 15 13 1 20 8 7 10 19 14 4 11 17 12 
student 651: 5 13 14 9 11 2 19 18 20 1 4 8 6 17 15 3 16 10 7 12 
student 652: 15 3 1 17 11 7 12 16 10 18 13 8 20 6 4 5 19 14 2 9 
student 653: 11 5 18 9 2 8 6 7 16 19 4 20 1 10 17 12 3 15 13 14 
student 654: 3 15 11 4 12 2 13 1 8 16 17 7 20 19 6 5 14 10 9 18 
student 655: 20 7 3 8 4 2 18 14 17 10 9 1 12 11 13 5 6 19 16 15 
student 656: 3 14 2 18 19 1 9 12 10 16 8 7 11 13 15 5 6 4 17 20 
student 657: 10 7 3 11 4 2 1 15 20 9 8 5 13 19 14 6 17 18 16 12 
student 658: 13 7 18 12 16 2 10 17 19 4 8 1 15 20 5 3 14 6 11 9 
student 659: 13 9 1 5 6 12 15 11 7 19 3 4 8 2 17 16 18 14 10 20 
student 660: 6 15 5 12 10 20 11 17 16 7 2 14 8 18 19 13 9 3 1 4 
student 661: 20 8 18 19 5 1 3 12 11 2 9 4 10 14 17 13 16 7 6 15 
student 662: 14 3 1 12 18 16 8 13 7 17 9 4 19 15 10 20 6 2 11 5 
student 663: 15 10 2 3 8 17 4 20 14 16 5 19 12 18 13 11 7 1 9 6 
student 664: 5 18 16 9 2 3 4 17 7 12 1 11 15 8 13 10 20 14 19 6 
student 665: 15 10 4 6 5 16 13 2 12 1 11 14 17 19 18 7 20 3 8 9 
student 666: 7 11 17 6 2 10 15 13 12 16 4 14 1 9 19 20 8 18 3 5 
student 667: 6 10 18 14 8 16 11 12 20 15 2 4 3 17 5 1 19 13 9 7 
student 668: 20 3 13 19 7 1 15 4 14 2 10 18 16 12 8 5 17 6 9 11 
student 669: 1 10 11 2 6 4 12 14 13 5 20 16 15 19 9 7 17 18 3 8 
student 670: 14 12 7 5 2 4 16 8 13 6 18 15 9 19 1 3 20 11 10 17 
student 671: 20 6 4 17 5 3 12 15 7 8 1 19 11 9 10 13 2 16 14 18 
student 672: 11 9 6 10 3 4 18 15 2 14 8 12 5 19 1 13 20 17 7 16 
student 673: 18 1 16 5 3 2 12 20 17 10 4 8 13 14 19 7 9 6 11 15 
student 674: 8 18 11 20 2 4 1 19 12 17 3 16 15 14 5 7 13 9 6 10 
student 675: 16 9 12 6 7 14 3 18 10 15 1 17 19 20 11 2 13 4 5 8 
student 676: 2 4 18 9 16 6 15 20 5 12 1 3 11 19 13 8 10 17 14 7 
student 677: 13 14 16 15 3 2 19 10 17 5 7 18 11 6 8 9 12 4 1 20 
student 678: 4 14 19 3 1 18 12 11 16 15 2 5 9 17 7 8 13 20 6 10 
student 679: 20 2 9 10 1 5 16 13 18 4 7 14 19 15 17 3 11 8 6 12 
student 680: 16 6 17 5 9 13 14 3 11 10 8 18 7 2 20 1 15 19 4 12 
student 681: 3 20 16 10 9 13 2 14 11 1 4 12 8 7 5 6 19 18 15 17 
student 682: 10 4 15 11 5 9 20 7 19 6 2 1 3 18 17 16 14 13 8 12 
student 683: 2 4 16 10 12 6 19 17 20 5 1 8 14 13 7 3 15 9 18 11 
student 684: 18 11 3 12 1 4 20 10 7 8 14 13 5 17 16 6 9 15 19 2 
student 685: 14 11 2 10 3 9 17 15 19 12 8 7 18 6 20 1 4 16 13 5 
student 686: 13 20 16 2 15 6 10 11 17 7 3 8 19 9 5 4 14 1 18 12 
student 687: 16 6 2 7 18 3 14 10 15 13 12 1 17 4 19 9 5 8 20 11 
student 688: 2 11 5 12 1 20 13 17 16 10 3 19 9 14 8 18 7 6 4 15 
student 689: 18 9 7 8 1 11 6 15 19 5 3 14 12 10 13 4 16 2 17 20 
student 690: 4 10 6 2 16 15 18 8 17 13 5 19 7 1 20 9 12 14 3 11 
student 691: 6 3 10 4 16 2 18 11 17 13 8 14 15 20 1 5 7 12 19 9 
student 692: 11 20 8 15 7 4 19 9 14 1 5 6 12 3 2 10 13 17 18 16 
student 693: 5 17 11 3 2 9 1 16 20 8 10 13 4 6 12 14 15 7 19 18 
student 694: 9 3 15 13 1 17 14 10 18 8 6 7 4 12 16 2 20 19 5 11 
student 695: 3 7 11 20 4 6 16 2 13 15 8 19 12 18 14 10 1 5 9 17 
student 696: 9 10 11 15 6 1 18 20 17 12 5 16 19 13 3 7 2 8 4 14 
student 697: 10 7 18 1 2 15 19 17 4 3 5 9 14 16 20 13 6 12 11 8 
student 698: 16 5 19 4 11 17 6 20 13 2 9 7 3 12 1 8 15 10 14 18 
student 699: 10 4 8 16 12 2 5 17 3 15 9 20 1 7 14 6 11 19 13 18 
student 700: 18 19 1 2 10 6 13 17 14 4 9 16 8 12 11 3 20 5 7 15 
student 701: 1 17 4 5 3 6 20 9 11 12 2 13 19 15 10 18 16 8 14 7 
student 702: 1 8 6 19 13 4 14 16 7 20 3 12 10 11 5 17 18 15 9 2 
student 703: 16 1 18 9 4 5 19 2 11 10 15 6 13 17 14 3 20 12 8 7 
student 704: 20 4 9 6 11 2 14 15 19 17 3 5 16 12 7 1 10 8 18 13 
student 705: 15 8 10 12 1 3 4 11 19 6 20 7 16 18 5 9 14 13 2 17 
student 706: 14 7 15 1 16 3 5 11 20 9 2 19 17 18 6 12 8 4 13 10 
student 707: 5 10 2 9 3 16 6 15 13 1 14 17 8 12 4 20 18 11 7 19 
student 708: 17 8 9 13 2 4 18 10 14 6 1 5 3 15 11 12 19 20 16 7 
student 709: 15 7 2 12 5 3 19 16 9 10 1 13 4 11 18 8 20 17 6 14 
student 710: 7 4 16 15 10 6 13 8 11 9 5 2 12 20 18 1 17 3 14 19 
student 711: 3 6 13 19 1 5 9 15 18 20 11 16 7 4 10 2 17 14 12 8 
student 712: 14 1 17 16 3 9 18 19 7 6 8 5 10 13 12 4 15 11 2 20 
student 713: 6 15 16 2 8 4 13 20 11 3 12 10 18 19 9 17 5 7 1 14 
student 714: 19 4 2 18 12 5 11 9 8 15 3 17 6 10 16 20 14 13 1 7 
student 715: 15 16 5 1 2 10 19 20 9 14 13 8 18 4 3 7 11 17 12 6 
student 716: 9 5 20 7 13 1 14 17 6 19 10 15 12 8 2 16 11 3 18 4 
student 717: 3 2 10 15 19 8 6 20 14 4 7 18 12 17 9 5 16 13 1 11 
student 718: 13 18 19 2 11 9 10 12 14 20 8 1 17 16 4 3 6 15 7 5 
student 719: 7 17 13 19 1 8 4 10 14 16 5 11 20 12 2 9 15 6 3 18 
student 720: 7 13 18 10 4 2 11 8 3 15 16 20 9 17 12 6 19 14 1 5 
student 721: 15 3 17 7 12 10 14 16 13 11 9 4 5 20 19 2 1 8 6 18 
student 722: 9 3 16 2 6 17 7 20 19 18 1 8 11 10 4 14 12 13 15 5 
student 723: 16 3 12 15 13 1 17 4 7 2 10 9 20 14 19 5 18 6 11 8 
student 724: 16 3 5 11 18 7 20 15 13 12 10 1 9 14 8 17 19 4 6 2 
student 725: 7 9 2 17 14 10 8 13 5 6 1 15 3 20 4 12 18 11 16 19 
student 726: 12 2 3 5 20 18 15 14 11 16 4 1 7 19 9 17 10 6 8 13 
student 727: 20 1 18 5 3 6 17 9 15 7 14 4 19 11 13 10 16 12 2 8 
student 728: 2 9 13 8 5 10 15 1 3 6 7 18 14 20 16 4 12 19 11 17 
student 729: 20 15 10 19 8 1 16 7 17 5 4 3 9 6 18 2 12 11 14 13 
student 730: 10 8 15 13 3 7 4 19 16 6 2 18 12 14 9 17 20 5 11 1 
student 731: 5 2 18 6 1 15 16 7 10 8 3 17 13 9 12 11 19 14 4 20 
student 732: 7 8 15 19 20 13 11 17 18 2 12 14 6 10 3 1 9 5 4 16 
student 733: 12 9 1 8 10 14 7 6 15 3 4 5 16 20 2 17 19 13 11 18 
student 734: 9 17 1 11 3 10 6 15 13 12 8 2 4 19 18 5 20 7 16 14 
student 735: 10 5 6 18 1 2 19 20 17 4 7 12 14 9 15 16 11 8 3 13 
student 736: 4 2 19 18 7 12 16 15 1 10 5 17 13 20 14 6 3 8 11 9 
student 737: 2 12 8 14 17 6 10 13 18 3 5 9 1 20 19 4 15 7 11 16 
student 738: 7 10 17 19 6 12 4 20 15 3 5 2 14 13 8 9 18 1 11 16 
student 739: 9 11 5 16 4 15 6 14 19 13 20 2 12 1 3 7 18 10 17 8 
student 740: 4 8 10 14 1 13 19 20 16 6 3 17 2 15 18 7 5 11 9 12 
student 741: 15 7 6 18 14 3 13 8 17 1 11 4 16 10 2 12 19 9 20 5 
student 742: 8 6 4 19 13 5 12 15 10 11 14 17 20 2 16 1 9 3 18 7 
student 743: 3 13 4 9 20 10 5 15 14 12 8 7 16 17 18 6 2 11 1 19 
student 744: 8 14 15 3 10 2 18 19 13 7 4 16 5 6 11 1 20 9 17 12 
student 745: 15 4 5 17 2 12 19 8 14 6 18 10 11 7 16 1 13 20 3 9 
student 746: 3 18 12 16 5 9 19 8 1 15 10 17 13 7 14 6 20 2 11 4 
student 747: 6 9 17 19 11 16 12 14 15 4 8 3 7 18 10 2 5 1 13 20 
student 748: 8 17 6 12 9 11 19 20 15 3 1 2 14 5 4 7 18 16 10 13 
student 749: 1 10 8 15 12 5 4 20 9 14 6 16 19 17 2 3 18 7 11 13 
student 750: 8 13 19 10 12 14 20 18 11 1 2 4 9 7 16 15 5 3 17 6 
student 751: 3 20 15 12 8 4 18 16 17 5 1 13 6 11 10 2 9 14 7 19 
student 752: 6 5 18 16 8 1 11 12 19 9 2 4 13 7 20 15 17 14 10 3 
student 753: 10 7 16 14 5 4 12 17 20 18 15 9 19 8 6 1 11 2 13 3 
student 754: 11 7 6 16 2 9 15 17 20 13 5 19 12 18 10 8 3 14 1 4 
student 755: 4 13 11 5 7 12 16 18 19 17 3 10 2 20 9 6 15 14 1 8 
student 756: 12 4 10 2 6 5 14 1 20 9 8 3 7 19 17 16 13 18 15 11 
student 757: 8 6 1 5 2 3 12 13 18 7 17 10 14 16 19 15 9 4 20 11 
student 758: 19 5 7 16 17 3 2 8 14 10 12 6 15 9 20 18 11 13 1 4 
student 759: 13 2 7 15 8 6 16 19 17 12 9 4 14 10 5 20 18 1 11 3 
student 760: 4 2 11 10 3 1 13 16 18 17 14 12 7 20 15 6 19 9 8 5 
student 761: 12 18 2 11 5 10 6 9 4 17 3 19 1 15 14 8 13 7 20 16 
student 762: 13 12 2 3 6 18 11 4 7 5 9 20 8 15 17 1 16 14 10 19 
student 763: 13 8 14 4 10 7 2 5 15 9 3 12 18 20 16 19 11 17 1 6 
student 764: 2 4 12 18 7 1 15 17 11 8 6 14 3 20 19 5 10 16 13 9 
student 765: 13 15 2 6 5 1 20 4 7 3 11 16 19 17 10 12 9 14 8 18 
student 766: 3 12 10 14 19 2 7 20 16 9 5 8 15 6 11 4 13 17 1 18 
student 767: 14 3 1 20 9 6 2 4 7 17 18 16 13 5 19 8 10 11 12 15 
student 768: 17 18 9 20 1 7 2 12 11 4 3 19 6 14 13 10 16 5 15 8 
student 769: 10 6 16 9 5 7 18 17 19 12 8 15 11 20 13 2 14 3 1 4 
student 770: 18 2 7 6 4 8 16 10 3 5 9 19 1 15 17 20 11 12 14 13 
student 771: 7 13 20 5 12 2 3 6 10 11 16 15 8 18 4 9 1 17 19 14 
student 772: 1 12 15 6 5 2 16 20 17 7 18 8 14 9 19 4 10 3 13 11 
student 773: 4 17 7 5 9 3 2 15 19 14 1 10 12 11 20 6 13 8 18 16 
student 774: 2 16 14 19 5 6 20 18 3 11 4 9 17 8 12 13 15 7 1 10 
student 775: 13 8 17 3 16 1 11 7 19 2 5 14 12 6 10 18 15 4 9 20 
student 776: 18 14 2 6 16 1 10 19 20 7 3 13 11 17 5 8 15 9 12 4 
student 777: 12 5 9 16 3 6 20 11 10 1 4 7 19 2 18 8 17 13 15 14 
student 778: 3 8 5 6 19 2 16 10 1 18 4 7 12 17 9 11 14 13 20 15 
student 779: 12 10 3 4 15 1 18 13 6 8 20 7 14 16 11 9 19 5 2 17 
student 780: 10 2 5 14 3 9 18 16 11 13 12 8 15 19 17 6 20 7 1 4 
student 781: 4 14 20 1 2 17 12 19 5 8 6 15 7 3 16 13 18 9 10 11 
student 782: 14 16 4 5 11 1 19 8 10 17 15 13 18 2 20 12 6 7 3 9 
student 783: 2 4 8 12 11 1 20 5 18 19 3 9 13 7 14 15 17 10 6 16 
student 784: 9 3 13 7 4 2 5 18 16 1 14 15 6 17 20 11 10 19 8 12 
student 785: 2 15 1 18 20 4 16 19 8 6 10 11 5 13 7 9 17 3 14 12 
student 786: 12 7 13 11 2 4 17 9 14 5 3 6 18 19 16 20 1 15 8 10 
student 787: 3 16 8 13 7 5 15 20 18 1 12 17 10 19 4 2 11 9 14 6 
student 788: 3 6 8 9 4 7 1 15 20 17 2 18 14 12 10 5 11 16 13 19 
student 789: 15 8 6 14 1 5 13 19 18 7 4 9 12 10 17 2 11 20 16 3 
student 790: 14 4 5 7 8 3 13 11 19 20 9 12 2 6 1 17 16 15 10 18 
student 791: 10 11 18 15 16 3 8 17 2 13 4 9 1 14 12 5 7 20 6 19 
student 792: 3 14 12 16 15 10 1 19 20 5 11 17 7 13 9 6 8 2 4 18 
student 793: 2 3 16 19 11 13 7 14 8 20 1 12 17 9 6 4 10 5 15 18 
student 794: 16 10 6 11 18 7 13 1 15 9 5 2 12 20 17 8 19 14 4 3 
student 795: 12 18 4 8 6 16 15 17 14 11 3 5 2 13 19 1 20 7 9 10 
student 796: 20 9 5 19 10 1 7 11 12 15 16 13 8 2 18 3 14 17 4 6 
student 797: 20 7 9 13 2 11 18 3 8 19 1 5 14 4 16 6 15 17 12 10 
student 798: 17 4 16 14 2 15 8 1 9 12 7 13 11 6 5 10 19 3 18 20 
student 799: 4 7 9 6 8 2 11 20 12 5 3 19 10 13 15 1 16 14 17 18 
