student 0: 13 11 7 10 12 16 1 6 3 14 17 19 20 2 8 5 4 15 9 18 
student 1: 4 5 16 19 10 8 2 17 1 18 3 15 20 11 13 6 7 14 12 9 
student 2: 7 3 14 18 17 8 10 16 1 15 11 13 19 12 4 20 6 9 5 2 
student 3: 15 4 8 6 11 16 1 14 10 7 12 18 19 2 5 3 9 20 17 13 
student 4: 4 8 2 15 11 10 5 3 9 17 1 16 7 13 6 20 14 12 19 18 
student 5: 15 6 2 4 16 7 8 5 9 17 12 10 1 11 13 19 20 18 14 3 
student 6: 2 1 5 6 4 8 19 12 9 7 18 17 10 14 15 11 3 20 16 13 
student 7: 10 1 11 3 2 9 5 19 20 7 16 17 18 4 6 12 14 13 15 8 
student 8: 9 4 5 8 19 3 15 20 7 2 6 12 17 10 18 11 1 16 13 14 
student 9: 2 18 12 10 20 3 7 17 5 19 15 11 4 14 1 9 6 16 8 13 
student 10: 18 15 2 4 5 10 11 14 1 20 13 9 12 16 17 7 3 19 6 8 
student 11: 6 3 17 4 2 1 13 8 9 10 15 12 20 19 7 11 16 14 18 5 
student 12: 19 3 4 16 1 14 6 20 10 11 9 12 2 13 8 17 7 5 15 18 
student 13: 5 11 19 18 1 7 6 2 4 9 17 15 12 20 10 8 13 14 3 16 
student 14: 18 11 12 3 8 2 9 7 1 4 13 20 19 14 6 10 5 16 15 17 
student 15: 2 3 10 16 1 13 5 19 7 15 9 17 12 20 8 11 4 18 14 6 
student 16: 13 14 18 3 9 19 1 8 15 17 6 16 20 7 11 4 10 2 12 5 
student 17: 15 6 11 2 7 5 3 12 19 10 9 16 20 4 18 14 17 13 1 8 
student 18: 7 17 5 6 15 11 1 18 3 9 2 13 14 20 12 8 16 4 10 19 
student 19: 16 1 5 8 20 17 15 9 2 6 4 12 14 18 3 11 13 19 10 7 
student 20: 18 7 10 15 3 11 2 12 6 4 13 5 19 9 8 14 17 1 20 16 
student 21: 1 16 14 11 9 12 19 6 13 7 3 10 17 15 8 5 2 18 4 20 
student 22: 2 1 14 11 12 6 7 10 4 17 3 18 19 15 5 9 13 16 8 20 
student 23: 6 13 8 17 15 20 11 1 3 12 7 16 10 4 5 19 2 18 9 14 
student 24: 16 6 10 15 13 4 8 20 12 1 17 18 19 9 7 2 5 3 14 11 
student 25: 2 4 18 9 10 5 8 16 12 19 13 14 15 17 11 20 7 1 6 3 
student 26: 2 17 8 10 4 3 5 12 6 20 7 13 16 14 15 11 19 1 18 9 
student 27: 9 8 18 15 2 6 10 17 1 12 3 4 20 14 7 11 13 19 5 16 
student 28: 5 17 3 7 8 9 14 16 18 4 6 11 2 15 1 13 12 20 19 10 
student 29: 9 6 1 8 13 7 5 11 14 19 16 4 18 20 12 3 10 17 2 15 
student 30: 10 3 14 11 16 7 1 19 2 9 5 20 17 8 4 18 15 13 12 6 
student 31: 12 4 16 10 1 7 3 5 8 18 9 19 13 6 2 15 14 20 17 11 
student 32: 2 15 13 5 9 6 10 19 20 18 16 8 14 3 1 7 4 12 17 11 
student 33: 4 13 15 5 3 10 9 1 6 11 8 18 17 7 2 12 20 16 19 14 
student 34: 4 2 1 6 7 3 5 14 9 17 20 8 11 18 16 12 15 13 19 10 
student 35: 2 13 14 5 12 11 4 8 1 17 9 18 19 7 16 20 6 15 3 10 
student 36: 15 4 17 19 16 14 8 3 18 2 10 20 13 5 12 7 6 11 9 1 
student 37: 8 12 5 17 6 14 2 10 4 15 11 20 18 16 1 7 3 13 19 9 
student 38: 16 3 1 7 11 6 2 8 4 14 19 18 17 15 5 10 9 20 12 13 
student 39: 12 11 1 19 6 16 7 2 5 15 4 14 18 13 8 10 3 20 9 17 
student 40: 5 18 14 7 1 6 3 16 2 9 13 19 8 10 11 12 17 20 15 4 
student 41: 13 14 11 10 6 16 9 4 2 18 5 12 20 19 7 1 3 8 17 15 
student 42: 12 3 11 8 5 19 6 9 2 15 7 16 20 18 14 17 13 4 1 10 
student 43: 9 19 12 10 4 14 5 2 15 11 20 3 16 8 17 18 1 6 13 7 
student 44: 1 4 8 14 18 16 13 11 6 3 12 15 9 19 10 7 2 17 20 5 
student 45: 5 9 3 1 11 18 4 13 20 16 10 8 17 7 12 19 2 14 6 15 
student 46: 10 4 11 13 8 19 14 9 17 18 3 16 7 2 12 15 1 5 20 6 
student 47: 17 1 12 7 2 6 11 19 8 20 13 14 18 15 5 3 10 16 9 4 
student 48: 4 2 3 19 14 8 12 7 11 13 17 18 20 15 10 5 1 6 9 16 
student 49: 11 3 9 7 17 8 1 6 4 2 13 10 14 12 5 16 18 20 19 15 
student 50: 2 20 5 18 13 16 19 6 8 12 4 1 3 11 7 15 17 10 9 14 
student 51: 7 9 18 14 10 2 4 16 1 17 5 6 11 19 8 12 3 20 13 15 
student 52: 4 9 8 7 14 3 5 2 13 19 15 18 16 10 6 17 1 12 11 20 
student 53: 7 3 9 17 6 4 5 14 8 10 12 16 19 13 18 1 2 20 11 15 
student 54: 14 20 17 15 10 7 3 11 13 6 8 9 5 12 1 16 2 19 4 18 
student 55: 6 9 18 8 5 1 10 17 2 16 15 20 11 7 12 13 14 3 19 4 
student 56: 10 3 12 16 1 11 13 15 5 19 7 17 18 14 4 20 2 9 6 8 
student 57: 4 16 15 7 6 3 1 17 11 20 9 14 8 12 13 18 10 19 5 2 
student 58: 7 9 11 14 19 6 2 4 1 5 10 16 20 12 8 17 13 15 18 3 
student 59: 11 5 1 6 8 19 7 4 9 20 3 17 16 14 2 18 10 12 15 13 
student 60: 6 14 2 12 10 4 7 16 20 5 1 11 9 17 15 18 3 13 8 19 
student 61: 14 18 12 19 9 2 11 13 1 5 20 4 17 7 6 10 8 3 15 16 
student 62: 7 19 11 16 9 14 15 2 3 10 6 17 13 20 1 5 4 18 12 8 
student 63: 2 4 18 8 14 6 13 15 3 11 9 19 12 5 1 16 7 20 10 17 
student 64: 8 10 18 9 2 12 4 15 6 1 3 7 19 5 16 14 13 20 11 17 
student 65: 8 1 3 17 10 7 2 6 4 16 9 14 18 20 5 13 12 19 15 11 
student 66: 12 17 11 5 4 3 2 13 7 1 18 14 6 16 20 9 19 15 10 8 
student 67: 11 18 2 7 1 14 9 13 3 5 4 19 15 17 12 20 10 16 8 6 
student 68: 17 11 3 18 20 15 1 9 6 19 7 14 2 12 16 8 5 10 13 4 
student 69: 8 9 7 4 12 1 20 17 18 3 2 14 13 5 11 10 19 16 6 15 
student 70: 3 8 13 6 11 12 9 20 14 19 10 7 5 17 4 16 2 15 1 18 
student 71: 8 4 17 11 2 1 20 7 10 6 19 16 15 13 14 3 5 12 18 9 
student 72: 3 2 13 12 8 4 5 15 7 6 10 14 20 16 9 11 1 18 17 19 
student 73: 17 4 11 2 10 8 7 5 3 12 1 15 20 16 18 14 6 13 19 9 
student 74: 20 12 6 9 2 1 4 13 5 10 14 18 16 15 11 3 7 19 8 17 
student 75: 6 1 4 18 16 14 8 20 2 15 19 13 12 9 17 7 11 3 5 10 
student 76: 2 9 6 1 11 20 5 18 16 12 10 19 17 3 13 4 7 14 15 8 
student 77: 10 7 15 16 2 5 8 19 6 1 11 12 14 18 9 4 3 13 20 17 
student 78: 14 7 6 10 8 2 11 20 19 17 3 18 16 4 13 1 12 5 9 15 
student 79: 10 1 8 5 11 7 9 12 14 3 2 19 16 17 4 15 20 18 6 13 
student 80: 4 7 8 17 1 2 20 10 12 16 15 11 18 9 6 19 3 14 5 13 
student 81: 6 10 13 1 19 4 5 2 8 17 14 20 18 12 9 11 3 7 15 16 
student 82: 16 18 3 5 13 2 10 12 1 15 6 19 7 17 4 14 9 11 8 20 
student 83: 17 15 13 9 6 5 14 8 3 11 20 4 18 16 10 2 1 7 19 12 
student 84: 7 10 5 17 2 1 12 3 4 19 9 14 20 18 13 16 6 8 11 15 
student 85: 14 2 3 7 5 9 16 11 15 4 10 19 13 20 6 8 1 18 12 17 
student 86: 5 18 6 8 20 2 10 4 11 9 3 14 17 1 16 19 12 13 7 15 
student 87: 12 4 6 9 3 8 1 17 7 20 10 19 5 14 11 18 2 13 15 16 
student 88: 13 3 4 7 8 17 11 19 6 9 2 20 14 5 15 12 10 1 16 18 
student 89: 20 7 8 12 10 2 3 18 14 9 11 6 16 13 5 19 1 15 4 17 
student 90: 11 15 1 7 4 9 2 16 12 19 13 10 14 18 17 6 3 5 8 20 
student 91: 11 13 4 16 1 18 2 8 9 15 12 5 6 3 14 20 7 17 19 10 
student 92: 18 2 7 11 8 3 5 20 17 10 12 14 19 4 9 16 15 13 1 6 
student 93: 2 19 14 4 18 17 11 15 7 6 8 5 10 20 13 3 1 12 9 16 
student 94: 5 7 2 11 10 13 3 19 8 16 1 12 17 6 18 20 4 15 9 14 
student 95: 16 4 9 3 1 6 2 18 8 7 14 17 12 19 13 10 5 15 20 11 
student 96: 13 4 6 17 3 1 20 10 9 11 7 8 18 5 2 16 15 14 12 19 
student 97: 20 15 16 19 17 5 1 8 2 14 7 11 13 12 6 18 3 9 4 10 
student 98: 13 1 14 11 4 9 16 10 2 6 7 15 5 20 8 17 3 12 18 19 
student 99: 13 8 11 9 10 6 16 20 14 18 19 17 12 1 3 4 7 5 2 15 
student 100: 17 9 3 12 18 15 2 16 4 11 5 10 20 19 6 7 1 14 13 8 
student 101: 7 11 9 19 10 20 4 3 13 18 14 12 16 17 2 5 15 8 1 6 
student 102: 12 13 1 2 10 8 5 18 7 19 17 16 11 15 6 20 4 9 14 3 
student 103: 12 6 18 20 14 13 8 17 7 19 5 11 16 9 1 4 2 10 15 3 
student 104: 2 15 7 1 12 4 8 16 3 11 9 20 18 5 10 14 19 17 13 6 
student 105: 13 11 5 15 7 1 6 12 3 18 10 9 19 16 4 14 2 17 20 8 
student 106: 9 5 4 13 14 12 1 10 3 16 19 18 17 8 7 15 20 11 6 2 
student 107: 15 2 18 20 13 1 3 6 19 14 17 12 8 16 4 5 11 10 7 9 
student 108: 10 6 15 13 19 11 4 16 3 17 14 20 2 18 1 9 7 8 5 12 
student 109: 6 15 5 13 2 12 17 19 18 11 4 9 8 1 10 16 3 20 7 14 
student 110: 15 4 5 20 3 1 9 14 8 17 10 16 19 11 2 18 7 13 12 6 
student 111: 8 6 2 12 9 1 14 17 10 20 13 3 4 18 11 16 7 15 5 19 
student 112: 9 3 5 7 10 15 8 12 1 11 13 14 19 20 6 16 18 4 17 2 
student 113: 1 2 11 13 10 7 3 15 4 20 9 16 17 19 6 18 12 8 5 14 
student 114: 12 3 2 14 8 18 6 1 13 15 9 7 19 20 11 10 16 5 17 4 
student 115: 5 9 4 12 1 6 13 20 3 8 10 17 18 19 11 16 2 14 7 15 
student 116: 12 11 16 7 2 19 15 3 18 9 1 10 14 6 13 4 17 5 8 20 
student 117: 16 6 5 7 12 3 4 14 2 9 11 15 1 8 10 20 19 18 13 17 
student 118: 11 15 12 19 2 8 1 3 6 5 9 4 17 16 13 18 7 14 10 20 
student 119: 3 8 11 20 7 10 1 14 2 13 9 16 19 18 4 15 6 17 5 12 
student 120: 7 10 14 4 2 13 20 18 1 6 19 16 15 5 3 9 11 8 17 12 
student 121: 16 1 17 8 19 12 9 15 4 10 7 6 13 18 11 14 2 3 5 20 
student 122: 14 5 13 8 2 3 18 6 4 17 11 15 12 10 16 1 7 20 19 9 
student 123: 8 9 11 12 10 7 15 13 3 20 1 17 5 18 19 4 14 16 2 6 
student 124: 3 11 20 7 18 10 14 9 1 19 12 2 16 8 5 6 4 15 13 17 
student 125: 12 8 7 5 4 2 3 14 17 1 9 20 15 6 18 10 19 16 13 11 
student 126: 9 7 1 13 2 15 3 5 12 11 17 14 16 19 10 8 6 20 18 4 
student 127: 6 14 19 16 8 2 5 17 1 9 12 11 18 15 20 4 10 7 3 13 
student 128: 13 3 4 7 2 11 10 5 17 18 16 8 19 6 12 15 1 20 9 14 
student 129: 7 16 3 18 19 12 5 20 1 15 17 14 2 8 13 4 9 11 6 10 
student 130: 11 5 16 4 6 13 2 10 7 3 8 15 19 17 20 9 1 14 12 18 
student 131: 2 4 12 15 8 16 14 13 6 20 1 18 19 5 3 9 11 7 10 17 
student 132: 1 6 18 10 12 3 11 19 9 15 7 16 13 8 2 17 14 20 5 4 
student 133: 12 7 1 8 6 4 3 10 5 19 2 18 15 20 9 17 14 13 11 16 
student 134: 14 3 5 2 17 8 6 13 7 16 20 19 11 12 15 4 18 10 1 9 
student 135: 1 3 6 7 5 14 20 18 4 19 9 12 17 10 16 13 8 2 11 15 
student 136: 17 5 7 12 2 6 3 10 13 9 16 8 18 15 11 19 4 20 14 1 
student 137: 5 7 8 2 4 3 14 20 18 17 9 11 19 12 15 10 1 16 6 13 
student 138: 10 8 12 17 1 5 6 18 7 16 14 3 15 20 9 11 2 19 13 4 
student 139: 19 8 1 5 2 12 3 17 9 11 6 20 18 16 10 15 4 14 7 13 
student 140: 6 3 18 2 4 9 8 13 7 20 1 17 12 15 11 16 10 14 5 19 
student 141: 16 18 14 20 12 7 3 9 6 1 15 5 19 13 17 2 11 4 10 8 
student 142: 20 2 11 15 5 6 13 17 16 9 7 18 10 4 19 14 1 3 12 8 
student 143: 8 13 4 1 11 3 15 6 5 18 20 12 17 19 9 16 2 7 10 14 
student 144: 2 8 17 10 13 1 5 7 20 16 14 6 19 18 11 12 3 4 9 15 
student 145: 16 5 8 12 7 4 20 15 9 11 19 10 13 14 18 1 2 3 6 17 
student 146: 9 10 17 7 8 3 6 14 1 13 18 20 11 15 16 4 2 19 5 12 
student 147: 6 4 7 18 10 13 1 11 3 14 15 5 19 20 8 9 2 16 12 17 
student 148: 13 11 5 17 7 4 3 12 10 15 18 9 16 1 8 6 2 14 20 19 
student 149: 7 4 14 1 2 3 13 20 5 17 15 9 18 8 6 16 11 19 12 10 
student 150: 12 4 3 2 16 10 8 20 1 13 5 15 18 6 14 11 7 19 17 9 
student 151: 9 10 15 14 4 18 3 1 2 16 17 20 19 8 7 11 13 5 12 6 
student 152: 3 9 2 12 7 11 14 13 4 5 20 1 19 15 16 8 6 10 18 17 
student 153: 19 16 10 7 11 2 3 12 9 20 15 18 17 13 5 6 1 14 4 8 
student 154: 2 19 16 3 13 18 6 14 10 12 4 7 11 8 5 15 9 20 17 1 
student 155: 13 20 9 5 4 1 3 18 2 7 11 14 8 16 6 19 12 17 10 15 
student 156: 14 17 13 19 10 9 7 16 1 8 6 18 11 15 2 4 3 20 5 12 
student 157: 3 4 6 11 8 7 10 16 5 17 12 18 19 20 1 14 2 15 13 9 
student 158: 3 14 13 20 9 4 5 8 7 19 11 16 15 12 10 2 1 18 6 17 
student 159: 8 13 9 1 10 7 5 11 4 15 16 12 17 19 3 20 6 2 14 18 
student 160: 10 16 20 6 14 9 7 17 1 18 4 19 3 5 13 12 11 15 8 2 
student 161: 18 13 20 3 7 6 2 4 1 12 16 14 19 15 8 10 5 17 9 11 
student 162: 1 14 2 9 10 8 17 18 15 12 7 19 5 20 16 6 11 4 3 13 
student 163: 5 16 4 7 15 12 6 10 13 3 18 14 8 2 1 19 9 11 17 20 
student 164: 18 7 4 12 8 3 5 11 2 15 9 1 13 17 16 6 14 20 10 19 
student 165: 13 3 2 9 8 7 1 15 5 11 4 10 17 14 16 20 12 19 6 18 
student 166: 10 7 15 8 11 3 5 17 1 12 6 4 19 9 2 13 16 18 20 14 
student 167: 3 18 12 8 1 9 2 10 16 19 15 11 20 7 17 5 13 14 6 4 
student 168: 17 6 1 20 2 13 11 3 12 16 8 9 10 19 5 14 15 4 7 18 
student 169: 20 7 9 8 10 5 1 4 16 11 3 19 14 15 17 12 13 18 2 6 
student 170: 11 4 13 17 8 6 15 19 2 14 7 3 9 12 16 5 1 10 20 18 
student 171: 11 1 7 4 5 3 2 14 13 17 20 19 9 10 16 15 8 18 12 6 
student 172: 1 2 17 15 3 9 4 10 7 19 18 5 16 6 13 8 11 12 14 20 
student 173: 14 11 6 7 16 2 9 5 12 18 1 19 8 10 4 20 3 17 15 13 
student 174: 8 9 15 17 2 5 12 6 13 3 16 7 19 18 14 10 1 4 11 20 
student 175: 4 7 1 9 13 3 8 18 2 16 19 20 5 14 11 6 12 15 10 17 
student 176: 10 7 6 13 2 11 1 15 9 18 16 3 20 14 5 17 4 19 8 12 
student 177: 14 17 4 5 16 10 20 6 12 2 19 11 15 18 13 3 1 7 8 9 
student 178: 2 17 20 6 3 1 10 9 8 11 7 16 5 4 15 18 12 14 19 13 
student 179: 11 8 12 15 2 19 9 14 5 3 4 1 17 20 6 13 7 10 16 18 
student 180: 13 7 3 16 9 6 2 18 4 17 15 8 1 19 10 14 11 20 12 5 
student 181: 2 10 3 5 7 4 14 8 9 20 6 17 1 19 11 13 18 16 12 15 
student 182: 17 1 3 10 2 8 4 15 6 12 9 19 16 18 20 11 7 13 5 14 
student 183: 4 8 18 12 20 9 14 5 6 10 1 11 19 13 16 2 17 7 3 15 
student 184: 6 13 4 19 1 5 11 7 8 16 2 17 10 12 18 9 15 20 3 14 
student 185: 13 2 10 14 18 8 6 4 7 20 5 15 11 16 17 9 19 1 3 12 
student 186: 4 7 3 6 9 13 12 16 11 18 2 10 5 19 14 17 8 20 1 15 
student 187: 18 7 3 17 13 12 2 4 19 15 20 16 9 14 10 6 5 11 8 1 
student 188: 6 1 2 4 5 17 10 20 3 16 15 13 9 19 14 12 11 8 7 18 
student 189: 6 17 11 5 4 15 8 20 3 10 12 16 18 13 1 19 7 9 2 14 
student 190: 2 11 7 9 1 8 3 18 5 14 20 17 12 6 10 13 16 19 15 4 
student 191: 17 13 3 2 9 18 6 14 12 10 7 19 4 15 16 11 8 20 5 1 
student 192: 16 19 2 7 3 4 8 9 13 20 14 17 12 10 11 15 5 1 6 18 
student 193: 16 10 8 1 17 9 18 7 13 14 19 3 15 2 5 6 4 12 11 20 
student 194: 9 12 1 2 4 6 16 17 11 8 7 20 18 15 19 14 3 13 10 5 
student 195: 8 10 16 11 15 12 3 4 17 2 6 9 19 14 13 1 7 18 5 20 
student 196: 18 4 17 11 12 14 3 8 10 16 7 5 1 20 13 15 6 19 2 9 
student 197: 11 3 5 8 9 2 4 12 14 19 15 13 7 6 18 17 1 20 10 16 
student 198: 13 8 3 15 12 10 2 1 16 17 14 19 9 18 4 20 6 7 5 11 
student 199: 6 15 19 3 16 13 7 20 5 10 17 11 14 1 2 9 8 18 4 12 
student 200: 1 15 20 11 9 8 5 4 2 12 10 19 18 14 7 3 13 17 6 16 
student 201: 16 11 5 18 15 3 4 20 12 10 7 13 6 8 1 17 2 9 14 19 
student 202: 8 5 6 16 9 11 4 7 1 12 2 19 17 20 14 3 10 15 18 13 
student 203: 14 3 6 11 20 2 15 1 17 7 4 13 19 12 18 9 5 16 8 10 
student 204: 8 10 19 15 7 1 9 6 2 18 4 16 14 11 13 17 20 12 3 5 
student 205: 18 20 2 6 11 10 3 16 7 4 14 15 13 8 19 1 5 12 17 9 
student 206: 5 9 11 4 10 2 14 1 13 20 7 16 19 3 12 17 6 8 15 18 
student 207: 7 10 2 8 16 1 6 11 13 15 4 9 19 17 14 5 3 20 12 18 
student 208: 6 10 1 11 20 2 15 5 8 9 19 14 13 17 3 7 18 4 16 12 
student 209: 1 10 11 12 8 17 5 20 3 9 4 13 14 18 19 6 7 16 2 15 
student 210: 1 7 2 15 17 11 3 6 5 18 14 16 20 8 10 4 9 13 12 19 
student 211: 1 13 15 16 12 6 4 7 3 17 19 18 9 11 20 2 14 5 8 10 
student 212: 8 5 12 20 11 2 10 16 4 6 14 1 19 18 7 9 3 13 17 15 
student 213: 2 17 14 1 5 10 6 7 4 12 9 16 13 11 19 15 3 8 18 20 
student 214: 17 7 16 19 15 9 11 13 2 10 14 18 1 12 3 5 4 20 8 6 
student 215: 5 14 4 3 7 1 2 17 6 9 18 8 20 13 15 12 10 16 19 11 
student 216: 5 16 12 14 8 7 13 19 2 20 9 11 10 4 3 18 17 1 15 6 
student 217: 5 4 17 6 16 11 9 20 10 1 14 18 3 15 8 12 7 19 13 2 
student 218: 9 14 6 12 16 20 4 13 7 18 11 19 5 15 2 10 1 17 3 8 
student 219: 4 19 13 12 10 1 3 6 18 20 7 11 9 16 2 5 8 17 14 15 
student 220: 3 16 9 17 1 11 2 13 10 18 6 8 5 20 14 12 4 19 7 15 
student 221: 7 6 11 17 16 8 1 15 3 10 20 12 5 18 2 14 9 19 4 13 
student 222: 17 2 12 16 9 3 6 1 5 8 4 20 7 19 14 13 18 11 10 15 
student 223: 3 6 18 9 10 12 5 15 2 19 13 20 7 16 8 17 4 14 1 11 
student 224: 20 9 10 11 7 2 4 18 5 6 3 17 13 12 1 19 14 15 16 8 
student 225: 11 17 8 3 18 14 4 10 2 12 5 13 15 19 20 7 1 16 6 9 
student 226: 7 8 13 4 12 5 10 17 11 6 20 16 9 14 1 15 3 18 2 19 
student 227: 3 19 18 8 5 4 6 10 17 16 9 14 20 13 12 7 1 2 15 11 
student 228: 9 3 13 8 5 1 11 20 18 12 17 16 7 6 15 14 2 10 19 4 
student 229: 17 6 19 5 16 1 2 15 3 20 14 9 12 10 7 4 8 18 11 13 
student 230: 3 7 12 2 6 5 10 8 16 11 18 20 1 13 4 9 15 17 19 14 
student 231: 14 5 2 9 13 7 4 12 1 16 11 8 15 18 6 3 19 17 10 20 
student 232: 13 3 8 18 5 7 1 12 4 11 6 20 19 14 15 16 10 9 2 17 
student 233: 5 8 9 18 3 1 4 15 16 19 6 11 13 14 10 17 2 7 20 12 
student 234: 5 13 20 3 4 8 9 14 19 16 2 10 17 12 7 18 11 15 1 6 
student 235: 9 10 7 8 3 20 4 12 16 17 13 14 18 11 15 19 1 5 2 6 
student 236: 5 2 11 12 10 15 1 14 13 16 4 20 18 17 3 9 8 19 7 6 
student 237: 12 16 5 9 7 10 3 8 6 15 4 14 11 17 2 18 1 20 19 13 
student 238: 10 18 1 6 9 4 3 15 13 17 2 7 20 14 11 8 16 19 12 5 
student 239: 9 14 4 16 3 2 1 19 6 7 5 12 10 15 11 20 13 17 8 18 
student 240: 15 7 13 20 2 4 11 18 17 10 9 19 12 8 5 6 1 16 3 14 
student 241: 15 7 6 3 9 4 5 16 12 14 17 10 11 13 2 19 18 1 8 20 
student 242: 3 8 9 13 1 7 12 2 18 14 17 6 16 19 11 4 5 10 20 15 
student 243: 12 11 8 17 4 3 6 16 2 7 15 13 20 18 9 19 1 5 14 10 
student 244: 8 17 11 20 5 3 1 15 14 12 2 13 9 18 10 16 7 4 6 19 
student 245: 15 9 5 8 7 10 13 14 11 16 3 1 18 20 12 2 4 19 17 6 
student 246: 5 9 19 4 16 18 1 2 8 12 3 13 14 11 20 6 7 10 17 15 
student 247: 9 5 12 8 7 4 3 18 11 10 6 20 15 16 2 13 14 19 1 17 
student 248: 16 4 13 17 8 10 2 5 1 20 19 15 18 7 11 3 6 9 14 12 
student 249: 13 10 4 18 11 2 1 15 7 19 16 14 6 3 5 17 8 9 20 12 
student 250: 15 8 1 4 3 9 5 16 7 11 2 20 18 14 17 6 12 13 19 10 
student 251: 5 10 15 4 1 13 9 2 7 8 16 14 20 19 3 6 17 11 12 18 
student 252: 1 5 13 7 17 4 2 12 6 18 3 15 16 19 14 20 10 11 9 8 
student 253: 2 3 7 17 14 1 10 11 8 13 15 6 18 19 4 5 9 20 16 12 
student 254: 11 3 14 13 4 19 18 2 8 12 5 16 15 17 10 20 7 1 6 9 
student 255: 1 2 17 20 7 8 10 11 15 13 4 9 12 19 6 5 14 16 18 3 
student 256: 8 1 5 10 13 7 2 3 18 6 20 14 15 17 4 12 11 9 16 19 
student 257: 13 2 18 19 8 12 1 10 7 5 16 20 17 14 9 4 6 3 15 11 
student 258: 4 15 6 17 9 12 1 20 13 2 10 5 11 18 14 8 16 3 7 19 
student 259: 17 6 13 2 14 10 5 19 11 20 18 3 16 12 4 1 15 8 7 9 
student 260: 13 2 5 15 17 9 11 6 7 18 1 10 8 19 3 14 12 16 20 4 
student 261: 16 3 13 2 5 8 1 14 15 11 7 4 18 17 10 12 6 19 9 20 
student 262: 6 8 4 13 5 14 1 18 3 9 10 2 17 15 7 20 11 12 16 19 
student 263: 9 5 16 11 10 3 7 8 15 14 13 17 20 1 12 6 2 4 19 18 
student 264: 12 2 16 3 18 10 7 14 8 9 6 20 4 17 19 15 11 13 1 5 
student 265: 1 7 20 6 9 17 8 2 10 19 18 12 16 13 5 3 4 14 15 11 
student 266: 7 11 10 17 6 8 5 3 15 12 1 14 16 13 2 9 4 20 18 19 
student 267: 20 17 15 16 5 11 3 14 7 10 6 12 8 19 9 2 1 4 18 13 
student 268: 11 10 8 6 7 5 16 15 1 12 17 20 19 3 9 18 4 13 14 2 
student 269: 4 7 2 14 3 1 6 10 8 13 20 5 11 15 19 12 17 16 18 9 
student 270: 15 13 6 19 1 4 3 17 2 7 5 9 18 20 14 8 12 16 11 10 
student 271: 14 3 8 1 10 9 7 4 2 6 15 11 5 18 16 17 13 12 19 20 
student 272: 3 1 10 4 19 15 6 12 5 16 8 11 18 14 13 20 2 7 17 9 
student 273: 2 15 7 18 9 4 19 14 1 17 11 3 13 8 16 20 6 10 12 5 
student 274: 4 12 1 8 6 13 10 19 3 20 9 7 18 14 5 16 2 11 17 15 
student 275: 19 8 16 14 7 9 11 12 2 5 17 18 13 20 1 10 3 15 4 6 
student 276: 7 19 14 4 18 9 1 11 3 17 10 16 20 12 8 2 6 13 15 5 
student 277: 7 4 20 16 17 14 11 10 6 19 3 15 18 5 2 8 9 12 1 13 
student 278: 5 10 1 20 3 12 16 8 11 17 18 9 6 19 7 13 2 14 15 4 
student 279: 18 11 3 12 1 2 8 14 5 6 19 15 13 17 9 20 10 7 16 4 
student 280: 16 11 3 8 19 10 14 1 6 20 15 12 18 17 7 9 4 13 2 5 
student 281: 13 7 10 18 12 20 2 19 8 14 1 16 11 15 6 3 9 17 4 5 
student 282: 1 4 18 9 6 5 2 12 11 16 8 15 10 20 3 7 13 17 14 19 
student 283: 8 10 1 3 16 9 2 20 7 15 18 11 19 14 12 13 4 17 6 5 
student 284: 6 15 4 12 5 14 1 16 11 8 3 10 20 19 9 7 2 17 18 13 
student 285: 9 7 11 17 15 10 16 3 13 8 18 4 12 20 2 6 14 19 5 1 
student 286: 4 18 3 10 15 12 1 13 7 5 16 6 8 11 9 14 2 20 19 17 
student 287: 4 11 1 14 9 6 8 13 10 3 5 17 16 15 19 7 2 20 12 18 
student 288: 5 20 12 19 4 3 11 13 2 6 16 18 15 9 7 8 10 14 1 17 
student 289: 3 16 19 13 15 2 8 5 4 11 10 14 17 12 6 7 1 18 20 9 
student 290: 13 3 8 19 4 2 1 15 7 17 10 20 16 14 5 12 6 11 9 18 
student 291: 19 11 18 10 6 4 15 5 14 1 3 12 20 16 8 9 17 7 13 2 
student 292: 11 6 8 10 3 5 1 17 16 18 9 13 14 15 2 4 12 20 7 19 
student 293: 14 3 2 19 13 18 5 10 1 4 6 20 15 16 12 9 7 17 8 11 
student 294: 2 6 18 12 17 8 9 15 5 4 3 20 14 10 11 13 7 1 16 19 
student 295: 16 6 8 13 19 11 4 18 7 14 9 17 2 20 1 3 5 15 12 10 
student 296: 1 16 11 12 7 6 14 3 13 5 4 17 20 10 18 15 2 9 19 8 
student 297: 15 5 2 14 16 11 1 4 8 12 9 19 20 17 3 6 7 10 13 18 
student 298: 9 10 18 14 2 8 1 12 3 7 15 5 16 11 19 13 4 17 6 20 
student 299: 4 8 7 12 15 18 6 20 13 16 19 10 17 5 3 9 1 11 2 14 
student 300: 10 20 5 1 11 3 2 18 7 19 16 9 15 13 12 14 6 17 4 8 
student 301: 8 1 9 7 3 5 11 12 13 17 19 6 18 20 16 15 4 2 14 10 
student 302: 1 2 3 8 16 18 7 9 15 4 10 20 6 19 5 14 11 12 17 13 
student 303: 5 20 3 15 1 19 2 18 9 10 13 4 12 16 7 11 17 6 14 8 
student 304: 8 15 10 5 6 1 13 7 2 12 11 9 20 19 18 14 17 16 3 4 
student 305: 3 10 2 4 5 8 1 19 12 15 9 16 11 17 14 13 20 6 7 18 
student 306: 7 3 2 6 8 15 12 20 17 11 16 5 13 14 9 1 4 10 19 18 
student 307: 2 18 4 13 5 6 20 19 8 17 11 9 12 16 15 3 14 10 1 7 
student 308: 6 17 15 11 18 2 7 1 5 12 9 20 13 10 3 8 4 16 14 19 
student 309: 18 3 8 10 20 12 11 4 16 15 5 17 19 9 14 1 6 7 2 13 
student 310: 6 13 4 14 1 11 8 18 5 19 7 20 17 2 10 12 3 15 9 16 
student 311: 3 18 6 16 7 4 19 13 17 10 8 20 5 12 14 11 9 15 2 1 
student 312: 10 9 6 12 4 3 1 15 2 17 14 11 16 19 13 5 7 18 8 20 
student 313: 6 1 4 9 16 17 7 18 3 14 19 15 11 5 8 10 2 13 12 20 
student 314: 20 1 4 8 12 11 5 10 3 16 6 9 17 13 7 14 2 19 18 15 
student 315: 17 5 3 4 1 9 10 8 7 19 16 20 13 6 11 18 2 14 12 15 
student 316: 16 1 2 6 4 3 8 14 13 18 5 11 9 19 10 15 20 12 7 17 
student 317: 3 8 9 1 2 4 6 20 14 17 10 11 15 12 19 18 7 16 5 13 
student 318: 13 2 18 9 11 3 16 17 4 12 15 6 10 20 1 5 14 7 19 8 
student 319: 7 4 12 6 13 8 1 20 3 9 19 10 16 15 17 18 2 11 5 14 
student 320: 4 7 14 9 2 17 5 19 13 10 8 12 15 20 11 1 6 3 16 18 
student 321: 19 6 9 2 10 3 1 8 17 15 16 7 14 4 13 12 5 20 11 18 
student 322: 10 2 19 4 9 16 5 6 1 17 15 14 11 3 12 20 18 13 7 8 
student 323: 13 11 10 6 5 8 1 18 17 9 2 4 14 19 3 16 7 20 12 15 
student 324: 6 13 19 4 11 15 14 5 2 17 3 12 7 10 1 9 20 18 16 8 
student 325: 1 9 20 10 5 3 4 17 15 12 14 13 8 19 7 6 2 18 11 16 
student 326: 10 1 12 4 16 5 8 15 7 13 11 20 3 9 14 17 6 19 2 18 
student 327: 2 7 3 20 14 8 9 13 17 6 5 15 12 16 19 4 1 18 11 10 
student 328: 19 17 10 3 6 4 2 11 1 18 14 15 7 16 12 20 5 8 9 13 
student 329: 6 13 14 4 1 9 7 20 16 17 12 18 5 15 19 11 3 8 2 10 
student 330: 15 18 3 13 9 1 6 4 7 8 11 19 16 10 12 17 2 20 5 14 
student 331: 18 7 15 10 14 2 5 12 8 17 16 13 4 9 20 11 3 19 6 1 
student 332: 8 9 6 2 3 10 5 20 7 4 12 15 17 19 11 18 1 16 14 13 
student 333: 6 9 15 7 2 3 17 4 5 14 11 19 20 10 13 18 1 12 16 8 
student 334: 13 11 12 6 19 4 2 8 17 20 15 18 5 16 14 1 9 3 10 7 
student 335: 16 2 6 19 5 20 3 14 4 15 9 10 11 7 1 12 17 18 13 8 
student 336: 2 11 20 4 19 1 8 9 6 17 14 16 18 3 12 15 5 7 13 10 
student 337: 17 7 11 15 3 19 6 8 5 4 13 12 14 16 2 18 10 20 9 1 
student 338: 4 10 11 6 7 1 9 5 17 14 3 20 12 2 13 16 8 19 15 18 
student 339: 3 2 13 15 7 4 5 11 6 14 19 18 17 20 9 16 10 8 1 12 
student 340: 12 13 16 15 2 4 8 19 18 11 9 7 1 20 5 10 6 17 3 14 
student 341: 10 3 6 5 16 1 2 12 4 14 18 20 8 11 13 7 15 17 19 9 
student 342: 6 11 1 15 5 9 3 12 2 10 20 18 14 17 7 8 4 13 19 16 
student 343: 3 15 13 14 4 10 5 16 20 17 12 11 2 7 6 18 9 19 1 8 
student 344: 19 5 6 12 13 7 3 20 9 14 11 10 17 4 15 16 2 18 1 8 
student 345: 9 20 19 10 6 1 2 13 3 15 4 16 8 17 5 14 7 12 18 11 
student 346: 9 2 8 20 11 3 1 15 7 19 10 5 12 16 18 13 4 14 17 6 
student 347: 7 5 8 14 18 6 2 17 1 9 13 12 15 19 20 4 10 16 3 11 
student 348: 3 12 1 5 19 4 11 7 18 15 20 13 17 16 2 8 6 14 9 10 
student 349: 5 3 8 7 15 2 6 20 17 16 4 9 19 13 12 1 11 14 18 10 
student 350: 4 9 13 2 19 6 12 11 8 7 10 15 1 18 20 17 5 3 14 16 
student 351: 12 16 1 4 18 7 5 10 6 14 19 17 9 11 2 3 15 20 13 8 
student 352: 8 3 4 10 15 9 12 14 7 19 16 1 18 5 6 11 2 20 13 17 
student 353: 5 13 17 14 16 12 1 6 20 10 18 2 3 7 9 15 4 11 19 8 
student 354: 18 5 1 8 16 19 10 11 7 12 3 15 17 14 6 2 4 13 20 9 
student 355: 15 9 13 7 3 6 5 19 12 18 4 20 16 17 10 14 1 8 2 11 
student 356: 19 2 15 17 7 12 11 8 3 20 13 14 18 16 5 10 9 1 4 6 
student 357: 6 15 7 10 12 2 16 18 11 13 8 17 19 14 1 9 4 20 3 5 
student 358: 5 2 11 6 10 20 8 1 3 17 7 12 19 18 9 14 4 13 16 15 
student 359: 9 16 12 18 4 8 1 19 15 11 3 14 6 7 2 5 10 20 13 17 
student 360: 7 16 2 17 9 14 12 1 10 8 11 18 19 3 4 5 6 20 15 13 
student 361: 14 4 2 8 3 16 1 18 20 13 7 10 9 17 11 5 12 6 19 15 
student 362: 11 15 5 10 6 14 4 19 2 17 3 13 16 1 9 18 7 12 20 8 
student 363: 2 3 9 15 7 12 4 8 18 17 13 14 11 5 19 1 6 16 20 10 
student 364: 17 9 2 5 10 11 3 18 19 14 12 4 16 15 6 1 13 20 8 7 
student 365: 1 10 14 11 7 15 2 4 8 20 17 13 18 16 19 5 3 9 6 12 
student 366: 18 14 11 16 1 8 2 7 3 6 5 10 13 17 9 12 4 20 19 15 
student 367: 2 15 8 7 17 12 1 10 11 14 3 9 16 13 5 18 6 4 20 19 
student 368: 5 7 2 4 17 10 8 14 3 15 9 18 19 1 6 12 13 20 11 16 
student 369: 6 15 16 5 11 12 9 14 1 19 7 20 3 18 4 8 2 13 10 17 
student 370: 1 14 16 15 8 20 13 6 9 19 12 17 7 18 4 10 11 5 3 2 
student 371: 8 14 7 11 3 19 2 20 1 10 17 18 9 12 5 16 4 6 13 15 
student 372: 6 16 15 11 20 9 2 3 12 4 7 14 1 19 17 5 8 10 13 18 
student 373: 20 4 12 5 6 3 7 8 15 2 13 11 10 9 19 17 1 16 18 14 
student 374: 1 9 15 10 7 2 3 16 14 20 8 18 5 12 11 4 6 13 19 17 
student 375: 9 4 1 5 16 11 2 14 7 8 19 20 17 6 18 10 13 15 3 12 
student 376: 14 17 15 1 2 13 12 18 5 9 4 7 10 19 8 20 3 16 11 6 
student 377: 18 6 10 12 1 7 4 11 2 3 17 20 19 14 8 9 15 16 13 5 
student 378: 11 6 7 9 20 2 10 4 1 17 13 8 19 16 15 3 5 18 12 14 
student 379: 7 5 6 10 9 11 2 1 4 8 17 12 18 19 14 3 20 16 13 15 
student 380: 5 7 12 6 1 14 2 19 16 17 9 15 18 20 3 11 13 8 10 4 
student 381: 12 3 17 4 13 9 5 18 20 2 8 16 19 14 15 11 1 10 6 7 
student 382: 20 6 1 4 5 9 13 11 8 15 18 19 10 7 14 2 17 16 12 3 
student 383: 2 20 16 14 12 7 8 10 13 19 11 15 18 17 4 9 6 5 3 1 
student 384: 2 16 4 11 5 1 15 7 8 13 3 6 19 20 14 10 17 9 12 18 
student 385: 17 1 13 7 8 6 2 14 12 9 10 20 19 18 4 16 3 11 15 5 
student 386: 2 4 7 6 13 17 12 16 1 18 9 14 15 10 11 19 5 8 3 20 
student 387: 2 9 6 17 10 11 8 18 13 16 1 19 4 20 3 5 7 15 12 14 
student 388: 7 8 11 14 16 4 1 12 3 2 9 5 10 13 15 18 6 17 19 20 
student 389: 9 14 16 20 1 3 4 17 5 7 10 19 2 6 13 8 12 18 11 15 
student 390: 2 8 11 14 5 1 6 3 12 15 13 4 20 19 7 18 10 16 17 9 
student 391: 11 20 13 16 1 2 14 15 6 12 3 5 18 8 9 17 7 19 4 10 
student 392: 18 10 7 15 12 14 2 11 4 19 8 3 6 20 9 16 1 17 13 5 
student 393: 10 4 15 6 19 16 5 9 2 14 20 18 11 1 7 13 3 8 12 17 
student 394: 17 3 1 16 12 2 14 19 11 18 9 7 13 10 4 15 5 20 6 8 
student 395: 3 6 7 13 8 11 1 20 16 5 9 14 17 2 15 4 10 19 18 12 
student 396: 16 6 9 17 18 3 7 20 2 8 13 19 11 15 5 10 12 14 4 1 
student 397: 2 7 1 16 14 4 12 5 8 3 17 15 10 18 20 19 13 6 11 9 
student 398: 10 3 7 19 4 13 9 17 2 18 14 12 1 8 11 16 6 15 20 5 
student 399: 2 16 12 13 5 1 20 14 11 7 6 9 19 8 10 15 4 17 18 3 
student 400: 3 15 14 10 9 4 2 19 17 18 7 12 6 16 11 20 1 8 5 13 
student 401: 5 4 6 16 3 10 8 20 1 18 2 13 17 19 9 11 12 7 15 14 
student 402: 3 5 14 16 11 20 2 12 7 13 17 15 9 10 18 8 6 1 19 4 
student 403: 2 16 6 20 10 13 9 1 8 15 11 3 14 7 5 12 19 17 4 18 
student 404: 4 13 7 3 8 5 9 1 2 16 11 14 17 19 18 20 12 6 15 10 
student 405: 17 13 4 12 8 7 2 20 15 6 19 16 1 11 10 14 3 9 18 5 
student 406: 18 1 15 12 5 4 11 10 2 8 13 16 7 14 6 9 3 19 20 17 
student 407: 1 10 11 17 3 6 4 2 16 19 13 15 18 9 7 5 8 20 14 12 
student 408: 5 2 8 12 10 3 9 14 13 19 6 17 15 4 16 11 7 20 1 18 
student 409: 9 1 10 13 5 4 2 8 19 18 16 7 12 17 20 11 3 15 6 14 
student 410: 1 7 10 4 8 12 2 19 15 18 9 5 6 20 17 3 16 13 14 11 
student 411: 15 12 16 6 13 18 4 14 17 9 10 20 11 8 7 5 3 1 2 19 
student 412: 16 6 10 18 9 5 11 13 17 15 12 4 1 3 7 8 2 19 20 14 
student 413: 4 1 3 11 12 9 2 17 7 8 5 18 20 14 13 6 15 16 10 19 
student 414: 20 14 3 13 4 7 10 6 2 12 11 19 8 18 15 5 16 9 1 17 
student 415: 13 15 6 1 9 8 14 3 5 7 19 18 16 11 12 4 2 17 20 10 
student 416: 4 16 7 17 6 11 14 20 13 5 9 3 19 10 15 1 18 12 2 8 
student 417: 8 4 10 5 7 3 6 11 20 12 15 16 13 1 9 17 2 19 14 18 
student 418: 5 2 13 12 11 14 1 17 3 10 6 19 18 15 20 7 4 9 16 8 
student 419: 5 3 20 12 18 6 2 11 7 13 8 16 15 9 17 10 14 19 4 1 
student 420: 12 15 9 8 1 3 2 14 4 11 16 17 20 19 10 6 5 18 7 13 
student 421: 10 6 1 9 16 4 7 5 20 14 3 19 13 18 12 15 17 8 2 11 
student 422: 7 2 8 11 18 3 12 6 4 5 19 16 14 20 15 1 13 17 9 10 
student 423: 11 19 10 3 6 5 2 13 4 16 1 18 12 20 14 9 8 7 17 15 
student 424: 9 13 17 20 4 3 8 2 7 10 14 11 16 18 15 12 6 5 19 1 
student 425: 2 15 16 12 17 1 7 3 5 4 11 18 13 8 6 10 14 19 9 20 
student 426: 12 13 6 19 7 8 4 17 5 14 11 15 20 9 10 1 16 3 2 18 
student 427: 1 9 17 15 3 7 2 11 13 14 6 16 5 18 10 12 8 20 19 4 
student 428: 4 9 14 18 8 2 1 5 3 17 7 12 15 11 20 6 13 10 16 19 
student 429: 9 5 13 17 7 19 14 10 20 1 3 8 16 4 11 12 2 15 6 18 
student 430: 7 5 11 10 1 14 2 17 3 8 15 9 19 13 18 16 6 4 12 20 
student 431: 1 15 7 17 3 14 11 13 16 20 2 6 12 18 8 5 19 10 9 4 
student 432: 8 4 7 11 14 20 12 6 5 15 16 10 18 2 3 9 19 17 1 13 
student 433: 8 4 7 5 13 2 1 18 6 11 19 16 20 14 3 10 12 9 17 15 
student 434: 2 14 5 11 9 4 6 18 16 10 17 19 13 20 15 8 3 7 12 1 
student 435: 7 9 12 20 15 11 1 14 4 3 10 17 18 2 16 5 6 19 13 8 
student 436: 17 3 6 20 14 4 5 16 9 13 11 19 15 8 1 10 7 18 2 12 
student 437: 9 12 7 10 5 3 2 14 4 8 19 11 18 13 17 15 1 20 16 6 
student 438: 12 17 11 2 3 9 4 1 7 10 18 16 15 14 19 13 8 20 5 6 
student 439: 2 10 4 14 13 1 5 19 7 3 20 16 18 17 8 11 6 12 9 15 
student 440: 13 3 10 6 8 14 5 12 4 1 20 17 11 16 15 9 2 18 7 19 
student 441: 7 12 1 15 18 11 3 17 6 20 4 16 19 13 2 10 5 8 9 14 
student 442: 11 9 4 16 10 12 7 13 18 5 19 2 14 1 15 17 6 8 3 20 
student 443: 12 7 15 5 19 2 1 18 11 10 13 17 16 9 8 20 3 6 4 14 
student 444: 5 6 9 17 2 8 3 15 16 10 14 20 1 11 19 7 4 13 12 18 
student 445: 16 2 10 11 4 7 3 12 14 13 6 15 19 20 17 18 9 8 1 5 
student 446: 12 13 14 2 8 1 18 17 5 9 4 16 10 15 6 20 11 3 7 19 
student 447: 20 8 14 3 15 12 18 9 5 2 1 11 10 19 13 17 6 4 16 7 
student 448: 5 10 2 11 8 1 19 12 6 3 18 14 17 7 4 9 13 15 20 16 
student 449: 10 2 8 1 19 4 3 14 16 20 5 12 13 18 7 17 9 11 6 15 
student 450: 7 18 10 5 15 6 9 17 20 12 19 14 16 8 3 13 4 2 11 1 
student 451: 11 20 2 1 12 3 8 19 5 6 4 16 15 14 13 18 7 9 17 10 
student 452: 6 9 2 16 13 3 12 17 11 5 10 1 18 19 7 14 8 20 15 4 
student 453: 5 16 8 7 14 10 2 19 12 13 3 18 6 20 4 17 15 1 11 9 
student 454: 12 6 16 11 14 13 7 9 10 18 3 5 19 17 20 1 4 15 2 8 
student 455: 8 16 14 11 15 10 9 5 6 13 4 7 20 12 18 3 1 17 2 19 
student 456: 11 13 16 3 12 5 6 14 4 1 9 2 8 20 18 19 7 17 15 10 
student 457: 5 16 20 13 10 4 1 9 3 11 8 12 17 19 6 18 2 7 15 14 
student 458: 9 4 10 17 18 8 14 2 1 7 5 19 3 6 16 20 11 15 13 12 
student 459: 3 7 14 9 2 8 1 11 5 13 16 17 12 18 4 10 6 20 19 15 
student 460: 6 4 2 19 10 8 18 12 15 9 14 5 17 11 16 20 3 13 1 7 
student 461: 8 6 7 2 9 11 3 15 5 16 4 19 20 17 14 13 1 12 10 18 
student 462: 13 8 9 14 2 1 4 12 11 6 16 20 17 3 10 18 5 15 7 19 
student 463: 9 8 2 13 19 10 3 17 4 5 1 16 18 20 7 14 15 12 6 11 
student 464: 4 12 9 1 3 18 11 10 5 6 13 19 17 8 15 16 2 20 7 14 
student 465: 12 1 8 13 5 9 3 15 16 10 18 20 6 14 17 7 11 19 4 2 
student 466: 13 7 5 20 12 2 1 15 10 14 4 11 18 19 6 17 3 16 8 9 
student 467: 4 14 15 19 3 5 16 17 7 1 11 18 20 9 10 8 2 13 6 12 
student 468: 13 16 5 9 20 4 1 11 7 3 8 10 2 18 14 17 6 19 12 15 
student 469: 14 9 5 7 4 17 12 10 8 18 13 1 20 19 15 2 11 3 16 6 
student 470: 5 6 17 19 13 10 2 15 1 4 14 9 16 18 20 12 8 7 3 11 
student 471: 14 1 6 18 16 9 7 12 5 17 2 15 10 19 11 13 8 3 20 4 
student 472: 8 6 1 18 13 3 11 17 16 19 2 14 9 4 7 15 5 10 12 20 
student 473: 17 7 18 5 6 1 2 12 4 13 3 14 19 20 15 11 10 16 9 8 
student 474: 3 10 16 9 11 5 12 18 2 17 7 13 19 6 4 14 8 20 15 1 
student 475: 13 18 1 12 11 2 6 14 20 8 10 5 19 7 15 17 4 3 9 16 
student 476: 9 2 12 1 3 6 18 11 14 4 8 17 7 20 10 15 13 19 16 5 
student 477: 11 10 4 12 18 9 7 14 13 1 15 20 8 19 5 3 2 17 16 6 
student 478: 19 12 2 4 3 1 15 6 8 14 9 16 10 7 20 17 5 18 11 13 
student 479: 20 4 13 6 3 1 8 14 12 15 16 17 11 18 7 9 5 19 2 10 
student 480: 19 4 20 5 8 3 1 10 15 6 11 12 13 2 18 9 17 14 7 16 
student 481: 1 7 12 11 6 10 20 4 2 19 18 15 9 13 5 14 3 17 16 8 
student 482: 4 2 12 1 8 5 3 10 13 17 6 18 20 11 15 9 14 19 16 7 
student 483: 12 18 11 13 14 2 4 16 1 10 7 17 5 9 20 15 3 19 6 8 
student 484: 13 3 9 19 1 14 8 10 7 15 17 18 11 5 12 2 6 20 4 16 
student 485: 4 15 10 19 12 8 5 16 6 9 1 13 20 18 7 2 11 14 3 17 
student 486: 15 4 6 13 20 3 8 17 2 18 1 10 5 14 9 7 12 19 16 11 
student 487: 19 17 1 11 8 16 4 14 10 18 3 13 20 7 12 2 9 15 5 6 
student 488: 8 14 13 4 20 1 3 16 5 12 9 11 19 6 10 17 2 18 7 15 
student 489: 5 11 18 12 7 1 2 8 3 10 4 14 19 17 13 9 6 16 20 15 
student 490: 12 17 2 7 3 1 9 19 20 18 4 15 16 13 5 6 11 14 8 10 
student 491: 15 4 8 7 1 5 14 10 9 19 3 13 17 6 18 12 16 2 20 11 
student 492: 4 11 2 13 14 12 1 10 5 20 15 19 7 18 3 9 6 17 8 16 
student 493: 2 3 8 19 16 15 7 6 5 10 17 9 18 11 1 12 13 14 20 4 
student 494: 2 10 6 9 3 5 11 12 1 17 4 20 8 15 18 14 19 16 7 13 
student 495: 9 5 15 18 6 14 7 2 8 3 16 17 12 20 11 10 4 1 19 13 
student 496: 7 2 6 12 8 5 4 20 3 10 1 17 19 14 13 18 9 16 15 11 
student 497: 6 17 9 16 1 11 2 13 4 18 15 14 19 5 20 10 12 3 7 8 
student 498: 8 12 1 19 10 13 2 6 9 16 17 11 14 7 15 20 3 18 4 5 
student 499: 18 2 11 19 10 13 7 20 17 4 14 12 8 1 9 3 6 15 16 5 
student 500: 2 17 11 5 1 14 4 12 7 15 13 6 18 9 8 20 16 3 10 19 
student 501: 9 4 7 8 11 14 10 3 5 6 2 20 18 1 17 16 15 19 13 12 
student 502: 17 15 7 4 5 1 3 11 9 14 18 19 12 10 8 6 2 16 13 20 
student 503: 3 12 8 1 9 4 16 17 5 10 6 18 20 11 13 7 2 14 15 19 
student 504: 15 10 14 7 3 4 8 19 6 20 18 16 17 12 13 2 1 9 5 11 
student 505: 3 8 12 4 1 14 6 7 11 17 16 20 15 18 13 5 2 10 9 19 
student 506: 7 19 5 14 11 4 10 12 2 15 3 13 20 9 6 17 1 18 8 16 
student 507: 8 15 7 13 20 5 1 12 10 14 11 19 17 6 18 16 3 9 2 4 
student 508: 10 15 18 7 1 6 5 13 11 12 8 17 3 20 9 2 4 16 14 19 
student 509: 16 3 8 1 2 18 4 6 12 20 19 5 14 11 17 10 9 7 13 15 
student 510: 9 3 6 12 10 19 7 8 15 4 1 13 20 16 11 17 2 14 18 5 
student 511: 20 16 17 12 2 4 15 10 11 9 5 19 3 14 8 13 1 18 6 7 
student 512: 11 6 1 8 4 7 2 9 14 20 13 16 17 3 10 18 5 12 19 15 
student 513: 1 14 10 5 7 6 2 3 8 13 12 4 20 19 17 11 15 18 16 9 
student 514: 14 6 17 19 5 9 20 4 2 8 12 16 11 13 10 3 7 15 18 1 
student 515: 2 8 5 15 3 16 6 7 10 14 17 4 11 12 1 20 9 18 13 19 
student 516: 13 8 6 9 11 7 14 16 5 2 12 4 15 10 18 3 1 19 20 17 
student 517: 2 5 10 7 1 6 4 18 9 12 17 14 8 19 11 16 13 15 20 3 
student 518: 12 11 3 15 18 5 7 20 1 10 14 13 17 16 6 8 9 4 2 19 
student 519: 5 14 7 6 10 1 3 15 9 8 13 16 2 19 12 11 4 17 18 20 
student 520: 1 8 13 19 5 9 10 12 2 7 16 3 6 15 20 18 11 14 17 4 
student 521: 18 20 8 17 10 16 6 11 5 12 1 9 7 15 3 13 4 19 2 14 
student 522: 20 19 17 1 10 8 3 11 15 18 14 12 9 16 4 2 6 5 13 7 
student 523: 7 19 1 10 8 2 12 14 4 18 6 17 5 20 15 16 3 13 9 11 
student 524: 12 6 2 11 9 7 4 17 5 8 10 3 20 19 14 13 18 15 1 16 
student 525: 9 17 3 14 18 10 1 11 6 4 8 19 20 16 7 12 2 13 5 15 
student 526: 18 6 5 19 10 7 4 2 3 11 15 20 1 17 9 12 8 16 14 13 
student 527: 10 1 15 16 7 12 14 9 5 20 2 8 18 13 3 6 19 17 11 4 
student 528: 10 13 2 7 16 11 8 20 4 19 1 17 12 9 15 14 3 5 6 18 
student 529: 6 3 20 13 11 1 5 9 18 4 14 15 10 7 12 16 8 17 19 2 
student 530: 17 9 2 15 13 3 1 6 7 19 5 18 8 20 12 10 16 14 4 11 
student 531: 3 4 2 10 16 1 9 6 5 11 17 15 8 18 7 13 14 12 20 19 
student 532: 10 6 1 5 19 12 20 13 3 18 4 17 9 8 14 15 2 11 16 7 
student 533: 5 7 3 18 6 20 2 9 1 12 13 10 19 16 11 17 4 14 15 8 
student 534: 1 4 6 10 7 2 13 9 3 19 18 14 12 17 11 8 5 15 16 20 
student 535: 19 5 3 17 18 9 16 15 7 8 14 13 20 6 2 4 10 11 12 1 
student 536: 6 3 2 18 15 8 1 13 4 10 17 16 12 19 20 14 7 9 5 11 
student 537: 4 5 1 15 8 14 3 10 7 12 20 13 18 16 2 11 19 17 6 9 
student 538: 9 17 8 2 15 6 4 10 12 20 7 1 14 13 18 3 5 19 11 16 
student 539: 5 7 12 11 9 8 4 1 2 14 6 15 13 16 3 10 17 18 19 20 
student 540: 10 20 11 5 17 13 7 6 12 9 16 4 2 3 14 15 8 19 18 1 
student 541: 1 3 8 6 4 12 5 16 15 20 13 2 18 14 11 7 19 10 17 9 
student 542: 8 19 9 18 13 5 6 16 1 15 10 17 14 2 4 11 3 20 7 12 
student 543: 14 13 7 19 9 12 18 5 4 16 11 10 17 20 8 3 1 6 15 2 
student 544: 12 16 7 5 11 4 3 9 8 15 20 10 17 18 19 14 1 13 2 6 
student 545: 11 10 8 15 18 4 2 5 19 6 16 17 20 14 9 13 3 12 1 7 
student 546: 3 4 12 19 8 20 9 18 1 6 2 16 14 10 11 15 7 13 5 17 
student 547: 7 9 6 4 10 14 8 11 12 16 1 17 3 13 2 15 5 20 19 18 
student 548: 10 13 12 9 18 15 2 7 20 16 11 17 14 8 5 6 4 3 1 19 
student 549: 20 7 6 3 10 1 9 5 4 14 11 16 19 8 12 17 2 18 13 15 
student 550: 1 6 10 2 5 8 11 16 4 19 14 17 9 20 7 12 13 18 3 15 
student 551: 11 3 10 1 9 8 14 6 5 7 19 17 20 18 12 16 2 15 4 13 
student 552: 5 7 2 8 16 13 4 15 6 19 12 11 14 10 9 20 3 18 1 17 
student 553: 17 9 2 13 4 5 8 16 1 14 11 10 20 6 3 15 19 7 12 18 
student 554: 16 8 3 20 17 5 10 15 13 7 4 18 6 11 19 9 1 12 2 14 
student 555: 2 16 3 1 9 7 4 17 11 15 6 19 20 12 18 8 5 10 13 14 
student 556: 3 18 17 19 8 2 11 12 1 6 5 15 4 7 9 10 20 16 13 14 
student 557: 10 6 7 2 4 3 11 19 9 14 13 12 8 18 15 1 20 16 5 17 
student 558: 3 13 16 19 1 5 9 18 2 11 8 20 7 12 4 10 6 15 14 17 
student 559: 3 12 4 20 5 10 2 15 6 14 13 16 18 11 17 19 1 8 9 7 
student 560: 17 2 9 18 6 7 16 4 5 14 19 11 20 13 1 15 10 12 8 3 
student 561: 18 10 3 8 11 9 16 13 4 5 19 14 20 17 2 7 6 1 15 12 
student 562: 14 3 12 2 4 10 17 13 5 19 11 18 6 15 1 16 8 7 20 9 
student 563: 13 11 1 7 9 10 2 18 12 5 4 19 8 20 16 14 3 6 17 15 
student 564: 4 9 16 1 2 5 6 17 10 8 20 3 11 14 13 18 7 19 12 15 
student 565: 8 12 7 20 2 5 3 10 15 6 18 17 11 4 9 1 14 16 13 19 
student 566: 9 7 8 4 12 2 3 5 1 10 11 18 13 14 16 19 15 20 17 6 
student 567: 3 20 2 1 12 14 4 7 13 15 16 9 6 17 5 10 8 19 18 11 
student 568: 9 10 3 16 11 14 7 20 15 5 2 19 4 8 13 18 1 17 12 6 
student 569: 15 13 1 19 20 4 5 6 9 10 11 18 12 14 3 7 2 17 16 8 
student 570: 9 2 6 17 3 11 8 20 14 15 19 16 1 10 12 7 18 13 5 4 
student 571: 8 15 4 7 17 14 11 13 1 9 12 5 19 3 6 20 2 16 10 18 
student 572: 5 3 13 14 18 1 4 17 10 9 11 8 19 7 15 12 20 16 6 2 
student 573: 5 10 2 6 3 11 7 12 1 14 13 9 20 16 4 19 8 18 17 15 
student 574: 1 5 7 17 13 3 14 18 15 9 10 6 16 12 8 20 11 19 2 4 
student 575: 15 10 14 13 4 7 1 19 11 16 2 6 18 9 8 3 20 5 12 17 
student 576: 17 11 3 4 20 5 7 10 14 9 1 12 8 2 13 16 19 6 18 15 
student 577: 15 6 1 19 18 9 11 3 4 10 2 13 16 12 8 20 14 7 5 17 
student 578: 18 10 3 15 6 8 19 17 5 11 13 14 16 4 9 1 7 20 2 12 
student 579: 8 4 16 18 14 7 20 2 3 17 6 11 9 19 1 12 13 5 15 10 
student 580: 16 1 10 12 9 14 2 4 17 8 6 7 15 20 19 3 11 13 5 18 
student 581: 20 12 2 13 1 9 6 10 4 11 16 17 19 18 14 3 5 15 7 8 
student 582: 14 15 9 18 10 8 4 13 16 17 6 19 12 20 5 2 3 11 1 7 
student 583: 14 3 4 2 5 7 10 17 19 13 6 12 15 18 9 16 8 20 1 11 
student 584: 17 7 3 13 6 18 1 16 2 20 5 19 12 15 4 11 10 14 9 8 
student 585: 1 10 8 20 16 5 3 2 13 15 17 14 11 4 9 12 7 18 6 19 
student 586: 4 11 6 7 5 9 14 12 10 19 8 17 1 3 20 18 13 16 2 15 
student 587: 13 4 7 18 2 11 12 9 3 8 1 16 20 19 5 10 15 17 14 6 
student 588: 6 2 18 10 1 15 7 14 12 17 11 8 5 20 9 16 3 13 4 19 
student 589: 5 16 4 6 8 13 3 1 10 14 15 20 19 11 17 7 12 9 2 18 
student 590: 2 7 18 20 3 5 4 6 13 16 12 17 15 14 8 9 11 10 19 1 
student 591: 7 4 20 11 19 1 2 6 3 15 9 18 16 12 17 14 10 8 13 5 
student 592: 13 10 8 2 1 5 4 3 7 12 6 20 14 19 9 15 18 16 17 11 
student 593: 15 20 10 9 17 7 18 11 14 2 19 3 13 8 12 6 1 16 4 5 
student 594: 20 17 6 15 1 7 9 5 3 14 10 19 18 8 11 13 16 2 12 4 
student 595: 7 11 2 12 3 5 4 19 1 6 14 13 17 16 20 18 8 9 10 15 
student 596: 20 5 8 15 9 12 6 18 11 17 10 4 16 2 13 3 1 19 14 7 
student 597: 12 7 2 18 11 5 4 14 1 10 13 16 20 3 19 17 15 9 8 6 
student 598: 20 4 12 9 14 2 7 16 8 15 13 11 18 1 5 6 3 19 10 17 
student 599: 7 14 11 20 4 6 3 15 8 10 9 1 17 13 2 19 16 18 5 12 
student 600: 11 7 18 1 16 6 12 19 8 17 3 20 13 10 4 15 2 9 14 5 
student 601: 14 2 9 16 8 1 6 19 3 18 7 13 15 20 5 10 4 11 12 17 
student 602: 9 17 15 20 6 1 3 13 5 18 2 16 7 19 4 10 8 14 11 12 
student 603: 1 9 5 3 2 6 4 15 17 14 16 20 8 19 13 12 10 7 18 11 
student 604: 10 18 5 2 3 13 4 8 11 20 9 7 19 6 14 15 1 12 17 16 
student 605: 13 12 5 10 9 3 1 8 2 17 6 14 18 20 15 7 4 16 19 11 
student 606: 5 12 2 1 10 4 8 14 13 19 16 3 20 15 7 18 9 11 6 17 
student 607: 16 4 2 15 9 7 11 12 5 18 8 10 17 3 20 14 6 19 13 1 
student 608: 5 8 2 15 14 7 4 13 1 19 10 9 17 20 3 16 12 11 18 6 
student 609: 11 1 3 17 9 2 12 15 6 8 18 7 20 14 16 13 19 4 5 10 
student 610: 14 11 5 20 7 10 2 6 8 15 12 1 4 19 18 9 17 16 3 13 
student 611: 17 6 7 9 12 3 4 16 2 8 5 20 14 19 11 15 18 13 1 10 
student 612: 15 6 11 8 19 2 16 18 20 14 1 13 3 5 10 7 9 12 4 17 
student 613: 13 9 3 14 12 6 19 17 1 10 11 7 15 18 5 16 4 8 2 20 
student 614: 10 5 8 16 3 11 2 17 1 19 15 14 13 20 9 18 4 6 7 12 
student 615: 20 2 8 18 9 3 4 14 5 7 1 19 15 10 6 12 16 11 17 13 
student 616: 12 6 10 15 14 13 16 4 11 7 18 8 5 3 17 2 9 19 1 20 
student 617: 18 4 19 8 2 1 5 9 3 14 17 11 15 16 10 6 13 7 12 20 
student 618: 18 8 7 15 11 2 1 17 9 12 13 20 6 10 5 19 3 16 4 14 
student 619: 11 7 5 9 6 3 4 10 1 2 12 18 16 20 8 14 19 17 13 15 
student 620: 7 6 12 18 17 1 2 19 5 3 15 10 13 4 14 9 11 20 8 16 
student 621: 6 19 8 13 3 1 9 20 2 16 15 18 5 10 7 17 14 12 4 11 
student 622: 15 13 20 6 11 12 16 4 7 18 17 10 8 3 2 19 1 14 5 9 
student 623: 10 3 15 4 9 1 2 11 5 7 18 19 16 17 12 6 13 20 14 8 
student 624: 11 16 7 20 8 1 19 18 9 13 14 17 5 15 10 2 4 12 3 6 
student 625: 11 7 16 15 5 1 3 19 20 9 14 2 8 12 18 4 13 10 6 17 
student 626: 16 15 5 9 6 13 11 19 12 10 14 3 17 20 2 18 4 7 1 8 
student 627: 4 1 19 12 20 9 13 14 6 17 11 16 5 7 15 18 8 2 3 10 
student 628: 6 5 2 8 17 1 7 9 4 14 11 12 18 19 15 3 20 10 13 16 
student 629: 16 2 1 19 14 12 9 8 11 7 18 4 15 3 5 6 10 17 13 20 
student 630: 14 13 12 6 9 10 1 3 2 18 15 4 11 16 7 17 5 19 8 20 
student 631: 2 10 3 1 16 11 9 4 8 18 12 7 6 20 5 13 19 15 14 17 
student 632: 17 3 15 18 7 11 6 16 4 14 12 2 19 1 10 20 13 8 9 5 
student 633: 11 3 18 4 6 13 17 9 7 14 5 1 20 15 10 16 8 2 12 19 
student 634: 9 17 15 12 4 6 3 14 5 16 19 8 20 11 2 18 10 13 1 7 
student 635: 4 19 11 16 17 9 6 10 2 8 14 13 7 15 12 20 5 3 1 18 
student 636: 15 5 2 1 14 8 3 19 16 17 12 11 18 13 20 4 9 6 7 10 
student 637: 1 12 2 6 15 5 10 4 14 13 11 17 19 8 3 18 7 20 9 16 
student 638: 20 5 17 13 6 14 3 16 8 19 11 18 4 1 10 7 2 15 12 9 
student 639: 1 8 17 19 3 9 18 12 20 15 5 2 16 6 7 10 4 13 11 14 
student 640: 3 4 5 6 9 12 15 13 11 19 7 14 18 1 16 17 8 2 20 10 
student 641: 14 3 7 11 2 5 13 19 4 10 15 12 9 20 8 6 1 17 18 16 
student 642: 5 2 9 12 14 19 1 20 8 6 16 13 18 7 4 11 3 15 17 10 
student 643: 20 3 15 1 6 5 9 13 11 12 4 7 18 16 2 8 17 14 10 19 
student 644: 4 17 7 13 6 2 15 20 18 10 11 19 5 14 12 8 3 1 16 9 
student 645: 19 7 9 13 12 15 4 16 3 8 11 17 5 6 10 20 1 2 14 18 
student 646: 6 8 3 2 11 9 1 20 10 16 13 18 17 19 5 4 14 15 12 7 
student 647: 4 9 10 1 17 3 6 20 7 14 19 13 18 12 16 5 2 15 8 11 
student 648: 5 4 19 16 3 9 6 13 11 14 2 8 20 18 12 7 10 15 17 1 
student 649: 8 11 4 10 12 2 6 1 14 5 9 20 19 18 16 13 15 17 7 3 
student 650: 20 7 4 19 2 6 1 18 9 15 5 17 16 14 12 3 13 11 8 10 
student 651: 3 4 2 14 12 5 11 19 15 8 16 7 20 18 10 6 13 1 9 17 
student 652: 4 14 5 8 3 19 7 11 2 18 12 17 16 10 15 9 6 13 1 20 
student 653: 1 4 15 10 6 3 7 18 9 5 11 16 19 13 8 20 17 12 2 14 
student 654: 15 8 3 16 2 4 6 10 12 18 1 14 13 11 9 7 5 20 17 19 
student 655: 18 6 14 15 5 4 12 17 9 10 7 16 13 3 11 20 1 2 8 19 
student 656: 2 10 15 13 11 7 3 1 4 6 5 14 19 20 12 16 18 8 17 9 
student 657: 2 16 11 8 3 4 13 19 17 5 12 7 1 20 15 10 6 18 9 14 
student 658: 13 2 5 4 18 12 8 1 7 10 16 9 17 6 3 11 15 19 20 14 
student 659: 14 11 17 18 5 16 3 12 7 20 4 19 15 9 2 6 1 13 8 10 
student 660: 14 12 18 8 1 11 4 20 10 7 3 5 17 19 6 9 13 2 15 16 
student 661: 12 6 9 10 19 4 2 11 1 20 13 18 15 8 7 14 3 16 17 5 
student 662: 10 15 4 19 9 6 7 2 8 16 11 18 13 20 1 3 5 14 12 17 
student 663: 11 3 5 20 8 9 6 2 13 1 17 10 16 4 7 18 14 15 12 19 
student 664: 2 3 6 9 5 15 1 8 12 4 10 20 19 17 16 13 18 14 7 11 
student 665: 4 9 10 19 17 2 6 11 3 15 5 18 13 16 1 12 8 14 7 20 
student 666: 8 12 5 3 18 4 2 17 6 14 10 15 13 20 7 1 19 9 16 11 
student 667: 15 5 2 13 17 20 1 18 8 6 9 16 10 19 12 4 3 14 11 7 
student 668: 5 17 1 20 9 4 13 14 6 16 7 12 15 8 18 10 3 19 11 2 
student 669: 18 7 1 19 5 11 2 6 17 9 14 16 4 13 12 10 3 15 8 20 
student 670: 4 3 9 13 11 5 19 18 2 17 1 20 14 12 7 16 6 10 8 15 
student 671: 16 18 7 9 17 2 20 5 8 4 14 11 12 19 3 10 6 1 15 13 
student 672: 2 14 5 12 6 1 18 13 4 9 19 15 17 20 16 7 3 11 8 10 
student 673: 11 4 2 19 5 9 6 7 10 3 17 15 14 13 16 20 1 12 18 8 
student 674: 1 6 16 10 5 11 4 17 12 15 9 18 7 20 19 8 3 2 14 13 
student 675: 2 4 20 18 9 6 10 13 1 8 5 17 16 19 7 15 3 11 12 14 
student 676: 15 10 16 1 9 13 4 19 3 8 5 20 14 6 2 18 12 17 11 7 
student 677: 1 15 18 19 6 8 5 4 12 9 2 17 20 13 14 11 7 16 10 3 
student 678: 14 2 8 12 19 15 3 17 5 16 13 7 1 20 10 18 6 9 4 11 
student 679: 15 4 18 14 8 6 13 1 7 5 10 16 17 12 20 3 9 11 2 19 
student 680: 10 2 3 12 19 5 1 14 9 15 11 16 7 20 4 6 13 18 17 8 
student 681: 15 2 6 11 16 1 14 13 9 3 19 17 7 20 12 8 5 10 18 4 
student 682: 16 6 11 18 5 4 9 14 13 10 8 1 20 19 17 15 7 12 3 2 
student 683: 1 15 7 4 8 2 14 19 6 12 3 20 17 18 16 11 5 13 10 9 
student 684: 17 18 1 4 5 3 14 19 6 7 16 13 15 20 10 9 2 11 12 8 
student 685: 17 1 2 16 5 12 9 7 11 6 4 14 13 10 20 8 3 15 18 19 
student 686: 4 5 7 3 9 14 19 16 2 10 17 13 20 15 6 18 1 12 8 11 
student 687: 7 4 2 16 1 14 6 5 19 13 8 9 12 3 20 17 18 10 11 15 
student 688: 8 7 9 1 2 4 6 19 5 14 12 10 16 17 3 13 20 15 11 18 
student 689: 13 11 4 18 10 5 1 7 14 16 6 15 8 17 2 3 12 19 9 20 
student 690: 15 2 6 9 10 11 13 5 8 19 3 16 17 20 12 4 18 7 1 14 
student 691: 3 8 12 6 13 4 1 18 5 17 2 16 15 14 9 19 11 20 10 7 
student 692: 7 10 17 2 8 4 16 20 18 3 15 12 14 6 13 19 1 9 5 11 
student 693: 11 4 7 1 8 2 3 16 12 15 10 19 5 17 9 20 6 18 14 13 
student 694: 10 6 9 15 4 17 3 5 1 13 7 20 19 16 12 2 11 14 18 8 
student 695: 13 2 5 18 4 15 1 12 8 11 7 17 20 9 16 14 6 19 3 10 
student 696: 15 6 12 7 3 8 5 9 13 14 2 4 19 20 16 17 11 18 10 1 
student 697: 5 15 14 19 1 20 4 6 10 16 17 3 12 2 8 9 7 13 18 11 
student 698: 18 11 7 4 13 1 20 9 16 15 14 3 5 19 12 6 2 17 8 10 
student 699: 17 13 15 7 16 6 3 9 8 2 18 19 20 12 5 11 1 14 4 10 
student 700: 17 4 2 19 13 8 3 14 5 9 15 11 20 16 7 18 1 12 6 10 
student 701: 1 3 12 4 9 8 20 7 11 18 14 6 2 19 13 10 5 17 16 15 
student 702: 3 2 10 13 8 6 4 7 9 1 18 16 12 5 15 20 14 11 17 19 
student 703: 5 8 20 16 11 1 6 9 2 10 14 18 13 3 7 12 4 17 19 15 
student 704: 13 16 11 7 8 1 4 14 9 5 17 18 15 19 3 10 6 20 2 12 
student 705: 2 12 17 9 3 18 6 15 5 1 19 14 8 10 16 20 11 4 13 7 
student 706: 10 9 15 16 2 3 4 1 14 20 8 18 11 5 19 7 6 13 17 12 
student 707: 6 11 7 2 8 3 13 14 12 20 9 4 16 19 15 1 5 10 18 17 
student 708: 8 1 3 4 19 13 2 17 12 16 7 18 11 6 5 15 20 9 14 10 
student 709: 14 8 19 10 9 3 7 18 6 16 2 5 4 12 13 11 1 20 15 17 
student 710: 8 3 2 12 15 6 1 7 4 19 16 9 18 11 10 14 5 20 13 17 
student 711: 6 18 15 17 11 5 4 14 8 9 10 2 7 13 3 16 1 19 20 12 
student 712: 13 17 8 16 9 7 5 10 20 6 4 14 19 11 1 15 12 18 3 2 
student 713: 6 4 14 17 10 2 1 9 8 7 5 19 20 16 11 13 12 18 15 3 
student 714: 6 2 11 9 5 12 8 10 3 15 13 4 19 20 7 14 16 17 1 18 
student 715: 16 17 6 5 8 3 15 14 1 2 18 13 19 12 4 20 9 11 10 7 
student 716: 12 14 6 7 1 2 19 9 16 3 5 13 11 10 17 18 15 4 8 20 
student 717: 11 10 5 6 7 19 4 17 1 14 12 18 8 20 2 9 3 13 15 16 
student 718: 13 3 14 12 9 7 6 16 4 19 5 20 11 17 10 8 1 18 2 15 
student 719: 20 8 9 13 10 7 12 4 1 16 3 6 15 19 5 17 2 11 14 18 
student 720: 3 18 1 2 10 16 12 11 14 8 6 17 19 13 15 5 7 9 4 20 
student 721: 19 9 4 13 8 6 5 2 10 12 20 14 17 11 15 1 7 16 18 3 
student 722: 2 12 1 8 6 4 15 9 20 11 18 5 10 13 14 19 3 7 16 17 
student 723: 12 3 4 13 2 5 6 7 15 9 10 16 14 11 1 17 19 20 8 18 
student 724: 9 10 7 6 18 1 5 8 2 17 12 3 14 19 4 16 13 15 11 20 
student 725: 12 7 1 2 10 17 4 16 11 8 14 20 6 18 15 3 5 19 9 13 
student 726: 17 16 13 10 8 14 6 7 3 12 2 19 18 20 5 15 1 9 4 11 
student 727: 5 2 6 19 11 14 15 10 9 12 8 3 4 17 18 7 1 20 16 13 
student 728: 3 15 2 6 13 1 5 14 4 20 16 10 19 9 18 17 8 7 12 11 
student 729: 2 1 3 12 7 6 20 14 15 17 9 8 18 11 16 19 4 10 5 13 
student 730: 17 20 12 2 16 10 1 14 18 3 13 19 8 4 11 15 9 6 7 5 
student 731: 6 4 3 20 9 1 5 10 8 12 11 18 17 13 16 14 2 19 15 7 
student 732: 13 1 10 6 15 4 19 7 9 20 3 16 2 14 12 17 5 18 11 8 
student 733: 4 2 8 19 6 11 3 18 20 12 10 15 14 17 13 16 1 5 9 7 
student 734: 10 2 3 17 4 5 14 6 12 15 1 19 7 18 13 8 11 9 20 16 
student 735: 15 11 9 6 3 7 5 13 2 4 10 16 20 12 18 17 19 1 8 14 
student 736: 14 18 10 17 9 13 2 11 7 1 19 15 20 8 6 4 12 5 3 16 
student 737: 9 2 17 7 19 6 1 12 5 11 13 16 14 4 10 15 18 8 20 3 
student 738: 2 1 7 14 3 8 10 13 4 17 16 5 18 11 19 6 9 12 20 15 
student 739: 3 16 8 14 4 18 11 7 20 9 1 15 17 5 12 10 13 19 2 6 
student 740: 13 4 14 17 1 12 3 5 7 10 8 2 15 19 20 16 9 11 6 18 
student 741: 20 6 3 12 1 8 4 17 18 2 9 13 11 19 15 14 7 5 10 16 
student 742: 14 7 8 2 13 12 4 17 6 16 19 18 15 20 10 5 3 11 1 9 
student 743: 3 4 11 19 10 6 17 15 12 13 2 20 8 18 7 1 5 14 9 16 
student 744: 1 6 16 4 7 20 2 8 15 12 9 18 3 19 10 5 11 17 14 13 
student 745: 1 9 5 19 2 4 11 3 16 18 8 15 6 13 17 14 10 7 12 20 
student 746: 19 3 6 20 5 7 8 16 2 17 1 11 14 15 4 10 18 13 12 9 
student 747: 8 13 7 18 4 2 10 1 15 16 12 14 17 3 6 19 9 20 5 11 
student 748: 5 11 3 20 2 7 1 18 10 13 12 14 9 8 6 16 4 19 15 17 
student 749: 1 4 3 11 16 5 9 15 10 14 17 20 12 18 13 2 7 19 6 8 
student 750: 15 16 3 8 1 12 20 7 13 14 9 19 11 6 17 10 2 5 4 18 
student 751: 18 1 5 9 16 13 8 3 19 11 12 20 7 14 10 17 4 15 6 2 
student 752: 1 4 2 16 13 8 17 18 5 10 7 14 20 15 11 12 9 3 19 6 
student 753: 8 16 12 3 6 18 2 9 1 19 4 15 17 7 5 11 20 10 13 14 
student 754: 1 12 20 5 2 18 7 9 3 11 15 6 13 14 10 16 8 19 17 4 
student 755: 8 15 2 11 9 4 12 19 18 16 13 17 10 7 14 3 5 20 6 1 
student 756: 7 12 9 2 3 1 4 6 16 18 17 20 19 13 10 15 5 14 11 8 
student 757: 15 7 6 10 5 8 4 12 2 20 13 19 18 11 1 14 9 3 17 16 
student 758: 13 3 16 12 7 1 10 11 4 9 15 5 8 19 6 18 2 17 20 14 
student 759: 2 7 13 18 1 16 15 9 20 12 14 3 11 19 5 8 4 17 6 10 
student 760: 4 1 20 12 3 10 6 11 14 19 7 15 13 5 8 16 17 9 18 2 
student 761: 9 20 5 2 3 19 14 11 4 18 10 17 7 8 12 15 6 1 13 16 
student 762: 5 13 19 3 4 1 9 2 14 12 16 15 20 8 6 10 11 18 17 7 
student 763: 4 6 2 10 15 3 7 11 5 19 1 18 16 13 8 20 12 9 17 14 
student 764: 11 4 7 14 12 5 2 18 13 15 16 10 19 20 9 8 3 6 1 17 
student 765: 14 18 20 1 6 7 8 10 2 5 11 17 19 16 13 4 3 9 12 15 
student 766: 1 11 6 12 15 18 19 5 20 16 17 14 9 13 10 3 8 2 4 7 
student 767: 12 20 14 13 10 11 15 4 19 9 2 18 5 8 3 17 1 7 16 6 
student 768: 20 18 12 14 5 2 3 11 7 9 4 6 19 16 1 10 17 13 15 8 
student 769: 11 1 13 6 8 16 19 3 10 4 12 20 18 15 17 7 5 14 2 9 
student 770: 18 5 12 7 9 10 6 2 14 3 13 11 17 19 20 1 4 16 8 15 
student 771: 7 12 17 14 13 10 2 6 11 4 1 5 8 19 9 16 3 15 20 18 
student 772: 9 1 4 11 12 2 19 18 7 16 17 5 8 14 6 20 15 3 10 13 
student 773: 15 11 6 19 17 9 8 2 7 14 4 16 20 18 3 1 10 5 12 13 
student 774: 10 14 2 4 15 5 9 6 17 3 13 20 11 8 18 12 7 1 19 16 
student 775: 4 6 7 2 18 1 3 20 9 17 19 8 16 10 13 12 5 15 11 14 
student 776: 6 2 11 10 9 3 1 8 5 12 13 16 15 19 4 18 20 17 14 7 
student 777: 12 4 13 16 14 2 7 6 8 20 18 5 9 19 10 1 3 15 17 11 
student 778: 5 7 14 3 15 6 4 20 2 9 18 19 12 17 8 16 11 10 1 13 
student 779: 2 3 8 4 5 11 1 20 7 17 18 13 6 12 14 19 10 15 9 16 
student 780: 12 8 2 19 7 10 5 17 4 6 3 13 16 18 1 11 14 9 20 15 
student 781: 1 5 15 10 8 18 6 17 19 7 2 9 12 20 4 3 11 13 14 16 
student 782: 15 1 16 3 18 14 20 10 13 11 4 19 17 8 5 12 2 6 7 9 
student 783: 16 8 11 7 14 6 2 3 4 13 17 5 19 20 15 1 12 10 18 9 
student 784: 14 6 11 4 19 7 3 16 15 10 8 5 1 18 20 17 9 12 2 13 
student 785: 3 18 1 9 4 12 6 2 14 16 5 7 20 11 15 10 13 17 19 8 
student 786: 16 3 7 9 5 8 2 11 13 4 18 1 12 19 17 15 6 14 10 20 
student 787: 5 16 3 9 2 7 14 17 1 6 4 19 8 10 18 20 12 11 13 15 
student 788: 17 11 1 16 10 2 4 15 9 20 3 19 5 12 8 7 6 14 13 18 
student 789: 5 9 4 14 16 1 12 15 11 17 3 20 8 13 19 7 2 10 18 6 
student 790: 14 7 4 10 18 12 6 17 11 15 2 19 1 5 3 9 13 20 16 8 
student 791: 17 15 4 3 6 12 14 20 5 18 10 19 8 9 16 13 11 2 7 1 
student 792: 19 5 1 20 8 4 3 9 10 17 6 18 15 11 16 7 2 13 14 12 
student 793: 20 4 6 2 11 17 8 9 15 19 18 5 3 1 10 16 7 14 12 13 
student 794: 15 5 2 11 18 4 9 1 7 20 12 13 19 8 16 14 3 10 17 6 
student 795: 4 7 14 8 9 1 3 12 20 6 5 18 19 11 2 13 15 10 16 17 
student 796: 3 1 14 13 10 4 11 2 5 12 20 15 17 9 16 6 7 8 18 19 
student 797: 2 8 12 16 9 3 7 20 4 11 1 18 14 19 5 17 10 6 13 15 
student 798: 3 6 1 8 5 14 9 4 11 13 20 18 19 15 10 16 2 7 12 17 
student 799: 4 1 6 7 12 16 3 18 2 8 15 11 20 17 10 19 5 14 9 13 
