student 0: 4 11 13 19 17 7 20 15 12 9 3 16 8 18 14 6 5 10 1 2 
student 1: 17 6 12 14 5 10 1 15 8 13 18 2 20 16 19 9 3 11 4 7 
student 2: 2 17 13 14 8 1 15 11 10 3 18 19 7 20 4 6 9 5 12 16 
student 3: 10 11 15 8 4 18 6 17 12 3 20 7 2 13 9 16 1 5 14 19 
student 4: 5 9 12 15 10 8 6 14 17 2 20 13 4 18 7 19 3 1 16 11 
student 5: 7 10 15 20 1 11 13 19 5 8 9 18 14 12 6 17 3 2 4 16 
student 6: 17 2 20 18 9 15 11 8 1 5 13 14 19 10 7 4 16 6 12 3 
student 7: 12 18 19 11 7 20 17 14 3 2 16 13 4 6 8 9 1 15 10 5 
student 8: 15 10 9 20 12 8 16 13 6 1 7 14 4 18 5 11 19 17 3 2 
student 9: 11 3 7 6 20 15 13 16 18 19 5 12 1 17 8 2 4 9 10 14 
student 10: 5 14 6 9 17 20 18 4 15 1 19 13 7 3 16 2 11 10 12 8 
student 11: 12 4 7 6 2 14 17 16 11 8 19 10 20 18 9 3 13 1 15 5 
student 12: 9 5 17 13 11 16 12 19 4 15 8 18 10 2 20 7 6 1 14 3 
student 13: 12 1 5 7 13 18 8 19 10 4 6 15 11 14 3 9 2 16 17 20 
student 14: 14 13 1 20 16 12 15 9 4 11 5 19 2 17 3 18 7 6 8 10 
student 15: 7 4 17 18 14 20 19 15 5 12 11 3 9 13 1 16 8 2 10 6 
student 16: 16 1 8 11 4 7 10 18 12 3 13 20 9 5 2 6 19 17 15 14 
student 17: 15 13 18 16 11 9 1 6 8 3 4 12 2 10 5 20 14 17 19 7 
student 18: 11 7 2 16 9 12 10 13 5 19 8 14 15 6 17 4 1 3 20 18 
student 19: 3 9 20 19 15 4 12 10 14 16 6 18 8 11 13 17 7 2 5 1 
student 20: 14 9 12 7 17 16 15 13 10 1 4 20 5 19 6 8 11 2 3 18 
student 21: 14 6 10 20 12 1 16 7 3 2 5 13 11 18 4 9 17 19 8 15 
student 22: 12 16 10 13 11 6 18 2 3 7 5 14 15 20 4 8 9 19 17 1 
student 23: 2 6 10 3 17 16 9 14 5 13 20 15 7 18 1 8 4 11 19 12 
student 24: 4 5 19 12 16 11 18 1 2 14 17 20 15 10 13 6 8 3 7 9 
student 25: 4 16 12 17 9 19 1 13 7 20 18 14 2 3 6 15 11 8 5 10 
student 26: 18 2 8 9 12 14 5 15 3 13 20 1 7 16 4 10 6 17 11 19 
student 27: 17 7 16 19 4 9 12 10 8 3 14 18 15 11 2 1 13 20 6 5 
student 28: 3 12 5 13 19 20 9 7 16 8 14 15 11 2 1 17 6 18 4 10 
student 29: 16 8 2 17 3 19 7 4 15 14 20 18 10 6 12 9 5 13 1 11 
student 30: 17 7 18 6 11 20 14 8 5 10 9 3 1 15 19 16 12 2 13 4 
student 31: 18 4 7 20 6 14 1 8 17 11 19 13 2 15 16 12 5 3 10 9 
student 32: 20 13 14 9 7 12 15 17 5 2 11 18 3 16 8 19 6 10 1 4 
student 33: 2 8 19 12 6 20 18 16 5 11 3 13 15 17 4 9 14 7 10 1 
student 34: 14 3 8 20 15 17 18 12 6 7 13 16 1 11 4 10 5 2 19 9 
student 35: 14 17 1 11 6 9 13 18 10 5 19 20 3 7 8 12 2 15 4 16 
student 36: 7 15 4 19 6 11 18 13 2 9 17 20 5 12 3 10 1 14 16 8 
student 37: 14 4 2 10 8 9 18 3 5 16 20 15 7 12 17 1 13 11 19 6 
student 38: 8 12 17 18 19 7 6 13 9 16 14 10 4 5 15 1 2 3 20 11 
student 39: 11 14 17 18 3 10 7 19 15 4 13 8 2 20 16 9 6 1 5 12 
student 40: 9 6 12 17 18 11 20 16 8 13 19 15 4 14 5 3 1 2 10 7 
student 41: 10 11 17 6 7 3 1 8 2 5 4 14 16 18 20 15 12 13 19 9 
student 42: 17 19 18 11 6 5 13 15 8 9 4 12 16 20 1 7 10 3 2 14 
student 43: 16 4 8 14 10 15 11 12 18 2 5 19 13 20 9 17 1 6 7 3 
student 44: 14 11 6 8 10 17 7 13 3 9 20 5 1 16 19 2 18 12 4 15 
student 45: 15 8 5 19 14 2 1 6 17 11 7 10 20 18 3 13 9 4 16 12 
student 46: 13 9 16 18 8 15 14 20 6 5 19 12 17 3 11 2 4 1 10 7 
student 47: 4 20 19 14 18 6 15 16 2 3 11 10 8 5 7 9 13 1 17 12 
student 48: 14 12 18 17 3 19 11 13 15 20 10 16 4 1 8 7 6 9 2 5 
student 49: 9 11 5 20 14 18 16 17 10 4 15 13 8 19 7 12 2 1 6 3 
student 50: 5 3 19 6 14 17 12 18 4 7 15 13 20 10 1 2 8 11 16 9 
student 51: 2 12 20 3 13 15 9 18 5 11 19 17 16 8 7 6 10 14 1 4 
student 52: 15 3 13 11 16 18 12 6 4 8 10 14 2 17 20 9 1 7 19 5 
student 53: 14 6 10 17 11 8 15 18 1 5 12 19 13 3 7 16 4 9 20 2 
student 54: 10 18 9 4 5 15 11 20 6 3 12 14 7 19 1 17 13 2 8 16 
student 55: 13 8 9 18 14 16 10 3 2 11 4 20 1 15 5 19 6 12 17 7 
student 56: 9 2 17 20 5 12 18 14 4 19 16 11 10 15 13 8 1 7 3 6 
student 57: 5 8 11 10 19 14 9 12 17 6 15 18 1 4 7 16 13 3 20 2 
student 58: 4 17 18 11 13 7 6 14 2 8 1 12 10 20 15 19 5 9 16 3 
student 59: 4 12 6 7 11 2 18 3 5 17 10 14 1 20 9 16 19 15 13 8 
student 60: 16 3 6 14 8 9 4 11 7 13 15 20 12 18 10 17 19 2 1 5 
student 61: 17 5 10 4 11 9 14 19 16 18 7 8 12 3 15 13 1 2 6 20 
student 62: 16 9 18 15 5 19 10 20 12 3 17 6 4 8 1 13 11 7 14 2 
student 63: 16 17 14 18 13 8 10 19 15 1 3 9 7 20 5 11 12 2 6 4 
student 64: 12 8 1 16 20 2 10 3 5 6 19 15 7 18 14 13 17 9 11 4 
student 65: 5 13 7 6 8 16 9 20 10 1 14 17 11 18 2 15 3 4 12 19 
student 66: 10 17 15 9 8 12 5 18 6 3 19 11 2 20 13 14 1 4 16 7 
student 67: 17 10 8 6 7 18 13 5 3 20 12 15 16 4 19 9 1 11 14 2 
student 68: 4 11 13 18 19 16 3 2 15 5 9 12 7 6 10 20 1 14 17 8 
student 69: 11 5 20 14 19 3 15 7 6 8 4 18 13 16 1 10 17 9 2 12 
student 70: 8 2 17 14 10 5 13 7 11 4 18 19 20 12 6 9 1 15 16 3 
student 71: 14 10 6 9 15 16 7 20 19 8 17 11 5 18 4 13 2 1 12 3 
student 72: 14 18 3 8 15 9 4 12 5 17 19 20 7 6 16 13 11 2 10 1 
student 73: 17 7 8 9 19 11 16 4 12 15 20 13 6 2 1 10 3 18 14 5 
student 74: 1 2 14 18 3 7 12 9 13 15 19 17 8 5 10 20 6 11 16 4 
student 75: 8 12 15 16 9 14 17 10 11 2 18 20 5 13 3 4 19 7 1 6 
student 76: 12 2 4 20 14 18 11 17 9 10 5 15 1 8 6 13 3 19 7 16 
student 77: 13 3 1 14 11 5 16 17 15 8 19 20 4 18 9 10 2 7 12 6 
student 78: 19 11 16 8 5 17 14 12 3 15 20 18 2 10 6 13 7 4 9 1 
student 79: 11 7 2 14 6 20 10 8 12 16 18 15 9 4 17 5 13 3 19 1 
student 80: 20 11 6 9 17 4 10 7 16 12 19 14 8 3 2 5 18 1 13 15 
student 81: 19 3 13 10 8 4 15 7 9 6 16 18 2 1 17 14 11 12 20 5 
student 82: 15 13 3 10 4 16 12 14 11 1 18 9 5 17 2 19 7 20 6 8 
student 83: 15 5 3 11 14 10 19 16 1 18 17 2 8 20 7 6 12 9 4 13 
student 84: 11 6 8 9 16 12 15 18 13 2 7 19 1 20 4 17 3 10 5 14 
student 85: 10 16 9 8 15 12 11 17 20 2 5 13 1 18 6 4 14 3 19 7 
student 86: 20 13 5 15 7 10 18 6 16 1 17 11 2 9 14 3 4 8 19 12 
student 87: 17 11 10 6 1 2 7 19 16 9 12 20 8 13 18 15 3 4 5 14 
student 88: 4 1 19 11 12 17 18 14 9 7 20 2 10 8 16 13 5 6 15 3 
student 89: 10 4 19 16 15 20 13 6 2 14 18 12 11 17 7 5 8 1 9 3 
student 90: 12 20 3 5 2 6 17 19 14 7 16 18 13 15 4 11 8 1 10 9 
student 91: 9 11 15 20 7 16 14 8 17 5 19 3 4 2 6 13 18 12 10 1 
student 92: 17 12 3 20 15 14 5 6 13 8 19 10 9 18 11 1 2 7 16 4 
student 93: 17 13 11 1 5 9 10 15 3 16 12 18 4 19 6 20 7 8 14 2 
student 94: 20 15 10 14 2 18 1 17 13 6 4 19 3 11 7 16 5 12 8 9 
student 95: 13 11 7 16 5 18 4 10 8 20 14 17 3 15 9 2 1 12 6 19 
student 96: 18 15 17 19 9 7 4 11 13 12 8 14 10 5 3 2 16 6 1 20 
student 97: 11 10 5 2 16 14 17 8 9 6 18 20 19 13 7 1 12 4 3 15 
student 98: 8 16 13 7 17 18 9 6 19 1 11 3 14 20 4 12 15 2 10 5 
student 99: 1 18 5 16 8 19 9 13 4 11 14 20 17 15 3 7 12 10 6 2 
student 100: 2 19 20 17 15 10 1 5 13 6 7 18 9 14 16 4 8 11 12 3 
student 101: 20 18 19 5 1 13 12 15 17 9 14 8 6 4 16 11 7 10 2 3 
student 102: 15 11 8 9 14 19 16 6 17 5 3 20 2 13 1 12 18 10 7 4 
student 103: 14 12 9 7 2 6 18 13 10 15 3 17 4 19 20 16 5 11 8 1 
student 104: 10 16 12 14 11 3 17 9 20 4 6 18 7 13 5 19 2 1 8 15 
student 105: 15 13 2 4 14 19 16 6 3 11 18 12 20 1 17 8 7 9 5 10 
student 106: 10 5 4 8 2 13 11 7 1 9 19 12 14 6 3 17 18 20 16 15 
student 107: 14 2 16 19 12 5 15 1 18 8 9 13 11 4 10 6 20 17 7 3 
student 108: 2 9 15 16 11 13 8 18 4 12 14 19 1 7 10 5 17 20 6 3 
student 109: 18 1 6 16 7 19 10 4 5 15 13 12 9 20 14 17 2 11 3 8 
student 110: 16 5 4 18 17 10 19 15 7 11 13 14 20 8 3 9 2 6 12 1 
student 111: 5 1 2 20 12 16 14 17 10 11 18 15 8 7 13 19 6 9 4 3 
student 112: 3 6 15 2 14 19 18 7 4 10 5 20 13 12 16 17 11 9 8 1 
student 113: 10 20 18 16 17 8 19 7 12 1 4 13 3 9 5 11 2 15 6 14 
student 114: 11 8 17 13 18 10 5 1 4 7 15 20 9 14 2 12 16 6 19 3 
student 115: 19 10 16 6 4 13 11 7 15 5 17 20 9 14 3 2 1 8 18 12 
student 116: 14 20 12 7 16 9 6 18 13 17 4 19 15 5 10 11 8 2 3 1 
student 117: 4 13 2 12 3 20 17 19 15 10 11 14 8 18 9 7 6 1 16 5 
student 118: 5 8 14 12 4 20 6 15 3 17 18 16 9 19 7 11 1 2 13 10 
student 119: 10 16 18 17 8 15 9 2 4 13 14 3 7 20 19 1 11 12 6 5 
student 120: 19 6 5 16 11 17 8 9 7 13 15 10 2 18 4 20 1 14 3 12 
student 121: 13 20 9 18 11 4 17 5 8 10 6 12 16 15 14 19 2 3 1 7 
student 122: 8 4 16 11 3 9 18 19 1 6 15 17 20 10 12 13 2 7 5 14 
student 123: 6 12 15 5 14 19 20 7 16 8 3 18 2 11 1 9 4 17 10 13 
student 124: 8 5 9 18 3 15 14 12 4 16 10 1 11 7 19 17 13 20 2 6 
student 125: 13 3 14 18 15 10 7 9 11 5 20 17 1 16 2 8 6 12 19 4 
student 126: 16 3 15 20 1 13 9 7 5 10 2 14 6 12 17 18 19 8 11 4 
student 127: 13 17 11 12 9 2 14 5 1 3 16 18 8 19 15 6 4 7 20 10 
student 128: 12 8 16 20 3 17 9 2 6 1 7 15 10 19 14 18 11 4 13 5 
student 129: 3 20 10 16 15 18 9 12 7 5 1 14 2 19 17 11 13 8 6 4 
student 130: 12 11 18 14 13 1 9 4 2 16 17 3 7 15 10 8 6 19 5 20 
student 131: 8 4 12 20 5 3 15 17 16 14 18 6 19 10 9 11 13 7 2 1 
student 132: 15 19 3 17 4 9 13 16 10 14 8 12 5 2 7 20 6 18 11 1 
student 133: 2 12 3 19 6 15 11 18 1 7 14 16 4 17 9 20 5 10 13 8 
student 134: 12 16 7 3 17 19 9 20 11 1 8 5 15 13 4 18 14 10 2 6 
student 135: 11 17 5 20 7 12 14 3 15 8 19 13 2 10 4 16 9 1 18 6 
student 136: 17 9 18 11 19 7 2 15 6 13 20 3 4 12 1 10 8 14 16 5 
student 137: 14 12 16 18 11 19 13 4 5 2 9 7 1 8 20 17 3 10 15 6 
student 138: 1 9 3 10 7 13 14 19 15 4 12 2 17 16 20 18 6 11 8 5 
student 139: 17 3 8 2 10 6 12 1 13 15 19 20 5 9 11 18 7 4 16 14 
student 140: 16 6 1 19 12 17 4 14 2 7 20 15 5 8 3 13 9 11 18 10 
student 141: 15 11 12 8 14 2 7 3 4 18 13 17 20 10 9 1 19 5 16 6 
student 142: 5 15 18 1 19 12 20 10 4 7 8 16 3 14 17 6 13 9 11 2 
student 143: 13 10 16 20 6 15 7 11 8 1 5 14 9 17 19 12 2 4 18 3 
student 144: 14 9 2 11 6 16 20 19 17 7 18 4 3 12 10 13 15 5 1 8 
student 145: 4 7 13 16 10 19 12 18 5 6 17 20 9 14 2 15 3 8 11 1 
student 146: 8 2 17 10 7 15 18 4 11 1 12 9 3 6 14 13 20 5 16 19 
student 147: 17 12 11 19 9 3 15 2 4 1 14 8 7 10 18 6 16 20 5 13 
student 148: 2 11 10 14 1 19 3 7 20 6 15 17 9 16 4 5 8 12 18 13 
student 149: 17 18 10 11 13 7 15 9 16 14 19 20 2 1 3 12 4 8 6 5 
student 150: 1 13 15 5 2 11 19 14 12 18 16 17 4 7 9 6 8 3 20 10 
student 151: 13 6 12 17 3 18 11 8 19 14 10 20 4 16 2 15 5 7 9 1 
student 152: 16 15 12 19 17 14 4 9 1 20 18 13 3 11 7 2 5 8 6 10 
student 153: 10 18 9 6 12 14 4 17 5 2 20 16 3 13 7 15 11 19 1 8 
student 154: 8 12 13 14 7 9 15 19 4 20 17 11 2 3 10 18 16 6 5 1 
student 155: 5 6 9 13 20 19 14 11 17 16 18 2 8 1 7 12 15 10 3 4 
student 156: 8 5 18 16 1 13 20 4 3 15 7 12 6 19 2 17 11 10 14 9 
student 157: 8 15 9 13 6 19 18 7 1 2 20 3 14 16 17 4 12 5 11 10 
student 158: 12 8 7 10 2 20 6 15 11 4 18 5 3 14 9 19 16 1 13 17 
student 159: 20 10 7 12 16 5 13 2 6 19 9 18 1 4 14 15 11 17 3 8 
student 160: 6 9 11 20 14 2 18 17 10 3 13 16 4 15 5 12 19 8 1 7 
student 161: 13 5 19 15 3 16 2 12 1 14 20 11 9 18 7 6 17 8 10 4 
student 162: 5 19 6 13 4 16 17 12 11 3 15 18 14 20 2 7 1 10 8 9 
student 163: 9 20 12 14 2 15 19 13 4 8 16 3 11 17 18 10 1 6 7 5 
student 164: 12 15 5 6 9 14 18 17 8 4 13 10 2 3 16 7 19 11 20 1 
student 165: 6 18 19 15 20 3 14 11 4 16 7 8 12 13 1 10 5 9 17 2 
student 166: 12 15 13 14 1 4 11 17 5 18 10 16 3 7 20 2 9 8 19 6 
student 167: 9 13 15 6 2 8 17 19 10 7 18 16 3 14 11 12 5 1 20 4 
student 168: 16 6 4 15 3 10 12 14 2 8 13 9 20 18 5 1 17 11 7 19 
student 169: 18 6 13 17 2 19 20 9 3 15 11 16 5 12 10 14 8 7 1 4 
student 170: 16 14 15 6 8 11 10 13 5 7 17 18 2 20 1 9 3 19 12 4 
student 171: 13 7 3 4 11 12 15 19 8 9 14 16 1 5 18 17 6 20 2 10 
student 172: 7 10 15 12 13 11 17 18 1 9 6 8 2 20 3 4 14 5 16 19 
student 173: 17 3 15 12 20 18 5 1 4 7 10 9 8 13 11 19 16 14 6 2 
student 174: 18 10 9 12 19 1 16 20 17 6 15 7 4 14 8 5 2 11 13 3 
student 175: 15 17 6 10 18 16 19 1 2 5 12 13 14 9 4 20 7 8 11 3 
student 176: 14 11 9 12 4 15 13 7 16 18 2 17 1 19 20 6 8 3 10 5 
student 177: 6 13 1 19 3 4 17 18 10 8 20 16 5 9 11 14 7 12 15 2 
student 178: 20 2 4 14 6 12 15 3 7 19 17 18 11 16 10 9 13 1 8 5 
student 179: 16 14 19 6 15 18 12 1 9 5 13 17 11 8 20 3 4 7 10 2 
student 180: 13 5 18 19 20 10 9 14 1 7 8 17 4 11 12 15 6 2 16 3 
student 181: 20 9 13 19 1 7 8 15 2 16 10 12 14 17 6 5 3 11 18 4 
student 182: 3 2 19 6 8 10 11 20 13 16 18 15 14 9 1 7 12 5 17 4 
student 183: 10 13 15 19 20 17 4 6 16 14 12 18 1 3 11 9 7 2 8 5 
student 184: 20 15 19 7 10 4 11 3 8 1 16 17 13 18 6 14 5 9 12 2 
student 185: 17 11 4 15 18 10 12 8 7 13 20 14 5 19 3 9 6 2 16 1 
student 186: 7 11 10 9 18 1 19 13 15 12 6 2 16 20 4 17 8 14 3 5 
student 187: 9 17 3 15 18 7 11 4 6 5 16 14 8 13 2 19 10 20 12 1 
student 188: 13 8 2 1 6 9 12 19 14 7 15 16 10 20 17 11 4 5 18 3 
student 189: 16 18 17 20 15 8 10 3 6 9 19 4 5 13 11 7 12 1 14 2 
student 190: 6 7 1 18 4 12 15 13 3 11 19 20 5 14 10 9 2 16 17 8 
student 191: 15 3 14 12 17 20 10 6 1 19 9 18 13 16 4 8 7 2 5 11 
student 192: 18 9 17 12 8 11 4 19 1 16 20 2 7 15 14 10 6 13 5 3 
student 193: 4 17 2 3 6 18 16 1 12 14 11 8 9 20 13 15 19 10 7 5 
student 194: 7 15 13 11 9 8 3 2 14 18 12 5 1 17 4 19 16 10 20 6 
student 195: 13 15 17 1 8 4 14 20 5 19 16 12 11 18 2 6 7 3 10 9 
student 196: 19 9 3 20 15 14 6 11 2 4 16 12 10 7 1 5 13 18 8 17 
student 197: 16 5 8 11 2 19 14 15 1 18 13 20 6 17 3 12 9 7 10 4 
student 198: 19 6 17 20 4 12 16 2 7 9 18 15 10 14 8 13 5 3 11 1 
student 199: 5 9 20 15 8 1 6 19 2 14 18 10 17 11 7 13 16 12 4 3 
student 200: 9 11 20 18 6 13 8 15 7 14 17 16 10 12 4 19 5 1 3 2 
student 201: 18 9 10 14 4 12 3 16 1 13 17 19 5 15 7 11 6 2 8 20 
student 202: 11 8 3 4 13 7 20 14 12 15 17 16 1 9 2 19 18 6 10 5 
student 203: 20 3 9 14 4 17 7 1 16 5 12 19 6 18 11 15 10 8 2 13 
student 204: 14 10 8 9 11 3 20 13 12 1 17 6 18 15 7 19 4 16 2 5 
student 205: 13 1 2 19 16 10 14 20 4 3 18 15 12 8 7 17 9 11 6 5 
student 206: 8 3 10 12 16 18 17 4 2 13 9 20 5 14 7 1 15 11 19 6 
student 207: 14 5 19 20 10 18 15 2 8 16 11 17 12 9 6 4 1 3 13 7 
student 208: 6 3 12 8 9 18 13 4 7 16 17 20 1 14 15 5 2 10 11 19 
student 209: 8 7 15 4 9 20 13 19 2 5 18 6 12 11 17 16 14 1 10 3 
student 210: 14 20 3 11 4 18 6 10 12 9 15 7 2 19 13 16 5 17 8 1 
student 211: 11 8 6 19 5 18 16 9 14 3 20 17 2 15 12 13 10 4 1 7 
student 212: 5 13 17 8 10 18 12 6 11 4 14 20 9 19 2 16 7 15 3 1 
student 213: 18 1 13 20 12 14 4 19 10 17 16 5 3 9 2 6 15 11 7 8 
student 214: 10 2 3 13 12 8 19 5 20 9 7 6 17 4 14 18 16 15 11 1 
student 215: 19 18 20 16 8 17 4 13 5 9 11 12 14 7 15 2 10 1 6 3 
student 216: 15 6 11 10 4 8 7 1 18 3 9 19 2 13 17 12 16 5 14 20 
student 217: 18 13 1 11 8 14 20 5 7 2 15 19 4 9 12 16 6 10 17 3 
student 218: 18 6 13 20 15 19 1 12 17 4 2 10 8 16 3 5 9 11 14 7 
student 219: 16 9 15 11 7 17 20 1 12 2 6 13 8 18 19 4 10 5 14 3 
student 220: 3 17 13 9 10 18 4 19 11 8 15 20 2 16 6 12 5 1 14 7 
student 221: 11 10 2 20 7 1 16 13 8 12 9 14 6 4 3 19 17 5 15 18 
student 222: 11 3 7 13 10 16 8 1 12 6 19 5 15 18 4 20 14 9 2 17 
student 223: 3 4 8 18 10 14 12 11 20 5 1 16 2 15 7 17 19 6 13 9 
student 224: 17 3 20 12 7 8 14 9 18 5 10 15 1 19 2 6 4 16 11 13 
student 225: 16 2 1 6 15 10 3 7 8 5 13 18 17 19 11 12 4 20 14 9 
student 226: 12 13 14 17 9 5 8 19 15 20 4 10 2 16 6 3 18 1 11 7 
student 227: 18 19 10 16 5 12 14 17 4 2 6 15 20 11 3 8 9 13 7 1 
student 228: 13 20 10 3 14 17 19 7 5 4 18 16 8 9 2 12 6 11 15 1 
student 229: 8 12 15 6 3 13 14 16 19 17 18 2 4 20 7 5 9 1 10 11 
student 230: 8 14 3 18 10 16 13 9 11 6 15 20 12 7 2 1 19 5 17 4 
student 231: 8 13 11 7 1 19 15 20 3 14 17 16 5 10 6 18 12 9 2 4 
student 232: 16 9 18 11 4 19 10 3 2 7 20 8 12 1 14 5 13 15 17 6 
student 233: 13 15 17 16 3 7 9 10 14 19 11 20 6 18 5 8 4 1 2 12 
student 234: 7 18 17 4 9 15 3 14 6 1 12 20 2 19 13 5 8 16 11 10 
student 235: 6 2 16 4 13 7 11 8 10 20 19 14 1 12 18 3 17 9 5 15 
student 236: 10 12 6 14 5 11 20 17 13 1 18 19 16 2 8 15 7 4 9 3 
student 237: 16 13 12 14 8 18 9 1 10 15 5 4 19 11 2 20 3 17 6 7 
student 238: 8 16 14 15 20 17 7 18 4 3 19 9 2 10 12 5 13 1 11 6 
student 239: 17 12 7 16 10 15 8 9 4 2 3 20 1 19 18 5 13 14 6 11 
student 240: 8 16 19 18 5 7 15 20 14 2 12 13 4 9 10 17 6 1 11 3 
student 241: 12 13 1 11 18 10 2 9 3 17 20 6 7 4 8 14 19 15 16 5 
student 242: 11 5 16 12 8 6 19 1 7 14 13 20 2 9 4 15 18 17 10 3 
student 243: 9 18 10 14 6 19 3 12 20 1 15 17 5 8 11 16 4 2 13 7 
student 244: 17 6 10 16 20 15 3 13 7 4 19 12 9 1 5 14 18 8 2 11 
student 245: 4 2 1 17 18 6 11 19 3 13 20 16 8 10 9 7 5 15 12 14 
student 246: 1 6 10 20 11 4 18 15 5 12 7 19 2 14 9 8 17 16 3 13 
student 247: 19 4 5 16 12 17 2 11 13 6 15 1 3 18 9 14 10 20 8 7 
student 248: 17 1 18 14 11 19 16 9 4 2 20 8 12 5 7 13 6 3 15 10 
student 249: 20 6 2 13 10 15 16 3 1 7 18 14 11 8 17 4 12 5 19 9 
student 250: 3 18 17 12 19 2 8 10 4 14 7 13 16 15 11 6 1 5 9 20 
student 251: 20 18 11 17 15 12 6 13 2 8 19 9 7 16 3 5 14 1 10 4 
student 252: 14 20 6 19 12 18 10 11 8 15 17 13 4 16 7 2 5 1 9 3 
student 253: 18 17 8 15 13 14 20 19 1 12 3 16 4 10 11 7 2 6 5 9 
student 254: 8 5 12 17 9 4 11 15 1 16 18 19 3 14 2 6 20 7 13 10 
student 255: 2 15 13 14 9 17 19 12 4 11 16 8 1 10 5 7 20 6 3 18 
student 256: 10 9 14 19 2 17 15 3 5 13 20 7 12 16 4 11 18 1 6 8 
student 257: 16 15 11 3 14 6 20 1 10 8 2 4 5 18 7 9 12 13 19 17 
student 258: 18 14 13 16 8 4 10 20 2 17 15 7 12 19 5 1 6 11 9 3 
student 259: 14 7 12 20 16 15 18 11 1 3 13 17 6 9 4 5 8 2 10 19 
student 260: 18 16 12 4 9 15 20 10 8 14 5 19 1 17 11 6 13 3 7 2 
student 261: 16 11 14 4 8 17 10 20 13 5 9 19 2 15 3 6 12 1 18 7 
student 262: 12 11 8 18 17 10 3 1 7 4 19 6 9 16 14 20 15 2 5 13 
student 263: 4 13 15 16 11 14 5 17 12 9 3 19 1 7 2 6 8 20 10 18 
student 264: 3 2 11 19 14 13 1 4 7 15 17 16 6 8 20 5 12 18 10 9 
student 265: 18 6 4 7 3 15 12 19 16 10 17 14 11 5 13 20 9 1 8 2 
student 266: 8 4 14 12 19 2 5 6 7 10 16 13 15 20 1 9 17 18 11 3 
student 267: 13 12 20 17 7 11 14 5 2 8 18 16 15 4 10 1 3 6 9 19 
student 268: 4 11 17 19 14 20 12 3 16 15 7 18 8 9 10 2 5 1 13 6 
student 269: 9 20 14 19 4 2 16 8 12 1 18 13 11 10 7 15 6 5 17 3 
student 270: 1 19 4 18 5 2 3 13 6 7 15 16 10 11 12 9 14 20 17 8 
student 271: 12 20 13 17 14 16 7 3 10 5 18 2 19 4 8 6 9 1 11 15 
student 272: 20 13 18 1 11 19 14 12 2 17 7 9 5 10 6 16 15 4 8 3 
student 273: 20 9 18 10 11 5 13 7 4 2 16 19 1 6 8 15 14 17 3 12 
student 274: 12 1 3 18 7 15 13 9 20 5 8 14 19 16 17 4 2 11 6 10 
student 275: 18 17 2 9 12 4 7 8 13 16 15 20 3 19 10 5 1 11 14 6 
student 276: 6 12 3 7 14 5 13 1 9 18 15 17 16 19 10 4 2 20 11 8 
student 277: 5 20 6 17 8 14 4 13 18 1 16 11 15 10 19 9 2 3 12 7 
student 278: 7 3 13 20 6 19 14 12 16 8 4 17 9 15 5 10 11 1 18 2 
student 279: 13 14 18 16 20 2 5 3 4 17 19 15 7 10 6 8 1 12 11 9 
student 280: 9 11 3 14 17 16 12 15 6 1 20 19 2 7 5 10 18 8 13 4 
student 281: 5 13 9 17 2 20 11 14 7 6 12 19 1 8 3 16 15 18 10 4 
student 282: 19 5 15 2 3 20 14 8 6 17 16 13 4 10 11 7 12 18 1 9 
student 283: 1 18 15 17 2 20 10 9 8 14 13 12 3 7 11 16 19 5 6 4 
student 284: 12 18 11 15 20 7 8 16 17 2 14 9 1 6 4 10 3 13 5 19 
student 285: 8 11 18 13 9 14 12 1 2 4 10 19 6 5 7 16 15 17 20 3 
student 286: 12 1 7 20 19 5 13 6 2 14 11 16 18 15 3 10 17 8 9 4 
student 287: 12 1 18 20 17 7 19 11 5 3 15 8 4 9 6 16 14 2 10 13 
student 288: 8 14 15 17 10 18 13 7 11 3 9 20 16 4 12 1 6 19 5 2 
student 289: 19 1 7 17 12 6 5 13 4 9 14 2 8 16 15 10 3 11 20 18 
student 290: 9 2 14 19 4 7 13 12 6 11 20 3 5 15 1 16 10 17 18 8 
student 291: 13 6 8 15 7 10 2 11 14 5 12 16 20 17 3 9 19 1 18 4 
student 292: 17 7 6 16 15 4 2 5 12 9 20 14 10 1 19 18 3 13 11 8 
student 293: 20 15 8 6 12 3 10 18 9 14 1 17 2 16 5 19 7 11 13 4 
student 294: 4 2 6 14 15 8 9 18 19 16 20 13 11 17 1 12 10 3 7 5 
student 295: 11 14 12 18 4 19 16 17 2 20 3 13 7 8 15 9 6 5 1 10 
student 296: 9 14 12 15 18 11 13 20 16 19 17 10 7 1 5 6 3 8 4 2 
student 297: 20 7 13 16 12 14 11 18 15 1 17 19 4 8 6 5 10 2 9 3 
student 298: 11 9 1 17 14 19 13 6 3 8 15 16 5 12 20 18 10 7 4 2 
student 299: 12 14 20 19 5 18 8 4 1 15 13 10 6 9 16 3 11 7 17 2 
student 300: 9 11 7 8 13 16 5 3 17 1 18 19 4 15 12 6 10 20 14 2 
student 301: 18 12 5 13 14 20 16 2 3 10 7 4 15 17 9 19 1 6 11 8 
student 302: 18 12 10 14 16 2 20 17 3 7 19 13 9 15 1 8 11 5 6 4 
student 303: 2 14 15 1 10 18 20 16 9 12 11 19 7 6 3 17 13 8 4 5 
student 304: 15 14 10 9 4 11 20 18 2 8 13 6 16 19 5 17 7 1 12 3 
student 305: 5 15 14 8 3 20 6 19 4 1 18 13 12 9 16 17 11 10 2 7 
student 306: 20 12 13 5 10 19 14 9 4 8 7 6 18 16 3 11 15 17 2 1 
student 307: 19 13 17 18 14 10 9 16 15 8 20 11 7 6 3 12 2 5 4 1 
student 308: 20 14 16 7 15 17 8 10 5 9 3 19 11 12 4 18 13 1 6 2 
student 309: 20 3 13 16 8 12 17 10 7 5 4 19 9 15 6 11 2 14 18 1 
student 310: 5 8 7 20 12 16 15 4 1 14 13 18 9 2 19 17 11 3 10 6 
student 311: 20 13 18 4 11 15 6 8 2 5 16 19 17 12 10 3 1 9 14 7 
student 312: 1 2 18 11 12 7 19 17 4 14 10 8 9 15 16 5 13 3 20 6 
student 313: 18 5 6 12 14 19 9 1 2 3 17 20 16 13 10 15 4 7 11 8 
student 314: 13 5 12 3 18 17 11 19 4 8 14 10 15 7 20 9 16 6 2 1 
student 315: 12 11 17 13 1 5 20 8 2 4 18 19 6 16 7 15 10 3 14 9 
student 316: 20 15 6 12 18 3 19 9 8 5 14 16 11 10 4 2 13 1 7 17 
student 317: 18 12 14 20 10 11 13 4 9 8 3 19 1 17 16 7 15 2 5 6 
student 318: 17 8 10 15 12 9 14 13 7 19 11 16 3 1 5 4 2 20 6 18 
student 319: 10 14 20 19 2 17 13 15 6 16 18 5 1 3 4 8 12 7 9 11 
student 320: 2 7 14 20 4 5 15 11 10 12 17 6 16 13 8 19 3 9 1 18 
student 321: 12 11 16 19 3 7 5 17 18 8 20 13 4 10 14 1 9 2 6 15 
student 322: 3 2 16 14 4 15 20 17 5 13 12 11 6 18 7 8 19 10 9 1 
student 323: 15 3 7 16 6 12 18 19 14 5 17 4 9 13 11 20 8 10 1 2 
student 324: 3 13 4 19 17 16 9 15 2 14 18 20 12 11 10 5 7 8 6 1 
student 325: 1 19 11 9 14 8 16 5 6 10 12 18 13 20 17 15 4 2 7 3 
student 326: 14 4 18 20 2 9 15 12 16 1 13 19 3 17 5 8 11 10 7 6 
student 327: 7 4 16 19 13 5 3 17 11 1 12 9 10 20 2 18 14 15 8 6 
student 328: 4 19 15 12 5 11 16 18 6 10 20 14 9 8 17 13 2 3 1 7 
student 329: 6 2 10 1 18 14 8 19 7 4 16 12 13 17 9 11 15 3 20 5 
student 330: 14 9 20 6 15 12 17 3 10 1 13 18 5 16 11 19 2 4 8 7 
student 331: 9 1 12 8 7 16 4 20 6 13 18 11 15 14 19 5 3 2 10 17 
student 332: 15 11 5 1 14 9 19 18 3 6 20 17 12 7 2 8 4 16 10 13 
student 333: 14 5 20 17 15 7 11 16 12 13 19 18 3 6 4 10 1 2 8 9 
student 334: 6 2 12 14 7 11 13 20 9 1 5 19 4 16 18 15 17 8 10 3 
student 335: 13 7 8 19 3 18 20 11 10 6 14 2 1 12 17 9 4 15 5 16 
student 336: 5 19 8 17 18 15 11 10 2 7 12 16 13 20 1 9 3 6 14 4 
student 337: 11 10 13 20 16 4 5 18 3 6 1 15 7 12 19 17 8 9 2 14 
student 338: 13 16 18 14 20 2 15 1 3 6 5 7 8 19 11 4 12 10 17 9 
student 339: 13 3 4 8 16 18 19 1 6 2 5 15 12 20 10 17 7 11 14 9 
student 340: 10 8 11 14 4 15 12 7 5 17 19 20 9 13 1 6 18 3 16 2 
student 341: 15 4 5 18 11 20 13 9 12 6 14 17 2 19 16 7 8 10 3 1 
student 342: 7 15 3 1 13 17 18 9 4 20 19 6 14 8 11 16 12 5 10 2 
student 343: 12 16 7 13 15 14 6 18 8 3 20 17 10 2 19 9 11 5 4 1 
student 344: 13 9 15 6 8 16 2 19 4 11 5 7 18 17 10 3 14 12 1 20 
student 345: 10 8 13 11 17 16 18 15 7 5 14 20 3 19 6 12 4 1 9 2 
student 346: 6 19 15 3 14 7 16 20 4 17 5 13 11 8 9 10 18 1 2 12 
student 347: 5 16 6 18 10 15 1 19 11 2 17 14 12 13 4 20 3 9 7 8 
student 348: 16 11 15 3 1 8 19 5 12 4 20 6 10 17 14 18 13 9 7 2 
student 349: 17 16 9 6 19 12 14 18 5 8 7 10 2 13 11 3 15 4 20 1 
student 350: 11 12 7 19 14 16 15 1 9 2 4 13 10 8 17 20 3 5 6 18 
student 351: 13 3 19 18 14 12 7 10 20 9 11 16 1 15 6 5 17 8 4 2 
student 352: 18 11 9 20 15 14 4 13 2 3 16 12 6 19 5 8 1 10 17 7 
student 353: 11 16 1 19 20 3 13 14 5 15 8 18 7 9 6 10 4 2 17 12 
student 354: 6 15 11 18 9 4 17 7 1 19 16 12 2 13 14 10 3 5 8 20 
student 355: 3 10 11 14 18 7 17 19 6 5 8 15 4 13 9 12 20 2 16 1 
student 356: 15 3 9 20 4 16 11 5 8 14 17 1 18 10 7 6 12 13 19 2 
student 357: 20 1 15 13 7 14 11 10 19 17 9 16 5 12 18 2 8 4 6 3 
student 358: 14 17 6 18 15 1 7 3 11 19 13 20 4 8 12 16 10 2 5 9 
student 359: 5 3 10 11 8 16 14 13 9 17 20 18 6 12 2 4 19 1 15 7 
student 360: 6 20 15 12 2 17 4 13 1 10 9 11 5 19 3 18 8 16 7 14 
student 361: 16 13 6 11 8 19 2 20 3 7 9 12 18 10 17 15 5 14 1 4 
student 362: 19 8 12 20 13 18 5 3 6 4 16 7 17 11 14 2 15 10 9 1 
student 363: 1 4 2 15 10 6 8 20 18 9 14 12 16 13 11 17 5 7 19 3 
student 364: 16 15 10 18 6 3 2 11 14 12 17 7 5 13 8 20 4 9 1 19 
student 365: 10 4 17 20 3 7 1 15 8 16 11 13 5 19 18 12 9 14 6 2 
student 366: 19 4 11 17 9 14 20 7 6 18 13 15 2 8 16 5 12 3 10 1 
student 367: 6 8 4 7 5 12 1 19 3 10 20 17 11 14 13 15 18 9 16 2 
student 368: 2 10 20 16 19 7 9 6 14 1 12 13 8 17 11 18 3 4 15 5 
student 369: 10 2 12 19 14 13 9 15 5 6 16 1 3 7 11 18 4 17 20 8 
student 370: 5 3 13 18 12 4 10 7 16 14 17 8 2 11 9 15 1 20 19 6 
student 371: 8 18 17 14 4 1 5 10 6 2 19 11 20 16 9 15 13 7 12 3 
student 372: 11 16 3 19 5 8 12 10 20 4 9 1 6 15 17 13 14 18 7 2 
student 373: 16 18 7 3 6 15 19 14 12 1 17 11 20 9 5 4 13 8 10 2 
student 374: 18 2 10 20 4 7 12 17 1 11 9 8 5 19 14 13 6 16 3 15 
student 375: 17 7 10 18 4 9 8 19 3 13 15 12 1 14 6 11 5 2 16 20 
student 376: 10 7 12 20 17 3 19 15 16 4 6 14 11 13 8 18 5 2 9 1 
student 377: 3 14 15 16 7 9 5 17 12 19 10 20 13 8 11 18 2 6 1 4 
student 378: 11 20 18 16 8 13 7 15 1 2 19 17 4 9 6 12 5 10 14 3 
student 379: 2 15 20 17 4 1 13 10 12 6 19 18 7 8 11 3 9 14 16 5 
student 380: 12 17 15 8 1 2 14 18 20 3 16 9 5 10 4 11 13 6 19 7 
student 381: 1 15 11 13 2 19 16 12 3 7 17 10 14 18 6 9 8 4 20 5 
student 382: 2 8 11 18 6 17 13 10 1 5 15 14 4 19 12 16 7 20 9 3 
student 383: 2 12 14 13 7 20 19 11 15 18 4 16 17 10 1 6 5 9 3 8 
student 384: 2 20 17 13 1 4 15 11 8 7 18 14 16 12 9 10 3 6 19 5 
student 385: 5 17 14 19 6 2 15 20 16 4 8 18 1 13 12 11 10 3 9 7 
student 386: 19 16 9 20 4 5 14 18 8 11 7 15 6 12 17 3 1 2 13 10 
student 387: 13 12 11 3 9 2 14 10 16 7 1 20 4 15 8 19 5 6 17 18 
student 388: 10 9 13 14 4 20 15 8 2 7 19 17 12 18 3 16 11 1 6 5 
student 389: 16 17 18 7 14 15 13 9 4 1 12 19 8 20 10 6 2 3 11 5 
student 390: 14 9 11 12 13 19 20 10 6 3 2 18 4 16 8 5 7 17 15 1 
student 391: 3 19 13 11 18 8 4 16 20 9 17 14 5 10 2 1 15 12 7 6 
student 392: 18 6 12 19 15 16 14 3 10 13 7 4 2 17 11 9 20 5 1 8 
student 393: 19 4 14 12 16 13 6 18 7 11 10 5 20 1 15 3 9 8 17 2 
student 394: 14 16 8 12 4 17 11 1 10 2 15 18 13 19 5 6 20 3 9 7 
student 395: 12 6 14 15 11 2 9 4 10 18 20 17 13 19 8 16 7 5 1 3 
student 396: 16 17 15 3 5 2 9 10 4 19 14 6 7 18 20 8 13 12 11 1 
student 397: 15 19 10 18 14 17 16 3 9 6 20 8 1 4 13 12 5 2 11 7 
student 398: 5 10 16 8 1 12 19 15 9 18 14 20 6 11 3 2 17 13 7 4 
student 399: 19 18 2 13 16 12 20 7 4 11 6 14 10 15 8 5 1 3 9 17 
student 400: 15 9 12 18 20 5 14 19 16 1 11 3 17 7 10 13 4 6 8 2 
student 401: 20 8 16 17 3 18 12 14 9 1 15 6 19 2 5 10 4 7 11 13 
student 402: 9 6 5 3 13 12 15 14 4 10 19 18 8 7 20 2 1 16 17 11 
student 403: 5 3 6 17 11 4 10 20 15 1 8 19 12 2 14 13 9 7 16 18 
student 404: 11 3 20 13 2 10 5 15 9 6 18 8 7 1 16 19 12 17 4 14 
student 405: 11 17 20 5 15 16 14 13 18 6 19 12 10 8 3 9 4 2 7 1 
student 406: 16 11 5 7 14 9 20 19 4 1 10 15 6 12 13 18 17 3 2 8 
student 407: 7 10 9 11 6 3 19 20 16 17 4 13 2 14 8 1 15 5 18 12 
student 408: 17 2 1 19 12 20 6 9 15 11 18 10 8 13 5 16 7 4 14 3 
student 409: 8 15 7 17 14 19 4 16 1 13 11 10 3 20 18 12 6 5 9 2 
student 410: 2 5 8 16 1 4 20 17 10 11 19 15 6 14 18 9 12 13 7 3 
student 411: 8 6 7 10 9 19 11 2 3 12 18 20 13 15 4 16 5 17 14 1 
student 412: 17 4 9 15 12 16 20 1 5 8 18 19 6 11 3 14 13 2 10 7 
student 413: 19 2 13 12 3 7 18 5 8 11 20 14 17 6 16 15 1 4 10 9 
student 414: 14 17 10 16 5 19 20 3 6 1 9 18 2 11 7 8 4 12 13 15 
student 415: 15 17 19 8 6 13 5 3 14 7 11 9 4 16 12 20 10 2 18 1 
student 416: 16 8 9 1 2 6 13 17 7 4 18 19 12 5 15 10 20 14 11 3 
student 417: 7 20 12 14 17 16 13 8 5 10 15 18 11 19 9 1 2 4 3 6 
student 418: 18 10 6 3 15 19 11 9 4 5 16 8 20 17 7 12 13 2 14 1 
student 419: 14 19 13 17 4 11 15 12 6 9 16 3 2 8 1 20 5 10 18 7 
student 420: 10 11 17 7 15 1 20 19 2 18 8 14 4 12 5 16 3 13 6 9 
student 421: 18 12 5 17 9 19 4 15 14 11 8 16 10 3 6 20 1 2 13 7 
student 422: 15 11 12 6 2 18 19 13 14 9 8 17 3 1 4 7 5 16 20 10 
student 423: 12 9 15 5 17 7 16 10 8 13 18 11 1 20 2 6 4 3 14 19 
student 424: 15 2 5 19 3 13 1 20 14 18 16 11 7 8 9 12 4 6 17 10 
student 425: 9 3 7 18 2 13 14 1 17 5 15 19 6 8 20 16 4 12 10 11 
student 426: 9 19 18 17 5 3 10 14 16 13 11 20 12 8 1 15 7 2 6 4 
student 427: 9 15 4 17 1 6 12 13 5 10 20 14 2 3 7 16 19 18 8 11 
student 428: 13 2 12 4 11 20 18 14 7 17 15 19 5 9 10 6 8 16 3 1 
student 429: 6 17 2 1 10 14 16 13 5 18 19 9 8 15 3 12 4 20 11 7 
student 430: 13 15 9 16 12 18 19 14 11 6 4 1 20 17 3 10 5 2 7 8 
student 431: 10 17 20 1 3 19 18 7 9 2 12 4 5 16 15 11 13 14 8 6 
student 432: 1 2 16 14 7 17 18 3 11 13 12 10 4 15 5 20 9 19 6 8 
student 433: 3 16 1 11 13 20 5 18 2 9 12 17 4 15 10 7 6 14 19 8 
student 434: 18 5 15 13 11 4 16 8 14 6 20 12 7 19 2 17 3 10 1 9 
student 435: 13 10 2 17 15 4 8 5 7 14 16 19 18 11 20 12 3 9 6 1 
student 436: 10 6 15 18 1 19 3 14 4 7 5 11 9 12 8 17 20 16 13 2 
student 437: 15 11 17 14 12 20 9 4 6 5 16 19 18 13 1 7 2 10 8 3 
student 438: 20 8 17 14 3 16 12 13 10 4 11 6 19 15 9 18 7 5 1 2 
student 439: 20 8 6 15 13 16 3 19 4 12 18 17 2 14 5 10 1 9 11 7 
student 440: 10 2 12 13 3 15 16 14 7 9 17 6 4 18 5 20 8 19 11 1 
student 441: 17 4 1 5 3 14 13 15 20 7 18 2 8 19 9 10 16 11 12 6 
student 442: 14 20 15 10 5 4 8 19 9 13 17 18 6 2 1 7 16 12 3 11 
student 443: 15 11 20 10 2 12 16 4 17 8 7 18 3 13 9 5 14 1 19 6 
student 444: 9 1 6 10 8 18 14 12 13 15 5 17 3 20 19 16 2 11 7 4 
student 445: 16 10 19 13 3 8 12 2 5 7 20 15 4 17 1 18 14 6 11 9 
student 446: 11 4 3 15 19 18 12 5 14 7 8 16 10 6 20 17 9 13 2 1 
student 447: 10 20 12 14 4 8 7 16 18 6 1 13 17 3 5 15 19 2 11 9 
student 448: 15 6 13 12 7 16 10 9 11 5 20 18 1 19 8 2 4 3 14 17 
student 449: 15 13 5 20 12 9 3 19 2 4 18 14 17 6 7 10 11 16 1 8 
student 450: 13 18 1 9 5 17 6 15 10 12 4 19 8 14 7 20 3 2 11 16 
student 451: 7 8 15 14 9 12 16 2 13 5 19 20 11 1 6 17 4 18 10 3 
student 452: 16 8 10 11 12 13 9 19 1 2 20 17 18 15 14 7 6 3 5 4 
student 453: 15 19 4 20 17 7 2 14 5 9 13 16 10 12 6 8 1 11 18 3 
student 454: 3 17 13 15 6 2 14 5 10 9 19 7 16 8 11 20 1 12 18 4 
student 455: 8 14 12 15 3 13 20 18 7 5 16 10 4 19 2 11 6 17 9 1 
student 456: 19 8 7 4 1 6 17 11 2 10 14 12 5 13 3 18 9 16 20 15 
student 457: 16 2 1 17 20 7 15 11 13 9 5 18 14 3 10 19 8 6 12 4 
student 458: 18 6 17 8 15 9 19 13 20 7 14 16 5 2 10 1 4 11 12 3 
student 459: 5 10 8 17 18 2 13 20 6 7 19 14 9 16 3 15 1 4 12 11 
student 460: 11 10 5 18 20 8 17 16 13 4 15 6 3 19 1 14 9 2 7 12 
student 461: 14 6 11 17 4 19 12 18 8 2 5 20 7 15 1 9 13 10 16 3 
student 462: 15 18 7 12 9 19 16 3 1 5 8 17 10 14 11 6 13 4 20 2 
student 463: 10 17 2 4 8 5 9 19 7 20 12 14 15 13 1 16 3 6 18 11 
student 464: 1 10 11 9 2 4 14 19 3 16 13 17 15 5 20 12 18 7 6 8 
student 465: 19 20 10 11 5 16 18 2 15 3 17 12 6 13 7 8 9 1 14 4 
student 466: 11 10 17 13 9 20 16 18 4 8 15 19 12 6 5 7 2 1 14 3 
student 467: 19 15 9 2 10 7 8 14 12 13 4 17 6 18 1 3 16 5 20 11 
student 468: 18 6 10 19 13 9 20 14 11 16 1 17 4 12 15 3 5 7 8 2 
student 469: 4 10 12 15 6 20 19 13 8 5 7 11 14 18 9 17 3 16 2 1 
student 470: 2 13 20 14 8 17 5 6 12 3 11 18 7 19 4 10 15 16 9 1 
student 471: 8 11 9 12 18 13 4 5 10 15 6 19 2 14 16 1 7 3 17 20 
student 472: 2 12 1 13 9 8 15 18 19 4 6 7 17 16 14 20 11 5 10 3 
student 473: 2 1 19 8 15 3 12 11 7 9 18 17 6 16 20 13 5 4 14 10 
student 474: 14 10 8 16 12 17 13 3 19 2 20 4 11 18 9 15 5 1 7 6 
student 475: 20 12 6 11 5 13 1 17 7 4 8 19 9 18 2 16 10 15 3 14 
student 476: 19 4 7 6 11 18 20 5 8 10 16 15 13 17 14 12 9 2 3 1 
student 477: 12 18 19 20 1 3 14 15 10 11 9 17 13 5 2 7 6 4 16 8 
student 478: 16 5 15 19 18 11 13 12 2 20 8 17 7 14 3 4 10 6 9 1 
student 479: 19 6 14 10 15 18 17 12 20 1 8 16 7 4 2 9 13 11 3 5 
student 480: 19 6 3 1 12 10 18 9 8 2 20 17 4 13 16 14 15 7 5 11 
student 481: 10 4 16 15 7 19 8 20 1 17 12 13 18 14 5 6 2 3 9 11 
student 482: 16 13 7 20 14 8 15 9 5 1 17 6 4 19 11 10 3 18 12 2 
student 483: 19 18 17 2 13 10 20 14 4 12 8 16 5 6 3 11 7 15 9 1 
student 484: 10 4 11 19 13 14 18 8 3 16 20 17 9 1 5 15 7 2 12 6 
student 485: 10 20 1 15 9 16 3 14 2 4 17 18 13 6 8 5 7 12 11 19 
student 486: 18 10 20 5 13 6 11 7 8 15 9 19 3 4 16 2 17 1 12 14 
student 487: 20 3 9 6 4 14 16 19 18 8 15 11 1 17 13 5 7 2 12 10 
student 488: 6 1 18 15 10 11 17 2 16 5 19 20 7 13 3 8 14 12 4 9 
student 489: 15 12 16 20 7 1 19 10 14 2 6 11 17 18 13 5 3 8 9 4 
student 490: 2 3 4 14 10 15 9 16 13 7 19 20 12 1 5 17 8 6 18 11 
student 491: 17 10 7 18 16 20 2 15 8 4 12 6 11 19 1 9 5 14 13 3 
student 492: 9 19 4 20 13 18 15 17 1 12 8 2 16 14 11 3 10 6 5 7 
student 493: 16 1 13 12 6 20 18 5 14 19 8 7 2 11 4 15 17 9 10 3 
student 494: 8 3 20 12 13 16 11 1 2 14 19 17 18 4 6 7 9 10 15 5 
student 495: 9 12 15 17 19 20 8 1 7 18 3 13 14 16 5 2 10 4 6 11 
student 496: 1 3 11 4 10 13 17 9 6 5 14 19 18 15 12 20 7 16 8 2 
student 497: 11 7 10 1 14 17 13 2 20 18 9 16 15 12 6 4 3 8 19 5 
student 498: 8 2 7 16 18 17 12 19 5 11 20 10 4 6 13 15 1 9 14 3 
student 499: 12 5 2 20 8 19 9 18 4 13 15 16 6 11 17 10 1 3 7 14 
student 500: 7 11 17 14 16 18 12 13 4 9 20 19 1 5 8 3 15 2 6 10 
student 501: 7 4 12 18 20 19 8 14 2 13 5 17 11 10 16 15 3 6 9 1 
student 502: 19 12 14 9 15 10 17 11 13 8 20 6 3 4 18 16 5 2 7 1 
student 503: 15 14 7 17 8 19 11 10 4 9 18 20 13 12 3 16 5 2 6 1 
student 504: 2 12 5 17 19 13 18 6 15 7 4 14 20 10 11 9 1 8 16 3 
student 505: 11 8 13 6 3 2 16 7 10 1 18 20 4 14 12 15 5 19 9 17 
student 506: 20 1 12 10 18 5 2 17 19 9 8 16 15 3 13 4 7 11 6 14 
student 507: 12 6 9 17 4 11 7 15 19 8 3 13 10 18 20 5 14 1 2 16 
student 508: 5 3 19 12 9 18 20 16 2 7 17 13 14 8 1 6 10 11 15 4 
student 509: 8 5 16 20 19 1 10 14 6 3 11 12 2 18 4 17 15 7 13 9 
student 510: 15 20 2 19 7 17 12 5 6 14 16 18 1 9 10 3 4 11 13 8 
student 511: 19 9 4 10 12 7 5 16 18 3 8 14 2 13 15 20 17 6 11 1 
student 512: 20 5 14 7 15 16 4 9 10 1 19 11 3 18 2 13 6 12 17 8 
student 513: 10 15 11 13 7 17 16 8 14 1 4 19 3 2 6 18 20 12 9 5 
student 514: 8 1 11 15 7 20 6 3 12 16 17 19 14 5 18 10 9 4 13 2 
student 515: 5 19 6 1 18 20 7 17 11 3 15 10 8 13 9 12 4 16 14 2 
student 516: 5 14 16 7 9 10 4 6 11 3 19 17 13 15 1 18 8 12 20 2 
student 517: 9 13 14 20 10 12 3 2 5 7 19 17 18 16 6 1 15 4 11 8 
student 518: 9 20 18 19 13 17 14 12 7 15 11 8 2 16 6 4 1 3 5 10 
student 519: 15 11 4 13 9 17 10 7 12 2 18 16 1 5 19 20 8 14 3 6 
student 520: 4 12 17 9 5 14 16 3 2 1 15 20 10 18 13 11 7 6 8 19 
student 521: 12 1 18 20 16 10 13 14 11 3 7 6 8 17 19 4 9 2 15 5 
student 522: 8 4 14 16 7 6 17 13 18 12 19 15 10 20 5 11 2 3 9 1 
student 523: 12 17 8 13 11 18 14 1 20 7 19 6 5 10 4 16 9 2 15 3 
student 524: 12 10 6 14 3 17 15 13 1 8 19 20 7 5 18 11 4 16 2 9 
student 525: 3 7 4 17 5 9 19 16 6 18 8 14 2 10 11 12 1 13 15 20 
student 526: 15 8 11 7 10 3 6 12 1 14 16 18 9 17 13 20 5 4 19 2 
student 527: 12 3 18 8 4 13 19 16 10 7 15 9 6 20 11 14 2 5 17 1 
student 528: 9 14 12 16 5 17 7 19 18 1 15 4 2 13 6 10 11 3 20 8 
student 529: 17 19 14 11 16 18 20 6 10 15 7 2 9 4 1 12 13 3 5 8 
student 530: 3 15 1 16 5 17 9 10 11 6 20 13 8 18 14 12 2 19 7 4 
student 531: 15 1 2 19 6 8 10 11 4 7 20 13 5 12 16 18 3 17 9 14 
student 532: 11 15 7 18 13 5 16 10 3 8 12 4 6 14 9 20 17 19 1 2 
student 533: 9 4 5 17 2 8 13 12 11 15 20 14 16 19 1 10 7 18 3 6 
student 534: 14 13 4 20 3 1 15 5 12 6 19 11 8 16 18 17 2 7 9 10 
student 535: 14 7 19 18 13 20 4 10 6 16 15 17 1 8 12 11 3 2 9 5 
student 536: 18 7 16 8 17 13 5 19 4 12 3 14 10 20 6 15 11 2 9 1 
student 537: 11 20 8 13 19 18 14 5 9 4 1 2 15 17 7 3 10 12 16 6 
student 538: 12 10 17 11 9 14 20 4 15 16 3 18 8 19 7 13 6 1 2 5 
student 539: 18 8 12 16 2 19 7 15 3 6 17 11 5 13 20 1 10 9 14 4 
student 540: 17 13 4 14 6 10 9 16 8 1 12 15 3 2 19 20 11 5 18 7 
student 541: 5 10 4 17 19 13 16 11 20 12 15 6 1 18 8 14 9 2 7 3 
student 542: 3 14 4 19 17 10 15 18 6 7 20 9 1 8 5 12 16 2 13 11 
student 543: 1 2 13 7 16 20 15 19 5 4 6 9 3 14 11 10 17 12 18 8 
student 544: 20 11 12 9 5 2 8 13 15 7 18 14 1 17 16 4 19 3 10 6 
student 545: 13 3 19 18 2 15 1 14 11 9 20 5 17 12 6 8 10 7 16 4 
student 546: 18 7 20 6 1 9 11 19 12 2 13 15 4 17 8 10 14 16 5 3 
student 547: 17 19 5 4 15 18 2 12 6 11 14 10 3 13 16 20 9 1 8 7 
student 548: 5 3 7 17 2 15 4 16 18 1 11 10 6 19 13 8 12 14 20 9 
student 549: 14 11 18 12 3 13 1 17 20 9 16 19 6 10 15 4 7 5 8 2 
student 550: 1 14 16 9 17 12 7 8 2 18 6 20 13 19 10 4 5 3 11 15 
student 551: 20 4 19 16 10 1 7 18 14 11 13 5 3 17 6 9 2 12 15 8 
student 552: 14 3 17 19 1 13 20 2 7 18 6 4 12 15 16 8 10 5 11 9 
student 553: 15 4 7 18 6 11 8 17 3 1 5 20 14 19 9 10 13 16 12 2 
student 554: 17 3 9 7 16 11 14 18 6 5 10 19 2 20 8 13 15 4 12 1 
student 555: 15 18 6 16 17 3 11 10 14 7 8 20 1 2 13 5 9 4 19 12 
student 556: 10 5 12 14 2 7 15 8 4 1 18 16 9 20 13 11 17 19 6 3 
student 557: 16 15 17 13 18 20 4 6 9 10 3 5 7 11 1 14 12 8 19 2 
student 558: 4 17 9 18 19 2 11 20 8 7 14 12 3 5 10 13 16 15 6 1 
student 559: 12 11 19 10 1 14 4 20 3 18 6 2 8 13 15 16 7 17 9 5 
student 560: 13 8 7 18 20 1 6 9 17 10 2 19 3 14 11 16 12 5 15 4 
student 561: 10 7 15 8 11 14 16 9 6 3 12 19 13 18 17 4 5 1 20 2 
student 562: 18 14 3 15 11 19 9 10 7 17 20 16 4 12 6 13 8 2 5 1 
student 563: 17 6 3 15 1 12 11 2 5 16 19 20 18 8 4 7 10 14 13 9 
student 564: 13 6 10 15 2 20 18 19 5 14 11 7 3 16 9 12 4 8 17 1 
student 565: 9 16 19 8 6 13 15 11 2 18 14 20 7 17 3 5 12 1 4 10 
student 566: 8 20 18 19 5 1 16 12 9 3 2 13 7 17 14 10 6 4 15 11 
student 567: 7 13 9 10 16 11 12 4 8 3 5 18 2 15 20 6 1 19 17 14 
student 568: 19 3 11 8 1 20 16 6 13 5 9 4 14 18 7 17 12 2 10 15 
student 569: 16 13 3 14 7 8 17 2 4 11 15 20 5 12 18 19 6 1 9 10 
student 570: 2 6 3 12 5 1 14 8 17 9 10 19 16 11 20 15 18 4 13 7 
student 571: 13 16 3 19 18 15 2 14 6 11 20 10 8 9 4 17 5 7 12 1 
student 572: 5 12 19 6 17 18 9 20 4 14 16 10 3 11 7 1 8 15 13 2 
student 573: 10 14 6 3 7 9 20 8 13 5 1 19 4 16 12 11 17 2 15 18 
student 574: 11 9 16 19 7 14 12 10 1 20 4 13 2 15 6 3 8 17 5 18 
student 575: 4 7 1 3 10 12 13 15 18 19 16 14 2 11 17 8 20 5 9 6 
student 576: 17 7 9 8 2 5 16 15 14 12 6 19 18 4 3 11 13 10 20 1 
student 577: 10 20 15 17 4 8 9 5 2 7 19 18 6 13 14 11 12 1 16 3 
student 578: 9 12 11 20 10 18 2 17 3 1 8 16 4 5 7 15 13 14 19 6 
student 579: 6 4 10 20 19 18 11 14 15 7 9 5 1 2 17 8 3 12 13 16 
student 580: 8 13 5 7 16 1 2 3 19 10 17 14 9 12 6 15 18 4 20 11 
student 581: 18 2 13 11 1 20 9 6 8 14 19 17 5 7 10 15 4 3 12 16 
student 582: 11 7 18 8 19 12 1 6 2 16 13 17 20 14 15 9 3 5 4 10 
student 583: 15 2 8 11 1 20 10 18 9 14 6 7 13 19 17 5 4 12 16 3 
student 584: 1 18 9 20 14 4 6 19 13 5 11 17 10 12 8 15 16 7 3 2 
student 585: 4 15 16 8 13 20 17 5 7 3 18 19 14 12 2 9 11 1 6 10 
student 586: 15 16 11 13 3 4 9 20 7 14 12 2 1 17 10 5 19 18 8 6 
student 587: 15 3 12 18 6 14 16 17 4 8 20 5 9 13 19 2 11 7 10 1 
student 588: 17 18 8 16 20 11 13 9 3 1 15 14 6 10 2 7 12 5 19 4 
student 589: 7 4 16 10 5 18 11 9 13 17 12 19 1 15 8 14 2 20 3 6 
student 590: 18 19 10 11 6 15 12 20 2 8 13 5 3 7 9 17 4 16 1 14 
student 591: 8 16 4 10 12 20 17 14 3 18 2 11 9 15 6 7 19 5 13 1 
student 592: 12 7 4 17 13 18 19 10 16 9 14 15 11 20 6 2 8 3 1 5 
student 593: 16 17 4 3 13 15 10 14 2 7 9 18 5 19 1 20 8 11 12 6 
student 594: 8 15 14 5 3 20 4 1 12 6 18 11 17 9 13 19 10 2 16 7 
student 595: 9 1 3 10 11 19 20 15 4 2 18 17 6 13 8 16 7 5 12 14 
student 596: 5 8 19 17 3 12 1 4 18 20 14 10 9 16 11 6 13 2 15 7 
student 597: 3 13 7 20 18 8 10 12 4 1 2 17 11 6 15 14 9 5 19 16 
student 598: 14 1 15 13 4 19 17 5 18 9 11 20 12 7 10 16 3 8 6 2 
student 599: 16 11 8 12 1 19 15 6 17 3 20 7 13 14 18 9 4 5 10 2 
student 600: 11 14 13 6 4 19 16 9 7 15 12 20 18 5 17 10 2 1 8 3 
student 601: 11 2 12 17 13 18 3 4 8 1 10 15 6 9 20 19 14 16 7 5 
student 602: 8 15 19 14 12 20 10 9 4 13 16 11 1 18 17 5 2 3 7 6 
student 603: 15 16 19 20 6 18 1 10 8 11 17 4 2 12 3 9 5 13 7 14 
student 604: 13 8 14 5 11 16 4 18 3 10 19 20 2 9 6 15 7 1 17 12 
student 605: 15 19 13 17 16 20 2 9 7 10 18 3 4 11 14 6 5 8 12 1 
student 606: 4 13 20 15 6 16 9 14 7 1 17 10 8 12 3 11 19 2 18 5 
student 607: 6 11 18 7 17 14 15 8 5 1 16 19 2 12 3 13 20 10 4 9 
student 608: 6 15 20 17 10 14 5 12 7 13 9 18 3 19 11 4 8 2 16 1 
student 609: 6 2 12 8 10 13 14 11 1 9 19 16 20 17 7 15 18 4 3 5 
student 610: 9 1 8 3 4 11 12 7 13 2 16 19 18 17 14 15 20 6 10 5 
student 611: 2 4 10 19 13 3 8 16 5 1 11 18 12 15 6 7 14 9 20 17 
student 612: 16 14 6 12 8 7 20 13 1 10 19 9 3 11 4 17 18 5 15 2 
student 613: 14 9 2 18 1 20 16 8 4 10 17 15 13 11 19 6 3 5 12 7 
student 614: 8 16 9 15 4 20 2 11 19 17 13 7 6 12 1 10 14 5 3 18 
student 615: 7 13 1 18 4 19 9 10 8 17 12 5 16 15 20 14 3 11 6 2 
student 616: 15 17 7 6 9 4 20 18 1 10 19 5 16 14 2 12 8 3 13 11 
student 617: 1 4 10 11 7 12 13 15 6 2 18 20 16 19 17 9 5 3 8 14 
student 618: 11 16 20 13 6 2 12 7 9 5 18 15 1 14 10 8 19 4 17 3 
student 619: 5 13 10 15 7 8 17 20 6 9 11 19 1 14 12 16 3 18 2 4 
student 620: 1 19 7 10 12 4 13 9 3 15 16 17 20 2 11 6 14 5 18 8 
student 621: 17 20 8 15 5 13 18 11 14 16 12 4 3 10 7 9 6 1 19 2 
student 622: 13 8 2 19 10 20 4 16 1 14 15 7 17 18 9 11 6 3 12 5 
student 623: 14 20 10 12 16 9 17 15 3 5 18 4 13 1 7 11 2 6 19 8 
student 624: 20 9 8 17 10 1 16 14 7 3 18 11 2 4 15 12 13 5 19 6 
student 625: 16 8 1 6 7 15 20 19 18 2 12 17 3 10 9 13 11 4 5 14 
student 626: 19 20 16 11 18 9 5 12 1 3 13 4 10 14 15 8 2 17 7 6 
student 627: 19 12 15 18 9 14 5 4 20 8 2 3 11 16 6 17 1 7 10 13 
student 628: 10 14 2 20 13 17 12 11 4 6 16 8 1 15 7 5 18 9 19 3 
student 629: 17 19 15 18 12 16 14 6 11 5 7 20 13 10 3 8 2 4 9 1 
student 630: 8 11 15 6 20 14 5 17 7 10 18 13 3 19 2 12 9 1 16 4 
student 631: 15 2 8 13 7 10 4 16 18 9 17 20 14 19 1 11 3 5 6 12 
student 632: 16 13 6 12 10 18 20 9 5 1 19 11 15 8 3 17 2 7 14 4 
student 633: 10 9 2 8 3 12 16 13 6 4 19 15 17 20 1 18 14 7 5 11 
student 634: 12 4 20 19 18 14 2 7 10 6 17 16 1 15 9 3 8 5 13 11 
student 635: 5 9 17 19 8 15 13 11 3 10 20 18 6 14 4 7 1 12 2 16 
student 636: 20 11 16 7 6 18 17 1 5 12 9 4 8 19 13 15 10 3 14 2 
student 637: 8 19 1 20 14 18 2 10 16 5 12 17 6 3 7 15 11 4 13 9 
student 638: 14 11 10 12 6 19 3 15 1 4 17 16 2 20 7 13 8 9 18 5 
student 639: 20 11 3 16 13 2 1 19 4 12 17 18 7 8 5 15 14 6 9 10 
student 640: 11 6 13 10 9 19 20 14 16 7 8 15 5 17 4 18 2 1 3 12 
student 641: 19 10 11 20 18 9 5 14 12 2 15 6 17 4 8 16 7 3 13 1 
student 642: 19 4 10 18 9 17 11 7 8 6 12 20 3 13 15 1 16 5 14 2 
student 643: 14 7 15 19 13 10 17 1 5 6 8 20 4 18 16 3 9 12 11 2 
student 644: 3 6 9 17 19 13 5 10 18 2 11 16 1 15 12 20 8 4 7 14 
student 645: 16 8 9 7 1 2 20 13 3 10 12 17 6 18 19 11 5 15 14 4 
student 646: 6 8 12 20 7 4 10 19 11 5 13 2 1 17 15 14 16 9 18 3 
student 647: 20 6 18 9 12 8 13 14 5 3 19 16 7 4 15 10 17 1 11 2 
student 648: 19 4 18 9 5 7 12 16 20 17 15 10 1 13 3 8 11 2 6 14 
student 649: 3 1 8 11 18 7 14 19 13 2 5 20 15 16 9 10 4 17 12 6 
student 650: 7 2 5 12 13 16 11 6 8 4 3 18 10 14 19 20 17 9 15 1 
student 651: 15 1 20 13 8 17 14 16 19 11 18 10 9 12 2 4 7 3 5 6 
student 652: 16 11 3 15 13 7 14 20 5 8 9 19 4 18 2 17 10 6 12 1 
student 653: 12 9 4 17 16 11 13 2 15 1 20 14 6 19 10 8 7 3 18 5 
student 654: 9 5 7 17 20 14 13 8 1 2 15 16 3 4 12 19 11 10 18 6 
student 655: 6 1 16 19 13 18 5 14 4 8 2 9 11 20 3 12 10 15 7 17 
student 656: 10 5 11 4 17 19 13 14 7 6 15 2 8 18 3 9 20 1 16 12 
student 657: 7 8 19 15 17 20 18 11 2 12 14 16 1 13 9 6 10 4 3 5 
student 658: 8 7 10 16 14 11 3 17 1 9 13 6 5 20 4 12 18 2 15 19 
student 659: 18 10 17 16 3 12 20 13 14 6 7 1 8 9 15 2 5 4 19 11 
student 660: 19 12 20 8 11 18 2 10 14 16 6 13 1 4 17 3 9 15 7 5 
student 661: 10 6 17 11 18 3 14 19 1 13 15 20 5 4 12 16 8 2 7 9 
student 662: 10 6 4 14 18 11 8 2 7 20 16 19 9 3 17 15 5 13 12 1 
student 663: 8 10 6 2 5 17 11 20 1 12 19 16 9 4 15 18 3 13 14 7 
student 664: 11 13 15 20 12 18 17 9 2 10 19 16 5 14 7 1 6 4 8 3 
student 665: 6 8 9 17 15 20 16 3 1 12 19 11 4 13 10 2 14 18 7 5 
student 666: 10 8 7 19 11 16 12 15 2 18 13 17 20 3 5 9 6 4 14 1 
student 667: 14 3 18 12 7 8 20 9 6 13 1 15 4 16 2 5 19 10 17 11 
student 668: 18 11 9 16 13 17 15 8 14 1 20 10 3 6 19 2 7 12 4 5 
student 669: 16 19 17 12 8 1 13 4 2 15 9 18 14 11 3 7 20 5 10 6 
student 670: 18 11 15 17 16 2 6 14 3 8 7 13 19 10 4 20 1 5 9 12 
student 671: 17 15 20 9 2 13 14 8 11 18 3 12 5 16 4 1 7 6 19 10 
student 672: 18 17 8 20 6 10 15 12 1 3 7 16 13 9 19 11 4 2 14 5 
student 673: 18 9 20 16 2 14 7 13 4 3 10 15 1 8 5 19 12 6 17 11 
student 674: 4 14 13 9 5 8 19 20 18 7 16 11 17 6 15 3 2 1 10 12 
student 675: 17 8 20 19 2 3 10 14 11 12 7 9 13 18 6 4 16 15 1 5 
student 676: 19 6 5 20 11 15 14 4 3 16 17 10 2 18 8 13 1 9 12 7 
student 677: 16 6 19 18 2 15 10 4 5 12 14 17 9 7 11 20 8 3 13 1 
student 678: 6 15 12 19 13 5 17 9 3 16 10 18 4 8 7 14 20 11 2 1 
student 679: 5 4 14 19 10 13 3 17 18 15 16 8 7 12 6 11 20 9 1 2 
student 680: 6 11 19 13 8 20 16 17 5 14 9 18 15 7 2 3 4 12 10 1 
student 681: 15 13 12 10 17 16 8 19 7 2 14 18 11 20 6 5 4 3 1 9 
student 682: 16 2 9 17 3 20 14 15 5 8 13 19 12 11 10 6 4 1 18 7 
student 683: 3 10 9 14 17 16 7 11 4 5 18 20 6 13 2 8 19 15 1 12 
student 684: 12 19 8 14 9 17 7 4 18 5 20 11 3 10 6 2 16 15 13 1 
student 685: 13 2 6 10 4 14 16 5 19 12 17 18 1 20 8 9 7 3 15 11 
student 686: 12 20 8 11 2 19 14 6 4 7 18 16 3 9 1 5 10 17 13 15 
student 687: 6 9 8 15 2 11 16 13 5 4 20 14 12 18 1 10 3 17 19 7 
student 688: 8 6 11 12 18 17 5 4 19 14 9 13 7 3 20 16 10 15 1 2 
student 689: 20 8 1 7 11 3 6 12 19 4 18 15 2 13 9 10 16 17 14 5 
student 690: 14 12 11 18 9 17 3 2 8 19 15 16 4 7 10 13 20 1 6 5 
student 691: 20 14 6 17 10 15 19 12 3 11 4 18 2 1 9 16 8 7 13 5 
student 692: 5 7 14 17 19 8 18 16 13 15 4 1 9 10 20 11 12 6 2 3 
student 693: 4 20 18 19 16 15 11 17 9 7 14 8 5 6 10 13 2 3 12 1 
student 694: 17 18 10 5 20 1 13 14 11 2 19 15 3 4 16 9 6 8 12 7 
student 695: 2 6 10 14 3 13 7 4 18 15 12 16 1 19 17 11 5 8 20 9 
student 696: 3 19 8 12 13 16 6 5 10 17 18 20 1 14 15 9 2 7 4 11 
student 697: 14 4 13 16 19 15 12 11 5 2 17 9 20 18 10 3 8 6 1 7 
student 698: 17 11 19 20 2 15 14 8 5 3 18 13 9 6 10 16 7 1 12 4 
student 699: 10 4 15 18 2 8 19 1 3 12 9 5 16 13 14 11 17 20 6 7 
student 700: 4 5 7 15 14 13 11 2 3 6 20 19 9 12 16 17 8 1 10 18 
student 701: 19 2 17 20 5 14 12 9 6 18 16 10 8 11 15 13 4 3 7 1 
student 702: 19 16 12 20 13 17 8 15 14 4 11 18 6 10 2 7 9 1 3 5 
student 703: 16 13 4 7 14 20 11 12 8 9 3 15 2 18 6 10 17 5 19 1 
student 704: 15 6 20 14 7 13 9 2 18 4 19 16 5 17 3 10 11 12 1 8 
student 705: 11 13 10 12 4 9 15 14 6 19 1 17 3 16 18 20 8 5 7 2 
student 706: 14 1 16 20 17 19 8 3 6 11 12 9 4 13 15 10 18 2 5 7 
student 707: 12 17 8 20 1 11 16 5 4 2 18 19 14 10 15 13 9 7 3 6 
student 708: 6 17 12 19 5 7 10 8 13 11 18 16 1 15 9 3 2 14 20 4 
student 709: 4 19 7 17 1 15 5 10 20 3 12 18 2 6 13 16 9 14 8 11 
student 710: 12 11 17 16 2 3 20 19 18 13 7 10 1 15 8 4 6 14 9 5 
student 711: 13 3 11 17 8 10 6 5 18 16 19 20 12 14 7 4 1 9 2 15 
student 712: 10 16 7 20 2 19 11 5 12 15 9 17 3 6 4 8 13 14 18 1 
student 713: 3 6 18 16 7 8 15 5 4 2 19 10 1 11 14 20 13 12 9 17 
student 714: 7 1 3 18 11 20 14 6 2 8 16 12 17 19 5 13 10 4 9 15 
student 715: 9 13 7 14 20 8 16 6 2 4 18 11 5 12 1 19 10 3 15 17 
student 716: 19 3 20 5 6 8 1 12 7 11 17 18 9 16 10 2 4 15 14 13 
student 717: 4 19 7 1 15 8 17 10 11 3 20 12 18 16 6 13 5 14 9 2 
student 718: 17 8 18 20 1 14 15 11 2 9 19 3 7 6 16 5 4 13 10 12 
student 719: 10 2 1 14 7 18 4 8 20 3 16 17 11 5 9 15 6 13 19 12 
student 720: 9 11 14 2 7 8 15 18 4 20 6 17 5 13 19 16 10 1 3 12 
student 721: 2 8 3 17 11 16 7 20 15 5 14 19 9 12 10 6 13 18 1 4 
student 722: 11 6 17 19 1 20 13 14 10 3 2 16 18 7 12 8 5 9 15 4 
student 723: 13 5 2 6 4 12 9 17 1 11 20 19 7 14 16 18 15 3 8 10 
student 724: 14 4 17 15 16 19 3 12 11 5 20 18 8 9 7 10 13 2 6 1 
student 725: 15 3 19 1 7 17 14 9 2 20 16 12 6 18 5 13 11 10 4 8 
student 726: 1 19 5 18 2 14 13 10 4 8 17 16 9 15 3 12 11 20 6 7 
student 727: 15 4 5 6 18 20 11 13 17 1 12 16 3 19 2 10 9 8 7 14 
student 728: 2 11 1 20 6 15 17 13 3 8 18 14 16 10 5 19 7 4 12 9 
student 729: 13 15 10 8 12 16 17 14 11 2 9 18 4 20 7 19 5 6 1 3 
student 730: 17 8 3 14 19 15 13 7 5 6 4 18 10 20 16 2 11 9 12 1 
student 731: 19 9 4 1 2 15 18 12 6 5 20 17 10 16 7 14 3 11 8 13 
student 732: 20 15 11 8 10 4 3 7 6 17 16 9 1 13 19 14 12 5 18 2 
student 733: 19 5 10 11 16 18 15 20 1 2 17 12 3 9 7 14 13 4 6 8 
student 734: 12 19 14 16 3 13 6 18 9 8 17 20 10 11 5 1 15 7 2 4 
student 735: 19 1 12 20 5 11 16 18 8 13 14 4 6 17 9 2 7 10 3 15 
student 736: 5 10 11 9 14 6 13 19 2 3 17 18 8 12 7 16 20 1 15 4 
student 737: 18 3 4 20 8 10 7 11 5 14 17 15 19 12 2 16 13 1 9 6 
student 738: 7 1 19 15 11 13 20 9 3 5 6 17 4 2 10 14 18 8 16 12 
student 739: 16 15 7 8 20 19 12 9 5 10 11 17 3 18 4 14 2 1 6 13 
student 740: 13 20 14 8 16 17 10 11 3 12 6 15 4 19 9 5 7 2 18 1 
student 741: 15 12 6 2 10 13 18 16 8 9 17 19 11 20 14 5 4 1 7 3 
student 742: 7 10 8 19 1 20 16 9 5 4 18 17 3 12 11 15 2 6 14 13 
student 743: 17 19 16 6 1 18 11 5 20 3 15 9 8 13 7 14 2 4 12 10 
student 744: 6 5 16 8 19 13 14 11 3 20 17 10 9 18 1 7 2 4 12 15 
student 745: 11 12 6 10 2 1 8 18 3 15 14 19 5 17 9 13 16 20 4 7 
student 746: 5 11 13 10 16 7 19 8 6 9 18 4 17 20 2 1 3 15 12 14 
student 747: 10 6 7 2 16 9 11 19 14 5 20 18 4 8 13 3 15 17 12 1 
student 748: 9 20 7 19 1 14 10 18 5 3 12 13 16 15 2 11 6 4 17 8 
student 749: 17 1 7 19 6 10 15 9 14 5 13 16 4 20 8 11 12 3 2 18 
student 750: 18 16 12 19 11 8 3 17 14 10 20 1 6 13 2 5 15 9 4 7 
student 751: 8 20 6 12 4 17 15 10 9 7 18 13 5 11 14 19 1 3 16 2 
student 752: 7 3 13 8 9 20 18 17 5 2 15 6 19 16 11 14 1 10 12 4 
student 753: 19 1 4 18 5 17 12 15 3 6 13 9 7 10 8 20 11 14 16 2 
student 754: 19 13 15 14 8 17 2 9 18 4 20 16 3 7 12 6 11 5 10 1 
student 755: 8 18 9 16 13 19 7 12 11 2 5 20 6 14 1 4 17 3 15 10 
student 756: 5 1 13 19 4 16 18 7 15 2 10 17 11 3 12 14 8 9 20 6 
student 757: 9 13 20 19 16 12 11 14 17 8 18 4 15 3 5 2 10 6 7 1 
student 758: 17 5 10 15 4 13 11 9 6 3 19 18 7 12 14 16 1 20 2 8 
student 759: 7 20 11 3 10 14 4 12 19 1 17 13 2 18 6 5 8 9 15 16 
student 760: 13 16 12 15 6 14 8 2 7 3 19 9 11 20 18 17 10 4 5 1 
student 761: 20 7 16 9 15 12 5 10 3 4 14 19 6 8 2 18 13 11 17 1 
student 762: 10 15 5 20 2 19 4 16 8 12 9 7 11 14 18 1 13 6 17 3 
student 763: 10 15 2 11 16 18 5 19 17 8 13 14 7 4 12 20 1 9 6 3 
student 764: 5 20 16 17 2 8 7 4 11 15 9 6 14 19 18 13 3 1 10 12 
student 765: 4 17 8 15 19 2 9 5 6 20 18 14 13 16 3 12 1 7 11 10 
student 766: 10 13 15 7 6 16 18 5 1 2 19 20 9 14 12 17 4 3 11 8 
student 767: 10 13 6 14 2 16 4 9 3 5 19 20 7 15 11 18 1 17 12 8 
student 768: 13 5 11 7 20 8 17 10 6 15 18 12 3 19 14 9 1 2 4 16 
student 769: 12 16 17 9 4 10 5 19 2 8 6 14 11 15 3 13 1 18 7 20 
student 770: 12 10 4 18 16 14 8 17 9 13 20 15 19 7 1 6 3 5 11 2 
student 771: 10 3 16 13 5 18 14 9 1 4 17 6 2 15 12 20 19 8 11 7 
student 772: 20 15 10 1 11 2 6 5 13 18 7 14 17 8 3 4 9 16 19 12 
student 773: 10 2 1 19 11 15 12 14 16 9 18 8 6 3 17 20 13 5 4 7 
student 774: 3 1 18 9 4 15 19 6 20 10 13 12 5 16 17 8 2 11 7 14 
student 775: 8 5 15 20 10 7 17 9 12 13 11 19 4 16 18 2 1 6 3 14 
student 776: 8 12 14 17 9 19 6 3 20 4 15 18 16 11 5 10 7 13 2 1 
student 777: 9 16 4 5 13 19 18 14 2 1 12 20 17 8 3 15 6 7 10 11 
student 778: 19 18 8 14 3 17 6 2 12 7 15 1 11 10 16 5 4 20 9 13 
student 779: 19 7 3 11 17 4 15 13 1 18 14 20 5 12 9 8 16 6 2 10 
student 780: 8 4 10 14 13 20 11 7 9 17 16 15 18 5 19 2 6 3 12 1 
student 781: 19 10 6 18 9 14 8 17 2 13 12 16 5 15 3 20 1 4 7 11 
student 782: 8 4 9 15 16 6 19 14 5 17 12 13 18 10 11 7 1 2 20 3 
student 783: 12 11 4 20 3 16 17 15 7 8 10 18 14 19 5 13 1 6 9 2 
student 784: 19 13 1 11 6 12 7 15 9 14 16 18 3 17 10 4 5 8 20 2 
student 785: 17 18 5 20 6 11 16 15 9 10 19 3 2 13 1 14 7 4 8 12 
student 786: 13 17 9 18 5 16 15 11 3 2 20 12 4 19 10 14 8 1 7 6 
student 787: 8 7 5 10 18 19 3 14 2 17 12 11 15 16 6 9 4 20 1 13 
student 788: 13 2 6 17 12 20 3 18 8 4 9 7 15 14 16 10 11 19 5 1 
student 789: 3 17 1 11 10 7 18 14 9 12 20 4 15 19 2 6 16 8 5 13 
student 790: 18 11 15 7 10 16 8 5 3 14 9 20 1 19 4 17 6 2 13 12 
student 791: 8 13 20 14 2 4 16 11 3 1 19 17 10 12 9 6 15 7 5 18 
student 792: 13 6 9 17 12 20 15 10 2 14 3 19 5 4 11 7 16 8 18 1 
student 793: 18 13 16 6 5 15 14 12 4 10 11 19 3 20 17 9 7 2 8 1 
student 794: 2 18 3 14 10 11 15 20 19 12 17 5 4 7 6 9 16 8 13 1 
student 795: 9 16 12 19 1 17 15 6 5 3 20 14 4 18 13 10 7 2 11 8 
student 796: 9 4 16 18 12 20 3 10 2 15 13 14 17 19 1 6 7 11 8 5 
student 797: 14 11 6 7 5 13 4 10 3 1 16 19 20 8 15 9 2 17 18 12 
student 798: 2 16 4 19 15 1 20 6 18 9 11 8 10 13 3 17 7 12 5 14 
student 799: 3 14 11 6 4 16 12 15 13 10 18 17 5 9 7 20 19 1 2 8 
