student 0: 1 17 9 3 7 6 15 20 13 5 16 14 4 12 2 10 19 11 8 18 
student 1: 5 10 11 2 1 8 4 3 12 9 16 6 7 14 13 15 20 17 18 19 
student 2: 16 5 4 11 8 2 17 10 13 12 3 7 15 9 18 1 6 20 14 19 
student 3: 13 9 7 3 8 14 11 20 18 10 6 15 2 5 19 12 16 4 1 17 
student 4: 7 14 6 13 8 15 16 2 12 10 3 4 1 5 18 17 11 20 19 9 
student 5: 18 13 2 15 12 6 20 4 7 1 3 9 17 11 14 10 8 16 5 19 
student 6: 13 15 2 6 18 16 4 11 9 7 10 17 5 8 20 14 1 19 3 12 
student 7: 1 19 9 12 15 6 4 2 18 3 20 5 13 7 16 8 17 10 11 14 
student 8: 13 16 2 19 17 20 4 9 8 1 11 7 3 6 15 12 5 18 10 14 
student 9: 13 11 2 7 14 8 17 19 12 6 3 20 1 16 18 5 4 15 10 9 
student 10: 13 18 1 3 6 12 2 8 15 11 16 19 4 20 5 17 9 14 7 10 
student 11: 16 9 2 4 6 13 7 18 15 1 10 20 5 17 11 3 12 19 8 14 
student 12: 12 11 20 15 17 6 4 19 5 8 9 3 10 2 13 1 16 14 7 18 
student 13: 6 16 11 7 1 5 8 10 20 14 15 12 2 19 3 4 13 17 9 18 
student 14: 17 15 3 12 7 18 13 16 2 11 10 20 14 1 4 9 5 8 6 19 
student 15: 9 13 12 7 6 5 15 18 11 3 10 8 2 14 19 1 17 16 4 20 
student 16: 11 9 3 10 8 17 19 2 16 6 14 7 18 15 1 4 5 12 20 13 
student 17: 8 20 16 15 17 18 3 6 10 4 12 1 13 7 14 19 2 11 9 5 
student 18: 14 10 19 6 15 12 3 18 16 7 4 9 8 20 1 13 2 5 11 17 
student 19: 13 19 2 3 18 12 7 15 17 4 1 8 11 6 16 9 10 20 5 14 
student 20: 17 10 11 14 7 19 15 13 20 16 5 8 3 6 12 4 9 1 2 18 
student 21: 18 20 6 8 13 4 12 16 19 11 2 5 7 15 10 3 1 17 9 14 
student 22: 4 19 11 10 20 13 8 6 17 14 3 18 5 9 16 12 15 2 1 7 
student 23: 11 13 2 6 20 3 9 18 14 7 4 19 1 10 5 15 12 17 16 8 
student 24: 4 18 3 8 11 2 9 12 10 7 14 13 6 20 19 5 15 17 1 16 
student 25: 17 3 14 9 6 12 15 20 4 1 10 19 8 2 7 5 16 18 13 11 
student 26: 6 5 8 2 20 4 12 19 15 16 14 17 10 1 18 7 3 13 9 11 
student 27: 20 12 8 9 19 10 15 1 18 6 4 7 14 5 13 3 17 16 2 11 
student 28: 18 19 9 11 17 2 20 16 6 4 3 7 10 8 5 15 12 14 1 13 
student 29: 13 17 16 4 19 5 14 8 2 20 3 6 12 1 15 9 10 18 7 11 
student 30: 13 7 5 4 18 9 1 11 14 6 2 20 16 3 15 10 8 12 17 19 
student 31: 20 16 1 2 19 11 7 12 14 4 10 13 9 8 18 5 6 17 3 15 
student 32: 19 12 3 5 20 6 13 7 17 10 18 16 15 11 2 4 8 14 9 1 
student 33: 2 20 1 6 7 14 16 19 8 12 11 13 4 9 10 5 17 18 3 15 
student 34: 9 12 3 2 4 6 8 10 15 11 17 19 1 18 16 7 13 14 5 20 
student 35: 4 7 16 3 20 14 9 8 17 11 12 10 18 5 19 2 1 13 6 15 
student 36: 19 1 3 2 11 12 14 20 17 7 6 13 10 8 4 5 15 16 9 18 
student 37: 15 7 3 18 17 8 9 13 4 5 2 16 12 19 11 6 10 1 14 20 
student 38: 13 6 5 15 1 10 18 8 12 11 3 9 2 7 19 4 14 17 16 20 
student 39: 2 14 3 12 7 1 15 5 6 13 4 16 18 17 20 10 9 11 19 8 
student 40: 10 16 6 13 12 4 15 3 11 20 5 7 1 9 17 14 18 8 2 19 
student 41: 16 11 3 9 4 7 10 14 12 13 8 15 1 20 5 2 19 18 6 17 
student 42: 20 11 1 2 16 14 5 8 18 15 6 4 19 13 17 10 7 9 3 12 
student 43: 6 17 3 4 14 1 18 8 11 5 2 7 15 9 10 16 19 20 12 13 
student 44: 11 12 6 17 18 5 16 20 14 3 7 1 9 15 13 8 19 10 4 2 
student 45: 9 13 12 5 4 2 16 3 18 1 8 10 14 11 19 7 20 17 6 15 
student 46: 3 14 6 1 11 8 18 12 5 15 16 7 4 13 19 2 10 17 9 20 
student 47: 20 19 5 14 10 11 16 1 12 6 9 2 7 3 15 4 18 17 13 8 
student 48: 7 16 9 4 10 8 12 17 18 13 5 11 3 6 14 19 2 15 1 20 
student 49: 17 10 4 1 15 12 11 16 13 14 5 3 9 7 8 19 6 18 2 20 
student 50: 5 13 10 8 16 14 1 19 15 7 20 17 6 18 2 3 12 9 4 11 
student 51: 9 11 17 4 19 18 2 8 15 5 20 10 7 14 13 6 3 12 1 16 
student 52: 2 16 13 8 11 14 6 12 10 3 7 18 4 15 9 17 19 1 5 20 
student 53: 6 20 2 16 8 19 13 7 4 5 17 14 9 1 18 12 3 10 11 15 
student 54: 10 14 8 5 6 16 2 13 9 4 15 7 3 19 17 11 18 12 1 20 
student 55: 3 5 18 1 20 12 15 14 11 10 2 16 6 9 4 13 19 7 8 17 
student 56: 11 8 2 1 18 4 5 17 19 3 6 13 7 12 10 20 9 14 16 15 
student 57: 17 13 7 8 5 11 14 3 16 9 6 18 1 15 19 12 4 20 2 10 
student 58: 19 11 16 2 6 1 17 18 20 12 5 4 3 7 13 10 8 14 15 9 
student 59: 14 6 1 2 13 9 8 12 10 7 11 18 4 3 20 15 5 17 16 19 
student 60: 15 17 11 3 10 6 19 16 8 9 14 13 4 1 20 12 2 18 5 7 
student 61: 15 11 8 16 7 2 14 4 20 1 19 18 10 9 5 17 13 12 3 6 
student 62: 17 11 4 9 16 5 1 20 10 7 3 18 8 6 19 12 13 15 2 14 
student 63: 7 14 13 3 20 12 19 1 2 5 9 17 10 18 8 11 15 6 4 16 
student 64: 20 19 7 1 15 18 14 12 5 10 16 17 2 6 9 4 8 13 3 11 
student 65: 7 15 14 18 10 3 20 13 17 2 6 19 5 8 11 9 16 12 4 1 
student 66: 2 1 3 18 7 15 10 6 8 12 9 11 20 13 4 17 16 5 19 14 
student 67: 13 7 6 3 20 2 16 17 8 5 10 11 14 15 18 12 1 19 4 9 
student 68: 19 10 7 4 18 13 5 16 15 8 11 14 12 3 9 6 2 20 1 17 
student 69: 17 4 3 5 1 7 10 11 12 15 6 13 19 9 20 16 2 8 14 18 
student 70: 2 20 8 5 19 4 17 11 15 3 7 6 10 18 14 16 13 9 1 12 
student 71: 15 20 6 13 18 5 11 12 9 19 4 14 1 3 2 16 17 7 8 10 
student 72: 11 19 10 18 3 16 5 4 1 9 8 15 6 20 13 17 2 12 7 14 
student 73: 12 20 15 3 6 8 2 4 16 7 1 14 18 5 19 13 10 17 11 9 
student 74: 7 2 1 19 18 4 20 12 15 8 16 14 9 17 13 5 3 10 6 11 
student 75: 17 12 20 4 15 10 6 7 13 1 14 3 8 16 19 9 2 11 5 18 
student 76: 12 17 13 7 18 2 5 6 3 4 10 16 19 11 20 14 1 15 9 8 
student 77: 18 12 15 9 19 7 13 6 10 17 2 8 11 4 14 5 20 16 1 3 
student 78: 13 20 9 18 17 10 6 15 5 2 11 16 1 3 8 14 4 7 12 19 
student 79: 12 20 9 14 18 16 2 11 3 6 1 17 13 7 19 4 15 10 5 8 
student 80: 19 17 12 16 9 10 7 3 2 6 1 18 8 5 11 20 13 15 4 14 
student 81: 15 13 18 1 9 14 7 3 10 6 2 12 4 8 16 17 20 11 5 19 
student 82: 15 9 3 6 18 1 14 17 8 13 4 12 10 16 7 19 5 11 2 20 
student 83: 16 15 3 7 19 8 1 11 6 5 10 13 4 2 17 9 14 12 20 18 
student 84: 3 1 5 18 16 19 4 9 7 10 17 2 6 13 20 15 11 14 8 12 
student 85: 7 15 4 14 17 16 20 6 9 11 13 1 18 19 12 3 8 5 10 2 
student 86: 8 17 9 1 6 15 10 19 18 3 20 11 5 13 4 14 7 2 16 12 
student 87: 9 15 17 1 19 4 13 12 10 2 3 14 16 7 20 8 11 6 5 18 
student 88: 1 9 4 13 11 10 15 20 16 6 17 18 2 14 19 5 3 7 8 12 
student 89: 7 13 19 10 14 5 2 12 11 6 9 18 8 17 3 1 4 15 20 16 
student 90: 12 3 19 8 15 1 9 11 10 18 17 20 2 13 16 6 7 5 4 14 
student 91: 18 6 4 7 15 13 14 12 20 5 1 8 11 9 19 17 2 16 3 10 
student 92: 11 12 2 7 6 4 17 18 15 10 3 13 1 8 19 14 9 16 5 20 
student 93: 4 9 7 8 15 3 14 16 10 2 5 11 12 13 18 1 6 17 20 19 
student 94: 16 10 20 6 13 8 18 2 7 17 12 5 11 3 15 4 1 14 9 19 
student 95: 17 20 2 3 16 4 11 14 15 1 5 19 6 10 18 9 8 13 12 7 
student 96: 4 16 1 9 17 14 15 10 6 2 3 12 5 7 19 20 8 18 13 11 
student 97: 10 19 11 17 12 15 18 9 2 8 1 5 3 14 20 16 7 4 6 13 
student 98: 3 1 6 8 17 9 4 18 14 16 2 11 12 20 10 13 7 19 5 15 
student 99: 9 8 11 20 2 16 13 4 15 7 12 17 1 6 14 5 10 19 3 18 
student 100: 10 1 3 7 14 12 13 6 4 11 17 19 8 16 18 5 20 15 2 9 
student 101: 1 19 6 7 20 9 17 12 10 5 2 13 3 15 8 16 18 4 14 11 
student 102: 12 20 5 7 11 3 8 18 14 17 9 2 6 1 16 10 4 15 19 13 
student 103: 15 7 4 1 11 5 20 18 6 13 17 16 2 14 3 10 8 12 9 19 
student 104: 16 18 17 7 8 5 11 12 14 2 4 3 10 1 15 6 13 20 9 19 
student 105: 12 20 5 3 13 8 7 2 14 1 15 18 6 9 10 17 16 19 11 4 
student 106: 18 3 6 9 20 4 11 8 14 19 12 17 5 15 7 1 2 16 13 10 
student 107: 10 19 12 2 6 4 15 20 11 9 7 3 5 8 17 1 18 13 14 16 
student 108: 8 16 9 10 15 5 6 2 17 1 18 13 12 4 14 11 7 20 3 19 
student 109: 11 6 4 13 10 18 19 3 9 5 15 20 7 8 16 1 14 2 17 12 
student 110: 18 15 14 8 13 6 11 1 10 3 7 20 9 16 19 4 5 12 2 17 
student 111: 15 14 4 5 18 10 8 13 2 12 6 11 3 9 1 7 20 17 16 19 
student 112: 11 7 3 5 17 20 6 1 12 2 15 9 14 8 19 16 10 13 4 18 
student 113: 9 19 16 1 13 2 20 18 10 5 12 7 11 4 14 6 8 15 3 17 
student 114: 20 10 13 8 14 4 11 17 9 5 3 1 6 16 19 7 2 18 15 12 
student 115: 2 1 4 10 5 12 9 20 19 6 16 17 7 3 18 8 14 11 13 15 
student 116: 6 19 1 4 5 3 17 12 16 13 20 14 10 9 8 2 11 18 7 15 
student 117: 3 7 5 4 16 14 11 19 15 8 13 17 1 12 20 9 2 6 10 18 
student 118: 6 14 15 1 18 3 9 16 11 4 8 5 10 7 19 20 12 13 2 17 
student 119: 12 5 9 3 11 13 6 17 7 4 8 20 19 14 15 1 10 18 2 16 
student 120: 13 17 14 9 7 2 5 20 18 3 1 16 8 12 4 10 11 19 6 15 
student 121: 6 11 14 13 5 1 9 4 17 8 3 19 18 12 20 15 2 16 7 10 
student 122: 14 7 6 2 16 8 9 10 5 20 12 3 1 4 19 13 18 17 11 15 
student 123: 17 16 3 5 2 1 10 9 18 4 12 15 14 7 20 8 6 11 13 19 
student 124: 5 20 14 6 3 17 1 11 4 8 10 9 2 18 16 12 7 19 15 13 
student 125: 5 4 8 1 16 6 11 20 12 2 3 15 14 13 19 10 17 7 9 18 
student 126: 13 1 9 11 16 10 7 6 18 3 8 14 5 19 17 15 12 20 4 2 
student 127: 20 18 13 15 4 3 9 11 16 5 8 14 10 7 17 6 1 19 2 12 
student 128: 7 6 15 11 17 5 18 8 9 14 3 1 12 4 19 20 16 13 2 10 
student 129: 4 6 13 15 19 8 9 17 2 16 3 18 5 20 11 12 7 10 1 14 
student 130: 13 12 11 5 7 19 17 14 16 2 6 20 8 10 1 9 15 18 4 3 
student 131: 6 16 14 1 10 4 13 11 8 9 20 17 15 18 2 12 5 7 3 19 
student 132: 14 6 2 10 3 5 9 15 13 17 4 18 8 12 11 1 16 20 19 7 
student 133: 11 18 13 5 16 1 8 9 20 17 10 14 6 2 7 3 15 19 4 12 
student 134: 6 18 20 1 16 14 15 13 12 4 7 5 3 10 8 9 11 17 2 19 
student 135: 17 19 3 13 18 6 15 1 14 8 16 7 5 4 10 12 11 2 9 20 
student 136: 12 6 1 8 16 3 9 11 14 7 2 4 5 10 20 15 17 18 13 19 
student 137: 20 17 1 5 12 6 3 16 13 2 19 8 9 4 15 10 11 14 7 18 
student 138: 19 5 1 20 6 15 10 11 18 14 4 12 2 8 17 13 9 16 3 7 
student 139: 5 19 8 12 17 16 18 7 14 6 9 3 1 11 10 15 13 20 4 2 
student 140: 9 10 20 1 8 4 5 14 18 11 7 12 3 6 13 16 15 17 2 19 
student 141: 6 8 2 3 4 11 18 1 20 12 19 13 7 9 5 10 14 17 15 16 
student 142: 12 20 1 10 18 9 3 4 2 7 19 16 17 11 5 13 14 15 6 8 
student 143: 9 19 3 10 20 7 2 11 15 4 1 8 5 12 17 18 14 13 6 16 
student 144: 18 2 1 5 7 16 20 13 17 6 9 19 4 8 12 11 14 15 3 10 
student 145: 10 12 3 1 9 4 17 2 14 6 5 8 7 15 13 11 19 18 16 20 
student 146: 3 19 12 7 10 5 4 17 11 1 9 8 2 14 16 15 18 13 6 20 
student 147: 14 7 3 2 15 16 8 6 11 18 5 17 1 10 20 19 9 13 12 4 
student 148: 12 18 6 1 20 8 15 11 5 9 4 19 3 16 13 10 2 7 14 17 
student 149: 14 17 7 1 4 12 20 15 11 16 13 9 5 6 19 2 18 8 3 10 
student 150: 4 15 14 10 12 3 5 6 13 1 8 20 17 2 16 19 9 11 7 18 
student 151: 18 10 1 9 7 6 16 13 19 8 2 20 11 3 12 14 4 15 5 17 
student 152: 7 18 10 2 4 3 1 15 5 19 8 20 11 6 17 16 12 14 9 13 
student 153: 18 6 4 1 16 3 15 8 9 10 2 14 12 11 17 20 5 13 7 19 
student 154: 3 16 12 2 1 17 6 19 4 5 13 11 15 14 20 7 8 18 9 10 
student 155: 6 14 19 5 11 3 10 1 15 17 8 4 12 13 20 9 7 18 2 16 
student 156: 10 2 4 9 17 11 18 5 16 1 8 14 12 19 20 6 3 15 7 13 
student 157: 19 2 15 8 20 1 6 12 13 4 18 16 9 5 10 14 11 17 3 7 
student 158: 16 3 10 17 20 14 11 15 7 12 4 19 5 6 9 8 13 18 2 1 
student 159: 8 16 15 1 20 17 14 2 19 4 11 10 3 9 18 13 5 12 6 7 
student 160: 12 2 8 4 3 1 16 18 15 6 14 5 11 19 7 9 17 20 10 13 
student 161: 16 18 1 4 14 5 12 19 13 7 6 20 17 2 11 10 15 9 3 8 
student 162: 10 17 11 8 16 6 1 9 4 19 3 15 13 2 18 7 14 20 12 5 
student 163: 18 6 16 17 11 13 5 10 19 15 9 4 1 8 3 2 7 14 20 12 
student 164: 14 15 2 6 7 17 10 5 20 4 11 9 8 3 13 12 16 18 1 19 
student 165: 4 14 13 5 2 17 1 7 16 10 12 8 3 11 15 18 19 20 6 9 
student 166: 12 16 19 1 8 18 2 14 5 7 17 4 3 9 13 20 6 11 10 15 
student 167: 6 12 10 5 1 16 15 11 8 9 14 7 3 2 19 17 13 4 18 20 
student 168: 20 17 14 19 10 7 3 18 15 9 5 12 1 2 16 11 4 8 6 13 
student 169: 10 16 7 2 17 13 1 15 12 8 3 5 11 20 9 18 14 4 6 19 
student 170: 5 6 4 2 18 11 13 17 9 1 19 14 3 8 10 12 15 20 7 16 
student 171: 2 15 4 3 17 6 1 11 19 13 10 5 20 9 12 8 16 14 7 18 
student 172: 18 20 1 5 6 10 2 13 16 3 8 19 12 7 14 9 17 4 15 11 
student 173: 11 18 2 6 12 3 10 5 14 4 9 17 7 16 15 8 20 13 1 19 
student 174: 19 20 7 5 14 4 1 13 8 10 12 9 11 6 2 15 18 16 3 17 
student 175: 3 6 5 11 10 9 12 16 7 2 1 17 8 19 18 15 4 20 13 14 
student 176: 8 12 5 15 16 2 9 17 19 10 18 20 14 4 11 6 7 13 1 3 
student 177: 10 20 3 7 15 2 18 14 11 12 1 19 9 8 17 6 5 13 4 16 
student 178: 19 18 2 8 17 9 3 10 12 5 13 16 4 6 11 7 14 20 1 15 
student 179: 10 18 5 9 12 15 7 3 19 20 8 6 17 4 2 14 13 16 1 11 
student 180: 7 14 18 4 13 16 1 15 8 5 19 12 3 6 20 2 17 9 11 10 
student 181: 20 12 8 7 18 3 16 15 11 5 19 10 6 2 17 4 9 14 1 13 
student 182: 14 15 5 3 12 8 9 17 10 4 6 7 2 1 16 19 13 18 11 20 
student 183: 10 17 3 11 7 6 14 13 12 2 5 15 16 1 19 20 8 18 4 9 
student 184: 2 15 16 1 18 13 19 14 6 3 20 17 10 8 9 7 11 12 5 4 
student 185: 16 6 17 9 20 4 5 7 13 12 2 18 15 8 14 1 10 11 3 19 
student 186: 18 1 10 3 9 8 14 20 7 17 19 16 15 2 12 4 5 13 6 11 
student 187: 18 7 4 8 15 14 5 6 1 19 2 13 9 20 10 3 16 11 12 17 
student 188: 6 20 3 12 8 11 18 2 13 7 10 5 1 15 17 9 16 14 4 19 
student 189: 3 20 4 12 6 5 13 14 1 7 15 17 10 11 18 16 8 9 2 19 
student 190: 19 9 1 3 8 15 4 6 7 17 14 13 12 11 5 18 10 20 2 16 
student 191: 13 4 6 2 18 3 10 8 14 7 17 11 19 1 16 9 15 12 5 20 
student 192: 14 13 9 1 19 7 12 15 5 3 4 18 6 11 10 20 16 17 2 8 
student 193: 14 7 1 3 8 15 2 12 9 11 17 18 5 6 16 20 19 13 4 10 
student 194: 13 6 5 14 9 2 12 8 16 15 1 20 19 4 7 3 11 17 10 18 
student 195: 3 13 9 20 17 15 8 19 4 11 14 10 2 18 1 5 12 7 16 6 
student 196: 1 20 10 2 17 12 7 15 16 3 4 8 13 11 18 6 19 5 9 14 
student 197: 9 18 8 10 6 11 13 4 1 7 2 17 20 5 16 14 3 15 19 12 
student 198: 17 4 7 2 8 20 19 12 10 11 15 3 13 5 18 6 9 14 1 16 
student 199: 10 18 16 13 15 17 7 3 2 4 19 11 1 5 9 6 12 20 14 8 
student 200: 4 1 3 2 5 15 17 7 11 9 10 20 18 8 16 19 13 6 12 14 
student 201: 14 20 11 5 3 13 9 8 19 2 6 17 4 16 18 7 12 10 1 15 
student 202: 13 17 3 4 15 20 7 6 2 8 9 14 11 10 16 5 18 19 1 12 
student 203: 20 9 10 18 17 2 7 19 6 11 5 13 16 8 14 1 3 12 4 15 
student 204: 15 7 3 6 9 11 4 19 16 18 5 20 10 2 14 13 8 17 12 1 
student 205: 17 8 18 15 10 5 20 16 3 2 7 14 11 1 19 4 13 9 6 12 
student 206: 15 4 20 10 9 6 2 16 19 8 14 7 13 1 18 5 17 12 3 11 
student 207: 13 11 2 10 18 12 19 9 20 1 4 16 5 8 3 15 6 14 7 17 
student 208: 2 17 12 18 14 8 15 6 1 7 16 3 19 20 11 5 13 10 9 4 
student 209: 16 15 19 14 8 20 18 10 7 4 5 13 1 9 12 2 6 11 3 17 
student 210: 14 12 17 1 18 19 13 15 5 9 8 2 6 3 4 11 20 7 10 16 
student 211: 13 15 3 1 12 2 5 16 7 19 14 10 20 18 17 6 4 8 9 11 
student 212: 4 17 9 8 15 16 7 6 3 2 11 10 5 18 19 13 1 14 20 12 
student 213: 5 15 2 11 18 17 7 12 8 6 9 3 10 1 14 13 20 16 4 19 
student 214: 11 3 2 7 17 4 10 18 16 5 20 14 1 13 19 9 8 15 6 12 
student 215: 3 13 6 20 18 4 19 12 7 2 5 10 17 14 15 9 16 8 1 11 
student 216: 4 20 9 1 10 11 19 8 5 3 17 13 18 15 14 2 12 7 6 16 
student 217: 2 16 11 1 18 15 5 3 7 8 13 4 20 6 17 9 19 10 14 12 
student 218: 4 20 9 6 15 13 19 10 2 7 5 8 18 12 11 1 14 17 3 16 
student 219: 13 18 8 14 17 12 20 4 9 6 5 10 3 1 11 2 7 19 15 16 
student 220: 8 3 12 13 4 10 19 17 18 14 15 6 5 7 16 11 2 20 1 9 
student 221: 14 18 6 10 19 3 5 8 2 9 11 15 1 13 16 7 4 20 12 17 
student 222: 5 15 6 2 4 20 12 8 19 9 14 7 13 3 18 10 11 17 1 16 
student 223: 5 12 1 14 3 6 10 20 9 7 4 2 19 11 13 17 16 8 18 15 
student 224: 12 5 8 7 19 2 10 14 15 13 4 6 1 18 9 3 20 11 16 17 
student 225: 16 8 10 11 15 17 2 13 7 9 12 3 4 20 19 14 5 18 6 1 
student 226: 15 12 4 2 13 5 20 10 18 8 6 9 3 14 16 11 7 19 1 17 
student 227: 17 14 16 3 20 1 18 19 13 6 10 9 11 4 8 7 2 15 5 12 
student 228: 16 18 1 12 4 5 17 10 7 6 3 13 20 11 19 15 9 8 2 14 
student 229: 6 13 5 3 9 12 4 10 8 1 19 14 7 20 16 2 17 15 18 11 
student 230: 9 13 1 7 11 20 5 14 8 4 10 18 16 3 15 17 2 19 12 6 
student 231: 17 18 15 5 6 14 12 19 7 2 20 4 3 13 16 1 11 8 10 9 
student 232: 18 20 19 10 16 6 15 7 9 12 11 14 4 5 3 8 2 13 1 17 
student 233: 6 9 13 7 10 11 17 15 20 4 1 2 16 8 18 3 12 14 5 19 
student 234: 4 18 6 3 1 2 13 20 17 9 10 19 7 16 11 8 14 12 15 5 
student 235: 3 17 2 6 16 7 11 10 20 5 18 15 4 8 19 1 13 9 14 12 
student 236: 16 18 15 1 19 2 7 13 10 12 14 17 6 4 11 3 9 5 8 20 
student 237: 6 17 16 2 20 10 9 14 18 7 5 19 8 11 12 1 3 15 4 13 
student 238: 20 8 12 16 15 9 18 7 14 1 10 17 5 4 11 13 2 19 3 6 
student 239: 10 16 19 18 17 5 11 8 13 4 1 12 2 7 9 15 6 14 3 20 
student 240: 4 7 16 2 11 13 6 10 17 18 1 19 8 3 15 5 20 14 12 9 
student 241: 8 18 17 1 19 6 13 9 10 11 5 3 2 4 15 16 12 14 7 20 
student 242: 10 17 19 11 15 1 14 5 18 2 13 7 4 3 6 9 8 16 12 20 
student 243: 16 5 7 10 20 14 17 6 2 9 13 15 1 4 19 11 12 18 3 8 
student 244: 17 7 13 2 10 4 6 9 1 5 20 19 18 8 16 14 12 15 3 11 
student 245: 6 19 1 3 18 9 13 14 4 2 11 8 15 5 16 7 20 17 12 10 
student 246: 19 20 5 8 4 15 1 12 9 14 17 13 3 2 11 10 18 6 16 7 
student 247: 19 10 2 5 3 1 14 18 13 15 6 4 9 8 16 20 11 17 12 7 
student 248: 2 12 5 9 18 13 7 11 16 8 3 14 15 6 17 4 20 10 1 19 
student 249: 13 10 11 1 5 17 12 18 7 2 6 14 19 4 16 8 3 15 9 20 
student 250: 15 9 13 12 18 8 5 20 2 7 1 16 3 11 14 17 6 10 4 19 
student 251: 12 1 5 19 14 11 10 13 4 7 6 2 3 20 17 9 8 16 15 18 
student 252: 16 19 8 3 17 10 11 7 13 14 6 18 9 15 12 2 1 4 5 20 
student 253: 12 19 1 2 16 7 8 4 6 18 13 14 3 5 17 10 20 9 15 11 
student 254: 10 17 19 2 11 12 15 4 6 5 13 16 9 20 14 3 7 18 1 8 
student 255: 5 12 18 16 17 3 13 10 8 7 4 14 11 9 1 15 2 20 6 19 
student 256: 6 1 5 2 11 15 10 9 18 20 12 17 4 8 7 19 14 13 3 16 
student 257: 19 18 8 7 6 5 16 14 17 4 20 2 11 15 3 9 1 13 10 12 
student 258: 19 20 4 5 18 3 15 7 10 11 12 6 8 14 1 13 9 17 2 16 
student 259: 14 16 7 10 9 13 15 2 8 6 11 5 1 4 19 18 3 20 12 17 
student 260: 4 18 19 1 14 12 15 10 9 8 2 16 6 13 20 7 3 17 11 5 
student 261: 3 20 6 15 8 7 17 18 12 5 14 13 4 9 19 10 1 11 2 16 
student 262: 16 15 7 3 8 14 10 11 2 13 6 19 1 9 17 12 4 20 5 18 
student 263: 19 20 4 6 15 18 3 11 2 13 12 16 1 8 17 9 10 14 7 5 
student 264: 14 18 11 7 12 1 5 2 8 13 4 9 16 10 17 3 15 20 6 19 
student 265: 12 20 6 8 10 14 5 18 11 3 7 15 13 2 17 9 1 19 16 4 
student 266: 17 15 1 5 14 16 3 6 11 7 13 20 12 9 19 10 2 4 8 18 
student 267: 12 18 4 1 17 16 7 20 6 10 5 11 13 9 19 3 8 14 2 15 
student 268: 14 2 3 1 19 20 10 15 8 9 18 17 7 13 16 12 6 11 4 5 
student 269: 18 8 11 5 12 3 9 6 16 15 4 2 14 13 17 7 10 20 1 19 
student 270: 16 19 11 7 1 17 18 3 12 15 5 6 13 9 8 10 14 20 2 4 
student 271: 18 13 14 12 4 15 1 8 3 11 17 16 7 19 5 6 20 2 10 9 
student 272: 7 6 14 4 17 15 5 10 9 20 11 13 8 16 18 1 3 19 12 2 
student 273: 1 3 15 11 4 10 8 13 9 6 16 18 2 7 20 12 17 14 5 19 
student 274: 11 14 20 1 16 9 10 13 6 2 4 17 8 7 3 18 12 15 19 5 
student 275: 10 20 17 1 4 14 2 18 12 3 8 6 19 5 15 7 9 16 11 13 
student 276: 10 20 11 4 16 1 6 12 5 3 2 17 18 14 9 15 7 19 8 13 
student 277: 10 14 9 15 18 13 6 1 4 7 3 16 20 11 19 12 8 17 2 5 
student 278: 4 15 3 10 17 18 14 6 19 1 5 11 2 16 8 7 12 20 13 9 
student 279: 13 19 5 7 18 16 1 4 2 20 3 11 14 10 9 6 12 17 8 15 
student 280: 10 14 4 7 17 2 5 15 13 3 6 11 19 12 20 18 16 8 1 9 
student 281: 13 20 18 4 10 14 17 8 7 2 19 9 5 3 12 6 16 11 1 15 
student 282: 9 5 15 17 2 4 13 6 14 16 10 8 3 12 20 18 7 19 1 11 
student 283: 16 3 12 19 11 1 8 4 17 9 5 15 6 13 14 10 20 2 7 18 
student 284: 19 2 9 14 16 3 12 10 13 1 15 4 5 8 20 17 7 11 6 18 
student 285: 13 14 3 1 17 7 12 19 11 20 10 16 15 9 18 2 5 8 6 4 
student 286: 15 4 10 18 11 7 12 14 3 6 5 20 8 2 13 1 9 17 19 16 
student 287: 7 13 2 8 18 15 4 9 17 6 16 11 3 19 14 1 12 5 10 20 
student 288: 5 14 17 20 15 11 4 19 12 3 10 13 16 7 9 2 18 8 6 1 
student 289: 13 14 19 2 4 15 1 18 17 8 12 10 9 5 6 3 16 20 7 11 
student 290: 17 3 5 7 1 20 12 18 8 15 4 16 19 6 13 11 10 14 2 9 
student 291: 16 15 5 1 4 9 3 13 18 8 6 17 2 7 20 10 14 11 12 19 
student 292: 15 18 1 5 12 8 3 9 6 11 2 16 13 7 17 10 14 20 4 19 
student 293: 6 9 11 8 18 2 16 1 14 3 7 12 19 15 4 17 13 20 5 10 
student 294: 18 1 7 8 2 15 5 4 17 6 3 12 13 16 19 14 9 20 11 10 
student 295: 7 20 8 6 17 2 19 13 10 11 5 16 15 3 12 1 4 14 18 9 
student 296: 3 12 20 2 7 11 9 18 15 14 10 5 4 8 19 16 6 17 1 13 
student 297: 4 1 9 6 11 10 7 13 18 3 17 14 19 15 12 2 8 20 5 16 
student 298: 18 19 8 3 15 11 5 7 4 2 20 17 10 6 1 13 14 12 9 16 
student 299: 8 19 2 6 3 9 18 14 4 16 7 11 10 1 13 12 20 15 5 17 
student 300: 19 16 3 10 18 1 7 9 11 17 12 8 4 5 13 14 6 15 2 20 
student 301: 12 10 7 3 20 17 18 14 9 1 19 5 2 11 15 13 8 6 16 4 
student 302: 11 1 14 8 17 2 6 18 4 15 13 16 10 3 7 9 5 12 20 19 
student 303: 4 16 11 2 7 1 5 3 12 15 10 14 20 9 18 19 8 17 6 13 
student 304: 4 12 6 10 5 1 8 17 9 14 3 19 15 18 13 16 11 7 2 20 
student 305: 11 12 5 2 18 10 17 3 20 15 14 4 9 13 6 7 19 8 1 16 
student 306: 17 20 5 11 13 14 6 18 10 2 8 16 4 3 7 15 12 9 1 19 
student 307: 7 11 8 4 16 14 1 17 12 19 13 20 18 10 15 5 3 6 2 9 
student 308: 12 19 5 16 9 11 10 15 7 2 8 4 6 1 13 18 14 20 3 17 
student 309: 2 16 18 13 8 5 12 10 14 1 4 15 3 11 9 20 6 17 7 19 
student 310: 13 4 20 3 19 17 16 10 14 1 2 7 12 8 5 18 11 15 9 6 
student 311: 11 2 3 16 17 15 9 20 5 7 13 6 19 18 1 8 14 12 4 10 
student 312: 17 14 15 1 3 18 12 20 5 7 2 10 16 11 19 4 6 13 9 8 
student 313: 11 8 5 3 7 2 13 15 4 12 9 14 19 18 20 1 17 16 6 10 
student 314: 1 20 3 9 14 15 4 17 6 7 19 18 11 5 8 10 13 16 2 12 
student 315: 13 11 9 14 17 18 6 7 4 3 5 16 1 10 12 8 15 20 2 19 
student 316: 2 13 10 11 20 19 9 4 1 15 7 6 17 14 18 3 8 16 5 12 
student 317: 9 16 6 5 14 4 19 10 15 1 17 18 2 20 12 13 8 7 11 3 
student 318: 12 14 17 4 2 9 11 19 10 6 13 16 7 3 5 18 20 15 1 8 
student 319: 18 19 3 16 11 12 17 2 8 6 5 7 9 15 14 10 1 20 4 13 
student 320: 17 1 12 11 19 4 14 13 7 5 8 10 9 2 16 15 18 3 6 20 
student 321: 8 14 1 13 10 6 12 20 19 3 4 9 2 18 15 17 7 16 5 11 
student 322: 16 15 5 14 7 6 2 1 10 3 18 12 13 8 17 9 4 19 20 11 
student 323: 14 17 2 12 20 13 3 5 1 4 18 15 9 11 6 8 16 19 7 10 
student 324: 11 20 10 3 1 8 15 16 12 4 2 18 6 9 7 13 17 14 5 19 
student 325: 10 4 5 12 18 15 17 13 14 2 7 11 6 8 16 3 9 19 1 20 
student 326: 18 15 3 7 14 16 8 12 11 6 5 19 17 9 20 1 10 4 2 13 
student 327: 10 18 4 2 12 5 8 19 11 3 7 9 16 6 20 14 15 17 1 13 
student 328: 15 4 1 10 18 20 6 7 8 13 3 14 11 2 12 19 17 16 9 5 
student 329: 18 12 20 2 10 11 19 6 7 17 3 13 15 14 8 1 4 16 5 9 
student 330: 14 17 3 4 13 1 11 5 7 2 20 16 15 18 19 9 8 12 6 10 
student 331: 15 13 9 1 6 11 2 16 12 7 17 20 14 3 18 5 19 10 8 4 
student 332: 11 5 3 10 17 2 20 12 8 7 6 16 14 19 4 1 18 15 9 13 
student 333: 4 13 12 1 18 11 2 17 3 14 8 5 9 7 16 6 15 19 10 20 
student 334: 9 2 18 7 12 8 5 20 13 10 6 17 19 11 14 1 3 16 15 4 
student 335: 20 17 1 14 18 12 3 16 19 15 4 10 13 11 8 5 6 9 2 7 
student 336: 9 15 4 2 14 7 19 10 12 11 1 8 3 16 17 5 20 6 13 18 
student 337: 15 19 9 2 8 20 3 13 7 6 5 18 12 14 17 10 4 16 1 11 
student 338: 4 3 2 1 11 9 6 5 12 19 17 8 13 10 20 7 15 18 14 16 
student 339: 1 19 7 2 16 20 18 12 4 3 6 14 10 15 8 17 9 13 5 11 
student 340: 6 13 17 1 19 16 2 9 12 18 8 11 14 5 4 7 10 20 3 15 
student 341: 17 10 6 5 19 13 12 18 14 4 3 15 11 16 8 9 1 20 2 7 
student 342: 19 12 4 2 17 7 18 1 13 9 10 3 8 14 20 11 6 15 5 16 
student 343: 8 14 1 2 19 4 5 6 18 17 12 7 16 11 3 9 10 20 13 15 
student 344: 18 19 8 6 20 10 3 17 4 15 5 12 1 13 7 2 9 16 14 11 
student 345: 5 8 15 1 17 6 19 7 13 11 12 9 18 14 20 2 3 4 10 16 
student 346: 10 7 2 15 19 4 11 6 16 5 9 18 8 1 13 14 3 17 20 12 
student 347: 14 12 2 4 19 15 10 9 17 13 7 6 5 8 18 1 3 11 16 20 
student 348: 1 12 19 2 7 5 11 4 17 14 3 10 8 13 9 20 15 16 6 18 
student 349: 19 14 5 18 20 9 11 12 15 7 10 4 1 16 17 3 2 13 6 8 
student 350: 17 9 1 5 12 7 19 20 8 15 13 3 10 11 18 4 16 14 2 6 
student 351: 14 4 7 3 19 9 17 16 13 18 5 6 10 8 12 15 20 2 1 11 
student 352: 19 16 10 14 12 6 3 20 5 17 13 7 15 1 8 4 9 11 2 18 
student 353: 10 2 4 12 9 16 18 8 15 1 14 19 20 7 6 11 3 13 5 17 
student 354: 20 14 13 11 15 6 16 8 17 7 1 12 2 9 18 4 5 10 19 3 
student 355: 4 19 3 10 13 8 9 11 20 2 16 12 7 18 5 6 15 17 1 14 
student 356: 3 5 6 4 16 19 1 17 18 9 13 7 8 15 20 11 12 10 2 14 
student 357: 18 11 19 3 13 4 5 10 8 14 16 20 15 9 17 6 2 12 1 7 
student 358: 18 20 5 17 9 19 13 8 14 10 7 4 16 2 15 6 12 11 3 1 
student 359: 6 1 17 9 8 3 10 11 20 13 16 18 2 5 4 14 15 19 12 7 
student 360: 8 1 2 4 15 12 11 13 17 20 5 10 9 16 19 18 6 14 3 7 
student 361: 8 17 19 11 14 10 18 7 6 3 9 13 4 2 15 12 1 20 5 16 
student 362: 4 14 12 6 16 13 1 8 2 17 10 5 18 7 3 15 9 20 11 19 
student 363: 18 19 6 3 10 15 20 17 4 1 9 2 7 5 16 11 8 14 13 12 
student 364: 1 10 13 12 18 17 6 16 20 8 2 4 9 3 15 7 14 19 5 11 
student 365: 19 15 1 9 17 4 2 13 7 16 3 12 20 8 14 6 10 11 5 18 
student 366: 7 14 3 11 20 8 5 10 15 17 2 13 9 12 16 4 1 19 6 18 
student 367: 3 11 16 6 7 2 9 20 19 10 12 18 14 13 4 5 8 15 1 17 
student 368: 19 16 8 9 3 12 7 11 14 10 6 15 1 2 20 13 5 17 4 18 
student 369: 7 16 9 11 18 6 20 13 10 1 8 19 4 15 14 5 17 3 2 12 
student 370: 10 7 12 1 20 9 3 19 13 4 2 5 6 8 17 11 16 14 15 18 
student 371: 16 9 18 3 20 10 13 2 4 6 14 19 1 11 15 12 7 17 5 8 
student 372: 10 17 14 2 9 4 16 15 18 7 1 5 6 8 13 3 19 20 11 12 
student 373: 19 16 6 9 10 14 8 15 12 13 4 3 7 2 17 5 11 18 1 20 
student 374: 20 19 8 4 2 9 5 10 17 12 3 15 1 16 7 13 6 18 14 11 
student 375: 9 19 10 3 8 12 5 17 14 1 7 18 11 16 20 4 6 13 2 15 
student 376: 7 18 3 1 16 4 12 15 11 6 13 10 5 20 8 9 14 17 2 19 
student 377: 12 15 13 5 14 3 4 17 20 18 1 10 7 6 16 2 11 8 9 19 
student 378: 5 11 12 8 7 1 18 17 19 14 2 10 9 15 20 6 3 13 16 4 
student 379: 20 11 9 3 13 8 10 12 19 7 2 17 16 14 18 4 1 5 6 15 
student 380: 4 16 5 7 6 3 15 10 8 1 2 14 13 17 20 12 9 19 11 18 
student 381: 15 2 9 12 4 7 13 3 17 18 20 11 5 6 10 8 19 16 1 14 
student 382: 17 10 19 12 13 4 6 15 3 5 7 2 1 9 16 8 11 18 14 20 
student 383: 13 5 11 8 15 19 2 4 14 10 17 1 3 18 12 9 6 20 16 7 
student 384: 16 19 12 17 10 5 4 14 3 15 1 11 7 8 13 6 18 20 2 9 
student 385: 10 18 5 3 13 4 11 14 15 7 16 12 2 9 19 6 20 17 1 8 
student 386: 1 17 6 2 18 11 5 14 4 20 7 9 3 15 12 16 8 19 10 13 
student 387: 19 10 4 7 11 1 13 17 20 6 8 15 5 12 18 3 9 16 2 14 
student 388: 2 10 6 3 16 7 5 20 12 4 13 15 9 11 18 8 14 17 1 19 
student 389: 10 18 4 5 14 9 8 1 19 13 3 7 12 11 17 6 15 16 2 20 
student 390: 14 12 18 8 20 6 16 1 19 17 3 10 2 5 11 4 13 15 7 9 
student 391: 10 12 7 9 4 19 5 13 1 2 8 11 15 3 18 6 17 20 16 14 
student 392: 16 11 1 5 15 6 10 17 4 3 14 18 19 13 7 8 20 12 2 9 
student 393: 11 1 7 2 9 3 18 12 13 17 5 20 15 19 4 10 8 6 14 16 
student 394: 3 4 12 7 11 6 8 15 10 2 13 17 14 18 20 9 1 16 5 19 
student 395: 3 8 17 6 14 19 7 11 10 4 15 16 2 9 20 5 13 18 1 12 
student 396: 17 19 8 1 18 7 5 16 14 9 10 2 3 12 6 11 13 20 4 15 
student 397: 18 1 5 20 17 8 6 3 19 4 9 15 11 2 14 12 13 7 10 16 
student 398: 6 15 9 1 16 14 8 18 5 10 17 19 12 11 13 3 20 7 4 2 
student 399: 6 14 3 2 20 16 12 18 17 8 4 9 11 1 13 5 7 15 10 19 
student 400: 14 18 1 2 17 6 9 8 11 13 7 10 3 4 16 12 5 15 19 20 
student 401: 20 4 5 9 8 16 10 7 11 1 2 14 17 19 12 3 13 15 6 18 
student 402: 7 3 17 2 13 11 5 8 10 4 18 19 14 20 16 1 9 15 6 12 
student 403: 19 17 4 2 7 11 13 18 6 5 10 9 3 8 15 1 16 14 12 20 
student 404: 14 16 3 1 15 6 13 11 17 4 5 20 2 7 10 8 19 9 12 18 
student 405: 11 20 5 6 18 8 10 15 19 1 12 16 4 7 17 2 9 13 14 3 
student 406: 16 5 1 6 8 4 15 3 2 12 10 14 13 11 17 18 9 20 7 19 
student 407: 16 6 1 11 8 17 19 10 20 3 4 12 2 9 13 18 14 7 5 15 
student 408: 14 16 2 7 19 13 10 9 18 15 6 12 3 5 11 8 17 20 1 4 
student 409: 18 4 3 13 14 7 2 17 19 1 8 11 6 5 16 12 15 10 9 20 
student 410: 19 2 9 11 6 10 16 18 13 12 14 20 7 3 8 15 1 17 4 5 
student 411: 11 6 2 18 19 8 15 13 17 4 7 1 3 9 5 20 16 12 14 10 
student 412: 3 10 5 6 14 1 12 16 7 18 11 19 15 8 9 2 13 17 4 20 
student 413: 15 13 3 5 16 7 18 10 9 2 1 11 6 4 19 17 14 20 12 8 
student 414: 8 5 2 7 11 18 16 14 13 1 6 17 10 3 15 12 20 19 4 9 
student 415: 13 20 15 4 5 3 19 17 10 18 7 6 8 16 11 9 2 14 1 12 
student 416: 11 17 6 4 16 13 15 1 8 9 2 18 12 3 20 10 19 14 5 7 
student 417: 17 9 15 5 18 2 14 19 6 16 12 11 8 7 20 13 4 10 3 1 
student 418: 1 9 15 2 8 13 19 11 14 5 16 12 3 6 10 17 20 4 7 18 
student 419: 13 9 1 16 8 15 20 5 7 2 4 12 14 19 18 6 11 17 3 10 
student 420: 18 4 14 8 11 2 16 12 3 10 7 1 20 17 15 6 13 9 5 19 
student 421: 19 17 8 4 20 2 15 1 14 3 13 11 12 16 7 5 10 18 6 9 
student 422: 13 8 16 11 9 17 19 18 6 1 5 3 2 14 10 15 7 12 4 20 
student 423: 6 8 1 9 11 3 16 20 18 13 2 17 5 7 19 4 15 10 14 12 
student 424: 13 17 9 7 20 19 4 15 16 2 12 18 10 5 3 6 1 8 11 14 
student 425: 10 3 4 20 6 15 18 17 9 11 19 2 1 13 5 7 14 16 12 8 
student 426: 9 4 1 17 6 5 13 18 19 3 7 11 8 2 16 15 14 20 12 10 
student 427: 2 11 13 17 5 15 9 16 1 20 6 8 4 12 14 3 10 18 7 19 
student 428: 3 14 5 4 17 10 9 18 11 15 1 12 2 7 6 19 8 13 20 16 
student 429: 16 20 9 3 2 1 15 14 7 6 4 12 11 13 19 17 5 18 10 8 
student 430: 17 6 20 4 12 8 13 18 14 9 5 19 3 1 15 11 16 7 2 10 
student 431: 4 11 8 1 17 13 14 20 3 5 10 7 16 15 19 6 18 12 9 2 
student 432: 2 17 5 6 19 7 12 3 20 9 4 18 10 15 13 14 11 8 16 1 
student 433: 13 12 4 11 18 15 10 9 16 5 8 17 2 6 7 14 3 19 1 20 
student 434: 19 3 15 4 8 1 16 6 18 7 10 14 13 9 2 12 5 17 11 20 
student 435: 12 9 10 8 2 17 11 3 13 14 15 19 4 1 20 7 5 16 18 6 
student 436: 1 18 6 11 2 16 3 19 7 14 17 8 4 9 15 10 13 12 5 20 
student 437: 12 16 7 9 10 5 14 13 6 1 11 20 2 4 19 18 15 8 3 17 
student 438: 9 19 4 8 14 18 11 17 12 6 7 3 20 2 13 15 1 16 10 5 
student 439: 9 15 2 18 6 16 17 20 4 5 10 13 7 8 14 11 3 12 19 1 
student 440: 7 18 13 4 2 16 5 19 9 6 11 10 17 20 12 8 15 14 1 3 
student 441: 15 16 7 8 14 12 10 1 11 9 13 18 3 5 19 20 4 17 6 2 
student 442: 7 17 1 4 14 5 18 6 9 3 12 2 15 16 10 11 19 20 8 13 
student 443: 10 4 15 3 16 8 9 13 5 2 19 18 7 12 6 11 20 14 17 1 
student 444: 7 20 16 18 19 9 13 8 17 4 5 10 1 15 14 6 11 2 3 12 
student 445: 3 5 12 7 4 9 13 15 10 8 11 18 1 20 17 6 14 16 2 19 
student 446: 7 20 4 19 5 6 13 17 10 3 12 11 9 1 8 2 14 18 16 15 
student 447: 15 18 2 20 1 8 13 11 17 5 19 6 4 16 12 3 7 14 10 9 
student 448: 4 13 5 6 14 8 19 12 9 7 11 3 20 2 17 16 10 15 1 18 
student 449: 12 16 3 1 17 2 4 6 15 11 19 9 13 10 7 20 14 8 5 18 
student 450: 20 19 15 11 1 7 4 2 10 3 6 5 14 12 8 13 16 18 17 9 
student 451: 3 16 20 4 18 2 5 10 14 17 6 9 8 7 12 1 13 15 19 11 
student 452: 6 17 1 3 11 9 16 20 19 8 2 13 4 5 10 12 7 18 14 15 
student 453: 18 9 4 7 5 6 13 1 15 17 3 16 10 2 12 11 14 19 8 20 
student 454: 7 13 9 3 11 4 1 14 17 15 2 6 5 10 16 12 18 19 8 20 
student 455: 13 20 14 10 15 11 18 8 7 6 9 17 2 3 16 12 1 4 5 19 
student 456: 3 6 4 2 11 19 8 13 18 12 16 15 1 20 9 14 10 7 17 5 
student 457: 6 5 13 3 17 10 16 18 1 20 11 8 4 7 12 15 9 14 2 19 
student 458: 10 15 8 2 20 14 1 18 6 9 17 11 3 5 12 13 4 16 7 19 
student 459: 4 9 10 1 19 12 3 7 16 20 2 6 14 8 13 5 18 11 17 15 
student 460: 6 20 8 7 17 14 16 9 11 5 4 13 12 1 18 3 10 15 2 19 
student 461: 3 18 7 4 11 17 16 8 10 5 14 13 6 2 9 1 12 19 15 20 
student 462: 19 7 12 4 11 1 14 2 18 3 6 17 15 10 13 9 8 5 16 20 
student 463: 14 18 5 3 19 17 7 8 12 4 15 16 6 2 20 10 11 9 1 13 
student 464: 2 14 3 8 18 9 6 1 12 5 13 17 7 11 20 15 10 16 4 19 
student 465: 17 12 14 1 4 3 10 16 6 13 19 11 15 7 20 8 18 5 9 2 
student 466: 15 2 10 8 14 3 1 6 11 7 18 5 16 4 9 12 19 20 13 17 
student 467: 2 18 9 4 20 10 6 11 16 5 3 13 8 7 14 12 15 19 1 17 
student 468: 17 3 18 16 15 10 2 13 11 4 6 20 5 7 12 1 8 19 9 14 
student 469: 17 7 18 12 9 15 13 4 8 11 6 19 1 16 20 5 10 14 3 2 
student 470: 10 17 12 16 13 8 2 5 20 1 4 7 9 3 19 14 11 18 6 15 
student 471: 4 2 11 6 19 5 10 12 18 8 13 15 9 14 20 1 17 3 7 16 
student 472: 10 19 5 3 11 13 12 2 14 4 16 15 6 8 18 17 20 7 1 9 
student 473: 7 17 6 2 16 14 19 20 11 13 8 10 12 3 15 5 4 9 1 18 
student 474: 9 10 1 7 18 11 15 12 14 4 16 2 3 6 17 8 5 19 13 20 
student 475: 20 4 2 14 13 12 8 17 15 6 3 19 1 5 18 16 10 11 9 7 
student 476: 19 13 2 11 17 5 6 20 1 3 14 18 16 9 15 12 10 8 7 4 
student 477: 20 19 16 3 9 10 17 8 5 1 18 4 11 15 2 7 6 12 14 13 
student 478: 11 5 8 1 18 16 14 15 7 10 3 19 2 12 9 6 17 20 4 13 
student 479: 16 7 9 2 18 13 6 12 3 15 5 20 10 4 19 1 14 17 8 11 
student 480: 13 17 8 3 18 16 15 14 19 5 4 6 2 7 20 11 12 9 1 10 
student 481: 6 7 13 1 16 15 3 14 20 11 5 17 4 9 10 18 12 8 2 19 
student 482: 10 17 9 5 16 13 1 8 18 11 3 20 2 19 7 12 6 14 4 15 
student 483: 4 12 8 3 1 2 20 17 16 9 11 19 7 14 15 13 10 18 6 5 
student 484: 6 11 5 10 12 19 4 18 2 7 8 20 14 13 17 9 3 16 15 1 
student 485: 17 7 6 2 14 1 8 20 16 12 11 19 9 4 13 3 15 10 18 5 
student 486: 2 16 8 3 14 10 13 18 17 1 7 4 5 9 12 11 15 20 6 19 
student 487: 13 8 15 6 9 14 18 4 16 2 20 7 11 19 10 17 3 12 1 5 
student 488: 14 12 4 3 6 20 13 1 18 17 5 19 7 11 15 2 10 16 8 9 
student 489: 5 9 4 6 2 13 3 15 11 17 7 8 10 19 14 12 16 1 18 20 
student 490: 11 16 8 2 19 1 7 10 3 13 12 14 15 9 6 4 18 20 5 17 
student 491: 14 19 6 3 4 2 12 10 17 8 13 16 5 1 11 18 7 15 20 9 
student 492: 6 13 3 7 12 18 14 2 20 8 16 1 10 15 17 11 9 19 5 4 
student 493: 17 9 16 8 12 7 18 6 3 11 4 10 5 13 1 15 14 19 2 20 
student 494: 9 18 5 3 17 1 19 16 7 4 11 12 13 15 8 14 6 10 2 20 
student 495: 6 13 5 17 19 10 4 2 1 15 3 11 18 8 20 7 12 9 14 16 
student 496: 15 13 3 17 2 4 18 16 7 8 5 20 12 14 10 6 19 11 1 9 
student 497: 7 5 16 10 6 3 13 12 9 4 18 15 20 11 17 8 19 1 2 14 
student 498: 19 12 2 18 17 6 5 15 9 1 3 14 20 4 8 10 16 7 13 11 
student 499: 19 11 10 5 1 8 9 13 7 2 3 14 6 17 12 20 4 18 16 15 
student 500: 16 14 7 1 3 6 19 15 17 5 12 11 4 10 8 2 13 18 9 20 
student 501: 8 15 5 16 11 9 4 14 10 13 2 17 6 7 12 1 3 18 19 20 
student 502: 6 9 5 3 20 17 10 18 13 8 4 14 7 2 15 12 16 11 19 1 
student 503: 5 3 8 2 18 7 20 11 4 16 10 12 14 1 6 9 19 17 15 13 
student 504: 4 10 6 2 15 13 1 14 11 16 9 20 5 3 18 8 7 12 17 19 
student 505: 16 11 1 17 18 20 12 6 15 4 5 3 9 14 19 10 13 8 7 2 
student 506: 1 20 16 5 3 4 15 14 13 2 7 12 6 9 17 10 19 11 8 18 
student 507: 19 16 12 1 13 9 3 15 4 5 6 18 2 11 14 7 17 20 8 10 
student 508: 3 9 4 5 11 8 6 17 18 1 7 10 2 20 19 14 12 13 15 16 
student 509: 13 14 15 6 1 20 7 3 18 8 11 9 2 4 17 12 5 19 10 16 
student 510: 8 5 12 14 20 6 1 19 3 4 16 17 10 13 18 11 9 7 2 15 
student 511: 19 18 7 5 3 4 1 15 14 12 6 9 13 10 16 11 17 20 2 8 
student 512: 6 20 7 11 12 1 14 8 18 13 10 9 3 5 19 17 2 15 4 16 
student 513: 11 19 5 13 1 6 4 14 12 2 17 7 3 10 9 20 15 18 8 16 
student 514: 18 14 3 16 17 15 11 19 20 2 13 10 4 5 8 6 12 1 9 7 
student 515: 13 15 2 8 10 4 9 11 5 1 3 12 14 16 18 7 17 19 6 20 
student 516: 17 20 2 10 14 8 11 18 19 5 7 6 16 13 4 15 12 3 1 9 
student 517: 19 14 5 2 16 8 11 10 4 3 1 20 18 6 12 15 13 17 7 9 
student 518: 19 13 1 6 17 16 11 18 3 14 7 4 10 8 20 12 15 9 2 5 
student 519: 3 18 2 15 4 8 10 13 7 17 16 1 6 12 20 9 11 14 5 19 
student 520: 6 20 1 3 19 10 16 12 14 4 5 8 15 11 17 18 2 7 9 13 
student 521: 7 9 3 14 2 10 13 15 20 19 12 16 4 6 8 5 11 18 1 17 
student 522: 8 9 7 4 17 13 10 15 2 5 12 1 11 6 19 3 20 14 16 18 
student 523: 18 12 2 6 3 9 15 19 8 11 1 20 4 14 17 7 16 10 5 13 
student 524: 15 20 7 1 14 12 3 9 18 10 11 8 6 13 17 2 5 19 4 16 
student 525: 7 12 15 8 9 6 16 18 20 19 3 4 5 17 2 10 13 11 14 1 
student 526: 8 5 14 3 17 9 7 10 16 13 12 20 19 1 11 15 4 6 2 18 
student 527: 14 9 7 4 19 12 1 13 8 5 17 18 2 20 16 10 3 15 11 6 
student 528: 8 20 3 2 12 10 4 1 15 16 7 6 9 13 18 17 14 19 5 11 
student 529: 2 18 5 1 15 12 17 13 11 7 20 6 4 8 14 10 16 19 3 9 
student 530: 3 19 2 10 12 6 5 16 17 15 1 8 7 14 9 20 13 18 4 11 
student 531: 7 8 10 14 20 4 15 3 13 5 6 11 9 17 18 12 2 19 1 16 
student 532: 7 19 3 4 6 2 13 16 20 1 10 12 9 17 14 8 18 5 11 15 
student 533: 11 16 12 2 15 6 13 7 9 1 4 20 3 5 17 14 8 19 10 18 
student 534: 15 17 11 2 12 13 7 16 10 5 4 9 8 1 19 14 3 20 6 18 
student 535: 2 17 10 3 19 15 6 20 14 1 5 18 4 13 11 9 16 8 7 12 
student 536: 3 4 6 1 20 19 13 18 8 17 9 15 2 5 12 11 14 7 16 10 
student 537: 8 16 12 2 11 4 9 14 20 3 1 10 5 17 18 13 15 19 6 7 
student 538: 1 13 18 9 19 3 14 8 5 16 17 20 2 7 6 4 11 15 12 10 
student 539: 12 20 8 2 9 11 17 15 10 19 5 1 7 3 14 13 6 18 16 4 
student 540: 12 14 2 3 7 10 1 16 19 6 8 18 4 13 11 5 15 20 9 17 
student 541: 8 2 3 14 13 4 5 20 12 1 10 11 7 15 6 9 16 17 18 19 
student 542: 20 17 1 4 3 14 8 6 9 11 7 12 13 2 18 5 10 16 15 19 
student 543: 1 19 15 13 20 18 2 11 9 7 8 14 6 10 12 17 5 3 4 16 
student 544: 2 18 4 6 3 5 12 15 17 1 8 7 10 11 19 9 20 16 14 13 
student 545: 2 14 3 1 17 4 5 12 20 6 7 18 11 13 8 10 9 16 19 15 
student 546: 4 7 18 11 3 1 16 13 5 8 14 17 15 10 6 2 20 19 9 12 
student 547: 19 11 2 4 5 8 10 18 9 3 14 6 7 1 17 20 13 12 15 16 
student 548: 18 11 1 12 14 3 5 4 17 13 7 20 2 16 9 6 8 19 10 15 
student 549: 2 13 8 3 5 20 15 18 12 19 4 16 11 17 7 6 1 9 10 14 
student 550: 1 15 7 3 20 9 8 14 11 16 4 10 12 19 5 6 2 13 18 17 
student 551: 14 12 10 16 15 6 18 20 4 7 9 19 2 1 5 17 3 13 8 11 
student 552: 1 19 18 6 10 2 9 4 12 7 16 17 13 3 20 5 11 15 8 14 
student 553: 4 16 2 9 15 20 5 19 6 17 8 14 10 13 12 1 18 11 3 7 
student 554: 1 11 15 7 8 13 17 5 10 3 9 4 6 14 20 16 2 19 12 18 
student 555: 6 13 3 16 8 20 18 9 11 17 2 7 19 14 4 10 1 12 15 5 
student 556: 16 11 2 1 9 12 5 14 10 13 8 19 15 4 7 3 6 18 17 20 
student 557: 14 8 12 4 13 20 2 15 19 7 3 17 9 10 16 18 1 6 11 5 
student 558: 7 9 2 5 14 19 3 6 18 4 1 12 13 10 15 8 11 20 17 16 
student 559: 9 19 10 2 14 17 15 6 12 4 7 18 11 16 1 13 5 8 3 20 
student 560: 16 18 17 10 5 3 19 9 7 12 6 14 4 2 13 8 11 20 1 15 
student 561: 14 2 3 10 17 12 19 13 20 11 9 6 18 5 16 1 15 7 4 8 
student 562: 10 13 9 5 16 14 15 18 6 19 8 17 1 3 20 2 7 12 11 4 
student 563: 5 7 14 2 19 1 16 11 10 6 20 18 8 3 15 13 9 17 4 12 
student 564: 6 19 3 1 5 9 13 4 11 18 16 17 8 15 14 10 12 20 2 7 
student 565: 6 20 4 1 8 3 2 10 14 18 9 7 12 5 19 13 16 15 11 17 
student 566: 19 8 4 15 20 11 1 14 3 13 10 18 6 5 17 16 2 9 12 7 
student 567: 14 3 2 1 8 6 13 15 18 7 12 9 5 10 20 4 19 17 11 16 
student 568: 16 12 6 1 10 2 14 17 19 15 9 8 3 7 13 5 11 18 4 20 
student 569: 1 20 18 2 9 3 8 19 12 5 10 14 16 11 13 17 7 15 4 6 
student 570: 4 7 8 13 20 1 16 19 5 6 12 15 18 10 3 17 2 9 11 14 
student 571: 14 6 20 2 16 19 8 17 13 4 15 18 5 12 10 1 7 9 11 3 
student 572: 1 18 9 5 15 10 14 19 11 6 3 2 13 17 12 8 16 7 4 20 
student 573: 19 17 2 10 18 4 1 5 6 7 16 11 12 3 9 8 15 14 13 20 
student 574: 17 8 20 13 11 18 12 1 6 16 10 4 15 3 19 7 2 9 5 14 
student 575: 6 20 2 1 9 4 7 12 19 17 13 15 5 10 3 18 8 16 14 11 
student 576: 19 1 2 14 18 10 13 17 12 7 6 8 5 9 3 16 11 20 4 15 
student 577: 8 18 7 19 11 4 5 15 14 6 17 9 3 16 13 2 1 20 12 10 
student 578: 13 1 4 5 17 7 15 10 8 12 6 20 3 19 2 14 18 16 9 11 
student 579: 7 19 3 10 13 5 17 9 20 4 12 15 16 6 14 18 2 11 1 8 
student 580: 5 9 13 20 1 6 10 11 7 4 17 18 3 15 14 8 2 19 16 12 
student 581: 19 16 20 5 15 10 9 2 18 11 7 14 4 8 6 12 13 3 1 17 
student 582: 19 16 13 2 17 10 4 1 12 20 14 15 11 8 7 9 6 18 5 3 
student 583: 7 17 1 6 12 5 2 19 11 4 8 15 10 9 16 13 14 20 3 18 
student 584: 12 6 5 2 18 4 17 20 7 13 19 9 14 10 15 3 1 11 8 16 
student 585: 11 16 4 2 12 5 6 14 15 1 9 18 7 13 19 10 17 20 3 8 
student 586: 6 15 4 7 9 5 20 3 12 14 18 11 10 8 17 1 16 19 2 13 
student 587: 9 2 4 10 14 16 1 20 15 8 11 19 5 18 17 12 6 13 3 7 
student 588: 18 8 16 5 10 2 17 20 3 6 4 11 7 9 15 1 13 14 12 19 
student 589: 1 15 19 6 20 3 10 7 2 9 4 17 13 14 8 16 12 11 5 18 
student 590: 10 16 8 18 14 9 1 4 20 11 3 19 7 17 15 13 6 12 2 5 
student 591: 2 4 9 7 17 6 15 16 18 3 14 8 5 13 20 11 19 12 1 10 
student 592: 7 15 1 17 13 3 2 4 14 10 5 12 11 18 9 8 20 16 6 19 
student 593: 12 14 15 13 7 9 3 11 8 17 20 4 5 10 16 6 19 2 1 18 
student 594: 2 7 15 8 14 1 11 19 20 10 4 16 5 12 9 3 17 18 6 13 
student 595: 12 7 5 6 14 9 4 19 17 3 16 20 13 18 15 11 8 10 2 1 
student 596: 16 17 8 13 18 10 1 20 3 4 14 9 5 11 12 7 15 6 2 19 
student 597: 20 9 15 7 12 16 19 2 11 13 1 5 4 10 18 8 14 17 3 6 
student 598: 10 20 11 3 16 9 2 12 13 1 6 14 5 7 18 8 15 17 4 19 
student 599: 1 10 17 12 18 15 2 13 6 7 4 9 8 14 16 19 5 11 3 20 
student 600: 1 4 9 3 19 5 15 8 18 7 6 14 13 12 16 20 17 11 2 10 
student 601: 14 4 10 3 9 5 12 19 16 1 2 6 11 13 7 15 18 20 8 17 
student 602: 11 17 16 4 1 15 10 9 14 5 20 12 3 2 8 19 6 13 7 18 
student 603: 19 8 3 6 17 5 11 10 18 12 4 20 7 13 9 16 14 15 2 1 
student 604: 19 8 9 1 2 16 14 10 6 18 3 20 15 7 17 11 13 5 4 12 
student 605: 15 10 7 13 14 2 20 4 18 11 1 6 5 16 9 19 3 17 8 12 
student 606: 20 17 2 10 8 5 6 12 18 11 15 7 3 4 9 1 19 14 16 13 
student 607: 20 4 12 2 16 14 8 10 13 6 11 3 9 7 19 5 18 17 1 15 
student 608: 10 13 4 5 11 3 2 7 19 1 6 18 9 16 20 15 12 14 8 17 
student 609: 14 13 9 2 18 5 11 7 15 3 12 20 4 1 10 17 8 19 6 16 
student 610: 2 7 3 13 10 14 8 6 18 1 11 15 4 17 20 12 16 19 9 5 
student 611: 13 6 4 3 2 7 14 16 18 5 12 17 1 9 10 11 20 15 8 19 
student 612: 20 9 2 5 14 8 16 18 10 7 17 11 13 3 12 15 4 6 1 19 
student 613: 7 16 1 13 9 8 2 15 10 18 17 12 4 6 14 19 3 20 5 11 
student 614: 16 7 1 19 17 20 18 13 14 10 4 5 6 3 15 11 8 9 2 12 
student 615: 20 1 12 13 16 17 11 18 9 3 2 5 19 4 15 10 8 7 6 14 
student 616: 15 17 3 1 12 16 8 13 19 7 9 2 11 6 14 10 5 18 4 20 
student 617: 20 12 5 7 19 13 14 1 11 2 3 17 8 6 10 4 15 16 9 18 
student 618: 17 20 3 10 19 13 14 15 7 2 5 18 4 11 16 1 9 12 8 6 
student 619: 17 16 2 11 1 9 12 5 10 3 6 19 18 7 15 14 8 13 4 20 
student 620: 19 13 2 3 16 12 5 10 14 18 8 7 17 4 20 15 11 6 1 9 
student 621: 6 1 10 5 14 11 20 16 8 17 18 12 15 4 7 9 3 2 13 19 
student 622: 18 20 9 6 5 14 13 19 16 3 10 15 1 4 7 8 2 12 11 17 
student 623: 1 6 8 2 13 4 15 18 11 5 3 7 12 9 17 14 16 20 10 19 
student 624: 14 13 1 8 20 15 19 10 7 11 5 17 3 2 16 4 12 9 6 18 
student 625: 12 16 2 3 14 7 9 4 17 11 13 8 6 5 20 1 18 19 10 15 
student 626: 4 14 7 8 13 2 1 18 5 10 16 11 17 15 20 3 6 12 9 19 
student 627: 12 20 10 1 17 6 8 16 11 5 3 15 13 7 18 9 14 19 2 4 
student 628: 14 4 20 1 13 3 18 7 6 5 9 10 17 16 11 8 15 12 2 19 
student 629: 6 16 13 10 11 5 7 18 14 4 12 8 1 20 3 9 15 17 2 19 
student 630: 17 8 20 7 11 5 13 6 3 2 10 12 1 4 14 19 9 16 18 15 
student 631: 5 6 12 9 17 2 8 18 16 1 20 13 4 3 10 11 7 19 15 14 
student 632: 15 20 16 7 10 6 12 18 2 4 5 3 1 8 9 14 13 19 11 17 
student 633: 15 16 17 3 9 13 14 1 18 6 7 20 4 5 11 8 12 10 2 19 
student 634: 20 7 4 5 11 12 2 8 17 13 14 15 9 16 6 1 3 19 10 18 
student 635: 20 3 15 11 4 1 13 12 6 2 18 16 17 19 14 5 8 7 9 10 
student 636: 7 12 1 4 5 15 10 17 20 8 3 13 16 18 6 2 14 9 11 19 
student 637: 5 19 7 20 11 4 2 8 16 15 1 18 9 14 17 10 3 13 12 6 
student 638: 20 19 6 3 10 5 12 17 11 13 7 15 14 2 9 4 8 16 1 18 
student 639: 2 3 15 20 1 18 17 7 4 13 6 11 19 8 16 9 10 5 14 12 
student 640: 15 11 6 2 1 13 16 9 7 3 10 12 4 17 19 8 14 5 20 18 
student 641: 17 15 6 10 16 18 2 7 4 5 12 9 8 1 11 13 3 20 14 19 
student 642: 12 19 2 18 5 8 7 9 14 10 16 6 15 17 11 1 4 20 3 13 
student 643: 4 14 7 13 19 20 6 10 16 11 8 5 17 18 15 1 2 12 3 9 
student 644: 2 14 7 19 13 20 17 8 6 3 5 1 12 4 16 11 15 18 9 10 
student 645: 8 15 6 4 18 3 10 19 2 1 13 12 11 9 17 20 14 5 7 16 
student 646: 14 13 8 2 18 6 9 20 4 1 5 10 3 15 17 11 19 12 16 7 
student 647: 9 16 5 11 18 4 15 12 13 1 19 8 10 2 20 7 14 3 6 17 
student 648: 3 10 2 1 20 16 17 5 4 13 8 11 9 7 15 6 18 12 14 19 
student 649: 11 15 12 7 18 9 3 10 8 4 14 5 17 13 2 1 16 20 6 19 
student 650: 14 12 11 2 17 1 15 13 3 18 5 19 4 7 10 20 8 9 6 16 
student 651: 11 19 3 12 13 4 8 16 14 9 10 15 5 20 2 6 7 18 1 17 
student 652: 1 18 15 2 13 19 12 11 10 3 8 16 5 7 14 9 17 20 6 4 
student 653: 17 20 5 1 18 4 10 8 12 14 19 7 9 2 13 6 3 15 16 11 
student 654: 9 3 1 6 14 4 20 17 7 5 10 16 8 2 13 11 18 19 12 15 
student 655: 8 13 5 7 18 10 20 16 17 14 15 1 9 3 4 6 11 12 2 19 
student 656: 18 4 12 8 1 3 7 10 13 5 17 14 15 9 19 16 2 11 6 20 
student 657: 9 19 13 4 11 3 14 10 18 12 1 2 6 7 17 8 15 16 5 20 
student 658: 3 11 13 4 15 18 12 8 7 9 6 19 1 20 10 2 14 16 5 17 
student 659: 8 12 18 4 1 20 15 19 6 5 17 11 7 2 3 10 14 16 9 13 
student 660: 20 6 16 11 19 9 14 10 12 5 2 18 3 17 15 8 4 13 1 7 
student 661: 16 14 1 10 4 17 3 2 5 9 7 15 11 19 12 8 13 18 6 20 
student 662: 20 7 3 12 17 2 4 8 18 9 6 11 14 16 10 19 13 15 1 5 
student 663: 11 8 14 6 20 4 7 19 15 5 13 18 10 12 16 9 2 17 1 3 
student 664: 14 9 10 7 2 17 1 5 18 4 12 6 16 15 19 11 20 8 3 13 
student 665: 14 9 17 7 13 12 15 19 18 2 11 16 3 4 6 8 1 5 10 20 
student 666: 11 9 7 1 16 8 4 20 13 14 15 10 5 12 19 2 6 17 3 18 
student 667: 20 9 18 10 7 1 13 14 6 4 2 19 11 5 17 3 8 15 12 16 
student 668: 3 11 7 1 12 8 2 16 6 10 15 14 4 5 19 17 13 20 9 18 
student 669: 12 19 3 5 8 7 11 17 20 2 13 18 1 14 6 4 16 15 10 9 
student 670: 5 17 6 15 14 7 11 3 10 2 13 8 20 19 18 16 9 12 1 4 
student 671: 13 10 5 3 16 7 11 14 18 8 6 9 4 19 20 1 2 12 17 15 
student 672: 3 20 19 2 7 13 12 6 1 10 11 16 4 15 8 5 18 14 9 17 
student 673: 13 3 20 10 16 17 4 9 6 11 18 19 7 5 15 8 1 12 2 14 
student 674: 1 17 4 2 16 12 11 13 9 5 7 19 8 3 18 6 14 10 15 20 
student 675: 12 16 2 17 15 8 1 11 19 3 4 7 10 13 18 20 9 14 5 6 
student 676: 18 9 19 12 8 2 1 11 10 5 6 4 20 3 13 7 14 16 15 17 
student 677: 12 8 11 19 15 18 5 13 1 20 7 9 14 6 3 10 16 17 2 4 
student 678: 11 18 6 7 14 9 20 12 8 13 5 19 15 3 10 16 2 17 4 1 
student 679: 15 9 13 3 4 11 1 8 18 6 2 12 14 20 17 5 10 16 7 19 
student 680: 12 9 4 6 1 16 7 14 5 3 10 2 18 17 13 8 20 15 19 11 
student 681: 16 9 1 4 12 20 2 18 10 14 7 19 13 3 15 6 8 17 5 11 
student 682: 11 20 2 13 14 16 18 17 6 3 4 19 9 15 5 8 7 12 1 10 
student 683: 11 2 14 4 7 18 10 8 19 12 9 13 6 16 17 1 15 20 5 3 
student 684: 7 20 8 4 11 6 10 17 12 2 15 9 5 14 16 13 1 3 18 19 
student 685: 11 17 3 6 4 13 19 20 16 10 2 8 1 12 5 9 15 7 14 18 
student 686: 14 20 2 1 3 10 15 18 19 9 6 13 17 7 5 12 8 16 4 11 
student 687: 3 9 2 1 15 8 14 7 4 13 11 5 16 20 12 6 19 18 10 17 
student 688: 10 7 16 4 12 2 3 1 17 14 18 8 11 6 15 19 9 20 5 13 
student 689: 10 3 6 20 14 18 7 17 19 8 15 12 16 11 13 4 5 1 2 9 
student 690: 17 15 13 4 7 10 8 12 1 6 2 9 14 11 19 18 5 20 3 16 
student 691: 7 15 4 20 1 10 11 5 19 2 16 12 9 13 18 14 8 6 3 17 
student 692: 15 18 12 4 10 17 20 2 16 1 7 13 5 6 8 9 3 19 14 11 
student 693: 1 12 8 9 17 6 2 15 7 11 13 18 16 4 14 5 3 19 10 20 
student 694: 10 20 14 1 12 16 9 11 17 6 5 4 15 8 18 3 2 13 7 19 
student 695: 5 18 9 2 1 7 3 11 8 10 6 16 13 17 19 14 12 15 4 20 
student 696: 13 11 2 5 18 1 20 19 8 9 17 7 4 12 15 6 10 16 3 14 
student 697: 5 19 17 4 8 14 13 9 1 2 16 10 3 12 11 15 6 18 7 20 
student 698: 12 17 2 6 3 9 11 13 18 20 1 14 5 8 19 7 4 15 10 16 
student 699: 13 20 1 5 4 14 9 16 8 11 3 2 18 7 19 6 10 17 15 12 
student 700: 7 16 17 13 14 4 8 18 19 1 20 10 15 11 6 3 9 5 2 12 
student 701: 3 13 8 16 12 4 9 11 2 1 5 14 7 17 19 18 10 15 6 20 
student 702: 10 20 11 1 8 19 15 14 4 2 16 6 9 17 18 13 7 5 3 12 
student 703: 5 16 17 1 20 6 13 11 15 4 12 10 14 8 2 9 7 18 19 3 
student 704: 11 14 4 5 16 17 12 8 15 6 9 7 10 19 2 13 3 20 1 18 
student 705: 7 18 6 5 12 10 4 9 11 15 1 8 20 14 17 3 13 19 2 16 
student 706: 18 13 7 14 20 10 3 8 2 1 6 11 9 17 12 4 5 16 19 15 
student 707: 8 14 5 13 12 18 1 4 7 6 10 9 3 2 11 16 19 20 17 15 
student 708: 11 5 2 19 9 4 12 20 15 1 14 17 3 8 13 6 7 18 10 16 
student 709: 18 8 14 3 12 10 5 19 1 4 7 17 13 9 11 2 16 15 6 20 
student 710: 4 18 10 15 13 19 14 5 11 12 3 2 20 9 16 1 17 7 8 6 
student 711: 10 19 9 1 15 7 17 18 13 11 4 20 12 14 16 5 6 3 2 8 
student 712: 6 9 5 14 10 12 16 18 7 3 1 19 17 11 2 13 8 15 4 20 
student 713: 2 10 13 6 9 12 11 17 5 14 3 19 1 16 18 4 7 15 8 20 
student 714: 4 14 1 8 13 3 12 19 5 18 11 20 2 7 6 16 9 17 10 15 
student 715: 6 15 9 4 20 10 1 14 12 18 19 8 7 2 13 17 11 5 3 16 
student 716: 15 13 5 9 16 12 17 19 4 7 14 20 3 10 2 1 11 8 18 6 
student 717: 9 18 6 4 16 7 12 14 5 3 1 15 20 10 17 11 8 13 2 19 
student 718: 10 13 19 2 18 3 17 20 12 7 14 1 5 8 9 4 11 6 15 16 
student 719: 17 11 19 1 9 12 15 14 20 7 2 10 3 4 18 6 13 5 16 8 
student 720: 15 9 8 6 5 4 2 14 19 17 10 16 1 13 11 7 12 18 3 20 
student 721: 12 16 4 1 6 5 7 10 18 13 2 17 9 3 11 8 20 19 14 15 
student 722: 13 2 5 14 11 15 16 19 8 6 1 3 7 17 18 9 12 10 4 20 
student 723: 16 11 10 13 9 6 2 4 3 1 5 8 17 7 12 14 20 15 19 18 
student 724: 7 14 1 11 19 6 10 3 4 8 5 20 18 15 13 2 9 16 17 12 
student 725: 19 17 1 16 4 12 8 6 20 9 11 13 5 7 18 14 2 10 15 3 
student 726: 9 18 1 10 7 8 15 20 16 11 2 3 4 19 12 5 13 17 14 6 
student 727: 10 8 2 16 11 6 20 4 5 1 9 14 3 13 18 12 19 17 15 7 
student 728: 11 8 5 17 13 18 3 9 6 12 1 2 16 7 19 20 14 15 10 4 
student 729: 6 9 3 16 18 11 17 19 12 20 1 4 10 13 8 5 14 7 2 15 
student 730: 17 7 16 3 15 6 8 1 20 4 5 19 11 10 13 12 9 18 2 14 
student 731: 3 4 18 10 20 16 19 15 9 14 5 13 2 8 7 12 1 11 17 6 
student 732: 12 13 5 2 18 8 11 3 14 20 16 7 19 9 15 4 17 6 1 10 
student 733: 9 13 12 8 18 14 5 20 2 11 4 10 7 3 1 16 6 19 17 15 
student 734: 7 20 1 2 11 3 12 17 18 10 6 14 5 8 19 15 9 16 4 13 
student 735: 6 7 20 3 8 13 16 19 10 2 4 9 5 1 17 15 12 11 14 18 
student 736: 18 4 2 1 17 3 9 13 11 7 12 5 20 10 19 6 15 14 16 8 
student 737: 17 6 15 3 12 4 5 19 16 7 1 10 2 9 14 8 20 11 13 18 
student 738: 9 1 17 6 16 19 14 5 11 3 2 7 8 10 18 20 13 15 4 12 
student 739: 18 7 15 3 20 2 10 16 5 9 11 12 1 6 14 13 17 19 4 8 
student 740: 14 17 16 10 8 1 2 15 18 3 12 5 19 13 7 4 9 20 6 11 
student 741: 15 17 18 20 6 9 11 14 16 4 1 13 10 3 8 2 12 19 5 7 
student 742: 5 7 8 16 11 20 3 9 4 15 6 10 1 19 14 2 17 13 18 12 
student 743: 10 9 6 4 5 3 18 15 13 11 7 17 1 2 20 8 16 14 12 19 
student 744: 6 12 13 9 19 7 8 2 16 3 5 11 18 1 4 10 15 20 14 17 
student 745: 12 15 7 2 11 13 4 19 10 14 18 6 9 8 17 5 1 20 3 16 
student 746: 14 16 11 20 15 1 8 19 10 6 2 13 5 7 18 3 12 17 4 9 
student 747: 13 3 1 16 17 8 18 15 9 10 2 14 11 5 19 6 7 20 4 12 
student 748: 19 13 12 14 7 11 6 16 8 4 15 18 9 17 5 10 20 1 3 2 
student 749: 1 19 16 7 10 11 14 13 17 15 6 20 8 4 18 5 3 9 2 12 
student 750: 15 3 10 8 12 19 13 18 1 4 5 2 6 20 17 16 14 9 11 7 
student 751: 12 16 3 11 13 2 9 5 14 1 6 17 10 7 19 8 4 18 15 20 
student 752: 12 13 15 4 6 16 18 1 2 5 8 20 3 19 11 14 9 17 7 10 
student 753: 10 14 19 3 2 15 12 18 17 5 9 13 7 11 20 6 8 4 1 16 
student 754: 19 13 4 1 20 17 10 18 6 2 8 9 5 14 15 11 16 7 3 12 
student 755: 16 14 9 3 18 8 11 20 1 2 7 5 6 10 17 19 12 15 4 13 
student 756: 18 20 16 17 7 2 4 11 1 3 15 19 14 6 9 8 13 10 5 12 
student 757: 18 9 5 6 15 4 12 19 3 1 2 8 16 7 20 14 13 10 11 17 
student 758: 9 13 1 12 14 4 3 17 5 7 8 20 2 6 15 10 18 16 11 19 
student 759: 13 14 9 5 19 20 16 15 3 4 11 7 8 10 17 12 2 18 1 6 
student 760: 6 14 5 16 11 20 4 2 7 8 10 9 1 18 19 17 12 13 3 15 
student 761: 7 12 6 19 15 10 5 9 8 13 16 1 2 14 11 4 20 17 18 3 
student 762: 4 17 6 13 18 10 2 3 14 11 7 15 9 5 12 8 20 19 1 16 
student 763: 10 20 9 7 12 4 6 8 14 15 18 16 5 19 13 11 2 17 1 3 
student 764: 17 12 4 10 15 8 18 2 13 5 14 16 1 7 9 3 11 19 6 20 
student 765: 7 16 2 17 20 8 12 4 6 9 5 10 11 18 13 14 1 3 19 15 
student 766: 20 11 12 6 19 10 13 15 1 16 18 14 7 5 17 4 9 8 2 3 
student 767: 2 11 1 17 7 4 3 16 15 6 14 18 12 8 13 9 20 5 10 19 
student 768: 14 10 1 3 7 13 5 12 19 11 4 2 17 20 15 9 8 6 16 18 
student 769: 7 14 3 6 12 2 15 18 20 4 8 17 13 16 10 1 11 9 5 19 
student 770: 8 16 2 1 20 10 9 15 11 7 4 19 18 6 17 13 3 14 12 5 
student 771: 8 5 14 17 7 19 18 6 12 2 4 10 20 15 13 3 1 9 16 11 
student 772: 4 14 9 3 12 10 11 19 8 1 13 7 15 18 17 6 2 20 5 16 
student 773: 11 17 5 13 20 3 18 16 14 1 2 15 7 9 10 12 8 6 4 19 
student 774: 18 4 3 14 20 5 17 1 9 15 2 12 7 16 13 10 8 19 6 11 
student 775: 20 16 1 9 19 7 14 5 3 6 11 18 2 12 17 8 10 13 4 15 
student 776: 1 15 8 5 2 19 9 14 10 13 3 16 11 6 20 12 4 17 18 7 
student 777: 20 3 2 6 14 5 10 15 7 4 13 8 9 19 18 1 11 17 12 16 
student 778: 14 4 2 15 8 7 6 9 16 1 5 3 11 18 19 10 20 17 13 12 
student 779: 12 20 8 6 13 11 10 9 5 15 7 19 3 18 16 4 2 14 1 17 
student 780: 14 16 13 1 9 7 12 19 17 15 11 4 6 5 8 10 2 20 3 18 
student 781: 2 15 11 5 17 10 12 1 8 4 13 7 3 9 19 14 16 20 6 18 
student 782: 19 1 12 5 20 7 14 9 15 8 13 16 17 10 3 4 2 11 6 18 
student 783: 16 7 13 14 5 17 9 3 18 1 4 11 2 6 20 12 19 10 15 8 
student 784: 9 6 18 2 11 5 4 16 12 8 15 7 13 19 1 14 3 17 10 20 
student 785: 17 16 18 3 8 9 6 13 20 15 1 7 4 19 12 5 14 11 2 10 
student 786: 6 14 8 1 7 10 17 12 9 5 4 3 2 18 16 20 19 11 13 15 
student 787: 7 14 10 6 8 3 12 11 19 18 20 13 9 15 5 17 4 16 2 1 
student 788: 18 16 19 4 12 5 11 15 14 1 2 6 3 10 13 7 17 20 8 9 
student 789: 10 8 13 2 9 11 5 14 20 6 1 17 4 16 18 12 15 3 7 19 
student 790: 10 8 9 1 19 3 20 7 4 5 16 11 12 2 17 6 18 14 13 15 
student 791: 4 17 13 15 11 1 5 8 2 18 14 6 7 16 9 3 20 19 10 12 
student 792: 17 8 12 9 18 2 15 7 20 14 1 19 4 6 5 3 10 16 11 13 
student 793: 5 4 9 2 12 14 10 19 18 3 11 16 6 1 8 17 13 15 7 20 
student 794: 12 8 3 1 13 5 10 17 9 11 2 19 6 18 20 15 16 14 4 7 
student 795: 7 16 2 12 8 5 11 10 15 18 4 19 1 6 3 14 20 13 17 9 
student 796: 5 16 11 14 6 9 8 12 17 2 1 4 7 3 10 15 19 18 20 13 
student 797: 20 14 3 1 13 7 9 4 17 12 19 18 11 15 2 10 16 8 5 6 
student 798: 11 3 19 6 15 7 12 16 1 5 18 10 2 14 8 13 9 20 4 17 
student 799: 12 18 1 3 20 2 13 6 16 14 19 17 4 15 10 11 9 8 7 5 
