student 0: 3 16 17 10 12 11 19 1 9 6 7 8 4 2 13 5 14 20 15 18 
student 1: 4 12 15 6 3 17 8 13 1 19 10 20 9 5 16 18 7 11 14 2 
student 2: 12 13 11 14 5 8 1 16 20 4 15 10 3 6 2 19 9 18 17 7 
student 3: 6 16 19 4 2 15 3 14 1 18 10 17 9 5 20 12 7 13 8 11 
student 4: 2 18 13 1 10 6 14 9 4 5 20 15 3 16 19 11 7 12 8 17 
student 5: 2 3 6 16 1 12 4 10 15 14 13 7 8 11 19 17 20 18 5 9 
student 6: 13 11 16 20 4 14 6 17 19 2 7 15 10 9 3 1 18 12 5 8 
student 7: 17 16 20 1 5 15 4 13 7 3 2 6 11 9 10 19 12 18 8 14 
student 8: 13 16 17 9 12 11 4 3 20 6 2 15 1 7 19 18 8 14 5 10 
student 9: 3 7 18 6 16 5 8 10 1 11 15 9 19 12 2 20 13 14 4 17 
student 10: 9 2 7 5 13 4 10 16 15 12 11 18 20 6 17 19 1 8 3 14 
student 11: 6 19 9 18 11 8 10 12 16 7 5 20 1 4 3 14 15 13 17 2 
student 12: 9 11 13 2 14 17 15 4 20 7 3 12 6 19 5 8 18 16 10 1 
student 13: 17 18 12 2 3 8 7 1 19 5 14 15 10 11 20 6 16 13 9 4 
student 14: 12 4 19 11 15 18 16 9 17 7 5 20 1 14 6 13 2 8 10 3 
student 15: 7 16 11 19 4 13 8 18 1 9 2 17 12 3 14 20 10 15 6 5 
student 16: 11 4 17 3 2 16 10 15 18 6 20 9 7 8 19 12 5 14 13 1 
student 17: 1 17 20 9 8 6 3 2 5 15 11 10 12 4 16 13 7 18 19 14 
student 18: 19 3 13 7 2 10 9 5 20 8 6 17 15 4 11 1 14 16 12 18 
student 19: 15 18 12 9 5 17 1 10 14 13 8 20 7 4 11 2 19 6 16 3 
student 20: 9 4 19 16 1 6 15 20 18 10 5 2 17 3 14 8 7 12 13 11 
student 21: 2 18 12 14 3 5 4 16 17 1 6 10 7 15 8 20 13 19 9 11 
student 22: 8 1 13 11 4 15 9 7 19 18 10 3 5 6 17 12 14 20 16 2 
student 23: 14 1 12 9 15 20 8 18 19 10 3 6 2 4 7 13 17 5 11 16 
student 24: 4 18 17 16 13 10 6 9 7 8 15 11 2 1 3 5 12 14 20 19 
student 25: 8 14 16 5 2 4 9 7 20 3 1 10 12 19 13 15 17 6 18 11 
student 26: 11 6 19 5 14 9 18 7 10 4 8 13 1 2 12 17 15 20 16 3 
student 27: 16 5 14 9 10 8 1 12 17 18 13 3 2 7 19 20 11 6 4 15 
student 28: 11 19 18 10 1 17 20 9 16 7 5 14 8 2 6 15 12 4 13 3 
student 29: 2 3 18 1 5 17 7 16 20 4 12 8 9 19 10 15 13 11 6 14 
student 30: 12 2 19 15 4 17 11 6 7 3 20 18 14 13 9 8 16 10 5 1 
student 31: 2 3 19 18 1 8 11 15 17 10 5 7 6 12 9 20 13 14 16 4 
student 32: 9 11 1 2 6 10 4 15 5 14 17 8 7 16 3 19 13 18 20 12 
student 33: 18 15 20 9 2 14 16 10 12 4 11 17 5 7 3 19 8 6 13 1 
student 34: 7 2 17 6 16 15 18 14 12 1 13 19 5 8 3 11 10 9 20 4 
student 35: 13 12 15 9 3 18 20 16 19 5 2 6 8 11 14 4 1 10 17 7 
student 36: 10 8 15 6 12 5 17 2 4 7 3 9 11 1 14 18 13 19 20 16 
student 37: 9 1 16 3 11 8 15 2 14 4 20 5 12 6 10 17 13 18 19 7 
student 38: 15 12 14 3 10 13 6 19 17 5 8 9 18 4 11 20 7 1 16 2 
student 39: 10 5 13 20 1 15 19 14 4 11 6 16 3 17 12 7 2 9 18 8 
student 40: 16 13 20 6 1 8 2 11 14 5 7 15 9 4 18 10 3 12 19 17 
student 41: 6 2 7 9 19 4 13 20 14 3 16 11 8 5 10 12 15 17 18 1 
student 42: 5 15 20 11 13 4 9 19 10 3 6 8 14 1 16 17 2 18 7 12 
student 43: 8 18 16 12 10 5 14 7 9 4 13 2 15 3 6 17 19 20 11 1 
student 44: 7 8 16 3 11 19 10 13 14 5 6 20 1 4 12 18 17 9 15 2 
student 45: 8 12 20 3 15 14 4 18 10 1 11 19 9 6 7 16 13 2 5 17 
student 46: 18 1 13 5 7 9 12 16 20 3 4 10 17 19 14 15 2 11 6 8 
student 47: 19 10 18 13 12 5 2 3 15 8 6 14 4 11 20 9 16 1 17 7 
student 48: 17 12 13 10 1 14 7 2 3 4 18 19 16 6 20 11 15 9 8 5 
student 49: 15 14 11 3 12 18 2 5 19 6 9 20 10 8 17 16 1 13 4 7 
student 50: 6 14 20 15 13 3 5 18 4 12 11 19 17 1 16 9 8 2 7 10 
student 51: 8 4 18 5 10 14 19 20 9 6 13 3 17 7 12 16 2 11 1 15 
student 52: 9 5 2 8 3 19 18 1 6 14 11 13 7 4 17 12 15 16 20 10 
student 53: 9 6 16 14 2 13 12 4 20 3 10 11 19 18 1 17 5 15 8 7 
student 54: 4 3 19 6 10 8 2 14 15 13 7 5 11 9 18 17 1 12 20 16 
student 55: 12 4 16 19 2 5 8 11 13 6 10 18 20 9 7 17 14 1 15 3 
student 56: 15 6 14 5 3 16 2 17 8 1 18 13 7 20 10 9 12 11 19 4 
student 57: 14 12 11 15 3 17 1 7 8 2 10 9 4 6 19 18 13 20 16 5 
student 58: 9 16 4 11 5 8 12 6 14 7 17 10 19 3 15 18 2 20 13 1 
student 59: 10 5 11 18 19 14 12 7 4 1 3 16 20 2 9 15 8 13 6 17 
student 60: 13 5 14 12 10 16 17 9 6 20 8 15 4 7 11 19 2 1 18 3 
student 61: 17 3 14 2 1 20 16 7 9 5 11 13 8 15 4 18 10 12 19 6 
student 62: 8 10 19 11 4 20 2 12 18 1 5 15 7 13 16 6 14 3 17 9 
student 63: 15 6 14 8 3 11 4 1 19 20 16 2 9 12 13 18 7 10 17 5 
student 64: 15 7 18 10 12 9 14 8 5 11 16 13 1 3 2 19 6 20 17 4 
student 65: 11 16 19 15 9 17 6 2 3 1 8 18 4 5 14 12 13 20 7 10 
student 66: 11 16 17 5 13 19 4 8 18 12 2 7 3 6 15 20 10 14 9 1 
student 67: 17 15 19 5 9 3 16 20 1 6 2 12 7 14 4 10 11 18 13 8 
student 68: 4 8 11 14 10 13 1 9 18 12 15 16 3 6 2 17 7 20 19 5 
student 69: 20 13 15 7 3 14 6 18 19 4 5 1 16 9 8 11 2 12 10 17 
student 70: 13 11 12 15 1 9 6 4 10 3 20 19 14 8 17 18 2 7 16 5 
student 71: 6 12 11 14 5 20 7 2 17 4 8 9 3 15 1 16 13 19 10 18 
student 72: 15 12 4 13 10 5 18 8 7 11 6 19 1 3 16 2 9 20 17 14 
student 73: 3 6 18 1 16 7 10 4 19 20 13 14 12 5 11 17 8 9 15 2 
student 74: 2 12 16 9 1 18 4 8 7 3 14 20 6 5 13 11 19 10 15 17 
student 75: 8 15 10 19 5 3 2 18 16 20 9 1 6 14 11 12 7 13 17 4 
student 76: 3 7 10 8 6 4 1 19 20 2 11 15 9 5 14 17 12 18 16 13 
student 77: 12 10 1 13 2 5 6 20 11 4 3 9 8 7 18 15 17 14 19 16 
student 78: 6 8 2 9 13 10 15 5 18 12 16 7 1 4 3 14 19 20 11 17 
student 79: 2 6 12 3 4 5 15 1 11 20 8 10 17 7 9 18 13 14 16 19 
student 80: 4 16 10 6 15 17 5 19 3 1 14 13 8 11 7 18 2 12 9 20 
student 81: 5 20 15 9 6 17 8 14 7 1 3 10 4 16 2 13 18 11 12 19 
student 82: 2 11 4 16 7 3 12 17 10 15 19 6 1 13 14 18 20 9 8 5 
student 83: 18 14 1 19 8 9 13 10 3 6 5 4 7 2 20 12 16 11 15 17 
student 84: 17 1 16 9 4 18 11 15 8 5 10 20 6 14 12 13 7 3 2 19 
student 85: 9 20 10 4 15 2 5 13 16 7 1 8 14 18 19 12 6 3 17 11 
student 86: 13 2 16 10 17 3 9 18 6 5 7 15 14 4 12 11 8 20 1 19 
student 87: 20 13 19 12 5 14 8 18 9 3 7 15 10 1 16 17 4 11 2 6 
student 88: 9 16 20 12 19 15 13 14 8 11 1 5 4 10 6 7 3 18 17 2 
student 89: 15 19 9 18 2 5 1 13 16 20 8 12 11 10 14 6 3 17 7 4 
student 90: 11 3 18 20 1 12 5 15 14 2 8 13 7 10 16 17 4 6 19 9 
student 91: 2 15 19 11 1 5 16 8 17 20 4 13 6 3 18 14 12 7 9 10 
student 92: 3 11 6 13 4 8 5 15 14 2 12 18 9 1 17 10 20 16 19 7 
student 93: 19 4 9 11 16 18 1 7 12 2 17 14 5 10 20 8 3 6 15 13 
student 94: 6 4 9 12 10 14 16 13 5 8 20 3 11 2 18 7 15 19 17 1 
student 95: 2 5 3 9 15 20 8 18 17 1 7 19 11 14 12 13 16 6 10 4 
student 96: 3 9 16 17 15 7 11 8 10 18 6 13 4 12 14 5 2 20 19 1 
student 97: 1 9 18 11 6 15 3 14 19 7 16 10 13 8 20 2 4 17 12 5 
student 98: 20 6 14 12 10 2 1 4 16 13 15 11 19 7 5 17 18 9 8 3 
student 99: 14 12 9 4 5 17 3 7 11 1 8 19 13 6 2 20 16 10 18 15 
student 100: 4 16 20 5 2 8 15 7 11 3 10 9 6 18 17 12 13 1 14 19 
student 101: 6 3 15 19 20 7 1 11 13 5 14 17 4 2 16 18 12 10 8 9 
student 102: 1 18 10 12 3 11 2 15 20 8 16 7 6 19 13 14 4 17 9 5 
student 103: 12 11 15 14 2 20 5 17 18 10 13 3 9 1 7 16 4 19 6 8 
student 104: 16 12 17 9 1 2 10 14 18 5 8 4 6 11 7 19 15 20 13 3 
student 105: 11 1 17 14 5 8 10 6 13 7 16 9 3 2 4 12 15 20 19 18 
student 106: 8 19 15 1 7 9 11 5 2 10 16 6 17 4 13 3 20 12 14 18 
student 107: 14 10 5 15 3 8 17 18 12 20 4 1 9 19 7 11 16 13 2 6 
student 108: 1 14 7 4 3 11 15 10 13 12 5 9 20 6 19 16 18 8 2 17 
student 109: 19 18 13 7 12 11 10 6 8 2 9 16 1 14 15 3 17 5 20 4 
student 110: 10 11 13 12 1 7 2 14 17 3 20 16 5 18 4 6 8 19 15 9 
student 111: 9 18 14 5 2 19 1 7 11 8 13 12 16 6 3 20 17 15 10 4 
student 112: 12 9 16 8 15 19 1 5 14 3 13 2 6 4 18 20 17 10 11 7 
student 113: 5 12 20 18 11 16 2 9 17 1 15 8 4 10 7 14 3 19 13 6 
student 114: 17 13 9 16 3 6 2 19 7 14 15 18 1 4 20 5 10 8 12 11 
student 115: 5 6 14 3 7 15 13 11 17 4 8 10 12 19 20 9 18 2 16 1 
student 116: 12 9 17 18 6 5 4 16 8 3 1 11 13 19 7 15 2 20 14 10 
student 117: 2 1 16 8 10 15 14 6 18 4 20 19 12 3 5 11 17 13 9 7 
student 118: 20 4 18 2 13 15 11 8 16 5 14 10 12 7 17 9 3 1 6 19 
student 119: 5 2 16 1 7 8 9 4 10 17 19 13 14 3 11 12 15 20 18 6 
student 120: 3 1 8 10 7 17 13 18 14 11 16 5 4 15 9 12 6 20 19 2 
student 121: 14 13 19 15 11 16 2 6 7 1 12 3 8 9 5 20 4 17 10 18 
student 122: 10 6 19 8 7 4 12 16 17 3 11 20 1 9 14 15 2 5 13 18 
student 123: 7 4 12 10 9 8 20 19 16 17 2 3 13 14 18 15 6 5 11 1 
student 124: 12 5 19 3 13 17 10 11 18 15 16 14 8 1 7 20 2 4 9 6 
student 125: 12 7 11 14 17 9 8 16 2 3 6 5 4 1 20 10 15 13 19 18 
student 126: 12 10 19 3 17 15 4 5 13 14 8 16 2 1 11 9 20 7 18 6 
student 127: 10 5 20 2 3 15 11 1 7 17 9 18 19 13 16 14 6 8 12 4 
student 128: 9 14 3 11 1 7 5 15 16 19 2 20 13 4 6 18 17 8 12 10 
student 129: 2 7 14 5 1 15 4 11 10 8 16 3 20 17 6 19 9 18 13 12 
student 130: 14 1 6 8 16 4 3 15 12 2 18 9 19 13 20 17 10 5 11 7 
student 131: 6 5 17 7 15 10 3 14 16 8 13 4 1 9 18 20 12 19 2 11 
student 132: 4 6 3 10 2 13 8 15 14 5 11 16 1 9 17 20 18 19 7 12 
student 133: 10 4 17 14 7 16 12 15 19 5 1 6 3 2 13 9 20 18 8 11 
student 134: 4 18 16 2 3 11 10 8 1 12 17 9 6 7 15 13 5 19 14 20 
student 135: 7 12 14 8 2 6 13 9 1 17 19 18 15 4 5 20 10 3 16 11 
student 136: 2 18 10 9 12 6 5 19 8 4 15 3 11 7 14 13 20 16 17 1 
student 137: 12 13 19 16 2 8 6 9 14 1 17 5 10 7 4 18 15 20 11 3 
student 138: 6 2 17 12 1 7 13 11 10 3 16 8 5 19 4 14 20 9 15 18 
student 139: 15 18 10 8 5 3 4 13 16 1 9 14 11 7 2 12 20 19 17 6 
student 140: 3 18 2 6 1 13 5 17 8 20 7 10 9 15 12 14 19 16 4 11 
student 141: 7 20 11 8 1 10 19 16 3 5 9 14 2 4 17 18 12 13 6 15 
student 142: 5 7 10 1 8 13 14 15 11 6 19 17 9 20 3 16 2 18 12 4 
student 143: 10 8 15 2 19 14 6 11 18 1 7 9 3 16 12 13 20 17 5 4 
student 144: 14 18 9 16 13 5 1 20 17 11 19 15 12 4 8 10 7 6 2 3 
student 145: 2 15 1 8 9 13 18 11 7 4 19 3 14 10 6 17 16 20 12 5 
student 146: 12 15 7 2 4 6 14 8 3 11 18 13 1 20 16 19 17 9 5 10 
student 147: 4 8 7 3 14 13 5 20 2 10 17 11 15 6 18 1 12 19 16 9 
student 148: 16 11 12 19 4 15 7 20 3 8 2 18 13 9 1 10 6 14 17 5 
student 149: 4 19 20 3 1 9 13 16 14 5 18 11 7 8 10 17 15 12 6 2 
student 150: 13 11 10 20 1 17 15 6 9 8 3 18 7 2 19 16 5 12 14 4 
student 151: 10 15 17 12 2 7 1 16 9 5 19 4 18 3 14 11 13 8 20 6 
student 152: 1 7 11 4 16 13 2 14 19 10 17 8 12 6 9 18 5 20 15 3 
student 153: 6 13 17 8 1 10 4 3 12 2 16 11 19 5 20 15 14 18 9 7 
student 154: 3 5 12 15 17 6 1 11 13 10 19 16 2 20 4 18 7 9 14 8 
student 155: 12 8 13 2 4 10 6 1 11 3 17 20 19 7 14 9 15 18 16 5 
student 156: 12 4 13 11 16 18 19 3 15 6 10 17 8 1 2 7 14 20 5 9 
student 157: 17 7 16 15 19 20 18 10 13 3 1 8 5 4 2 12 6 14 11 9 
student 158: 10 18 1 17 6 4 13 12 15 8 16 20 2 9 19 7 14 5 11 3 
student 159: 13 11 17 2 7 6 1 8 18 3 4 12 16 15 10 5 9 20 19 14 
student 160: 10 8 14 13 2 18 9 19 1 4 20 15 6 7 5 17 12 16 11 3 
student 161: 1 4 20 16 11 13 10 6 17 5 8 15 9 19 3 12 2 14 18 7 
student 162: 2 14 20 15 8 12 9 19 4 6 18 11 10 3 16 13 7 17 1 5 
student 163: 5 15 7 18 3 9 11 1 20 8 19 4 2 10 13 6 14 17 12 16 
student 164: 5 13 12 2 1 10 16 4 18 11 15 19 9 6 7 17 14 20 8 3 
student 165: 14 2 18 11 7 1 19 17 16 13 9 15 8 5 12 10 3 4 20 6 
student 166: 17 5 15 20 1 8 9 6 13 2 14 10 3 16 4 18 7 19 11 12 
student 167: 14 8 13 3 5 11 4 19 17 7 9 1 2 20 18 12 15 6 16 10 
student 168: 6 9 3 12 7 2 1 4 10 15 20 14 8 13 17 11 5 19 16 18 
student 169: 1 7 6 12 8 15 10 19 20 11 9 18 3 4 14 17 13 2 16 5 
student 170: 19 14 9 18 1 2 17 11 5 16 15 3 4 12 20 13 6 10 7 8 
student 171: 15 17 14 9 3 1 11 16 7 5 6 8 2 13 20 19 4 10 12 18 
student 172: 14 6 19 8 3 5 1 10 17 7 4 13 9 12 18 15 11 2 16 20 
student 173: 12 6 20 10 7 2 5 13 14 8 15 17 11 1 3 9 16 18 19 4 
student 174: 17 4 20 19 1 5 12 13 15 9 6 16 7 3 11 14 10 18 2 8 
student 175: 19 8 16 6 1 5 2 18 9 7 11 14 12 3 4 20 17 13 10 15 
student 176: 4 12 17 18 6 16 7 19 20 10 2 9 15 11 14 8 13 3 1 5 
student 177: 14 9 8 1 7 18 4 17 5 11 13 10 12 2 15 19 3 20 16 6 
student 178: 18 7 6 16 8 19 11 3 15 5 1 13 12 9 2 20 10 4 14 17 
student 179: 3 7 15 14 1 10 4 16 19 5 9 12 6 8 13 20 11 17 18 2 
student 180: 8 16 14 7 6 12 10 9 13 2 11 20 3 1 15 17 19 4 18 5 
student 181: 18 2 16 1 20 3 7 14 19 15 4 6 8 10 17 12 13 11 5 9 
student 182: 9 6 17 5 3 18 12 13 8 11 19 20 14 1 15 10 4 7 16 2 
student 183: 11 18 12 10 2 4 3 1 16 7 5 13 9 14 6 20 15 19 17 8 
student 184: 6 16 18 14 2 12 4 11 9 3 15 8 5 17 10 1 20 19 13 7 
student 185: 3 4 17 8 6 12 2 11 14 1 10 19 7 9 18 16 13 20 15 5 
student 186: 18 5 17 13 15 19 16 11 2 4 10 9 6 3 14 12 8 7 20 1 
student 187: 2 7 15 19 8 4 3 12 9 1 13 17 10 6 5 16 20 11 18 14 
student 188: 8 17 18 7 10 9 1 2 12 4 16 14 5 6 13 11 20 15 19 3 
student 189: 4 6 20 1 10 7 16 13 19 2 11 8 5 18 3 17 9 12 15 14 
student 190: 7 20 19 4 1 11 13 15 16 9 17 8 12 3 6 2 14 10 5 18 
student 191: 14 5 1 9 6 13 2 15 19 4 8 12 18 3 7 16 10 20 17 11 
student 192: 7 20 18 13 11 6 16 14 17 9 15 5 2 19 10 8 12 1 3 4 
student 193: 5 17 19 4 2 1 16 13 20 9 6 8 15 11 10 12 3 18 14 7 
student 194: 5 9 16 17 7 13 10 15 12 14 1 8 2 4 20 11 6 19 18 3 
student 195: 14 10 3 13 4 17 5 8 16 7 18 9 12 6 2 15 11 19 20 1 
student 196: 2 8 3 19 20 7 6 13 18 5 4 14 1 17 9 12 15 16 11 10 
student 197: 12 7 8 9 14 5 6 18 1 2 10 13 3 17 11 20 15 16 4 19 
student 198: 12 15 8 9 11 2 3 10 20 13 6 4 1 7 18 17 5 16 14 19 
student 199: 12 8 20 1 11 15 2 14 6 5 3 10 4 9 17 19 16 18 13 7 
student 200: 12 14 16 3 10 4 5 18 1 2 9 8 17 11 15 13 7 19 20 6 
student 201: 1 16 8 5 18 15 3 4 14 6 11 13 7 2 19 20 12 17 10 9 
student 202: 1 16 17 4 3 11 13 18 19 7 8 20 5 12 15 14 10 2 9 6 
student 203: 20 19 13 12 1 4 9 17 16 2 11 7 8 6 3 15 5 18 14 10 
student 204: 2 7 16 4 3 9 8 18 13 1 10 19 20 6 17 14 12 15 11 5 
student 205: 11 8 20 4 2 14 13 19 9 10 5 15 1 3 18 12 7 17 6 16 
student 206: 15 18 8 5 11 3 9 20 17 6 14 2 1 7 10 19 16 4 12 13 
student 207: 9 2 13 10 1 4 8 20 6 5 17 15 3 11 16 14 12 19 18 7 
student 208: 10 16 20 4 1 14 8 2 13 3 5 9 12 15 6 17 7 11 19 18 
student 209: 2 16 20 18 8 7 14 1 13 12 15 9 4 3 17 5 10 19 11 6 
student 210: 6 7 13 8 4 15 17 10 1 9 20 18 5 3 2 14 12 16 11 19 
student 211: 10 6 20 11 7 2 12 1 14 4 18 8 5 16 19 15 13 9 17 3 
student 212: 6 5 20 8 2 11 19 13 7 17 3 9 16 4 12 15 10 1 18 14 
student 213: 20 4 12 6 1 17 8 14 7 3 16 19 18 2 11 5 13 15 9 10 
student 214: 12 4 17 9 16 14 5 3 2 10 19 7 11 1 6 18 20 8 15 13 
student 215: 4 8 19 5 17 9 20 12 11 6 7 13 3 18 14 10 2 15 16 1 
student 216: 6 17 16 1 14 9 4 5 15 13 19 18 7 3 12 10 8 20 2 11 
student 217: 8 17 15 11 19 3 9 13 20 1 7 5 2 6 18 12 14 10 16 4 
student 218: 5 15 18 7 2 16 20 17 8 12 11 9 3 1 14 13 10 19 6 4 
student 219: 6 10 20 3 4 14 1 9 13 2 5 11 8 7 19 16 18 15 17 12 
student 220: 15 6 16 1 13 20 10 2 18 4 8 17 12 11 14 19 9 3 7 5 
student 221: 7 2 20 14 4 16 9 12 8 3 11 18 5 1 19 6 13 10 17 15 
student 222: 11 16 1 12 6 14 4 13 8 15 9 18 7 3 20 17 19 5 10 2 
student 223: 3 1 20 19 2 10 9 12 8 7 16 17 5 13 11 18 6 4 15 14 
student 224: 8 4 20 5 2 17 1 16 3 11 10 18 12 6 13 9 14 19 7 15 
student 225: 3 19 8 2 18 16 1 10 14 15 12 17 7 5 9 6 11 13 20 4 
student 226: 4 8 12 20 3 10 17 7 19 2 11 16 13 1 18 15 9 6 14 5 
student 227: 14 7 10 17 2 13 6 15 19 5 18 12 11 4 1 20 3 16 8 9 
student 228: 19 17 1 20 11 14 12 4 5 13 15 6 3 7 2 18 16 8 10 9 
student 229: 15 7 18 3 2 12 14 11 20 9 10 19 8 1 5 17 13 6 16 4 
student 230: 1 10 13 16 5 6 2 15 17 3 19 11 18 8 12 20 9 14 4 7 
student 231: 10 6 7 15 2 9 3 17 18 5 16 12 1 8 13 19 14 11 20 4 
student 232: 6 7 13 17 1 11 20 18 19 9 16 8 3 4 14 5 10 2 12 15 
student 233: 15 8 18 9 13 4 2 20 16 5 7 10 3 17 19 1 11 12 14 6 
student 234: 3 15 5 10 1 2 19 18 16 11 14 9 6 17 12 13 7 20 4 8 
student 235: 6 12 14 3 2 11 1 7 19 5 20 17 4 10 13 8 9 15 18 16 
student 236: 2 10 20 9 17 8 1 16 14 18 4 7 5 15 11 12 13 3 19 6 
student 237: 1 4 17 9 13 20 8 11 19 10 3 12 6 2 5 15 7 14 18 16 
student 238: 20 11 12 8 1 18 6 19 16 17 10 7 5 2 3 13 9 14 15 4 
student 239: 11 4 19 6 14 20 2 8 7 5 10 9 12 3 17 15 1 18 13 16 
student 240: 11 7 18 20 5 17 19 4 2 1 14 3 12 9 6 13 15 8 10 16 
student 241: 15 7 17 3 20 11 4 9 10 2 5 8 6 12 18 19 14 13 16 1 
student 242: 9 14 19 11 20 17 1 18 8 4 2 12 16 5 7 15 6 10 13 3 
student 243: 17 4 20 12 9 10 16 19 13 1 2 18 5 3 7 14 15 6 11 8 
student 244: 20 3 14 17 5 16 9 4 7 8 10 12 1 13 11 18 2 19 15 6 
student 245: 19 14 5 7 17 1 4 13 16 6 20 10 3 8 9 2 18 15 12 11 
student 246: 12 16 19 15 9 1 2 13 11 4 3 14 5 8 6 18 20 7 17 10 
student 247: 9 8 14 12 17 10 13 18 20 3 11 2 1 5 16 4 19 7 6 15 
student 248: 10 9 14 5 1 15 20 11 12 4 13 16 3 8 17 18 7 6 19 2 
student 249: 17 4 20 7 6 5 2 13 19 8 16 10 1 9 18 12 11 15 3 14 
student 250: 5 13 20 11 15 9 12 4 18 3 17 1 10 2 7 6 14 19 8 16 
student 251: 1 6 4 12 5 11 18 13 10 2 16 8 17 20 3 7 15 9 19 14 
student 252: 15 10 14 6 17 5 11 12 13 4 19 18 1 16 20 9 7 2 8 3 
student 253: 4 20 11 15 2 5 1 19 14 6 17 16 7 8 10 18 12 13 9 3 
student 254: 6 3 13 17 7 16 12 10 14 1 8 19 2 4 11 20 5 15 18 9 
student 255: 4 7 11 16 1 5 17 14 6 2 8 20 3 9 13 19 12 15 18 10 
student 256: 15 6 18 2 11 14 8 20 7 4 10 17 1 3 16 9 5 19 13 12 
student 257: 11 9 3 15 7 20 8 17 6 1 2 4 18 5 16 19 10 14 13 12 
student 258: 12 5 18 1 3 17 4 9 16 2 20 13 6 7 10 15 11 14 19 8 
student 259: 3 8 19 6 16 2 5 18 20 10 7 17 11 1 4 15 13 9 12 14 
student 260: 6 18 8 3 1 15 2 4 13 11 5 10 7 12 9 16 17 19 14 20 
student 261: 3 4 2 12 10 6 15 18 17 7 1 13 8 20 16 19 11 9 14 5 
student 262: 8 2 1 19 5 10 4 13 20 11 18 14 12 6 7 9 15 17 16 3 
student 263: 14 10 5 15 4 2 7 12 16 1 11 9 3 18 13 6 8 17 19 20 
student 264: 1 15 19 3 6 4 2 9 10 5 7 14 11 12 13 8 18 16 20 17 
student 265: 16 4 11 3 10 14 2 17 20 8 12 7 1 5 19 9 15 6 13 18 
student 266: 15 8 16 7 6 17 4 20 11 18 12 1 14 10 5 13 19 9 3 2 
student 267: 12 14 18 11 9 3 10 16 2 19 15 8 5 1 6 17 13 7 20 4 
student 268: 20 13 14 9 5 6 1 2 12 16 15 7 10 4 19 18 11 17 8 3 
student 269: 20 14 1 8 4 7 9 16 3 2 12 13 5 11 10 15 19 17 18 6 
student 270: 13 3 8 20 2 14 17 16 5 12 7 11 15 10 4 9 6 1 19 18 
student 271: 20 5 4 12 2 13 8 1 18 10 7 9 6 14 3 19 11 16 17 15 
student 272: 16 15 10 13 6 2 9 19 5 8 4 17 1 3 12 20 14 18 7 11 
student 273: 6 18 4 17 7 2 1 13 16 5 8 10 15 14 20 19 9 12 11 3 
student 274: 5 3 15 17 19 13 11 1 18 6 4 16 14 9 8 7 10 12 20 2 
student 275: 6 8 20 11 18 17 5 9 14 7 10 16 4 15 13 12 3 19 2 1 
student 276: 8 3 12 16 15 10 13 11 20 2 18 7 5 1 14 17 4 9 19 6 
student 277: 8 19 9 11 6 3 1 18 10 17 14 5 2 4 20 13 16 15 12 7 
student 278: 15 7 12 6 9 1 2 18 3 14 10 11 19 5 17 20 4 16 13 8 
student 279: 6 20 8 3 7 10 1 13 18 11 16 19 2 4 9 14 5 12 17 15 
student 280: 3 6 5 2 8 15 4 9 19 7 17 10 1 14 11 16 20 12 18 13 
student 281: 18 6 14 19 4 16 1 13 11 2 5 10 3 12 8 9 17 7 20 15 
student 282: 11 3 14 7 15 6 16 10 12 2 4 13 5 1 19 9 8 17 18 20 
student 283: 4 13 9 16 15 2 10 17 19 11 6 20 3 18 1 5 12 14 7 8 
student 284: 10 20 2 11 8 13 7 12 19 6 16 15 3 1 5 9 14 17 18 4 
student 285: 16 5 7 10 1 2 13 4 15 3 12 6 9 11 20 19 14 18 8 17 
student 286: 17 12 16 3 2 8 1 10 19 4 5 7 15 9 6 14 18 20 13 11 
student 287: 12 19 7 3 8 13 1 9 10 15 17 4 18 2 11 6 16 5 20 14 
student 288: 10 18 19 13 3 7 12 11 16 6 17 15 1 2 9 14 8 20 4 5 
student 289: 17 2 11 4 1 7 5 10 16 8 15 18 14 13 3 19 9 20 12 6 
student 290: 6 5 19 4 7 9 16 10 17 3 20 8 14 1 11 13 18 2 15 12 
student 291: 8 5 14 10 7 6 4 1 11 12 9 19 17 15 3 18 20 16 2 13 
student 292: 5 4 19 13 12 15 3 2 14 11 16 20 7 10 17 9 18 1 6 8 
student 293: 4 2 17 15 1 10 11 12 14 8 16 20 3 18 19 6 9 13 7 5 
student 294: 6 3 13 7 10 9 4 19 15 11 8 14 12 1 5 17 20 18 2 16 
student 295: 6 20 9 4 12 13 2 14 15 8 5 1 10 3 18 17 7 16 19 11 
student 296: 13 16 20 15 6 12 4 19 8 10 2 9 17 11 14 5 3 18 7 1 
student 297: 18 11 19 2 7 14 17 10 8 4 13 16 6 5 3 1 20 12 9 15 
student 298: 17 5 9 4 2 19 10 18 6 20 16 13 12 3 8 11 7 14 15 1 
student 299: 9 1 17 3 10 13 2 14 18 7 4 19 5 11 20 12 8 16 15 6 
student 300: 13 19 20 6 5 16 1 11 12 10 4 7 9 2 14 8 3 17 15 18 
student 301: 7 10 19 15 8 14 1 13 18 2 12 4 17 3 9 16 20 11 5 6 
student 302: 6 3 16 11 13 12 7 8 10 1 18 4 14 2 15 17 5 20 19 9 
student 303: 19 16 12 18 15 14 3 11 10 7 5 20 4 8 1 13 17 2 6 9 
student 304: 19 3 18 20 1 15 14 11 12 2 6 8 10 4 7 5 16 17 9 13 
student 305: 19 10 9 17 1 3 8 11 13 5 18 7 2 15 12 14 4 16 20 6 
student 306: 6 18 16 19 11 1 4 14 7 2 17 8 3 10 20 9 15 13 12 5 
student 307: 7 4 16 3 17 5 2 18 19 9 10 11 6 8 15 12 13 20 14 1 
student 308: 4 18 6 13 3 11 7 8 5 2 14 12 15 10 9 1 19 20 16 17 
student 309: 15 13 6 12 7 4 1 11 17 2 5 19 3 10 20 9 18 14 16 8 
student 310: 11 4 18 19 13 6 2 20 9 17 8 14 16 7 12 15 1 10 3 5 
student 311: 11 10 2 6 7 17 19 1 16 4 9 5 3 18 15 14 20 13 8 12 
student 312: 16 3 18 14 8 20 7 17 12 9 5 1 10 2 11 19 13 6 4 15 
student 313: 19 1 10 16 12 18 4 15 3 6 9 14 11 7 2 17 8 20 5 13 
student 314: 7 2 19 18 11 20 5 3 16 4 12 17 6 8 15 10 1 9 14 13 
student 315: 2 19 11 4 9 18 5 13 3 10 20 14 16 7 15 1 12 17 8 6 
student 316: 19 8 3 7 10 17 1 13 20 4 16 6 5 2 14 11 15 9 18 12 
student 317: 19 12 20 7 11 9 17 10 3 5 15 8 2 4 16 14 1 13 18 6 
student 318: 16 6 18 3 11 7 2 12 14 17 1 19 5 4 20 15 8 10 13 9 
student 319: 2 8 12 7 6 10 4 19 14 18 1 16 5 9 3 17 15 20 13 11 
student 320: 11 9 6 7 4 10 18 8 15 17 5 13 3 1 16 19 12 14 20 2 
student 321: 14 5 10 4 3 20 7 2 12 6 18 19 11 1 16 15 13 17 8 9 
student 322: 12 6 19 10 13 8 4 16 17 15 14 11 3 2 18 20 9 7 1 5 
student 323: 8 9 14 11 6 16 3 13 19 17 10 12 4 15 2 18 1 20 5 7 
student 324: 17 3 5 13 14 10 1 18 8 2 15 12 4 11 16 9 6 19 20 7 
student 325: 3 16 18 9 19 7 8 20 17 12 1 4 15 5 10 11 13 14 2 6 
student 326: 6 14 15 4 1 12 13 20 2 10 9 16 7 8 17 5 3 18 11 19 
student 327: 7 9 8 20 10 5 14 17 11 1 12 18 6 2 15 4 16 13 19 3 
student 328: 7 10 8 5 4 14 1 19 20 11 9 2 6 3 15 13 16 12 17 18 
student 329: 1 2 15 17 4 19 5 13 12 9 6 18 16 14 20 3 7 11 10 8 
student 330: 1 3 13 5 4 10 19 20 18 17 14 12 15 16 7 8 2 9 11 6 
student 331: 10 6 17 9 7 3 18 16 1 8 20 5 2 12 19 15 4 13 14 11 
student 332: 11 19 2 6 13 10 15 18 9 12 16 17 8 7 3 5 20 4 1 14 
student 333: 15 12 19 2 16 13 5 10 4 7 3 20 8 1 17 9 6 14 18 11 
student 334: 15 18 20 9 1 11 12 8 17 4 16 3 10 13 5 14 7 19 2 6 
student 335: 20 2 19 11 4 17 6 10 18 8 9 14 7 1 12 13 16 15 5 3 
student 336: 5 7 6 12 4 15 9 20 1 3 18 17 2 8 14 16 11 13 19 10 
student 337: 19 8 20 9 3 13 10 17 4 11 15 18 12 2 14 16 1 5 6 7 
student 338: 19 16 17 9 2 7 4 12 5 13 15 11 1 3 14 20 18 6 10 8 
student 339: 9 12 18 11 6 20 13 17 16 2 5 14 1 3 10 19 4 8 15 7 
student 340: 17 7 13 6 1 9 15 16 8 2 19 20 10 11 12 4 3 18 5 14 
student 341: 12 2 19 15 4 7 13 16 10 1 6 20 11 3 9 5 18 14 17 8 
student 342: 6 16 13 14 9 19 1 11 17 8 7 10 5 2 3 18 12 20 15 4 
student 343: 10 1 16 14 4 7 13 18 5 20 6 15 3 8 12 17 9 19 11 2 
student 344: 6 8 1 14 3 11 18 16 10 17 13 19 9 15 4 5 7 20 12 2 
student 345: 16 3 19 9 2 20 6 17 11 10 12 4 1 5 7 18 13 15 8 14 
student 346: 8 3 20 13 6 9 10 4 16 18 5 7 2 1 14 15 12 17 19 11 
student 347: 19 6 10 12 7 2 8 11 20 9 14 1 13 5 16 17 3 15 18 4 
student 348: 1 19 18 7 5 17 16 11 14 6 10 2 4 3 8 15 12 13 20 9 
student 349: 11 8 19 4 10 7 3 5 9 6 14 17 1 15 12 20 2 16 18 13 
student 350: 5 6 19 9 20 12 2 13 14 8 15 3 16 4 10 18 11 17 1 7 
student 351: 10 9 4 11 1 3 6 7 2 5 16 20 19 15 8 14 17 18 12 13 
student 352: 4 11 10 19 2 1 5 6 17 12 20 15 3 9 16 13 8 18 14 7 
student 353: 8 6 11 10 13 9 3 12 1 5 20 15 19 4 2 7 17 18 14 16 
student 354: 15 8 18 16 4 17 20 7 2 13 3 6 5 10 14 11 9 12 1 19 
student 355: 13 1 15 16 5 2 10 14 18 4 6 11 7 3 12 20 9 17 19 8 
student 356: 4 3 19 2 14 7 1 16 20 17 6 18 10 11 8 15 5 12 9 13 
student 357: 5 3 8 14 12 18 2 13 20 4 19 9 11 7 10 15 1 6 17 16 
student 358: 3 8 15 12 6 11 7 14 17 1 16 9 10 13 18 19 4 5 2 20 
student 359: 11 20 18 3 15 12 4 1 7 2 5 10 13 8 6 9 16 19 14 17 
student 360: 12 9 15 8 1 4 13 18 10 3 19 11 6 17 14 5 16 7 20 2 
student 361: 11 18 5 3 1 10 6 9 14 16 15 17 12 7 13 8 19 20 4 2 
student 362: 9 10 2 12 1 17 7 15 16 6 19 18 11 5 3 4 14 20 8 13 
student 363: 15 9 20 5 2 16 7 8 10 18 11 4 6 3 19 12 17 14 13 1 
student 364: 8 2 18 1 12 16 4 11 17 15 19 5 13 7 6 20 3 10 14 9 
student 365: 16 12 17 19 6 20 14 10 15 4 7 13 1 8 18 11 5 3 9 2 
student 366: 4 14 17 7 6 15 5 19 13 3 9 20 2 11 8 18 12 1 16 10 
student 367: 8 14 17 7 2 11 5 1 13 4 20 6 19 3 12 18 16 10 9 15 
student 368: 8 5 20 18 4 15 7 16 17 6 19 2 12 9 11 1 14 10 13 3 
student 369: 4 5 18 11 14 6 3 16 15 1 17 13 8 7 10 9 2 20 19 12 
student 370: 1 3 12 19 5 10 4 14 20 9 7 13 18 17 11 15 2 16 8 6 
student 371: 16 3 8 12 5 6 17 19 1 2 9 11 7 4 13 20 15 10 14 18 
student 372: 9 13 15 11 6 8 19 10 5 14 12 18 2 4 3 17 1 20 16 7 
student 373: 15 13 16 2 6 5 8 20 7 4 9 17 3 14 1 19 11 18 10 12 
student 374: 14 6 17 16 3 15 2 11 20 1 18 13 8 5 19 7 10 4 12 9 
student 375: 12 2 19 11 3 13 14 20 7 4 1 10 15 8 16 5 9 18 17 6 
student 376: 10 12 17 9 2 11 1 8 14 3 16 20 6 4 5 18 15 7 19 13 
student 377: 4 5 20 6 9 15 3 12 16 11 8 7 18 14 1 13 17 19 2 10 
student 378: 9 19 1 17 4 7 15 12 11 13 5 16 20 6 3 8 10 18 14 2 
student 379: 16 12 6 13 5 4 11 7 17 9 19 20 15 1 2 18 10 14 8 3 
student 380: 19 9 17 6 11 20 5 18 14 2 4 10 1 15 13 3 8 7 16 12 
student 381: 14 15 16 12 9 19 3 13 18 7 17 4 11 1 8 10 5 20 2 6 
student 382: 12 3 9 19 1 2 7 10 11 6 17 16 4 13 8 15 5 14 20 18 
student 383: 7 19 11 8 6 13 16 10 18 17 12 1 4 3 14 20 5 15 2 9 
student 384: 3 6 16 2 7 12 11 15 19 8 13 18 1 20 14 5 9 10 17 4 
student 385: 15 3 16 6 8 1 2 5 20 12 18 14 7 13 10 4 17 19 11 9 
student 386: 7 10 9 8 1 17 14 2 20 4 11 5 3 12 6 13 19 18 16 15 
student 387: 19 16 14 2 9 17 15 10 20 1 8 6 4 12 13 11 5 3 18 7 
student 388: 15 17 20 6 7 8 4 3 10 9 5 14 1 11 13 16 12 19 18 2 
student 389: 13 6 5 20 7 10 11 15 12 9 1 18 2 8 4 14 19 16 17 3 
student 390: 12 2 17 19 9 1 15 18 20 4 16 8 6 10 7 13 3 11 14 5 
student 391: 6 3 9 4 12 15 7 1 10 16 20 18 5 2 8 11 14 13 19 17 
student 392: 5 14 19 20 16 13 17 8 1 4 18 12 10 7 2 15 3 9 6 11 
student 393: 7 13 20 2 10 1 6 19 18 3 5 15 4 12 9 17 11 14 16 8 
student 394: 7 6 18 10 3 14 2 11 19 13 1 16 12 9 5 4 8 17 15 20 
student 395: 1 2 8 18 20 19 16 9 14 11 3 6 17 7 12 10 13 15 5 4 
student 396: 15 18 8 6 14 9 1 11 7 5 2 19 12 3 16 13 17 20 10 4 
student 397: 16 15 3 18 10 4 2 5 17 7 13 8 1 6 14 19 12 20 9 11 
student 398: 17 7 15 5 4 3 2 19 10 14 18 13 8 9 6 16 12 11 20 1 
student 399: 10 3 17 14 5 4 8 12 11 2 1 16 19 13 6 18 15 9 20 7 
student 400: 8 5 12 18 2 15 19 3 17 20 13 16 6 14 11 9 1 4 10 7 
student 401: 2 16 9 14 1 12 7 11 17 3 8 13 10 6 5 20 19 15 18 4 
student 402: 9 20 17 10 3 6 18 11 14 4 2 16 12 8 13 7 1 19 15 5 
student 403: 12 7 18 9 4 8 5 10 16 3 13 1 14 11 20 2 19 15 17 6 
student 404: 6 15 9 5 4 8 1 17 18 2 12 10 19 7 16 20 14 13 3 11 
student 405: 7 13 12 8 1 3 5 9 20 2 14 16 11 4 6 10 19 17 18 15 
student 406: 11 16 14 13 3 15 12 5 18 7 9 10 1 4 20 17 8 6 19 2 
student 407: 6 7 16 3 1 11 13 15 14 2 10 12 9 4 18 19 20 17 8 5 
student 408: 6 18 11 12 15 20 17 10 13 5 14 19 4 2 7 16 8 3 9 1 
student 409: 13 14 19 6 2 1 4 16 18 8 5 12 11 7 17 15 9 20 10 3 
student 410: 12 5 20 17 11 6 1 15 7 2 18 13 4 9 8 14 10 19 16 3 
student 411: 6 2 20 16 1 12 10 17 3 15 13 5 8 4 18 7 11 14 19 9 
student 412: 14 9 8 5 2 7 15 12 19 6 17 10 3 1 11 18 13 4 20 16 
student 413: 7 1 15 14 16 17 9 19 2 4 18 3 5 6 11 8 20 12 10 13 
student 414: 9 15 14 3 19 20 2 13 17 6 10 18 7 11 12 8 1 16 5 4 
student 415: 16 10 6 17 7 5 8 12 1 13 15 14 9 18 11 19 2 3 4 20 
student 416: 17 1 20 7 6 10 5 14 12 4 3 18 16 13 8 11 9 15 19 2 
student 417: 5 16 19 10 3 9 20 17 12 1 4 11 13 18 14 8 2 6 15 7 
student 418: 15 6 20 10 8 13 2 16 5 1 7 14 3 9 11 19 12 17 4 18 
student 419: 6 8 18 1 14 9 2 7 19 4 20 16 17 5 3 10 12 15 11 13 
student 420: 9 6 2 7 12 16 5 1 20 10 17 3 4 8 18 19 14 15 13 11 
student 421: 2 15 18 20 4 11 8 16 12 5 1 9 6 7 3 13 17 10 14 19 
student 422: 2 8 12 16 10 19 1 6 4 9 5 13 3 14 20 15 11 18 7 17 
student 423: 11 10 12 18 3 8 2 20 16 9 13 6 1 4 5 19 15 17 14 7 
student 424: 18 6 1 4 5 7 9 17 16 8 10 19 3 12 2 14 13 20 11 15 
student 425: 6 18 20 1 7 17 15 8 2 14 4 12 10 16 3 11 19 5 13 9 
student 426: 8 15 20 5 4 10 1 7 18 6 16 14 13 12 11 9 2 19 3 17 
student 427: 8 3 19 16 17 5 10 9 20 1 4 6 2 11 14 7 12 13 18 15 
student 428: 13 11 14 3 6 7 8 5 20 1 16 19 2 4 9 15 10 17 18 12 
student 429: 14 19 17 11 2 6 10 15 12 3 9 13 18 5 7 16 8 1 20 4 
student 430: 15 14 16 12 3 8 7 20 19 1 5 17 18 10 6 13 4 9 2 11 
student 431: 9 15 4 18 12 8 5 17 13 2 6 20 19 10 16 3 1 7 14 11 
student 432: 9 8 16 3 1 13 4 12 18 10 19 15 7 17 20 14 2 11 5 6 
student 433: 3 4 9 15 1 18 6 14 13 10 20 12 7 2 5 19 11 17 16 8 
student 434: 12 11 19 10 8 1 2 17 15 7 16 5 9 20 18 14 13 3 6 4 
student 435: 15 13 18 19 10 7 1 17 16 4 5 20 11 6 12 9 14 2 3 8 
student 436: 18 17 12 16 6 11 5 3 19 8 2 15 10 1 9 14 13 20 4 7 
student 437: 16 2 18 6 14 8 1 12 20 4 17 13 11 5 15 3 10 19 7 9 
student 438: 2 7 20 10 3 1 14 11 4 6 9 18 5 12 16 8 19 13 15 17 
student 439: 14 20 16 17 13 3 4 11 5 2 19 9 7 10 8 18 15 12 6 1 
student 440: 5 19 12 10 13 15 16 9 14 18 11 2 1 3 6 20 8 17 4 7 
student 441: 18 3 13 15 5 19 17 12 9 2 6 8 10 1 14 4 20 16 11 7 
student 442: 1 9 16 18 2 15 8 7 5 3 12 17 10 6 11 19 20 4 14 13 
student 443: 12 4 11 7 9 2 6 16 15 10 14 1 3 18 20 19 13 5 17 8 
student 444: 15 7 12 17 9 11 18 20 8 5 14 1 3 13 2 16 6 19 10 4 
student 445: 3 1 13 7 10 8 12 6 9 11 5 20 2 14 17 19 18 16 4 15 
student 446: 20 15 5 4 2 6 10 14 19 13 9 18 3 7 11 1 16 12 17 8 
student 447: 13 4 15 9 5 8 20 10 19 18 2 11 1 12 6 16 3 14 17 7 
student 448: 12 14 11 13 10 15 16 6 18 3 9 17 1 4 7 20 2 8 19 5 
student 449: 3 18 19 1 10 15 2 8 16 6 7 14 5 11 4 13 9 20 17 12 
student 450: 9 3 20 6 16 5 1 19 2 8 4 12 11 10 15 13 17 18 14 7 
student 451: 18 6 13 10 8 4 15 14 2 12 9 16 1 11 17 19 7 3 5 20 
student 452: 7 11 18 17 2 13 4 16 9 1 12 8 6 10 15 19 5 14 20 3 
student 453: 13 10 15 2 16 7 3 4 6 12 8 9 14 1 20 5 17 18 11 19 
student 454: 3 14 2 5 11 15 6 18 13 9 7 1 17 12 19 10 20 16 4 8 
student 455: 12 10 15 14 18 20 9 13 17 2 19 7 5 6 3 11 4 1 8 16 
student 456: 6 13 15 12 1 4 9 3 5 11 19 7 16 14 20 8 18 17 2 10 
student 457: 8 3 12 4 10 2 11 5 18 6 13 17 20 14 9 16 15 19 1 7 
student 458: 14 13 20 10 6 8 4 12 16 3 19 15 7 17 2 18 1 9 11 5 
student 459: 4 13 18 1 8 10 5 9 7 6 17 11 3 2 14 12 15 20 19 16 
student 460: 10 11 9 2 6 13 7 8 19 1 5 12 3 17 4 18 20 16 15 14 
student 461: 9 17 20 11 2 6 3 7 14 4 12 13 1 5 10 18 19 8 16 15 
student 462: 11 12 20 9 4 16 2 3 17 1 18 10 5 8 13 7 19 15 14 6 
student 463: 6 12 1 4 2 10 3 16 19 5 20 15 14 13 18 9 7 17 11 8 
student 464: 12 16 4 1 10 3 20 13 8 5 17 7 11 15 14 18 19 6 9 2 
student 465: 10 3 20 2 1 6 7 13 8 17 9 16 19 5 12 14 11 4 18 15 
student 466: 6 16 19 9 7 10 5 2 20 12 15 14 3 8 11 17 4 13 18 1 
student 467: 4 18 16 9 8 17 19 7 10 11 12 13 2 6 5 14 20 1 3 15 
student 468: 7 15 12 9 6 14 3 5 2 13 8 4 11 1 20 10 17 16 18 19 
student 469: 8 13 17 1 15 3 19 18 9 5 10 11 16 2 4 14 7 12 20 6 
student 470: 4 3 5 12 8 17 15 1 6 10 2 20 9 7 11 16 18 19 13 14 
student 471: 11 12 19 8 5 13 4 17 2 10 3 18 7 1 6 9 16 20 14 15 
student 472: 5 17 12 8 13 9 15 4 20 14 10 11 6 1 18 7 16 19 2 3 
student 473: 8 13 18 5 1 10 3 19 20 15 6 9 12 7 4 17 16 11 14 2 
student 474: 11 10 15 2 14 12 6 19 5 16 4 13 17 7 9 18 8 1 20 3 
student 475: 12 4 11 7 3 10 6 5 19 1 13 15 2 20 8 18 16 17 9 14 
student 476: 18 16 20 1 8 5 15 3 12 9 17 7 13 11 10 14 2 19 4 6 
student 477: 12 9 11 6 4 8 1 2 15 18 14 16 7 3 17 20 10 19 13 5 
student 478: 4 18 14 19 3 8 1 20 12 2 5 17 11 10 16 6 9 15 7 13 
student 479: 4 18 20 5 14 9 6 11 13 10 8 19 17 15 12 7 16 3 2 1 
student 480: 11 2 9 5 1 18 8 13 4 6 3 19 16 14 7 10 12 15 20 17 
student 481: 10 12 1 13 4 15 19 11 17 18 16 2 7 8 3 5 14 20 6 9 
student 482: 7 14 3 10 12 11 18 17 15 6 2 5 9 19 13 16 1 4 20 8 
student 483: 19 10 13 1 9 18 4 14 17 8 15 20 7 6 3 16 2 11 5 12 
student 484: 14 15 16 7 2 6 10 1 19 11 20 12 8 3 18 9 17 13 4 5 
student 485: 20 8 12 16 4 6 3 10 9 2 1 15 13 18 17 14 19 11 7 5 
student 486: 11 2 17 12 8 18 1 20 10 16 4 14 3 15 13 7 5 19 9 6 
student 487: 11 1 19 12 9 17 14 2 6 7 18 16 5 10 13 3 4 20 15 8 
student 488: 14 18 12 17 2 5 10 11 4 3 9 19 1 7 16 20 13 15 8 6 
student 489: 12 7 16 17 13 14 3 20 2 9 4 11 10 6 18 8 19 5 15 1 
student 490: 5 13 15 1 11 10 19 17 20 2 9 4 6 16 12 18 14 8 7 3 
student 491: 2 16 9 15 3 11 6 17 13 4 5 19 8 10 7 18 20 14 12 1 
student 492: 6 5 14 2 1 15 19 10 7 9 20 8 3 17 11 18 12 13 16 4 
student 493: 5 16 20 10 8 17 3 1 12 2 9 4 19 6 18 15 13 11 14 7 
student 494: 9 4 12 13 16 11 15 18 10 17 3 20 1 6 19 14 2 8 7 5 
student 495: 6 8 15 2 9 16 4 11 18 1 19 5 17 12 3 14 13 7 20 10 
student 496: 13 9 2 10 1 11 3 6 16 8 4 17 12 5 15 7 19 18 20 14 
student 497: 4 11 17 2 1 9 3 6 20 13 19 14 10 8 7 5 16 18 15 12 
student 498: 7 2 11 8 3 14 18 12 16 4 5 9 17 15 10 20 1 13 6 19 
student 499: 16 5 8 18 14 7 11 2 17 10 15 6 13 4 3 19 9 12 20 1 
student 500: 3 2 4 9 5 11 1 8 15 20 6 18 10 7 19 16 13 12 17 14 
student 501: 12 6 18 16 13 14 4 20 19 2 10 7 9 8 15 11 17 5 3 1 
student 502: 10 15 19 9 6 7 1 16 11 4 2 12 3 8 5 17 13 18 14 20 
student 503: 15 7 18 1 5 17 3 16 20 2 6 19 9 4 14 8 12 11 10 13 
student 504: 2 10 18 1 5 11 17 9 8 4 3 12 15 13 20 16 6 14 19 7 
student 505: 9 6 8 1 4 10 7 20 17 2 15 14 13 11 5 19 12 18 16 3 
student 506: 5 15 10 12 3 18 16 11 19 7 6 9 14 13 1 8 17 2 20 4 
student 507: 7 13 19 9 12 14 5 3 17 15 10 18 16 11 8 20 2 4 1 6 
student 508: 6 4 1 7 5 9 2 3 14 13 11 19 8 10 12 20 16 17 15 18 
student 509: 15 10 13 6 4 18 5 2 3 1 7 16 20 8 9 19 14 12 11 17 
student 510: 7 19 8 13 6 10 14 3 9 1 2 12 5 4 18 20 15 17 11 16 
student 511: 5 7 17 9 13 4 20 10 12 1 2 11 16 15 19 3 14 6 8 18 
student 512: 1 12 2 6 8 17 5 18 4 7 15 16 10 11 9 14 13 3 19 20 
student 513: 2 7 1 16 14 5 15 8 17 6 19 3 10 4 20 12 18 9 13 11 
student 514: 9 19 2 17 4 8 15 18 20 1 6 11 7 5 12 16 10 13 14 3 
student 515: 7 2 1 18 11 9 5 16 20 14 4 10 17 3 6 8 12 15 13 19 
student 516: 2 7 20 1 9 14 19 17 12 13 8 16 11 15 3 5 6 4 18 10 
student 517: 6 16 18 3 11 7 15 9 12 2 14 13 5 17 8 19 1 4 20 10 
student 518: 14 7 16 15 3 6 2 17 10 5 8 12 13 4 1 11 9 20 19 18 
student 519: 7 2 16 14 13 11 18 8 12 5 4 20 17 6 9 19 15 3 10 1 
student 520: 5 18 19 3 15 9 7 6 11 17 14 12 2 8 4 13 1 10 20 16 
student 521: 11 1 6 17 3 10 7 15 18 5 19 13 16 20 12 14 8 4 9 2 
student 522: 15 11 20 5 14 3 7 16 8 2 13 10 9 4 19 17 6 18 12 1 
student 523: 2 16 12 7 19 13 18 15 1 9 4 6 3 8 14 17 11 20 10 5 
student 524: 4 2 20 7 13 18 5 6 19 10 12 14 8 15 11 9 1 17 16 3 
student 525: 10 12 14 9 2 5 19 6 4 8 11 13 3 7 15 18 20 16 17 1 
student 526: 16 2 13 12 5 8 9 14 17 4 15 18 3 11 19 7 1 10 20 6 
student 527: 9 2 19 15 12 16 4 3 8 7 6 1 5 14 20 10 13 18 17 11 
student 528: 9 18 12 6 15 7 1 16 4 2 8 17 3 10 20 14 5 11 19 13 
student 529: 3 10 2 18 17 6 16 11 9 1 15 7 5 14 8 20 4 13 19 12 
student 530: 8 6 14 17 13 10 2 15 1 4 9 7 5 20 11 19 16 18 3 12 
student 531: 20 8 15 7 10 13 1 6 16 5 2 3 14 9 18 19 4 17 11 12 
student 532: 4 1 12 11 7 20 19 17 13 3 5 8 15 10 6 9 14 16 18 2 
student 533: 5 18 4 7 2 12 9 16 11 6 17 8 20 15 13 1 10 14 19 3 
student 534: 8 14 20 2 10 13 6 16 17 3 4 5 7 15 19 18 9 11 12 1 
student 535: 10 4 20 9 3 7 6 5 18 2 16 17 8 15 13 14 19 1 11 12 
student 536: 11 9 17 3 7 19 6 20 15 13 14 12 8 5 2 1 18 16 4 10 
student 537: 2 6 15 5 17 8 4 11 10 16 14 3 7 12 1 9 13 20 18 19 
student 538: 13 9 10 16 1 5 15 20 7 2 11 12 3 6 4 18 17 19 14 8 
student 539: 12 8 15 19 18 6 1 14 5 11 4 13 20 2 3 10 16 9 17 7 
student 540: 1 8 18 16 14 19 12 6 4 2 10 20 5 3 7 15 9 17 11 13 
student 541: 17 19 6 3 15 14 4 1 16 7 11 18 13 2 5 12 8 10 20 9 
student 542: 8 3 19 7 4 13 16 20 15 1 10 18 9 11 14 6 2 5 12 17 
student 543: 8 4 5 7 1 13 9 16 19 3 2 14 10 15 12 17 6 18 20 11 
student 544: 13 15 4 17 16 18 5 20 19 8 2 12 14 10 1 3 6 9 7 11 
student 545: 5 16 18 2 3 12 13 20 9 10 6 14 8 1 7 4 19 11 15 17 
student 546: 17 11 6 2 10 20 1 13 15 8 7 14 5 16 3 18 12 19 4 9 
student 547: 15 2 12 19 4 6 9 1 18 3 20 13 11 10 17 14 5 16 7 8 
student 548: 13 3 20 15 5 19 9 6 18 1 4 17 12 7 14 11 16 2 10 8 
student 549: 2 9 13 1 16 5 7 10 11 3 15 6 4 8 17 20 14 19 12 18 
student 550: 13 3 8 14 11 18 12 6 10 4 5 1 16 17 2 20 15 7 19 9 
student 551: 10 18 2 8 9 15 14 13 17 3 19 4 20 1 7 16 11 6 12 5 
student 552: 11 12 20 13 8 2 1 16 18 6 9 17 7 5 14 3 10 19 15 4 
student 553: 3 12 19 8 15 9 2 13 17 1 18 14 4 11 10 20 7 6 16 5 
student 554: 18 5 14 10 1 9 17 3 20 6 15 4 7 2 8 11 12 16 19 13 
student 555: 10 2 17 15 14 6 18 19 13 9 7 12 3 4 8 11 5 20 16 1 
student 556: 16 9 7 8 3 10 12 14 4 17 1 15 2 5 6 13 18 20 11 19 
student 557: 14 4 5 8 6 9 18 20 2 19 1 13 10 16 11 15 7 12 17 3 
student 558: 3 6 17 19 4 7 15 12 5 2 14 20 18 9 16 8 11 1 10 13 
student 559: 4 1 18 8 6 9 14 5 13 12 2 17 20 15 3 10 19 16 7 11 
student 560: 5 18 14 15 16 7 11 6 12 3 19 8 4 2 13 20 17 10 9 1 
student 561: 12 14 2 8 3 9 4 19 11 16 20 10 6 15 5 17 7 1 13 18 
student 562: 1 10 13 6 2 19 4 5 8 3 7 12 11 16 15 20 9 14 18 17 
student 563: 2 20 17 1 6 10 18 11 8 9 4 3 14 5 19 16 15 13 7 12 
student 564: 15 7 8 10 11 1 17 13 6 5 20 9 14 2 19 3 16 12 18 4 
student 565: 9 8 19 5 2 3 12 11 16 13 15 7 4 1 17 20 10 18 14 6 
student 566: 7 20 5 8 15 3 1 6 17 4 11 12 10 14 18 19 16 2 9 13 
student 567: 12 4 11 1 3 2 18 17 13 10 9 6 5 7 16 19 15 14 8 20 
student 568: 3 14 8 10 9 2 18 17 12 4 11 16 1 15 5 19 6 13 20 7 
student 569: 18 6 16 4 8 15 5 12 14 2 9 10 19 7 3 20 17 1 13 11 
student 570: 10 4 7 5 8 16 2 9 14 11 20 12 13 3 6 18 15 17 19 1 
student 571: 4 11 12 2 19 15 16 17 14 10 8 18 5 6 3 9 13 7 20 1 
student 572: 9 6 14 13 11 19 3 8 10 1 20 12 2 17 7 15 5 18 16 4 
student 573: 8 18 16 5 7 1 3 15 20 2 4 11 6 13 12 14 17 10 19 9 
student 574: 5 11 1 3 13 6 15 16 20 2 18 9 17 14 4 10 7 19 8 12 
student 575: 17 13 20 1 7 10 5 12 18 9 2 4 14 3 19 11 16 15 8 6 
student 576: 1 9 18 6 8 10 4 11 12 2 20 16 3 5 7 13 15 17 19 14 
student 577: 4 8 13 10 17 1 15 11 14 19 3 18 20 2 9 16 7 6 12 5 
student 578: 5 14 17 18 8 2 1 20 11 6 7 9 10 13 19 3 16 15 4 12 
student 579: 3 9 4 15 14 20 7 18 11 19 10 8 12 5 2 16 6 13 1 17 
student 580: 16 19 15 1 2 18 4 10 3 11 7 12 6 17 5 14 9 13 20 8 
student 581: 6 19 17 3 5 1 13 12 4 8 15 20 9 2 16 11 10 18 7 14 
student 582: 17 1 14 5 9 13 11 10 20 12 18 2 4 8 6 19 16 3 15 7 
student 583: 9 1 7 18 11 2 13 4 12 14 20 8 5 15 3 17 16 10 19 6 
student 584: 1 5 20 15 3 12 14 13 4 8 6 9 7 10 19 2 17 18 11 16 
student 585: 11 14 1 7 12 13 20 8 5 4 15 17 9 16 18 19 6 3 10 2 
student 586: 11 2 13 18 7 15 8 16 9 3 5 20 1 6 12 14 19 4 17 10 
student 587: 17 11 14 5 2 9 3 16 20 4 10 12 1 7 8 19 15 18 13 6 
student 588: 15 3 17 6 13 7 9 4 2 16 12 18 10 20 11 19 1 5 8 14 
student 589: 16 12 15 1 2 17 11 9 5 6 18 4 20 14 3 10 19 8 7 13 
student 590: 11 7 6 9 1 17 5 8 12 2 14 4 15 20 18 16 3 19 13 10 
student 591: 3 2 1 11 8 7 19 14 4 18 17 20 9 6 13 16 10 15 5 12 
student 592: 16 6 14 12 11 8 2 18 4 1 17 19 15 5 3 9 20 10 13 7 
student 593: 17 13 11 10 8 1 4 12 18 3 19 16 14 7 2 6 20 9 5 15 
student 594: 1 16 14 8 7 6 4 13 20 5 15 17 3 2 10 19 12 9 18 11 
student 595: 8 4 10 18 9 3 2 16 12 15 6 7 5 11 14 19 13 17 20 1 
student 596: 7 12 17 14 6 4 9 16 15 3 1 11 2 20 10 18 5 19 8 13 
student 597: 13 20 19 3 7 16 1 15 4 5 12 9 17 6 11 8 2 10 18 14 
student 598: 14 3 16 10 6 8 1 15 17 2 5 18 11 7 4 20 9 19 12 13 
student 599: 10 1 11 6 2 13 8 7 9 5 12 16 19 15 20 18 4 14 17 3 
student 600: 20 10 7 15 13 8 5 12 17 16 9 1 11 2 18 6 19 14 3 4 
student 601: 10 11 13 8 1 2 9 17 20 6 18 5 3 15 16 12 7 19 14 4 
student 602: 8 17 20 11 12 10 1 19 18 9 14 3 5 15 13 16 2 7 6 4 
student 603: 9 11 20 13 2 7 6 15 4 1 12 5 14 3 19 18 16 17 10 8 
student 604: 7 6 8 10 12 3 13 15 14 2 16 9 20 4 11 19 17 1 18 5 
student 605: 14 13 8 6 12 15 10 19 18 3 1 16 9 4 7 11 17 5 20 2 
student 606: 11 15 9 14 10 2 1 4 13 3 20 6 7 19 8 18 12 16 5 17 
student 607: 17 13 6 9 11 10 2 20 12 14 19 4 8 3 18 16 1 5 15 7 
student 608: 18 14 20 7 1 2 15 13 10 12 9 16 19 8 4 17 3 11 6 5 
student 609: 4 17 3 18 6 7 2 19 13 12 1 10 5 11 8 16 15 20 14 9 
student 610: 6 14 2 18 12 3 4 10 5 1 19 15 9 8 16 11 7 17 13 20 
student 611: 13 18 16 20 19 8 4 12 6 10 3 14 1 7 11 15 5 17 2 9 
student 612: 2 17 20 3 1 18 4 10 16 11 5 6 7 15 12 13 8 14 9 19 
student 613: 13 5 4 12 7 8 16 1 18 17 3 20 15 10 9 14 6 19 2 11 
student 614: 1 13 15 12 18 5 3 9 11 17 6 19 2 4 8 16 10 20 14 7 
student 615: 10 12 17 5 6 11 13 15 3 1 18 2 7 9 20 4 19 14 16 8 
student 616: 19 20 18 8 10 11 4 12 16 1 15 17 6 2 3 13 9 14 7 5 
student 617: 3 18 10 15 5 8 13 4 6 12 16 11 2 7 1 20 9 17 19 14 
student 618: 2 11 10 17 1 4 8 16 18 3 13 12 9 14 6 7 15 19 5 20 
student 619: 7 9 20 1 11 5 15 19 12 14 10 6 17 2 16 13 8 18 3 4 
student 620: 9 3 18 19 1 10 2 8 14 15 6 12 11 17 4 20 13 16 7 5 
student 621: 19 8 14 9 1 3 4 18 5 7 16 20 6 17 15 13 11 12 10 2 
student 622: 4 7 2 12 11 16 19 3 5 18 8 17 1 9 13 14 20 15 6 10 
student 623: 11 15 17 6 3 10 4 12 14 9 20 16 2 19 7 1 13 18 5 8 
student 624: 10 12 18 16 6 8 17 7 2 1 5 9 20 14 3 15 11 4 19 13 
student 625: 3 8 20 6 9 16 4 10 12 17 2 15 13 7 18 14 19 11 1 5 
student 626: 2 5 7 14 3 12 8 20 13 4 16 1 6 11 15 9 19 17 10 18 
student 627: 5 16 20 6 1 12 17 19 11 9 14 2 3 10 8 13 18 7 4 15 
student 628: 18 15 9 13 8 2 1 19 16 12 11 14 4 3 7 17 5 20 10 6 
student 629: 8 19 17 4 9 7 1 12 11 16 6 10 15 2 5 20 3 14 18 13 
student 630: 15 7 6 2 1 12 13 8 14 10 19 16 3 11 18 20 5 9 17 4 
student 631: 20 13 19 2 8 9 17 6 14 3 5 12 1 7 4 15 11 18 10 16 
student 632: 6 18 4 5 10 17 2 19 9 12 13 14 1 7 20 8 15 11 16 3 
student 633: 14 5 20 15 3 11 2 1 13 12 10 7 8 9 18 16 6 17 19 4 
student 634: 7 8 20 2 9 5 1 11 19 17 12 10 3 16 14 18 13 15 6 4 
student 635: 7 6 18 14 2 16 3 11 19 15 20 1 8 12 5 10 9 4 17 13 
student 636: 6 9 15 20 1 7 14 13 19 8 16 12 4 2 5 11 18 17 10 3 
student 637: 7 11 8 2 9 10 19 14 12 1 17 18 4 5 15 20 16 6 13 3 
student 638: 12 11 17 15 2 14 1 13 16 3 9 19 8 6 4 18 10 20 5 7 
student 639: 14 3 9 5 13 20 1 11 19 18 12 2 15 8 16 6 7 17 10 4 
student 640: 18 19 20 16 13 5 15 17 2 12 4 14 9 11 7 10 3 8 6 1 
student 641: 9 7 19 3 6 11 17 12 16 13 15 10 8 4 14 18 20 5 1 2 
student 642: 4 19 20 8 6 1 14 9 10 7 16 13 5 12 3 17 11 2 15 18 
student 643: 4 3 20 13 12 2 5 10 18 6 14 16 9 11 8 17 7 19 15 1 
student 644: 5 11 19 7 1 17 3 2 13 12 20 8 4 6 16 9 18 15 10 14 
student 645: 6 2 20 1 16 11 7 19 14 15 4 8 10 5 13 9 3 12 18 17 
student 646: 15 8 9 3 6 10 1 20 14 5 17 13 12 16 18 2 19 4 11 7 
student 647: 9 7 13 1 8 17 6 3 5 11 15 18 2 10 19 20 14 12 4 16 
student 648: 18 9 4 12 17 5 8 16 7 3 2 15 11 10 14 1 20 6 19 13 
student 649: 20 9 18 10 6 3 8 17 4 2 1 5 19 12 14 7 16 13 11 15 
student 650: 2 20 17 9 3 16 7 14 18 5 11 8 6 4 19 13 1 12 15 10 
student 651: 13 7 8 6 12 14 2 18 15 16 20 9 4 3 11 17 19 1 10 5 
student 652: 19 4 15 5 3 18 1 7 13 14 6 11 8 17 9 16 20 12 10 2 
student 653: 20 2 19 13 3 1 8 16 18 9 15 17 10 11 7 14 5 4 12 6 
student 654: 19 14 4 15 2 12 18 17 16 8 6 9 7 1 5 11 3 13 20 10 
student 655: 15 7 20 3 4 11 10 13 18 17 14 8 9 5 12 19 6 16 2 1 
student 656: 17 13 4 19 7 2 1 14 16 9 8 20 11 3 5 18 12 15 10 6 
student 657: 5 2 20 13 1 14 8 4 17 12 3 16 9 10 18 11 7 19 15 6 
student 658: 13 18 15 7 19 17 3 1 16 10 12 9 6 5 4 20 2 11 14 8 
student 659: 17 18 20 19 12 6 15 14 5 7 3 1 11 2 16 10 8 4 9 13 
student 660: 5 12 10 16 11 14 1 17 15 7 8 2 6 19 9 18 20 4 13 3 
student 661: 11 6 12 2 7 1 3 8 17 16 13 9 14 5 19 15 10 20 18 4 
student 662: 4 2 18 15 11 3 1 6 17 13 10 19 5 14 16 20 7 12 9 8 
student 663: 20 3 17 18 2 1 9 4 5 19 16 13 12 7 14 8 10 11 15 6 
student 664: 4 15 19 16 18 8 1 5 20 9 17 2 3 11 12 10 6 13 7 14 
student 665: 7 13 19 17 1 5 4 12 10 3 18 9 8 14 11 15 16 6 20 2 
student 666: 20 7 10 8 6 11 12 13 15 2 9 1 17 4 19 14 16 18 3 5 
student 667: 2 17 19 3 7 1 15 4 20 16 9 18 11 5 8 10 6 13 12 14 
student 668: 12 8 7 6 17 11 9 15 20 3 2 16 5 10 14 19 1 13 4 18 
student 669: 15 12 14 4 5 6 3 20 16 1 19 8 11 10 9 18 17 7 2 13 
student 670: 14 3 16 1 4 10 19 9 15 12 13 6 5 2 11 7 17 20 18 8 
student 671: 4 14 9 5 11 8 15 19 18 1 2 10 17 3 16 7 6 13 20 12 
student 672: 14 20 19 3 5 9 1 17 12 6 13 7 4 10 11 15 16 2 18 8 
student 673: 17 18 16 6 8 12 4 13 20 7 3 11 2 5 14 19 9 10 15 1 
student 674: 13 2 19 9 10 12 16 18 11 14 4 5 3 6 8 17 7 15 20 1 
student 675: 18 3 15 16 11 9 7 20 4 1 13 6 10 14 8 17 12 19 2 5 
student 676: 16 7 15 5 3 6 17 19 8 10 18 4 2 1 20 14 11 12 9 13 
student 677: 1 15 18 10 2 6 4 8 13 7 3 14 19 9 16 12 20 5 17 11 
student 678: 10 13 20 4 15 3 12 1 8 16 18 9 2 5 7 11 17 14 19 6 
student 679: 16 5 3 7 2 1 18 9 19 14 6 8 4 10 15 20 17 12 13 11 
student 680: 5 2 14 4 11 10 16 20 12 1 19 15 8 6 3 18 7 9 17 13 
student 681: 8 11 4 13 5 1 7 12 20 3 10 19 17 2 14 6 15 16 18 9 
student 682: 14 3 19 11 7 20 9 4 8 5 16 2 6 1 10 17 18 15 13 12 
student 683: 2 9 14 10 1 18 13 16 3 11 12 20 6 4 19 17 8 15 5 7 
student 684: 2 7 1 8 3 11 19 17 15 9 13 10 5 6 14 4 18 12 20 16 
student 685: 3 7 9 10 6 16 15 11 12 4 14 20 17 1 2 18 13 19 8 5 
student 686: 5 11 10 3 8 17 6 7 20 1 19 4 14 9 16 15 2 18 13 12 
student 687: 5 3 18 17 4 14 1 13 10 11 8 7 16 2 12 15 9 19 20 6 
student 688: 13 4 18 6 5 3 9 16 20 2 15 10 1 7 19 8 14 11 17 12 
student 689: 5 15 9 12 2 19 6 18 8 13 11 20 7 1 4 10 3 17 14 16 
student 690: 8 2 20 4 9 1 12 16 19 15 3 5 18 10 6 17 14 13 7 11 
student 691: 2 18 3 7 10 6 4 19 20 11 5 9 14 8 16 13 12 17 15 1 
student 692: 13 2 16 14 7 11 5 6 18 4 1 17 9 3 19 15 20 8 10 12 
student 693: 9 1 19 20 12 16 3 18 10 2 14 8 5 7 15 11 13 4 17 6 
student 694: 3 12 16 9 2 7 4 11 17 1 14 10 18 8 15 20 6 13 19 5 
student 695: 16 11 13 7 3 8 1 10 14 15 12 18 5 9 19 17 4 2 20 6 
student 696: 6 9 13 12 20 3 5 15 4 8 18 11 17 1 10 16 7 14 19 2 
student 697: 10 9 18 14 1 12 2 17 13 11 7 6 5 19 3 16 20 8 15 4 
student 698: 3 5 9 18 1 7 17 12 13 6 20 14 10 2 15 4 8 19 11 16 
student 699: 3 4 10 7 1 11 15 5 16 9 13 2 17 12 14 6 8 18 20 19 
student 700: 4 14 20 1 13 2 5 3 19 12 6 7 11 8 16 15 17 18 9 10 
student 701: 4 19 16 17 8 18 13 20 12 10 5 1 9 3 7 14 11 6 15 2 
student 702: 10 13 16 3 1 14 7 15 2 17 8 12 9 6 19 18 4 11 20 5 
student 703: 14 10 17 18 1 12 2 20 16 15 19 13 6 4 8 7 3 11 9 5 
student 704: 7 5 15 18 6 20 17 16 14 1 8 19 2 4 3 13 10 11 9 12 
student 705: 12 1 14 3 7 13 19 4 10 2 8 6 5 11 16 18 15 20 9 17 
student 706: 19 11 16 8 5 4 10 9 14 3 15 1 12 7 6 20 18 17 2 13 
student 707: 19 16 13 9 4 2 17 1 14 11 12 18 20 10 3 7 6 5 15 8 
student 708: 19 6 20 3 2 5 8 17 13 4 16 10 9 11 1 15 7 18 12 14 
student 709: 3 17 16 9 6 15 7 12 13 8 1 11 2 20 10 19 5 14 18 4 
student 710: 3 18 16 10 5 6 14 2 17 1 13 9 12 7 4 15 20 11 19 8 
student 711: 10 12 17 5 8 18 2 16 1 9 11 3 15 19 14 20 13 6 7 4 
student 712: 2 12 20 15 4 5 10 6 19 7 9 11 8 16 13 3 1 18 17 14 
student 713: 10 4 13 1 9 16 15 14 19 2 5 8 7 20 18 3 17 12 11 6 
student 714: 5 3 10 4 14 2 9 15 7 1 13 8 16 11 18 12 6 17 19 20 
student 715: 7 8 15 2 5 6 4 16 19 12 10 1 3 11 20 18 9 13 17 14 
student 716: 5 17 13 15 2 4 16 11 10 1 18 9 20 6 8 7 14 19 12 3 
student 717: 11 3 15 12 1 14 8 17 19 5 7 4 2 20 10 18 13 16 9 6 
student 718: 16 13 19 3 1 10 11 17 18 5 15 14 4 6 9 7 2 12 20 8 
student 719: 7 15 20 18 4 10 9 8 12 2 17 11 13 5 16 1 6 14 19 3 
student 720: 11 3 15 19 5 1 7 2 13 4 14 8 9 17 6 16 12 18 20 10 
student 721: 15 12 19 6 4 10 1 18 20 2 14 5 11 8 16 3 13 7 17 9 
student 722: 18 2 12 13 4 1 3 7 10 6 17 8 15 19 9 14 5 16 20 11 
student 723: 7 5 20 4 2 16 6 17 10 1 11 3 8 18 9 19 15 13 12 14 
student 724: 9 4 10 5 3 1 2 20 16 7 15 8 6 11 14 12 18 13 17 19 
student 725: 16 17 20 6 13 10 3 15 7 4 12 18 14 8 9 19 11 2 5 1 
student 726: 5 3 16 4 12 11 1 13 20 6 18 9 17 7 19 15 14 10 2 8 
student 727: 5 9 17 4 11 6 3 16 14 2 8 10 15 12 19 13 7 20 18 1 
student 728: 19 2 18 9 6 7 5 10 17 1 3 4 20 12 13 15 8 16 11 14 
student 729: 2 10 20 9 7 4 3 12 16 1 17 15 8 19 5 18 14 13 11 6 
student 730: 15 10 14 11 1 4 5 7 8 2 17 3 13 9 19 18 6 16 12 20 
student 731: 10 11 17 12 5 20 6 8 14 1 3 2 4 13 7 18 16 19 15 9 
student 732: 19 1 12 9 8 3 4 13 10 2 7 11 14 6 20 17 15 16 18 5 
student 733: 2 3 7 19 1 13 4 17 12 6 16 15 20 10 11 9 18 8 5 14 
student 734: 17 15 13 12 1 5 10 7 18 4 9 16 6 19 2 11 8 3 14 20 
student 735: 2 19 8 1 4 20 11 5 6 17 13 15 12 7 16 9 10 3 18 14 
student 736: 7 16 15 8 4 17 3 19 9 2 6 10 1 12 11 20 18 13 14 5 
student 737: 3 17 20 15 1 5 6 19 4 13 16 12 18 11 7 2 14 10 9 8 
student 738: 8 11 4 10 17 20 1 13 18 12 7 14 5 6 19 15 2 16 9 3 
student 739: 15 19 17 3 10 1 7 18 20 13 11 14 2 9 8 12 4 6 16 5 
student 740: 9 11 14 1 4 20 3 15 12 6 7 10 5 8 17 19 2 13 18 16 
student 741: 18 12 9 2 3 13 5 14 19 10 11 17 7 4 20 15 6 1 16 8 
student 742: 18 9 20 15 6 8 3 19 17 12 2 4 1 5 11 14 13 10 16 7 
student 743: 6 17 12 18 1 11 14 4 16 5 7 13 3 2 9 8 20 19 15 10 
student 744: 12 10 20 14 11 1 8 6 13 2 3 7 16 15 4 17 5 19 18 9 
student 745: 18 1 13 19 4 6 2 12 11 8 16 7 20 14 15 9 17 3 10 5 
student 746: 4 6 19 11 7 9 13 20 16 14 12 10 15 2 8 18 1 17 3 5 
student 747: 14 9 15 12 3 8 2 17 20 1 5 11 18 6 19 13 16 10 7 4 
student 748: 4 19 17 10 3 12 5 2 18 6 14 16 9 8 7 13 20 1 11 15 
student 749: 2 12 11 9 10 16 4 13 15 19 17 18 7 3 20 14 6 5 8 1 
student 750: 2 16 15 9 7 10 19 14 17 12 5 18 6 3 1 8 4 20 13 11 
student 751: 4 19 18 5 16 9 10 17 14 3 11 12 2 15 13 20 1 6 8 7 
student 752: 2 1 20 5 9 12 3 19 16 7 14 11 18 6 8 4 10 17 13 15 
student 753: 14 2 19 1 3 6 8 18 13 4 9 17 5 16 7 20 11 15 10 12 
student 754: 6 8 14 18 13 1 5 19 4 20 11 7 2 3 10 9 12 17 16 15 
student 755: 14 9 12 13 5 3 1 17 2 11 8 7 6 18 15 20 10 16 19 4 
student 756: 5 12 9 4 3 2 15 18 20 6 7 17 16 11 14 10 8 13 19 1 
student 757: 18 16 6 1 2 7 4 19 20 14 3 9 8 12 13 10 17 11 5 15 
student 758: 15 3 4 14 5 2 18 16 12 11 7 10 13 1 20 17 9 19 6 8 
student 759: 2 12 20 9 5 18 3 19 13 7 17 11 8 1 16 4 10 14 15 6 
student 760: 8 1 9 4 7 5 10 2 11 17 19 3 6 16 14 15 12 20 18 13 
student 761: 2 5 12 15 1 16 7 20 11 3 14 17 18 13 9 19 10 8 6 4 
student 762: 4 20 11 12 1 8 2 13 14 6 18 7 5 10 19 15 16 17 9 3 
student 763: 16 13 18 6 9 12 10 17 19 11 20 5 15 7 8 2 4 1 14 3 
student 764: 5 3 19 2 12 4 1 10 7 11 13 15 17 6 8 20 16 18 14 9 
student 765: 14 4 13 12 1 15 10 18 20 6 2 5 11 7 19 8 16 17 3 9 
student 766: 6 5 20 3 1 12 13 4 18 9 8 10 2 14 7 16 15 19 17 11 
student 767: 2 20 18 12 10 17 4 11 1 8 14 19 7 5 16 15 9 13 3 6 
student 768: 15 10 6 3 18 9 12 14 20 1 7 8 5 17 19 2 13 16 11 4 
student 769: 17 13 11 9 2 3 16 8 15 4 18 14 1 6 19 5 10 20 7 12 
student 770: 6 10 14 8 5 3 12 9 18 7 11 20 15 1 13 4 19 17 16 2 
student 771: 11 10 20 16 3 13 12 5 8 1 15 9 4 7 2 17 14 18 19 6 
student 772: 1 13 19 14 4 18 2 17 20 8 3 11 7 10 5 9 15 12 16 6 
student 773: 2 8 19 14 5 12 1 9 10 16 11 17 15 6 4 7 13 20 3 18 
student 774: 2 16 15 11 7 8 6 14 17 19 9 10 4 12 3 18 13 20 1 5 
student 775: 11 1 17 6 12 5 16 4 10 8 9 20 18 2 3 13 14 7 15 19 
student 776: 20 9 18 12 4 10 2 1 17 7 13 19 8 5 15 16 6 14 3 11 
student 777: 3 6 11 17 13 5 8 14 9 15 10 7 18 20 4 19 12 16 2 1 
student 778: 4 2 17 14 19 6 3 13 8 1 5 15 20 10 11 18 9 16 12 7 
student 779: 15 1 19 9 16 4 10 8 18 2 14 3 13 6 5 12 11 17 20 7 
student 780: 19 5 20 14 2 8 11 16 7 1 18 17 3 10 6 12 4 15 13 9 
student 781: 3 8 13 10 2 11 14 18 16 1 17 12 7 6 5 15 19 20 9 4 
student 782: 9 17 20 7 10 12 1 4 5 6 3 11 19 13 14 18 15 16 8 2 
student 783: 12 8 17 5 4 20 11 9 14 7 10 2 1 3 18 19 13 16 6 15 
student 784: 4 10 18 20 7 5 2 8 11 3 14 6 9 1 12 15 16 19 17 13 
student 785: 19 2 7 16 1 5 6 13 14 11 18 3 17 9 10 15 8 12 20 4 
student 786: 2 9 1 4 14 10 3 8 7 13 12 17 5 6 19 20 16 11 15 18 
student 787: 4 20 9 3 15 12 14 19 10 18 5 2 17 11 1 13 7 16 8 6 
student 788: 12 18 9 4 5 14 2 6 17 7 8 15 13 11 3 16 19 10 20 1 
student 789: 8 2 17 6 5 3 1 11 4 15 10 9 13 7 12 19 14 20 16 18 
student 790: 15 6 13 19 20 9 4 14 3 17 8 2 1 7 11 10 18 16 12 5 
student 791: 20 7 2 1 4 5 8 16 15 12 19 14 10 13 11 6 9 3 18 17 
student 792: 5 7 1 9 17 14 3 2 13 19 12 20 4 6 16 18 11 15 8 10 
student 793: 14 6 18 10 11 8 1 5 12 13 7 17 2 4 3 16 15 20 19 9 
student 794: 20 12 14 4 13 19 16 6 15 2 11 1 3 5 17 7 8 9 10 18 
student 795: 1 9 3 8 14 15 2 18 17 6 10 7 4 11 12 19 20 16 5 13 
student 796: 6 3 17 16 13 2 5 19 4 7 9 18 8 20 15 1 11 14 12 10 
student 797: 20 1 16 14 2 12 3 17 5 9 15 8 11 4 10 6 13 18 19 7 
student 798: 15 9 6 12 20 11 16 13 7 10 4 5 18 8 3 17 14 19 1 2 
student 799: 19 11 20 15 13 6 2 18 16 12 17 10 7 9 3 1 14 8 4 5 
