student 0: 5 4 16 13 6 20 15 8 9 19 7 1 2 14 11 17 10 12 18 3 
student 1: 15 4 12 3 1 2 18 6 8 9 13 14 20 19 16 17 7 10 11 5 
student 2: 7 5 19 9 16 13 8 11 6 12 10 2 15 14 3 4 17 20 18 1 
student 3: 18 15 11 14 16 20 10 3 5 19 8 4 6 13 1 12 7 2 17 9 
student 4: 17 12 2 4 1 20 15 10 6 13 18 9 7 11 16 19 5 14 3 8 
student 5: 6 13 17 18 1 16 12 15 10 2 14 9 3 4 20 19 5 7 8 11 
student 6: 7 17 1 19 8 14 4 15 3 12 10 11 2 5 9 16 20 18 6 13 
student 7: 15 9 12 2 8 19 17 1 7 20 16 4 3 11 13 6 5 18 14 10 
student 8: 18 14 2 3 6 16 17 5 4 15 19 10 1 8 20 13 9 7 12 11 
student 9: 6 5 10 14 1 18 2 3 19 13 15 11 12 16 9 4 17 8 20 7 
student 10: 7 3 2 20 10 13 18 8 6 16 15 14 9 5 4 11 17 1 12 19 
student 11: 17 1 11 5 2 20 19 10 4 6 15 7 8 14 3 18 13 16 9 12 
student 12: 2 7 3 1 9 12 8 18 16 4 19 5 14 17 10 20 15 6 11 13 
student 13: 12 15 4 11 6 18 20 5 8 1 2 7 16 9 3 14 19 13 17 10 
student 14: 4 3 9 14 6 17 16 1 11 20 13 5 2 18 8 15 10 7 12 19 
student 15: 20 3 4 6 18 14 17 19 1 11 13 8 7 9 2 16 15 5 10 12 
student 16: 17 6 13 12 18 4 16 5 9 14 10 7 3 19 15 11 2 1 8 20 
student 17: 6 19 14 2 3 20 12 10 5 11 9 7 16 18 1 13 8 15 4 17 
student 18: 11 20 16 9 8 12 18 1 5 17 13 4 15 2 6 7 19 3 10 14 
student 19: 9 4 15 6 14 10 20 7 1 16 8 18 13 3 11 17 5 2 19 12 
student 20: 4 8 18 14 13 19 20 15 17 7 11 10 3 12 2 6 1 16 5 9 
student 21: 16 1 5 10 7 14 19 13 6 4 17 20 2 11 3 8 18 15 9 12 
student 22: 8 3 5 1 12 2 14 4 17 13 15 9 6 20 7 18 16 10 11 19 
student 23: 8 7 18 3 2 4 13 19 11 12 1 17 10 15 9 16 20 6 14 5 
student 24: 16 20 5 12 9 8 13 6 1 17 2 3 19 11 4 18 10 7 14 15 
student 25: 4 12 17 16 5 20 3 2 8 14 7 11 13 6 9 18 10 15 1 19 
student 26: 1 3 10 13 2 18 7 5 14 20 19 12 9 11 4 16 15 8 17 6 
student 27: 5 8 16 1 6 19 20 12 18 13 17 2 3 11 9 14 15 4 7 10 
student 28: 8 12 11 10 2 20 15 6 1 18 19 3 7 17 4 14 16 5 9 13 
student 29: 11 13 12 7 4 9 18 15 1 17 20 6 3 14 16 10 8 5 2 19 
student 30: 12 2 6 13 17 14 3 18 7 15 19 11 16 4 1 20 9 5 8 10 
student 31: 9 12 3 15 6 16 1 7 19 20 13 2 8 10 14 18 5 11 4 17 
student 32: 10 16 20 5 7 18 17 15 9 14 19 8 13 4 2 12 6 1 3 11 
student 33: 11 5 1 16 2 10 9 7 12 6 15 4 13 3 8 14 17 19 20 18 
student 34: 3 12 11 20 14 13 8 17 6 16 10 15 7 5 4 19 9 2 18 1 
student 35: 9 1 10 5 4 19 14 17 12 8 6 2 11 15 13 20 3 7 18 16 
student 36: 12 11 8 7 9 4 19 10 6 20 18 2 5 1 3 17 14 13 15 16 
student 37: 11 6 12 15 10 20 18 7 3 19 13 1 14 8 9 16 17 5 2 4 
student 38: 10 18 4 2 15 14 7 6 3 20 5 8 16 1 9 19 12 11 13 17 
student 39: 14 10 9 17 2 15 8 11 3 12 18 13 20 19 5 7 4 1 16 6 
student 40: 3 4 5 11 2 14 12 18 7 8 16 15 20 19 9 13 10 6 17 1 
student 41: 7 5 6 17 15 9 10 8 3 20 13 4 1 11 16 19 18 2 12 14 
student 42: 19 20 1 9 4 18 11 8 7 6 5 15 14 16 3 13 17 10 12 2 
student 43: 14 2 3 12 6 16 15 9 20 10 18 7 5 11 4 19 17 13 8 1 
student 44: 10 5 9 12 11 20 15 6 7 17 19 2 16 8 4 14 18 3 13 1 
student 45: 5 6 14 20 11 7 8 3 2 19 9 17 16 10 1 15 4 13 12 18 
student 46: 18 11 3 6 4 20 19 14 13 15 9 7 2 8 1 17 5 16 12 10 
student 47: 3 7 8 12 1 10 5 4 15 14 17 13 11 20 16 9 2 6 19 18 
student 48: 12 14 7 11 4 19 6 16 9 2 10 1 15 18 8 3 13 17 5 20 
student 49: 3 20 4 2 13 19 7 15 18 16 14 6 8 5 10 17 9 11 1 12 
student 50: 18 16 13 6 5 17 1 3 4 12 19 9 2 10 7 14 11 8 15 20 
student 51: 17 8 3 6 2 13 14 4 5 7 10 9 19 15 1 18 16 11 20 12 
student 52: 9 14 12 18 1 13 2 11 4 16 19 15 3 10 5 8 7 17 6 20 
student 53: 7 9 16 1 4 18 20 17 6 11 13 12 5 8 2 14 10 15 3 19 
student 54: 10 9 8 13 4 1 17 19 11 7 16 2 14 6 5 18 20 15 12 3 
student 55: 3 18 2 19 4 13 8 16 15 20 7 10 1 6 12 17 14 11 5 9 
student 56: 10 9 11 8 20 16 18 15 6 14 5 7 13 3 12 17 4 2 19 1 
student 57: 3 9 8 15 5 14 13 17 4 10 11 18 2 19 7 16 20 6 1 12 
student 58: 19 3 4 17 5 16 9 12 20 15 6 10 13 11 18 2 7 1 14 8 
student 59: 1 17 14 4 3 10 9 12 15 8 7 20 6 13 2 16 5 11 19 18 
student 60: 5 15 3 19 16 20 14 11 1 7 13 10 8 4 12 9 2 18 17 6 
student 61: 1 16 12 17 7 15 20 10 8 14 19 2 5 18 3 11 6 9 4 13 
student 62: 4 3 12 13 2 16 19 8 11 17 15 14 1 20 6 9 10 18 5 7 
student 63: 10 2 9 5 19 11 18 14 4 6 16 3 12 17 8 13 20 1 15 7 
student 64: 5 3 11 16 4 19 7 9 8 14 10 12 15 13 6 2 18 17 1 20 
student 65: 12 9 7 18 3 19 14 8 13 10 15 17 6 5 4 11 16 2 20 1 
student 66: 7 13 1 3 5 12 9 4 14 19 11 18 2 8 17 20 15 10 16 6 
student 67: 7 14 2 8 20 18 10 15 1 6 12 4 13 3 5 17 16 19 9 11 
student 68: 7 15 16 11 12 13 14 10 8 19 5 2 9 6 17 20 3 1 4 18 
student 69: 11 1 5 16 2 20 15 8 6 14 13 9 3 7 12 17 10 4 19 18 
student 70: 15 17 2 14 3 12 18 8 10 13 20 7 4 9 11 19 5 16 1 6 
student 71: 14 7 1 13 15 17 6 9 2 20 16 8 11 19 3 10 12 4 18 5 
student 72: 18 17 9 1 14 15 20 13 6 8 10 12 16 11 4 7 3 5 19 2 
student 73: 7 8 6 12 16 11 15 5 9 19 4 17 1 14 2 18 13 10 20 3 
student 74: 6 16 8 5 1 14 7 17 13 3 18 2 4 20 10 11 9 12 19 15 
student 75: 10 17 1 8 13 4 20 15 7 19 9 3 5 12 14 18 6 11 16 2 
student 76: 5 1 15 12 2 13 19 9 18 4 10 8 6 16 20 17 7 14 11 3 
student 77: 1 11 10 17 3 19 15 12 5 13 6 8 16 2 14 20 18 9 7 4 
student 78: 9 4 19 16 5 14 8 6 15 18 20 7 3 13 17 1 12 10 11 2 
student 79: 6 12 1 9 10 20 4 8 17 13 7 19 2 18 16 5 15 3 11 14 
student 80: 19 13 12 4 7 10 20 9 15 11 14 2 3 18 17 16 6 1 8 5 
student 81: 2 5 15 20 3 19 17 7 12 8 14 18 4 10 9 13 16 6 1 11 
student 82: 3 17 5 19 4 13 20 14 2 10 9 12 1 16 7 18 11 6 8 15 
student 83: 9 15 3 10 19 5 18 16 6 20 13 12 2 14 17 1 8 7 11 4 
student 84: 8 10 14 11 3 9 17 20 7 12 13 4 1 5 19 16 6 15 2 18 
student 85: 18 13 8 17 16 1 14 12 15 10 19 5 6 4 9 11 2 3 7 20 
student 86: 5 20 17 14 2 15 8 6 4 12 16 9 10 11 1 19 18 3 7 13 
student 87: 2 15 4 18 16 12 8 7 5 10 20 17 13 6 3 9 19 14 11 1 
student 88: 9 7 1 13 6 17 5 19 8 11 20 12 4 3 2 10 16 18 15 14 
student 89: 12 5 1 8 17 2 18 13 3 15 7 4 14 19 20 10 9 16 6 11 
student 90: 8 14 16 9 5 20 6 15 10 13 19 7 17 11 1 12 18 2 4 3 
student 91: 18 13 10 16 2 14 8 3 9 20 5 1 4 19 12 17 7 11 15 6 
student 92: 6 4 12 7 5 9 3 16 8 17 14 2 10 19 11 20 18 1 15 13 
student 93: 20 18 4 17 7 16 9 13 5 19 2 8 1 15 11 12 10 6 3 14 
student 94: 8 19 14 13 4 17 20 9 2 1 12 3 15 10 16 18 11 5 7 6 
student 95: 1 14 7 16 4 8 19 11 17 9 20 2 18 5 13 3 15 10 12 6 
student 96: 14 10 7 8 6 12 18 19 1 2 13 15 5 16 17 3 20 11 4 9 
student 97: 6 4 11 20 14 17 10 16 13 2 19 3 1 12 15 9 7 5 18 8 
student 98: 11 7 1 16 12 18 13 15 5 14 3 10 8 6 2 17 4 9 19 20 
student 99: 7 10 17 14 12 19 20 18 15 16 13 3 4 2 1 9 5 8 11 6 
student 100: 10 14 2 9 7 16 20 6 1 15 18 8 5 3 4 13 11 17 19 12 
student 101: 7 14 4 6 8 9 15 3 2 19 11 13 12 20 17 16 10 5 18 1 
student 102: 11 5 18 7 14 13 20 10 3 17 8 6 19 9 2 16 12 4 1 15 
student 103: 7 1 14 19 2 13 18 6 16 20 17 8 12 15 3 11 10 4 9 5 
student 104: 10 17 1 12 9 11 16 6 2 15 8 4 5 20 18 13 7 3 19 14 
student 105: 4 20 11 12 5 17 3 8 10 19 16 1 18 9 15 6 14 2 13 7 
student 106: 1 9 19 17 13 6 12 5 2 20 16 7 10 11 3 18 14 8 4 15 
student 107: 5 17 6 4 2 19 12 18 8 20 1 10 3 14 13 11 16 7 15 9 
student 108: 13 12 3 6 5 15 7 9 1 10 20 2 18 4 16 19 14 11 8 17 
student 109: 3 14 4 10 12 16 15 8 5 9 11 6 7 13 19 20 17 2 1 18 
student 110: 19 18 9 3 5 17 13 8 10 6 11 14 12 20 4 16 15 1 2 7 
student 111: 10 18 11 17 1 9 19 7 5 16 14 2 3 20 12 15 8 4 13 6 
student 112: 5 2 12 9 1 20 19 13 11 8 3 14 7 16 6 17 18 4 15 10 
student 113: 3 15 7 11 6 12 16 10 8 17 4 9 18 13 14 5 1 2 19 20 
student 114: 1 4 16 17 10 13 14 2 11 6 20 15 12 7 18 9 3 8 19 5 
student 115: 13 1 8 7 4 20 9 14 5 18 11 3 6 19 16 15 12 2 10 17 
student 116: 18 13 12 11 6 9 8 5 10 19 14 1 7 16 15 17 20 2 3 4 
student 117: 2 17 20 15 1 11 14 8 4 10 5 7 3 6 9 12 19 13 18 16 
student 118: 8 19 4 16 2 20 13 10 12 1 9 6 3 18 5 17 7 15 14 11 
student 119: 19 11 1 6 2 10 15 8 7 16 18 9 4 5 20 12 17 3 13 14 
student 120: 5 18 7 14 6 4 19 11 8 20 2 15 1 9 17 16 12 3 13 10 
student 121: 7 14 13 16 20 2 19 4 6 3 15 17 12 5 1 8 18 10 9 11 
student 122: 4 16 5 12 1 20 7 14 6 10 15 2 9 18 17 11 19 13 3 8 
student 123: 9 5 4 18 8 13 12 19 1 16 20 6 2 7 3 17 15 14 11 10 
student 124: 6 19 17 3 13 10 11 7 8 18 14 4 2 20 5 12 1 15 9 16 
student 125: 7 5 15 17 2 13 8 4 1 10 19 14 11 18 16 20 12 3 6 9 
student 126: 20 3 2 16 18 8 10 14 1 6 12 13 5 17 11 19 7 9 15 4 
student 127: 4 8 19 13 17 6 20 18 5 15 16 1 7 10 14 11 3 2 12 9 
student 128: 7 12 15 2 9 13 4 11 14 20 17 6 16 8 1 10 19 3 18 5 
student 129: 3 11 7 14 13 10 4 8 6 2 19 12 18 20 17 15 9 1 5 16 
student 130: 8 20 13 1 9 12 5 19 7 10 16 17 2 18 15 6 14 4 3 11 
student 131: 5 8 14 4 12 18 7 2 16 9 17 1 3 13 19 20 15 11 6 10 
student 132: 14 12 9 17 7 16 13 6 2 18 20 8 11 19 10 4 1 15 3 5 
student 133: 12 18 4 3 11 20 15 6 10 17 19 14 2 13 1 9 8 16 5 7 
student 134: 13 10 6 7 1 14 17 11 2 9 15 20 4 18 12 19 3 16 5 8 
student 135: 1 4 9 20 5 15 14 6 2 7 16 3 12 18 11 10 13 17 19 8 
student 136: 16 3 8 4 12 7 15 20 10 11 13 18 19 6 1 5 9 17 14 2 
student 137: 19 20 8 14 7 5 13 2 1 9 16 11 18 17 10 6 4 15 12 3 
student 138: 18 17 16 9 2 5 14 6 8 19 13 20 15 10 7 4 1 11 12 3 
student 139: 10 18 7 1 4 13 6 14 3 11 19 12 5 9 8 2 15 16 17 20 
student 140: 2 13 8 3 1 15 19 10 5 7 12 4 18 6 16 17 9 11 20 14 
student 141: 10 20 14 4 5 16 18 8 6 9 13 12 2 15 7 3 17 11 1 19 
student 142: 1 2 14 15 18 7 16 3 19 13 11 10 9 20 4 6 12 17 5 8 
student 143: 3 10 18 5 2 7 17 12 4 13 9 16 14 15 6 1 11 20 8 19 
student 144: 12 3 10 16 11 20 19 8 6 18 17 9 5 15 13 4 1 7 14 2 
student 145: 10 6 18 9 8 19 13 20 3 11 5 7 2 15 14 16 17 4 12 1 
student 146: 10 2 16 18 4 3 5 11 8 17 14 1 6 12 19 20 13 7 15 9 
student 147: 6 11 16 17 2 12 13 8 9 10 20 4 18 7 1 14 5 3 19 15 
student 148: 14 9 6 10 5 17 18 2 4 13 11 1 7 20 8 16 19 12 15 3 
student 149: 13 16 4 2 8 6 20 9 11 10 3 19 7 15 1 14 17 5 18 12 
student 150: 17 13 2 5 4 18 7 1 3 11 19 15 8 10 12 16 6 14 20 9 
student 151: 6 18 13 2 3 11 16 14 19 7 20 1 4 15 5 17 10 9 12 8 
student 152: 15 12 3 17 9 5 7 2 1 14 16 4 13 6 18 19 10 8 11 20 
student 153: 10 11 13 18 6 12 14 20 16 5 17 8 4 7 3 19 2 9 1 15 
student 154: 5 15 11 10 18 12 13 9 14 17 6 1 8 4 7 20 2 3 16 19 
student 155: 1 3 9 20 11 18 17 12 6 15 16 4 14 19 13 8 5 2 10 7 
student 156: 17 5 2 14 1 20 18 11 8 16 6 4 3 10 15 12 9 7 13 19 
student 157: 17 16 4 7 20 18 9 10 5 1 14 11 19 12 13 3 2 15 8 6 
student 158: 14 20 4 17 13 12 7 5 1 15 6 16 3 19 18 9 10 8 11 2 
student 159: 8 7 9 16 1 10 20 13 12 14 3 6 11 4 17 15 19 5 18 2 
student 160: 4 8 16 9 1 19 10 6 13 20 15 3 2 14 17 18 12 5 11 7 
student 161: 8 17 1 13 2 20 19 14 9 12 6 7 11 3 10 15 4 5 18 16 
student 162: 8 12 6 7 5 18 20 19 11 14 1 4 2 13 16 17 15 3 10 9 
student 163: 1 12 3 4 11 19 14 18 8 2 9 6 5 7 10 20 13 16 15 17 
student 164: 17 10 11 13 5 2 14 7 6 19 20 3 18 16 15 12 8 9 1 4 
student 165: 16 15 18 1 5 20 6 10 4 17 7 3 8 11 2 14 19 9 13 12 
student 166: 2 6 4 12 5 20 13 18 1 16 10 11 14 3 8 19 9 17 15 7 
student 167: 12 19 3 17 9 18 7 2 4 20 5 14 8 13 10 15 6 1 16 11 
student 168: 9 12 2 11 6 18 13 19 1 10 15 5 3 7 16 17 8 14 4 20 
student 169: 18 2 9 19 1 16 10 12 4 8 11 5 6 15 13 20 17 14 7 3 
student 170: 1 7 15 3 13 19 12 17 4 10 11 18 2 20 8 16 9 14 6 5 
student 171: 1 18 16 2 4 13 9 3 17 14 8 5 10 20 11 19 7 6 15 12 
student 172: 13 3 6 10 7 20 18 8 15 14 1 4 11 2 16 17 9 5 12 19 
student 173: 15 11 8 20 3 12 10 17 4 19 2 13 16 14 5 7 9 1 6 18 
student 174: 16 3 19 14 2 9 11 13 8 17 7 12 1 5 15 20 18 10 6 4 
student 175: 6 10 18 15 4 19 5 12 1 20 14 2 3 16 11 7 13 8 9 17 
student 176: 7 19 1 11 14 20 16 4 3 8 2 17 6 15 13 9 12 10 18 5 
student 177: 1 14 8 10 18 7 2 6 4 5 13 12 16 9 19 11 20 15 17 3 
student 178: 1 13 5 17 7 14 11 10 3 20 15 12 18 6 9 19 2 4 16 8 
student 179: 9 8 12 10 11 20 17 5 4 6 15 1 2 14 18 19 16 7 3 13 
student 180: 20 2 11 18 1 7 16 15 4 10 13 5 6 19 8 14 17 3 9 12 
student 181: 19 9 8 7 13 20 15 10 1 16 14 6 5 17 12 11 3 4 18 2 
student 182: 2 4 9 19 11 20 16 13 1 8 6 3 7 15 14 12 18 5 17 10 
student 183: 5 17 4 3 6 13 12 8 19 20 15 1 2 18 16 10 7 14 11 9 
student 184: 4 12 7 15 1 11 19 10 5 8 20 6 14 13 9 18 16 3 2 17 
student 185: 14 7 19 15 3 20 16 18 1 13 12 2 6 4 17 11 10 8 9 5 
student 186: 7 6 15 13 8 17 5 9 2 18 12 3 11 1 4 14 20 16 19 10 
student 187: 20 19 9 6 11 17 4 15 12 8 18 1 14 13 5 2 16 7 3 10 
student 188: 4 3 6 14 8 9 19 7 16 17 12 2 5 11 13 18 20 15 1 10 
student 189: 1 11 10 5 9 18 15 4 2 3 8 12 19 17 6 16 20 13 7 14 
student 190: 9 11 19 7 4 14 13 17 2 8 16 10 15 5 3 6 20 12 1 18 
student 191: 16 10 2 14 8 18 11 6 5 15 13 3 12 19 1 20 4 9 17 7 
student 192: 4 15 11 8 13 3 9 20 1 19 18 5 2 12 6 14 17 16 10 7 
student 193: 17 8 19 4 1 14 9 5 6 15 7 18 2 11 12 10 16 3 20 13 
student 194: 19 10 6 5 4 13 18 14 3 20 9 15 2 11 7 8 17 1 16 12 
student 195: 1 12 19 4 13 18 17 7 15 14 10 20 11 8 2 6 5 3 16 9 
student 196: 9 14 11 3 2 18 17 20 1 6 7 12 13 16 5 19 8 4 15 10 
student 197: 9 11 1 14 12 17 18 15 10 20 3 7 8 2 13 5 16 6 4 19 
student 198: 13 8 2 10 18 19 15 4 1 20 7 5 14 6 17 9 11 16 3 12 
student 199: 6 18 8 17 9 13 20 11 15 16 19 7 12 2 1 5 14 4 10 3 
student 200: 18 19 3 14 4 16 17 9 11 13 20 1 5 12 10 8 2 7 6 15 
student 201: 10 5 8 14 15 13 19 9 4 12 17 6 3 7 18 11 16 20 1 2 
student 202: 4 19 8 15 17 1 12 2 18 14 3 6 11 20 16 9 7 10 5 13 
student 203: 16 10 17 20 6 8 15 14 3 19 1 7 11 5 2 13 4 12 9 18 
student 204: 6 12 18 3 9 2 16 5 11 19 17 1 4 15 13 10 7 8 14 20 
student 205: 6 16 7 13 15 4 18 14 9 1 5 3 11 8 17 20 12 19 10 2 
student 206: 12 4 18 7 5 15 17 10 2 8 11 3 19 16 13 20 14 1 6 9 
student 207: 11 12 17 8 6 19 16 18 10 2 15 14 9 20 5 3 4 1 13 7 
student 208: 9 6 16 18 4 15 2 14 12 7 13 19 20 1 3 17 10 5 8 11 
student 209: 2 20 10 18 4 6 7 8 1 9 12 11 16 3 14 17 15 5 13 19 
student 210: 4 18 17 16 1 15 14 12 10 19 20 8 11 2 5 9 13 7 6 3 
student 211: 9 18 7 19 17 15 16 2 11 14 13 8 5 10 4 3 12 1 6 20 
student 212: 17 6 2 11 4 20 9 7 8 5 12 16 1 19 14 18 3 13 15 10 
student 213: 8 19 6 7 2 12 18 17 14 5 10 11 9 20 16 3 15 13 4 1 
student 214: 11 7 1 8 6 16 18 17 4 15 19 5 14 20 3 2 10 9 12 13 
student 215: 2 19 10 7 3 20 8 6 1 17 15 4 9 14 12 18 16 11 5 13 
student 216: 11 5 17 12 1 20 19 8 14 15 13 7 18 3 10 4 16 9 6 2 
student 217: 4 16 10 12 5 20 15 11 3 17 1 9 8 19 7 13 14 18 2 6 
student 218: 1 12 5 9 13 17 14 3 10 15 18 2 4 6 20 8 16 11 19 7 
student 219: 11 1 2 19 5 12 7 13 6 18 17 3 10 20 9 15 8 14 16 4 
student 220: 1 16 10 14 4 3 18 11 2 19 5 7 6 13 12 20 9 8 15 17 
student 221: 9 17 2 20 3 18 16 1 4 8 13 11 6 14 10 19 12 15 7 5 
student 222: 5 17 6 2 11 1 18 16 8 19 15 9 4 13 14 7 10 12 20 3 
student 223: 13 14 16 11 1 15 5 4 2 18 20 6 7 12 8 9 10 17 19 3 
student 224: 17 8 4 6 15 12 18 5 13 3 19 10 7 1 2 16 14 20 9 11 
student 225: 9 15 4 10 11 5 18 6 1 8 17 3 7 12 13 14 20 19 2 16 
student 226: 4 18 6 11 12 20 16 9 3 13 14 2 1 17 10 19 8 5 7 15 
student 227: 14 4 17 12 1 19 7 3 9 8 18 13 6 10 20 5 15 16 2 11 
student 228: 6 16 5 15 17 10 20 2 8 19 18 11 3 13 7 9 1 4 12 14 
student 229: 6 16 2 20 9 12 11 13 4 18 8 14 10 19 5 15 17 7 1 3 
student 230: 8 16 17 7 14 11 20 4 5 19 18 9 2 12 10 1 15 3 6 13 
student 231: 6 18 5 10 3 19 20 13 17 2 4 11 9 12 14 8 15 1 16 7 
student 232: 20 6 13 12 1 17 10 7 3 9 15 18 14 2 4 16 11 8 19 5 
student 233: 1 5 19 15 6 2 17 12 18 11 8 14 16 10 3 20 13 7 9 4 
student 234: 8 4 6 13 5 1 18 10 9 2 17 12 16 20 3 19 15 7 14 11 
student 235: 10 4 15 11 6 5 13 19 2 18 16 9 7 8 14 20 1 12 17 3 
student 236: 4 8 12 1 17 15 20 16 2 19 14 7 3 18 6 13 10 5 9 11 
student 237: 2 6 11 18 3 14 20 8 1 16 7 17 12 15 4 9 5 13 19 10 
student 238: 3 4 7 20 6 19 1 13 10 18 14 8 11 16 9 15 12 2 17 5 
student 239: 7 18 19 6 4 9 13 12 3 10 15 2 5 20 16 14 17 11 8 1 
student 240: 16 15 17 1 7 8 18 14 11 4 10 9 5 6 2 12 20 3 19 13 
student 241: 2 6 1 7 15 18 5 10 8 12 19 9 20 11 3 14 17 16 13 4 
student 242: 14 18 12 7 5 20 9 11 2 19 16 8 10 3 1 13 15 6 4 17 
student 243: 9 13 4 14 19 15 20 12 8 17 7 3 6 1 2 10 18 16 11 5 
student 244: 1 6 10 13 8 16 17 14 9 20 19 12 15 7 5 4 18 11 3 2 
student 245: 6 15 4 19 7 17 3 18 2 14 12 5 1 10 11 8 16 20 13 9 
student 246: 5 18 1 19 8 9 14 15 10 3 11 2 13 4 6 20 7 12 17 16 
student 247: 1 17 12 19 7 15 16 14 10 20 8 4 18 3 9 13 11 2 5 6 
student 248: 12 18 15 6 7 9 17 8 1 16 11 13 20 14 19 4 10 2 5 3 
student 249: 6 4 14 3 7 17 20 19 9 18 15 5 13 2 1 12 11 16 10 8 
student 250: 6 10 8 18 5 17 19 15 3 14 11 4 9 12 13 2 16 1 20 7 
student 251: 8 4 19 13 1 3 20 18 2 14 17 10 15 7 12 11 9 6 16 5 
student 252: 2 18 4 10 7 19 9 12 15 3 20 1 5 8 13 11 6 16 17 14 
student 253: 6 19 17 9 3 10 7 4 1 20 11 2 5 16 15 13 18 14 8 12 
student 254: 3 14 6 18 7 13 15 19 1 12 16 10 11 17 5 20 4 9 8 2 
student 255: 14 19 4 5 15 20 18 10 3 13 17 16 8 9 1 12 2 6 7 11 
student 256: 17 15 9 12 1 6 5 7 13 10 3 8 14 11 19 20 16 4 2 18 
student 257: 7 18 14 17 2 10 16 6 8 15 19 11 9 13 1 20 3 5 4 12 
student 258: 20 10 9 7 13 12 15 18 19 14 17 5 11 6 4 16 3 2 8 1 
student 259: 5 18 9 11 3 20 12 1 15 6 10 13 2 7 16 8 17 4 19 14 
student 260: 2 15 4 7 6 14 11 18 9 5 19 3 10 1 12 17 8 20 13 16 
student 261: 13 19 5 4 3 16 9 15 12 6 18 2 1 14 7 20 17 11 10 8 
student 262: 17 15 2 13 20 7 9 1 4 14 10 8 6 11 18 12 5 3 16 19 
student 263: 1 8 17 20 19 9 11 7 13 14 12 18 2 6 5 10 4 3 15 16 
student 264: 10 14 19 13 7 11 12 6 9 4 20 1 18 16 17 8 15 5 2 3 
student 265: 5 6 8 4 16 15 11 17 3 18 7 13 10 20 2 14 12 19 9 1 
student 266: 1 10 9 12 11 15 5 2 8 14 17 7 6 18 4 20 16 13 3 19 
student 267: 17 10 13 9 4 2 7 8 1 15 12 3 5 19 16 14 20 6 18 11 
student 268: 1 11 5 9 13 16 17 6 3 19 14 4 15 12 8 10 20 7 18 2 
student 269: 6 17 18 9 10 12 19 13 1 8 2 4 16 3 20 5 11 7 14 15 
student 270: 6 18 17 7 14 9 16 8 20 19 12 10 11 5 15 3 1 2 4 13 
student 271: 10 3 19 9 6 11 16 14 4 2 18 5 7 12 20 17 15 13 1 8 
student 272: 6 4 17 9 2 5 8 7 1 20 15 11 3 16 10 19 18 12 14 13 
student 273: 5 12 10 4 3 19 8 6 1 11 13 14 18 9 2 20 17 15 16 7 
student 274: 1 7 17 15 3 12 8 4 2 19 9 6 5 16 14 20 11 10 18 13 
student 275: 2 16 1 11 14 19 18 5 9 8 3 12 20 13 6 10 17 4 7 15 
student 276: 7 12 16 9 3 17 11 19 6 18 14 1 4 8 5 15 13 10 20 2 
student 277: 10 8 14 4 13 20 19 2 3 9 5 6 11 16 17 15 12 1 7 18 
student 278: 5 11 13 7 6 17 20 14 1 19 16 12 10 9 15 2 4 3 8 18 
student 279: 8 4 7 2 13 19 5 12 17 18 3 6 20 14 15 11 1 9 10 16 
student 280: 18 15 14 5 7 19 8 17 11 4 6 1 9 12 3 13 10 16 20 2 
student 281: 1 9 12 8 6 19 20 13 3 5 15 7 14 18 10 16 4 2 17 11 
student 282: 3 8 4 6 16 20 17 14 9 18 12 5 2 7 13 15 19 11 1 10 
student 283: 15 3 9 7 12 19 18 4 13 14 17 5 11 20 16 10 6 2 8 1 
student 284: 10 12 7 1 14 19 15 9 5 11 13 6 3 20 17 4 16 18 8 2 
student 285: 4 5 8 3 16 18 12 10 11 17 13 6 2 14 9 7 15 19 20 1 
student 286: 2 13 5 3 16 15 7 12 10 18 8 9 4 19 20 1 6 11 14 17 
student 287: 8 5 17 13 14 16 20 18 3 6 19 10 15 4 2 1 11 12 7 9 
student 288: 15 9 1 5 10 4 17 19 8 6 14 2 7 20 16 11 12 18 13 3 
student 289: 8 17 15 11 6 7 20 18 10 1 12 19 2 4 13 5 3 14 16 9 
student 290: 16 9 4 6 12 10 11 8 7 18 3 2 5 17 13 20 15 19 14 1 
student 291: 4 5 2 11 15 7 17 1 16 19 8 9 6 12 18 20 14 3 13 10 
student 292: 15 18 2 8 19 20 16 4 9 5 13 3 11 12 10 14 7 1 6 17 
student 293: 3 13 20 10 6 8 18 12 1 14 2 5 4 17 7 19 16 11 15 9 
student 294: 11 9 8 17 18 19 14 16 3 20 10 5 6 1 7 12 15 2 4 13 
student 295: 19 3 8 7 4 10 1 2 5 15 14 18 6 11 13 17 16 9 20 12 
student 296: 11 18 5 7 4 16 20 17 12 15 14 2 1 10 9 13 8 19 3 6 
student 297: 14 15 7 3 2 10 13 6 17 19 18 12 11 20 4 5 8 1 9 16 
student 298: 1 4 6 11 19 16 13 12 3 18 15 2 10 14 9 17 20 5 7 8 
student 299: 2 15 10 20 5 12 19 16 11 14 6 4 1 13 7 8 18 3 17 9 
student 300: 5 14 11 13 2 17 16 7 10 19 15 3 18 9 6 8 20 1 4 12 
student 301: 2 13 12 11 18 10 17 5 8 9 19 7 3 16 6 20 15 14 1 4 
student 302: 14 5 6 13 3 18 20 11 9 17 8 4 1 16 7 15 19 2 12 10 
student 303: 15 16 5 4 17 18 13 8 7 14 9 3 1 19 11 12 6 10 20 2 
student 304: 5 17 20 1 15 12 6 13 9 19 7 11 8 2 3 14 18 10 16 4 
student 305: 15 10 9 19 11 13 16 8 2 4 20 18 5 1 3 12 6 7 14 17 
student 306: 11 4 6 20 7 12 19 15 3 10 5 8 13 1 2 14 9 17 18 16 
student 307: 6 19 11 14 5 9 17 3 2 8 18 16 12 15 7 4 20 1 10 13 
student 308: 14 15 20 9 7 18 19 16 3 8 1 13 10 17 5 4 11 12 6 2 
student 309: 11 12 19 20 5 16 9 1 7 15 14 4 2 3 6 17 18 8 13 10 
student 310: 8 13 15 18 10 16 12 4 7 2 20 19 9 3 14 17 5 11 6 1 
student 311: 7 1 6 12 3 18 13 16 17 20 15 2 5 10 14 8 11 9 4 19 
student 312: 4 7 10 9 2 13 19 3 11 8 16 20 1 12 6 15 17 5 18 14 
student 313: 5 14 6 17 4 16 8 10 2 18 11 1 20 3 15 9 19 7 13 12 
student 314: 19 15 17 16 8 18 6 14 7 2 20 5 3 1 11 12 13 4 9 10 
student 315: 5 6 20 14 3 18 12 10 4 9 7 1 13 16 8 19 17 2 11 15 
student 316: 9 4 3 20 1 10 14 2 15 12 11 19 7 18 6 17 8 5 16 13 
student 317: 17 13 18 20 4 9 16 2 6 19 15 3 1 8 5 7 12 14 10 11 
student 318: 15 20 8 16 4 14 18 7 12 11 10 2 1 13 3 19 17 5 9 6 
student 319: 2 7 6 14 15 13 16 3 4 20 19 11 1 10 5 18 17 8 12 9 
student 320: 7 17 8 16 11 14 6 13 9 3 19 10 1 4 2 20 12 5 15 18 
student 321: 12 19 1 5 10 17 2 18 13 15 7 14 4 3 16 20 8 11 6 9 
student 322: 8 12 2 14 7 18 19 5 6 17 13 1 10 11 3 15 16 20 9 4 
student 323: 1 2 4 10 11 16 17 12 8 18 6 19 13 9 15 14 20 7 3 5 
student 324: 3 19 1 13 5 8 17 7 14 6 9 2 20 16 10 15 18 4 11 12 
student 325: 3 6 19 17 4 16 13 10 2 12 5 7 8 14 15 18 20 1 9 11 
student 326: 4 19 10 5 3 16 14 7 17 11 13 2 12 9 8 6 1 15 20 18 
student 327: 2 12 5 13 17 9 11 15 14 20 4 16 6 7 18 1 10 3 19 8 
student 328: 14 4 1 5 7 18 10 16 6 12 13 3 2 20 17 19 15 9 8 11 
student 329: 2 15 13 17 9 16 19 6 11 18 7 4 14 20 8 1 12 3 5 10 
student 330: 17 18 3 6 13 15 7 14 2 16 9 8 5 12 4 20 10 11 19 1 
student 331: 9 8 14 17 3 18 19 16 2 12 13 1 5 6 11 15 20 7 10 4 
student 332: 10 7 12 9 5 20 19 13 4 1 16 18 15 6 8 11 17 14 2 3 
student 333: 2 15 11 1 14 9 13 19 3 5 4 7 8 17 10 12 20 18 6 16 
student 334: 8 20 9 18 2 12 5 11 3 17 19 15 6 16 14 13 1 10 7 4 
student 335: 13 8 5 9 15 18 20 12 1 17 11 4 2 19 14 16 7 6 10 3 
student 336: 6 17 11 5 1 4 20 15 3 9 18 10 16 14 8 13 19 2 7 12 
student 337: 8 7 2 5 4 20 3 15 10 12 18 17 6 13 1 16 14 9 11 19 
student 338: 15 12 11 1 8 16 7 18 9 13 6 3 2 14 20 10 19 4 5 17 
student 339: 18 11 9 4 5 20 15 14 3 6 19 1 8 7 13 17 16 10 12 2 
student 340: 6 15 10 2 9 5 13 19 1 18 14 20 4 3 8 12 17 16 11 7 
student 341: 4 11 17 16 5 19 13 10 1 7 12 15 6 8 2 9 18 20 14 3 
student 342: 12 6 16 17 8 7 18 13 1 19 11 4 14 20 3 5 9 2 15 10 
student 343: 13 18 7 3 15 19 20 2 6 16 10 5 8 12 17 14 9 4 11 1 
student 344: 11 5 3 10 6 15 20 16 1 19 17 4 2 18 9 14 12 8 7 13 
student 345: 1 14 17 6 12 8 7 18 4 5 11 2 10 15 16 19 20 3 13 9 
student 346: 10 18 3 4 9 20 14 8 6 11 1 16 13 17 15 7 12 5 19 2 
student 347: 4 18 1 14 9 11 19 7 13 17 16 12 6 20 8 10 15 2 3 5 
student 348: 7 3 11 6 4 20 19 14 2 13 17 12 18 8 9 1 16 15 10 5 
student 349: 19 4 10 17 8 20 16 6 12 14 3 1 5 11 9 2 13 18 7 15 
student 350: 6 1 3 8 16 10 20 5 9 11 19 4 2 7 13 14 18 12 15 17 
student 351: 8 3 2 15 4 5 1 20 6 9 18 10 14 16 11 19 17 13 12 7 
student 352: 6 15 20 7 9 18 13 19 1 11 5 8 16 2 4 3 17 14 12 10 
student 353: 14 11 9 6 16 7 17 2 15 10 18 4 13 5 8 19 20 1 3 12 
student 354: 8 18 3 11 7 10 20 12 5 2 13 6 19 9 4 1 16 17 14 15 
student 355: 6 19 3 17 1 13 9 18 10 15 12 14 4 5 2 20 16 8 11 7 
student 356: 1 2 9 17 13 18 16 15 10 5 8 6 14 11 3 20 7 4 19 12 
student 357: 15 10 7 1 3 16 18 2 4 14 12 11 13 19 9 20 17 6 8 5 
student 358: 2 17 6 15 5 9 11 19 3 13 10 1 7 12 16 18 14 4 20 8 
student 359: 4 15 2 17 6 16 12 10 18 11 19 13 5 9 1 20 14 7 8 3 
student 360: 1 12 2 15 8 20 3 5 4 17 16 11 14 10 9 18 7 6 13 19 
student 361: 4 6 2 3 13 9 5 1 8 18 12 14 17 20 11 16 19 10 7 15 
student 362: 7 16 2 6 4 19 8 11 3 15 10 17 13 1 9 14 12 20 18 5 
student 363: 16 7 5 14 9 17 2 19 3 1 8 11 12 10 6 20 15 18 4 13 
student 364: 6 3 5 12 7 15 18 14 19 20 9 8 2 11 13 16 10 17 4 1 
student 365: 14 7 9 8 4 11 20 2 5 19 16 15 1 6 10 12 17 13 3 18 
student 366: 8 9 1 4 5 18 19 14 3 13 7 11 20 15 6 17 12 2 10 16 
student 367: 4 14 9 17 5 20 12 19 13 10 16 2 15 3 11 18 7 8 6 1 
student 368: 18 4 8 7 16 12 6 17 5 20 9 10 14 15 2 19 13 11 3 1 
student 369: 3 1 7 17 14 9 16 19 2 18 12 8 10 5 6 20 11 15 13 4 
student 370: 7 19 17 5 14 20 18 11 4 9 12 8 1 2 10 15 16 3 6 13 
student 371: 2 16 18 10 17 19 13 4 5 11 12 20 9 1 14 8 6 3 15 7 
student 372: 12 1 3 9 2 6 8 15 5 11 18 13 7 16 10 19 17 20 4 14 
student 373: 9 17 15 19 8 2 7 12 1 18 10 4 5 14 6 3 20 11 13 16 
student 374: 2 8 17 16 5 20 3 15 6 12 11 18 7 14 9 19 1 10 13 4 
student 375: 1 19 11 17 16 9 13 5 8 12 18 15 2 14 10 4 6 3 20 7 
student 376: 3 17 6 9 7 12 8 1 2 11 18 5 14 13 15 20 19 10 16 4 
student 377: 9 8 11 19 4 20 18 1 7 5 16 13 17 12 14 15 3 6 10 2 
student 378: 12 11 18 14 20 17 19 1 2 6 9 4 8 10 13 16 3 7 15 5 
student 379: 4 10 12 16 15 7 9 5 2 13 20 14 19 6 8 18 11 1 3 17 
student 380: 2 5 13 18 9 4 16 8 3 11 20 19 6 7 15 12 14 10 17 1 
student 381: 1 16 8 13 2 18 20 3 5 6 17 9 4 15 12 19 11 14 10 7 
student 382: 6 12 15 14 19 11 5 9 7 17 2 1 10 20 18 4 3 8 16 13 
student 383: 7 1 2 8 13 15 11 18 12 19 10 6 5 14 4 17 20 3 16 9 
student 384: 14 16 2 11 13 19 8 4 9 17 6 10 1 20 15 12 7 3 18 5 
student 385: 17 18 8 13 5 9 15 2 14 6 12 11 19 7 3 1 16 4 10 20 
student 386: 5 11 12 14 10 18 7 4 1 2 17 6 9 13 20 19 3 16 15 8 
student 387: 4 20 1 7 8 16 18 14 17 15 9 2 3 6 11 10 13 12 5 19 
student 388: 6 1 12 5 14 18 16 13 4 20 15 8 9 2 19 11 10 3 7 17 
student 389: 2 19 13 15 1 17 14 16 3 6 5 7 12 8 10 18 9 11 4 20 
student 390: 7 16 10 6 5 17 19 9 11 18 20 1 4 13 15 12 2 14 3 8 
student 391: 4 18 7 1 2 11 13 19 9 20 5 14 6 8 17 12 16 3 15 10 
student 392: 20 12 5 4 17 1 16 8 2 11 6 3 14 18 13 19 9 7 10 15 
student 393: 1 10 6 4 2 7 11 15 3 17 12 9 14 16 20 19 13 18 8 5 
student 394: 5 16 9 11 12 19 14 8 7 6 15 2 20 4 3 10 13 17 18 1 
student 395: 18 20 1 9 6 17 12 3 7 15 16 8 5 14 10 13 11 4 19 2 
student 396: 10 9 2 12 7 19 18 3 16 14 15 17 11 6 1 13 4 20 5 8 
student 397: 20 17 10 8 11 19 6 12 2 3 14 4 9 15 1 13 16 18 7 5 
student 398: 2 10 13 5 7 20 19 4 6 15 18 1 3 17 16 14 9 11 12 8 
student 399: 6 4 19 5 11 20 10 7 2 16 12 17 18 13 3 8 15 1 14 9 
student 400: 5 17 7 8 4 15 14 18 6 20 16 11 2 10 19 12 9 1 3 13 
student 401: 13 8 11 17 5 12 18 10 6 4 7 2 9 19 14 20 16 3 15 1 
student 402: 1 11 5 14 4 6 16 17 3 9 19 2 8 18 7 12 20 13 15 10 
student 403: 7 13 8 4 5 15 20 12 2 19 16 1 11 10 14 18 9 6 3 17 
student 404: 6 5 15 4 1 8 9 19 14 3 11 10 17 18 13 20 16 2 7 12 
student 405: 5 2 15 12 16 20 19 10 3 7 18 9 17 13 1 14 8 11 4 6 
student 406: 10 15 6 14 5 13 8 16 2 19 7 9 3 12 11 20 17 4 1 18 
student 407: 19 6 5 3 18 8 10 16 4 2 17 15 9 12 14 20 7 1 13 11 
student 408: 13 1 7 8 18 15 14 19 2 9 10 20 4 17 11 16 6 5 3 12 
student 409: 18 15 5 8 10 4 11 1 6 12 7 14 3 17 13 19 20 9 16 2 
student 410: 19 4 1 20 3 15 17 2 6 13 11 5 9 18 14 12 7 8 16 10 
student 411: 4 1 5 11 2 3 7 14 16 19 17 18 12 9 8 20 10 15 13 6 
student 412: 5 2 9 14 20 15 4 6 19 17 13 10 7 16 3 12 11 18 8 1 
student 413: 10 18 15 16 12 14 6 5 3 8 20 1 11 9 2 7 17 4 13 19 
student 414: 13 20 2 15 11 8 19 18 5 9 6 1 4 10 7 14 17 3 16 12 
student 415: 5 18 17 7 4 14 19 15 20 11 10 1 3 9 8 16 12 6 2 13 
student 416: 1 8 20 10 17 19 18 14 4 6 9 16 13 5 2 11 12 7 3 15 
student 417: 18 10 2 20 3 16 4 8 1 13 11 19 9 7 15 12 17 5 6 14 
student 418: 2 12 4 19 3 18 20 14 5 6 16 1 15 9 10 17 13 7 11 8 
student 419: 3 10 6 4 7 17 20 8 2 19 1 15 9 18 5 16 14 13 11 12 
student 420: 16 15 11 5 6 17 9 14 8 7 20 12 3 13 19 4 10 1 18 2 
student 421: 18 1 16 3 11 4 17 8 7 19 13 15 10 2 9 6 5 12 14 20 
student 422: 2 18 15 5 6 13 20 4 10 17 11 1 3 16 19 12 7 8 9 14 
student 423: 9 4 17 20 5 3 16 6 1 18 11 7 8 12 10 19 15 2 13 14 
student 424: 15 14 4 9 13 2 19 18 3 20 8 12 5 11 6 1 16 7 10 17 
student 425: 20 14 2 6 13 3 7 15 4 19 11 10 8 16 12 17 9 18 5 1 
student 426: 16 8 5 13 4 12 15 10 7 1 3 2 6 11 18 17 19 14 20 9 
student 427: 6 11 7 15 19 10 16 20 8 1 5 4 12 18 3 14 17 2 13 9 
student 428: 8 18 7 4 10 1 13 3 19 5 16 15 9 17 11 20 6 2 12 14 
student 429: 2 20 8 14 1 5 18 7 10 13 19 12 3 16 9 4 11 6 15 17 
student 430: 18 13 4 9 14 19 7 6 3 17 20 1 12 5 16 11 8 2 15 10 
student 431: 11 6 1 9 18 10 14 2 13 19 16 7 4 8 3 12 20 15 17 5 
student 432: 18 8 2 14 4 20 15 6 7 13 17 5 11 9 3 12 16 19 10 1 
student 433: 16 2 8 9 11 7 12 20 13 17 6 10 15 3 14 18 19 4 1 5 
student 434: 8 7 5 14 13 16 19 12 3 11 17 18 9 4 2 10 20 6 15 1 
student 435: 16 17 7 5 8 10 15 20 6 19 14 1 4 12 3 9 2 13 11 18 
student 436: 5 9 2 6 1 18 3 12 14 19 7 4 10 20 8 16 15 13 17 11 
student 437: 6 2 5 20 17 9 15 7 11 19 12 4 14 18 16 10 8 3 13 1 
student 438: 13 16 9 4 6 12 20 19 14 7 17 11 1 10 5 18 3 8 15 2 
student 439: 6 18 5 17 3 10 1 11 12 7 14 9 8 4 2 19 13 16 20 15 
student 440: 15 20 2 8 9 10 7 18 3 17 6 5 13 19 4 1 16 11 12 14 
student 441: 19 7 14 13 5 17 16 9 10 2 11 12 3 18 4 15 8 1 6 20 
student 442: 5 13 11 8 6 20 19 4 3 18 7 1 12 10 9 16 14 2 17 15 
student 443: 13 5 1 19 10 15 11 2 3 20 8 9 4 7 18 6 14 12 16 17 
student 444: 2 3 10 20 4 7 19 5 9 16 6 13 14 18 1 8 12 15 11 17 
student 445: 8 7 3 18 4 19 14 2 6 17 20 9 1 16 13 10 15 12 5 11 
student 446: 1 10 13 18 5 7 11 17 16 14 3 4 2 19 15 20 9 8 6 12 
student 447: 3 5 6 10 13 18 16 20 7 8 4 1 14 12 11 19 17 2 15 9 
student 448: 7 11 17 14 3 15 10 19 1 6 20 13 8 9 16 5 18 2 4 12 
student 449: 1 14 15 20 5 2 19 12 3 6 16 9 10 17 8 7 13 4 18 11 
student 450: 18 15 10 14 3 9 20 6 1 19 16 4 17 13 5 8 7 2 11 12 
student 451: 5 15 16 2 14 10 20 18 13 11 7 6 1 19 12 3 4 8 17 9 
student 452: 1 8 4 10 16 15 7 13 3 20 5 9 2 11 14 19 6 12 18 17 
student 453: 6 11 12 8 5 10 18 14 17 3 15 2 4 7 13 20 9 1 19 16 
student 454: 14 15 5 12 17 20 16 8 3 18 11 1 13 19 6 2 7 4 10 9 
student 455: 4 13 19 8 7 18 14 15 3 16 17 1 5 20 2 10 11 12 6 9 
student 456: 4 16 3 10 1 15 6 5 9 13 12 14 2 7 17 19 18 20 11 8 
student 457: 16 6 1 8 9 17 20 18 5 14 11 7 2 10 15 3 4 12 13 19 
student 458: 12 20 7 19 5 14 9 15 17 6 18 10 4 13 16 11 2 3 8 1 
student 459: 1 19 9 5 3 20 12 15 8 6 17 2 13 7 10 14 4 16 11 18 
student 460: 3 11 5 16 4 20 15 8 1 18 10 2 12 14 9 7 19 17 13 6 
student 461: 19 3 4 2 10 6 18 11 7 17 16 1 13 14 5 20 15 12 8 9 
student 462: 2 14 20 4 12 8 18 17 1 19 7 15 11 13 16 9 10 5 6 3 
student 463: 17 3 5 7 18 14 19 9 6 16 4 20 15 10 8 2 12 1 13 11 
student 464: 17 11 5 13 4 10 9 1 2 19 3 8 20 18 12 7 16 15 6 14 
student 465: 16 20 19 14 4 15 6 1 2 17 18 7 11 3 5 8 10 12 13 9 
student 466: 17 16 8 13 14 15 19 12 5 7 3 1 11 18 6 20 4 2 10 9 
student 467: 1 18 3 16 5 10 14 9 12 17 2 7 4 20 15 11 6 13 19 8 
student 468: 3 14 12 15 8 17 11 16 5 13 9 1 6 7 18 2 10 19 4 20 
student 469: 6 17 8 4 11 12 13 7 19 10 18 3 16 1 15 14 2 20 9 5 
student 470: 12 5 6 7 13 19 15 14 1 17 16 4 3 18 10 9 20 11 8 2 
student 471: 14 10 3 19 2 18 13 4 7 8 12 1 5 11 9 16 17 6 15 20 
student 472: 2 13 7 3 12 18 5 8 1 10 15 6 19 14 9 20 11 4 17 16 
student 473: 2 5 15 7 20 18 11 4 1 17 6 10 8 16 9 12 13 3 14 19 
student 474: 13 2 6 18 8 19 17 9 3 20 16 1 5 14 15 10 12 4 11 7 
student 475: 9 11 20 14 4 3 10 2 17 7 16 15 8 12 1 13 6 19 18 5 
student 476: 8 17 12 5 1 20 11 10 15 19 6 9 3 18 14 7 4 13 16 2 
student 477: 15 1 2 10 11 4 9 14 6 13 20 5 18 16 12 17 3 7 8 19 
student 478: 2 12 6 20 10 18 11 14 8 13 19 9 17 1 15 3 16 7 5 4 
student 479: 4 19 17 7 2 10 1 16 12 8 3 15 6 20 14 18 13 5 9 11 
student 480: 6 15 18 1 2 20 4 16 3 19 17 7 8 13 9 10 11 14 12 5 
student 481: 1 2 15 13 4 20 19 17 6 18 10 8 3 7 14 16 11 9 5 12 
student 482: 13 2 14 7 12 11 18 3 6 19 15 5 9 8 10 4 17 1 16 20 
student 483: 19 15 1 8 5 9 3 11 4 10 18 14 2 13 20 7 6 16 17 12 
student 484: 7 15 16 8 5 3 18 2 11 20 13 10 6 1 12 9 17 19 14 4 
student 485: 20 15 12 5 2 4 19 11 1 17 14 6 9 13 8 7 10 18 3 16 
student 486: 10 8 1 3 12 9 19 6 14 5 16 4 7 13 11 18 15 2 17 20 
student 487: 11 8 14 3 4 19 12 6 5 10 20 15 2 13 7 17 18 9 16 1 
student 488: 7 10 15 20 14 4 18 11 2 5 3 6 19 13 1 8 17 12 16 9 
student 489: 17 7 5 14 9 12 18 6 11 3 8 13 20 19 4 15 16 10 1 2 
student 490: 3 6 2 14 8 19 7 16 1 15 10 11 9 17 4 18 12 13 20 5 
student 491: 15 4 10 13 6 20 14 18 7 5 2 16 9 19 17 8 1 11 12 3 
student 492: 12 1 15 14 2 9 5 10 6 8 7 16 11 18 13 17 20 3 4 19 
student 493: 3 5 6 20 10 15 16 13 1 14 18 2 4 12 11 8 19 9 7 17 
student 494: 4 12 5 11 17 3 18 9 20 19 13 8 14 2 6 15 10 1 16 7 
student 495: 1 7 5 8 11 15 6 17 2 16 10 4 9 19 3 12 13 18 20 14 
student 496: 17 4 16 2 7 19 9 8 12 6 20 3 5 1 15 10 18 13 11 14 
student 497: 3 12 10 14 2 17 16 11 9 8 18 1 13 5 19 20 7 6 15 4 
student 498: 8 18 6 5 10 11 3 15 4 17 13 7 16 9 2 12 14 20 1 19 
student 499: 5 8 13 10 7 11 18 12 4 19 20 16 2 3 15 17 14 9 6 1 
student 500: 5 14 8 19 7 18 16 12 2 13 11 6 3 1 10 15 4 9 20 17 
student 501: 3 11 6 13 4 19 20 1 18 17 12 2 5 14 7 15 16 10 9 8 
student 502: 20 7 6 17 12 11 3 5 13 15 19 4 2 16 1 10 18 14 8 9 
student 503: 2 10 16 17 7 12 4 3 9 15 14 6 20 19 13 8 5 11 18 1 
student 504: 5 15 4 2 10 19 16 6 11 7 12 8 17 1 13 14 18 3 9 20 
student 505: 12 19 9 15 3 18 20 13 8 6 2 10 7 16 1 17 11 5 4 14 
student 506: 14 7 15 12 16 20 17 18 6 19 13 9 4 2 8 10 11 5 3 1 
student 507: 2 15 16 8 17 13 18 14 12 20 7 6 4 3 11 1 19 10 5 9 
student 508: 18 13 11 4 7 15 20 9 2 14 10 3 8 6 5 17 16 1 12 19 
student 509: 3 13 17 1 4 20 16 2 15 14 12 5 6 9 8 18 19 10 7 11 
student 510: 9 12 7 15 10 13 18 16 2 19 20 11 5 14 8 4 1 6 3 17 
student 511: 8 7 6 15 12 1 18 10 9 13 14 5 17 19 2 11 3 16 4 20 
student 512: 12 2 3 20 1 14 18 5 8 7 10 16 6 9 15 17 13 4 19 11 
student 513: 12 16 1 13 5 20 4 8 15 19 9 2 18 11 6 17 7 10 14 3 
student 514: 15 16 5 4 20 17 18 1 9 2 6 11 13 14 3 12 19 7 8 10 
student 515: 12 14 6 9 2 13 4 5 10 8 18 1 17 16 11 19 15 3 20 7 
student 516: 4 14 19 12 9 8 16 15 2 13 1 7 3 18 5 10 17 11 20 6 
student 517: 16 13 3 5 1 19 15 11 2 10 12 8 6 7 9 17 20 4 18 14 
student 518: 11 13 3 18 6 16 9 8 1 15 17 4 2 19 14 20 5 7 10 12 
student 519: 13 18 2 16 5 6 17 10 1 12 14 4 11 15 8 3 20 7 19 9 
student 520: 10 3 9 19 11 15 4 16 1 20 6 12 5 14 2 8 17 18 7 13 
student 521: 9 11 3 6 8 18 14 7 5 13 15 10 12 20 17 2 16 4 1 19 
student 522: 20 17 10 13 6 15 19 18 4 11 16 1 2 12 14 7 9 5 3 8 
student 523: 11 8 6 18 13 20 19 7 2 10 9 3 12 4 5 17 16 1 14 15 
student 524: 3 20 8 12 7 19 6 15 10 9 4 1 14 16 18 17 2 11 5 13 
student 525: 16 1 12 2 3 20 19 15 5 14 18 6 4 8 11 10 13 17 9 7 
student 526: 12 18 10 17 1 20 7 9 14 4 3 6 2 8 19 11 13 15 16 5 
student 527: 8 3 9 15 4 18 17 14 11 13 20 6 2 12 7 16 19 5 10 1 
student 528: 3 20 5 17 14 10 9 8 1 19 13 15 2 6 7 12 4 16 11 18 
student 529: 13 11 18 2 15 4 20 8 6 9 19 1 12 16 7 5 17 14 3 10 
student 530: 4 10 1 8 3 13 19 9 6 15 18 2 7 14 17 20 16 11 12 5 
student 531: 2 13 14 20 4 19 9 5 1 10 17 12 16 15 11 18 6 7 8 3 
student 532: 15 11 8 16 4 18 19 7 6 3 17 9 1 14 10 20 5 2 13 12 
student 533: 13 20 4 6 2 7 12 11 14 19 17 3 5 1 8 10 18 15 16 9 
student 534: 9 13 4 12 15 10 19 16 5 18 8 1 6 14 7 20 3 2 17 11 
student 535: 3 18 5 8 10 20 7 9 2 6 13 4 12 17 11 19 16 1 14 15 
student 536: 1 17 6 5 11 19 9 7 2 15 18 13 3 14 4 20 8 16 12 10 
student 537: 5 17 13 10 18 15 8 11 12 20 6 4 3 16 9 19 2 1 14 7 
student 538: 9 1 2 15 13 6 4 16 7 14 12 10 8 19 20 17 3 18 11 5 
student 539: 6 18 17 3 10 11 15 19 13 20 9 2 16 4 7 14 12 8 5 1 
student 540: 17 2 10 3 15 19 12 9 5 20 7 16 4 18 1 14 8 11 6 13 
student 541: 1 9 5 3 20 12 11 2 10 16 19 15 13 18 6 14 7 17 4 8 
student 542: 10 15 6 5 8 20 16 7 3 17 12 9 2 11 19 18 14 1 4 13 
student 543: 9 12 4 8 11 19 16 2 1 14 15 7 3 6 18 17 13 10 20 5 
student 544: 7 18 15 8 1 4 10 3 5 9 16 2 12 17 20 19 6 11 13 14 
student 545: 2 7 16 3 5 18 19 6 4 14 20 8 1 15 9 10 11 17 12 13 
student 546: 5 7 15 1 14 18 13 10 4 16 9 11 12 20 17 19 8 6 2 3 
student 547: 1 5 13 4 2 18 16 10 12 19 8 11 7 6 15 20 3 14 17 9 
student 548: 15 6 4 13 8 14 16 5 2 18 19 10 20 17 3 12 7 11 1 9 
student 549: 9 10 2 17 12 3 15 14 6 20 18 5 4 11 13 19 8 1 7 16 
student 550: 3 5 17 8 13 16 14 18 11 6 15 7 4 9 10 19 2 12 20 1 
student 551: 1 13 12 14 2 7 11 20 4 8 18 10 9 6 15 19 16 17 3 5 
student 552: 9 10 18 13 8 20 2 15 7 4 6 11 3 5 14 19 12 1 17 16 
student 553: 8 1 10 17 6 2 12 14 5 3 18 13 9 16 7 20 15 4 19 11 
student 554: 16 3 6 19 10 12 17 18 1 15 14 4 13 5 11 20 9 2 8 7 
student 555: 8 13 6 17 3 12 16 1 4 5 14 19 20 10 15 18 2 7 11 9 
student 556: 9 18 2 15 13 16 20 14 8 12 19 11 1 17 3 6 4 7 10 5 
student 557: 20 7 2 6 4 16 18 5 19 11 15 3 8 14 10 13 17 1 9 12 
student 558: 15 7 10 9 2 17 4 13 18 20 3 1 5 19 8 14 11 16 12 6 
student 559: 6 14 10 3 9 18 19 17 1 16 7 2 12 20 5 15 4 13 11 8 
student 560: 3 10 6 14 1 18 11 9 16 7 15 17 8 20 4 12 13 2 5 19 
student 561: 17 11 15 19 3 16 12 2 5 20 14 9 6 8 4 7 18 1 10 13 
student 562: 18 14 10 15 13 6 11 7 4 16 8 3 5 17 12 20 2 1 9 19 
student 563: 17 18 19 11 13 7 8 12 10 20 16 3 14 1 9 4 5 2 15 6 
student 564: 2 6 8 12 1 10 19 3 5 11 16 13 15 17 18 9 14 4 20 7 
student 565: 3 2 9 4 17 8 16 10 1 12 7 6 14 13 20 5 19 11 18 15 
student 566: 10 19 9 16 15 18 8 13 4 14 6 2 3 12 11 1 20 7 17 5 
student 567: 14 1 7 4 8 12 9 10 11 20 16 19 3 18 5 2 17 13 15 6 
student 568: 4 2 9 15 12 16 10 1 3 13 5 11 8 6 20 18 14 7 19 17 
student 569: 10 20 4 17 1 19 18 5 12 14 11 8 2 9 3 16 15 6 13 7 
student 570: 8 3 19 5 12 14 17 15 1 7 4 10 16 13 2 20 9 18 11 6 
student 571: 18 6 5 1 8 20 16 13 4 15 14 19 9 2 3 12 10 17 7 11 
student 572: 12 4 2 3 6 14 15 16 19 13 1 17 7 10 8 9 20 11 5 18 
student 573: 17 12 3 8 2 1 14 6 19 15 11 4 9 5 20 7 16 13 10 18 
student 574: 7 12 17 13 6 8 18 9 10 20 14 3 1 16 15 5 19 4 2 11 
student 575: 6 1 18 19 5 17 16 4 12 11 7 10 8 14 3 9 13 20 15 2 
student 576: 12 19 1 10 4 18 6 17 7 9 14 5 16 11 3 15 13 20 2 8 
student 577: 12 6 4 9 8 1 15 10 2 18 20 5 3 13 19 16 14 11 7 17 
student 578: 8 5 15 6 11 18 13 12 2 16 7 3 1 14 9 10 17 20 19 4 
student 579: 12 19 6 3 1 7 8 13 11 17 14 5 4 15 2 18 16 20 10 9 
student 580: 9 19 16 7 5 20 17 1 2 15 13 4 8 10 14 3 18 11 6 12 
student 581: 1 5 16 15 3 18 8 4 14 13 20 19 9 11 6 12 17 7 2 10 
student 582: 6 11 9 20 4 7 13 18 1 8 17 10 12 15 3 2 16 14 19 5 
student 583: 16 19 2 10 11 8 17 13 14 7 9 1 6 15 12 18 20 4 5 3 
student 584: 18 14 10 20 2 12 19 16 7 11 6 5 1 17 9 15 4 8 13 3 
student 585: 16 7 13 5 1 17 19 9 18 4 2 20 6 15 14 3 11 10 12 8 
student 586: 12 3 14 2 1 4 16 18 5 10 13 17 8 9 20 15 7 11 19 6 
student 587: 19 6 16 8 9 4 12 2 5 3 17 18 7 11 20 10 14 13 15 1 
student 588: 15 7 5 12 9 20 13 19 18 17 4 2 10 16 14 8 11 3 6 1 
student 589: 8 17 18 2 7 12 19 14 5 9 11 1 16 6 3 13 4 10 20 15 
student 590: 9 6 1 11 13 7 15 16 10 20 14 2 3 4 5 18 19 8 12 17 
student 591: 13 7 14 9 4 20 6 2 3 12 17 5 18 16 10 8 15 19 11 1 
student 592: 2 8 5 4 7 10 15 12 6 11 14 13 16 9 1 19 20 3 17 18 
student 593: 17 9 1 12 3 10 18 11 8 20 7 2 6 16 19 13 14 4 15 5 
student 594: 17 12 10 20 3 4 5 14 7 19 18 9 1 13 11 6 2 8 15 16 
student 595: 8 18 15 12 4 9 14 11 13 16 17 2 3 19 20 5 10 1 7 6 
student 596: 6 10 11 1 16 9 12 7 5 13 2 4 14 17 15 19 20 3 18 8 
student 597: 15 19 5 20 10 8 2 12 1 7 18 9 17 16 4 3 14 6 11 13 
student 598: 15 11 2 14 3 20 17 4 1 16 6 19 18 10 7 8 5 13 9 12 
student 599: 5 4 11 14 13 18 17 1 15 19 9 20 16 8 2 3 10 7 12 6 
student 600: 13 2 6 1 16 12 5 9 4 15 19 7 3 10 17 18 11 14 20 8 
student 601: 7 3 9 5 4 13 16 19 1 15 17 10 8 11 14 20 6 2 18 12 
student 602: 2 17 3 9 10 13 16 4 14 18 19 20 1 7 11 5 8 6 12 15 
student 603: 1 12 18 7 6 10 14 17 19 5 9 2 8 11 4 13 20 3 15 16 
student 604: 8 15 9 6 12 16 19 1 5 17 10 2 4 18 3 14 7 13 11 20 
student 605: 19 20 7 16 4 13 2 6 3 8 18 14 9 1 12 5 15 17 11 10 
student 606: 5 2 3 10 1 18 12 13 8 19 11 4 7 15 9 16 6 14 17 20 
student 607: 4 5 18 13 1 19 12 8 6 9 3 2 14 17 20 16 7 11 10 15 
student 608: 12 15 10 17 3 19 16 6 5 18 14 8 13 7 4 1 20 2 11 9 
student 609: 12 11 17 14 13 1 7 18 9 5 15 6 2 16 8 20 10 4 19 3 
student 610: 13 9 14 3 1 17 4 6 5 19 11 2 18 7 15 16 12 20 8 10 
student 611: 8 10 13 7 18 20 19 11 4 12 2 16 3 6 5 15 9 1 14 17 
student 612: 15 18 7 13 11 6 16 10 17 20 8 3 4 19 14 12 2 5 1 9 
student 613: 7 12 15 17 1 2 14 6 13 5 9 20 3 16 11 18 8 19 4 10 
student 614: 13 15 9 19 8 11 3 12 6 1 14 4 7 2 10 18 17 20 16 5 
student 615: 2 17 4 12 18 19 1 8 11 16 10 7 3 20 6 13 15 5 14 9 
student 616: 6 15 7 14 13 8 12 2 3 16 20 18 5 1 11 10 9 19 17 4 
student 617: 1 9 15 16 14 4 12 19 5 6 20 3 17 13 8 10 7 2 11 18 
student 618: 2 7 14 5 4 16 20 10 17 12 19 18 1 9 6 13 8 3 11 15 
student 619: 13 15 12 6 1 7 10 11 3 18 17 8 9 14 2 20 5 4 16 19 
student 620: 8 17 5 16 18 10 20 11 6 13 7 15 1 14 3 9 12 2 19 4 
student 621: 11 18 16 17 9 14 8 2 4 20 15 5 3 6 13 12 10 7 19 1 
student 622: 5 2 12 8 6 1 20 18 3 13 15 7 16 9 11 4 19 14 10 17 
student 623: 6 17 16 9 8 20 14 2 11 13 12 4 1 19 10 18 15 5 7 3 
student 624: 6 19 13 15 3 20 11 1 17 18 7 14 12 16 5 8 10 2 9 4 
student 625: 1 9 15 4 3 12 14 13 5 18 6 10 2 16 17 20 11 7 8 19 
student 626: 6 2 12 15 10 7 8 13 4 20 19 5 14 11 1 16 17 9 18 3 
student 627: 11 5 3 7 4 14 18 20 1 17 13 10 15 2 9 12 16 6 8 19 
student 628: 17 13 10 12 11 20 8 18 1 15 14 3 16 4 5 7 19 9 2 6 
student 629: 6 4 1 7 3 16 17 20 8 9 19 2 11 12 15 14 13 18 10 5 
student 630: 14 10 12 16 4 20 11 7 2 17 9 1 5 15 3 13 19 6 18 8 
student 631: 12 19 6 8 13 20 17 16 9 5 15 2 4 7 3 14 18 1 11 10 
student 632: 11 20 3 10 1 7 16 12 19 5 18 2 6 4 14 15 17 9 13 8 
student 633: 18 10 8 11 7 13 20 1 15 16 19 5 9 4 2 17 6 3 14 12 
student 634: 19 16 1 11 5 17 20 7 4 12 9 6 18 15 14 10 13 2 8 3 
student 635: 6 16 9 13 12 17 15 2 1 5 20 11 8 19 18 7 14 10 4 3 
student 636: 1 8 14 9 3 16 10 17 2 12 15 13 11 6 7 5 18 19 4 20 
student 637: 2 4 16 14 20 19 6 5 10 15 11 8 1 12 13 18 17 3 9 7 
student 638: 2 11 1 7 16 14 4 15 9 17 6 19 10 5 3 8 12 20 18 13 
student 639: 4 10 2 18 12 20 7 8 11 14 6 16 3 15 1 17 9 5 19 13 
student 640: 2 16 4 19 17 18 7 14 9 10 11 1 3 8 6 15 5 13 20 12 
student 641: 6 11 16 9 19 17 2 5 7 14 20 1 3 18 10 4 12 13 8 15 
student 642: 12 18 6 4 14 16 11 20 2 19 10 1 9 3 5 17 13 7 15 8 
student 643: 17 18 6 14 7 11 9 15 2 16 12 5 20 3 8 1 10 13 19 4 
student 644: 6 15 3 11 12 10 20 8 18 14 4 19 13 2 1 5 9 17 16 7 
student 645: 9 12 13 17 3 19 8 20 11 1 7 5 4 14 6 16 2 10 18 15 
student 646: 6 12 3 16 1 13 11 8 19 18 17 4 9 14 7 20 10 2 15 5 
student 647: 14 20 4 6 1 19 17 9 2 10 11 7 16 12 5 18 13 3 8 15 
student 648: 2 12 15 16 5 13 19 6 1 4 20 11 14 8 9 17 3 10 18 7 
student 649: 1 19 17 7 4 18 10 13 5 14 20 15 12 8 16 6 3 9 11 2 
student 650: 16 20 5 8 15 9 12 7 11 10 17 4 18 13 1 14 3 19 6 2 
student 651: 3 5 7 14 18 2 20 4 10 19 8 15 1 9 13 17 11 12 16 6 
student 652: 2 6 4 10 8 14 17 15 13 18 3 5 9 16 7 20 12 1 19 11 
student 653: 3 15 2 1 7 12 19 5 20 18 14 10 4 9 11 17 6 8 13 16 
student 654: 7 13 8 1 18 19 12 5 16 11 20 9 3 14 10 4 17 6 2 15 
student 655: 12 20 3 13 19 16 2 11 1 17 15 7 14 10 18 5 8 9 6 4 
student 656: 16 11 1 10 3 17 15 7 4 18 20 2 12 9 6 14 19 8 5 13 
student 657: 13 1 7 19 4 12 14 17 2 16 20 10 5 9 15 6 18 11 8 3 
student 658: 9 5 19 13 2 15 20 8 7 14 4 3 1 18 16 11 12 6 10 17 
student 659: 17 19 6 16 2 13 12 7 4 11 1 3 20 18 10 14 8 9 5 15 
student 660: 15 10 12 20 4 9 19 7 2 11 13 18 14 5 16 17 6 3 1 8 
student 661: 4 9 1 7 2 20 18 11 5 17 15 3 6 13 14 16 12 10 8 19 
student 662: 11 8 13 1 3 17 9 15 2 20 6 10 16 5 12 19 4 7 18 14 
student 663: 17 5 12 20 13 19 18 6 2 15 4 1 10 7 14 8 11 3 16 9 
student 664: 2 3 10 19 5 18 12 14 4 15 9 17 1 13 6 20 16 8 7 11 
student 665: 2 4 16 9 3 8 20 7 1 18 13 19 10 11 12 17 15 5 14 6 
student 666: 1 19 20 13 5 18 14 10 4 2 11 7 8 6 15 9 16 12 17 3 
student 667: 17 7 3 10 12 16 8 9 13 15 19 2 14 1 18 11 4 5 6 20 
student 668: 1 2 3 7 9 12 16 17 11 19 14 6 4 13 8 20 18 5 10 15 
student 669: 12 5 1 7 13 20 10 9 2 3 15 6 8 14 4 16 17 18 11 19 
student 670: 2 1 5 14 10 20 19 13 15 11 3 7 8 6 9 18 17 12 16 4 
student 671: 1 15 16 9 3 6 13 14 17 12 20 5 7 4 2 8 19 10 18 11 
student 672: 15 9 8 7 2 4 20 14 5 19 18 1 3 6 16 17 13 12 11 10 
student 673: 7 8 14 1 19 12 15 3 5 17 16 4 9 11 2 13 20 10 6 18 
student 674: 10 20 18 2 9 13 17 11 12 15 6 7 3 5 4 19 16 1 8 14 
student 675: 13 5 15 7 4 18 1 8 20 6 16 3 19 12 10 9 11 14 17 2 
student 676: 15 7 14 10 4 20 16 6 8 13 18 3 17 9 19 2 11 1 5 12 
student 677: 3 11 19 5 1 10 14 20 8 16 13 4 7 15 18 17 9 2 12 6 
student 678: 4 14 12 18 6 9 10 15 3 16 13 5 7 19 8 11 20 2 17 1 
student 679: 16 6 9 14 18 11 15 2 3 10 17 4 5 8 1 20 7 12 13 19 
student 680: 13 20 5 11 7 4 2 1 12 15 18 9 17 16 8 6 19 3 10 14 
student 681: 11 12 9 10 6 20 18 16 13 7 15 17 19 8 2 4 14 5 1 3 
student 682: 9 11 13 3 2 15 19 18 1 5 16 10 8 14 17 4 20 6 12 7 
student 683: 2 17 9 14 11 20 19 4 1 6 18 5 7 15 12 8 10 13 3 16 
student 684: 17 2 5 20 10 19 18 7 11 4 8 15 6 1 14 13 16 3 12 9 
student 685: 16 2 12 5 6 17 18 1 3 19 13 7 10 15 9 11 8 20 14 4 
student 686: 1 5 17 10 7 13 16 18 2 14 20 19 12 9 15 6 11 8 4 3 
student 687: 1 13 4 20 7 19 17 11 14 5 16 3 9 15 8 10 12 2 18 6 
student 688: 10 17 13 3 9 12 16 20 1 19 14 2 4 18 8 15 6 7 11 5 
student 689: 13 9 5 7 19 14 12 2 4 20 8 16 3 6 11 17 10 1 15 18 
student 690: 13 10 18 14 7 6 12 16 3 20 19 9 2 5 15 4 11 1 17 8 
student 691: 10 18 3 13 4 7 17 12 2 1 8 14 9 15 20 11 6 5 19 16 
student 692: 17 9 11 8 13 7 5 19 2 16 14 3 6 4 15 10 20 1 12 18 
student 693: 1 18 13 7 10 15 11 6 17 14 19 3 4 12 2 20 16 5 9 8 
student 694: 5 9 13 17 16 19 14 3 1 8 11 20 2 7 10 12 18 6 4 15 
student 695: 11 7 17 2 3 19 8 4 10 13 18 1 5 20 6 9 16 12 14 15 
student 696: 5 15 7 11 10 19 9 13 3 4 8 1 2 14 6 12 20 17 16 18 
student 697: 7 20 5 12 3 16 11 15 10 19 6 4 13 8 1 9 17 18 14 2 
student 698: 4 9 15 19 13 11 20 12 1 6 17 3 2 16 7 18 14 10 8 5 
student 699: 6 3 9 16 4 11 17 10 5 20 14 1 15 12 8 19 2 7 13 18 
student 700: 1 12 13 15 3 17 5 11 8 16 2 7 4 18 10 19 14 9 20 6 
student 701: 20 16 9 8 12 18 6 4 17 15 11 1 2 13 3 14 5 10 19 7 
student 702: 11 7 9 14 5 18 20 2 8 10 6 12 1 15 3 17 16 4 13 19 
student 703: 4 17 13 16 8 20 15 14 9 11 18 7 6 12 5 3 19 1 2 10 
student 704: 3 17 11 13 1 20 16 15 2 18 12 5 10 9 4 14 19 6 7 8 
student 705: 8 9 18 5 14 17 16 7 15 13 19 3 1 11 4 20 10 12 6 2 
student 706: 2 17 11 19 1 12 14 4 16 13 8 10 7 6 3 15 18 5 20 9 
student 707: 10 18 5 20 4 19 9 12 13 14 17 8 6 11 7 15 1 2 3 16 
student 708: 2 15 1 20 5 12 6 16 13 7 17 11 9 10 8 18 4 3 14 19 
student 709: 8 5 4 14 10 16 17 13 9 11 20 3 1 6 7 19 15 12 18 2 
student 710: 13 10 15 6 14 18 20 11 3 7 12 8 1 19 5 17 9 16 4 2 
student 711: 13 14 1 5 17 19 20 9 2 4 11 6 3 18 7 12 8 16 15 10 
student 712: 3 13 12 17 2 14 16 11 1 10 7 9 8 4 15 19 6 5 18 20 
student 713: 6 19 1 2 3 14 10 18 13 17 5 8 16 15 9 7 11 4 20 12 
student 714: 7 19 8 10 4 14 16 17 6 12 18 2 13 3 15 11 5 1 20 9 
student 715: 6 7 20 12 11 9 19 1 13 18 14 5 15 17 16 3 2 4 10 8 
student 716: 15 6 19 3 1 16 13 5 10 11 2 7 14 8 12 20 17 9 18 4 
student 717: 9 18 3 8 6 19 10 13 16 11 15 2 14 7 4 17 5 1 12 20 
student 718: 3 8 12 10 13 20 9 2 7 16 11 1 14 4 15 18 19 5 17 6 
student 719: 11 16 15 8 2 19 20 6 13 17 18 1 10 12 4 7 5 14 9 3 
student 720: 9 13 3 18 1 15 2 6 16 4 11 10 7 14 8 20 19 5 17 12 
student 721: 9 16 4 12 5 20 17 7 1 19 15 13 18 6 10 3 8 11 14 2 
student 722: 3 5 11 17 13 15 10 12 4 19 18 6 14 20 1 8 16 2 7 9 
student 723: 15 6 5 16 8 17 13 18 3 14 11 4 1 19 9 7 20 10 2 12 
student 724: 7 1 11 18 14 15 20 4 13 19 10 3 2 16 8 12 17 6 5 9 
student 725: 9 2 4 12 8 19 5 6 1 14 3 10 13 20 16 17 18 7 11 15 
student 726: 15 11 12 9 6 5 17 18 10 7 16 4 8 19 1 20 13 14 2 3 
student 727: 1 10 3 17 4 2 20 16 15 12 6 5 7 8 13 11 19 14 18 9 
student 728: 4 15 5 6 13 8 17 16 1 3 18 7 11 10 12 19 20 2 9 14 
student 729: 3 20 16 13 4 9 5 1 10 11 18 12 15 6 7 17 19 14 2 8 
student 730: 20 18 15 4 9 8 7 19 17 6 14 3 10 11 13 12 5 1 2 16 
student 731: 13 6 1 10 4 18 12 16 3 19 20 8 7 11 15 5 17 9 14 2 
student 732: 12 9 4 5 1 13 19 3 6 16 8 10 2 17 15 11 14 18 20 7 
student 733: 7 5 16 9 6 18 15 17 8 13 4 12 10 11 14 20 1 2 19 3 
student 734: 11 4 7 10 16 19 18 15 3 20 5 2 6 17 9 12 13 1 14 8 
student 735: 7 11 2 13 10 14 18 3 8 12 6 4 1 5 20 9 19 15 16 17 
student 736: 7 17 5 15 4 16 19 8 2 18 3 6 12 14 20 1 11 9 13 10 
student 737: 4 3 15 6 8 17 20 9 2 10 16 1 12 11 13 7 19 18 14 5 
student 738: 15 2 3 6 7 14 16 10 4 18 20 1 11 12 5 17 19 13 9 8 
student 739: 4 18 6 19 11 20 13 12 8 14 5 3 1 16 7 10 15 2 9 17 
student 740: 11 3 14 20 6 1 18 10 4 15 12 8 2 19 16 7 13 5 17 9 
student 741: 20 17 10 3 5 18 9 15 1 11 16 12 8 19 4 6 13 2 14 7 
student 742: 11 17 6 4 5 10 19 20 9 16 2 14 1 7 13 18 8 3 15 12 
student 743: 9 1 8 20 10 14 6 18 4 19 16 7 2 3 15 17 13 5 11 12 
student 744: 10 2 3 20 6 12 13 7 1 18 8 9 16 5 17 11 19 14 15 4 
student 745: 2 12 9 1 11 10 15 5 18 19 14 8 6 17 4 16 20 3 7 13 
student 746: 8 19 4 3 17 16 14 7 1 9 18 6 20 11 13 10 5 15 2 12 
student 747: 4 6 5 18 2 17 20 15 19 11 12 14 9 8 1 10 16 7 3 13 
student 748: 12 15 6 4 1 17 5 11 14 18 9 3 2 10 13 16 19 20 7 8 
student 749: 3 14 8 11 10 17 9 6 2 19 16 18 13 4 1 20 15 5 7 12 
student 750: 12 14 16 9 10 19 20 17 8 1 13 7 3 2 15 11 18 4 5 6 
student 751: 7 16 10 9 11 6 4 15 13 14 12 8 20 1 5 19 2 17 18 3 
student 752: 15 18 4 1 10 16 7 19 14 3 20 13 6 8 11 12 5 2 17 9 
student 753: 19 2 7 11 13 18 16 15 3 20 4 1 5 17 8 14 12 9 10 6 
student 754: 3 1 14 17 6 12 15 19 7 13 4 2 9 10 5 18 16 11 20 8 
student 755: 4 9 8 2 1 20 14 11 18 19 12 7 5 3 13 16 17 15 10 6 
student 756: 10 17 19 9 16 20 12 7 13 18 15 1 6 8 4 5 11 3 14 2 
student 757: 3 4 7 19 14 15 17 9 1 10 11 2 5 12 8 13 16 18 20 6 
student 758: 6 13 2 10 5 17 20 18 9 12 19 15 3 7 11 14 4 16 1 8 
student 759: 14 5 20 4 15 18 13 11 2 6 7 16 19 3 9 12 10 1 8 17 
student 760: 16 7 13 18 17 14 19 2 3 20 8 6 9 11 4 15 12 1 5 10 
student 761: 14 1 7 3 18 12 16 4 6 2 17 13 20 5 9 19 8 10 15 11 
student 762: 7 11 8 20 13 1 18 14 6 16 12 3 5 17 9 10 4 15 19 2 
student 763: 1 11 13 18 3 8 10 7 15 14 9 4 17 2 5 12 16 19 20 6 
student 764: 13 16 11 4 12 20 10 1 14 18 15 5 17 7 9 6 19 8 2 3 
student 765: 7 11 9 13 17 19 18 1 2 16 14 10 4 12 3 20 5 6 15 8 
student 766: 4 1 13 12 5 20 19 10 14 7 11 2 3 16 6 18 8 9 15 17 
student 767: 2 12 17 16 4 18 19 10 14 1 3 5 9 15 6 11 8 20 13 7 
student 768: 9 2 12 11 18 4 16 17 7 3 8 5 1 14 10 15 20 6 19 13 
student 769: 1 12 17 7 2 15 6 8 20 11 14 4 5 19 3 9 18 13 10 16 
student 770: 6 3 11 13 20 12 16 9 18 14 7 5 2 4 8 10 15 19 17 1 
student 771: 4 9 6 7 1 11 14 13 20 15 5 16 18 17 2 12 10 8 3 19 
student 772: 6 12 5 4 3 15 13 18 9 16 1 2 10 14 11 8 17 19 20 7 
student 773: 10 20 9 12 8 16 11 17 1 7 6 3 15 19 13 4 18 2 14 5 
student 774: 9 8 16 20 1 6 17 13 7 5 18 10 15 19 14 3 11 12 4 2 
student 775: 19 8 1 11 13 16 6 9 5 17 3 4 7 15 14 18 2 12 10 20 
student 776: 18 17 11 12 2 6 8 20 7 19 14 1 10 3 13 9 15 5 16 4 
student 777: 14 9 4 10 20 11 18 2 8 13 15 1 7 16 5 17 6 3 19 12 
student 778: 11 19 5 1 4 12 2 16 10 15 3 17 7 20 9 13 14 18 8 6 
student 779: 12 7 10 9 14 8 13 5 4 16 17 2 1 18 11 19 15 6 20 3 
student 780: 13 1 2 10 16 12 17 15 9 8 5 14 6 18 3 7 19 11 20 4 
student 781: 12 5 6 17 3 20 16 2 15 7 14 11 10 18 8 9 13 19 4 1 
student 782: 16 11 15 18 3 10 17 1 5 19 12 8 7 9 4 2 14 20 13 6 
student 783: 8 13 4 16 5 20 17 3 7 12 19 14 11 18 6 10 2 15 9 1 
student 784: 3 8 9 13 6 19 17 16 10 12 11 5 7 4 1 15 20 2 18 14 
student 785: 9 11 7 14 2 13 10 4 3 15 6 18 12 1 16 19 8 5 17 20 
student 786: 1 3 8 13 17 11 5 4 7 6 20 10 19 12 2 18 14 15 9 16 
student 787: 10 16 3 13 17 15 9 11 2 6 18 19 8 14 5 1 12 4 20 7 
student 788: 7 6 5 13 3 18 15 10 12 20 19 1 9 16 4 11 14 2 17 8 
student 789: 8 3 4 20 6 19 1 10 15 18 16 13 11 14 17 12 5 2 9 7 
student 790: 10 4 7 16 8 19 11 18 5 17 12 3 20 1 14 9 15 2 6 13 
student 791: 8 10 4 15 5 13 9 19 1 11 2 18 12 3 20 6 16 17 7 14 
student 792: 3 5 2 18 9 13 19 14 1 15 17 7 4 20 11 16 8 6 12 10 
student 793: 8 1 9 14 5 11 18 20 10 19 16 6 7 15 12 4 17 3 2 13 
student 794: 12 9 10 17 14 19 6 8 7 1 3 2 5 18 11 16 15 20 13 4 
student 795: 4 15 16 3 14 9 5 8 7 20 2 11 1 17 12 10 6 13 19 18 
student 796: 18 8 11 4 10 14 13 12 7 15 1 2 3 9 19 5 20 6 17 16 
student 797: 8 14 19 18 5 12 15 11 6 1 2 17 16 7 3 20 10 4 9 13 
student 798: 17 7 3 2 4 19 9 18 6 12 13 1 14 15 8 16 20 11 10 5 
student 799: 20 15 3 10 2 6 8 9 1 5 17 4 16 13 18 19 12 11 7 14 
