student 0: 1 19 6 18 8 16 4 5 11 9 15 13 17 20 10 7 3 14 2 12 
student 1: 11 15 7 4 10 13 9 2 20 16 18 1 17 3 5 6 8 12 14 19 
student 2: 11 8 5 2 4 14 15 7 10 9 19 6 12 3 18 16 17 1 13 20 
student 3: 7 15 5 16 4 19 6 10 8 14 11 9 1 18 3 20 2 17 12 13 
student 4: 2 15 8 3 4 9 19 7 16 18 11 13 17 14 5 20 1 10 6 12 
student 5: 6 15 5 19 3 2 8 11 10 7 16 4 17 14 1 12 18 20 13 9 
student 6: 15 8 10 1 2 6 3 5 12 11 16 7 17 19 18 4 9 14 20 13 
student 7: 17 3 11 6 1 16 20 2 12 13 8 7 19 18 9 15 4 10 14 5 
student 8: 1 11 18 14 9 13 3 4 10 17 2 12 15 20 7 19 8 5 16 6 
student 9: 11 1 6 10 7 16 8 4 12 9 5 19 20 3 2 14 15 18 13 17 
student 10: 4 2 6 8 11 10 9 1 20 14 5 19 15 7 3 18 13 16 12 17 
student 11: 3 17 10 13 5 9 4 8 16 11 7 14 19 15 18 12 6 1 20 2 
student 12: 2 9 3 14 1 17 11 4 8 10 12 5 13 20 7 16 6 15 19 18 
student 13: 1 2 9 5 6 18 16 7 14 3 20 11 8 12 4 19 17 10 13 15 
student 14: 4 12 16 8 2 20 9 1 19 13 5 6 17 14 7 3 10 11 18 15 
student 15: 6 8 2 4 5 11 7 17 15 1 13 10 18 19 3 9 20 16 12 14 
student 16: 1 2 18 10 8 17 3 5 19 15 4 11 16 14 7 12 13 6 9 20 
student 17: 1 13 2 12 4 15 3 10 5 18 16 14 6 19 7 17 9 8 20 11 
student 18: 19 8 1 18 7 15 11 5 20 12 4 6 13 16 9 17 10 14 3 2 
student 19: 6 1 2 13 4 19 18 14 8 11 9 10 3 15 7 16 12 5 20 17 
student 20: 3 2 7 15 11 8 6 13 4 1 14 10 12 16 9 20 17 5 18 19 
student 21: 11 6 13 10 12 18 5 14 9 1 3 4 2 20 16 19 7 15 8 17 
student 22: 8 2 7 6 4 19 3 5 14 18 9 12 20 15 1 13 17 10 11 16 
student 23: 10 3 19 8 13 12 9 4 7 16 2 17 6 18 11 20 1 5 14 15 
student 24: 1 10 4 6 19 20 16 11 8 13 5 7 3 18 14 2 17 9 12 15 
student 25: 6 2 15 3 12 9 7 11 16 18 1 5 14 19 8 20 10 4 17 13 
student 26: 4 2 8 10 7 3 5 6 17 13 9 18 16 11 1 19 20 12 14 15 
student 27: 17 19 2 10 1 7 14 9 16 4 6 3 13 8 11 12 15 5 20 18 
student 28: 2 18 13 15 1 6 10 8 20 9 19 5 4 3 11 7 12 14 16 17 
student 29: 13 16 1 20 12 6 17 2 3 18 4 7 9 14 5 19 11 15 8 10 
student 30: 7 14 9 5 17 8 6 4 12 20 15 18 16 2 13 11 3 1 10 19 
student 31: 9 4 17 3 15 18 19 11 20 2 5 14 7 1 6 13 8 16 12 10 
student 32: 18 6 19 12 2 11 15 13 17 8 5 1 20 10 4 3 14 7 9 16 
student 33: 17 4 5 3 16 12 11 2 14 10 20 15 18 9 6 19 1 8 7 13 
student 34: 16 2 3 18 4 13 20 5 11 6 10 9 19 8 12 7 15 1 17 14 
student 35: 18 1 4 2 9 14 16 15 7 19 12 5 11 20 8 17 6 3 13 10 
student 36: 2 7 15 13 6 19 4 5 1 16 3 11 12 10 9 18 8 14 17 20 
student 37: 4 10 14 3 2 20 1 11 19 18 13 12 15 8 9 16 5 7 17 6 
student 38: 17 4 6 10 12 8 3 18 14 11 20 2 16 9 1 13 7 5 15 19 
student 39: 1 3 4 18 9 16 2 6 14 10 7 11 19 17 5 13 8 20 12 15 
student 40: 10 15 19 1 3 9 17 2 18 13 7 5 20 11 6 12 4 14 8 16 
student 41: 11 2 18 3 9 4 1 12 7 19 16 5 10 13 17 15 14 6 20 8 
student 42: 15 17 8 5 6 18 19 7 20 3 13 10 2 14 1 16 12 4 9 11 
student 43: 2 17 10 15 5 8 13 12 20 14 4 3 16 19 1 11 7 18 9 6 
student 44: 5 7 2 16 19 14 11 1 15 12 20 4 18 9 13 17 6 8 3 10 
student 45: 4 5 2 7 6 19 18 9 11 12 17 16 20 14 1 10 8 3 15 13 
student 46: 2 12 16 17 9 4 19 14 7 15 3 10 13 11 6 8 1 5 18 20 
student 47: 1 2 15 9 14 12 4 7 16 20 10 6 18 13 3 11 5 17 8 19 
student 48: 9 1 19 3 14 5 6 15 10 8 18 4 13 17 12 20 16 11 7 2 
student 49: 3 5 17 2 20 14 1 6 19 9 11 15 13 10 18 12 8 7 16 4 
student 50: 10 17 11 8 15 20 13 4 18 1 5 12 3 9 2 14 19 7 16 6 
student 51: 4 9 14 12 8 18 16 5 3 19 11 13 1 20 6 17 2 7 10 15 
student 52: 20 17 13 18 9 12 16 2 14 11 3 1 7 19 5 10 4 15 8 6 
student 53: 2 8 3 11 10 4 9 16 15 13 6 1 17 20 18 19 7 12 5 14 
student 54: 4 9 10 3 5 13 11 1 14 6 7 8 19 16 18 15 17 2 20 12 
student 55: 16 8 6 13 2 9 7 17 1 11 5 3 14 15 18 19 4 10 20 12 
student 56: 1 15 12 5 8 2 17 6 20 10 19 9 13 16 3 7 18 11 4 14 
student 57: 4 19 17 1 18 13 8 15 10 7 3 14 2 12 11 5 9 6 20 16 
student 58: 8 7 4 20 2 9 5 10 6 11 13 17 19 18 1 16 12 3 15 14 
student 59: 19 13 9 17 10 18 6 3 1 15 12 4 14 5 8 7 16 2 20 11 
student 60: 11 14 2 19 15 17 4 16 8 9 3 6 20 10 13 18 12 1 7 5 
student 61: 9 1 6 18 13 5 7 2 15 16 11 17 14 10 4 12 20 8 19 3 
student 62: 9 13 1 15 17 8 11 16 7 19 2 5 18 20 4 10 6 3 14 12 
student 63: 8 19 4 9 10 6 1 2 17 12 15 20 14 13 7 5 3 11 16 18 
student 64: 1 15 14 9 13 7 17 11 20 18 2 6 4 19 12 16 10 3 5 8 
student 65: 8 3 15 16 17 14 2 19 18 9 6 10 1 5 12 13 4 7 20 11 
student 66: 6 11 5 12 2 16 4 8 14 20 18 17 19 9 1 7 3 10 15 13 
student 67: 1 6 19 2 4 17 15 3 5 8 10 14 20 16 13 7 9 12 11 18 
student 68: 2 4 1 9 13 8 6 3 14 10 11 7 15 19 20 12 16 5 17 18 
student 69: 8 10 5 4 1 6 3 18 13 20 12 7 17 9 11 16 14 15 2 19 
student 70: 15 18 3 16 7 12 6 4 17 19 14 10 13 20 1 2 8 5 11 9 
student 71: 7 17 1 14 13 12 2 9 20 11 3 10 15 18 5 8 6 4 16 19 
student 72: 8 12 1 16 13 6 11 7 14 19 4 20 17 15 9 18 5 10 3 2 
student 73: 2 7 19 20 11 4 18 9 15 14 1 3 17 10 5 13 16 8 12 6 
student 74: 15 6 10 18 12 9 2 3 19 13 11 1 5 7 14 8 16 4 17 20 
student 75: 4 10 6 18 16 17 19 1 12 9 2 3 20 14 7 13 5 15 8 11 
student 76: 5 13 8 12 7 19 9 16 18 3 2 15 1 10 4 20 14 17 11 6 
student 77: 1 9 17 13 16 12 7 5 10 19 6 14 2 11 8 4 3 18 20 15 
student 78: 2 4 5 10 9 3 11 6 14 20 12 1 13 17 7 16 8 15 19 18 
student 79: 6 10 4 8 13 1 3 19 17 20 5 9 14 7 15 2 11 12 16 18 
student 80: 6 10 1 19 18 8 16 3 13 11 2 7 15 9 5 20 17 12 4 14 
student 81: 8 4 12 15 14 17 11 5 18 2 1 13 20 7 6 3 10 9 16 19 
student 82: 13 4 1 11 5 8 18 2 9 12 19 20 16 17 3 15 6 14 7 10 
student 83: 14 11 3 13 6 16 8 4 12 9 5 7 17 20 1 18 10 2 15 19 
student 84: 9 16 5 15 6 10 3 4 19 1 20 12 13 17 2 18 8 11 14 7 
student 85: 10 7 3 6 2 17 15 5 19 12 20 18 4 11 8 14 13 16 9 1 
student 86: 10 9 1 11 18 15 17 2 16 19 13 6 20 5 8 3 14 7 4 12 
student 87: 2 4 3 15 7 10 17 8 9 18 12 6 20 14 16 11 13 19 5 1 
student 88: 15 6 12 10 8 17 13 16 4 1 14 5 3 7 2 19 11 20 9 18 
student 89: 2 12 1 9 15 6 13 5 20 4 10 7 3 11 17 14 8 16 19 18 
student 90: 5 16 12 15 2 17 3 9 18 6 11 7 8 14 13 10 4 1 20 19 
student 91: 8 17 5 10 2 15 4 18 19 12 6 9 16 11 7 20 3 1 13 14 
student 92: 19 11 17 10 14 4 7 13 18 16 9 1 6 12 15 3 5 8 2 20 
student 93: 2 13 6 5 17 9 11 8 10 12 15 20 16 14 1 19 18 4 7 3 
student 94: 7 9 6 10 15 1 2 8 19 5 3 17 20 16 4 13 12 18 14 11 
student 95: 2 3 5 10 7 19 6 14 8 13 20 16 9 18 11 4 1 12 17 15 
student 96: 9 14 5 18 3 17 7 10 8 12 6 1 16 19 2 20 11 15 13 4 
student 97: 5 15 3 14 1 19 9 8 6 2 11 13 12 18 4 10 7 16 17 20 
student 98: 15 14 12 7 4 18 10 9 17 13 11 5 16 8 6 1 20 19 2 3 
student 99: 1 9 3 13 10 12 6 5 15 7 4 16 20 17 8 2 14 11 19 18 
student 100: 2 16 12 8 4 10 1 13 14 18 11 5 15 7 6 9 17 3 20 19 
student 101: 14 5 13 8 7 12 1 6 11 10 9 18 15 16 19 17 3 4 2 20 
student 102: 2 7 19 11 20 9 8 17 1 4 18 10 12 13 3 5 6 15 14 16 
student 103: 11 3 10 7 4 8 5 2 18 1 20 15 13 17 12 14 6 9 19 16 
student 104: 3 19 9 20 1 8 16 5 18 7 11 12 15 4 10 13 14 2 6 17 
student 105: 8 9 1 16 14 19 11 2 7 13 3 12 18 5 17 20 10 6 15 4 
student 106: 13 8 18 9 11 20 4 1 7 14 3 5 19 16 2 15 12 10 6 17 
student 107: 5 8 1 6 20 13 2 7 4 17 16 3 18 11 14 15 9 12 19 10 
student 108: 11 3 7 5 13 19 9 2 8 16 12 18 10 1 4 20 15 6 17 14 
student 109: 3 12 15 7 11 17 16 2 18 4 14 10 9 8 5 20 1 6 13 19 
student 110: 12 13 4 7 14 11 17 8 20 9 16 1 15 2 5 19 3 18 6 10 
student 111: 13 15 1 12 14 10 2 9 18 16 7 5 4 8 3 19 20 11 6 17 
student 112: 7 6 10 1 5 12 14 3 9 17 8 11 2 18 4 15 13 20 16 19 
student 113: 8 19 6 16 1 18 2 10 15 4 17 3 11 7 12 20 9 5 13 14 
student 114: 2 14 4 12 15 13 11 3 16 6 1 20 17 7 8 19 5 9 10 18 
student 115: 18 5 7 6 11 9 10 8 3 17 4 13 20 1 12 15 14 2 16 19 
student 116: 8 12 18 19 5 2 17 3 11 9 1 15 13 14 6 20 4 7 16 10 
student 117: 2 4 8 5 9 14 18 3 20 17 7 19 16 1 6 11 12 10 15 13 
student 118: 16 7 9 19 6 12 17 2 18 8 15 3 5 13 1 10 11 14 4 20 
student 119: 5 7 4 18 17 1 20 6 12 11 10 2 14 16 3 13 15 8 9 19 
student 120: 9 5 14 20 3 15 11 1 16 13 6 17 12 10 2 8 4 18 7 19 
student 121: 6 1 13 20 14 18 17 4 10 9 7 8 16 2 5 19 3 15 11 12 
student 122: 10 11 4 13 3 19 16 2 8 14 7 1 20 12 5 9 17 6 18 15 
student 123: 14 9 5 2 17 19 3 13 20 10 11 4 18 6 8 12 1 7 16 15 
student 124: 9 8 20 19 4 15 12 6 16 3 13 10 2 17 5 7 18 1 11 14 
student 125: 3 9 11 17 16 12 8 6 19 5 4 1 18 13 2 15 7 20 10 14 
student 126: 7 18 15 9 10 20 8 6 11 16 5 13 14 12 1 19 4 2 3 17 
student 127: 9 1 2 8 15 14 12 10 4 16 18 6 13 11 7 20 5 3 17 19 
student 128: 1 10 11 6 8 18 2 13 7 17 20 5 16 9 4 12 14 15 19 3 
student 129: 8 10 14 11 9 6 15 3 16 5 20 18 17 12 1 2 19 7 13 4 
student 130: 15 4 3 13 6 7 12 1 8 20 16 10 14 5 9 17 11 18 2 19 
student 131: 18 13 2 6 3 12 7 20 15 1 11 9 17 16 10 5 14 4 8 19 
student 132: 14 13 19 12 5 4 1 7 11 10 8 17 3 6 2 9 20 18 15 16 
student 133: 5 10 6 1 2 15 7 4 14 20 12 16 19 9 17 18 11 8 3 13 
student 134: 8 7 11 14 2 1 15 3 20 4 16 19 6 10 5 18 13 9 12 17 
student 135: 10 20 6 4 1 13 11 18 9 8 12 2 19 7 17 5 14 16 3 15 
student 136: 2 1 3 8 13 15 14 20 10 16 7 19 18 4 17 9 5 12 11 6 
student 137: 12 5 4 9 8 14 18 2 6 10 1 7 19 15 11 20 17 3 13 16 
student 138: 5 17 9 19 3 12 2 11 18 14 10 13 16 15 8 4 1 6 7 20 
student 139: 12 8 18 19 14 13 5 2 20 16 7 15 17 11 3 9 4 10 6 1 
student 140: 3 11 12 13 8 20 19 16 18 10 6 14 15 4 17 5 1 9 7 2 
student 141: 9 10 5 7 8 16 15 2 1 14 19 20 18 17 4 6 13 12 3 11 
student 142: 2 1 14 8 12 18 3 9 5 19 6 13 4 17 15 11 20 7 16 10 
student 143: 14 10 6 12 1 19 3 9 7 20 17 15 16 5 2 18 4 13 11 8 
student 144: 1 20 13 8 3 19 14 7 5 9 15 16 12 6 2 10 4 11 17 18 
student 145: 9 3 12 14 20 18 11 8 17 13 5 19 10 7 2 16 1 4 15 6 
student 146: 11 12 14 15 5 16 3 7 6 8 9 2 13 17 18 20 4 1 10 19 
student 147: 20 7 1 12 2 18 16 3 15 19 14 9 5 10 13 6 17 4 8 11 
student 148: 18 1 6 8 10 16 4 20 9 11 14 15 17 12 3 13 5 2 7 19 
student 149: 13 14 4 20 7 10 9 6 5 12 3 1 11 8 2 17 18 16 19 15 
student 150: 15 11 5 19 3 20 16 17 1 10 8 2 13 18 14 9 12 6 7 4 
student 151: 4 7 5 15 1 14 19 3 13 16 12 6 20 11 2 8 10 9 18 17 
student 152: 13 9 8 6 18 3 15 19 14 16 10 5 20 7 4 2 11 12 1 17 
student 153: 14 19 10 9 8 18 15 4 11 7 1 6 17 5 2 12 20 13 16 3 
student 154: 4 14 10 13 15 11 7 5 3 6 18 8 19 17 2 9 12 20 1 16 
student 155: 9 13 19 10 15 20 6 8 14 11 3 7 18 17 2 5 12 16 1 4 
student 156: 9 4 8 7 10 2 20 14 11 1 13 17 5 18 3 19 6 12 16 15 
student 157: 14 15 1 17 2 13 19 11 7 10 3 9 4 12 5 20 16 6 8 18 
student 158: 6 7 16 12 3 19 17 11 18 13 2 1 14 10 8 15 9 20 4 5 
student 159: 4 5 19 13 16 12 11 10 17 9 3 1 20 6 15 2 14 8 7 18 
student 160: 3 9 12 20 15 19 18 17 5 10 16 8 14 6 2 11 4 13 1 7 
student 161: 1 4 8 10 11 6 9 3 20 15 5 7 18 16 13 19 14 12 2 17 
student 162: 5 9 17 20 6 13 10 1 7 16 19 2 12 11 3 15 14 4 18 8 
student 163: 20 1 16 6 8 9 4 13 15 10 18 2 5 19 3 12 7 11 14 17 
student 164: 10 13 1 17 2 20 14 5 11 8 12 9 6 16 7 19 4 3 18 15 
student 165: 4 11 5 14 2 17 7 19 12 16 10 8 9 6 3 1 18 13 15 20 
student 166: 4 15 8 19 11 20 3 16 12 13 9 5 10 6 14 17 7 2 1 18 
student 167: 20 2 8 13 7 18 11 10 4 15 6 5 14 3 9 17 1 12 16 19 
student 168: 18 11 3 6 1 16 5 12 4 8 7 9 19 17 10 14 20 2 15 13 
student 169: 10 5 11 4 8 18 2 16 7 9 1 6 14 19 3 12 15 20 13 17 
student 170: 8 9 12 19 4 20 17 14 2 15 3 16 7 10 5 18 13 11 1 6 
student 171: 4 11 2 18 9 17 1 3 8 16 6 20 13 7 15 14 10 12 5 19 
student 172: 16 2 13 6 15 20 7 9 3 14 4 5 17 18 8 11 1 12 19 10 
student 173: 9 5 10 1 2 3 7 6 14 15 20 19 17 18 11 4 8 12 13 16 
student 174: 8 5 2 11 10 16 20 12 19 15 14 3 18 9 4 13 7 17 1 6 
student 175: 2 6 4 15 1 3 8 7 19 16 5 11 18 13 12 20 9 17 14 10 
student 176: 11 4 3 1 8 5 10 7 15 9 14 18 20 16 6 12 19 13 2 17 
student 177: 14 2 7 1 11 19 12 9 18 13 3 6 20 16 17 10 4 5 15 8 
student 178: 11 8 4 14 17 15 18 12 10 9 1 13 19 2 7 16 5 6 3 20 
student 179: 9 10 2 12 14 8 13 4 15 3 16 5 18 19 1 17 6 11 7 20 
student 180: 1 13 19 9 6 10 17 3 20 7 8 4 16 2 12 18 11 15 5 14 
student 181: 4 6 2 3 10 12 8 15 7 14 19 17 20 9 5 13 11 1 16 18 
student 182: 6 17 14 7 5 10 18 3 15 11 2 1 20 4 8 12 9 16 19 13 
student 183: 8 3 5 9 2 10 11 4 14 13 1 15 7 12 18 19 16 6 17 20 
student 184: 9 12 5 13 14 15 10 1 6 3 7 2 20 11 4 16 17 18 19 8 
student 185: 5 1 11 4 2 19 12 3 7 16 14 18 17 15 10 9 6 8 13 20 
student 186: 6 13 14 11 10 2 4 15 12 7 8 9 1 18 5 20 19 3 16 17 
student 187: 12 9 6 10 1 17 5 4 13 16 7 8 19 18 3 14 2 11 15 20 
student 188: 16 12 3 4 2 18 19 7 15 10 9 20 14 11 1 8 13 6 17 5 
student 189: 8 9 20 3 17 6 11 7 13 15 1 5 12 2 4 14 19 16 10 18 
student 190: 1 14 19 15 10 17 6 4 13 3 16 20 9 18 2 12 11 8 7 5 
student 191: 1 2 8 9 11 13 3 10 12 20 5 7 17 18 6 14 19 16 15 4 
student 192: 16 1 6 7 2 4 10 9 13 11 5 15 17 3 14 19 8 12 20 18 
student 193: 3 10 9 6 2 15 17 4 18 5 12 14 7 1 13 20 11 16 8 19 
student 194: 16 3 8 12 2 20 7 10 17 1 4 5 18 11 19 15 14 6 9 13 
student 195: 10 18 3 19 13 14 7 1 15 8 2 6 20 4 11 16 12 5 9 17 
student 196: 12 7 11 19 6 16 15 18 14 9 8 3 13 10 4 2 17 1 20 5 
student 197: 1 11 19 4 17 15 2 10 16 9 6 8 13 7 5 20 12 3 18 14 
student 198: 7 2 3 8 5 9 15 1 13 17 6 16 20 19 14 11 10 4 12 18 
student 199: 7 1 6 10 3 20 9 4 11 12 16 5 2 15 8 18 13 14 17 19 
student 200: 7 15 14 10 2 11 19 9 12 20 3 4 18 16 6 17 8 5 1 13 
student 201: 10 2 5 15 11 12 8 3 9 20 6 14 18 17 1 19 16 4 13 7 
student 202: 13 8 2 15 6 4 16 20 14 5 10 19 17 3 9 11 1 12 7 18 
student 203: 16 14 1 12 8 19 3 2 17 4 5 10 13 11 20 18 15 6 7 9 
student 204: 11 14 16 12 9 18 3 7 15 6 17 5 2 8 13 10 4 19 20 1 
student 205: 9 10 6 8 15 18 5 7 16 3 2 1 12 11 4 14 19 17 20 13 
student 206: 1 12 13 10 15 4 19 3 18 20 17 2 14 6 5 7 11 8 9 16 
student 207: 14 2 1 3 19 20 9 8 16 18 11 4 15 13 17 12 6 5 10 7 
student 208: 12 16 1 6 11 10 15 13 17 19 8 9 7 4 3 20 5 14 2 18 
student 209: 13 1 9 10 16 12 20 11 3 18 14 7 15 5 8 19 4 6 2 17 
student 210: 3 15 14 17 2 9 13 1 4 19 18 5 6 7 10 20 16 8 11 12 
student 211: 7 2 14 5 13 9 4 6 10 11 18 3 17 15 19 12 8 1 20 16 
student 212: 20 3 4 13 16 15 14 10 17 1 7 8 18 19 5 6 9 12 11 2 
student 213: 4 10 7 6 19 12 18 16 15 14 11 13 5 3 9 2 8 17 20 1 
student 214: 11 9 5 16 3 20 2 8 13 17 10 6 18 15 1 14 7 4 19 12 
student 215: 9 5 13 17 10 18 12 3 14 8 1 4 19 2 6 20 11 7 16 15 
student 216: 6 13 3 5 10 19 4 9 16 2 18 1 11 7 12 8 14 17 15 20 
student 217: 8 14 4 18 10 17 15 16 1 3 12 20 19 9 11 6 5 2 7 13 
student 218: 5 3 10 13 1 19 17 7 16 18 11 8 20 15 14 4 12 9 6 2 
student 219: 2 16 8 14 3 7 9 1 17 19 10 5 18 12 13 11 15 4 20 6 
student 220: 7 6 1 12 5 17 13 3 16 4 9 11 20 18 2 15 19 8 10 14 
student 221: 2 7 4 13 18 17 8 3 15 11 1 10 20 9 5 16 19 12 14 6 
student 222: 1 19 12 20 4 10 11 13 3 15 18 6 17 16 5 14 2 7 8 9 
student 223: 1 7 4 3 15 14 11 12 18 10 13 6 19 9 2 20 8 5 17 16 
student 224: 4 1 10 14 13 16 11 7 18 20 8 15 19 9 12 17 5 6 2 3 
student 225: 1 10 3 12 2 17 8 9 15 7 18 16 5 6 13 19 20 14 4 11 
student 226: 12 14 5 2 13 17 15 10 3 9 18 7 19 16 11 1 6 4 20 8 
student 227: 19 15 7 13 1 18 12 5 9 2 3 20 4 14 16 17 6 8 11 10 
student 228: 4 17 3 19 6 2 12 7 1 14 13 11 18 15 5 20 8 10 9 16 
student 229: 18 13 3 14 7 17 8 1 9 16 19 5 11 2 4 12 10 15 20 6 
student 230: 3 12 1 8 2 18 6 4 19 20 7 5 13 11 9 16 14 10 17 15 
student 231: 8 13 5 7 18 12 6 2 9 15 1 3 20 14 16 17 4 19 10 11 
student 232: 9 20 2 14 11 3 17 13 1 6 8 15 12 18 4 19 5 16 7 10 
student 233: 6 4 1 12 14 16 3 19 9 7 5 2 18 8 13 11 15 20 17 10 
student 234: 12 11 4 5 14 1 20 18 16 10 19 6 17 8 3 7 15 9 2 13 
student 235: 16 13 9 2 14 15 6 7 11 12 18 4 20 19 8 5 1 17 10 3 
student 236: 20 12 9 8 7 1 2 6 17 16 13 18 19 14 3 4 10 11 15 5 
student 237: 6 3 2 4 7 17 16 11 12 18 13 9 8 10 5 14 1 15 19 20 
student 238: 2 16 8 18 10 13 15 1 6 12 3 14 11 9 20 4 17 5 7 19 
student 239: 11 6 4 17 1 18 13 2 15 16 14 9 12 3 7 5 10 8 19 20 
student 240: 16 7 3 9 6 2 14 4 11 18 12 19 20 17 10 15 5 8 13 1 
student 241: 12 15 7 3 11 20 18 8 17 2 13 1 10 9 5 4 6 14 16 19 
student 242: 17 15 8 19 18 3 11 13 1 6 5 9 10 4 12 14 20 7 16 2 
student 243: 1 10 7 16 17 19 11 2 18 12 15 9 20 8 6 3 4 5 13 14 
student 244: 20 13 4 6 5 19 3 1 17 14 9 12 18 8 2 16 7 10 15 11 
student 245: 10 4 18 1 9 7 20 12 16 13 15 5 8 19 3 17 2 6 11 14 
student 246: 16 4 8 15 1 11 7 3 17 18 20 6 12 14 5 10 9 2 13 19 
student 247: 19 11 4 14 2 3 16 9 12 17 6 8 5 1 10 20 7 15 18 13 
student 248: 19 20 17 2 8 13 12 18 6 9 3 16 15 10 7 5 1 4 11 14 
student 249: 6 8 1 11 13 20 12 5 9 3 7 4 10 15 19 16 18 17 14 2 
student 250: 5 4 18 2 13 11 17 1 15 10 7 3 16 9 20 14 6 8 19 12 
student 251: 9 14 3 16 11 4 5 18 15 7 10 1 17 20 12 19 6 2 13 8 
student 252: 4 17 6 7 3 14 11 20 10 5 15 13 9 19 8 18 1 12 2 16 
student 253: 4 9 1 6 7 19 13 3 15 18 10 2 20 14 11 5 8 16 12 17 
student 254: 14 1 2 13 4 19 5 9 3 10 11 8 16 7 6 18 20 15 12 17 
student 255: 3 11 5 12 8 16 17 9 18 20 1 6 10 7 4 15 19 2 13 14 
student 256: 7 6 3 11 8 4 9 1 18 10 16 2 19 20 17 13 5 15 14 12 
student 257: 16 7 1 9 10 14 19 5 6 8 11 2 18 20 4 15 3 17 12 13 
student 258: 1 16 4 3 14 8 17 2 19 15 10 7 18 6 5 9 13 11 12 20 
student 259: 20 6 5 11 16 13 19 14 8 12 7 4 15 10 1 17 3 2 9 18 
student 260: 1 11 3 15 2 19 7 13 4 9 12 10 17 6 16 8 18 5 14 20 
student 261: 10 16 11 8 12 3 1 5 18 17 4 7 9 2 6 14 19 13 20 15 
student 262: 7 15 9 18 12 17 10 1 19 11 6 13 20 2 4 3 5 8 16 14 
student 263: 10 2 19 1 9 5 17 11 13 4 14 12 15 18 8 6 3 7 20 16 
student 264: 15 5 1 7 14 10 4 3 17 20 6 8 13 2 12 18 16 11 19 9 
student 265: 3 2 17 7 12 18 5 6 13 10 20 8 11 19 1 16 9 4 15 14 
student 266: 2 5 8 20 1 17 16 6 18 14 13 15 10 4 7 19 9 12 3 11 
student 267: 11 20 3 18 2 13 4 5 1 10 6 14 19 9 17 15 7 12 16 8 
student 268: 6 19 10 5 15 4 14 3 7 9 20 18 17 12 1 13 8 2 16 11 
student 269: 11 4 2 18 13 5 1 8 19 9 3 15 16 17 12 7 6 14 10 20 
student 270: 5 17 10 11 20 14 12 13 16 8 4 15 2 1 19 18 7 6 3 9 
student 271: 14 20 3 2 1 12 13 10 9 11 8 18 7 16 6 19 17 4 5 15 
student 272: 18 13 4 19 7 2 14 10 5 11 15 6 17 12 3 20 8 9 16 1 
student 273: 12 2 17 16 20 9 3 5 11 7 10 1 13 19 6 14 8 4 18 15 
student 274: 4 17 3 16 1 2 14 8 18 19 15 13 10 9 5 11 7 20 12 6 
student 275: 5 6 9 3 2 18 14 1 15 4 7 11 8 16 12 17 13 19 10 20 
student 276: 16 13 9 3 6 12 4 15 19 5 7 2 20 10 1 18 17 14 11 8 
student 277: 19 1 8 15 3 10 2 18 20 17 11 5 14 6 4 7 9 12 16 13 
student 278: 17 12 6 11 9 14 8 2 18 4 15 1 10 16 5 19 20 3 7 13 
student 279: 9 14 6 3 20 5 16 17 10 11 12 13 1 2 8 19 4 7 15 18 
student 280: 4 11 8 9 14 6 13 7 5 2 15 18 20 3 1 16 12 10 17 19 
student 281: 8 3 17 20 1 11 7 15 18 5 4 13 19 12 9 16 14 2 10 6 
student 282: 9 13 16 1 2 14 7 3 15 10 19 12 6 4 18 11 8 17 20 5 
student 283: 5 13 18 20 8 16 2 6 10 14 7 17 12 3 1 15 19 4 11 9 
student 284: 8 12 17 6 9 11 15 1 4 13 2 10 19 16 3 7 18 5 14 20 
student 285: 5 17 9 18 12 13 4 2 6 7 15 14 10 8 3 19 20 1 16 11 
student 286: 4 5 1 10 2 7 19 6 20 12 17 11 8 14 9 13 3 15 16 18 
student 287: 15 7 2 8 11 3 1 6 17 9 13 16 14 19 5 20 10 4 12 18 
student 288: 6 8 1 14 4 12 9 5 3 18 19 16 20 7 2 15 17 11 10 13 
student 289: 2 16 4 14 8 5 7 3 10 18 12 11 17 15 9 1 13 6 19 20 
student 290: 11 5 14 6 1 4 12 3 20 8 13 2 15 19 9 18 7 10 17 16 
student 291: 14 11 8 9 5 17 3 12 7 18 13 6 16 10 4 15 2 1 20 19 
student 292: 8 19 9 14 3 18 11 15 20 1 6 5 16 10 4 17 12 2 13 7 
student 293: 14 9 5 4 2 20 13 1 6 17 7 8 16 11 3 18 12 10 19 15 
student 294: 10 19 6 18 5 8 7 9 15 20 3 1 16 17 11 4 14 2 12 13 
student 295: 7 15 16 18 14 17 10 3 8 20 19 1 9 13 2 12 11 4 6 5 
student 296: 6 8 5 18 3 10 17 7 13 20 9 4 1 12 15 2 11 14 16 19 
student 297: 8 5 4 19 2 14 7 16 12 10 9 13 20 18 3 17 1 15 11 6 
student 298: 14 16 18 17 19 6 2 10 9 5 7 4 15 20 11 1 3 8 13 12 
student 299: 11 10 12 9 5 20 16 3 7 2 19 8 6 17 1 15 18 13 4 14 
student 300: 5 14 3 19 4 6 18 9 17 11 15 16 20 13 7 10 8 12 1 2 
student 301: 11 5 2 19 7 14 10 9 17 16 1 13 3 20 12 4 8 6 18 15 
student 302: 4 14 12 18 2 15 7 5 20 17 13 11 8 1 6 10 16 19 3 9 
student 303: 5 11 17 18 6 1 13 4 8 7 14 2 20 16 3 19 10 12 15 9 
student 304: 2 14 3 5 1 4 12 11 10 17 15 16 20 18 8 13 9 6 7 19 
student 305: 15 8 5 3 12 2 9 4 7 19 10 17 14 18 1 20 13 6 11 16 
student 306: 7 6 3 16 10 13 4 11 9 12 2 17 15 20 1 8 5 19 18 14 
student 307: 20 16 1 19 3 6 15 8 18 11 14 2 4 5 13 9 10 7 12 17 
student 308: 16 15 7 12 5 17 3 2 14 1 10 8 4 19 9 20 11 6 13 18 
student 309: 3 4 7 19 16 15 11 10 13 6 12 20 18 14 2 9 1 8 5 17 
student 310: 14 1 9 10 7 3 12 5 16 19 6 4 17 11 18 8 13 2 20 15 
student 311: 7 15 5 8 16 13 14 4 2 9 20 6 18 17 19 12 3 1 11 10 
student 312: 4 2 6 8 1 18 7 9 13 15 17 3 19 12 5 20 16 14 10 11 
student 313: 9 7 1 19 8 12 4 3 10 20 18 13 11 2 17 15 5 14 16 6 
student 314: 3 15 4 2 6 12 18 9 16 7 11 5 20 10 17 19 8 1 14 13 
student 315: 9 5 2 1 15 16 7 4 14 8 3 18 13 20 6 11 17 10 19 12 
student 316: 9 6 4 11 12 18 13 5 16 8 2 17 14 3 7 20 10 1 15 19 
student 317: 4 16 5 9 10 20 6 14 7 15 3 2 12 19 17 11 8 1 13 18 
student 318: 4 2 12 15 10 7 8 1 20 14 3 11 18 6 5 16 13 19 9 17 
student 319: 3 5 10 11 16 2 14 1 19 13 4 18 7 12 15 20 9 6 8 17 
student 320: 11 3 1 4 8 19 10 13 2 18 17 6 14 12 5 16 15 7 9 20 
student 321: 10 2 13 3 8 14 19 9 16 5 7 15 6 4 17 18 1 12 11 20 
student 322: 3 5 20 19 6 7 10 13 15 17 9 16 12 11 4 18 8 2 14 1 
student 323: 17 5 3 4 1 7 19 18 14 6 10 13 2 12 16 15 9 8 11 20 
student 324: 3 9 2 13 5 8 4 12 20 17 18 16 11 10 7 19 15 1 6 14 
student 325: 10 3 1 12 6 20 4 14 7 13 11 8 2 17 9 16 15 18 5 19 
student 326: 17 14 7 10 3 15 2 1 8 12 13 19 9 20 4 11 6 5 18 16 
student 327: 2 1 4 10 11 19 6 16 14 9 13 17 15 8 5 12 7 3 18 20 
student 328: 15 12 6 13 1 8 9 11 19 18 5 2 17 16 7 14 10 3 4 20 
student 329: 14 7 16 17 2 18 12 6 15 10 4 8 5 1 3 11 9 13 20 19 
student 330: 13 6 4 11 20 12 15 2 3 17 5 8 18 10 1 19 7 9 14 16 
student 331: 8 10 15 18 14 1 7 9 2 19 5 3 16 17 6 20 4 13 12 11 
student 332: 3 7 14 2 4 11 17 10 9 19 18 20 1 8 5 15 6 12 13 16 
student 333: 2 1 9 18 19 20 16 12 15 11 3 8 10 7 5 17 4 13 14 6 
student 334: 1 16 2 7 3 17 18 9 8 13 5 15 12 14 10 11 4 6 19 20 
student 335: 3 8 2 12 1 5 15 14 16 20 7 18 19 13 4 17 9 6 11 10 
student 336: 16 2 14 8 11 6 5 17 3 12 9 19 15 20 7 13 4 18 1 10 
student 337: 5 15 8 20 14 18 16 1 10 9 6 2 17 4 7 12 13 19 3 11 
student 338: 6 19 9 14 5 15 13 3 20 12 10 2 1 4 18 17 11 7 16 8 
student 339: 12 11 20 8 5 3 14 18 7 1 4 6 19 9 10 2 17 15 16 13 
student 340: 4 14 8 9 1 2 7 11 16 17 6 15 20 10 12 18 13 5 3 19 
student 341: 9 4 3 15 1 8 5 13 11 19 7 10 18 14 12 20 2 6 17 16 
student 342: 12 19 8 16 14 4 7 3 9 18 1 6 15 10 11 17 5 13 2 20 
student 343: 7 6 4 8 15 20 9 1 18 14 5 17 2 19 11 16 3 13 10 12 
student 344: 12 3 5 2 1 15 11 4 19 10 8 16 14 18 6 7 9 17 13 20 
student 345: 11 4 6 8 12 14 3 5 10 15 19 20 16 18 1 13 9 2 17 7 
student 346: 16 1 2 11 7 19 13 8 18 12 10 5 14 17 9 15 3 6 20 4 
student 347: 13 5 10 6 15 18 19 3 17 9 11 4 20 16 1 12 2 14 8 7 
student 348: 14 19 4 5 12 9 16 17 11 3 7 2 13 10 1 6 8 18 15 20 
student 349: 3 5 2 8 12 10 11 13 17 18 7 9 20 19 1 15 16 6 4 14 
student 350: 11 2 19 4 3 10 6 1 20 9 17 12 13 16 7 18 14 5 8 15 
student 351: 2 9 6 11 13 17 8 1 3 12 10 5 20 4 7 18 14 19 15 16 
student 352: 11 1 13 6 14 17 8 16 15 19 9 7 20 3 2 10 18 4 5 12 
student 353: 2 7 1 20 13 8 6 9 17 3 19 12 10 5 11 18 15 14 4 16 
student 354: 7 5 1 15 2 18 12 6 8 13 17 11 20 10 9 3 14 4 19 16 
student 355: 15 12 2 11 18 19 8 20 16 10 1 17 14 5 3 13 4 6 7 9 
student 356: 7 11 5 20 3 10 17 2 14 18 16 1 12 9 19 8 6 13 15 4 
student 357: 1 11 4 8 7 17 13 10 12 20 16 9 3 14 2 18 19 5 15 6 
student 358: 11 8 1 13 9 12 3 20 17 4 16 2 10 5 18 6 19 7 14 15 
student 359: 5 8 14 4 1 12 3 15 16 9 20 6 18 13 7 19 17 2 10 11 
student 360: 12 5 8 4 11 18 16 3 1 17 15 9 20 14 10 19 13 2 7 6 
student 361: 20 1 14 9 11 12 7 2 19 10 5 4 6 18 13 15 8 3 17 16 
student 362: 17 6 4 10 18 16 20 14 9 15 2 3 8 12 5 11 13 1 7 19 
student 363: 4 14 3 5 2 13 11 12 19 6 7 17 15 10 8 18 16 1 9 20 
student 364: 20 8 2 15 1 7 17 9 10 11 13 5 14 19 6 12 16 3 18 4 
student 365: 18 7 6 16 1 19 11 5 15 13 10 12 2 8 14 9 4 17 3 20 
student 366: 14 3 2 9 4 12 5 11 1 16 15 7 17 20 6 19 18 13 8 10 
student 367: 3 6 16 9 15 12 20 5 11 19 2 4 14 1 10 17 7 8 18 13 
student 368: 20 1 14 15 19 13 2 12 16 4 9 7 18 10 11 3 6 17 8 5 
student 369: 19 4 9 5 20 13 10 3 6 15 14 17 11 2 1 12 7 16 18 8 
student 370: 13 11 2 8 14 7 4 15 20 16 12 18 17 19 6 1 9 10 3 5 
student 371: 1 11 6 9 18 5 17 14 13 4 15 10 2 12 8 19 3 20 7 16 
student 372: 2 12 1 13 7 18 17 9 10 15 11 4 14 20 3 16 6 5 19 8 
student 373: 8 2 7 13 18 14 12 4 11 5 20 9 17 16 3 1 19 10 6 15 
student 374: 15 12 11 13 10 19 16 7 14 8 1 2 6 5 9 17 3 18 4 20 
student 375: 1 10 20 5 8 12 4 2 9 13 3 6 14 15 11 19 7 16 18 17 
student 376: 7 11 5 12 2 19 16 3 18 4 8 9 1 15 10 17 13 6 14 20 
student 377: 9 11 6 10 7 3 8 4 1 14 13 16 17 5 2 19 20 15 18 12 
student 378: 9 7 18 3 1 14 20 2 5 12 11 17 19 4 13 16 15 6 8 10 
student 379: 5 6 3 17 12 20 13 14 11 1 9 10 19 8 4 15 18 7 2 16 
student 380: 19 10 8 2 17 14 5 6 20 4 7 9 13 15 12 16 3 1 11 18 
student 381: 2 12 8 17 3 10 9 11 4 14 5 13 20 16 7 18 19 1 6 15 
student 382: 6 10 3 20 9 2 14 13 15 18 16 17 7 12 1 5 8 11 4 19 
student 383: 5 10 6 9 8 20 19 1 14 15 13 12 2 17 16 3 4 7 11 18 
student 384: 4 9 2 18 8 13 11 5 7 10 15 12 20 16 1 19 6 3 17 14 
student 385: 16 15 1 11 4 8 18 20 19 3 5 9 14 6 2 7 13 17 12 10 
student 386: 9 10 11 5 2 8 4 7 20 12 17 3 13 15 14 18 16 1 6 19 
student 387: 10 18 1 5 3 19 12 11 13 4 15 8 2 14 16 6 9 7 20 17 
student 388: 13 12 9 3 14 1 4 8 15 19 11 5 17 18 2 6 16 10 20 7 
student 389: 8 19 2 17 10 18 13 1 14 4 9 6 15 7 5 16 11 3 20 12 
student 390: 14 20 4 13 18 5 6 3 1 16 2 11 15 8 17 9 12 7 10 19 
student 391: 3 10 14 18 20 13 7 1 5 17 16 12 8 19 4 11 6 9 15 2 
student 392: 7 1 12 19 3 13 17 5 18 14 8 6 16 2 11 4 9 10 15 20 
student 393: 1 12 6 10 20 2 18 3 4 14 9 7 15 11 5 16 13 8 17 19 
student 394: 5 1 8 19 2 10 4 3 20 9 17 16 13 15 7 18 11 6 14 12 
student 395: 8 7 3 16 11 4 6 5 15 10 13 19 14 9 1 2 17 12 18 20 
student 396: 7 19 9 8 12 11 13 1 4 6 15 5 14 16 18 17 2 3 20 10 
student 397: 5 3 2 17 13 14 15 9 10 8 18 7 19 4 12 20 6 1 16 11 
student 398: 12 13 1 17 7 20 6 5 18 10 8 4 3 11 2 19 9 16 15 14 
student 399: 5 8 4 2 7 14 3 20 17 18 9 6 15 12 10 19 1 16 11 13 
student 400: 20 17 11 5 1 6 2 3 7 15 12 16 19 4 13 8 10 9 18 14 
student 401: 16 14 9 4 2 13 1 17 3 8 5 18 20 12 6 11 7 10 19 15 
student 402: 19 1 7 9 12 4 10 13 11 6 2 14 16 20 8 15 17 5 3 18 
student 403: 1 7 3 18 2 14 15 5 12 13 19 4 20 8 11 17 9 6 10 16 
student 404: 16 7 4 2 18 11 6 17 20 10 1 8 19 9 5 12 13 15 3 14 
student 405: 8 18 11 1 5 17 12 13 10 3 19 2 16 6 4 20 7 9 15 14 
student 406: 11 16 9 17 4 10 7 8 13 19 20 3 18 1 2 14 12 6 5 15 
student 407: 13 2 1 14 9 10 7 5 17 11 3 20 4 18 8 16 12 6 19 15 
student 408: 20 10 3 19 1 5 18 2 14 12 9 13 11 15 4 8 17 16 7 6 
student 409: 15 3 2 9 11 19 13 5 14 8 18 6 16 17 1 10 7 20 4 12 
student 410: 10 13 12 2 6 18 8 3 11 17 9 1 19 7 20 15 5 14 16 4 
student 411: 9 17 20 16 1 3 15 10 18 14 2 8 12 11 7 19 5 13 4 6 
student 412: 12 16 2 6 15 8 18 9 7 10 17 5 19 1 4 13 11 3 20 14 
student 413: 17 1 7 3 11 16 9 5 19 14 4 10 20 6 13 18 8 2 15 12 
student 414: 14 4 2 5 13 3 16 7 8 20 18 9 19 17 11 10 15 6 1 12 
student 415: 2 3 5 20 9 7 14 4 13 6 15 12 19 18 1 17 11 10 16 8 
student 416: 5 8 3 10 19 17 11 9 1 18 7 16 14 13 4 12 15 6 2 20 
student 417: 13 11 4 17 2 12 14 3 18 1 6 15 19 10 5 20 7 9 8 16 
student 418: 14 11 19 6 8 15 5 1 7 20 2 18 17 4 16 10 9 13 3 12 
student 419: 14 10 7 20 1 16 6 5 3 18 2 9 17 11 12 4 8 13 19 15 
student 420: 12 1 9 14 10 15 4 2 7 6 17 8 18 16 20 19 13 3 5 11 
student 421: 8 6 7 10 15 18 5 4 16 11 1 20 13 9 2 14 12 3 17 19 
student 422: 3 2 6 10 7 18 17 4 16 11 9 12 19 8 1 20 13 5 14 15 
student 423: 1 3 2 17 6 16 4 14 18 11 13 12 19 15 7 10 8 5 9 20 
student 424: 10 8 2 7 4 19 14 5 16 20 1 15 12 9 6 13 3 11 18 17 
student 425: 8 17 19 13 11 18 4 2 20 5 1 14 9 3 6 10 16 7 12 15 
student 426: 5 18 1 13 16 20 7 2 8 3 17 14 19 9 11 10 6 4 15 12 
student 427: 18 10 11 15 5 3 2 12 6 17 1 14 16 19 9 20 8 4 7 13 
student 428: 17 6 16 14 1 13 5 10 19 18 9 4 11 12 2 20 7 8 3 15 
student 429: 1 3 14 19 12 16 17 8 20 2 13 6 4 5 15 9 18 10 11 7 
student 430: 7 11 3 13 6 17 9 8 20 10 5 19 14 18 4 1 16 2 12 15 
student 431: 10 15 9 19 1 14 4 3 16 11 18 13 17 20 12 6 8 7 2 5 
student 432: 17 9 8 5 3 12 20 1 18 10 6 4 15 14 11 19 7 16 2 13 
student 433: 9 15 3 13 4 20 17 8 16 1 18 6 19 10 2 11 5 14 12 7 
student 434: 5 1 3 19 4 14 8 20 12 16 11 7 18 10 6 13 15 2 17 9 
student 435: 17 6 12 10 7 20 11 15 16 19 2 1 18 3 4 8 5 14 13 9 
student 436: 1 7 13 12 6 16 8 2 9 18 14 10 19 20 4 5 3 15 11 17 
student 437: 10 16 9 8 3 18 11 2 20 17 7 1 12 14 6 19 4 15 13 5 
student 438: 15 8 2 20 3 17 14 1 5 11 13 12 7 6 9 18 10 4 19 16 
student 439: 10 2 19 6 8 15 12 4 20 13 1 9 16 18 5 11 3 7 17 14 
student 440: 1 6 11 3 5 20 17 18 15 10 12 4 19 8 2 16 9 13 14 7 
student 441: 19 10 20 3 5 13 16 2 9 14 1 18 15 7 8 12 11 6 17 4 
student 442: 20 2 9 4 19 14 5 6 10 3 13 8 18 16 7 15 1 11 12 17 
student 443: 4 7 18 12 1 19 11 6 20 13 16 15 2 10 14 3 5 17 9 8 
student 444: 14 15 3 1 4 16 18 5 11 20 9 7 12 2 17 10 8 6 19 13 
student 445: 8 11 13 1 3 10 12 6 14 4 2 9 7 5 20 17 19 15 18 16 
student 446: 14 6 7 5 12 3 13 4 19 2 18 15 20 16 9 1 10 8 11 17 
student 447: 9 19 13 7 1 3 12 4 10 15 6 16 14 2 17 11 20 8 5 18 
student 448: 3 2 4 17 7 10 19 1 9 18 8 5 14 15 6 20 16 13 12 11 
student 449: 9 3 11 8 5 10 7 4 20 6 18 12 13 17 1 16 14 2 19 15 
student 450: 14 5 9 20 6 4 12 10 17 1 18 15 13 11 8 19 7 2 16 3 
student 451: 13 3 16 2 10 7 18 5 8 20 1 17 12 14 11 19 6 4 9 15 
student 452: 10 7 11 13 1 20 15 6 17 9 5 8 19 2 4 16 3 14 18 12 
student 453: 1 10 16 6 18 11 2 12 15 8 3 5 19 14 13 20 7 9 17 4 
student 454: 8 1 6 14 5 13 2 7 15 9 12 4 18 3 10 20 11 17 19 16 
student 455: 12 17 7 3 15 18 1 4 9 13 5 16 19 11 6 8 2 20 10 14 
student 456: 19 11 12 18 7 2 4 13 20 8 1 14 5 9 3 17 10 6 16 15 
student 457: 4 17 5 6 8 10 19 13 11 9 12 3 18 15 7 14 1 16 2 20 
student 458: 5 4 8 1 11 6 3 2 15 19 17 9 13 7 20 18 12 10 14 16 
student 459: 11 13 2 7 10 9 15 6 17 12 8 20 5 18 14 19 3 1 16 4 
student 460: 16 6 12 5 10 20 14 9 15 4 11 19 17 8 1 7 2 3 13 18 
student 461: 15 6 7 16 17 14 1 8 2 3 12 5 18 9 19 4 10 20 13 11 
student 462: 2 5 9 14 18 20 8 10 19 15 11 1 6 12 3 13 4 7 16 17 
student 463: 17 19 7 13 9 14 15 16 6 5 12 1 10 2 4 11 20 18 3 8 
student 464: 4 18 3 13 5 16 9 2 10 14 20 6 17 11 1 19 7 8 12 15 
student 465: 11 6 7 13 10 8 5 12 17 15 2 4 14 20 1 19 3 18 9 16 
student 466: 6 5 7 9 11 16 8 1 3 12 15 14 17 20 10 18 4 13 2 19 
student 467: 14 7 6 3 13 19 2 10 17 11 4 20 18 16 1 9 12 15 8 5 
student 468: 1 7 20 15 16 8 6 2 18 5 11 4 12 13 3 19 10 14 17 9 
student 469: 9 1 12 15 10 7 19 20 6 13 3 2 16 18 5 17 14 11 4 8 
student 470: 12 4 5 18 1 15 8 10 17 6 19 20 3 9 13 16 2 7 11 14 
student 471: 2 1 3 4 13 10 12 11 19 8 17 14 16 7 20 9 6 5 18 15 
student 472: 16 19 18 1 15 12 3 2 6 8 11 5 20 9 14 7 10 4 17 13 
student 473: 8 18 11 14 10 19 12 6 13 7 3 1 4 5 15 17 2 20 16 9 
student 474: 17 2 13 15 3 18 11 1 7 4 20 5 10 16 12 8 6 9 14 19 
student 475: 15 13 11 10 3 9 4 2 1 19 5 12 20 17 6 14 16 7 8 18 
student 476: 1 5 6 20 11 19 7 16 3 17 8 4 15 14 12 2 18 9 10 13 
student 477: 14 11 2 4 3 17 18 6 12 10 5 15 7 16 8 9 1 13 19 20 
student 478: 17 12 14 7 5 9 11 4 20 8 19 10 18 16 6 3 2 15 1 13 
student 479: 20 5 2 19 8 9 14 4 15 12 18 3 7 6 16 11 1 10 13 17 
student 480: 6 4 15 10 3 11 8 2 14 13 7 5 18 19 12 17 9 1 16 20 
student 481: 2 8 9 13 15 16 1 5 7 19 10 12 20 6 3 17 14 18 11 4 
student 482: 13 10 9 5 6 19 7 1 15 16 4 3 18 14 8 2 12 11 20 17 
student 483: 9 4 2 18 7 10 6 3 16 11 13 19 17 12 8 5 14 15 1 20 
student 484: 1 15 2 7 17 11 3 18 20 14 19 5 9 8 13 6 10 4 16 12 
student 485: 1 15 5 18 8 3 19 6 12 16 2 4 20 14 10 17 9 13 7 11 
student 486: 1 7 8 9 5 12 10 14 18 19 17 4 16 3 2 20 15 13 11 6 
student 487: 4 15 11 9 8 20 5 19 3 13 16 10 2 12 17 18 1 7 14 6 
student 488: 7 18 16 10 12 1 15 11 6 17 2 14 9 20 4 13 5 3 8 19 
student 489: 4 5 6 11 7 14 16 17 18 13 10 9 15 20 1 8 2 3 12 19 
student 490: 3 9 11 14 2 4 19 18 15 6 13 17 12 10 1 20 8 7 5 16 
student 491: 7 1 13 9 3 10 15 11 19 8 14 6 2 18 12 17 5 4 20 16 
student 492: 17 9 5 13 3 16 8 1 20 14 6 11 15 12 4 10 18 2 19 7 
student 493: 7 14 1 16 8 20 10 2 15 12 4 5 17 6 9 13 3 18 11 19 
student 494: 13 5 10 19 7 11 8 9 1 18 4 15 20 3 2 17 12 6 16 14 
student 495: 1 3 10 16 7 5 13 6 18 8 11 2 19 9 17 15 12 4 20 14 
student 496: 2 9 1 17 7 4 20 5 10 15 18 12 19 6 14 3 13 8 11 16 
student 497: 20 15 1 10 5 18 16 8 11 2 17 9 4 14 12 19 7 13 3 6 
student 498: 7 1 3 6 4 14 17 5 11 18 9 19 20 13 2 16 10 8 12 15 
student 499: 7 9 8 16 4 18 17 10 20 13 2 12 14 5 15 3 6 1 11 19 
student 500: 2 1 6 13 7 15 17 12 8 14 4 3 11 10 5 18 19 16 9 20 
student 501: 4 17 19 7 13 3 16 8 18 11 9 20 12 2 6 14 10 15 5 1 
student 502: 9 2 20 3 6 8 13 1 16 14 12 10 4 18 15 7 11 19 17 5 
student 503: 2 19 4 14 15 11 16 1 18 5 7 9 13 12 8 20 17 6 3 10 
student 504: 2 20 18 3 14 16 10 4 12 1 13 19 7 9 6 15 11 8 5 17 
student 505: 2 8 7 12 15 16 6 5 11 14 13 10 19 9 18 3 4 1 20 17 
student 506: 18 13 5 12 3 2 1 14 20 19 4 11 8 17 9 6 7 10 15 16 
student 507: 12 20 3 18 2 4 10 1 11 13 6 5 16 19 7 17 14 9 8 15 
student 508: 12 7 1 16 10 14 17 8 3 2 4 18 11 19 6 15 9 13 20 5 
student 509: 9 18 10 16 4 11 2 12 3 6 7 15 8 19 1 14 20 5 13 17 
student 510: 7 9 4 8 16 6 2 1 20 10 3 5 17 15 13 14 18 11 19 12 
student 511: 3 5 8 20 4 9 17 7 6 18 13 1 14 19 2 10 12 16 15 11 
student 512: 19 4 17 7 1 20 10 3 9 16 11 6 18 2 8 15 14 12 13 5 
student 513: 10 17 13 15 4 16 1 5 14 7 11 3 19 18 8 9 12 6 2 20 
student 514: 11 10 19 2 7 6 15 18 3 8 9 17 13 12 4 14 1 5 20 16 
student 515: 12 8 2 17 1 10 18 6 11 15 5 9 20 13 3 19 4 7 14 16 
student 516: 1 16 5 19 6 3 15 7 10 4 13 2 8 14 20 18 17 9 12 11 
student 517: 2 1 14 10 7 18 17 11 16 20 9 8 6 19 4 12 13 5 15 3 
student 518: 7 3 8 5 2 16 9 4 13 18 12 15 20 19 1 14 11 10 17 6 
student 519: 7 11 10 8 13 19 3 2 18 12 14 5 16 20 1 9 6 4 15 17 
student 520: 19 6 17 12 7 15 14 13 1 2 4 11 5 16 3 8 10 18 20 9 
student 521: 8 17 4 13 19 18 1 20 3 7 15 11 9 16 12 14 6 10 2 5 
student 522: 3 11 8 19 5 14 6 1 13 9 15 2 17 4 10 20 16 7 12 18 
student 523: 15 14 8 7 18 16 2 9 20 6 12 4 19 3 13 17 11 5 10 1 
student 524: 18 15 9 8 17 1 6 14 7 20 4 5 2 13 3 12 10 11 19 16 
student 525: 4 7 12 3 10 6 13 20 2 11 8 15 17 5 1 19 14 9 16 18 
student 526: 11 13 15 4 12 5 20 6 19 1 17 18 10 9 3 2 16 7 8 14 
student 527: 4 7 18 13 2 15 1 19 3 16 9 12 8 10 20 14 6 5 11 17 
student 528: 3 12 20 9 1 19 14 2 7 5 11 4 18 15 17 8 6 10 13 16 
student 529: 16 1 15 9 6 18 8 14 10 4 3 12 17 11 19 2 20 7 13 5 
student 530: 3 8 5 16 6 17 10 1 18 12 19 4 20 14 9 15 7 11 13 2 
student 531: 5 20 9 15 4 2 13 10 6 16 8 3 14 19 11 1 18 7 17 12 
student 532: 5 6 16 12 4 17 15 2 19 8 9 14 20 13 1 3 11 10 7 18 
student 533: 10 7 5 20 6 16 14 1 17 9 12 13 8 3 11 18 4 2 15 19 
student 534: 8 4 20 1 17 14 10 6 5 12 18 9 13 16 3 19 11 15 7 2 
student 535: 20 11 7 16 15 5 19 17 18 9 3 4 12 10 2 14 6 1 8 13 
student 536: 5 17 16 12 4 1 15 3 20 10 6 7 18 9 11 14 2 19 8 13 
student 537: 11 3 6 4 9 13 2 1 17 15 16 10 19 14 7 20 5 18 12 8 
student 538: 8 6 1 4 17 20 19 11 5 9 13 16 12 15 2 10 3 18 14 7 
student 539: 8 13 14 12 2 15 17 6 5 7 20 10 9 16 1 19 11 4 3 18 
student 540: 6 13 3 12 2 9 14 15 19 5 10 1 18 8 7 20 4 11 17 16 
student 541: 15 20 2 13 1 10 9 5 12 3 17 11 19 4 18 8 7 6 16 14 
student 542: 12 3 4 15 5 18 14 9 1 2 19 10 13 16 7 20 8 11 17 6 
student 543: 15 9 1 11 8 3 19 14 16 18 7 4 2 12 13 5 17 10 20 6 
student 544: 2 13 10 18 4 17 9 12 5 20 8 16 6 3 1 19 14 7 11 15 
student 545: 1 2 13 17 4 15 8 3 18 16 7 5 19 20 12 10 6 9 14 11 
student 546: 4 8 18 5 16 6 15 1 17 9 10 3 12 2 7 20 11 13 19 14 
student 547: 8 13 18 3 7 12 2 6 15 19 5 9 16 10 14 20 17 4 11 1 
student 548: 1 4 20 10 2 14 13 9 19 18 15 12 16 5 8 17 6 3 7 11 
student 549: 15 3 8 20 12 1 9 4 2 10 6 14 17 16 7 11 5 13 18 19 
student 550: 18 10 19 3 13 6 12 2 20 7 1 17 9 5 14 4 15 8 16 11 
student 551: 14 11 3 2 6 17 10 1 19 12 4 7 9 5 13 16 18 8 20 15 
student 552: 6 8 2 10 11 3 14 7 15 9 16 12 18 19 4 13 5 1 20 17 
student 553: 3 8 5 10 15 17 13 14 16 19 4 1 20 6 2 18 11 9 12 7 
student 554: 20 4 3 10 14 7 2 5 11 15 13 6 12 19 1 16 8 17 9 18 
student 555: 8 9 19 20 6 4 11 13 7 2 12 1 18 5 3 16 10 15 17 14 
student 556: 9 8 17 2 14 16 15 10 4 13 18 7 19 3 1 6 12 5 11 20 
student 557: 3 5 13 17 2 15 7 1 12 8 4 6 16 20 11 18 14 9 10 19 
student 558: 4 19 18 12 3 7 10 6 15 2 11 14 13 16 5 9 17 8 1 20 
student 559: 5 3 6 2 17 8 15 18 10 14 9 11 12 16 1 20 19 7 4 13 
student 560: 20 6 3 15 4 12 11 16 14 2 10 7 17 18 8 19 9 5 13 1 
student 561: 14 9 12 1 11 17 16 4 3 6 19 18 7 20 5 13 8 2 15 10 
student 562: 4 11 3 5 2 20 9 1 7 15 13 14 17 8 6 16 19 12 18 10 
student 563: 10 4 1 9 2 17 18 8 15 11 16 12 13 7 3 19 20 5 14 6 
student 564: 10 12 1 18 2 5 9 14 7 13 16 19 17 20 11 4 8 3 15 6 
student 565: 14 11 20 16 12 9 15 2 4 8 3 18 13 7 17 1 6 5 19 10 
student 566: 2 14 9 4 15 5 20 1 7 18 16 19 10 3 8 13 12 6 11 17 
student 567: 7 11 2 15 17 3 20 8 16 12 6 5 4 18 9 10 14 13 19 1 
student 568: 5 6 4 18 12 13 3 1 20 11 17 16 10 14 2 9 8 15 7 19 
student 569: 5 6 2 8 4 18 13 10 20 9 19 3 12 11 15 14 17 16 1 7 
student 570: 1 18 7 17 13 2 4 6 8 9 5 16 19 11 10 14 15 20 12 3 
student 571: 14 17 2 4 20 13 1 9 10 8 5 12 19 18 3 15 6 7 16 11 
student 572: 5 1 17 7 13 12 19 6 8 10 20 2 14 16 4 11 3 18 9 15 
student 573: 10 16 7 12 20 17 1 8 4 14 9 11 15 3 2 19 18 5 6 13 
student 574: 2 16 17 4 1 12 11 9 18 7 20 8 5 13 10 19 6 3 14 15 
student 575: 16 6 4 12 10 15 14 3 17 7 1 19 20 11 2 18 9 8 5 13 
student 576: 12 3 1 15 4 11 7 2 20 14 8 9 17 6 5 19 18 10 16 13 
student 577: 14 17 4 19 1 20 6 2 13 7 10 12 11 9 3 5 8 15 16 18 
student 578: 4 13 1 9 6 10 3 19 12 20 16 17 18 2 11 7 8 14 5 15 
student 579: 14 6 5 15 17 12 7 3 9 13 18 8 20 16 4 19 2 1 11 10 
student 580: 7 19 10 8 3 14 4 12 13 2 9 5 18 6 16 11 1 17 15 20 
student 581: 16 7 14 13 2 15 1 12 11 17 18 10 6 19 3 4 9 5 8 20 
student 582: 9 8 6 12 5 13 3 16 11 14 10 7 15 4 2 19 1 20 17 18 
student 583: 19 8 4 16 9 12 1 2 7 3 10 6 14 11 5 18 13 15 20 17 
student 584: 12 14 1 4 5 19 16 6 13 2 18 11 10 20 7 15 9 3 8 17 
student 585: 8 19 1 17 3 14 13 16 5 18 10 4 12 6 2 9 7 11 20 15 
student 586: 12 5 17 7 2 11 10 4 18 20 9 16 8 14 1 19 6 13 3 15 
student 587: 20 12 2 19 17 8 15 3 9 1 14 11 13 10 4 18 6 5 7 16 
student 588: 5 17 4 6 14 7 19 12 18 10 3 8 9 20 2 13 11 1 15 16 
student 589: 10 3 13 16 5 20 15 12 7 18 11 1 17 19 9 8 2 4 6 14 
student 590: 12 4 9 20 5 15 16 17 13 19 7 11 18 6 2 14 1 8 10 3 
student 591: 9 6 15 12 8 20 10 11 7 16 17 4 19 14 1 2 3 5 18 13 
student 592: 9 13 3 18 12 6 4 8 7 16 5 10 17 20 1 14 2 11 19 15 
student 593: 9 3 2 18 13 17 6 1 10 15 4 7 12 16 14 20 8 5 11 19 
student 594: 15 8 6 13 10 11 16 1 18 19 9 2 12 3 4 20 7 5 17 14 
student 595: 1 13 2 7 3 11 15 10 6 17 8 9 20 4 18 5 14 12 16 19 
student 596: 9 8 3 13 4 19 20 5 7 10 6 15 12 18 14 17 2 11 16 1 
student 597: 12 8 19 7 2 15 4 1 18 20 10 14 17 5 9 13 3 6 11 16 
student 598: 2 4 5 16 1 17 18 3 10 7 8 15 11 13 6 19 9 12 20 14 
student 599: 4 5 3 17 13 19 20 8 10 7 11 9 12 15 1 18 6 14 2 16 
student 600: 8 14 1 16 7 20 4 6 12 18 17 10 9 3 5 19 2 13 15 11 
student 601: 3 11 4 2 5 15 10 8 17 14 16 6 9 18 1 20 19 12 13 7 
student 602: 15 20 14 4 7 19 11 6 12 13 18 5 9 3 1 17 8 2 10 16 
student 603: 8 9 18 2 1 7 17 3 16 13 19 20 10 11 15 14 5 4 12 6 
student 604: 5 18 4 19 2 14 9 6 12 7 15 10 20 16 1 13 11 3 8 17 
student 605: 10 9 1 4 18 16 17 8 2 19 6 7 13 15 20 5 3 12 14 11 
student 606: 12 2 1 6 11 19 7 13 8 5 17 18 10 3 14 16 4 9 15 20 
student 607: 16 7 6 20 2 4 18 11 10 19 12 5 17 9 14 8 15 3 1 13 
student 608: 10 15 3 11 9 1 7 14 17 13 19 5 8 6 2 16 4 12 20 18 
student 609: 12 20 3 10 5 11 18 1 8 9 19 7 15 2 6 16 4 13 14 17 
student 610: 7 10 6 16 14 3 9 4 5 18 8 19 13 20 1 17 12 2 15 11 
student 611: 13 11 6 8 5 19 15 2 1 9 4 14 17 10 3 12 20 16 18 7 
student 612: 3 8 18 2 10 11 4 5 1 16 13 9 15 12 6 7 17 19 14 20 
student 613: 15 3 18 1 5 11 19 12 16 13 9 10 4 7 6 20 2 8 17 14 
student 614: 15 9 5 14 2 16 10 1 11 6 8 12 13 7 17 19 20 4 3 18 
student 615: 6 17 11 8 2 12 16 13 20 3 18 5 19 14 1 15 7 4 10 9 
student 616: 11 3 9 13 15 4 10 5 6 16 12 7 20 14 18 8 1 2 17 19 
student 617: 7 16 8 3 18 6 12 17 15 9 13 2 10 14 11 4 5 1 20 19 
student 618: 7 9 13 15 3 18 6 1 4 16 11 5 17 19 12 14 8 10 2 20 
student 619: 19 9 5 1 12 4 6 2 17 8 14 15 20 16 7 10 3 11 18 13 
student 620: 10 13 9 17 5 7 11 8 16 3 1 2 4 6 20 19 14 12 15 18 
student 621: 13 1 12 8 3 9 6 16 19 2 18 7 14 11 15 10 4 5 17 20 
student 622: 14 1 7 9 19 13 8 10 4 2 5 6 11 20 12 15 16 3 18 17 
student 623: 11 13 5 15 2 12 7 4 18 6 14 1 19 9 8 20 16 10 17 3 
student 624: 6 10 5 7 12 14 11 1 2 16 13 19 3 9 15 17 20 8 4 18 
student 625: 3 15 4 17 5 11 10 7 12 6 1 18 9 13 2 20 16 8 19 14 
student 626: 1 10 5 19 8 9 4 3 18 13 17 11 15 14 6 7 2 12 16 20 
student 627: 5 3 7 15 1 12 9 20 14 11 4 8 6 10 2 19 17 13 18 16 
student 628: 3 17 4 7 8 16 9 12 6 20 5 13 19 15 2 18 10 1 14 11 
student 629: 16 1 12 2 13 18 15 11 6 10 3 5 20 7 19 8 14 9 4 17 
student 630: 2 14 9 17 5 15 10 3 13 20 6 1 19 11 7 4 16 8 12 18 
student 631: 11 15 4 8 7 1 5 13 12 17 14 20 19 6 9 16 18 3 2 10 
student 632: 19 11 2 5 1 3 9 6 10 7 14 20 17 16 13 12 8 4 18 15 
student 633: 19 5 2 14 13 4 10 6 7 8 1 3 20 17 9 12 16 15 11 18 
student 634: 4 5 7 12 14 1 17 20 16 9 10 8 11 18 3 19 2 13 6 15 
student 635: 4 10 19 14 11 5 3 2 9 8 16 7 13 1 6 15 18 12 20 17 
student 636: 8 9 15 3 2 5 18 4 16 14 1 13 19 12 6 10 20 7 17 11 
student 637: 7 17 2 19 13 6 8 4 10 18 16 20 11 14 9 3 12 5 1 15 
student 638: 5 7 14 10 2 18 12 4 8 19 9 11 17 6 3 20 16 1 13 15 
student 639: 16 15 2 13 4 17 6 7 14 10 3 9 20 12 11 5 1 8 19 18 
student 640: 11 14 8 3 1 18 7 2 19 16 17 4 10 6 12 20 9 15 5 13 
student 641: 15 4 9 16 3 2 17 1 13 14 12 10 20 11 19 18 5 6 7 8 
student 642: 2 14 3 1 8 17 11 7 13 5 4 19 6 12 10 16 18 15 20 9 
student 643: 18 3 6 20 8 13 16 2 11 9 7 14 19 15 1 12 5 4 10 17 
student 644: 4 16 8 12 18 15 14 6 5 10 7 9 13 2 1 11 3 17 19 20 
student 645: 4 15 8 17 6 3 19 5 20 13 18 1 11 10 2 14 12 9 7 16 
student 646: 11 12 18 19 9 4 2 3 13 6 10 8 14 16 1 7 20 15 5 17 
student 647: 15 5 6 18 4 2 10 9 3 17 7 11 12 8 13 14 1 20 16 19 
student 648: 18 5 14 13 11 9 12 6 20 2 10 8 19 4 3 16 15 17 7 1 
student 649: 12 5 6 17 1 18 2 3 4 19 7 14 10 8 16 11 13 9 20 15 
student 650: 9 10 3 2 7 15 6 13 4 1 16 8 20 19 18 14 12 17 5 11 
student 651: 5 20 11 9 18 6 10 8 13 14 2 7 16 15 3 1 19 4 12 17 
student 652: 2 1 14 19 10 4 7 8 18 15 12 5 6 20 16 17 3 9 11 13 
student 653: 10 12 15 6 2 8 17 1 18 7 5 20 14 13 4 16 9 3 11 19 
student 654: 6 19 1 10 3 13 2 14 20 15 5 11 16 4 18 17 9 7 12 8 
student 655: 4 2 1 3 7 15 18 5 16 8 6 14 13 20 12 11 10 9 17 19 
student 656: 6 5 2 12 3 20 14 8 19 17 4 1 7 10 16 15 13 9 11 18 
student 657: 9 15 18 19 5 16 12 3 14 2 4 6 20 8 1 13 10 7 17 11 
student 658: 14 17 6 7 8 15 4 5 19 3 1 18 9 12 2 10 13 11 20 16 
student 659: 6 16 2 9 11 19 4 1 18 3 7 12 10 13 15 20 14 17 8 5 
student 660: 4 7 1 16 6 13 20 3 10 12 11 2 14 18 5 17 19 8 15 9 
student 661: 7 11 16 15 6 8 5 4 19 18 13 10 2 20 3 14 9 1 12 17 
student 662: 5 1 20 9 3 17 6 2 16 14 13 7 4 15 12 18 10 8 11 19 
student 663: 2 7 18 17 6 4 11 1 8 12 15 10 19 14 5 13 9 3 20 16 
student 664: 5 1 3 6 19 14 12 2 10 11 4 17 18 9 15 16 7 8 20 13 
student 665: 6 2 9 15 5 19 10 7 11 18 12 8 13 16 1 14 3 17 4 20 
student 666: 1 18 2 20 3 14 8 19 10 9 16 13 11 4 12 17 15 5 7 6 
student 667: 7 8 11 6 5 18 1 16 10 15 14 19 4 12 3 13 17 9 2 20 
student 668: 6 5 15 7 20 14 8 1 11 17 9 12 16 2 3 13 10 4 18 19 
student 669: 2 4 8 3 7 16 1 9 14 17 13 10 18 11 5 20 6 12 15 19 
student 670: 2 11 14 4 6 10 20 18 7 12 17 15 13 3 9 8 16 1 19 5 
student 671: 13 5 15 7 2 12 9 4 20 18 8 10 14 17 1 3 19 6 16 11 
student 672: 10 3 1 12 2 11 9 5 18 17 14 6 15 4 8 16 7 19 13 20 
student 673: 16 12 1 11 10 4 9 18 17 20 8 5 19 6 2 13 15 7 3 14 
student 674: 2 7 12 3 11 1 16 5 18 10 8 20 6 9 13 17 4 19 14 15 
student 675: 5 19 12 18 20 16 14 13 6 2 3 1 4 9 7 11 15 8 10 17 
student 676: 5 10 3 16 17 9 15 8 20 12 4 2 13 14 1 7 18 6 11 19 
student 677: 14 11 3 8 1 13 6 9 16 15 4 10 19 18 2 5 12 20 7 17 
student 678: 2 5 1 11 14 16 13 12 19 18 10 6 17 7 3 15 8 9 4 20 
student 679: 7 8 4 15 13 19 17 3 9 16 14 2 20 18 5 1 10 6 12 11 
student 680: 3 15 4 5 8 20 17 18 1 14 13 19 12 9 7 6 2 11 16 10 
student 681: 5 10 1 20 2 15 16 7 11 17 19 6 18 13 9 4 8 3 14 12 
student 682: 6 9 10 15 11 17 1 4 18 3 13 2 14 7 5 20 19 8 12 16 
student 683: 2 8 4 19 1 20 16 3 15 9 12 10 18 7 14 11 13 6 17 5 
student 684: 17 5 3 12 20 6 9 7 14 2 8 1 19 11 13 16 4 10 15 18 
student 685: 1 5 20 18 6 9 8 2 10 12 4 3 19 11 15 17 14 7 13 16 
student 686: 20 2 10 4 5 19 1 11 12 15 17 13 14 18 3 8 9 6 16 7 
student 687: 4 1 19 11 5 16 18 12 15 17 8 2 20 13 3 10 9 7 14 6 
student 688: 11 2 16 13 5 9 10 15 8 17 7 4 20 19 14 18 6 1 12 3 
student 689: 10 5 3 7 16 6 11 15 17 12 19 4 20 2 13 14 1 8 18 9 
student 690: 4 6 9 10 2 15 1 3 7 17 13 11 18 14 5 12 19 8 20 16 
student 691: 3 16 8 20 2 6 12 9 13 15 4 10 18 11 7 19 14 1 17 5 
student 692: 10 14 19 13 4 20 6 11 12 15 17 3 2 8 1 7 9 5 16 18 
student 693: 19 3 13 6 2 9 5 14 15 11 16 17 1 7 18 8 4 20 10 12 
student 694: 10 17 4 7 8 16 12 6 13 2 19 15 18 20 11 5 9 1 14 3 
student 695: 16 10 12 20 1 15 14 3 8 18 9 4 6 13 2 11 5 7 17 19 
student 696: 17 10 3 16 11 12 15 5 14 1 4 20 9 8 6 13 19 2 7 18 
student 697: 1 10 4 3 2 13 15 17 6 5 19 11 18 7 8 20 12 16 9 14 
student 698: 6 1 11 8 4 5 9 7 13 20 10 19 2 14 15 3 18 12 17 16 
student 699: 7 11 9 12 5 15 14 8 6 20 4 2 18 10 1 19 16 13 17 3 
student 700: 8 17 3 5 1 18 9 6 19 20 2 10 12 11 13 16 4 14 15 7 
student 701: 15 17 16 12 13 4 9 11 14 1 7 8 5 10 6 20 18 3 2 19 
student 702: 3 14 16 11 17 12 8 1 20 19 10 15 13 6 5 18 4 2 9 7 
student 703: 19 3 4 14 1 2 9 5 7 8 6 15 12 16 10 20 17 13 18 11 
student 704: 1 10 3 12 5 8 7 6 20 11 17 2 15 19 16 13 14 9 18 4 
student 705: 6 14 7 18 10 11 16 4 9 19 8 5 15 20 3 1 13 2 17 12 
student 706: 1 6 17 8 4 20 7 5 3 14 13 9 18 10 19 16 12 2 11 15 
student 707: 20 11 2 1 5 14 6 4 16 12 9 13 3 15 10 8 7 17 19 18 
student 708: 1 14 5 2 11 15 19 3 12 6 17 8 16 7 4 18 9 10 13 20 
student 709: 7 15 12 4 17 13 9 8 6 11 20 2 18 19 5 14 3 1 16 10 
student 710: 1 14 11 9 6 15 13 3 8 10 4 5 16 2 17 12 18 7 20 19 
student 711: 2 15 13 4 9 6 17 7 20 19 11 14 16 1 5 10 18 12 8 3 
student 712: 16 18 1 14 2 20 9 8 17 6 19 13 5 11 3 15 10 4 12 7 
student 713: 10 13 2 18 1 12 8 3 6 11 5 15 20 16 7 19 14 4 17 9 
student 714: 5 12 18 8 4 9 15 1 14 11 7 2 6 17 3 10 20 16 13 19 
student 715: 2 6 1 5 8 10 11 14 12 17 13 18 19 9 4 16 3 15 7 20 
student 716: 19 4 7 17 3 14 9 15 16 5 6 18 20 12 8 2 11 13 10 1 
student 717: 17 12 9 13 3 19 4 18 20 16 11 5 14 8 7 10 2 1 15 6 
student 718: 15 8 4 14 10 11 7 1 19 20 9 2 18 6 16 17 3 5 12 13 
student 719: 8 15 5 1 12 20 18 4 19 13 9 14 11 7 2 16 6 3 10 17 
student 720: 14 1 3 16 10 20 13 6 17 18 11 4 12 9 7 19 5 2 15 8 
student 721: 2 20 10 8 9 16 7 11 13 14 1 5 17 19 4 18 6 12 15 3 
student 722: 1 6 9 14 7 15 18 8 2 13 3 20 17 5 4 12 10 11 19 16 
student 723: 14 8 7 1 19 20 15 2 16 9 4 6 17 12 18 13 10 5 11 3 
student 724: 9 7 6 16 10 15 13 3 5 14 2 11 12 18 8 17 4 1 20 19 
student 725: 2 5 13 7 8 19 14 6 15 1 9 10 20 16 4 17 12 3 11 18 
student 726: 6 19 12 18 16 7 10 17 11 1 4 14 13 3 9 15 2 8 5 20 
student 727: 7 2 3 9 11 17 15 6 10 19 13 8 20 16 1 14 4 5 12 18 
student 728: 12 6 4 13 3 15 14 7 18 2 9 1 20 10 5 17 11 8 16 19 
student 729: 6 14 5 18 12 19 20 8 3 9 2 13 15 17 1 11 7 16 4 10 
student 730: 7 5 11 3 2 15 14 17 20 10 13 8 19 4 1 16 6 12 9 18 
student 731: 3 11 12 5 10 1 7 9 8 19 16 4 6 18 2 15 13 20 17 14 
student 732: 3 4 12 6 7 1 14 13 8 17 9 18 15 10 5 19 16 2 11 20 
student 733: 4 14 17 13 1 16 3 9 20 6 5 10 18 8 7 15 2 11 19 12 
student 734: 12 2 6 15 10 4 13 20 3 1 18 5 7 11 9 14 8 16 17 19 
student 735: 12 14 6 2 1 20 3 17 7 16 15 4 11 13 5 19 9 18 8 10 
student 736: 15 11 10 17 5 9 7 1 12 16 13 14 3 6 20 8 2 18 19 4 
student 737: 5 6 19 11 17 2 3 16 9 14 10 7 15 8 12 18 13 1 4 20 
student 738: 7 15 8 6 2 18 10 1 5 20 16 3 14 19 13 17 9 11 12 4 
student 739: 5 9 1 7 8 4 16 6 20 11 3 2 18 17 13 19 14 10 12 15 
student 740: 7 20 4 6 11 13 17 1 12 5 15 8 19 9 3 2 16 18 10 14 
student 741: 20 13 3 15 12 10 4 7 6 18 17 9 16 14 2 19 1 5 8 11 
student 742: 19 3 15 18 1 12 20 8 10 5 11 4 16 9 6 13 7 2 17 14 
student 743: 1 17 2 14 3 5 11 18 13 7 20 12 16 19 6 9 8 4 15 10 
student 744: 16 3 1 18 19 12 2 5 9 13 15 8 14 10 4 7 11 6 20 17 
student 745: 15 5 17 1 6 2 14 8 13 16 4 19 9 11 3 10 18 7 12 20 
student 746: 13 2 9 3 6 8 17 19 20 10 14 4 15 12 7 16 11 5 18 1 
student 747: 11 15 5 18 3 16 1 8 2 20 4 9 19 6 10 7 17 12 14 13 
student 748: 15 10 11 2 3 9 8 4 18 5 17 1 14 6 13 16 20 19 12 7 
student 749: 1 20 5 11 7 17 12 6 16 15 2 10 8 14 3 13 4 9 19 18 
student 750: 6 18 14 13 1 12 11 4 8 7 10 20 5 19 9 15 3 16 17 2 
student 751: 3 2 14 13 11 12 17 5 18 6 9 7 8 20 4 19 10 1 15 16 
student 752: 2 1 5 3 14 20 7 9 15 12 19 11 17 13 10 18 4 8 16 6 
student 753: 8 15 1 18 2 5 7 3 6 16 10 20 12 14 9 11 13 4 17 19 
student 754: 10 6 8 13 9 5 14 12 7 3 18 4 19 16 17 15 1 11 2 20 
student 755: 5 4 16 7 9 12 2 3 11 6 17 1 14 10 15 18 13 20 8 19 
student 756: 3 6 11 17 13 15 16 12 8 5 2 4 19 14 10 9 1 18 20 7 
student 757: 10 15 5 9 3 7 6 2 14 1 18 8 19 12 13 16 17 4 20 11 
student 758: 9 14 13 4 5 20 17 1 16 15 12 8 18 2 10 3 11 6 7 19 
student 759: 5 19 2 8 1 14 7 4 18 11 10 15 6 20 3 12 17 16 9 13 
student 760: 12 2 13 20 11 9 16 8 15 7 14 4 19 5 3 18 17 1 10 6 
student 761: 1 10 15 6 4 14 8 3 19 16 5 13 20 7 12 18 2 9 11 17 
student 762: 10 15 19 17 3 14 7 11 4 8 5 16 9 20 1 13 18 2 6 12 
student 763: 3 5 10 17 12 9 4 6 11 18 19 16 15 13 2 20 1 8 7 14 
student 764: 2 18 16 10 5 8 11 1 6 20 4 12 17 14 7 13 15 3 9 19 
student 765: 17 8 12 13 16 20 18 11 15 9 3 1 19 6 5 14 2 7 4 10 
student 766: 7 12 15 2 14 4 1 18 20 6 8 10 11 9 3 5 13 17 19 16 
student 767: 4 19 7 3 13 9 6 1 17 18 5 10 12 15 8 14 16 11 2 20 
student 768: 7 1 18 8 4 19 2 6 20 17 10 16 9 13 3 11 14 15 12 5 
student 769: 20 13 10 17 5 15 12 1 16 11 3 8 18 4 2 19 14 7 6 9 
student 770: 6 3 1 17 4 18 14 9 20 12 7 5 19 16 2 8 15 10 11 13 
student 771: 16 4 3 8 5 15 6 10 9 20 13 17 14 18 1 12 2 7 11 19 
student 772: 1 12 6 19 16 15 18 3 17 13 7 5 14 10 2 4 8 20 9 11 
student 773: 16 3 6 11 2 19 1 4 14 8 18 5 7 12 9 10 17 15 13 20 
student 774: 3 14 12 4 15 19 18 13 2 16 7 11 20 8 5 6 1 9 17 10 
student 775: 19 5 12 13 2 7 18 3 4 11 8 9 16 10 1 17 14 6 15 20 
student 776: 14 5 6 16 8 15 19 2 18 17 20 3 13 1 9 10 11 12 7 4 
student 777: 7 12 3 15 4 11 17 2 6 5 10 13 18 19 1 16 8 9 20 14 
student 778: 5 2 1 16 19 12 9 13 6 20 7 14 11 15 10 8 18 4 3 17 
student 779: 8 1 3 18 17 16 13 10 20 6 14 7 9 19 5 12 2 15 4 11 
student 780: 7 9 5 16 14 8 15 10 1 12 2 17 3 11 6 18 19 4 20 13 
student 781: 10 11 6 9 2 18 20 3 7 8 5 4 14 16 1 19 13 12 15 17 
student 782: 3 4 10 11 20 8 6 2 18 16 13 14 15 19 5 9 17 7 1 12 
student 783: 6 17 8 15 18 12 7 10 14 20 13 2 19 5 3 11 4 9 1 16 
student 784: 13 7 11 10 3 15 2 9 17 8 12 14 16 5 4 20 1 6 19 18 
student 785: 16 8 19 9 5 10 3 11 6 18 7 15 20 2 1 4 17 13 12 14 
student 786: 3 8 15 12 18 19 9 6 20 11 1 7 14 17 2 16 5 10 4 13 
student 787: 14 15 1 10 2 19 8 4 11 17 5 12 20 13 3 16 7 6 9 18 
student 788: 13 17 9 18 11 1 5 6 14 2 3 8 10 20 4 15 7 19 12 16 
student 789: 3 12 9 13 6 18 8 5 10 14 11 16 17 15 7 20 2 4 1 19 
student 790: 16 11 12 15 10 4 13 2 18 5 19 7 17 3 8 20 14 9 1 6 
student 791: 3 7 9 13 8 11 18 10 12 15 16 1 5 17 6 20 2 4 19 14 
student 792: 16 1 9 11 12 15 5 4 17 8 10 3 20 7 6 13 18 2 19 14 
student 793: 5 9 7 20 15 18 16 8 13 19 3 4 10 2 1 12 11 14 17 6 
student 794: 6 19 5 10 1 17 3 2 13 9 4 20 15 12 11 18 8 7 16 14 
student 795: 7 16 5 11 10 19 20 4 13 17 1 15 12 14 8 2 3 6 9 18 
student 796: 12 3 18 8 6 17 15 14 10 13 2 20 11 1 19 16 9 4 7 5 
student 797: 17 11 7 15 6 18 20 5 1 16 9 3 2 14 12 8 4 10 13 19 
student 798: 13 2 5 12 19 16 7 11 18 4 20 1 17 3 10 8 14 9 6 15 
student 799: 10 9 8 15 3 18 6 14 13 4 7 16 20 11 2 17 5 19 1 12 
