student 0: 2 16 4 1 3 19 15 5 14 10 9 11 20 17 6 13 12 18 7 8 
student 1: 4 20 14 9 2 13 17 10 11 18 5 8 1 12 6 16 19 3 15 7 
student 2: 18 16 8 3 9 11 19 12 7 13 2 10 4 6 15 5 14 20 17 1 
student 3: 17 18 13 12 2 10 16 1 15 6 8 3 5 11 19 7 20 14 4 9 
student 4: 17 3 11 7 2 19 15 12 18 4 13 5 1 16 6 10 14 9 20 8 
student 5: 1 19 2 10 12 9 5 3 11 15 17 7 4 6 14 18 8 20 16 13 
student 6: 15 17 18 7 16 20 19 10 9 5 13 4 11 3 8 6 12 2 14 1 
student 7: 16 8 17 3 5 19 15 4 20 13 12 9 2 18 11 10 6 14 1 7 
student 8: 9 20 14 15 16 10 17 11 19 7 12 3 6 2 18 4 8 13 5 1 
student 9: 1 16 20 4 6 11 8 9 17 5 7 10 18 15 12 3 13 14 19 2 
student 10: 8 12 19 17 4 20 6 7 18 11 3 1 2 14 15 16 13 10 5 9 
student 11: 1 17 16 2 15 3 10 6 14 12 13 8 7 5 19 11 20 9 4 18 
student 12: 14 7 20 4 8 3 17 10 16 19 11 13 5 2 15 1 18 9 12 6 
student 13: 5 2 19 15 20 12 11 6 10 17 8 13 9 16 18 3 1 14 4 7 
student 14: 5 11 15 1 6 17 16 10 7 20 2 9 13 12 18 19 8 14 4 3 
student 15: 9 12 18 16 14 11 15 2 8 3 1 20 5 4 7 17 19 10 6 13 
student 16: 3 12 15 13 5 18 20 2 11 1 6 4 9 10 19 14 16 17 7 8 
student 17: 18 9 16 4 13 17 14 3 20 10 11 6 1 19 7 8 12 15 5 2 
student 18: 4 11 20 5 8 14 6 2 18 12 7 16 3 9 10 13 19 17 15 1 
student 19: 7 6 14 9 13 20 4 1 3 12 15 16 11 2 8 5 10 17 19 18 
student 20: 14 10 16 19 5 8 17 4 13 20 2 9 12 11 3 7 18 15 6 1 
student 21: 16 6 13 19 7 17 20 12 8 15 9 1 2 3 11 5 4 10 14 18 
student 22: 14 20 6 2 11 18 12 13 9 15 4 17 5 8 16 1 19 3 10 7 
student 23: 8 20 2 7 10 19 17 3 13 5 4 9 1 18 14 15 16 12 11 6 
student 24: 1 20 18 19 11 5 8 2 12 14 16 13 7 15 17 10 9 4 6 3 
student 25: 11 18 8 3 4 19 17 6 7 16 13 5 9 2 10 15 14 20 12 1 
student 26: 8 17 6 12 20 11 19 4 16 2 9 10 7 1 14 13 3 18 5 15 
student 27: 5 17 6 14 20 16 18 2 15 8 9 4 1 3 13 12 19 7 10 11 
student 28: 9 17 18 12 8 5 16 19 14 13 10 3 15 1 20 7 2 6 4 11 
student 29: 7 3 13 11 5 6 19 12 20 18 14 2 4 10 15 16 17 8 1 9 
student 30: 3 6 14 16 15 17 20 8 10 18 13 11 5 4 2 9 19 7 12 1 
student 31: 8 7 11 9 20 18 19 15 16 6 5 10 1 4 13 14 17 12 2 3 
student 32: 20 18 13 5 2 16 8 4 19 3 7 12 1 14 15 9 17 6 10 11 
student 33: 7 13 18 2 11 16 20 9 4 8 1 10 6 19 3 14 12 17 15 5 
student 34: 13 12 11 10 19 17 5 15 1 7 2 9 4 18 6 3 16 8 20 14 
student 35: 10 9 14 3 11 15 5 4 2 6 1 20 7 8 17 12 16 18 19 13 
student 36: 8 10 14 11 3 18 5 19 13 6 17 2 4 1 9 16 20 15 7 12 
student 37: 17 7 11 8 13 1 9 4 18 2 19 6 5 12 20 10 15 16 14 3 
student 38: 4 1 15 9 2 8 19 3 13 14 6 7 16 5 18 17 20 12 10 11 
student 39: 5 12 9 8 17 16 19 6 20 15 1 3 2 14 18 11 10 7 13 4 
student 40: 11 2 10 14 3 9 17 15 20 13 6 12 7 4 18 19 5 16 8 1 
student 41: 15 7 11 8 17 12 13 3 2 9 5 4 1 16 18 14 10 19 6 20 
student 42: 3 1 19 18 7 20 16 6 10 13 2 12 9 11 5 15 8 17 4 14 
student 43: 14 19 18 6 10 11 20 8 4 13 17 12 2 1 9 3 16 7 15 5 
student 44: 8 7 11 10 3 12 17 1 6 19 9 2 5 18 15 20 14 16 13 4 
student 45: 2 9 7 5 8 6 12 16 20 1 19 4 11 3 17 10 14 13 15 18 
student 46: 5 10 11 13 9 16 14 15 17 18 7 12 4 8 19 3 20 2 1 6 
student 47: 19 1 5 10 4 13 9 18 20 6 3 16 7 2 15 17 11 12 8 14 
student 48: 15 2 10 9 6 20 14 11 4 3 13 1 7 12 17 19 18 8 5 16 
student 49: 8 4 19 14 13 18 15 3 7 6 11 1 5 9 12 2 17 20 10 16 
student 50: 7 6 19 3 2 16 14 10 4 17 5 18 11 20 13 1 15 9 12 8 
student 51: 3 18 13 14 6 11 12 20 9 16 5 1 2 7 17 8 19 15 10 4 
student 52: 3 6 17 12 19 11 20 9 18 16 15 2 5 13 14 10 8 7 4 1 
student 53: 18 3 13 5 6 14 11 4 1 2 17 7 19 15 8 10 12 20 16 9 
student 54: 11 7 16 17 10 14 15 4 19 3 2 6 5 8 20 9 12 13 18 1 
student 55: 10 13 9 2 12 18 14 17 19 6 1 5 7 11 16 3 8 20 4 15 
student 56: 15 16 17 11 13 14 19 12 20 6 10 3 7 18 4 9 5 2 1 8 
student 57: 13 11 8 6 5 18 7 10 2 20 12 4 3 15 16 9 17 19 14 1 
student 58: 11 1 10 20 6 19 12 14 15 4 18 9 7 2 16 8 3 13 5 17 
student 59: 19 10 4 20 17 11 16 9 14 6 7 5 12 13 18 3 8 15 2 1 
student 60: 6 14 17 18 19 4 10 7 20 1 2 8 11 13 15 16 9 12 5 3 
student 61: 15 11 14 17 10 18 7 9 19 8 13 12 6 5 2 3 16 20 4 1 
student 62: 6 5 16 2 3 14 13 1 17 4 7 12 11 15 18 19 8 9 20 10 
student 63: 4 20 9 5 8 14 18 3 7 17 11 13 15 2 10 12 16 6 1 19 
student 64: 14 8 16 19 3 10 18 9 7 12 2 4 1 11 20 17 13 5 6 15 
student 65: 9 11 18 7 8 19 17 16 12 3 20 5 1 6 14 2 15 4 13 10 
student 66: 5 7 6 1 8 16 19 2 20 13 9 18 3 12 10 14 15 11 17 4 
student 67: 20 11 18 19 14 5 12 3 17 6 16 2 7 8 13 1 9 10 15 4 
student 68: 15 9 10 18 14 11 16 17 19 8 2 5 7 1 20 3 13 6 12 4 
student 69: 12 18 19 11 15 3 9 14 17 6 1 10 2 13 8 4 16 20 5 7 
student 70: 18 17 2 1 19 10 16 5 8 14 12 7 3 15 9 6 11 13 4 20 
student 71: 8 10 14 9 19 2 20 3 15 18 11 17 4 6 13 7 1 12 16 5 
student 72: 11 15 20 2 7 19 13 4 18 17 10 6 5 8 1 16 9 12 14 3 
student 73: 1 12 18 15 4 8 16 13 20 7 3 2 6 5 19 17 11 10 9 14 
student 74: 13 17 14 4 10 8 12 11 19 9 5 2 3 6 16 15 1 20 18 7 
student 75: 13 5 2 6 9 14 17 11 4 19 12 7 16 10 15 3 18 20 8 1 
student 76: 5 2 1 15 6 20 18 9 11 12 10 8 3 19 4 16 13 17 7 14 
student 77: 5 19 15 18 1 17 6 11 3 9 10 4 2 8 12 14 20 7 16 13 
student 78: 11 15 1 6 2 20 4 8 12 19 5 10 3 16 17 9 14 7 18 13 
student 79: 4 15 8 19 20 5 16 2 13 18 3 6 1 11 17 12 9 10 7 14 
student 80: 13 10 6 20 4 15 16 2 1 9 12 7 14 18 17 5 19 11 8 3 
student 81: 11 12 1 17 3 20 19 14 5 15 16 13 7 4 9 8 2 18 6 10 
student 82: 14 12 20 16 2 10 13 4 9 8 7 3 15 1 19 11 18 17 5 6 
student 83: 20 18 7 5 1 11 17 3 19 9 10 6 13 4 16 2 8 15 12 14 
student 84: 16 15 5 6 9 1 17 3 4 7 2 18 11 12 20 8 14 19 13 10 
student 85: 12 7 9 6 2 17 15 3 10 1 19 18 11 4 14 8 20 16 13 5 
student 86: 17 11 5 9 6 19 3 18 16 8 10 13 12 2 20 4 14 7 15 1 
student 87: 20 15 9 14 1 19 13 11 17 12 18 8 2 10 16 3 5 4 6 7 
student 88: 19 16 13 1 11 2 7 3 12 10 5 6 8 4 20 18 9 17 14 15 
student 89: 1 17 6 15 4 14 19 11 13 20 7 3 18 2 10 16 12 9 5 8 
student 90: 2 8 5 11 3 19 7 1 20 18 9 15 4 6 14 12 16 17 10 13 
student 91: 18 19 8 16 3 12 6 10 15 1 11 5 14 4 2 17 13 9 20 7 
student 92: 5 19 15 14 1 16 18 4 3 6 17 13 10 2 9 12 8 11 7 20 
student 93: 11 5 7 8 9 20 19 3 10 13 15 12 16 18 17 4 6 2 1 14 
student 94: 9 17 14 15 8 4 10 7 5 16 18 11 2 19 20 12 1 6 3 13 
student 95: 3 20 4 11 19 13 16 5 15 18 14 8 7 12 10 9 6 17 2 1 
student 96: 17 8 7 2 3 20 14 9 19 6 4 15 11 16 13 1 18 12 10 5 
student 97: 15 8 14 17 10 16 5 6 13 1 20 9 7 3 18 4 19 12 11 2 
student 98: 10 19 17 4 12 20 18 14 7 6 1 15 8 16 2 9 5 3 13 11 
student 99: 16 19 6 5 8 18 11 14 17 7 12 9 2 10 3 15 4 20 13 1 
student 100: 12 2 5 20 19 3 8 10 1 15 6 13 4 11 16 17 14 9 18 7 
student 101: 16 3 19 7 10 11 20 4 6 1 5 2 13 14 17 15 9 18 12 8 
student 102: 1 2 19 18 15 14 9 8 17 6 11 7 16 13 20 4 12 5 10 3 
student 103: 10 12 19 17 1 4 14 3 11 7 6 9 5 13 20 16 15 18 2 8 
student 104: 2 11 1 7 17 13 6 3 20 5 8 10 12 9 18 4 15 16 19 14 
student 105: 5 18 19 7 9 14 8 6 4 11 13 12 2 17 3 15 16 20 10 1 
student 106: 5 7 14 1 3 17 12 19 20 2 10 15 9 6 18 16 13 8 11 4 
student 107: 2 18 19 5 8 4 12 13 17 7 15 11 6 9 20 3 14 16 1 10 
student 108: 4 20 7 5 10 1 18 8 13 12 11 15 3 14 19 17 9 6 16 2 
student 109: 6 8 4 11 13 5 18 14 7 15 10 20 9 1 16 3 17 12 19 2 
student 110: 10 2 6 1 14 16 18 5 12 9 15 3 8 20 19 13 17 11 4 7 
student 111: 8 9 7 14 20 12 18 2 13 4 15 16 3 10 17 19 1 11 6 5 
student 112: 11 16 15 12 4 20 13 2 17 7 5 6 1 3 10 19 18 9 8 14 
student 113: 7 8 5 14 3 6 15 1 20 9 16 4 10 11 19 12 18 17 2 13 
student 114: 14 15 17 2 12 7 10 13 1 8 4 19 3 6 18 9 20 5 11 16 
student 115: 7 9 8 15 16 5 19 13 14 18 2 6 3 12 17 20 11 1 10 4 
student 116: 12 7 10 18 9 3 6 1 17 19 14 15 11 4 20 16 13 5 8 2 
student 117: 3 10 11 9 16 5 7 12 19 6 18 14 8 4 20 13 15 17 2 1 
student 118: 6 14 18 15 1 11 20 4 9 8 2 7 13 16 19 10 12 17 5 3 
student 119: 18 7 13 10 1 15 5 3 20 8 6 11 2 14 19 17 16 4 12 9 
student 120: 13 20 15 5 3 11 2 19 17 10 14 1 4 9 6 12 18 7 16 8 
student 121: 7 19 1 2 14 16 12 4 8 17 10 3 13 11 20 9 15 18 6 5 
student 122: 9 17 15 10 2 20 3 6 12 19 13 8 5 14 16 7 4 11 18 1 
student 123: 1 14 4 16 12 19 11 7 17 5 15 3 2 13 18 8 10 20 6 9 
student 124: 5 10 17 4 3 20 19 6 16 14 2 7 15 13 9 12 11 18 8 1 
student 125: 10 16 9 18 5 14 6 15 19 8 13 1 2 11 20 12 3 17 7 4 
student 126: 7 8 11 15 19 13 16 2 18 1 17 4 9 14 5 6 10 20 12 3 
student 127: 1 15 19 18 13 17 4 5 2 10 14 3 8 20 16 7 12 9 6 11 
student 128: 19 13 1 17 3 7 6 9 10 15 5 4 16 12 11 20 18 8 2 14 
student 129: 6 18 15 17 2 19 16 4 10 3 1 7 8 13 14 9 5 20 11 12 
student 130: 14 2 5 9 16 19 13 7 4 1 17 11 18 12 10 20 15 3 8 6 
student 131: 8 14 17 20 11 13 15 5 2 16 12 10 18 4 1 7 19 9 3 6 
student 132: 1 12 4 14 3 20 9 6 15 18 13 5 8 17 2 19 11 16 10 7 
student 133: 9 13 15 12 14 10 6 8 11 2 16 3 20 17 19 5 18 1 7 4 
student 134: 11 19 14 13 16 5 10 17 6 4 15 8 7 3 18 9 20 12 2 1 
student 135: 8 19 10 17 7 14 20 9 6 11 3 5 1 15 18 16 4 12 2 13 
student 136: 18 14 7 11 5 16 15 8 6 4 2 13 9 12 1 10 20 19 17 3 
student 137: 4 3 1 18 5 19 17 10 20 2 12 6 11 15 14 7 9 13 8 16 
student 138: 7 2 6 5 15 20 19 10 12 9 18 11 1 4 8 16 17 3 14 13 
student 139: 9 15 18 7 2 11 13 4 17 6 14 12 5 10 20 16 3 19 1 8 
student 140: 1 17 11 19 3 15 18 13 14 7 8 5 2 20 12 16 10 4 6 9 
student 141: 15 14 9 11 8 10 20 17 13 6 2 5 7 12 18 16 4 19 1 3 
student 142: 4 18 8 7 17 14 3 2 10 16 20 5 11 6 1 12 15 9 13 19 
student 143: 17 10 19 20 14 16 11 7 3 12 2 5 9 8 18 15 13 1 6 4 
student 144: 8 6 17 16 13 20 1 11 14 12 5 18 4 15 7 10 2 9 19 3 
student 145: 2 10 17 7 1 16 15 11 18 5 12 8 9 13 19 3 20 14 6 4 
student 146: 5 14 9 7 13 16 11 6 20 4 17 19 1 12 18 2 8 15 10 3 
student 147: 15 13 16 5 14 12 10 8 1 6 3 18 11 20 2 17 19 4 9 7 
student 148: 6 14 10 15 18 16 12 3 13 7 20 19 1 2 17 4 9 5 11 8 
student 149: 8 13 6 17 5 20 18 1 16 4 9 11 15 7 14 19 10 12 2 3 
student 150: 7 19 8 1 10 16 4 5 12 3 14 13 2 9 20 18 11 17 15 6 
student 151: 19 14 1 9 5 16 18 12 13 8 3 11 7 17 2 20 15 4 10 6 
student 152: 7 14 15 3 4 20 18 19 5 16 6 12 11 8 13 1 17 9 10 2 
student 153: 20 2 15 17 18 10 13 11 12 5 16 4 19 8 14 1 9 3 7 6 
student 154: 20 13 8 11 9 19 12 6 15 17 4 3 10 18 5 7 16 14 2 1 
student 155: 4 13 18 10 8 15 11 7 14 5 16 1 17 9 3 12 19 20 2 6 
student 156: 13 17 20 11 5 1 12 6 14 18 3 8 7 2 10 16 15 19 4 9 
student 157: 17 14 5 6 9 19 20 12 18 1 2 4 3 8 10 7 11 15 16 13 
student 158: 4 3 15 7 18 19 10 13 17 12 1 9 5 14 20 6 8 16 11 2 
student 159: 3 9 13 14 7 11 16 2 20 4 8 15 17 12 19 10 5 18 6 1 
student 160: 2 10 17 19 4 14 13 6 16 7 1 18 8 3 9 20 11 15 12 5 
student 161: 1 6 15 17 11 5 16 12 13 4 14 3 7 8 10 18 19 20 2 9 
student 162: 2 8 9 15 7 10 4 12 20 6 11 3 1 16 13 18 17 19 14 5 
student 163: 14 19 5 16 3 11 20 1 13 10 12 6 4 17 18 9 7 8 2 15 
student 164: 12 2 18 16 13 20 17 1 8 5 6 9 10 15 19 3 14 7 4 11 
student 165: 1 20 5 17 8 12 11 15 7 13 3 19 4 2 18 9 16 10 14 6 
student 166: 7 3 9 4 11 6 20 1 13 8 17 16 5 2 15 10 14 18 19 12 
student 167: 1 5 3 14 9 8 10 15 13 20 16 7 11 12 17 4 19 2 18 6 
student 168: 3 19 17 12 8 13 14 15 1 16 6 5 4 10 20 2 9 7 11 18 
student 169: 7 6 20 16 9 19 14 1 12 13 15 3 2 10 17 8 11 18 4 5 
student 170: 9 18 5 12 3 19 1 20 17 15 7 2 14 4 16 8 11 10 6 13 
student 171: 9 7 5 19 3 20 16 6 14 11 2 15 8 10 13 1 18 17 12 4 
student 172: 20 4 14 16 1 2 19 11 17 5 13 3 10 6 15 7 8 18 9 12 
student 173: 13 2 11 12 5 4 17 7 20 18 9 10 14 1 8 16 19 3 15 6 
student 174: 1 16 3 14 17 8 20 7 10 9 2 6 5 12 15 11 13 18 19 4 
student 175: 16 8 5 2 4 19 17 7 15 6 18 10 3 14 20 12 13 11 9 1 
student 176: 14 11 5 10 6 15 13 16 12 3 18 2 20 1 4 19 8 17 7 9 
student 177: 14 15 11 19 4 12 9 2 8 13 20 3 1 10 18 6 5 17 16 7 
student 178: 14 11 6 20 8 19 13 3 15 16 4 12 1 5 2 17 18 9 7 10 
student 179: 5 16 9 8 7 14 18 4 20 3 11 6 1 15 13 17 2 12 10 19 
student 180: 9 16 11 2 17 1 13 4 3 15 19 18 5 10 20 12 8 14 7 6 
student 181: 5 19 14 9 3 11 17 7 12 13 18 16 15 8 4 10 2 20 6 1 
student 182: 7 17 9 18 13 1 3 5 6 11 19 8 10 12 15 20 14 16 4 2 
student 183: 12 1 15 7 10 11 17 18 20 8 5 6 19 13 16 9 4 14 3 2 
student 184: 14 16 10 4 11 12 6 7 9 5 17 20 19 2 8 13 15 1 18 3 
student 185: 11 18 2 13 1 8 17 6 14 16 10 15 12 20 3 19 5 7 4 9 
student 186: 11 17 19 14 4 15 12 3 18 5 8 6 2 7 20 10 16 13 1 9 
student 187: 10 7 9 19 15 16 20 12 13 4 5 2 3 1 18 14 11 17 6 8 
student 188: 18 11 10 17 6 20 2 19 8 9 1 7 4 13 12 3 14 16 5 15 
student 189: 9 12 10 11 19 18 20 5 13 6 8 3 14 1 4 16 7 17 2 15 
student 190: 16 17 8 1 9 19 18 5 13 14 10 7 4 20 11 6 12 15 2 3 
student 191: 15 8 19 4 3 11 10 6 9 14 13 5 1 12 2 18 20 17 16 7 
student 192: 11 15 4 10 6 13 19 8 17 16 18 20 1 12 5 9 2 14 7 3 
student 193: 14 15 4 7 2 13 19 5 20 17 1 9 11 3 12 6 18 16 10 8 
student 194: 1 18 7 14 3 13 20 4 11 10 12 17 8 9 16 19 6 5 15 2 
student 195: 19 10 1 12 17 18 13 14 9 5 8 7 4 6 16 15 11 20 3 2 
student 196: 18 12 4 10 3 14 11 1 20 13 5 6 2 9 17 15 16 8 19 7 
student 197: 20 15 3 10 18 4 17 6 16 12 5 9 13 14 11 19 7 2 1 8 
student 198: 17 20 14 5 6 10 16 9 12 2 19 7 4 1 18 13 15 11 3 8 
student 199: 11 18 16 1 5 14 13 8 17 3 2 12 6 15 19 20 10 4 9 7 
student 200: 2 6 5 11 1 20 3 9 13 16 12 4 14 10 19 15 7 17 18 8 
student 201: 2 17 8 14 20 4 16 11 13 10 5 12 9 7 15 18 6 1 19 3 
student 202: 5 7 1 18 6 10 12 14 8 13 3 20 15 16 11 17 2 19 9 4 
student 203: 17 4 12 16 15 18 5 2 13 8 6 1 11 9 20 14 19 10 3 7 
student 204: 3 16 11 5 8 18 9 4 17 7 12 6 14 1 19 20 13 15 10 2 
student 205: 14 2 15 1 6 20 17 4 16 3 11 7 5 13 19 9 12 18 10 8 
student 206: 6 20 8 15 12 9 19 10 13 3 1 14 16 7 17 5 18 11 4 2 
student 207: 4 13 14 11 5 10 12 8 19 6 7 2 3 17 16 1 15 20 18 9 
student 208: 4 17 11 20 9 16 10 13 6 2 14 19 3 7 15 8 5 18 12 1 
student 209: 6 4 16 5 2 13 20 15 8 9 19 1 17 14 11 7 12 18 3 10 
student 210: 17 11 5 18 15 8 9 6 14 1 19 16 3 10 20 2 13 12 7 4 
student 211: 11 13 15 1 8 2 5 6 7 9 10 18 4 12 19 20 16 17 14 3 
student 212: 14 20 16 17 12 18 11 19 4 9 3 10 13 5 8 6 2 15 7 1 
student 213: 5 20 19 18 2 6 16 7 11 4 13 14 12 1 15 17 8 10 9 3 
student 214: 12 14 18 2 19 8 20 7 4 6 9 16 1 11 17 13 15 10 5 3 
student 215: 19 16 15 14 13 11 4 5 20 6 8 17 7 1 3 10 18 2 9 12 
student 216: 2 14 3 11 20 17 12 19 13 8 1 7 10 4 16 5 18 15 6 9 
student 217: 8 1 18 7 9 2 20 15 16 10 5 11 12 14 13 6 19 17 4 3 
student 218: 17 19 6 16 10 20 5 8 13 11 4 9 7 3 1 12 2 18 14 15 
student 219: 16 12 1 13 11 3 19 8 18 9 15 4 14 2 7 17 10 20 5 6 
student 220: 6 15 9 12 11 18 2 19 16 7 4 1 10 14 5 20 17 13 8 3 
student 221: 6 19 9 2 5 10 15 16 14 17 7 11 12 13 20 18 3 1 4 8 
student 222: 4 9 17 13 7 16 19 15 12 5 11 8 1 10 14 18 3 20 2 6 
student 223: 2 17 9 1 13 11 19 3 18 20 7 15 6 4 5 16 12 8 10 14 
student 224: 3 18 7 6 9 10 20 13 17 15 1 2 5 8 14 16 4 12 19 11 
student 225: 3 9 6 5 17 7 4 2 20 14 18 12 13 8 16 15 19 1 11 10 
student 226: 12 17 15 14 3 13 1 2 7 5 16 8 11 10 6 20 18 9 19 4 
student 227: 7 19 8 10 2 15 20 3 14 9 18 6 16 17 12 11 5 13 1 4 
student 228: 4 19 10 5 14 13 7 2 6 9 11 8 1 3 20 18 12 15 16 17 
student 229: 9 14 13 2 11 20 19 1 15 16 18 3 4 8 7 12 17 10 6 5 
student 230: 11 10 20 7 16 8 17 6 18 12 9 19 13 4 14 2 15 3 5 1 
student 231: 15 6 12 5 17 14 20 9 4 13 8 11 3 1 10 2 19 7 16 18 
student 232: 1 11 18 2 13 15 16 3 7 20 8 5 19 9 17 14 12 4 10 6 
student 233: 2 19 5 18 11 17 10 13 9 16 12 3 7 6 15 14 20 4 8 1 
student 234: 11 3 20 12 18 16 19 6 7 2 13 5 10 15 17 8 1 9 14 4 
student 235: 1 11 16 7 2 5 9 13 18 14 12 6 15 17 19 20 3 10 8 4 
student 236: 15 3 19 20 1 16 11 8 18 2 9 17 12 5 13 4 14 7 6 10 
student 237: 6 12 11 4 19 15 16 14 3 18 9 20 5 13 17 1 7 8 10 2 
student 238: 5 4 6 14 17 9 10 3 12 1 8 7 11 2 15 19 20 18 16 13 
student 239: 5 3 20 13 9 16 7 17 15 8 11 14 4 6 19 2 1 12 18 10 
student 240: 19 12 16 9 10 17 15 3 20 13 6 2 7 1 5 14 11 18 4 8 
student 241: 10 11 19 1 15 13 3 2 6 8 12 5 4 9 20 17 18 16 14 7 
student 242: 8 19 14 12 1 20 17 3 16 10 2 4 13 5 18 7 15 11 9 6 
student 243: 5 7 6 13 3 19 11 4 14 16 2 15 1 12 17 18 20 10 9 8 
student 244: 3 7 20 8 9 16 18 13 15 12 19 5 4 6 17 10 11 2 1 14 
student 245: 3 14 19 12 7 20 16 4 13 6 2 17 8 10 11 15 18 9 5 1 
student 246: 7 9 10 14 8 16 19 5 13 4 2 15 1 17 11 18 6 12 3 20 
student 247: 10 3 13 9 1 6 17 5 2 20 4 11 18 8 19 15 7 14 16 12 
student 248: 1 14 19 15 9 6 11 2 10 4 18 13 12 5 20 7 17 8 16 3 
student 249: 8 13 2 5 18 14 17 9 15 20 6 4 12 10 11 16 3 7 19 1 
student 250: 16 6 4 18 15 9 19 1 7 12 13 5 2 20 14 11 17 3 10 8 
student 251: 13 18 7 20 1 9 17 11 6 3 5 16 14 10 15 8 12 19 4 2 
student 252: 13 2 11 9 4 12 19 16 17 18 10 20 3 7 14 8 6 15 5 1 
student 253: 7 5 14 18 13 10 2 4 6 3 11 8 1 19 15 9 16 20 17 12 
student 254: 9 4 14 3 8 18 6 5 20 11 12 10 2 15 16 13 19 17 7 1 
student 255: 8 9 3 14 13 4 1 12 15 20 7 17 2 6 18 10 19 16 11 5 
student 256: 16 5 18 12 7 9 15 6 19 8 2 1 3 4 20 11 13 10 17 14 
student 257: 5 14 11 8 4 15 17 7 9 2 13 3 10 6 20 18 12 16 19 1 
student 258: 2 9 18 6 1 11 13 3 8 20 17 7 12 5 15 14 10 4 16 19 
student 259: 5 13 8 7 2 15 14 12 17 1 20 16 6 3 19 11 10 18 4 9 
student 260: 6 2 10 13 4 20 18 7 12 11 3 17 15 14 19 5 8 16 1 9 
student 261: 16 7 15 12 10 19 20 14 13 18 8 5 11 4 9 6 17 1 3 2 
student 262: 8 14 4 13 7 12 19 6 17 10 11 5 16 1 20 2 18 15 3 9 
student 263: 7 19 11 13 15 12 17 4 14 10 1 8 16 2 5 3 20 9 18 6 
student 264: 14 11 6 15 12 7 20 4 2 13 8 3 9 5 18 10 17 16 19 1 
student 265: 5 16 1 11 9 15 13 6 19 12 2 17 14 8 20 10 7 18 3 4 
student 266: 15 17 8 5 6 13 10 2 9 20 3 1 7 14 18 12 19 16 4 11 
student 267: 6 15 9 5 8 10 20 3 18 11 1 4 14 7 12 16 2 17 19 13 
student 268: 14 16 12 1 18 10 20 7 13 17 4 8 3 6 2 5 19 15 9 11 
student 269: 4 5 11 8 14 7 2 19 10 20 13 9 1 15 17 6 18 16 12 3 
student 270: 20 11 14 9 10 12 19 1 17 8 16 2 7 18 6 3 13 15 4 5 
student 271: 16 9 17 12 10 6 19 3 20 1 13 2 7 18 8 15 5 11 14 4 
student 272: 1 14 3 11 13 15 17 4 20 7 10 6 12 5 19 8 18 16 9 2 
student 273: 11 1 15 16 17 18 13 14 9 5 6 4 2 7 19 12 20 8 10 3 
student 274: 8 10 6 2 1 18 20 4 19 13 17 7 14 9 5 11 12 15 16 3 
student 275: 2 20 18 3 12 14 16 11 7 10 4 13 5 17 15 19 6 9 1 8 
student 276: 10 12 19 3 8 6 9 15 20 2 13 5 11 17 18 4 16 14 7 1 
student 277: 10 9 7 3 5 12 19 1 13 18 11 2 14 6 4 17 20 15 16 8 
student 278: 12 16 13 14 11 18 9 8 15 7 2 10 1 6 20 19 17 3 5 4 
student 279: 8 20 18 2 5 19 6 16 17 13 15 7 9 11 14 12 4 1 3 10 
student 280: 4 10 12 5 18 13 16 15 2 11 3 6 17 14 19 9 7 20 8 1 
student 281: 16 4 6 3 14 9 13 15 19 20 17 10 18 7 12 11 2 8 5 1 
student 282: 12 6 10 7 2 4 17 9 19 1 18 8 11 14 20 16 15 13 3 5 
student 283: 5 13 18 20 2 6 4 10 16 17 8 7 1 12 19 11 15 9 14 3 
student 284: 9 8 3 4 10 19 18 1 15 20 7 16 2 13 11 6 17 14 5 12 
student 285: 9 15 12 7 13 6 16 8 20 17 14 2 10 18 19 4 3 11 5 1 
student 286: 11 15 12 1 13 17 18 3 14 9 16 2 5 8 20 6 19 7 10 4 
student 287: 19 13 20 4 11 1 16 2 12 5 6 3 10 18 17 15 8 7 14 9 
student 288: 16 15 3 17 12 19 13 11 14 9 1 2 5 6 20 18 10 8 4 7 
student 289: 8 4 11 19 3 14 15 2 12 10 20 16 7 5 13 9 17 18 6 1 
student 290: 2 3 8 17 10 18 4 7 20 1 13 16 14 6 12 11 19 5 15 9 
student 291: 1 12 17 6 20 16 7 8 18 15 11 9 10 19 14 4 3 13 2 5 
student 292: 6 14 2 17 1 19 15 13 4 20 5 8 3 10 11 12 18 9 7 16 
student 293: 1 7 10 3 6 16 19 14 11 9 15 8 12 18 13 20 5 4 17 2 
student 294: 3 19 18 11 6 9 4 15 17 8 5 1 12 14 13 10 16 7 20 2 
student 295: 1 15 11 4 2 19 10 9 7 13 3 8 6 16 17 18 20 14 12 5 
student 296: 18 13 6 11 5 20 9 7 15 1 19 8 10 16 4 12 17 14 2 3 
student 297: 2 9 6 14 7 20 3 4 17 10 12 11 19 13 15 5 18 1 16 8 
student 298: 10 4 5 19 2 7 14 9 17 8 15 18 6 1 12 13 16 11 20 3 
student 299: 11 6 14 16 8 12 19 1 20 17 5 7 2 4 18 13 9 10 15 3 
student 300: 8 9 18 16 11 19 14 6 10 4 13 5 7 2 20 3 12 17 1 15 
student 301: 9 12 14 16 6 17 10 1 11 4 20 15 8 3 18 5 19 13 7 2 
student 302: 4 2 7 20 18 11 16 8 15 19 12 9 17 1 13 14 10 3 6 5 
student 303: 10 15 2 4 13 16 17 3 12 11 7 5 6 18 8 20 9 14 19 1 
student 304: 3 4 1 14 18 20 6 12 13 9 7 16 2 11 8 10 17 19 5 15 
student 305: 1 8 7 14 11 3 18 4 19 9 10 17 12 15 13 2 16 20 5 6 
student 306: 9 3 11 16 5 8 17 1 6 19 15 18 20 10 13 12 14 7 4 2 
student 307: 11 14 3 7 19 2 17 5 16 8 9 13 1 18 20 10 15 12 6 4 
student 308: 3 20 19 15 10 14 9 8 6 11 7 12 1 5 18 16 17 2 13 4 
student 309: 8 18 13 17 3 16 10 2 12 14 4 6 7 1 15 20 9 5 19 11 
student 310: 3 15 2 7 14 13 12 5 16 19 10 4 17 1 8 20 9 11 6 18 
student 311: 8 19 13 10 14 18 20 11 5 9 1 16 4 2 15 3 12 17 7 6 
student 312: 18 20 5 12 9 11 17 6 2 3 1 19 14 4 8 7 15 10 13 16 
student 313: 14 18 9 13 16 10 3 8 12 4 6 2 11 15 20 7 19 17 1 5 
student 314: 17 16 7 11 19 20 8 15 9 6 14 5 10 12 18 13 4 2 1 3 
student 315: 12 5 9 4 10 3 11 1 15 13 2 8 6 16 19 14 20 18 7 17 
student 316: 15 17 16 18 11 12 14 3 20 2 1 4 9 5 7 19 10 13 8 6 
student 317: 2 9 16 5 4 13 19 1 14 7 6 10 3 8 18 15 17 20 12 11 
student 318: 3 1 16 14 2 5 18 6 13 10 17 11 7 19 15 20 4 12 9 8 
student 319: 9 5 19 1 4 15 14 8 18 16 10 6 2 7 17 3 12 20 13 11 
student 320: 11 5 17 18 9 19 2 10 14 16 8 6 12 20 13 3 4 7 15 1 
student 321: 11 18 9 3 17 12 16 5 7 14 19 6 8 10 15 13 1 20 2 4 
student 322: 4 8 19 14 5 20 13 2 18 7 1 17 10 12 15 16 9 6 3 11 
student 323: 3 4 17 13 2 14 16 6 8 20 9 5 10 15 12 18 1 19 11 7 
student 324: 4 20 17 10 12 15 18 9 11 8 6 7 2 3 16 14 5 19 13 1 
student 325: 13 6 12 9 20 1 8 11 19 16 7 15 3 14 18 4 10 5 17 2 
student 326: 8 16 12 3 7 13 18 9 11 19 15 1 5 14 17 10 20 4 2 6 
student 327: 5 16 17 13 8 10 7 12 6 14 11 2 1 3 20 19 15 18 9 4 
student 328: 14 9 5 13 8 11 19 2 20 15 18 10 7 3 12 17 16 1 6 4 
student 329: 13 3 14 5 11 18 16 2 9 15 10 8 7 4 17 12 19 6 20 1 
student 330: 12 13 1 5 20 8 17 3 18 10 4 6 11 16 15 19 14 9 7 2 
student 331: 3 13 18 7 5 10 12 4 1 6 15 8 16 9 17 20 19 14 11 2 
student 332: 18 15 1 4 9 20 19 3 11 14 2 13 12 7 10 17 16 5 6 8 
student 333: 5 10 20 4 7 13 2 6 17 8 9 15 3 19 14 11 1 18 12 16 
student 334: 6 9 4 11 3 8 10 1 14 5 17 20 7 19 16 12 18 13 2 15 
student 335: 3 14 12 18 6 20 7 1 19 15 11 9 13 2 8 5 10 17 4 16 
student 336: 13 3 20 18 2 19 17 11 16 15 9 5 14 1 6 10 7 12 8 4 
student 337: 9 12 13 8 18 6 7 2 17 1 5 11 19 3 15 10 20 16 14 4 
student 338: 9 2 20 6 12 4 7 1 16 8 14 17 3 5 10 18 13 19 15 11 
student 339: 13 16 17 1 4 9 10 5 2 7 11 14 12 6 15 18 19 20 3 8 
student 340: 5 13 9 7 15 16 20 10 4 17 1 2 19 8 12 11 14 18 3 6 
student 341: 1 2 12 17 8 20 19 14 11 15 9 13 4 5 7 10 18 3 16 6 
student 342: 7 9 17 18 6 3 13 20 19 15 14 8 2 4 10 12 11 16 1 5 
student 343: 14 11 9 4 2 20 19 13 3 16 17 15 7 10 5 12 8 18 6 1 
student 344: 1 12 18 11 4 9 19 8 15 13 5 16 3 6 7 20 17 10 14 2 
student 345: 11 3 17 13 4 7 6 2 20 9 14 12 10 18 16 5 15 19 8 1 
student 346: 6 20 18 9 16 15 11 2 17 14 12 19 13 7 8 3 1 4 5 10 
student 347: 3 12 10 8 14 17 20 16 5 11 9 7 6 1 13 19 18 2 15 4 
student 348: 5 16 20 14 2 3 13 8 12 18 1 19 15 10 11 7 17 4 6 9 
student 349: 1 12 16 4 18 10 20 5 19 8 15 2 3 11 9 13 14 17 6 7 
student 350: 10 13 18 11 4 19 3 8 14 17 7 1 9 2 15 16 12 20 6 5 
student 351: 11 13 20 16 8 18 7 6 12 3 10 1 4 14 17 5 19 9 2 15 
student 352: 2 19 12 4 1 15 17 20 11 9 16 10 8 18 14 13 3 7 6 5 
student 353: 1 2 8 6 10 16 19 13 17 4 14 18 3 15 5 12 11 7 9 20 
student 354: 10 8 3 5 13 19 7 15 12 16 1 9 14 4 17 6 18 20 11 2 
student 355: 4 15 1 10 14 12 5 18 17 6 13 2 11 20 19 8 16 7 9 3 
student 356: 8 5 7 14 9 13 10 12 20 2 11 6 1 4 17 15 19 18 3 16 
student 357: 14 15 7 20 9 10 16 13 5 4 1 12 19 3 8 18 6 11 17 2 
student 358: 8 13 17 4 3 20 15 12 19 10 5 6 2 1 16 11 18 14 9 7 
student 359: 8 7 9 18 1 3 16 11 19 13 20 15 6 17 10 2 4 5 14 12 
student 360: 7 13 16 19 14 5 15 3 12 11 6 17 4 8 20 10 9 1 18 2 
student 361: 4 10 16 20 18 15 9 13 19 3 5 1 8 12 17 7 11 6 2 14 
student 362: 19 10 17 18 16 5 9 11 15 13 1 4 7 8 20 12 14 2 3 6 
student 363: 5 7 14 2 8 19 16 4 17 12 1 20 3 15 10 18 13 11 6 9 
student 364: 4 19 10 17 7 11 5 14 9 13 15 6 16 18 8 12 20 1 2 3 
student 365: 12 19 10 14 13 6 11 20 16 8 3 4 2 5 18 17 7 9 15 1 
student 366: 11 18 3 17 2 12 6 16 14 13 8 10 9 15 19 4 5 7 20 1 
student 367: 8 19 17 7 1 20 11 6 15 5 3 13 4 12 16 14 9 18 10 2 
student 368: 2 18 8 12 6 13 14 16 17 10 3 4 1 11 20 5 19 15 7 9 
student 369: 8 15 20 7 11 18 16 4 14 12 17 9 3 1 5 13 19 2 6 10 
student 370: 8 16 6 19 7 9 20 12 13 15 3 4 14 1 5 10 17 11 18 2 
student 371: 13 18 15 20 4 9 19 7 8 17 1 12 16 14 10 2 11 3 5 6 
student 372: 11 13 20 2 12 4 14 9 17 5 8 19 6 7 15 3 16 18 1 10 
student 373: 9 3 7 11 2 12 20 10 19 13 15 4 6 5 18 16 14 1 17 8 
student 374: 4 6 1 12 3 18 16 5 19 14 11 2 8 10 7 20 17 13 9 15 
student 375: 17 4 20 16 8 14 11 3 15 5 13 19 12 10 9 6 18 1 2 7 
student 376: 20 4 17 9 7 18 15 5 3 10 13 11 2 6 16 1 19 14 8 12 
student 377: 13 15 11 20 7 17 9 10 14 8 12 2 1 3 19 18 5 6 4 16 
student 378: 1 10 11 20 2 17 16 12 14 8 9 18 3 19 15 13 7 4 6 5 
student 379: 19 11 7 6 10 15 1 16 18 5 14 3 12 13 20 8 9 17 2 4 
student 380: 10 16 17 20 18 15 5 8 3 11 1 4 12 6 2 13 7 14 19 9 
student 381: 5 3 13 10 9 15 11 12 20 19 8 2 4 16 1 7 18 17 14 6 
student 382: 11 20 1 12 5 8 17 7 16 9 3 14 6 4 10 13 18 19 2 15 
student 383: 4 16 8 5 12 17 14 18 19 3 9 10 7 6 20 2 11 13 1 15 
student 384: 16 19 18 6 8 11 20 1 3 17 15 5 2 10 4 9 14 13 7 12 
student 385: 2 6 12 19 13 7 17 1 4 8 14 9 18 5 11 10 15 20 16 3 
student 386: 7 14 17 2 11 15 8 4 16 10 9 19 3 18 6 5 20 12 13 1 
student 387: 17 10 14 7 4 8 18 11 1 16 15 5 6 12 3 9 19 20 13 2 
student 388: 3 6 15 14 10 4 19 9 16 7 12 1 11 8 18 2 20 17 13 5 
student 389: 8 4 9 2 15 18 13 10 3 6 17 14 19 1 16 12 20 5 11 7 
student 390: 4 6 7 19 5 20 18 16 13 2 12 3 14 11 17 15 9 8 1 10 
student 391: 2 13 6 9 11 14 19 4 20 3 5 12 17 16 18 10 15 8 1 7 
student 392: 18 11 14 13 3 1 6 2 8 5 4 17 15 9 10 20 19 7 16 12 
student 393: 20 3 11 4 12 13 16 9 10 5 15 8 2 6 19 1 17 18 14 7 
student 394: 5 6 9 17 1 4 12 11 3 19 2 7 10 16 14 13 8 20 18 15 
student 395: 3 13 4 15 9 8 10 6 16 19 14 2 12 5 7 11 20 17 1 18 
student 396: 19 8 4 2 9 12 20 5 13 6 3 16 10 11 18 7 17 1 14 15 
student 397: 7 6 12 9 18 11 14 4 19 20 17 2 5 1 15 3 16 10 8 13 
student 398: 2 15 7 1 17 3 16 14 11 13 20 4 8 5 19 9 6 18 12 10 
student 399: 17 10 14 4 12 18 16 2 11 6 13 20 9 5 15 8 3 1 7 19 
student 400: 2 20 19 15 10 7 17 5 18 3 8 11 9 13 14 16 4 1 6 12 
student 401: 6 5 17 1 9 19 3 14 18 15 4 12 20 11 13 10 16 7 8 2 
student 402: 2 20 18 16 7 5 14 1 15 19 10 9 13 3 8 6 4 12 11 17 
student 403: 9 13 3 20 10 6 18 5 17 19 16 7 2 15 12 8 14 1 11 4 
student 404: 15 20 19 12 5 14 10 3 17 4 9 6 1 13 2 16 8 18 7 11 
student 405: 6 17 20 16 3 18 19 12 5 15 9 2 4 7 14 1 13 11 10 8 
student 406: 2 16 13 3 11 19 12 14 5 10 9 4 1 7 15 6 18 20 17 8 
student 407: 15 16 13 4 2 11 17 12 18 5 7 9 8 10 6 14 19 20 3 1 
student 408: 11 8 6 2 14 15 19 5 16 17 13 1 10 18 20 3 9 7 12 4 
student 409: 19 13 17 16 3 5 6 10 4 14 15 12 2 7 11 8 18 20 1 9 
student 410: 12 14 4 10 11 15 18 7 5 9 20 1 13 3 16 17 2 19 8 6 
student 411: 2 7 10 17 16 15 12 13 11 1 3 6 9 14 20 18 19 4 8 5 
student 412: 8 10 6 3 7 17 16 15 4 5 9 2 1 18 11 19 12 20 13 14 
student 413: 20 14 12 5 19 1 6 3 11 13 7 4 15 16 8 2 10 17 9 18 
student 414: 7 20 15 12 1 14 11 4 3 17 19 6 5 13 18 2 16 9 10 8 
student 415: 11 3 20 8 5 18 12 19 4 14 1 13 9 6 15 16 17 10 7 2 
student 416: 1 20 8 15 14 19 17 4 7 13 9 11 3 5 2 18 6 10 12 16 
student 417: 20 19 7 18 6 12 9 13 10 16 1 15 4 2 14 11 3 8 17 5 
student 418: 7 18 13 6 12 19 20 11 16 9 3 15 5 14 10 4 17 2 1 8 
student 419: 3 17 20 13 12 18 9 1 11 15 14 4 5 7 19 16 10 2 8 6 
student 420: 20 6 14 5 1 15 12 2 19 17 13 10 9 11 18 3 8 16 7 4 
student 421: 20 3 4 19 10 18 17 6 5 2 9 11 7 8 13 15 12 16 1 14 
student 422: 11 8 9 16 1 18 20 2 12 17 14 7 10 4 15 19 3 13 6 5 
student 423: 3 15 7 14 5 8 20 6 19 16 13 9 4 1 17 2 10 11 12 18 
student 424: 14 18 19 4 2 6 9 10 7 5 11 3 12 15 1 13 8 20 17 16 
student 425: 6 16 7 11 12 18 19 2 1 17 3 9 4 20 13 14 15 5 10 8 
student 426: 9 19 8 13 4 20 12 6 18 7 10 2 1 14 15 17 5 3 16 11 
student 427: 14 7 9 18 15 3 5 4 20 13 11 12 10 16 17 6 19 1 2 8 
student 428: 3 15 16 9 17 7 5 2 20 6 13 10 18 4 12 19 11 1 8 14 
student 429: 10 14 12 15 5 6 18 3 13 7 16 9 1 4 8 19 20 17 11 2 
student 430: 7 8 12 19 1 15 14 6 18 2 5 16 9 10 20 11 17 4 13 3 
student 431: 3 12 16 8 6 18 19 14 20 4 13 10 2 11 15 7 5 1 17 9 
student 432: 17 16 15 11 12 6 14 3 19 10 8 4 1 9 20 7 13 18 2 5 
student 433: 20 14 7 13 3 18 19 17 8 2 1 11 15 12 5 9 4 16 6 10 
student 434: 4 7 3 5 11 20 14 15 13 19 6 9 16 17 12 10 1 8 18 2 
student 435: 7 8 5 20 13 6 19 3 16 2 4 11 12 9 1 18 14 17 10 15 
student 436: 6 16 1 12 20 14 19 5 10 8 18 4 17 2 13 15 9 7 3 11 
student 437: 4 7 16 10 1 18 9 12 14 20 5 8 3 6 11 13 19 15 17 2 
student 438: 17 7 16 1 5 19 2 10 14 12 8 3 13 20 4 9 18 15 6 11 
student 439: 8 9 10 14 7 11 19 5 17 1 16 3 6 20 15 18 4 13 2 12 
student 440: 7 10 16 18 19 13 11 12 17 3 4 8 14 9 20 15 6 1 5 2 
student 441: 6 10 17 16 19 18 3 11 4 12 14 7 1 5 15 13 20 8 9 2 
student 442: 17 15 11 19 5 16 8 4 12 1 6 20 10 3 18 7 13 14 9 2 
student 443: 8 14 19 10 7 20 12 1 9 11 2 17 3 5 16 6 15 18 13 4 
student 444: 14 6 16 11 7 1 18 20 17 3 12 4 15 8 9 2 13 5 19 10 
student 445: 15 6 5 12 9 18 16 17 20 11 8 2 4 10 7 3 14 13 19 1 
student 446: 17 9 20 5 3 7 1 4 15 8 11 13 6 16 19 12 14 10 18 2 
student 447: 1 20 19 10 4 15 5 7 18 11 13 2 3 17 14 12 16 9 8 6 
student 448: 13 11 12 3 2 16 20 10 18 1 14 5 9 6 17 4 15 19 7 8 
student 449: 3 19 9 13 11 17 20 15 16 2 1 8 7 14 18 10 4 6 12 5 
student 450: 8 10 7 3 5 11 13 9 20 6 14 4 2 15 18 19 17 16 12 1 
student 451: 16 18 4 17 6 11 15 8 12 9 7 1 2 5 19 3 20 10 14 13 
student 452: 9 1 10 19 13 20 17 7 12 14 3 8 6 16 5 4 15 18 11 2 
student 453: 12 7 2 8 3 15 17 5 16 11 4 18 6 19 20 1 14 13 9 10 
student 454: 2 17 12 14 6 16 18 1 10 8 4 3 15 9 13 11 20 7 19 5 
student 455: 13 1 10 7 18 5 8 4 12 19 6 9 11 3 15 20 16 2 17 14 
student 456: 3 9 8 18 4 7 19 10 11 6 5 1 14 20 13 16 12 15 17 2 
student 457: 6 17 1 11 10 13 15 18 4 3 8 7 5 2 20 14 16 19 9 12 
student 458: 1 20 4 16 8 17 15 3 10 9 5 11 18 13 19 12 7 14 6 2 
student 459: 4 14 13 2 7 18 11 6 5 17 10 3 12 9 19 15 16 20 1 8 
student 460: 9 12 6 20 11 1 19 13 17 16 5 7 3 14 10 8 2 15 18 4 
student 461: 9 19 7 6 4 15 17 18 16 1 14 5 13 8 20 10 11 12 2 3 
student 462: 7 12 5 3 18 15 19 1 14 16 2 6 11 10 17 13 9 20 8 4 
student 463: 10 3 16 8 4 12 13 14 18 7 2 1 6 9 17 11 5 20 15 19 
student 464: 6 19 8 10 15 14 12 9 17 4 3 1 7 13 20 18 16 2 11 5 
student 465: 6 7 13 2 19 20 14 18 11 3 1 4 12 9 16 10 8 17 15 5 
student 466: 18 13 2 5 11 10 17 9 20 6 19 3 8 12 15 4 7 14 16 1 
student 467: 2 12 3 1 8 17 10 15 13 20 19 14 11 4 18 9 16 5 7 6 
student 468: 4 16 2 1 13 6 20 12 18 15 7 10 3 9 14 19 17 11 5 8 
student 469: 4 9 10 13 12 17 8 3 14 19 11 1 2 5 18 20 16 15 7 6 
student 470: 5 6 11 2 8 16 18 1 13 4 15 14 7 17 12 3 20 19 10 9 
student 471: 9 11 20 17 3 16 19 2 5 13 8 7 4 10 1 18 6 14 15 12 
student 472: 16 1 13 4 7 12 20 5 6 14 9 15 11 19 17 3 8 18 10 2 
student 473: 1 12 16 2 13 9 17 7 18 14 8 6 20 19 3 10 11 5 15 4 
student 474: 5 9 8 7 3 14 19 1 16 10 20 11 17 18 13 15 12 2 4 6 
student 475: 18 6 12 20 5 15 17 2 16 7 8 14 3 4 11 13 10 9 19 1 
student 476: 17 7 8 1 12 20 16 4 6 9 3 13 11 10 15 18 19 14 2 5 
student 477: 19 14 11 20 1 16 18 10 9 5 15 7 4 13 6 12 17 8 2 3 
student 478: 3 11 9 13 4 10 14 19 20 6 16 5 7 17 18 8 1 15 12 2 
student 479: 13 10 9 19 5 18 11 1 15 20 14 4 12 16 6 17 8 7 3 2 
student 480: 11 15 9 2 7 12 6 13 19 4 10 1 3 14 16 20 18 17 8 5 
student 481: 2 14 10 6 3 17 18 5 11 13 8 1 16 7 20 9 15 4 12 19 
student 482: 9 10 16 14 19 11 15 8 6 5 3 13 7 2 12 20 1 17 18 4 
student 483: 18 11 9 5 19 2 17 14 15 1 4 20 7 10 13 8 3 12 16 6 
student 484: 17 14 5 10 15 19 20 11 16 8 18 13 2 7 3 12 9 1 4 6 
student 485: 2 13 9 14 4 15 8 19 20 3 7 18 10 6 17 5 12 11 16 1 
student 486: 4 16 18 5 12 13 17 2 15 7 19 8 9 6 3 20 11 10 14 1 
student 487: 12 11 19 14 6 20 5 3 2 16 9 1 10 17 18 7 13 15 4 8 
student 488: 6 9 16 17 3 12 13 15 8 7 2 11 4 10 14 5 20 18 1 19 
student 489: 9 3 17 11 1 4 18 8 16 2 13 10 6 14 7 12 20 5 15 19 
student 490: 8 18 12 3 5 10 15 14 6 13 11 2 9 7 20 19 16 4 17 1 
student 491: 14 3 19 16 17 9 20 1 15 5 7 11 2 8 18 10 13 12 6 4 
student 492: 10 17 8 7 2 16 18 11 20 4 9 14 3 1 6 19 15 5 13 12 
student 493: 16 15 20 6 5 18 19 11 8 14 17 1 2 10 7 9 13 3 12 4 
student 494: 20 11 5 16 1 13 15 8 19 18 10 3 6 2 14 4 12 17 9 7 
student 495: 4 2 19 6 12 18 15 20 17 3 5 16 7 14 10 11 8 9 13 1 
student 496: 7 14 16 3 11 17 4 1 19 9 6 18 2 15 20 12 13 8 10 5 
student 497: 1 5 15 4 13 19 11 2 7 8 20 18 10 14 6 3 9 12 17 16 
student 498: 11 17 3 10 4 7 16 14 19 15 2 12 5 20 18 13 1 8 6 9 
student 499: 6 12 14 7 3 10 18 15 20 13 8 9 16 11 1 2 17 19 5 4 
student 500: 2 19 18 15 3 10 20 11 7 8 9 17 12 5 14 16 13 4 6 1 
student 501: 16 8 10 1 6 13 20 12 18 4 11 3 14 15 17 19 2 9 5 7 
student 502: 2 18 3 17 1 15 8 13 19 20 16 12 6 14 9 10 4 5 7 11 
student 503: 3 6 2 5 10 20 16 1 13 8 17 18 9 11 19 12 4 7 14 15 
student 504: 5 15 1 7 13 17 18 3 20 19 9 4 2 10 16 8 12 11 6 14 
student 505: 16 4 17 8 12 19 15 1 13 7 18 11 5 9 14 6 20 3 10 2 
student 506: 6 10 17 15 12 1 8 3 20 9 4 7 18 2 16 11 5 19 14 13 
student 507: 5 13 14 7 2 18 16 8 10 6 17 3 4 9 20 1 15 19 12 11 
student 508: 20 13 17 2 7 6 19 11 3 18 8 4 15 1 5 9 16 12 14 10 
student 509: 7 19 5 18 2 20 3 1 11 14 16 10 6 4 15 13 12 17 9 8 
student 510: 9 12 3 4 10 17 1 6 14 11 20 8 15 16 19 5 13 7 18 2 
student 511: 5 8 17 14 18 16 20 13 7 15 1 2 10 4 9 3 11 19 12 6 
student 512: 17 18 3 2 1 9 10 8 19 20 15 12 6 7 14 13 16 11 5 4 
student 513: 5 3 12 20 16 14 19 7 17 6 18 9 11 10 13 15 4 8 1 2 
student 514: 12 18 10 1 16 19 17 5 20 3 2 9 8 11 15 6 14 13 4 7 
student 515: 1 20 11 2 6 14 13 16 12 4 8 5 7 19 15 18 17 9 10 3 
student 516: 1 14 17 6 9 19 18 4 20 15 16 11 5 3 8 13 7 12 2 10 
student 517: 4 3 12 16 19 20 18 2 10 13 7 5 14 6 17 11 1 15 8 9 
student 518: 11 19 17 20 13 2 16 14 15 3 10 9 4 18 7 6 8 1 12 5 
student 519: 2 13 14 8 4 19 18 1 12 6 3 9 16 20 11 10 17 15 5 7 
student 520: 3 13 4 15 5 11 19 14 8 1 12 16 7 6 17 10 18 20 9 2 
student 521: 18 16 10 15 17 8 19 3 11 12 7 5 1 9 2 14 13 20 6 4 
student 522: 2 20 8 10 7 4 18 6 14 5 3 11 9 19 17 12 15 16 13 1 
student 523: 13 14 6 4 12 18 20 16 9 1 8 2 3 15 11 10 17 7 19 5 
student 524: 1 6 19 7 18 17 8 11 20 10 16 2 14 9 3 13 5 4 15 12 
student 525: 5 12 17 3 6 16 10 7 11 9 14 13 4 8 18 15 20 19 1 2 
student 526: 13 6 16 9 18 11 4 20 14 15 12 3 10 19 7 5 17 1 2 8 
student 527: 1 16 8 7 3 19 14 4 15 11 10 13 2 12 17 20 5 18 6 9 
student 528: 4 12 11 8 16 2 13 1 10 3 6 19 20 9 17 7 14 5 15 18 
student 529: 18 19 17 9 6 2 12 1 13 11 15 16 4 20 8 3 14 7 5 10 
student 530: 9 19 13 14 7 10 16 4 15 5 1 2 17 11 12 8 18 20 3 6 
student 531: 4 8 11 6 13 5 14 10 16 3 2 12 1 15 18 9 20 7 17 19 
student 532: 14 16 19 6 5 15 9 2 17 11 7 3 18 13 12 20 1 8 10 4 
student 533: 5 16 19 17 15 10 13 3 11 7 8 12 6 18 14 20 9 2 4 1 
student 534: 12 7 14 3 5 9 17 6 15 13 10 4 2 19 18 8 16 20 11 1 
student 535: 15 1 10 20 2 17 12 14 4 8 18 6 9 11 19 13 7 16 3 5 
student 536: 10 12 19 17 4 18 15 3 8 2 9 20 14 6 11 5 16 13 1 7 
student 537: 18 6 20 14 15 17 4 10 11 5 3 9 8 19 16 13 2 7 1 12 
student 538: 10 7 13 9 5 17 16 1 19 3 6 2 8 4 14 18 20 15 12 11 
student 539: 12 6 19 20 1 18 17 7 15 16 4 10 2 11 9 3 14 8 13 5 
student 540: 12 13 1 10 5 17 18 11 15 14 7 16 3 6 4 9 20 19 8 2 
student 541: 7 16 12 17 2 20 19 8 13 9 5 1 4 10 14 15 11 18 3 6 
student 542: 6 19 7 11 1 10 12 17 5 8 18 14 16 4 20 9 2 15 3 13 
student 543: 1 6 15 17 12 14 20 9 19 13 10 18 4 2 7 3 8 11 16 5 
student 544: 10 5 11 19 4 17 18 8 3 14 20 6 12 7 2 13 1 16 15 9 
student 545: 17 4 12 18 11 10 9 5 8 7 3 19 20 16 2 1 15 14 13 6 
student 546: 3 2 16 13 20 11 18 19 4 8 1 5 14 12 17 15 9 7 6 10 
student 547: 5 14 7 10 4 1 19 2 12 9 18 6 11 3 20 13 17 16 8 15 
student 548: 15 14 17 1 16 19 7 2 11 10 6 12 4 18 9 5 8 20 3 13 
student 549: 8 13 3 20 16 19 10 1 18 15 6 4 9 11 17 2 5 14 7 12 
student 550: 12 13 15 6 4 7 11 2 9 16 1 14 3 17 20 10 19 5 18 8 
student 551: 2 14 8 20 6 19 17 10 5 7 18 16 3 1 11 12 15 4 9 13 
student 552: 17 10 15 7 20 12 16 13 18 6 11 3 1 14 8 19 2 4 5 9 
student 553: 3 20 17 1 18 5 14 10 15 12 4 8 6 13 19 7 16 11 9 2 
student 554: 16 18 8 7 17 4 10 1 20 15 9 11 6 2 14 5 12 13 3 19 
student 555: 5 12 19 10 6 4 14 9 18 17 15 7 13 2 16 11 20 8 1 3 
student 556: 6 14 12 4 1 16 10 8 20 17 3 7 11 18 19 13 15 5 2 9 
student 557: 9 18 12 14 19 16 11 3 7 20 2 1 4 13 10 15 5 8 17 6 
student 558: 2 4 13 8 10 19 3 9 20 18 15 6 5 16 17 12 14 1 7 11 
student 559: 9 1 18 8 7 19 2 10 13 17 11 5 15 12 16 14 4 20 3 6 
student 560: 6 4 15 7 5 16 17 3 11 1 19 8 14 10 20 9 12 13 18 2 
student 561: 13 11 17 4 5 15 12 3 20 7 19 16 10 2 8 9 14 6 18 1 
student 562: 15 18 12 2 11 4 14 10 19 20 1 8 5 6 16 17 9 13 7 3 
student 563: 7 11 14 1 5 15 12 20 17 2 19 4 3 16 13 6 9 8 18 10 
student 564: 19 2 5 16 9 4 14 18 13 1 8 12 7 3 20 11 15 17 10 6 
student 565: 11 8 19 10 15 14 5 4 9 6 12 2 16 20 18 17 7 13 3 1 
student 566: 20 16 9 10 4 6 5 11 8 7 14 2 3 1 15 18 17 12 19 13 
student 567: 5 8 14 16 3 4 15 10 9 17 1 12 11 7 18 20 6 19 13 2 
student 568: 6 17 2 7 5 11 20 3 18 14 19 10 12 9 8 13 1 15 16 4 
student 569: 18 4 14 15 20 19 16 17 12 13 10 11 7 5 8 3 2 6 9 1 
student 570: 8 16 5 14 7 6 15 9 2 19 18 3 13 17 20 11 1 10 4 12 
student 571: 4 11 16 7 19 15 12 2 17 1 14 13 8 5 3 6 18 20 9 10 
student 572: 5 17 11 2 19 6 10 7 16 14 3 8 1 13 15 18 12 9 20 4 
student 573: 7 19 16 14 15 10 18 5 20 12 1 11 8 2 17 9 6 13 3 4 
student 574: 12 10 11 1 3 13 20 16 17 6 4 7 8 19 9 5 15 14 18 2 
student 575: 20 9 19 1 2 16 15 18 12 10 4 8 5 7 13 6 14 17 3 11 
student 576: 14 7 13 11 6 19 10 5 4 8 18 3 9 2 12 17 16 15 20 1 
student 577: 6 12 14 19 5 3 10 1 2 11 16 4 13 18 17 8 20 15 7 9 
student 578: 3 13 15 11 20 19 4 14 10 16 1 6 8 7 18 12 5 17 9 2 
student 579: 9 3 12 5 11 13 2 14 16 8 18 17 19 1 6 10 7 4 20 15 
student 580: 1 16 12 4 9 17 14 8 3 6 5 18 2 13 20 7 11 19 10 15 
student 581: 1 18 19 20 4 9 16 2 8 13 6 5 12 7 14 3 17 15 11 10 
student 582: 17 13 18 10 12 4 11 14 3 1 20 15 5 7 8 6 9 19 16 2 
student 583: 9 16 2 10 3 1 13 18 20 14 11 15 4 6 17 12 8 7 5 19 
student 584: 14 19 6 11 9 8 17 2 16 12 10 15 1 4 18 13 20 7 3 5 
student 585: 3 15 9 7 11 20 13 5 19 14 10 8 1 12 17 2 16 18 4 6 
student 586: 17 7 6 11 1 9 18 4 12 3 14 8 16 5 19 20 15 10 13 2 
student 587: 9 6 16 19 13 12 4 7 17 20 18 14 1 11 8 10 5 15 3 2 
student 588: 10 18 2 6 17 13 15 20 7 9 5 19 8 3 11 16 14 1 12 4 
student 589: 3 16 20 8 9 14 17 1 4 12 2 5 15 11 18 13 6 19 7 10 
student 590: 3 1 13 16 4 19 20 7 17 10 18 12 9 14 15 11 5 6 8 2 
student 591: 17 14 5 13 4 20 8 11 1 18 3 9 10 15 16 2 6 19 12 7 
student 592: 10 8 1 14 7 15 18 3 4 19 5 2 6 9 17 20 13 12 11 16 
student 593: 5 2 1 9 8 3 15 14 11 13 20 16 6 7 10 18 19 17 12 4 
student 594: 3 11 19 14 16 15 12 17 20 13 8 4 1 9 10 5 7 2 18 6 
student 595: 4 12 2 13 19 15 18 1 20 9 7 14 17 6 10 16 3 5 8 11 
student 596: 1 12 18 11 13 20 16 15 9 5 14 19 6 10 17 7 8 4 2 3 
student 597: 5 14 10 15 17 12 16 6 9 8 4 19 1 20 7 11 2 18 13 3 
student 598: 10 18 5 7 4 12 3 1 2 9 16 6 14 17 19 20 13 11 15 8 
student 599: 11 19 16 15 5 10 12 7 18 9 2 3 4 8 17 6 14 20 13 1 
student 600: 6 1 4 3 2 19 13 11 17 16 10 5 9 15 14 18 8 7 12 20 
student 601: 14 18 16 6 5 3 19 11 13 20 7 2 9 1 15 4 10 8 17 12 
student 602: 5 13 16 20 11 10 12 15 2 7 17 8 3 19 6 14 18 1 9 4 
student 603: 15 4 14 2 7 20 18 9 17 5 6 11 1 8 16 13 19 10 12 3 
student 604: 3 19 20 6 9 15 4 14 17 2 1 16 8 10 18 5 7 12 13 11 
student 605: 11 10 2 3 9 14 15 18 13 20 1 6 5 16 12 17 19 8 7 4 
student 606: 14 17 18 16 2 8 12 6 20 1 11 9 4 5 10 19 13 15 3 7 
student 607: 19 8 7 18 12 20 11 3 14 6 15 4 1 5 16 10 9 13 17 2 
student 608: 12 17 16 7 2 15 5 10 14 3 6 4 19 9 8 18 13 11 20 1 
student 609: 15 18 3 17 13 4 6 5 8 19 2 11 1 7 10 16 12 20 9 14 
student 610: 20 11 17 1 2 15 10 7 9 3 19 4 14 16 13 18 12 6 8 5 
student 611: 5 8 15 14 2 16 3 6 17 11 10 1 4 7 19 13 12 20 9 18 
student 612: 10 11 15 17 7 13 16 19 5 6 8 4 12 1 9 3 20 18 14 2 
student 613: 11 10 18 14 5 17 16 7 19 12 3 8 9 15 4 1 20 13 6 2 
student 614: 17 14 10 11 18 13 8 12 20 3 19 5 4 7 2 16 6 9 1 15 
student 615: 3 9 18 19 2 14 13 10 11 16 12 15 17 6 20 8 5 1 4 7 
student 616: 15 4 16 3 2 14 13 1 11 6 20 10 5 17 12 8 19 18 9 7 
student 617: 10 3 19 17 2 7 18 5 11 16 8 9 1 6 15 12 20 14 13 4 
student 618: 12 18 13 10 4 15 14 3 8 11 9 5 17 2 6 16 20 19 7 1 
student 619: 3 13 10 16 9 8 20 2 11 1 7 15 4 18 19 12 5 17 6 14 
student 620: 5 11 20 17 2 10 19 13 16 12 3 7 18 9 14 15 6 8 4 1 
student 621: 15 8 3 17 7 12 18 1 5 9 20 6 2 11 19 16 14 13 10 4 
student 622: 15 7 16 2 13 19 18 11 20 17 9 8 4 3 1 12 10 14 5 6 
student 623: 18 7 10 4 8 12 19 1 11 20 15 2 3 9 16 5 6 17 14 13 
student 624: 3 10 17 18 12 9 16 5 11 4 6 14 1 8 20 7 13 19 2 15 
student 625: 18 5 6 3 7 15 14 8 4 17 16 11 2 19 10 13 1 20 9 12 
student 626: 7 17 8 6 4 11 18 13 14 9 16 19 1 5 10 20 3 15 12 2 
student 627: 17 5 6 9 15 1 12 4 18 14 3 20 11 8 13 7 16 10 2 19 
student 628: 10 7 8 5 13 17 16 3 18 9 12 1 6 11 20 14 19 15 4 2 
student 629: 18 16 11 6 10 19 13 9 14 12 15 5 4 1 20 2 17 8 7 3 
student 630: 4 8 20 18 3 9 15 12 7 19 6 5 2 11 14 10 17 16 13 1 
student 631: 3 1 9 4 11 12 8 19 15 18 7 6 17 10 20 14 16 13 5 2 
student 632: 6 9 7 3 2 15 17 14 18 19 13 5 10 1 20 8 16 12 11 4 
student 633: 16 17 4 6 12 7 14 3 18 9 1 15 8 11 20 13 2 19 5 10 
student 634: 3 9 12 10 2 20 11 7 19 16 15 14 4 13 8 17 1 18 5 6 
student 635: 5 1 10 14 11 15 20 4 2 9 13 3 19 7 16 6 17 18 12 8 
student 636: 18 9 12 20 8 19 11 2 13 4 16 7 10 17 1 6 5 14 15 3 
student 637: 12 15 1 4 5 10 20 3 2 16 14 8 13 18 19 11 6 17 9 7 
student 638: 11 15 17 16 5 9 18 13 20 8 12 4 1 19 7 6 14 2 10 3 
student 639: 8 7 1 5 6 17 4 9 11 20 18 13 16 3 15 10 14 12 19 2 
student 640: 1 18 19 11 3 16 14 10 2 6 8 4 17 9 7 5 12 20 13 15 
student 641: 11 19 13 9 3 1 17 12 16 18 4 14 7 15 6 5 2 20 10 8 
student 642: 8 12 17 2 4 10 13 11 18 20 16 3 9 19 15 6 1 7 14 5 
student 643: 7 11 16 18 10 4 14 9 12 2 3 8 5 6 19 17 15 13 1 20 
student 644: 13 8 4 2 6 20 17 1 7 16 10 14 3 15 9 11 5 18 12 19 
student 645: 2 14 3 13 5 20 11 7 19 17 10 4 9 12 18 8 15 16 1 6 
student 646: 2 16 15 4 6 18 17 9 19 12 7 11 5 13 1 14 8 10 20 3 
student 647: 18 19 16 20 7 17 4 10 15 6 8 13 1 9 5 14 3 11 2 12 
student 648: 13 10 15 19 3 14 16 2 20 8 5 12 1 6 17 4 11 18 7 9 
student 649: 2 17 12 13 3 16 5 6 11 10 4 1 14 8 20 15 19 18 9 7 
student 650: 4 19 10 1 14 5 17 9 11 2 20 15 3 8 13 18 12 16 7 6 
student 651: 17 7 13 14 11 4 18 2 8 6 12 3 1 19 16 15 9 20 5 10 
student 652: 15 7 9 10 20 18 19 12 14 1 3 6 4 17 16 5 11 8 2 13 
student 653: 7 16 12 3 9 10 15 6 8 19 17 4 2 18 13 5 11 20 1 14 
student 654: 15 12 2 10 7 11 9 8 19 16 1 17 18 3 6 4 13 20 14 5 
student 655: 13 12 11 16 1 8 9 15 20 4 3 5 19 10 18 17 6 14 2 7 
student 656: 4 6 12 19 13 15 7 9 16 11 3 5 1 18 17 10 14 20 8 2 
student 657: 7 9 4 8 3 17 15 5 10 18 13 12 20 11 19 1 16 14 2 6 
student 658: 6 13 5 19 3 20 17 15 18 9 7 4 2 12 14 16 11 1 10 8 
student 659: 1 15 20 19 13 9 16 2 12 3 10 7 4 8 17 11 14 18 5 6 
student 660: 2 16 11 14 3 10 12 9 19 15 5 7 17 4 18 20 1 13 8 6 
student 661: 9 15 14 11 6 18 12 5 13 3 16 4 2 7 10 1 8 20 19 17 
student 662: 14 9 17 16 10 15 13 6 19 8 1 2 5 4 18 7 20 11 12 3 
student 663: 5 7 2 4 8 12 15 20 9 19 11 14 1 13 17 16 18 6 3 10 
student 664: 8 14 10 4 9 17 2 13 15 18 12 16 5 1 11 6 19 20 7 3 
student 665: 10 6 16 12 20 15 11 1 19 18 5 4 3 8 17 7 9 14 13 2 
student 666: 8 20 12 2 7 1 15 5 16 11 18 10 17 3 14 6 9 13 19 4 
student 667: 2 9 20 10 15 18 12 14 7 17 5 8 1 6 19 16 11 4 3 13 
student 668: 16 15 13 6 10 20 17 5 11 12 7 4 3 8 19 1 2 18 14 9 
student 669: 4 12 5 6 16 1 18 7 10 11 8 14 20 3 13 17 15 19 2 9 
student 670: 16 7 17 13 11 12 5 18 15 14 6 19 1 2 20 9 8 10 4 3 
student 671: 1 19 15 11 9 6 17 4 2 12 13 7 20 8 3 5 18 16 14 10 
student 672: 6 17 19 16 4 12 20 9 15 1 14 10 2 18 11 8 3 5 7 13 
student 673: 20 8 2 10 5 16 4 7 9 12 19 15 14 6 11 17 13 18 3 1 
student 674: 9 14 7 20 1 16 13 2 10 12 5 6 11 8 3 17 18 19 4 15 
student 675: 7 18 16 9 8 3 11 6 5 14 17 20 10 13 2 12 15 19 4 1 
student 676: 13 2 5 9 15 7 16 11 8 19 12 18 17 1 6 20 4 10 14 3 
student 677: 13 14 4 15 5 1 6 8 11 9 20 18 2 17 12 19 10 7 16 3 
student 678: 7 15 10 20 8 19 12 11 14 3 4 18 1 5 2 9 17 13 16 6 
student 679: 13 10 1 20 7 11 12 6 4 14 16 9 17 19 2 8 18 5 15 3 
student 680: 20 13 19 5 4 9 1 15 14 16 2 18 7 17 12 3 11 10 8 6 
student 681: 17 11 4 16 10 12 6 3 19 15 9 7 8 20 14 1 2 13 5 18 
student 682: 11 13 17 8 1 14 9 7 16 10 18 12 2 5 15 4 19 3 20 6 
student 683: 19 17 9 4 11 20 16 7 15 13 8 6 3 14 18 12 5 10 1 2 
student 684: 15 17 13 9 5 1 20 18 10 12 16 7 4 2 3 11 19 14 8 6 
student 685: 11 18 8 6 12 20 19 9 14 4 2 16 7 3 10 13 1 17 15 5 
student 686: 1 20 5 3 8 19 2 6 17 13 7 12 15 4 10 14 18 16 11 9 
student 687: 7 17 10 15 2 1 19 12 8 14 18 9 4 3 16 20 6 5 13 11 
student 688: 2 4 5 8 3 16 18 9 7 12 14 11 19 10 15 6 20 13 1 17 
student 689: 10 17 4 3 13 12 19 20 9 11 15 2 6 7 1 18 8 16 14 5 
student 690: 10 18 1 5 14 7 8 2 11 13 15 17 3 20 4 16 12 19 9 6 
student 691: 12 16 15 7 10 9 19 1 17 3 2 6 4 14 18 13 20 11 5 8 
student 692: 18 11 6 15 3 5 16 8 2 19 14 1 12 10 17 9 13 20 4 7 
student 693: 7 1 16 11 2 20 19 17 13 9 4 6 10 18 14 12 8 5 3 15 
student 694: 11 9 16 7 20 2 15 13 14 17 5 12 10 6 19 1 18 8 4 3 
student 695: 20 16 4 12 11 3 18 5 17 19 15 1 9 10 8 14 2 13 7 6 
student 696: 1 19 9 8 7 12 15 3 20 13 18 2 16 6 4 17 10 11 14 5 
student 697: 2 20 10 8 9 13 17 19 12 11 5 4 7 3 18 1 16 15 14 6 
student 698: 9 8 17 10 11 19 12 15 18 1 6 20 13 5 14 4 16 2 7 3 
student 699: 5 12 19 14 11 10 20 16 3 13 6 8 2 4 18 9 17 15 7 1 
student 700: 16 3 8 10 6 18 14 9 12 1 17 2 11 7 19 13 15 4 20 5 
student 701: 11 18 9 4 16 7 3 20 17 8 1 5 6 10 19 15 14 13 12 2 
student 702: 6 8 12 16 2 1 20 9 7 14 18 13 3 4 19 5 15 17 11 10 
student 703: 6 14 5 4 7 18 13 11 16 8 1 17 12 3 15 9 19 10 2 20 
student 704: 1 5 7 2 14 20 13 10 3 9 4 8 6 19 17 16 12 18 15 11 
student 705: 7 11 14 18 9 15 3 10 16 6 8 17 1 19 13 2 20 5 4 12 
student 706: 6 10 16 18 11 9 17 3 15 7 14 20 1 8 2 4 12 19 5 13 
student 707: 15 7 14 6 16 9 20 10 12 8 17 5 3 4 11 18 13 19 2 1 
student 708: 9 5 12 13 11 3 10 15 16 18 20 6 8 2 19 7 14 17 4 1 
student 709: 14 1 17 7 10 11 16 5 13 19 15 6 8 12 18 4 3 20 2 9 
student 710: 11 10 15 9 5 20 4 3 13 16 2 14 1 17 8 19 6 12 18 7 
student 711: 14 11 10 6 9 2 17 4 8 15 3 18 20 7 13 1 5 16 12 19 
student 712: 6 20 2 9 8 14 15 16 10 1 19 7 12 18 17 11 3 5 13 4 
student 713: 16 13 20 5 9 17 14 8 4 11 2 6 12 10 18 1 15 7 19 3 
student 714: 7 3 9 2 10 20 16 15 6 11 4 13 14 18 17 19 8 12 5 1 
student 715: 5 15 13 14 11 19 7 2 18 8 12 17 10 9 20 1 6 16 3 4 
student 716: 8 4 17 15 9 12 16 19 20 1 6 13 3 5 11 2 18 14 10 7 
student 717: 4 15 14 7 6 13 9 10 19 17 3 2 1 20 18 8 5 16 12 11 
student 718: 3 9 1 19 2 20 10 17 11 13 5 15 4 7 14 16 6 18 8 12 
student 719: 2 9 10 16 14 15 13 17 7 6 3 4 8 11 12 19 18 5 1 20 
student 720: 16 8 18 17 1 12 15 6 9 2 7 3 4 20 19 14 11 13 10 5 
student 721: 1 17 13 18 8 4 16 6 20 19 7 5 3 15 2 9 12 11 14 10 
student 722: 4 2 15 12 11 9 19 5 16 18 8 7 6 13 14 3 20 17 1 10 
student 723: 7 14 17 10 9 13 20 3 19 16 5 6 1 11 18 12 8 4 15 2 
student 724: 3 11 4 8 20 19 14 5 16 12 9 17 2 18 15 7 13 6 10 1 
student 725: 2 17 20 12 1 19 7 10 9 14 5 4 18 6 16 11 8 13 3 15 
student 726: 11 14 12 17 4 5 3 2 7 6 19 1 9 13 18 15 20 10 16 8 
student 727: 5 11 7 1 16 13 17 3 15 8 14 6 20 19 4 2 18 10 12 9 
student 728: 10 8 20 15 1 7 14 3 5 13 17 2 16 9 6 12 19 11 4 18 
student 729: 14 9 16 6 4 7 12 18 1 20 8 3 15 17 2 19 10 5 11 13 
student 730: 11 13 16 15 2 8 20 4 12 7 9 10 1 5 14 17 6 3 18 19 
student 731: 2 9 12 10 7 20 16 11 18 13 15 8 5 6 14 19 17 3 4 1 
student 732: 16 19 8 5 11 17 14 3 15 6 10 9 2 7 18 13 12 20 4 1 
student 733: 3 17 16 15 1 10 12 7 9 8 13 4 14 11 19 18 6 20 5 2 
student 734: 14 11 7 5 8 16 4 20 12 18 6 10 3 15 2 1 9 13 17 19 
student 735: 3 14 13 10 1 12 16 2 11 5 15 9 6 8 18 17 19 20 4 7 
student 736: 7 19 3 8 11 17 14 1 4 9 12 16 13 18 20 2 6 15 10 5 
student 737: 17 11 4 2 13 19 18 1 14 7 3 9 12 20 10 6 8 16 5 15 
student 738: 10 20 11 9 8 19 13 6 1 12 3 17 7 16 4 15 14 5 2 18 
student 739: 8 20 6 19 12 2 15 14 16 9 13 11 1 4 18 7 17 10 5 3 
student 740: 5 14 1 8 11 18 10 16 15 12 6 3 9 19 2 17 7 20 13 4 
student 741: 6 18 11 15 12 13 19 5 9 10 7 3 2 1 20 8 16 14 4 17 
student 742: 1 4 6 18 13 12 20 7 5 3 14 8 2 16 11 17 19 10 9 15 
student 743: 5 19 14 12 9 4 13 18 11 1 16 8 10 6 20 15 7 3 17 2 
student 744: 16 19 7 15 12 14 8 10 20 4 1 9 3 6 18 13 17 11 5 2 
student 745: 7 17 12 20 4 16 8 1 13 2 18 6 14 19 11 3 15 10 9 5 
student 746: 1 2 18 15 6 19 20 11 13 9 7 5 8 10 3 12 4 16 14 17 
student 747: 18 16 7 14 9 17 19 1 13 15 5 10 3 2 4 6 8 11 20 12 
student 748: 5 8 19 1 9 18 7 10 2 11 20 4 3 17 12 14 15 6 13 16 
student 749: 7 16 12 1 3 19 10 13 18 20 4 6 2 17 11 8 15 9 5 14 
student 750: 19 17 9 20 10 5 11 6 18 13 8 15 1 12 7 2 14 3 16 4 
student 751: 20 17 15 6 11 19 18 5 1 4 2 7 14 12 16 3 13 9 10 8 
student 752: 7 14 5 19 20 12 3 4 9 11 1 6 15 10 17 2 13 16 18 8 
student 753: 2 8 15 14 19 18 13 16 17 7 1 9 3 12 4 5 10 20 11 6 
student 754: 5 3 4 20 10 19 11 8 7 15 16 9 6 18 1 12 2 17 13 14 
student 755: 3 11 17 7 13 14 19 8 20 5 4 15 1 18 16 9 12 6 10 2 
student 756: 1 18 4 7 13 10 17 2 6 12 20 8 11 3 19 16 14 15 5 9 
student 757: 2 8 17 18 10 15 5 4 16 19 7 20 3 13 12 1 6 14 9 11 
student 758: 5 12 13 8 1 3 20 6 9 4 17 14 7 18 10 2 15 19 11 16 
student 759: 3 12 16 11 13 18 9 5 15 10 20 19 6 14 4 17 8 1 2 7 
student 760: 2 8 15 14 20 12 17 3 18 4 9 10 1 19 6 16 11 5 7 13 
student 761: 3 8 11 19 2 14 20 13 12 18 1 17 10 4 15 5 6 16 7 9 
student 762: 16 12 19 11 3 2 8 4 17 7 15 10 13 9 1 20 18 14 6 5 
student 763: 7 2 13 4 3 14 6 16 19 11 5 20 18 9 12 10 15 17 1 8 
student 764: 9 6 15 17 18 20 12 8 7 5 16 11 3 10 14 19 13 4 2 1 
student 765: 14 18 12 6 5 15 20 9 16 8 11 2 3 7 19 4 13 10 17 1 
student 766: 6 8 5 19 3 20 17 11 1 16 15 10 9 18 2 4 14 13 12 7 
student 767: 9 8 7 5 11 3 20 6 15 2 19 4 17 14 10 16 1 18 12 13 
student 768: 3 8 12 11 6 1 15 19 16 4 7 18 2 14 20 5 17 9 13 10 
student 769: 3 11 1 9 14 7 15 12 20 2 5 19 8 16 10 17 13 6 18 4 
student 770: 10 8 14 4 2 16 5 7 9 6 1 18 11 15 19 20 3 17 13 12 
student 771: 20 7 10 1 6 9 15 19 16 18 3 17 14 11 5 4 13 2 8 12 
student 772: 10 18 3 7 1 19 9 6 14 15 13 11 5 4 20 16 17 8 12 2 
student 773: 7 14 6 17 2 3 18 1 8 15 13 9 19 10 12 11 20 4 16 5 
student 774: 15 13 19 11 5 18 17 4 7 1 20 6 12 16 14 10 8 9 2 3 
student 775: 12 2 14 1 13 4 18 9 15 3 5 7 8 17 20 11 19 6 16 10 
student 776: 6 13 2 11 7 16 19 3 8 1 5 10 12 15 18 14 17 9 20 4 
student 777: 7 2 5 15 19 18 4 13 10 6 9 12 11 8 20 17 14 16 1 3 
student 778: 9 17 11 18 3 15 6 16 13 20 4 7 10 5 14 19 12 1 8 2 
student 779: 5 4 7 20 9 1 18 2 11 13 19 8 15 12 16 6 17 10 14 3 
student 780: 19 5 4 12 13 3 2 8 10 17 15 1 11 20 16 9 14 18 7 6 
student 781: 6 5 3 7 10 14 17 1 12 19 11 8 9 20 16 2 15 18 4 13 
student 782: 5 14 8 9 16 17 2 1 12 11 18 10 15 13 6 20 19 7 4 3 
student 783: 16 12 19 8 4 9 18 6 17 13 15 3 2 11 14 10 5 20 7 1 
student 784: 3 4 10 12 19 16 13 14 6 15 7 1 11 20 18 8 17 5 9 2 
student 785: 7 15 11 13 4 14 6 3 12 17 18 5 10 20 16 1 19 9 8 2 
student 786: 9 7 13 5 1 12 18 4 17 2 14 8 6 20 19 11 15 16 10 3 
student 787: 1 18 13 12 5 4 16 10 15 14 9 17 8 2 19 20 11 3 7 6 
student 788: 7 6 14 5 9 18 20 8 19 3 15 11 10 1 13 4 16 12 17 2 
student 789: 10 19 1 3 2 15 7 11 14 17 4 8 5 12 20 9 16 13 6 18 
student 790: 7 13 5 20 15 17 8 2 16 11 19 12 10 3 14 1 9 18 6 4 
student 791: 4 13 16 6 3 12 17 7 8 11 10 14 18 2 20 5 15 9 1 19 
student 792: 13 16 11 10 3 20 9 8 18 6 5 2 15 14 19 7 17 1 12 4 
student 793: 10 13 20 5 8 18 7 17 15 1 19 12 14 16 3 2 6 11 4 9 
student 794: 12 3 19 6 4 10 20 16 13 9 8 5 1 15 18 17 11 7 2 14 
student 795: 20 7 4 5 14 17 18 8 15 13 1 12 2 10 19 9 6 16 11 3 
student 796: 6 17 13 15 3 20 8 5 7 19 4 2 14 18 16 11 9 12 10 1 
student 797: 6 18 19 20 1 9 14 4 12 3 15 13 5 16 17 10 8 7 11 2 
student 798: 7 15 13 20 1 8 4 12 14 17 16 5 11 2 19 10 6 18 3 9 
student 799: 17 10 14 9 15 11 18 4 13 19 3 7 1 12 16 8 2 20 5 6 
