student 0: 13 1 10 16 20 2 11 8 4 15 17 3 9 6 5 19 12 18 14 7 
student 1: 16 13 18 15 2 14 5 12 1 10 8 4 20 3 7 9 6 19 11 17 
student 2: 3 9 12 6 5 20 7 11 16 19 1 4 15 8 2 17 10 13 18 14 
student 3: 11 8 14 17 20 12 4 13 16 2 9 7 19 5 6 15 18 1 3 10 
student 4: 2 17 5 6 15 3 16 9 20 14 10 4 11 18 1 19 12 13 7 8 
student 5: 11 1 15 19 10 13 3 8 20 17 6 2 16 9 7 18 5 4 14 12 
student 6: 17 7 8 1 18 16 12 4 9 10 11 20 13 6 2 15 14 19 5 3 
student 7: 1 19 10 8 17 12 5 16 11 7 6 14 2 9 4 13 18 20 3 15 
student 8: 7 1 6 9 2 8 5 3 15 14 10 16 17 12 4 18 13 11 19 20 
student 9: 13 4 7 8 14 17 3 10 19 1 15 6 20 18 12 16 9 11 5 2 
student 10: 11 16 3 15 14 2 4 12 20 1 17 6 19 8 5 18 9 7 10 13 
student 11: 5 12 9 8 14 4 20 13 2 15 7 1 18 3 17 11 19 10 6 16 
student 12: 17 16 3 19 13 12 5 15 20 14 9 2 18 1 10 8 11 7 4 6 
student 13: 9 8 7 6 1 11 4 13 17 14 19 12 5 3 20 16 2 18 10 15 
student 14: 14 1 10 13 6 19 16 3 12 20 2 11 8 7 18 17 4 9 5 15 
student 15: 9 3 19 11 17 20 16 10 18 12 15 6 8 2 1 4 5 14 7 13 
student 16: 9 8 3 14 19 15 13 20 11 4 1 2 12 6 16 5 18 17 10 7 
student 17: 9 15 4 12 20 16 5 7 14 18 2 11 13 1 3 6 17 10 8 19 
student 18: 14 16 19 13 12 18 11 1 9 2 8 5 7 17 3 6 15 4 10 20 
student 19: 15 5 2 12 19 17 14 8 20 13 3 10 11 6 4 9 16 18 1 7 
student 20: 13 10 12 3 18 16 2 7 14 15 4 5 8 11 9 6 20 19 1 17 
student 21: 7 18 14 8 2 19 16 4 13 3 6 10 11 9 5 17 1 15 20 12 
student 22: 13 1 10 7 15 12 3 5 17 8 18 19 6 4 20 16 14 11 2 9 
student 23: 20 8 19 4 14 13 5 9 12 7 17 3 1 2 11 16 15 6 10 18 
student 24: 16 1 11 14 12 15 6 17 20 7 3 2 13 9 4 18 19 5 10 8 
student 25: 4 9 6 2 18 15 11 7 13 10 17 5 19 12 8 1 20 14 16 3 
student 26: 1 12 4 2 6 7 13 20 15 5 10 18 11 9 14 17 19 3 8 16 
student 27: 20 12 18 2 13 19 8 1 17 9 3 5 10 6 15 16 4 14 11 7 
student 28: 6 4 14 2 19 13 12 5 9 17 18 10 1 11 3 15 8 20 7 16 
student 29: 11 2 7 4 16 19 15 6 5 14 1 18 8 13 17 20 9 10 3 12 
student 30: 13 16 5 9 6 4 12 14 20 8 2 19 7 3 1 10 15 17 11 18 
student 31: 1 2 13 3 10 19 7 8 20 18 14 5 11 4 6 12 17 15 9 16 
student 32: 19 8 16 10 11 15 4 6 18 12 5 2 9 14 1 17 3 7 20 13 
student 33: 1 12 17 3 13 14 6 11 16 5 2 7 8 4 10 15 19 20 18 9 
student 34: 6 3 11 7 19 5 8 16 14 20 13 2 10 9 4 18 15 12 17 1 
student 35: 11 13 3 7 19 14 12 10 15 4 6 8 16 2 1 18 20 5 9 17 
student 36: 20 4 11 6 13 1 2 12 10 14 15 7 16 19 9 3 17 8 18 5 
student 37: 8 7 19 12 15 5 16 1 10 13 3 6 11 9 4 18 17 14 20 2 
student 38: 15 16 13 9 12 5 14 18 19 11 3 8 4 2 1 20 7 17 6 10 
student 39: 15 17 11 12 9 18 4 2 19 7 3 1 20 8 6 13 10 16 5 14 
student 40: 14 8 15 5 13 17 11 2 3 16 20 10 12 4 6 18 7 9 1 19 
student 41: 13 3 11 1 7 17 6 8 16 10 12 18 20 5 4 14 15 2 9 19 
student 42: 19 14 11 9 20 5 18 15 3 13 6 2 17 8 4 10 12 7 1 16 
student 43: 19 14 10 1 13 15 9 6 20 3 7 8 18 2 12 4 5 17 11 16 
student 44: 12 11 9 1 3 17 5 7 14 10 6 15 20 4 16 8 13 18 2 19 
student 45: 15 3 13 18 19 8 16 12 17 11 1 10 4 7 9 6 2 14 5 20 
student 46: 14 8 11 6 15 17 16 4 13 5 10 18 20 1 7 12 9 2 3 19 
student 47: 18 9 17 2 16 12 4 3 11 13 20 1 6 14 5 8 15 19 7 10 
student 48: 17 19 6 10 16 11 12 15 18 4 14 5 20 1 3 9 7 8 2 13 
student 49: 14 3 4 5 16 18 1 2 19 15 10 17 13 9 20 11 8 6 7 12 
student 50: 5 9 6 16 2 11 1 18 19 14 8 20 4 7 13 10 15 12 3 17 
student 51: 9 6 2 11 7 15 1 4 14 18 16 5 20 8 3 19 17 13 10 12 
student 52: 14 2 8 3 9 20 6 4 11 15 13 7 5 18 19 10 1 12 17 16 
student 53: 11 7 12 5 3 13 17 9 20 18 2 4 19 8 10 14 6 16 1 15 
student 54: 17 14 11 7 20 18 6 12 16 13 8 1 3 5 9 4 19 10 2 15 
student 55: 10 11 13 2 16 4 8 6 12 17 9 18 5 7 1 19 3 20 15 14 
student 56: 11 5 6 9 14 15 18 12 10 1 4 13 17 7 3 19 2 8 16 20 
student 57: 20 18 13 3 11 16 12 1 9 17 2 10 5 7 4 15 8 19 14 6 
student 58: 18 3 5 13 4 20 8 11 19 14 1 2 6 16 9 17 10 15 12 7 
student 59: 16 8 6 20 4 15 1 19 13 14 10 7 3 12 2 9 11 18 5 17 
student 60: 4 14 6 2 15 3 19 1 7 16 11 20 8 9 17 18 10 12 5 13 
student 61: 17 6 13 7 16 15 5 3 14 19 4 2 9 20 8 18 10 11 12 1 
student 62: 13 2 3 7 10 11 18 16 12 15 1 6 14 9 8 20 17 4 5 19 
student 63: 8 15 12 19 18 16 14 20 5 11 7 9 10 6 13 4 2 17 3 1 
student 64: 2 8 3 12 13 11 6 7 14 15 5 4 18 1 9 17 10 16 19 20 
student 65: 19 10 20 17 18 3 4 5 13 12 6 15 14 2 1 9 11 16 7 8 
student 66: 10 14 18 6 16 13 8 4 15 1 7 17 9 3 11 20 5 2 12 19 
student 67: 17 10 15 4 5 7 3 13 9 20 12 6 19 2 8 16 1 11 14 18 
student 68: 15 2 7 14 1 19 12 17 20 13 4 9 3 10 8 6 16 11 5 18 
student 69: 4 16 15 1 9 19 18 5 17 8 3 2 11 7 10 14 12 13 20 6 
student 70: 3 10 12 7 18 20 13 6 16 9 1 11 2 14 8 15 5 17 4 19 
student 71: 10 14 17 4 18 13 2 3 9 11 5 6 7 8 1 20 19 12 15 16 
student 72: 6 9 13 15 2 12 10 5 18 20 4 1 11 7 14 8 3 17 16 19 
student 73: 17 16 8 18 19 2 1 7 10 20 11 9 15 4 6 14 13 3 5 12 
student 74: 1 3 6 11 15 13 17 4 20 19 7 10 8 16 5 18 14 12 2 9 
student 75: 17 6 10 15 2 9 4 16 19 11 8 14 20 5 3 7 12 13 1 18 
student 76: 5 10 4 1 15 17 9 19 12 2 14 20 6 13 8 16 7 3 11 18 
student 77: 14 5 1 7 3 15 13 6 19 9 4 12 8 18 2 20 16 17 11 10 
student 78: 2 6 8 14 18 16 4 13 17 10 1 7 12 5 3 19 15 9 11 20 
student 79: 14 5 19 2 10 11 8 9 20 17 7 3 16 4 1 18 12 6 13 15 
student 80: 16 4 17 5 12 15 9 1 19 20 8 11 10 6 2 7 14 3 13 18 
student 81: 6 2 20 1 12 4 9 14 8 7 18 19 16 13 5 15 11 3 10 17 
student 82: 11 7 9 3 10 12 17 2 8 5 13 16 15 1 4 20 18 19 6 14 
student 83: 10 7 4 2 18 20 15 12 11 6 16 13 17 5 1 9 8 19 3 14 
student 84: 9 3 13 14 11 18 2 17 20 8 1 5 12 6 7 15 10 16 4 19 
student 85: 11 12 2 14 6 7 10 1 19 8 3 9 16 13 5 20 17 18 4 15 
student 86: 15 3 6 14 18 12 7 13 5 17 2 8 4 10 1 9 11 19 20 16 
student 87: 20 9 14 12 18 13 2 4 10 1 8 7 3 19 11 16 5 17 15 6 
student 88: 15 5 11 18 16 3 13 9 19 14 17 6 12 8 4 20 10 7 2 1 
student 89: 17 14 16 7 8 20 5 9 6 11 12 1 10 2 18 15 3 19 4 13 
student 90: 20 16 10 4 19 18 11 1 2 6 3 8 15 9 5 13 14 17 12 7 
student 91: 3 14 19 10 7 16 11 8 17 13 2 6 1 5 9 12 15 18 20 4 
student 92: 6 17 11 13 18 16 8 9 20 2 12 5 1 4 3 19 14 10 15 7 
student 93: 16 2 13 3 12 15 4 1 18 19 10 8 9 11 17 7 14 20 6 5 
student 94: 19 3 10 20 18 6 9 2 16 13 14 17 12 5 1 15 11 8 7 4 
student 95: 16 13 8 12 15 10 7 18 17 5 2 20 1 4 6 14 11 9 3 19 
student 96: 18 12 20 5 3 6 17 4 19 10 2 13 1 9 8 16 7 11 15 14 
student 97: 12 8 2 11 16 5 13 20 18 9 7 17 19 1 6 15 3 10 14 4 
student 98: 6 4 9 1 18 8 15 5 12 7 2 3 14 11 20 19 10 13 16 17 
student 99: 15 10 14 5 9 17 6 7 20 18 1 13 19 2 3 16 11 8 12 4 
student 100: 16 5 17 11 9 19 18 13 3 4 12 7 2 1 15 8 20 14 6 10 
student 101: 17 9 7 8 12 20 2 6 16 13 5 19 14 11 4 15 1 18 3 10 
student 102: 2 18 20 8 17 1 7 14 16 19 11 4 10 3 9 12 6 13 15 5 
student 103: 10 16 4 12 18 7 14 15 13 6 1 8 11 3 5 20 17 9 2 19 
student 104: 20 1 11 5 3 13 16 2 7 19 4 8 18 14 9 12 6 10 17 15 
student 105: 13 9 14 6 19 15 4 7 17 2 8 1 12 11 3 20 5 16 10 18 
student 106: 9 8 4 10 2 13 11 3 19 5 15 14 20 1 6 18 12 17 16 7 
student 107: 11 17 15 14 10 5 18 9 12 8 2 4 20 6 3 7 19 1 13 16 
student 108: 13 12 1 15 17 5 9 8 18 16 2 3 4 6 7 10 11 20 14 19 
student 109: 12 15 16 8 17 19 20 1 13 10 2 5 11 9 3 18 14 7 6 4 
student 110: 2 10 11 5 20 19 3 4 15 12 1 8 13 17 6 14 7 18 9 16 
student 111: 18 7 17 13 16 20 8 5 19 14 12 4 3 9 1 10 15 2 11 6 
student 112: 3 2 18 8 14 15 13 16 9 12 1 4 20 11 7 19 5 6 17 10 
student 113: 16 1 11 17 13 19 5 2 3 6 8 14 15 18 7 20 4 12 10 9 
student 114: 16 2 17 13 18 15 8 3 20 9 1 5 10 4 11 19 14 12 6 7 
student 115: 1 12 10 5 13 16 14 18 19 11 20 9 7 4 3 15 2 17 6 8 
student 116: 17 4 6 18 7 20 13 8 19 14 1 11 16 15 5 9 2 12 10 3 
student 117: 7 12 11 9 19 13 3 5 16 14 6 2 8 1 4 20 18 17 10 15 
student 118: 13 1 7 4 2 9 11 3 20 8 6 10 16 19 14 17 15 18 12 5 
student 119: 14 8 17 2 18 15 10 6 5 19 4 16 9 3 7 12 13 20 1 11 
student 120: 1 6 3 10 20 5 16 4 19 18 14 15 12 9 7 8 13 17 2 11 
student 121: 20 7 12 14 2 13 4 1 17 6 9 5 18 8 3 19 11 10 15 16 
student 122: 18 6 9 12 16 14 15 2 1 20 7 13 4 17 3 19 11 8 10 5 
student 123: 12 20 4 9 19 18 6 3 14 1 11 2 13 8 16 17 7 15 10 5 
student 124: 3 4 12 14 16 11 7 13 19 10 1 2 9 17 6 20 15 5 8 18 
student 125: 2 9 10 7 6 14 5 1 15 19 11 3 17 4 12 18 16 13 8 20 
student 126: 19 5 12 17 18 14 7 10 20 9 3 2 6 4 1 15 16 13 11 8 
student 127: 16 15 18 10 7 8 3 1 2 19 5 14 11 4 6 12 17 20 9 13 
student 128: 12 2 19 9 18 20 16 15 3 14 11 6 10 1 13 4 5 17 8 7 
student 129: 2 6 4 9 12 17 14 18 15 16 7 19 5 3 13 20 8 10 1 11 
student 130: 10 13 20 4 7 14 18 1 19 6 11 9 12 15 3 5 17 16 8 2 
student 131: 17 7 1 2 8 3 10 5 18 15 4 9 11 6 19 16 13 14 12 20 
student 132: 9 11 1 8 16 6 19 15 13 7 5 18 4 3 10 12 2 17 14 20 
student 133: 14 9 19 7 16 2 20 8 13 1 15 4 5 12 6 11 17 18 10 3 
student 134: 8 19 7 6 12 5 9 3 17 11 14 1 13 10 2 15 4 20 18 16 
student 135: 13 3 10 17 9 6 1 4 16 8 14 2 11 5 15 12 20 19 18 7 
student 136: 11 10 12 6 9 13 2 19 16 20 4 17 7 1 5 14 8 15 3 18 
student 137: 11 5 4 8 18 17 20 9 16 3 13 10 1 2 12 14 6 15 19 7 
student 138: 17 10 8 14 12 11 5 7 15 19 3 9 1 6 2 20 13 18 4 16 
student 139: 19 6 3 10 15 11 2 5 18 8 17 7 14 1 13 20 9 4 12 16 
student 140: 17 1 12 6 5 19 20 3 13 2 9 10 16 14 7 18 8 15 4 11 
student 141: 3 6 11 10 8 16 9 5 15 19 4 17 13 1 2 20 14 18 7 12 
student 142: 6 16 4 3 12 14 8 11 18 5 15 2 17 9 1 7 13 20 10 19 
student 143: 1 15 11 20 16 19 2 7 13 4 9 6 10 3 5 14 17 12 18 8 
student 144: 7 12 3 2 20 11 19 10 16 6 1 8 5 4 18 13 14 15 17 9 
student 145: 20 12 4 14 9 1 15 6 8 5 10 11 17 3 7 18 19 13 2 16 
student 146: 2 17 16 5 20 12 3 7 8 10 11 15 6 18 1 13 9 14 4 19 
student 147: 14 10 20 1 12 4 3 15 7 2 5 13 11 6 9 18 19 17 8 16 
student 148: 13 12 3 9 19 14 2 1 5 4 16 10 20 18 6 17 11 15 8 7 
student 149: 17 5 7 10 3 19 6 8 11 13 1 16 15 2 4 14 12 18 9 20 
student 150: 17 1 14 10 11 3 18 7 5 2 12 6 20 8 15 16 19 13 4 9 
student 151: 17 1 12 15 2 18 4 9 11 6 5 14 7 13 3 19 20 10 16 8 
student 152: 10 18 9 13 11 16 14 17 15 4 3 8 2 1 7 19 6 12 5 20 
student 153: 18 9 16 14 12 20 10 6 15 8 4 7 1 3 17 19 2 13 11 5 
student 154: 3 16 18 15 4 10 12 1 14 7 6 17 19 2 13 8 5 20 9 11 
student 155: 3 14 4 13 16 20 6 8 17 15 10 2 7 5 11 19 12 9 1 18 
student 156: 17 9 2 8 13 15 18 5 7 6 4 11 10 3 12 14 20 19 1 16 
student 157: 17 16 7 15 5 19 13 4 18 3 6 10 1 9 8 12 2 14 20 11 
student 158: 14 12 3 2 16 17 10 5 18 15 7 6 4 1 11 19 20 13 9 8 
student 159: 5 12 4 17 20 15 6 13 16 19 3 9 7 1 2 18 11 8 14 10 
student 160: 13 2 5 11 15 7 16 17 10 8 4 3 6 1 12 20 14 19 9 18 
student 161: 20 10 8 18 15 11 7 1 4 6 19 17 16 13 3 9 2 14 5 12 
student 162: 18 17 7 5 12 20 10 4 13 15 8 2 14 1 9 19 16 3 6 11 
student 163: 14 12 2 11 13 8 4 18 19 5 7 10 15 3 9 16 20 6 1 17 
student 164: 11 14 13 2 1 19 15 7 17 12 20 4 8 5 3 18 6 10 9 16 
student 165: 13 16 11 4 15 7 8 2 9 3 14 5 17 1 20 18 6 19 12 10 
student 166: 8 3 18 20 6 10 14 5 17 7 13 4 1 11 12 19 9 15 2 16 
student 167: 18 11 17 13 7 19 2 16 14 4 1 9 8 6 5 15 20 12 10 3 
student 168: 16 20 3 14 19 17 1 10 18 5 8 13 12 2 6 11 4 7 15 9 
student 169: 2 6 11 5 18 17 15 12 19 3 7 13 8 10 1 9 20 14 16 4 
student 170: 20 5 3 12 4 1 13 11 19 18 7 9 6 14 2 10 15 16 17 8 
student 171: 19 7 15 4 3 8 6 11 18 17 13 14 10 12 1 20 2 9 5 16 
student 172: 13 5 15 20 8 16 3 9 14 10 2 1 18 6 4 17 7 12 11 19 
student 173: 15 19 1 3 12 4 10 17 5 6 2 9 18 7 11 13 8 20 14 16 
student 174: 20 9 4 3 10 13 5 8 15 12 17 7 19 2 1 11 6 14 16 18 
student 175: 2 19 3 4 16 17 6 5 15 10 8 18 1 11 20 12 14 13 9 7 
student 176: 17 2 11 16 20 18 19 4 7 8 5 13 12 1 6 10 9 3 15 14 
student 177: 12 15 1 3 11 19 13 16 6 9 20 10 2 5 4 17 7 14 8 18 
student 178: 7 13 1 9 18 17 4 15 14 2 10 6 12 3 5 19 11 20 16 8 
student 179: 9 15 1 4 20 10 7 2 14 16 11 19 3 12 18 17 5 6 8 13 
student 180: 18 14 10 16 7 9 15 12 17 19 2 5 4 6 11 13 1 8 20 3 
student 181: 13 11 10 20 5 14 18 2 15 1 7 19 3 8 9 6 4 12 17 16 
student 182: 3 15 5 1 16 4 6 8 11 19 14 18 2 7 10 20 12 9 17 13 
student 183: 16 2 10 5 12 15 13 3 20 14 4 19 9 1 17 18 11 7 6 8 
student 184: 19 3 4 7 16 5 12 2 6 17 13 10 18 1 9 20 14 8 15 11 
student 185: 20 11 7 4 16 19 9 12 14 5 10 13 15 8 1 3 2 17 6 18 
student 186: 8 13 4 7 14 19 12 6 18 16 1 5 15 11 3 20 9 10 2 17 
student 187: 10 4 18 16 20 17 13 12 11 15 2 9 6 14 3 8 19 7 1 5 
student 188: 13 18 7 4 19 14 3 6 15 12 11 17 9 8 1 2 5 20 10 16 
student 189: 14 4 13 7 9 12 1 2 8 16 17 5 10 6 3 19 11 18 15 20 
student 190: 12 8 11 1 10 18 5 14 16 2 7 3 13 6 4 19 20 15 9 17 
student 191: 7 9 18 5 8 20 1 6 12 15 4 16 2 10 19 3 13 14 11 17 
student 192: 18 15 4 13 8 17 16 6 14 10 12 1 2 7 3 19 11 5 20 9 
student 193: 4 16 10 2 13 8 19 12 7 11 18 3 5 14 1 15 20 17 9 6 
student 194: 11 1 6 10 18 7 8 16 4 14 3 19 12 5 20 15 13 2 17 9 
student 195: 14 3 15 2 12 1 18 13 6 5 8 11 19 7 17 16 10 20 4 9 
student 196: 14 20 7 5 1 12 10 18 8 15 2 13 11 4 3 19 9 6 17 16 
student 197: 11 14 12 2 13 10 7 8 20 3 9 4 16 6 1 18 19 17 5 15 
student 198: 2 15 9 4 7 5 8 11 18 1 6 13 3 16 10 19 20 14 12 17 
student 199: 14 2 8 4 15 10 9 1 13 12 17 11 20 5 3 16 7 18 19 6 
student 200: 18 5 17 8 16 19 14 3 13 6 7 12 20 1 2 10 9 15 4 11 
student 201: 20 19 8 13 12 3 18 2 16 14 6 1 11 9 17 4 15 5 7 10 
student 202: 18 3 8 20 13 5 7 2 12 17 4 10 11 1 19 14 6 16 9 15 
student 203: 8 12 9 10 5 20 18 2 14 11 4 1 15 3 6 16 17 19 7 13 
student 204: 18 13 6 4 19 11 1 8 16 7 5 3 15 2 12 20 10 14 9 17 
student 205: 19 11 13 4 6 7 18 5 20 2 16 12 3 9 8 10 17 15 1 14 
student 206: 9 12 1 15 19 17 6 5 13 20 3 14 16 7 2 4 8 18 11 10 
student 207: 16 12 10 8 20 11 2 6 13 19 7 4 5 9 3 18 15 1 14 17 
student 208: 9 17 6 5 11 14 12 1 16 10 15 4 8 7 2 3 13 20 19 18 
student 209: 5 11 15 10 13 14 9 1 16 12 2 6 19 4 3 20 7 18 17 8 
student 210: 10 1 16 9 19 11 14 6 17 3 4 7 15 2 5 18 13 12 20 8 
student 211: 3 20 7 18 2 17 12 15 13 8 1 5 6 11 4 16 9 19 10 14 
student 212: 16 11 17 1 3 20 2 10 19 14 6 18 4 5 13 8 9 7 12 15 
student 213: 17 14 15 19 8 12 1 11 20 9 2 13 10 5 6 16 18 4 3 7 
student 214: 19 14 17 3 5 18 10 6 16 13 4 15 9 12 2 20 7 1 8 11 
student 215: 14 5 13 9 19 15 11 20 6 18 4 3 1 8 2 7 17 16 12 10 
student 216: 15 6 9 12 18 8 13 7 14 4 19 5 10 1 20 3 2 16 17 11 
student 217: 13 6 20 12 9 18 11 7 15 19 4 3 17 1 2 5 8 10 14 16 
student 218: 12 4 14 13 18 16 6 2 7 9 3 8 19 5 1 17 11 15 10 20 
student 219: 10 11 9 12 15 19 13 5 6 17 1 20 8 3 16 18 4 14 2 7 
student 220: 8 13 10 16 12 17 9 2 7 18 6 4 19 14 20 1 3 11 15 5 
student 221: 5 20 17 15 9 6 1 12 19 2 11 4 14 16 8 3 18 13 10 7 
student 222: 12 5 11 4 14 18 8 7 3 1 13 9 15 6 2 17 10 20 19 16 
student 223: 19 12 1 15 20 17 2 3 6 16 7 14 5 13 18 8 10 9 4 11 
student 224: 13 11 1 2 15 14 9 4 16 20 6 5 10 7 17 18 12 8 19 3 
student 225: 14 6 19 15 5 9 13 12 17 16 18 3 8 10 2 20 1 11 7 4 
student 226: 14 5 19 3 16 12 13 6 10 11 18 20 2 1 7 17 8 9 4 15 
student 227: 7 16 15 2 20 8 6 11 17 4 1 12 13 9 10 5 19 18 14 3 
student 228: 13 4 8 18 20 2 1 9 5 10 12 14 6 3 16 11 7 15 19 17 
student 229: 4 15 8 14 16 17 18 1 5 6 12 2 7 19 3 9 20 10 11 13 
student 230: 5 15 13 6 9 4 3 16 10 17 12 18 19 8 20 7 14 1 11 2 
student 231: 12 17 8 1 19 20 10 6 15 2 14 16 18 5 3 11 7 13 4 9 
student 232: 20 17 19 1 4 9 18 5 12 3 6 7 13 2 10 15 8 16 14 11 
student 233: 18 2 13 6 3 9 8 1 16 11 15 19 14 4 10 12 5 7 20 17 
student 234: 18 10 19 12 9 11 3 2 20 5 7 8 16 14 4 17 13 6 1 15 
student 235: 13 1 2 11 19 3 15 6 7 18 4 17 9 5 12 20 10 16 14 8 
student 236: 7 1 9 13 5 18 19 17 14 12 11 8 16 4 6 20 10 15 2 3 
student 237: 17 1 2 3 16 10 9 12 15 8 20 13 5 6 7 19 14 18 11 4 
student 238: 13 14 12 16 20 18 1 4 7 19 3 17 6 10 15 9 11 2 8 5 
student 239: 18 16 15 8 12 14 5 17 20 4 11 2 19 1 7 13 6 10 9 3 
student 240: 18 1 13 4 11 19 3 6 15 14 9 5 20 10 2 12 7 17 16 8 
student 241: 5 16 10 7 6 14 15 20 13 12 11 1 18 8 2 17 4 19 9 3 
student 242: 3 1 9 19 20 16 12 5 4 11 6 7 15 10 2 18 8 17 14 13 
student 243: 20 17 8 1 7 13 3 5 14 4 16 9 18 2 10 6 11 19 12 15 
student 244: 20 6 15 8 10 2 18 3 5 11 4 1 19 13 14 9 17 12 16 7 
student 245: 19 3 14 9 17 20 5 10 4 6 16 1 11 12 13 15 7 2 18 8 
student 246: 11 1 15 2 19 14 16 7 6 10 3 9 13 4 5 17 18 20 12 8 
student 247: 12 4 15 5 14 11 17 20 16 7 9 2 10 6 1 18 8 19 13 3 
student 248: 6 13 20 2 11 17 4 15 19 16 5 7 14 3 8 12 1 18 9 10 
student 249: 19 17 7 13 8 20 10 11 5 1 2 18 12 9 3 15 6 14 4 16 
student 250: 14 1 8 4 17 20 19 5 2 15 9 11 3 6 13 16 12 7 18 10 
student 251: 9 2 18 4 12 16 20 6 17 14 15 3 13 10 1 7 8 19 11 5 
student 252: 17 9 6 12 16 19 20 3 14 15 4 7 18 2 8 1 13 11 10 5 
student 253: 13 8 11 1 15 19 5 18 20 10 9 2 3 17 12 6 4 7 16 14 
student 254: 2 4 14 19 11 17 20 12 15 6 18 5 13 3 9 7 16 10 8 1 
student 255: 15 3 8 1 16 19 6 9 11 18 4 14 7 10 2 17 20 13 5 12 
student 256: 18 20 14 9 1 17 3 6 19 2 11 15 8 4 10 12 16 13 5 7 
student 257: 17 6 13 9 18 16 10 20 19 5 1 11 4 7 3 14 2 8 12 15 
student 258: 11 4 13 14 20 15 3 10 12 6 16 8 7 1 2 9 18 19 5 17 
student 259: 18 11 4 8 9 12 15 17 14 20 2 3 10 1 6 19 5 13 16 7 
student 260: 17 1 7 19 12 8 10 20 18 11 5 3 4 9 2 15 6 13 14 16 
student 261: 15 1 18 5 14 8 13 11 7 19 4 9 20 2 6 16 3 17 12 10 
student 262: 17 15 6 7 11 20 18 5 4 14 1 2 12 13 10 16 19 9 3 8 
student 263: 16 19 10 15 12 9 13 5 20 8 2 3 1 11 6 18 4 14 7 17 
student 264: 10 1 3 8 12 11 6 2 18 15 7 5 9 17 4 16 20 19 13 14 
student 265: 11 2 8 9 18 12 13 7 10 15 6 19 3 1 5 14 16 20 17 4 
student 266: 11 1 10 2 14 20 13 8 19 9 4 3 18 5 7 17 12 16 15 6 
student 267: 1 20 14 7 11 19 6 12 18 17 5 4 9 8 10 2 13 3 15 16 
student 268: 13 4 11 17 8 14 20 2 5 19 1 15 10 6 3 16 12 9 7 18 
student 269: 18 2 7 10 9 15 3 12 8 6 4 11 14 5 1 19 13 20 16 17 
student 270: 11 3 13 19 18 15 7 12 20 9 8 1 6 17 4 2 10 5 16 14 
student 271: 10 15 17 11 14 19 6 9 20 4 2 7 13 1 8 5 12 16 3 18 
student 272: 4 19 18 12 14 13 3 11 16 17 6 8 7 2 1 10 20 9 15 5 
student 273: 4 10 18 20 9 13 2 1 19 11 14 3 17 7 5 6 15 12 16 8 
student 274: 10 7 13 4 17 8 1 9 5 15 2 3 12 6 18 14 11 16 20 19 
student 275: 16 1 8 3 20 12 9 4 17 19 11 14 15 7 2 5 6 18 10 13 
student 276: 16 17 14 1 13 19 2 3 18 15 10 9 6 4 11 8 20 12 7 5 
student 277: 16 19 11 17 13 3 1 9 6 8 10 7 14 5 2 20 15 18 4 12 
student 278: 8 19 17 1 9 20 14 18 15 7 2 4 16 5 11 12 3 10 6 13 
student 279: 5 9 15 20 19 18 14 4 13 17 2 8 6 3 10 7 1 11 16 12 
student 280: 14 20 3 19 8 17 1 10 16 18 4 6 13 2 5 12 11 9 7 15 
student 281: 5 14 10 16 20 19 1 9 12 4 6 11 15 3 2 17 7 18 8 13 
student 282: 4 20 9 8 3 13 14 2 19 18 6 12 7 1 10 16 15 5 11 17 
student 283: 12 4 6 2 14 15 13 3 16 20 8 7 11 19 5 9 1 17 10 18 
student 284: 4 14 13 10 19 3 9 7 17 11 5 2 1 8 6 18 20 16 12 15 
student 285: 9 10 1 19 13 11 7 14 5 4 8 2 6 16 3 12 15 17 18 20 
student 286: 14 2 4 7 19 12 11 1 17 15 9 6 5 3 10 20 8 13 18 16 
student 287: 19 6 4 9 3 20 12 2 7 1 14 11 18 16 5 10 15 17 8 13 
student 288: 6 14 13 8 11 15 7 19 5 20 3 4 18 2 16 17 9 1 10 12 
student 289: 2 3 16 4 17 13 11 1 7 6 18 8 20 14 5 9 10 15 12 19 
student 290: 11 18 14 12 9 2 6 16 5 13 1 7 3 10 8 15 19 17 4 20 
student 291: 1 5 7 10 19 16 6 2 20 12 18 15 8 14 11 9 13 17 3 4 
student 292: 15 14 1 20 5 19 4 8 10 7 6 9 11 3 2 16 18 12 13 17 
student 293: 20 19 12 3 9 17 11 10 15 14 1 7 2 8 4 18 6 13 5 16 
student 294: 5 3 1 7 19 18 13 20 16 9 12 2 17 11 14 4 15 6 8 10 
student 295: 10 13 4 5 1 19 6 12 20 14 11 3 15 18 2 17 8 9 16 7 
student 296: 10 7 12 1 19 13 8 4 17 9 3 14 20 11 15 6 18 5 16 2 
student 297: 19 14 1 18 9 20 8 4 17 6 3 13 10 12 11 2 7 16 15 5 
student 298: 6 5 15 7 2 1 16 3 19 17 4 9 10 14 20 11 12 13 8 18 
student 299: 4 6 13 3 19 18 1 8 12 16 5 10 9 2 7 14 15 20 11 17 
student 300: 4 8 9 7 13 1 16 2 11 14 6 17 10 3 5 12 15 18 19 20 
student 301: 13 4 12 5 19 3 8 11 17 18 9 6 7 1 10 15 16 20 2 14 
student 302: 11 9 7 2 12 3 14 4 13 5 15 16 18 6 1 19 17 10 8 20 
student 303: 20 8 12 6 14 18 7 4 3 11 15 1 9 19 5 10 2 13 17 16 
student 304: 18 1 14 9 17 3 2 12 19 20 10 8 4 5 7 6 13 15 16 11 
student 305: 17 4 20 15 9 16 11 2 14 8 5 18 7 3 10 6 13 19 1 12 
student 306: 1 2 10 15 18 16 7 8 19 11 6 3 9 20 12 14 5 13 4 17 
student 307: 19 11 15 5 13 3 17 9 10 12 4 14 18 20 1 16 8 2 7 6 
student 308: 5 7 1 2 19 14 17 13 11 12 6 3 10 4 8 20 18 15 9 16 
student 309: 12 6 14 4 19 18 8 2 20 17 9 1 3 13 5 7 15 16 11 10 
student 310: 1 13 2 6 5 10 17 16 15 20 14 8 7 12 11 18 19 4 3 9 
student 311: 18 5 14 10 16 12 7 13 11 15 1 8 6 2 3 4 17 20 19 9 
student 312: 1 2 11 18 10 14 7 9 8 17 6 4 13 16 3 19 15 20 5 12 
student 313: 17 2 6 15 16 19 3 5 9 11 18 12 14 8 1 13 10 7 4 20 
student 314: 11 10 4 6 13 8 15 17 7 16 20 2 19 1 14 9 3 18 5 12 
student 315: 12 6 8 9 1 20 3 17 2 19 11 5 10 7 4 14 15 18 16 13 
student 316: 7 1 3 12 20 19 5 17 11 9 8 6 16 2 14 4 18 13 15 10 
student 317: 7 13 14 9 19 18 6 4 12 8 16 5 10 2 17 20 11 15 3 1 
student 318: 14 4 8 15 16 20 2 1 12 13 7 6 11 9 10 18 3 17 5 19 
student 319: 18 10 11 5 3 15 9 2 6 17 1 8 12 4 7 20 13 19 16 14 
student 320: 5 9 15 12 14 3 11 2 18 16 7 10 20 6 1 17 4 13 19 8 
student 321: 19 2 14 3 15 9 18 12 7 5 13 1 6 20 16 4 11 17 8 10 
student 322: 16 14 2 8 5 15 11 18 12 19 9 1 4 10 6 20 13 7 17 3 
student 323: 15 1 12 9 13 10 17 4 14 8 5 19 20 2 7 11 16 3 6 18 
student 324: 19 4 13 9 17 12 20 5 11 14 2 6 18 3 16 10 7 15 8 1 
student 325: 10 18 4 6 19 12 3 15 17 7 1 11 16 2 14 13 8 20 5 9 
student 326: 7 9 15 2 13 12 18 10 5 3 14 4 6 1 19 17 8 20 16 11 
student 327: 5 3 6 9 19 15 4 1 16 12 10 7 2 18 8 20 17 14 11 13 
student 328: 4 7 13 10 6 8 12 19 16 15 9 5 11 1 2 3 20 18 17 14 
student 329: 5 17 1 14 15 13 19 20 11 7 8 10 9 16 3 18 4 6 2 12 
student 330: 17 20 4 5 9 14 8 7 15 11 3 1 16 2 6 12 18 13 19 10 
student 331: 19 6 10 7 14 15 13 12 16 11 1 2 5 4 8 20 9 17 3 18 
student 332: 12 2 13 8 14 20 19 4 11 7 9 3 17 6 5 16 10 18 1 15 
student 333: 4 11 18 2 12 20 1 14 16 3 8 10 19 13 5 7 9 15 17 6 
student 334: 4 11 16 7 15 14 13 8 12 19 20 5 18 6 3 17 1 2 9 10 
student 335: 19 10 16 4 18 9 1 6 15 13 3 11 8 14 2 17 12 5 7 20 
student 336: 10 13 2 8 14 12 17 19 16 20 3 6 7 1 18 9 15 5 4 11 
student 337: 1 4 13 9 19 12 10 7 15 17 6 5 20 2 8 11 18 16 3 14 
student 338: 20 11 10 13 12 15 16 6 19 17 5 8 9 1 3 18 2 7 14 4 
student 339: 19 2 4 15 1 16 17 18 20 8 5 10 7 3 12 13 9 6 14 11 
student 340: 6 9 17 3 12 7 11 5 19 18 1 13 15 4 2 10 20 16 14 8 
student 341: 12 18 4 15 19 10 13 16 7 1 6 3 2 8 9 17 20 14 5 11 
student 342: 20 1 12 5 17 16 13 15 2 19 4 3 9 10 11 18 7 14 6 8 
student 343: 19 4 6 13 18 7 14 5 8 12 11 2 1 9 3 17 16 20 15 10 
student 344: 9 17 7 6 10 19 14 1 3 13 12 4 5 16 8 2 11 15 18 20 
student 345: 15 4 12 20 14 3 18 9 6 8 7 5 1 11 13 16 17 2 10 19 
student 346: 18 15 20 2 16 19 9 1 6 11 5 14 17 3 10 7 8 13 12 4 
student 347: 17 5 11 20 19 13 10 7 16 6 9 4 18 3 2 8 15 12 14 1 
student 348: 6 20 5 14 12 16 10 2 18 15 7 4 9 3 1 17 8 13 11 19 
student 349: 17 5 10 16 20 12 13 11 19 2 6 9 3 8 1 7 18 4 14 15 
student 350: 3 11 14 10 1 15 20 6 2 12 17 16 7 5 8 18 9 13 19 4 
student 351: 11 8 1 18 14 15 6 19 16 20 5 7 3 13 10 17 9 2 12 4 
student 352: 16 8 14 9 15 20 10 13 7 18 3 1 6 11 4 19 5 17 2 12 
student 353: 7 12 16 10 18 20 15 5 6 11 3 9 1 19 4 13 17 14 2 8 
student 354: 7 3 10 5 17 11 16 15 6 20 12 4 18 9 2 13 14 19 1 8 
student 355: 16 13 8 7 14 4 10 12 19 17 9 3 15 20 2 1 18 5 6 11 
student 356: 16 6 13 14 7 19 3 5 12 9 4 11 20 10 18 17 15 2 1 8 
student 357: 6 8 12 9 20 16 4 13 3 11 10 7 15 2 5 1 14 17 19 18 
student 358: 13 11 4 1 12 14 8 2 15 16 17 5 20 3 10 18 7 19 6 9 
student 359: 13 1 3 4 19 16 20 2 15 8 18 7 11 6 5 14 10 9 12 17 
student 360: 7 17 12 5 13 14 6 2 15 16 18 8 3 9 1 19 20 11 10 4 
student 361: 16 5 9 1 11 10 19 3 13 17 4 14 20 2 6 12 18 15 8 7 
student 362: 9 7 12 6 14 20 1 19 3 15 11 16 18 5 10 17 2 4 8 13 
student 363: 20 7 2 1 12 16 17 11 14 6 18 4 5 9 3 19 8 15 10 13 
student 364: 13 8 17 10 11 20 2 3 19 4 1 5 14 12 7 9 15 18 16 6 
student 365: 7 16 18 12 19 3 9 11 5 17 4 6 10 20 2 14 1 15 8 13 
student 366: 19 10 20 8 18 5 9 13 7 17 6 2 14 3 1 12 16 15 4 11 
student 367: 6 9 12 11 7 18 15 5 19 8 1 14 20 4 3 16 2 13 10 17 
student 368: 11 18 7 1 20 19 4 16 14 9 5 8 15 6 12 10 13 17 3 2 
student 369: 14 6 5 10 16 18 7 2 1 12 3 15 20 13 9 19 11 8 4 17 
student 370: 10 15 16 8 17 5 3 13 20 11 2 14 12 1 9 7 18 4 6 19 
student 371: 12 14 1 10 15 9 4 3 17 16 6 5 8 13 2 18 19 20 11 7 
student 372: 14 7 5 19 4 12 1 3 13 18 11 17 6 2 8 16 9 10 15 20 
student 373: 7 14 13 3 20 17 19 5 18 15 1 16 10 11 4 2 8 6 9 12 
student 374: 11 1 3 4 14 19 18 12 6 5 17 8 2 13 10 16 15 7 9 20 
student 375: 11 18 8 17 13 20 6 1 5 19 3 10 12 15 2 16 14 9 7 4 
student 376: 20 12 14 5 19 10 18 8 13 11 6 4 1 7 2 15 9 16 3 17 
student 377: 12 1 20 16 18 4 7 9 3 5 11 2 19 6 8 10 17 14 15 13 
student 378: 17 9 4 10 8 19 13 14 6 12 2 1 15 5 20 7 11 16 3 18 
student 379: 3 5 19 10 12 2 7 18 8 16 15 4 11 14 1 9 13 20 6 17 
student 380: 17 4 12 11 15 10 9 6 20 19 7 1 18 5 2 8 16 3 14 13 
student 381: 11 4 13 6 2 8 17 3 14 7 1 5 20 12 10 15 18 19 16 9 
student 382: 7 3 15 5 12 11 17 8 1 10 18 2 16 4 13 19 6 20 9 14 
student 383: 18 2 8 13 15 16 20 11 9 12 4 5 6 7 3 10 1 14 17 19 
student 384: 11 8 5 10 20 16 1 2 9 19 4 6 7 12 3 17 15 13 14 18 
student 385: 11 15 8 17 18 9 16 5 20 4 1 14 10 6 13 19 2 3 7 12 
student 386: 17 8 16 1 13 5 4 11 18 14 2 7 12 19 3 15 9 10 6 20 
student 387: 19 1 12 17 18 20 13 10 14 4 11 5 15 3 2 8 7 6 9 16 
student 388: 16 6 10 7 17 19 8 9 12 1 3 11 2 5 4 15 13 18 20 14 
student 389: 10 15 18 9 20 17 2 19 6 14 7 5 11 4 13 8 3 16 1 12 
student 390: 20 4 11 10 18 19 9 6 15 2 17 13 14 5 7 12 1 8 3 16 
student 391: 18 14 2 7 10 9 1 5 19 8 3 4 17 11 6 20 16 15 13 12 
student 392: 19 8 17 11 9 1 13 2 18 12 7 4 20 5 6 14 15 16 10 3 
student 393: 19 5 8 12 9 18 4 1 3 10 6 15 14 7 20 17 11 16 2 13 
student 394: 8 13 11 6 14 7 16 2 15 10 18 20 4 1 3 17 5 9 12 19 
student 395: 20 5 10 4 19 12 11 2 17 6 8 7 15 14 16 3 13 1 9 18 
student 396: 19 17 2 3 18 10 20 11 7 12 1 16 6 9 13 15 14 8 4 5 
student 397: 3 15 14 6 7 19 13 5 12 16 10 1 11 4 2 8 9 20 18 17 
student 398: 14 15 3 16 6 7 9 17 20 12 11 8 5 1 2 13 10 4 18 19 
student 399: 15 16 7 13 11 8 18 4 10 14 1 12 2 6 9 5 20 17 3 19 
student 400: 16 11 9 17 7 19 5 3 13 14 15 1 2 4 10 6 12 8 20 18 
student 401: 17 10 6 20 8 7 11 1 16 14 4 12 2 9 3 19 5 18 13 15 
student 402: 4 7 2 10 19 6 5 14 15 1 3 11 13 17 8 18 9 12 20 16 
student 403: 17 11 7 13 16 1 8 2 19 6 4 15 10 5 9 14 18 20 12 3 
student 404: 18 2 1 6 10 17 11 4 12 19 14 8 7 5 9 15 13 16 20 3 
student 405: 12 15 7 17 3 16 11 18 19 14 4 10 8 2 6 20 13 5 1 9 
student 406: 18 8 10 2 5 17 16 20 15 9 3 1 19 13 7 14 6 12 4 11 
student 407: 13 11 15 6 19 5 9 7 16 8 1 4 18 2 3 17 12 14 10 20 
student 408: 4 15 16 6 17 12 2 7 10 14 3 5 13 8 20 9 19 18 11 1 
student 409: 4 15 12 19 18 8 3 2 17 7 10 9 11 6 1 20 5 14 16 13 
student 410: 15 4 18 9 11 8 14 1 7 19 2 17 6 13 5 10 12 3 16 20 
student 411: 7 8 3 5 9 12 20 16 19 18 1 4 11 6 14 13 10 15 17 2 
student 412: 2 16 9 3 18 17 12 11 19 8 14 1 13 4 6 20 15 10 7 5 
student 413: 16 3 7 1 13 14 18 10 19 15 8 5 6 4 2 20 17 9 12 11 
student 414: 6 4 15 9 10 12 11 1 2 8 3 20 18 13 14 16 17 7 5 19 
student 415: 2 10 12 18 16 9 19 4 15 7 5 8 6 11 3 14 13 20 1 17 
student 416: 9 6 14 7 16 8 1 11 18 13 2 5 19 4 3 15 17 20 12 10 
student 417: 12 19 15 2 17 7 11 6 3 10 13 4 1 5 9 20 14 18 8 16 
student 418: 14 11 8 9 16 6 3 10 18 7 4 5 15 2 1 17 13 20 12 19 
student 419: 13 15 19 1 10 20 5 12 8 18 11 9 4 3 7 2 14 16 6 17 
student 420: 11 20 16 2 14 8 12 7 13 5 3 1 6 19 4 18 17 9 10 15 
student 421: 15 9 4 16 14 17 2 6 7 11 12 18 8 19 3 13 10 20 1 5 
student 422: 15 12 11 13 4 10 16 1 7 9 14 2 5 8 3 17 20 19 6 18 
student 423: 4 6 14 8 3 11 7 18 17 19 15 2 5 12 16 1 13 10 9 20 
student 424: 17 16 8 13 14 10 9 5 3 12 6 1 11 2 7 19 15 20 4 18 
student 425: 7 13 2 1 11 10 12 15 8 17 3 5 20 19 6 14 4 16 18 9 
student 426: 4 6 12 5 14 18 17 10 20 7 3 13 19 16 2 9 15 11 1 8 
student 427: 2 3 14 7 17 13 9 8 18 10 16 1 5 15 4 20 11 19 6 12 
student 428: 6 3 16 5 15 8 11 14 9 13 10 4 7 2 12 19 17 20 1 18 
student 429: 20 9 6 2 16 19 12 4 13 11 10 8 7 5 1 18 14 17 15 3 
student 430: 3 19 8 2 10 11 1 17 7 12 16 5 9 14 13 4 18 15 6 20 
student 431: 19 17 4 6 12 7 9 13 14 20 11 3 1 8 5 15 10 16 18 2 
student 432: 10 3 16 1 4 11 5 2 15 7 19 6 17 14 18 12 9 8 20 13 
student 433: 17 4 13 2 19 14 8 1 12 18 5 3 16 20 6 15 7 10 11 9 
student 434: 9 11 8 2 19 12 6 16 20 1 4 3 5 15 17 18 14 10 13 7 
student 435: 15 7 12 20 18 6 14 9 10 11 8 17 2 4 1 5 13 3 19 16 
student 436: 15 18 3 4 7 9 5 1 16 11 6 8 17 13 2 19 14 20 10 12 
student 437: 20 7 18 9 17 11 13 1 16 6 4 5 12 2 10 15 19 8 3 14 
student 438: 14 7 17 16 12 13 18 3 19 11 8 2 4 15 5 10 6 20 9 1 
student 439: 17 3 6 7 2 13 1 18 4 20 15 5 12 11 9 19 8 10 16 14 
student 440: 18 16 2 20 13 15 12 9 7 17 8 10 14 5 3 11 6 19 4 1 
student 441: 19 1 17 3 13 15 6 7 12 2 4 16 5 9 20 18 11 14 10 8 
student 442: 16 6 7 8 17 18 5 12 20 11 19 10 14 1 4 15 2 9 3 13 
student 443: 16 17 1 7 14 9 11 18 19 8 4 3 15 12 2 5 13 6 20 10 
student 444: 5 1 2 15 10 7 12 13 18 14 19 4 6 8 3 17 16 11 20 9 
student 445: 14 13 10 11 15 5 7 8 20 18 4 1 6 3 2 12 16 19 9 17 
student 446: 12 13 14 10 20 16 5 15 7 9 3 8 18 2 1 17 6 19 4 11 
student 447: 20 4 2 7 9 13 10 3 6 18 1 5 15 8 14 17 16 19 12 11 
student 448: 18 11 4 20 19 9 17 1 6 7 3 2 13 12 8 10 14 16 5 15 
student 449: 14 3 6 7 18 19 5 11 20 16 1 10 8 2 4 13 12 9 17 15 
student 450: 16 8 20 3 17 5 13 14 12 19 15 2 4 7 1 6 11 18 9 10 
student 451: 13 18 17 4 2 8 3 6 11 14 19 12 10 7 1 16 9 15 5 20 
student 452: 12 7 14 9 13 16 8 4 15 6 5 3 19 17 1 20 11 18 10 2 
student 453: 7 3 16 18 13 19 6 8 9 20 2 4 15 1 5 17 11 12 14 10 
student 454: 18 19 8 13 11 2 4 9 20 5 1 6 14 3 10 15 7 16 12 17 
student 455: 6 3 17 10 20 9 2 1 16 18 7 11 4 19 5 15 14 13 12 8 
student 456: 19 9 16 13 17 15 3 4 10 6 14 1 12 5 2 8 20 18 7 11 
student 457: 16 5 17 15 20 11 1 7 13 8 9 3 10 18 4 2 14 6 19 12 
student 458: 19 2 10 6 20 17 1 5 15 14 18 4 11 3 7 16 12 13 8 9 
student 459: 13 14 15 1 17 9 12 8 4 20 7 16 6 2 11 19 5 3 10 18 
student 460: 7 1 12 5 9 3 8 15 17 19 6 4 14 16 20 10 13 11 2 18 
student 461: 7 17 2 13 15 9 12 1 11 4 14 3 20 16 5 6 18 8 19 10 
student 462: 8 16 2 12 20 19 7 9 18 15 13 5 3 6 1 4 14 17 10 11 
student 463: 7 8 9 1 20 14 4 13 10 5 6 16 17 2 19 18 3 15 11 12 
student 464: 11 4 3 8 20 15 12 18 10 6 2 5 13 17 1 19 9 16 14 7 
student 465: 18 8 9 6 16 15 3 2 12 10 20 1 7 5 4 19 13 14 17 11 
student 466: 16 1 18 7 14 19 17 12 13 5 20 3 15 11 2 8 9 6 4 10 
student 467: 6 3 14 17 19 9 18 10 7 11 4 13 1 2 8 5 20 16 12 15 
student 468: 14 6 3 4 5 18 15 9 7 10 19 12 20 13 8 2 11 16 1 17 
student 469: 8 9 7 3 17 16 2 13 20 12 6 14 11 1 5 10 19 15 4 18 
student 470: 3 5 14 4 18 13 12 1 19 7 2 9 20 8 16 10 15 11 6 17 
student 471: 6 2 16 14 18 12 3 19 20 8 4 15 11 17 1 10 9 7 5 13 
student 472: 16 4 11 1 13 14 10 2 20 5 6 7 12 18 3 17 9 19 8 15 
student 473: 7 8 9 1 3 18 2 11 20 16 6 5 19 15 12 10 13 17 4 14 
student 474: 7 6 2 8 19 10 20 14 5 15 13 11 18 3 1 16 4 9 17 12 
student 475: 15 12 3 7 5 18 17 4 2 16 11 1 6 9 10 19 8 20 13 14 
student 476: 18 20 14 15 13 11 4 1 16 8 9 3 17 2 12 19 10 7 6 5 
student 477: 15 1 10 3 9 14 13 18 20 17 11 4 5 2 19 8 6 12 7 16 
student 478: 10 11 12 7 3 19 4 13 18 2 1 15 8 14 17 20 9 6 16 5 
student 479: 15 9 16 2 6 14 18 13 20 7 19 8 12 4 5 10 11 3 1 17 
student 480: 1 3 10 17 20 13 8 14 19 2 5 16 6 7 4 12 15 9 18 11 
student 481: 9 13 4 5 8 12 11 20 2 7 6 17 10 1 14 19 16 15 18 3 
student 482: 16 8 17 20 2 15 19 11 14 12 4 3 5 18 1 9 13 7 6 10 
student 483: 3 11 7 13 17 15 16 4 14 1 6 9 8 18 19 12 20 2 10 5 
student 484: 14 10 7 6 20 18 4 3 19 16 9 12 2 11 1 8 15 17 13 5 
student 485: 12 7 1 3 11 14 6 17 18 8 19 2 9 4 5 20 16 15 10 13 
student 486: 14 20 1 3 5 2 13 8 19 11 7 4 10 17 9 18 16 6 12 15 
student 487: 9 17 1 16 11 10 3 6 4 12 14 2 20 8 5 15 7 13 19 18 
student 488: 6 20 5 1 7 19 18 13 15 8 2 3 11 4 9 10 16 17 14 12 
student 489: 3 18 17 14 11 2 16 1 9 6 10 4 5 12 7 8 19 13 15 20 
student 490: 14 5 6 15 17 12 3 2 7 11 13 4 18 1 20 19 8 10 9 16 
student 491: 18 4 11 20 17 14 10 16 19 7 9 2 3 1 5 6 8 15 12 13 
student 492: 20 12 18 17 16 6 14 19 15 9 7 11 2 8 5 3 1 13 4 10 
student 493: 17 10 11 4 18 20 9 8 1 19 2 6 3 15 16 12 13 5 14 7 
student 494: 9 3 15 2 18 17 14 1 19 20 12 10 7 8 6 11 16 13 4 5 
student 495: 18 6 3 8 20 4 1 19 12 15 9 16 2 5 17 13 11 14 7 10 
student 496: 2 9 14 4 12 19 15 7 1 8 20 13 5 10 16 11 6 18 17 3 
student 497: 12 11 6 7 20 17 15 13 16 19 2 4 9 3 5 18 14 1 8 10 
student 498: 7 18 3 1 10 8 16 15 17 19 5 14 4 12 2 20 13 6 11 9 
student 499: 13 16 10 7 9 15 6 5 12 11 4 17 3 8 2 20 19 1 18 14 
student 500: 15 13 6 20 10 17 2 1 11 9 8 5 4 7 12 3 18 19 16 14 
student 501: 8 10 1 9 18 13 14 12 4 17 6 19 5 2 16 20 11 7 3 15 
student 502: 19 5 20 4 18 10 13 8 1 6 15 2 9 16 3 11 12 14 17 7 
student 503: 12 1 17 11 10 15 16 7 9 18 20 5 2 8 6 19 3 14 4 13 
student 504: 13 15 14 11 16 19 3 18 20 17 6 12 1 8 2 7 5 9 4 10 
student 505: 16 17 13 4 15 20 12 14 19 7 2 11 9 8 3 6 1 18 10 5 
student 506: 6 13 4 3 9 12 14 10 11 17 15 18 19 7 2 20 1 8 5 16 
student 507: 1 12 16 6 17 10 7 2 11 20 19 3 14 13 5 15 9 8 18 4 
student 508: 15 1 10 3 16 12 13 7 17 11 6 2 14 8 4 5 19 20 9 18 
student 509: 15 3 20 17 7 8 16 12 10 14 5 1 13 9 4 11 6 18 19 2 
student 510: 10 19 2 6 17 20 16 8 3 11 5 15 9 1 7 18 12 14 4 13 
student 511: 15 12 13 1 18 14 3 5 16 20 7 10 8 6 4 17 2 19 11 9 
student 512: 7 3 8 5 19 4 16 9 17 12 15 2 10 1 6 13 11 14 18 20 
student 513: 11 1 19 6 18 16 3 5 20 12 14 15 7 2 10 4 13 9 8 17 
student 514: 5 12 14 13 15 16 4 1 11 20 7 17 8 3 2 9 10 6 19 18 
student 515: 11 6 17 8 13 7 9 12 10 16 4 5 3 15 2 19 18 20 1 14 
student 516: 14 3 8 2 1 16 12 4 19 15 20 17 9 11 5 18 13 7 6 10 
student 517: 20 15 14 7 5 13 3 18 19 9 10 11 16 12 1 17 2 4 8 6 
student 518: 20 19 2 5 18 1 13 7 17 6 8 3 16 12 9 10 11 14 15 4 
student 519: 11 13 12 6 19 17 9 5 4 14 2 16 10 8 7 15 3 1 20 18 
student 520: 6 13 14 12 15 20 5 7 9 18 11 19 1 2 4 16 8 17 10 3 
student 521: 19 4 2 9 20 15 7 11 14 13 5 10 6 1 3 18 17 16 8 12 
student 522: 16 3 11 1 10 7 6 5 20 18 2 9 15 4 17 19 14 8 13 12 
student 523: 19 15 6 3 10 12 11 8 1 16 7 5 13 2 4 17 18 20 9 14 
student 524: 9 15 4 13 12 14 5 8 17 19 11 1 3 10 7 20 2 16 18 6 
student 525: 12 17 2 19 7 20 8 15 14 4 11 1 16 9 6 3 13 18 5 10 
student 526: 15 10 4 11 17 20 12 6 16 8 2 18 14 1 3 19 5 7 9 13 
student 527: 8 12 10 1 14 15 3 19 9 4 7 5 17 6 18 2 13 16 20 11 
student 528: 8 1 7 10 2 13 5 15 9 16 6 3 11 4 12 18 17 19 20 14 
student 529: 16 8 3 15 18 19 20 9 14 10 1 2 6 7 5 12 11 13 4 17 
student 530: 6 3 15 16 17 1 20 10 13 14 2 19 9 4 5 11 8 18 7 12 
student 531: 14 6 8 4 17 9 5 11 10 2 3 7 16 1 13 12 20 18 15 19 
student 532: 11 13 10 18 7 9 19 14 12 16 4 5 20 2 1 15 17 3 6 8 
student 533: 3 4 2 12 8 7 18 19 1 20 10 13 11 5 9 6 16 14 15 17 
student 534: 4 1 20 14 6 15 3 8 16 9 2 11 10 19 5 18 17 7 13 12 
student 535: 10 8 2 17 3 13 20 7 16 6 11 1 4 18 9 14 19 12 15 5 
student 536: 20 18 6 5 17 13 7 2 12 19 14 3 9 1 15 8 10 16 11 4 
student 537: 17 3 6 8 14 19 2 10 16 15 5 4 9 7 1 20 13 18 11 12 
student 538: 4 11 12 5 20 15 6 13 7 18 17 10 3 1 2 9 8 19 14 16 
student 539: 13 1 2 6 16 9 18 8 19 17 12 10 11 7 4 20 5 3 15 14 
student 540: 12 16 9 19 20 11 6 7 10 2 15 3 8 1 14 4 18 13 17 5 
student 541: 10 11 18 8 20 15 2 4 3 13 6 1 7 5 9 17 14 16 19 12 
student 542: 16 3 12 6 10 8 2 1 9 17 11 5 7 4 14 20 15 18 13 19 
student 543: 18 15 20 4 16 14 2 12 5 13 7 10 3 11 6 17 9 1 8 19 
student 544: 8 9 10 6 17 18 7 13 20 19 16 3 1 2 5 15 12 4 11 14 
student 545: 15 3 10 8 18 20 9 1 4 2 13 17 7 6 5 14 12 19 16 11 
student 546: 14 9 13 5 20 4 3 7 2 11 10 17 16 15 1 18 19 12 8 6 
student 547: 9 11 6 20 13 19 10 1 12 17 5 15 3 4 2 18 7 14 8 16 
student 548: 20 11 14 3 12 6 4 15 19 13 8 10 9 2 1 16 7 17 18 5 
student 549: 12 1 18 3 19 4 17 15 14 10 2 11 6 5 8 16 20 7 9 13 
student 550: 14 19 13 2 11 20 5 6 4 9 3 17 10 7 1 18 12 15 16 8 
student 551: 17 3 4 9 14 7 2 5 11 12 13 6 20 19 16 15 10 8 1 18 
student 552: 14 4 15 8 18 17 10 20 7 9 2 3 11 6 12 16 5 19 1 13 
student 553: 4 15 11 5 14 13 1 10 18 19 2 7 8 3 20 16 17 9 6 12 
student 554: 16 9 6 10 11 20 13 18 4 8 14 2 7 19 1 3 12 15 5 17 
student 555: 3 9 13 7 18 8 16 4 10 5 1 12 17 11 6 19 14 15 2 20 
student 556: 5 14 9 4 19 2 17 12 13 16 1 7 3 6 8 18 10 15 11 20 
student 557: 6 14 4 12 20 18 9 10 11 15 13 1 7 5 8 17 19 3 16 2 
student 558: 14 10 12 7 16 13 1 4 17 19 6 11 8 9 5 20 2 18 3 15 
student 559: 10 1 7 5 20 18 6 14 9 12 8 3 16 2 11 4 19 15 17 13 
student 560: 6 19 13 5 15 18 7 8 10 17 11 4 3 1 9 16 20 2 12 14 
student 561: 12 13 20 8 7 11 14 4 9 3 1 5 2 6 16 15 18 17 10 19 
student 562: 9 8 14 3 19 1 10 12 20 17 5 6 11 2 15 13 16 7 4 18 
student 563: 19 11 2 15 18 16 8 9 1 14 3 6 13 7 4 5 20 10 12 17 
student 564: 14 7 10 1 15 18 12 4 20 6 2 11 5 13 19 3 8 17 9 16 
student 565: 13 10 9 2 19 20 11 15 18 17 4 1 8 14 7 12 6 3 16 5 
student 566: 5 13 3 1 15 6 9 12 7 20 2 4 17 10 11 14 8 16 19 18 
student 567: 20 4 5 11 12 9 1 18 13 10 3 7 14 17 6 19 2 15 16 8 
student 568: 10 3 5 17 6 13 9 14 12 4 1 15 19 2 8 18 20 16 11 7 
student 569: 16 7 10 14 17 13 4 19 8 15 5 1 12 2 18 20 11 6 9 3 
student 570: 17 9 4 10 13 18 8 6 19 11 2 1 16 3 20 12 14 15 7 5 
student 571: 15 7 6 3 18 9 4 2 19 14 11 1 17 5 20 13 12 16 8 10 
student 572: 15 1 14 7 10 19 5 13 17 20 11 3 4 16 2 6 9 8 12 18 
student 573: 15 11 14 2 8 18 12 9 20 7 13 5 17 1 4 10 3 19 6 16 
student 574: 5 19 16 17 20 14 6 10 12 8 15 3 1 2 9 11 13 18 7 4 
student 575: 20 15 19 10 12 11 5 18 7 2 4 9 14 13 6 3 8 17 16 1 
student 576: 14 18 11 4 8 7 20 16 17 10 19 6 3 13 12 9 2 15 5 1 
student 577: 19 10 18 9 13 20 6 11 17 2 7 8 15 1 12 3 16 4 14 5 
student 578: 18 5 14 12 15 10 3 4 6 1 9 7 19 20 16 2 13 8 11 17 
student 579: 20 13 6 16 18 12 5 8 15 14 4 10 9 1 3 19 2 7 17 11 
student 580: 9 8 11 7 18 12 15 17 5 1 20 4 19 2 14 13 3 6 16 10 
student 581: 6 13 2 8 19 14 10 18 17 16 9 5 7 1 11 20 3 15 12 4 
student 582: 14 8 6 7 4 10 20 13 16 5 17 3 9 11 2 12 1 19 18 15 
student 583: 9 4 20 7 19 15 12 2 14 18 10 3 5 6 8 16 11 1 13 17 
student 584: 20 9 6 7 2 3 19 17 14 13 1 8 10 4 5 16 15 18 11 12 
student 585: 4 7 13 5 20 19 9 10 14 18 2 15 8 3 1 11 6 12 17 16 
student 586: 5 2 14 13 19 20 8 3 6 11 7 1 15 12 9 17 4 10 16 18 
student 587: 14 9 8 6 17 4 19 3 20 2 11 12 15 13 1 10 7 5 16 18 
student 588: 18 1 17 7 16 11 6 2 5 20 13 15 19 9 3 14 4 12 10 8 
student 589: 15 5 8 18 13 10 20 1 14 3 7 2 17 6 11 19 12 9 16 4 
student 590: 10 6 5 8 9 3 4 15 16 1 7 14 13 11 2 17 19 20 12 18 
student 591: 13 10 5 9 19 8 14 1 16 20 7 3 6 4 2 17 11 12 18 15 
student 592: 12 4 18 7 6 9 14 11 19 3 13 5 2 10 8 1 17 16 15 20 
student 593: 18 1 12 9 7 20 11 10 19 14 4 15 2 3 5 17 8 13 6 16 
student 594: 17 10 16 14 19 20 5 4 7 9 6 1 2 8 11 13 12 18 3 15 
student 595: 18 5 9 6 10 13 19 3 11 20 12 7 1 2 16 17 14 8 4 15 
student 596: 16 8 13 4 19 18 20 12 17 7 2 15 3 11 6 10 14 9 1 5 
student 597: 20 2 6 3 17 18 11 10 8 19 14 4 15 7 1 9 16 12 5 13 
student 598: 16 10 3 19 15 18 8 2 11 7 6 9 14 1 4 17 12 5 13 20 
student 599: 13 17 10 4 16 11 7 20 15 18 3 1 9 6 12 5 8 19 2 14 
student 600: 8 16 14 6 10 19 7 5 18 17 4 2 13 20 1 15 12 11 9 3 
student 601: 1 3 9 7 20 13 16 4 10 12 8 17 18 15 2 14 6 19 11 5 
student 602: 9 10 17 4 11 15 7 20 14 18 2 1 13 5 19 3 16 8 6 12 
student 603: 17 9 12 8 20 19 13 2 16 6 1 18 3 4 7 5 14 10 15 11 
student 604: 17 8 18 11 1 6 7 5 16 15 4 19 10 3 9 20 13 14 2 12 
student 605: 9 4 16 11 18 12 1 2 14 6 10 15 7 13 3 8 19 17 5 20 
student 606: 19 8 10 9 16 18 14 2 17 13 15 7 4 6 3 11 20 12 5 1 
student 607: 1 15 7 14 12 4 5 10 18 20 11 8 13 9 3 6 16 19 17 2 
student 608: 20 3 6 2 18 4 11 5 8 10 15 19 7 14 9 17 13 16 1 12 
student 609: 19 6 8 15 14 17 12 16 9 13 20 1 11 2 3 5 10 18 7 4 
student 610: 10 2 20 9 19 15 17 14 18 3 12 1 6 11 5 16 7 8 4 13 
student 611: 6 10 18 13 19 1 11 16 12 9 15 3 14 4 2 5 17 8 20 7 
student 612: 4 3 17 8 12 20 6 1 14 10 19 16 2 13 5 11 18 15 9 7 
student 613: 9 7 2 5 14 6 16 11 19 12 15 4 8 10 3 13 17 18 1 20 
student 614: 19 3 6 13 11 20 18 4 5 16 17 10 8 1 14 12 7 2 15 9 
student 615: 19 7 3 4 8 17 10 9 5 12 20 11 18 2 6 1 14 15 16 13 
student 616: 8 19 9 5 20 17 4 10 11 7 15 3 16 1 6 13 18 12 14 2 
student 617: 20 10 13 6 4 12 3 9 16 14 19 18 1 11 15 17 2 5 8 7 
student 618: 10 6 7 19 18 16 5 4 11 12 13 9 2 1 15 17 3 14 20 8 
student 619: 20 11 7 13 14 16 17 6 12 1 2 5 4 3 10 15 19 18 9 8 
student 620: 9 6 10 16 20 1 2 12 13 8 4 19 3 5 14 11 18 17 15 7 
student 621: 7 10 5 13 3 17 1 2 20 4 6 19 8 14 16 18 15 11 12 9 
student 622: 10 16 20 12 18 13 7 6 8 19 5 9 4 2 1 17 14 3 11 15 
student 623: 10 15 8 4 19 14 11 1 5 6 3 17 7 2 13 9 16 18 12 20 
student 624: 10 9 18 13 4 15 5 14 20 17 1 6 8 2 11 16 3 7 12 19 
student 625: 13 7 2 11 20 16 1 3 12 9 4 6 15 8 5 19 10 17 18 14 
student 626: 1 15 7 6 20 11 4 14 19 10 2 12 8 3 18 17 9 5 16 13 
student 627: 17 1 20 16 15 9 8 5 10 12 7 18 14 13 2 6 3 4 11 19 
student 628: 14 1 11 9 18 17 13 3 19 12 16 4 15 7 6 20 2 5 10 8 
student 629: 19 5 7 16 12 8 9 2 11 4 10 6 18 3 1 20 13 14 15 17 
student 630: 12 6 15 8 18 10 14 13 11 20 5 2 4 1 19 9 3 7 16 17 
student 631: 8 14 12 4 18 7 13 19 17 15 1 6 10 2 20 5 9 11 3 16 
student 632: 16 2 4 5 15 8 7 17 20 14 3 19 10 18 1 9 13 11 6 12 
student 633: 8 19 3 13 17 5 4 9 14 15 1 2 11 10 6 18 7 20 12 16 
student 634: 18 15 19 9 20 13 16 2 14 11 7 3 6 17 8 10 12 1 5 4 
student 635: 17 6 15 7 20 9 16 5 19 18 1 14 8 2 12 11 4 13 3 10 
student 636: 10 11 15 7 1 20 17 8 18 9 13 19 3 6 5 16 4 14 2 12 
student 637: 3 5 15 2 20 12 9 16 7 6 1 19 10 4 13 18 11 14 8 17 
student 638: 14 11 17 5 6 7 16 15 20 4 1 19 9 10 3 13 18 12 8 2 
student 639: 16 18 1 14 8 13 10 4 5 17 11 7 9 6 2 3 12 20 19 15 
student 640: 18 3 10 13 14 2 8 12 16 6 20 5 17 1 9 15 4 19 11 7 
student 641: 17 8 14 3 20 13 12 9 19 4 1 6 5 16 7 10 2 11 18 15 
student 642: 5 10 1 14 15 6 8 16 17 9 3 2 13 4 11 20 7 18 12 19 
student 643: 4 14 3 8 15 20 16 2 12 6 10 9 11 13 1 19 5 18 7 17 
student 644: 5 3 14 9 2 15 8 20 18 12 6 10 19 16 13 11 1 7 4 17 
student 645: 14 5 7 9 18 19 8 4 17 6 2 11 16 15 1 20 10 12 3 13 
student 646: 9 20 15 2 7 14 17 13 11 19 5 12 8 10 18 6 1 4 3 16 
student 647: 11 12 5 10 7 15 3 2 18 20 8 9 6 13 4 16 14 19 1 17 
student 648: 12 19 6 10 13 15 2 8 4 1 11 5 20 3 7 18 17 9 14 16 
student 649: 9 10 19 14 11 7 3 5 18 8 1 4 16 2 15 13 17 20 12 6 
student 650: 7 9 12 5 15 16 3 14 11 20 2 6 8 1 4 19 18 10 17 13 
student 651: 14 11 10 7 19 13 15 2 18 9 12 17 5 1 6 20 3 4 16 8 
student 652: 10 9 12 7 3 19 14 13 16 8 6 1 17 2 4 20 5 18 15 11 
student 653: 9 17 1 16 14 19 2 8 4 12 5 11 7 13 3 18 6 15 10 20 
student 654: 13 4 18 20 1 16 3 5 10 15 8 19 9 6 2 17 11 14 7 12 
student 655: 4 1 16 8 17 12 13 7 18 19 3 15 2 5 6 20 11 9 10 14 
student 656: 7 14 11 9 20 15 6 1 17 8 13 3 2 4 5 19 16 10 12 18 
student 657: 11 8 19 16 5 10 7 15 20 3 2 9 13 6 4 12 1 18 14 17 
student 658: 12 17 11 15 9 4 3 6 16 13 7 14 18 1 10 19 5 8 2 20 
student 659: 1 12 8 14 5 20 7 19 16 3 17 10 6 2 9 18 15 11 13 4 
student 660: 15 9 8 20 3 1 18 2 13 12 6 14 16 4 10 17 11 19 5 7 
student 661: 7 5 9 4 16 19 14 8 18 10 3 11 20 1 6 2 13 15 17 12 
student 662: 18 20 12 6 13 1 4 8 17 15 19 2 9 16 14 3 7 11 10 5 
student 663: 18 2 8 10 11 12 7 6 13 3 14 5 20 16 1 15 19 4 17 9 
student 664: 12 6 14 5 13 11 20 10 16 2 15 19 4 1 3 8 18 17 7 9 
student 665: 4 17 14 5 18 20 19 6 11 16 15 10 7 2 1 13 9 12 8 3 
student 666: 4 3 7 2 20 13 1 12 19 16 6 5 15 14 9 18 10 17 8 11 
student 667: 1 5 20 7 8 19 18 2 13 4 3 17 11 10 15 16 12 14 6 9 
student 668: 18 16 6 15 12 20 1 3 19 2 5 9 11 8 13 17 7 14 4 10 
student 669: 16 5 8 6 14 18 9 3 12 13 7 15 4 17 11 20 2 10 1 19 
student 670: 18 3 9 4 17 20 8 14 2 11 12 16 13 1 5 19 6 15 7 10 
student 671: 7 19 5 3 17 12 10 4 15 2 1 9 8 18 6 14 16 20 11 13 
student 672: 3 5 19 9 2 17 14 1 18 4 7 11 12 8 6 16 13 20 15 10 
student 673: 5 19 3 8 18 7 6 9 20 11 13 1 15 2 4 16 10 17 12 14 
student 674: 12 16 20 3 7 13 10 15 17 6 2 14 8 5 11 19 9 1 4 18 
student 675: 19 7 5 4 12 18 20 14 15 9 17 8 11 2 1 3 13 10 6 16 
student 676: 14 2 17 11 6 19 5 1 15 9 3 4 7 18 8 20 16 13 10 12 
student 677: 20 8 7 3 19 9 11 5 4 16 6 14 10 1 13 15 17 2 18 12 
student 678: 16 8 20 15 19 18 1 4 12 11 7 13 9 5 3 17 2 14 10 6 
student 679: 13 4 15 10 12 20 19 6 2 16 14 8 9 3 1 5 11 17 7 18 
student 680: 10 8 16 12 18 6 19 4 14 1 5 9 17 11 2 20 15 7 3 13 
student 681: 7 2 11 18 17 12 9 6 14 8 3 20 19 4 1 16 10 15 13 5 
student 682: 18 9 11 12 13 7 5 17 16 3 10 14 8 2 6 15 4 20 1 19 
student 683: 9 10 18 7 3 15 13 12 17 1 8 2 19 5 14 6 11 20 4 16 
student 684: 5 14 20 10 16 19 3 17 11 18 9 1 13 6 12 4 15 7 8 2 
student 685: 9 17 16 8 19 13 3 4 15 12 2 1 20 7 6 14 18 11 10 5 
student 686: 13 11 3 8 15 16 4 6 20 5 17 2 12 1 10 14 7 19 9 18 
student 687: 2 5 4 13 12 7 20 3 17 19 11 8 18 14 9 15 16 6 1 10 
student 688: 9 5 7 19 17 1 6 8 16 15 3 10 12 18 2 11 13 20 4 14 
student 689: 15 17 11 5 6 18 14 2 9 12 13 4 16 1 7 20 3 19 8 10 
student 690: 15 2 5 13 18 6 10 7 8 4 11 16 3 9 12 20 14 17 1 19 
student 691: 1 9 5 14 18 8 12 3 20 4 7 11 16 6 2 15 19 10 17 13 
student 692: 19 13 7 4 11 18 15 6 14 17 5 12 3 10 2 9 8 16 20 1 
student 693: 17 14 16 1 8 12 3 4 15 11 10 7 20 6 2 13 5 18 9 19 
student 694: 15 6 10 1 12 14 7 2 19 9 11 3 20 13 4 16 8 18 5 17 
student 695: 6 13 12 11 20 10 8 17 3 18 7 4 14 9 1 5 16 15 2 19 
student 696: 8 6 10 19 20 16 18 13 5 2 7 4 1 15 3 14 17 9 12 11 
student 697: 20 1 8 4 16 18 6 2 19 11 3 7 17 13 9 14 12 10 15 5 
student 698: 7 9 11 8 19 1 2 16 14 12 6 13 4 3 10 17 18 20 15 5 
student 699: 15 14 8 6 17 5 11 12 19 9 4 1 20 2 7 16 3 18 13 10 
student 700: 11 13 10 9 12 8 6 3 19 15 14 7 5 1 16 20 17 4 2 18 
student 701: 16 5 3 2 8 19 6 7 17 13 10 1 14 9 4 15 18 20 11 12 
student 702: 12 3 17 11 18 19 14 15 7 8 6 2 1 10 5 16 13 9 4 20 
student 703: 3 20 18 12 11 1 17 19 7 4 14 5 2 10 6 9 13 8 15 16 
student 704: 1 6 8 4 17 20 18 19 5 12 15 14 7 9 3 2 10 13 11 16 
student 705: 14 4 8 18 13 11 3 19 17 10 16 7 2 12 1 5 6 20 9 15 
student 706: 13 11 9 17 18 15 1 2 7 12 4 8 20 10 6 19 14 5 3 16 
student 707: 5 18 7 11 12 14 9 6 8 17 2 16 4 1 13 19 20 15 3 10 
student 708: 12 11 7 2 15 9 14 6 3 16 10 5 8 1 19 17 20 13 18 4 
student 709: 12 3 6 10 19 14 1 2 5 7 8 9 18 11 13 16 20 15 4 17 
student 710: 20 5 15 1 14 8 19 10 17 13 3 16 7 4 18 11 6 9 2 12 
student 711: 8 7 6 12 18 10 13 1 16 9 2 5 14 4 20 17 15 3 19 11 
student 712: 11 9 13 18 5 17 6 1 20 10 19 12 7 4 3 14 8 16 2 15 
student 713: 20 5 7 19 14 15 1 2 16 9 12 4 13 6 10 8 11 3 18 17 
student 714: 18 10 19 7 11 14 16 1 8 4 5 2 6 20 3 17 12 15 9 13 
student 715: 15 13 19 9 2 12 16 14 8 11 18 1 7 10 4 17 6 20 3 5 
student 716: 8 6 9 14 20 5 7 16 17 10 4 3 15 1 2 19 18 12 13 11 
student 717: 8 17 11 2 10 15 5 16 20 19 9 1 12 4 6 18 13 3 7 14 
student 718: 5 1 10 7 13 19 3 14 18 17 16 8 12 2 6 15 11 4 20 9 
student 719: 19 8 18 15 17 3 4 5 13 2 20 11 1 9 12 7 6 16 10 14 
student 720: 1 4 2 11 16 10 7 3 6 8 20 12 5 9 18 15 13 19 17 14 
student 721: 4 13 11 2 9 18 7 16 6 12 5 10 19 3 20 17 15 1 8 14 
student 722: 6 3 13 15 10 11 17 2 7 4 8 5 19 1 12 16 9 18 14 20 
student 723: 9 1 5 6 11 18 4 10 14 7 2 12 15 3 20 19 8 16 17 13 
student 724: 4 15 20 8 6 17 14 10 19 18 3 11 9 1 5 7 13 12 16 2 
student 725: 19 3 8 6 20 15 1 18 16 7 14 2 17 5 4 13 10 12 9 11 
student 726: 3 19 14 17 2 13 9 7 12 20 5 11 6 4 1 16 8 10 18 15 
student 727: 6 16 8 12 19 1 2 18 5 15 14 4 10 13 9 17 7 3 11 20 
student 728: 6 2 9 3 14 19 10 4 18 5 11 15 8 7 1 17 12 16 20 13 
student 729: 20 1 5 15 18 7 17 16 19 9 8 11 6 14 3 13 4 10 2 12 
student 730: 14 2 4 16 12 18 9 13 11 8 5 19 15 3 10 20 6 17 1 7 
student 731: 19 9 10 5 3 20 6 2 18 15 1 8 17 4 7 14 12 11 16 13 
student 732: 18 9 15 5 17 19 16 4 12 13 3 1 7 11 2 8 14 10 6 20 
student 733: 9 7 5 3 15 12 19 20 1 8 14 10 16 13 6 2 17 11 4 18 
student 734: 4 6 16 15 2 11 9 12 17 20 1 14 18 13 3 7 19 10 5 8 
student 735: 19 1 3 6 8 9 12 10 20 17 4 5 13 2 7 11 14 15 16 18 
student 736: 13 2 10 12 4 18 1 17 6 9 7 3 14 5 19 16 8 15 20 11 
student 737: 7 14 13 10 9 17 16 5 19 18 4 3 12 2 11 8 6 15 1 20 
student 738: 6 7 13 8 15 17 4 14 19 5 11 12 9 2 1 10 20 16 3 18 
student 739: 11 4 8 7 19 1 10 18 12 20 3 9 14 6 5 15 16 13 2 17 
student 740: 5 1 20 18 13 11 9 6 17 7 16 10 4 2 3 15 14 19 12 8 
student 741: 18 13 15 9 14 5 6 16 19 17 8 7 20 3 11 12 1 2 10 4 
student 742: 16 7 3 4 15 17 2 9 20 13 1 8 6 5 10 19 12 14 11 18 
student 743: 8 10 5 7 15 19 18 1 6 14 3 11 12 2 4 16 9 20 13 17 
student 744: 9 17 15 7 18 4 13 6 16 8 3 5 10 1 14 2 12 11 19 20 
student 745: 5 14 3 4 12 20 13 1 15 16 8 11 7 19 2 18 9 17 10 6 
student 746: 12 4 2 3 14 20 19 13 18 11 6 15 9 7 1 17 10 16 5 8 
student 747: 14 20 6 3 11 12 18 7 9 2 15 8 16 1 13 19 5 17 4 10 
student 748: 2 6 14 7 10 9 20 19 18 3 11 8 17 1 16 15 12 13 4 5 
student 749: 3 1 11 17 13 8 19 6 10 7 16 9 14 2 12 15 5 20 4 18 
student 750: 19 2 4 6 11 17 14 15 1 7 13 3 9 12 10 8 16 5 20 18 
student 751: 6 4 8 17 16 18 12 10 13 5 9 3 1 7 11 20 19 14 2 15 
student 752: 12 16 17 6 11 18 20 15 4 8 5 10 7 19 2 9 3 14 1 13 
student 753: 12 9 4 7 18 15 11 5 16 20 2 6 17 3 1 14 10 13 8 19 
student 754: 17 19 14 10 2 20 5 11 16 6 4 15 9 13 1 7 12 8 3 18 
student 755: 5 18 17 3 15 8 14 1 13 19 10 7 2 4 11 12 9 20 16 6 
student 756: 13 16 4 12 7 8 5 14 20 17 10 9 18 11 6 15 2 19 1 3 
student 757: 15 8 1 4 9 19 18 17 12 5 3 2 10 6 11 14 13 20 7 16 
student 758: 16 4 18 9 17 11 19 1 12 14 3 7 8 2 13 20 5 10 6 15 
student 759: 16 6 2 15 9 20 7 3 19 17 11 8 14 1 5 18 10 4 12 13 
student 760: 1 7 20 15 6 8 11 9 18 4 3 19 13 10 2 14 17 16 5 12 
student 761: 10 8 16 17 13 5 4 2 19 9 1 3 12 6 11 20 18 15 7 14 
student 762: 17 3 5 1 11 19 12 8 16 13 2 15 18 6 9 20 4 7 14 10 
student 763: 6 11 15 5 14 10 8 3 17 19 1 7 18 4 16 13 2 20 9 12 
student 764: 10 6 20 5 16 7 4 18 15 9 3 13 19 1 17 11 8 12 2 14 
student 765: 1 14 4 9 8 13 18 10 12 6 19 17 15 11 3 5 2 7 20 16 
student 766: 20 12 16 10 2 15 1 8 13 14 11 6 17 7 5 18 4 19 9 3 
student 767: 16 12 4 17 20 18 5 13 19 8 6 1 15 7 3 10 14 2 9 11 
student 768: 14 19 20 4 16 12 3 5 10 9 8 6 15 1 11 18 2 7 13 17 
student 769: 1 5 4 8 12 17 11 10 18 9 6 20 2 3 15 7 19 13 14 16 
student 770: 7 19 17 11 4 2 10 3 20 13 8 1 15 6 5 18 9 14 16 12 
student 771: 13 17 1 3 12 10 7 16 18 14 5 6 4 8 2 19 11 20 15 9 
student 772: 1 5 17 16 7 2 9 10 14 20 12 3 13 8 6 15 11 19 18 4 
student 773: 18 2 1 9 15 19 20 12 13 7 5 3 17 10 14 11 8 4 6 16 
student 774: 8 4 1 10 17 2 15 13 16 14 3 7 18 20 11 12 6 9 5 19 
student 775: 17 9 12 6 11 14 8 16 3 15 10 13 19 2 5 20 1 4 7 18 
student 776: 12 10 4 5 17 15 11 9 20 16 3 6 14 19 1 13 18 2 8 7 
student 777: 18 20 2 10 5 13 6 3 14 19 9 1 7 17 11 15 8 16 4 12 
student 778: 16 6 5 12 20 14 9 8 19 18 7 11 15 3 4 10 13 17 2 1 
student 779: 2 3 7 4 20 19 16 1 13 17 12 6 5 10 9 18 11 14 15 8 
student 780: 14 11 9 8 13 12 10 7 17 2 5 4 16 3 1 18 6 19 20 15 
student 781: 16 4 15 1 19 9 2 11 20 10 3 18 7 8 14 12 5 6 13 17 
student 782: 18 6 8 10 1 20 9 4 16 11 15 7 13 5 2 12 14 17 19 3 
student 783: 14 12 8 7 1 17 3 4 9 19 2 10 6 18 5 16 15 11 13 20 
student 784: 20 13 10 9 5 19 4 14 18 16 11 3 15 8 12 6 17 1 7 2 
student 785: 2 18 7 6 12 17 14 20 9 11 1 5 8 3 19 16 10 13 4 15 
student 786: 19 18 8 9 14 4 20 17 13 12 16 5 3 10 15 6 7 11 2 1 
student 787: 11 13 16 14 12 6 3 7 18 20 10 15 4 17 2 19 8 5 1 9 
student 788: 18 14 16 13 6 2 17 3 20 19 12 10 9 4 5 8 1 11 7 15 
student 789: 7 2 11 5 17 18 12 13 10 20 8 1 16 3 15 19 6 9 4 14 
student 790: 12 1 8 9 10 20 2 6 14 11 19 7 13 4 17 18 16 15 5 3 
student 791: 9 2 3 19 20 11 14 4 17 7 12 18 5 10 8 6 1 13 16 15 
student 792: 19 3 17 10 5 18 12 14 2 20 13 4 7 6 11 1 8 16 9 15 
student 793: 15 5 17 9 8 13 11 4 3 16 1 20 6 2 7 10 19 18 12 14 
student 794: 2 18 1 6 20 16 3 13 19 12 11 9 7 4 8 14 17 5 15 10 
student 795: 13 2 11 4 16 1 5 6 12 20 8 14 10 19 3 7 15 18 9 17 
student 796: 20 19 14 6 7 5 15 10 3 16 12 17 9 4 2 8 1 18 11 13 
student 797: 14 7 12 6 9 18 2 1 17 5 20 13 15 11 4 8 16 19 3 10 
student 798: 8 2 14 12 20 11 6 5 9 3 4 18 13 1 10 17 19 15 7 16 
student 799: 20 13 14 10 19 17 11 7 15 18 8 2 3 5 4 1 12 9 6 16 
