student 0: 9 2 8 14 18 3 15 11 4 7 17 12 16 1 20 13 6 10 5 19 
student 1: 11 5 18 15 1 3 14 17 6 10 13 8 19 12 2 4 16 7 20 9 
student 2: 1 20 13 10 3 11 15 4 9 8 16 5 18 2 14 19 7 17 6 12 
student 3: 12 2 10 14 8 3 19 18 1 11 17 9 15 4 5 13 16 7 20 6 
student 4: 3 10 6 11 14 1 8 16 2 7 19 17 18 9 4 12 13 15 5 20 
student 5: 8 17 11 15 6 14 7 5 16 19 13 18 20 9 2 4 1 3 10 12 
student 6: 8 14 17 12 10 15 9 4 6 16 19 13 18 2 7 5 1 20 3 11 
student 7: 8 13 6 11 2 1 12 14 15 3 16 4 5 7 9 17 20 19 10 18 
student 8: 8 12 16 2 3 13 11 6 1 17 18 5 19 15 10 9 4 14 20 7 
student 9: 8 12 6 20 16 5 19 17 1 15 18 4 3 13 9 14 2 7 10 11 
student 10: 8 20 6 18 11 3 10 2 13 9 15 1 5 7 17 12 14 19 4 16 
student 11: 2 9 19 15 1 5 18 16 10 14 6 7 17 8 11 12 4 20 3 13 
student 12: 4 6 8 19 2 1 9 11 15 7 13 3 18 17 12 16 5 14 20 10 
student 13: 1 10 15 12 17 2 8 5 6 13 18 3 7 9 11 16 4 14 19 20 
student 14: 7 5 11 2 3 4 9 1 16 12 19 14 20 8 10 17 13 6 15 18 
student 15: 6 14 5 20 7 17 3 4 1 13 19 2 18 10 11 9 12 15 16 8 
student 16: 8 11 19 5 15 6 14 12 7 2 17 4 20 1 18 10 9 16 3 13 
student 17: 2 8 9 16 18 19 10 5 12 6 14 4 11 1 7 3 13 17 20 15 
student 18: 3 4 19 5 9 7 12 10 13 18 16 15 14 2 1 17 8 11 20 6 
student 19: 12 14 10 16 1 8 17 7 2 19 6 11 20 4 15 18 3 13 9 5 
student 20: 1 13 9 6 3 4 11 15 12 19 20 16 14 8 7 18 2 5 10 17 
student 21: 17 14 9 6 2 3 1 7 8 19 18 4 10 11 12 15 16 13 20 5 
student 22: 5 8 9 18 10 4 14 20 6 13 19 1 11 12 7 3 2 17 15 16 
student 23: 8 12 1 19 11 16 13 14 5 4 9 20 15 6 2 17 3 7 10 18 
student 24: 1 19 6 15 18 9 12 5 4 2 17 8 20 13 7 16 11 14 3 10 
student 25: 18 7 16 17 2 8 15 13 14 20 19 11 12 5 10 3 6 9 4 1 
student 26: 10 2 9 11 5 20 8 7 13 6 1 15 14 4 17 12 3 19 16 18 
student 27: 16 17 13 15 4 7 19 9 8 6 10 5 20 18 2 3 1 11 14 12 
student 28: 2 17 12 14 20 11 7 1 4 8 16 15 13 9 10 6 3 5 18 19 
student 29: 2 19 6 12 10 4 9 11 3 13 18 15 20 8 14 7 16 1 17 5 
student 30: 6 2 3 17 8 16 12 10 9 5 20 18 14 4 11 1 15 7 19 13 
student 31: 2 18 4 13 17 1 8 20 6 7 16 9 15 5 10 14 12 3 11 19 
student 32: 2 10 9 12 15 1 18 7 3 17 6 5 20 14 11 19 8 4 16 13 
student 33: 6 20 19 14 10 2 16 1 4 9 18 7 15 3 5 12 8 13 11 17 
student 34: 12 11 14 13 6 18 5 8 3 20 2 16 9 19 4 10 1 17 7 15 
student 35: 8 13 19 7 15 2 17 6 11 16 9 14 20 10 3 4 12 1 5 18 
student 36: 15 13 10 18 11 7 14 12 2 6 16 5 20 9 19 3 17 1 8 4 
student 37: 6 1 18 12 4 2 13 9 10 19 16 8 15 11 7 20 5 3 14 17 
student 38: 7 12 19 15 5 6 14 16 1 20 18 8 9 3 4 11 13 2 10 17 
student 39: 3 17 16 19 8 7 20 12 18 1 9 4 2 15 11 10 6 5 14 13 
student 40: 7 18 19 11 1 20 4 2 12 10 17 13 15 3 5 9 8 6 14 16 
student 41: 16 4 3 7 1 8 13 9 2 10 5 12 15 18 17 20 11 14 6 19 
student 42: 14 11 2 1 8 15 20 12 4 17 16 9 18 6 3 7 13 10 19 5 
student 43: 8 9 10 7 19 5 14 3 1 16 15 6 17 12 4 13 2 18 11 20 
student 44: 2 8 19 13 7 9 11 1 5 18 20 16 4 3 15 14 6 17 10 12 
student 45: 12 11 6 19 14 3 8 20 9 15 16 13 18 5 10 1 4 7 2 17 
student 46: 6 9 3 18 10 7 13 12 1 2 19 11 20 4 17 15 8 14 5 16 
student 47: 15 20 14 18 5 1 13 12 4 19 10 9 3 11 8 17 7 16 2 6 
student 48: 2 8 9 4 13 14 19 17 6 11 3 12 16 10 7 1 15 5 18 20 
student 49: 1 10 17 15 2 5 8 4 11 12 18 19 16 3 20 14 7 6 9 13 
student 50: 3 13 10 20 6 11 8 5 16 19 12 7 4 9 1 18 14 2 17 15 
student 51: 20 15 5 16 9 8 19 11 12 13 17 1 18 3 6 10 2 4 7 14 
student 52: 6 2 19 12 8 13 14 3 10 7 17 9 18 4 20 1 15 5 16 11 
student 53: 13 8 1 12 9 4 15 6 2 11 19 5 20 3 16 7 17 10 18 14 
student 54: 5 17 8 2 11 7 9 19 12 3 16 4 18 6 15 14 20 10 1 13 
student 55: 7 2 14 11 6 5 16 20 10 19 18 13 17 9 8 15 3 12 1 4 
student 56: 7 15 4 14 1 17 8 6 9 5 19 20 12 16 3 11 2 18 10 13 
student 57: 7 10 3 18 13 12 19 14 6 17 4 5 20 1 2 15 9 8 11 16 
student 58: 4 17 15 10 2 13 16 7 5 9 3 6 18 11 12 8 1 19 14 20 
student 59: 3 1 4 8 10 2 18 20 9 16 11 12 13 14 5 17 15 19 6 7 
student 60: 8 2 12 9 7 17 4 15 5 1 19 11 6 16 13 14 20 10 18 3 
student 61: 5 2 6 12 4 8 14 10 3 7 18 1 20 15 17 16 9 19 13 11 
student 62: 1 16 7 6 20 8 19 2 10 14 11 3 5 4 18 12 15 13 17 9 
student 63: 3 20 10 13 1 6 4 14 5 12 16 8 19 15 11 7 2 17 9 18 
student 64: 10 18 15 6 3 12 14 20 2 19 13 8 1 4 9 11 5 7 17 16 
student 65: 6 10 15 18 1 12 7 9 8 17 3 11 16 2 13 5 4 20 14 19 
student 66: 13 9 5 18 11 17 19 3 2 7 10 8 20 1 12 6 14 16 15 4 
student 67: 5 18 12 8 9 4 16 13 7 17 14 15 19 10 11 2 1 20 3 6 
student 68: 18 6 17 19 12 4 11 15 2 9 14 7 20 5 8 16 1 3 13 10 
student 69: 14 10 3 5 18 12 16 1 8 9 20 4 19 7 17 6 2 13 11 15 
student 70: 5 11 13 19 8 9 7 16 2 3 14 20 17 18 1 6 12 15 10 4 
student 71: 10 8 18 19 5 6 14 12 11 16 9 1 4 20 2 13 3 15 17 7 
student 72: 6 5 10 18 19 14 11 15 16 2 8 12 13 4 17 1 3 9 7 20 
student 73: 4 17 16 12 15 5 2 11 8 18 3 9 20 1 13 7 6 19 14 10 
student 74: 4 15 5 10 2 12 17 11 1 6 18 3 7 8 14 13 9 19 20 16 
student 75: 1 19 13 15 4 8 17 2 3 12 20 5 10 6 16 7 9 11 14 18 
student 76: 6 13 16 3 11 15 9 7 18 10 17 19 20 2 12 5 4 14 1 8 
student 77: 3 5 11 2 1 14 20 8 10 13 16 12 6 7 15 4 9 19 17 18 
student 78: 8 15 11 18 9 3 12 17 6 20 13 2 10 7 4 16 1 5 14 19 
student 79: 17 11 13 10 9 2 1 3 5 20 16 6 19 4 7 8 12 14 15 18 
student 80: 3 5 12 9 18 10 2 19 8 6 20 17 7 15 11 13 4 1 14 16 
student 81: 8 4 5 15 2 13 14 1 10 11 20 19 16 12 17 9 3 7 18 6 
student 82: 20 16 18 19 9 7 17 1 15 5 13 8 6 12 10 14 2 3 4 11 
student 83: 8 12 7 6 17 13 19 10 16 14 1 18 3 4 9 11 2 20 5 15 
student 84: 3 5 19 17 6 2 14 10 1 7 20 16 18 4 13 9 8 11 15 12 
student 85: 3 6 14 4 12 8 17 18 9 1 20 11 7 13 10 16 2 5 15 19 
student 86: 1 3 16 17 9 5 19 8 12 14 11 7 20 4 2 10 15 18 13 6 
student 87: 10 13 4 6 11 5 17 1 3 19 14 18 20 2 15 9 8 16 7 12 
student 88: 17 11 6 16 10 1 20 15 3 18 13 7 19 5 4 12 2 8 14 9 
student 89: 5 4 17 9 3 19 8 10 16 7 13 20 14 2 11 15 18 6 12 1 
student 90: 18 2 15 12 7 20 11 5 6 19 13 14 9 3 16 4 1 8 17 10 
student 91: 4 3 6 14 11 18 20 13 2 7 10 1 19 8 5 12 9 15 16 17 
student 92: 5 20 3 15 10 14 17 1 4 12 11 7 19 18 6 16 2 9 13 8 
student 93: 15 12 20 14 7 10 8 5 18 16 13 17 19 2 1 9 6 4 11 3 
student 94: 7 2 3 13 20 1 8 18 16 17 19 11 10 4 14 15 5 6 12 9 
student 95: 6 15 19 14 12 4 20 2 11 5 3 1 18 7 16 17 10 8 9 13 
student 96: 4 16 13 14 5 12 9 6 1 20 11 15 18 2 3 10 19 7 8 17 
student 97: 13 19 11 15 8 3 5 7 1 9 17 18 20 16 14 4 2 12 6 10 
student 98: 7 14 10 15 6 5 13 12 3 18 17 8 19 2 4 9 1 11 20 16 
student 99: 3 20 6 9 5 13 16 18 12 1 19 8 17 4 2 15 7 11 10 14 
student 100: 1 12 14 5 17 15 7 10 8 13 11 19 20 3 2 6 4 16 18 9 
student 101: 2 15 10 14 16 13 3 12 11 1 20 8 6 9 5 4 7 18 17 19 
student 102: 4 20 14 11 18 6 13 12 1 5 16 7 9 8 2 10 19 15 17 3 
student 103: 4 18 2 15 8 9 20 5 16 10 13 19 14 11 17 1 7 3 12 6 
student 104: 4 11 5 13 8 7 15 3 6 10 19 20 1 2 17 9 14 16 18 12 
student 105: 1 16 20 15 4 13 11 8 6 7 19 18 10 2 17 5 3 12 9 14 
student 106: 4 17 18 10 12 9 19 16 5 7 11 2 1 20 14 15 6 3 8 13 
student 107: 5 2 17 7 1 12 13 16 8 11 3 10 19 14 4 6 15 9 20 18 
student 108: 5 18 2 8 13 11 9 16 6 20 17 7 12 10 1 19 3 15 14 4 
student 109: 5 10 12 15 14 8 17 9 6 18 4 13 19 2 20 16 1 7 3 11 
student 110: 3 10 14 7 2 13 16 12 9 19 8 11 18 6 5 15 4 17 1 20 
student 111: 9 8 11 16 7 6 20 2 1 12 14 17 19 5 13 15 3 4 18 10 
student 112: 2 13 3 14 6 4 17 5 18 19 15 7 12 1 8 20 9 10 16 11 
student 113: 2 14 7 15 12 20 16 4 3 8 19 6 10 1 5 9 13 17 18 11 
student 114: 13 20 6 16 8 15 7 5 4 11 14 2 10 1 9 3 19 12 17 18 
student 115: 12 19 5 13 10 6 20 2 14 15 4 18 8 3 7 1 9 11 16 17 
student 116: 13 4 15 5 14 7 18 12 6 11 3 1 10 19 9 20 16 8 17 2 
student 117: 13 15 9 19 12 11 17 6 1 14 18 5 8 10 3 16 4 20 2 7 
student 118: 1 4 7 20 10 3 18 13 8 19 12 15 14 5 6 11 2 17 16 9 
student 119: 4 11 12 10 14 3 20 2 17 8 15 19 9 7 5 13 6 1 16 18 
student 120: 3 13 7 19 6 1 10 15 4 5 18 16 17 14 9 2 11 8 20 12 
student 121: 1 3 18 12 7 5 9 16 6 20 19 13 14 11 2 10 15 8 17 4 
student 122: 3 13 16 19 14 11 20 7 2 8 18 9 15 5 4 1 6 10 17 12 
student 123: 14 8 17 16 3 2 7 15 10 13 20 6 18 4 5 1 11 19 9 12 
student 124: 9 15 2 8 13 1 10 16 6 19 4 7 14 11 3 5 12 17 18 20 
student 125: 3 7 9 16 15 4 10 14 1 2 19 8 17 20 6 18 12 5 11 13 
student 126: 6 2 9 19 13 15 10 3 7 14 5 1 20 8 11 17 12 16 18 4 
student 127: 12 5 9 13 7 14 19 8 4 18 15 1 17 11 3 2 16 20 6 10 
student 128: 2 5 11 4 17 9 18 8 3 7 15 14 19 6 1 16 20 10 12 13 
student 129: 4 18 11 17 3 9 6 13 2 7 8 15 16 5 14 1 10 19 12 20 
student 130: 4 5 18 17 19 2 8 16 10 11 20 12 13 7 1 14 3 15 6 9 
student 131: 7 18 11 12 2 4 19 14 5 10 20 1 16 6 3 13 8 9 17 15 
student 132: 2 16 17 18 5 4 19 13 1 9 10 6 11 3 15 14 8 7 20 12 
student 133: 13 3 11 18 17 2 20 4 5 6 16 12 9 1 8 14 10 15 19 7 
student 134: 6 17 3 5 9 12 14 16 20 1 18 2 13 4 19 10 8 7 11 15 
student 135: 4 19 18 15 20 17 7 2 1 8 12 11 3 10 13 14 5 9 6 16 
student 136: 16 15 14 7 3 13 8 4 2 6 18 20 10 1 19 11 9 12 5 17 
student 137: 7 16 9 20 17 6 1 2 8 5 18 3 14 13 10 11 12 15 19 4 
student 138: 3 13 4 19 20 11 5 17 6 1 18 10 14 15 2 12 8 7 9 16 
student 139: 18 16 13 6 1 7 12 19 8 11 17 9 20 5 10 14 4 3 15 2 
student 140: 6 13 17 19 10 2 14 9 1 8 15 5 18 3 4 16 7 20 12 11 
student 141: 2 13 9 18 17 6 20 16 12 14 1 5 10 7 11 8 3 4 19 15 
student 142: 3 5 19 14 10 17 9 7 12 18 16 15 20 13 2 6 8 1 4 11 
student 143: 7 4 14 19 6 2 20 10 9 12 17 3 18 13 1 8 5 16 11 15 
student 144: 3 10 14 18 2 8 4 1 6 11 9 7 20 5 16 17 13 12 19 15 
student 145: 10 2 11 17 15 18 7 9 4 16 1 20 19 12 6 3 14 8 13 5 
student 146: 3 4 7 14 11 6 1 15 9 17 20 13 18 10 8 16 2 5 19 12 
student 147: 2 3 8 13 17 10 14 4 1 9 18 19 16 20 5 6 12 7 11 15 
student 148: 4 2 5 11 9 1 19 6 3 20 16 13 18 15 10 12 8 17 14 7 
student 149: 8 15 2 12 3 1 18 6 4 17 7 11 20 9 5 14 10 16 19 13 
student 150: 12 17 13 3 10 9 18 2 8 4 7 6 1 15 14 20 5 16 11 19 
student 151: 18 9 20 15 6 5 11 14 3 4 19 13 8 17 2 16 10 1 7 12 
student 152: 1 20 6 14 7 9 12 13 2 19 5 10 15 3 4 16 8 11 18 17 
student 153: 10 19 14 2 3 9 11 6 8 15 20 17 18 4 12 5 1 16 7 13 
student 154: 2 4 17 16 6 10 18 15 11 14 19 8 7 3 1 13 9 5 12 20 
student 155: 14 15 16 18 9 2 12 10 5 1 11 8 20 4 19 17 6 3 7 13 
student 156: 11 14 20 12 18 2 5 4 1 7 17 3 19 8 10 15 6 13 9 16 
student 157: 6 5 19 7 3 4 17 15 1 9 20 16 12 10 8 2 13 14 11 18 
student 158: 8 3 10 13 17 9 20 15 6 2 14 5 4 1 7 18 11 16 12 19 
student 159: 11 18 13 15 12 4 16 7 8 17 6 9 14 2 3 20 1 10 19 5 
student 160: 8 6 18 17 7 10 11 9 4 13 20 3 16 1 15 5 2 12 19 14 
student 161: 1 2 8 6 7 12 5 10 4 19 13 20 9 11 18 16 15 14 17 3 
student 162: 9 2 20 14 5 3 13 19 1 15 17 10 18 7 4 6 16 12 8 11 
student 163: 15 13 17 18 1 2 12 10 6 16 14 7 11 19 3 4 9 5 20 8 
student 164: 1 8 9 11 4 10 16 18 5 15 20 3 7 2 12 17 19 6 13 14 
student 165: 13 16 12 8 14 5 6 3 2 17 20 4 18 9 1 11 19 10 7 15 
student 166: 2 4 14 12 18 8 10 15 5 9 7 3 6 1 11 16 13 17 20 19 
student 167: 7 6 15 20 4 11 18 16 1 12 13 19 2 3 17 8 5 10 9 14 
student 168: 14 10 2 20 19 3 13 4 1 16 17 5 18 9 12 11 6 7 8 15 
student 169: 6 4 15 18 8 1 7 13 12 16 3 17 11 5 14 10 9 19 20 2 
student 170: 6 18 17 11 14 2 1 12 8 10 20 4 15 16 3 19 7 5 13 9 
student 171: 1 6 9 16 14 19 8 18 2 7 20 13 17 11 3 5 12 15 4 10 
student 172: 4 12 13 15 10 3 8 5 16 6 17 1 20 7 19 2 9 18 11 14 
student 173: 7 13 6 17 11 2 12 5 1 19 15 4 20 3 18 14 8 10 16 9 
student 174: 1 10 12 11 20 19 17 2 7 13 8 9 15 16 6 14 3 18 4 5 
student 175: 12 3 1 5 7 14 9 20 16 10 17 6 15 2 13 4 8 11 19 18 
student 176: 7 14 9 18 11 5 8 1 3 17 20 10 19 15 12 2 4 16 13 6 
student 177: 2 7 20 14 5 18 11 16 4 12 19 3 10 13 1 15 8 6 9 17 
student 178: 1 12 20 16 11 7 4 17 13 6 5 15 3 2 14 19 8 18 9 10 
student 179: 3 18 12 4 2 13 16 19 5 10 20 6 7 17 11 8 1 9 14 15 
student 180: 5 10 1 17 14 8 6 3 2 7 11 18 20 13 12 16 19 4 15 9 
student 181: 3 16 18 19 15 6 12 11 13 14 9 2 8 7 4 1 5 17 10 20 
student 182: 9 10 8 6 18 20 11 16 19 15 4 13 17 2 5 12 1 3 7 14 
student 183: 4 1 14 17 6 15 7 11 13 9 16 18 19 5 3 10 2 20 12 8 
student 184: 16 11 14 20 2 17 13 12 9 5 19 4 6 3 7 8 1 10 15 18 
student 185: 17 8 14 20 1 3 16 5 15 12 9 6 19 10 7 13 4 11 18 2 
student 186: 10 8 13 2 1 6 14 15 5 19 11 4 17 3 16 9 18 7 20 12 
student 187: 5 12 13 4 10 3 16 2 11 18 20 6 1 14 7 8 9 15 17 19 
student 188: 6 2 15 16 12 13 20 11 3 18 10 5 19 1 4 14 7 8 9 17 
student 189: 5 8 9 17 20 14 16 6 19 11 15 2 10 1 3 13 7 4 12 18 
student 190: 1 7 16 18 9 10 13 12 3 15 17 8 5 11 6 20 4 14 19 2 
student 191: 6 7 2 19 12 14 5 3 1 9 17 16 18 15 10 13 4 8 11 20 
student 192: 1 4 20 13 12 8 19 10 7 14 17 5 9 3 11 18 2 16 6 15 
student 193: 10 5 19 14 1 16 12 17 6 11 8 2 13 7 9 15 20 4 3 18 
student 194: 5 1 16 17 7 4 3 12 2 13 18 9 20 6 10 15 8 11 19 14 
student 195: 5 12 15 11 9 6 10 16 3 8 18 7 19 1 2 13 4 14 17 20 
student 196: 3 16 4 9 6 11 12 5 2 15 18 20 19 17 1 8 10 7 14 13 
student 197: 10 1 15 17 13 5 8 14 2 20 4 18 7 3 11 12 6 16 9 19 
student 198: 5 14 6 20 8 7 9 12 1 15 16 13 19 4 11 10 3 17 18 2 
student 199: 10 5 3 1 9 4 19 17 7 6 20 2 15 14 8 11 18 12 16 13 
student 200: 3 6 7 19 16 17 13 4 5 2 11 18 14 1 8 9 15 20 12 10 
student 201: 7 20 5 15 1 16 19 11 9 3 4 2 18 10 6 8 17 13 14 12 
student 202: 10 4 5 7 9 1 13 15 16 2 12 19 14 8 18 17 6 3 11 20 
student 203: 10 9 13 11 8 6 18 2 15 1 14 19 5 17 3 12 7 16 4 20 
student 204: 10 13 11 19 12 4 1 8 7 5 20 15 16 14 2 6 9 17 3 18 
student 205: 12 17 9 16 6 13 4 1 11 20 14 3 10 15 18 8 2 5 19 7 
student 206: 13 2 10 18 11 7 8 16 9 19 12 5 1 4 20 14 3 6 15 17 
student 207: 2 16 11 14 5 17 4 9 6 13 19 8 10 20 3 7 1 12 18 15 
student 208: 8 1 4 18 5 2 20 6 7 11 14 3 15 13 9 16 17 12 19 10 
student 209: 11 20 3 10 7 19 13 14 6 16 18 12 8 15 2 5 9 4 1 17 
student 210: 5 6 16 19 7 11 12 9 8 2 1 18 20 10 4 15 3 13 14 17 
student 211: 19 1 14 8 6 11 17 20 7 4 13 5 18 12 3 16 2 10 15 9 
student 212: 6 15 4 5 11 1 10 14 17 9 13 20 18 19 12 8 2 16 3 7 
student 213: 1 7 9 20 3 5 4 19 12 13 10 14 11 17 18 2 15 6 16 8 
student 214: 12 9 17 20 7 1 15 3 6 5 16 18 10 2 8 19 4 11 13 14 
student 215: 9 16 20 15 7 2 19 10 3 18 12 14 8 1 6 17 4 13 11 5 
student 216: 19 5 7 13 11 4 10 3 1 2 17 9 8 14 20 18 16 6 12 15 
student 217: 8 20 12 13 7 16 19 4 9 10 1 2 17 6 18 15 3 14 5 11 
student 218: 10 5 8 19 13 6 17 16 4 12 18 11 15 9 14 2 1 3 20 7 
student 219: 20 14 15 18 2 1 8 7 6 19 5 17 9 3 11 10 13 4 12 16 
student 220: 4 13 2 20 18 3 12 6 17 9 10 1 15 11 5 14 7 16 19 8 
student 221: 14 11 20 15 12 1 16 9 2 10 4 17 7 13 6 5 3 8 19 18 
student 222: 5 8 16 19 15 11 17 7 4 1 12 20 10 2 9 3 13 14 18 6 
student 223: 1 9 20 8 7 14 17 3 11 4 2 6 16 10 5 19 18 12 13 15 
student 224: 4 5 10 14 16 17 20 8 2 13 12 18 7 9 19 1 6 3 11 15 
student 225: 4 1 3 16 5 6 17 12 15 8 20 18 13 2 14 11 9 7 19 10 
student 226: 9 6 16 15 2 5 18 13 7 17 19 12 4 10 11 20 14 3 8 1 
student 227: 3 12 8 9 5 4 15 6 7 19 11 1 16 18 10 13 2 14 17 20 
student 228: 1 7 17 15 3 12 10 14 6 16 18 13 9 5 8 11 2 4 20 19 
student 229: 6 20 2 16 5 3 1 4 19 10 9 15 14 11 7 8 12 18 13 17 
student 230: 10 8 6 19 3 16 12 7 9 4 20 1 14 11 13 5 2 15 17 18 
student 231: 2 4 10 1 7 18 5 20 3 14 12 6 15 8 16 17 9 11 13 19 
student 232: 4 1 7 20 2 13 12 5 3 11 19 6 9 16 15 10 14 8 18 17 
student 233: 5 8 12 10 3 9 20 18 4 15 16 17 19 6 2 13 7 11 1 14 
student 234: 14 12 13 19 7 2 17 9 3 18 11 1 20 6 15 5 8 16 10 4 
student 235: 8 1 2 15 12 14 19 3 20 7 17 6 9 5 10 18 11 4 16 13 
student 236: 15 4 1 6 19 8 13 18 9 12 17 5 7 16 3 2 10 20 11 14 
student 237: 2 4 6 19 7 12 1 14 3 8 18 5 10 15 13 16 9 11 20 17 
student 238: 12 18 17 20 14 2 6 16 4 9 7 19 15 1 11 3 8 5 10 13 
student 239: 11 13 3 16 9 7 18 19 4 14 8 15 17 2 6 5 12 20 10 1 
student 240: 8 19 4 7 13 10 20 12 9 14 11 6 16 1 17 18 2 3 5 15 
student 241: 6 3 14 19 17 15 8 11 2 7 9 13 12 1 10 20 5 16 4 18 
student 242: 4 11 14 19 12 1 18 15 2 6 13 5 20 9 3 16 7 10 8 17 
student 243: 1 10 11 20 5 13 14 16 9 17 15 7 8 2 19 3 4 6 12 18 
student 244: 6 13 7 18 4 1 11 19 8 14 5 12 16 10 3 9 2 17 20 15 
student 245: 3 9 1 18 6 4 7 8 5 14 11 2 12 10 20 15 19 13 16 17 
student 246: 1 3 16 10 12 7 17 20 2 11 18 8 19 15 9 6 5 4 14 13 
student 247: 3 13 15 11 8 1 20 7 2 9 18 4 16 10 17 6 14 5 19 12 
student 248: 15 6 20 12 9 5 10 1 7 3 14 16 17 2 13 4 8 18 11 19 
student 249: 5 3 13 19 2 10 15 7 6 14 12 8 1 20 16 11 4 17 18 9 
student 250: 5 9 17 8 11 1 19 3 16 20 15 10 12 4 6 7 2 14 18 13 
student 251: 1 3 19 17 7 12 18 4 6 20 16 8 13 2 10 5 11 15 9 14 
student 252: 5 16 18 9 3 6 20 15 13 7 12 4 17 1 19 2 8 10 14 11 
student 253: 4 10 16 19 2 12 9 1 18 14 17 13 7 20 6 11 3 8 5 15 
student 254: 3 17 15 14 5 1 8 10 6 11 18 13 20 7 16 19 12 4 2 9 
student 255: 17 14 19 11 13 9 10 12 2 20 18 8 6 1 5 15 3 16 4 7 
student 256: 8 17 12 6 11 14 7 5 18 13 15 4 16 10 3 1 2 19 9 20 
student 257: 5 15 13 2 7 6 16 9 4 1 18 3 17 10 11 20 8 19 12 14 
student 258: 16 9 4 20 18 10 12 13 8 17 15 3 14 1 6 5 11 2 19 7 
student 259: 2 9 12 20 7 10 14 17 3 8 16 13 15 1 5 18 6 11 19 4 
student 260: 8 5 1 18 10 2 6 13 11 15 16 20 19 7 12 14 3 4 9 17 
student 261: 17 18 15 19 10 2 3 20 7 4 13 14 11 1 12 6 9 5 8 16 
student 262: 10 5 12 19 18 6 7 20 11 14 9 16 8 15 3 2 4 1 17 13 
student 263: 15 14 10 17 11 4 13 6 2 1 8 16 18 5 12 7 3 19 9 20 
student 264: 13 15 1 19 11 8 4 5 3 18 20 6 17 7 10 12 2 9 16 14 
student 265: 6 5 11 20 14 17 16 9 10 12 3 19 1 4 8 18 7 2 15 13 
student 266: 6 10 2 18 14 3 7 19 8 12 5 9 11 1 15 4 17 16 13 20 
student 267: 14 2 11 15 1 18 19 16 13 5 12 9 20 3 10 17 4 7 8 6 
student 268: 4 16 12 8 6 1 9 11 10 13 14 15 7 20 2 19 3 5 18 17 
student 269: 10 9 18 11 15 2 20 8 3 4 14 1 12 5 16 6 7 19 17 13 
student 270: 2 7 9 19 5 4 18 20 3 13 17 15 12 6 14 16 1 10 11 8 
student 271: 4 5 3 12 6 10 11 17 2 8 14 19 20 13 1 16 15 7 18 9 
student 272: 8 13 1 20 3 2 7 9 6 11 10 4 18 5 14 17 12 19 16 15 
student 273: 1 13 19 14 9 18 3 5 4 10 17 2 6 11 7 8 15 16 12 20 
student 274: 11 14 1 10 8 15 7 18 20 4 2 5 9 16 12 19 3 17 6 13 
student 275: 4 17 8 14 15 5 13 7 1 11 20 10 6 2 9 16 12 3 19 18 
student 276: 8 4 11 7 20 10 14 17 5 19 16 6 18 1 9 15 3 2 13 12 
student 277: 8 1 17 4 7 9 11 5 3 10 16 15 14 2 6 12 20 13 19 18 
student 278: 2 20 16 18 1 9 4 17 14 11 15 7 3 13 5 6 19 10 12 8 
student 279: 5 11 12 20 13 1 14 16 10 18 2 7 19 4 9 8 6 17 3 15 
student 280: 13 8 18 2 11 12 3 14 1 19 16 9 20 4 5 6 10 17 7 15 
student 281: 3 16 14 15 1 4 11 8 5 20 7 6 9 18 10 12 19 17 2 13 
student 282: 1 6 10 19 7 14 4 11 9 2 8 15 18 5 20 12 3 16 13 17 
student 283: 10 8 17 13 6 15 5 18 9 12 11 1 3 2 4 14 7 20 16 19 
student 284: 5 3 14 20 1 11 19 7 16 15 13 6 12 10 4 18 8 17 9 2 
student 285: 7 10 16 1 12 2 17 18 9 15 13 4 19 3 5 20 8 14 11 6 
student 286: 11 9 16 18 3 2 5 4 10 17 8 6 13 15 1 12 7 20 14 19 
student 287: 2 8 14 13 16 3 5 10 6 20 18 7 15 4 1 19 9 17 11 12 
student 288: 11 3 1 12 16 18 8 7 5 17 14 2 20 6 13 19 15 4 9 10 
student 289: 10 8 12 4 19 2 13 7 1 5 17 3 14 18 11 9 6 20 15 16 
student 290: 8 12 3 10 19 9 18 5 13 14 15 6 2 17 4 7 11 20 1 16 
student 291: 7 1 5 11 3 19 9 13 10 20 16 2 15 6 17 12 4 18 14 8 
student 292: 20 12 19 10 7 6 13 17 2 14 16 5 18 1 15 9 11 8 3 4 
student 293: 1 16 5 19 6 3 18 13 11 20 12 15 14 7 8 10 4 9 2 17 
student 294: 3 16 19 12 14 4 15 6 2 20 11 7 18 1 9 17 10 5 13 8 
student 295: 1 15 17 8 5 13 16 18 3 14 10 4 20 2 9 12 6 11 19 7 
student 296: 14 12 16 17 6 3 20 13 4 7 5 1 10 9 11 8 2 18 19 15 
student 297: 7 8 6 9 13 14 20 19 5 17 15 2 1 11 3 16 4 12 18 10 
student 298: 11 6 19 17 9 5 18 14 10 15 20 13 8 2 16 4 1 7 3 12 
student 299: 2 5 6 10 19 18 20 17 4 12 16 14 11 8 9 3 1 15 13 7 
student 300: 6 7 12 8 19 18 15 4 3 14 10 5 17 1 2 11 20 13 9 16 
student 301: 16 9 4 7 12 3 14 5 20 17 2 10 15 6 19 13 8 1 18 11 
student 302: 5 10 19 16 7 8 4 18 1 9 3 13 17 12 14 20 6 2 15 11 
student 303: 7 4 19 8 3 5 13 9 14 11 18 12 17 2 6 16 10 1 20 15 
student 304: 1 10 3 4 7 8 9 2 5 17 18 20 16 15 11 19 12 14 6 13 
student 305: 2 12 5 10 4 7 9 11 19 20 17 14 13 3 1 8 6 18 16 15 
student 306: 17 8 20 1 14 13 5 9 18 19 12 16 11 2 4 7 6 10 3 15 
student 307: 2 15 20 14 5 12 11 10 6 17 19 7 16 4 1 8 9 13 3 18 
student 308: 17 11 16 18 13 20 5 4 7 19 15 2 14 1 9 6 3 12 8 10 
student 309: 14 13 5 10 1 2 16 7 3 20 18 19 8 11 9 6 12 4 15 17 
student 310: 18 17 19 3 9 7 12 11 1 10 20 6 16 4 8 14 2 15 13 5 
student 311: 1 15 7 6 10 11 16 4 3 18 14 13 17 9 5 2 8 12 20 19 
student 312: 10 20 6 9 17 5 7 18 16 13 14 8 4 3 2 11 15 12 19 1 
student 313: 6 3 8 13 17 15 5 11 12 16 7 18 1 4 10 19 2 20 9 14 
student 314: 14 10 12 17 2 5 15 13 3 16 7 19 18 11 8 6 1 9 4 20 
student 315: 7 1 14 18 4 11 19 15 17 20 16 8 9 13 5 10 3 12 2 6 
student 316: 9 16 7 17 6 2 19 11 8 14 13 15 10 12 3 1 5 4 20 18 
student 317: 9 12 4 8 10 18 14 1 6 13 19 11 2 3 17 20 5 15 7 16 
student 318: 13 9 16 7 3 15 14 19 1 5 11 17 4 18 2 6 10 8 20 12 
student 319: 13 19 17 7 20 14 9 4 1 12 15 3 10 2 6 8 16 5 18 11 
student 320: 8 6 15 14 16 1 19 13 3 20 12 10 17 11 18 4 2 5 7 9 
student 321: 17 16 14 8 4 2 9 15 3 18 19 10 12 1 6 7 5 20 11 13 
student 322: 8 14 9 17 1 7 16 20 10 15 3 18 13 4 11 2 6 12 5 19 
student 323: 15 6 12 17 18 2 16 1 8 7 20 14 11 5 10 3 13 19 9 4 
student 324: 3 18 14 19 15 12 1 4 10 16 17 7 20 2 11 8 9 13 5 6 
student 325: 3 12 20 13 19 9 17 2 4 6 18 10 8 5 7 11 1 15 16 14 
student 326: 11 10 4 9 2 1 15 7 3 8 19 6 17 14 12 18 5 20 16 13 
student 327: 11 10 19 20 8 1 5 13 18 3 15 6 9 4 2 17 14 16 12 7 
student 328: 4 7 10 18 5 14 17 16 8 11 2 1 20 3 9 12 13 6 15 19 
student 329: 9 4 13 16 8 14 19 7 3 1 10 2 15 12 5 18 6 11 20 17 
student 330: 5 13 14 2 8 3 15 9 4 18 17 6 10 7 12 19 20 16 1 11 
student 331: 7 5 8 10 4 1 16 9 3 15 14 18 20 2 6 13 19 11 12 17 
student 332: 2 1 11 19 4 14 5 15 12 17 20 9 16 13 3 10 7 6 8 18 
student 333: 4 15 8 5 9 11 12 19 3 17 1 13 18 2 6 14 10 7 16 20 
student 334: 3 9 17 15 4 1 16 14 11 8 18 5 19 6 10 2 7 12 13 20 
student 335: 6 12 17 20 18 15 16 3 13 14 19 9 5 4 10 8 11 1 2 7 
student 336: 5 14 18 12 6 9 7 3 15 17 13 4 2 16 10 19 1 20 8 11 
student 337: 1 18 9 7 8 15 17 4 12 10 16 2 3 6 11 5 14 13 20 19 
student 338: 2 17 11 4 3 14 9 18 1 7 13 5 10 15 12 8 6 20 16 19 
student 339: 11 10 20 4 8 18 16 12 1 6 14 13 17 7 3 15 2 5 9 19 
student 340: 5 13 18 16 8 4 6 15 7 17 20 2 19 3 1 11 10 9 12 14 
student 341: 6 4 14 19 12 1 3 7 9 13 15 8 17 10 5 18 2 20 16 11 
student 342: 1 3 15 20 2 10 14 7 11 17 6 4 8 12 16 5 13 19 18 9 
student 343: 4 6 8 18 10 5 17 14 9 12 3 1 13 2 7 19 15 11 16 20 
student 344: 3 13 15 12 7 10 9 20 2 19 16 11 17 8 4 6 1 18 5 14 
student 345: 3 11 19 18 6 1 9 12 10 15 16 5 17 4 7 8 20 2 14 13 
student 346: 12 8 19 13 3 1 10 18 2 17 5 20 14 7 16 9 11 6 15 4 
student 347: 7 4 11 17 18 3 10 16 6 13 12 20 14 5 8 9 1 2 15 19 
student 348: 14 1 5 17 16 7 12 18 13 10 20 6 15 2 3 11 19 4 8 9 
student 349: 5 4 9 19 7 14 15 1 8 10 16 17 6 3 2 18 11 13 12 20 
student 350: 1 6 4 11 13 8 20 19 7 12 17 18 15 5 2 16 3 9 14 10 
student 351: 17 11 4 16 20 18 9 8 3 10 2 7 14 6 1 13 5 15 12 19 
student 352: 9 6 17 20 16 5 19 13 11 7 18 3 8 12 4 2 14 10 15 1 
student 353: 7 6 12 15 3 1 5 10 11 9 8 20 19 17 2 16 4 13 18 14 
student 354: 2 12 13 14 7 10 15 11 17 18 20 16 8 6 1 5 3 9 4 19 
student 355: 7 1 13 19 5 10 18 6 4 15 11 3 9 2 12 8 16 17 14 20 
student 356: 7 6 18 3 14 4 12 20 1 13 17 5 10 16 11 15 2 19 9 8 
student 357: 7 12 11 4 14 3 19 9 1 5 18 16 17 6 15 10 13 2 20 8 
student 358: 16 1 17 7 6 20 18 2 3 11 13 5 9 4 15 8 14 19 12 10 
student 359: 4 9 13 17 8 5 6 1 3 18 16 19 14 2 20 11 12 15 7 10 
student 360: 9 5 18 13 4 10 8 2 16 17 19 1 12 3 7 11 15 14 20 6 
student 361: 8 20 2 9 15 16 17 10 3 1 18 14 13 11 19 5 7 4 12 6 
student 362: 2 17 20 18 5 9 3 6 1 16 4 14 8 12 11 7 15 10 19 13 
student 363: 2 14 10 20 8 7 19 18 1 13 9 12 16 3 4 15 5 6 11 17 
student 364: 7 5 10 20 2 13 11 16 6 14 18 4 1 12 19 9 3 15 17 8 
student 365: 8 16 14 5 7 6 3 4 1 10 20 17 2 12 13 19 9 18 15 11 
student 366: 1 3 17 10 7 2 16 11 13 15 14 19 20 8 5 6 18 9 12 4 
student 367: 9 5 18 8 13 6 16 17 4 3 19 7 20 10 14 11 12 2 1 15 
student 368: 7 9 19 18 8 14 6 1 5 3 17 20 13 4 12 15 10 2 16 11 
student 369: 1 2 3 13 19 9 17 15 7 5 8 12 20 11 10 18 6 14 16 4 
student 370: 2 15 10 18 11 5 19 3 14 9 20 7 17 6 1 4 8 13 12 16 
student 371: 17 1 13 20 11 14 18 12 16 8 15 5 7 4 2 6 9 10 3 19 
student 372: 2 10 19 18 3 9 17 20 1 14 4 12 8 6 7 16 5 13 15 11 
student 373: 17 18 11 14 2 4 16 19 1 6 9 7 13 12 10 5 3 8 15 20 
student 374: 4 8 13 19 15 9 18 16 10 7 17 12 1 11 6 3 2 5 20 14 
student 375: 11 1 4 20 2 19 18 10 9 7 13 16 5 17 8 6 3 15 12 14 
student 376: 4 20 8 17 9 1 14 10 2 6 15 13 11 18 5 12 3 19 16 7 
student 377: 4 17 16 7 9 12 15 1 3 20 14 18 8 2 13 10 5 11 19 6 
student 378: 5 1 8 17 3 7 18 2 11 15 14 9 19 6 4 13 10 16 20 12 
student 379: 7 20 10 19 6 13 14 4 5 11 18 2 12 9 8 17 3 16 15 1 
student 380: 18 10 1 11 4 2 14 15 3 13 12 19 17 8 6 5 9 20 7 16 
student 381: 8 17 10 7 20 5 13 3 1 15 12 4 6 19 11 2 14 16 9 18 
student 382: 9 4 20 15 8 3 17 13 12 18 2 11 7 16 6 5 14 10 19 1 
student 383: 17 14 16 12 20 5 7 11 1 8 13 3 18 15 2 10 6 4 19 9 
student 384: 18 19 6 3 12 8 17 1 5 16 13 2 20 4 11 7 15 9 14 10 
student 385: 12 7 17 10 19 6 14 1 5 20 13 16 4 2 11 15 9 18 3 8 
student 386: 15 10 6 18 5 9 4 11 12 17 20 1 19 3 8 7 13 16 14 2 
student 387: 3 2 7 20 8 5 14 13 1 18 19 11 16 4 10 9 12 17 6 15 
student 388: 16 11 13 19 14 1 6 15 2 10 18 9 20 7 3 17 4 12 5 8 
student 389: 12 20 13 7 3 14 19 15 6 9 18 5 2 4 1 11 16 17 10 8 
student 390: 8 4 3 15 10 7 6 13 9 12 18 5 19 2 1 17 14 11 20 16 
student 391: 17 11 20 5 1 4 8 12 10 2 16 13 19 7 9 14 6 18 3 15 
student 392: 6 10 16 17 3 15 8 2 12 9 11 14 18 5 1 4 7 13 20 19 
student 393: 1 10 2 16 3 7 12 15 13 9 4 8 19 5 20 18 14 11 6 17 
student 394: 15 9 6 16 8 1 13 2 12 3 14 19 20 4 11 10 5 18 7 17 
student 395: 6 9 10 8 7 5 3 20 17 19 18 11 12 1 4 16 15 2 13 14 
student 396: 1 3 15 19 14 7 6 18 9 4 10 12 20 2 11 13 8 5 16 17 
student 397: 2 7 8 4 13 6 18 12 10 19 14 17 15 5 3 11 9 1 16 20 
student 398: 7 8 17 18 6 10 9 5 13 4 20 12 19 11 3 1 15 2 14 16 
student 399: 1 8 16 13 5 12 19 7 6 20 11 3 17 2 9 4 14 18 15 10 
student 400: 10 9 14 5 7 4 20 8 1 19 18 17 16 3 6 15 2 12 13 11 
student 401: 11 3 15 8 6 14 19 20 9 13 7 4 17 2 12 1 5 18 16 10 
student 402: 3 14 13 16 11 9 15 20 2 10 18 1 5 6 7 8 12 4 17 19 
student 403: 18 4 12 15 2 3 9 10 11 13 16 6 7 5 1 14 8 20 19 17 
student 404: 3 14 6 20 18 5 12 8 1 17 11 9 16 2 13 19 7 4 15 10 
student 405: 2 12 3 10 16 7 13 5 4 19 14 17 15 9 8 11 1 18 6 20 
student 406: 2 6 4 9 5 12 13 14 7 18 20 16 19 17 10 3 8 1 11 15 
student 407: 19 2 9 4 3 1 15 11 10 5 14 8 20 12 7 18 6 17 16 13 
student 408: 7 8 14 9 5 4 2 16 6 3 12 13 17 15 1 11 20 10 19 18 
student 409: 11 5 2 4 1 12 17 8 7 19 16 20 18 13 15 14 3 6 9 10 
student 410: 7 10 4 15 19 8 12 14 1 11 20 16 13 3 2 5 6 9 17 18 
student 411: 10 16 12 8 6 2 15 7 18 11 20 3 13 1 4 17 5 14 9 19 
student 412: 15 1 13 12 7 3 16 20 9 8 19 17 14 4 6 2 5 10 18 11 
student 413: 16 6 12 19 4 13 5 18 9 1 8 15 20 2 7 14 11 10 3 17 
student 414: 12 7 17 9 15 3 8 18 6 5 11 1 13 16 10 20 2 4 14 19 
student 415: 6 13 11 18 7 5 1 10 2 4 15 14 16 9 12 19 3 20 17 8 
student 416: 3 7 14 17 10 1 18 19 15 11 12 16 20 2 13 4 6 5 9 8 
student 417: 5 3 15 11 12 1 7 10 19 9 18 14 6 2 4 20 8 17 13 16 
student 418: 5 12 17 11 8 1 16 4 9 20 19 18 13 2 3 15 6 10 7 14 
student 419: 12 8 14 6 19 5 9 13 11 1 10 3 17 20 18 7 2 15 16 4 
student 420: 4 11 14 13 17 15 20 19 7 2 12 3 1 9 6 5 10 16 18 8 
student 421: 1 3 12 14 9 4 18 16 7 13 19 20 5 6 10 8 2 17 11 15 
student 422: 15 3 10 8 2 11 12 16 1 7 18 17 14 6 19 13 5 9 20 4 
student 423: 7 2 12 3 17 11 6 8 1 15 20 13 18 4 19 9 16 5 14 10 
student 424: 1 7 13 16 5 17 14 12 9 8 15 2 19 20 4 6 11 3 18 10 
student 425: 10 12 2 7 9 6 13 4 15 18 19 5 8 20 16 14 1 11 17 3 
student 426: 13 7 18 9 8 14 11 6 12 19 20 15 17 1 5 2 10 3 4 16 
student 427: 6 3 11 18 9 5 19 13 12 16 4 7 1 8 2 15 10 14 17 20 
student 428: 7 9 2 18 16 6 19 15 3 11 10 1 17 4 13 8 12 5 20 14 
student 429: 11 7 10 15 19 8 3 2 18 16 13 14 1 12 5 6 17 9 20 4 
student 430: 6 8 9 16 10 4 12 5 7 18 17 11 20 13 3 2 1 15 14 19 
student 431: 15 11 8 14 3 2 10 13 5 19 9 16 20 18 4 1 17 12 6 7 
student 432: 4 8 9 20 14 11 17 10 2 3 7 12 15 1 5 18 6 19 13 16 
student 433: 9 18 17 11 14 8 13 7 19 4 12 3 16 1 15 2 6 5 10 20 
student 434: 9 15 12 11 3 5 7 10 2 20 1 14 18 13 8 6 4 17 19 16 
student 435: 9 11 13 12 1 7 16 18 4 19 17 10 15 6 2 8 3 5 14 20 
student 436: 1 7 4 20 3 12 14 10 17 5 8 16 18 2 11 9 19 13 6 15 
student 437: 7 6 15 16 17 4 19 5 12 13 18 3 10 2 14 8 1 20 9 11 
student 438: 2 12 16 14 18 15 19 1 5 11 17 7 10 6 20 3 9 4 13 8 
student 439: 18 19 13 14 2 12 9 4 8 1 17 16 11 10 5 6 3 15 7 20 
student 440: 6 4 14 12 3 15 16 8 13 20 7 11 10 5 9 1 2 17 19 18 
student 441: 9 1 11 17 7 3 16 15 6 2 19 18 20 4 13 8 14 10 12 5 
student 442: 6 3 13 1 4 11 19 15 9 2 10 16 8 12 18 7 17 14 5 20 
student 443: 1 11 4 19 3 8 20 13 14 12 18 17 16 10 5 9 6 2 15 7 
student 444: 13 8 2 19 6 1 3 14 4 9 20 5 7 15 16 11 12 18 17 10 
student 445: 4 5 13 11 3 12 17 8 2 16 1 20 9 6 10 14 7 18 15 19 
student 446: 12 17 2 18 14 15 13 7 9 19 8 1 3 6 4 10 11 5 20 16 
student 447: 2 19 4 9 17 3 8 6 1 16 20 7 11 14 12 18 13 5 15 10 
student 448: 2 7 19 16 1 5 17 11 12 10 18 3 20 4 8 14 6 9 13 15 
student 449: 10 13 1 11 15 12 16 9 18 20 8 5 3 4 19 6 2 7 14 17 
student 450: 14 9 15 19 18 8 5 20 6 17 12 7 1 10 11 16 2 3 13 4 
student 451: 10 1 11 18 15 2 8 13 3 19 20 9 14 6 4 16 12 7 5 17 
student 452: 7 2 17 5 1 8 13 12 6 18 19 3 9 4 10 14 15 20 11 16 
student 453: 5 9 14 18 15 11 2 8 7 4 16 19 13 6 1 17 20 12 10 3 
student 454: 3 10 12 16 2 18 14 17 1 15 4 9 5 19 6 13 8 20 7 11 
student 455: 2 5 9 19 3 14 18 7 6 17 20 10 8 4 13 15 1 16 11 12 
student 456: 11 7 19 14 10 3 12 5 1 16 18 8 13 2 15 4 9 6 17 20 
student 457: 4 20 8 14 10 2 1 12 5 6 9 3 13 16 18 17 7 11 15 19 
student 458: 5 8 18 14 4 19 17 2 12 11 20 16 15 3 1 9 7 10 13 6 
student 459: 8 7 1 15 10 3 12 5 4 17 2 9 13 6 19 18 16 20 14 11 
student 460: 1 6 5 20 17 9 11 16 7 12 3 4 19 13 8 2 18 10 15 14 
student 461: 19 6 12 17 4 20 18 1 8 15 2 3 13 16 11 7 5 10 9 14 
student 462: 3 4 6 15 5 2 19 9 12 10 11 16 17 1 8 13 7 14 18 20 
student 463: 20 4 18 1 11 10 13 3 5 12 2 15 14 8 17 7 6 9 19 16 
student 464: 3 14 19 18 20 7 16 15 12 13 17 2 9 11 4 5 1 10 6 8 
student 465: 7 13 20 16 10 1 6 18 2 19 12 4 3 14 17 9 15 8 5 11 
student 466: 8 17 15 12 11 10 20 6 4 16 13 5 18 19 14 9 3 1 7 2 
student 467: 4 12 20 18 15 9 17 2 8 5 19 13 3 16 1 7 6 11 10 14 
student 468: 18 15 9 19 1 4 14 10 5 3 13 7 16 17 2 6 8 20 12 11 
student 469: 1 4 5 13 18 6 14 2 9 10 16 12 11 7 8 19 17 3 15 20 
student 470: 1 14 10 4 20 5 6 2 9 19 12 11 7 17 15 8 13 18 3 16 
student 471: 4 8 14 19 7 2 16 1 13 15 12 6 17 5 10 11 3 20 18 9 
student 472: 10 18 4 15 12 2 8 16 11 9 17 14 19 3 5 6 20 13 7 1 
student 473: 19 5 6 16 2 3 4 17 8 9 11 7 18 14 12 10 1 13 20 15 
student 474: 9 3 12 16 10 13 20 7 8 19 18 5 14 17 1 4 6 2 11 15 
student 475: 11 7 17 9 4 1 18 2 8 12 16 19 13 3 6 10 14 15 5 20 
student 476: 6 17 20 12 18 10 1 8 9 3 2 19 4 13 14 5 11 15 16 7 
student 477: 15 19 14 18 6 5 12 20 13 1 11 17 16 8 3 7 9 2 4 10 
student 478: 12 8 14 9 1 3 18 4 5 6 13 10 20 17 19 16 2 11 15 7 
student 479: 6 17 10 19 8 4 20 9 3 2 14 5 18 12 1 13 11 16 7 15 
student 480: 10 19 9 13 6 4 18 16 2 7 20 15 14 11 5 1 3 12 8 17 
student 481: 8 6 12 4 5 3 20 15 19 16 10 18 14 13 9 2 1 7 17 11 
student 482: 4 15 17 13 1 7 19 5 16 8 20 2 11 3 14 12 6 10 18 9 
student 483: 12 1 9 18 15 3 17 4 6 14 19 8 16 13 2 5 7 20 10 11 
student 484: 9 17 7 12 5 3 8 13 4 10 18 6 11 14 2 19 1 15 20 16 
student 485: 2 15 11 18 4 7 5 12 13 10 14 19 17 20 6 3 9 1 16 8 
student 486: 4 20 3 19 11 10 9 6 2 16 15 13 17 7 1 5 12 14 8 18 
student 487: 2 19 20 4 15 3 17 8 5 12 10 6 14 11 16 13 1 7 18 9 
student 488: 4 16 15 1 10 7 19 18 8 2 11 3 20 6 9 14 12 13 17 5 
student 489: 5 11 6 14 16 13 8 15 1 18 10 2 19 4 7 20 3 12 17 9 
student 490: 11 9 17 5 19 16 7 8 4 18 3 15 14 13 1 6 2 10 20 12 
student 491: 4 6 10 19 7 8 12 13 5 16 18 14 20 3 2 17 1 15 11 9 
student 492: 6 20 2 17 19 13 10 18 12 15 14 4 16 1 8 9 3 5 11 7 
student 493: 11 4 20 15 14 1 18 6 5 16 17 12 19 8 9 2 13 7 10 3 
student 494: 6 3 18 16 10 14 17 9 1 2 20 11 12 8 5 15 4 19 7 13 
student 495: 13 18 2 17 9 8 3 14 5 4 19 10 15 7 11 20 1 6 12 16 
student 496: 14 2 13 7 1 6 19 12 3 11 15 5 18 8 20 10 9 4 17 16 
student 497: 3 5 16 1 13 19 14 12 9 18 11 10 8 17 4 7 15 6 20 2 
student 498: 7 1 10 19 16 3 13 6 15 5 2 20 17 8 11 4 9 14 12 18 
student 499: 1 20 10 19 7 3 14 11 8 15 18 4 12 6 2 9 5 13 16 17 
student 500: 19 3 13 16 11 2 4 18 17 9 12 10 8 1 6 5 15 14 7 20 
student 501: 16 19 9 18 14 12 2 11 6 4 10 7 15 1 5 13 17 3 8 20 
student 502: 18 6 2 17 10 12 7 11 9 1 19 3 16 5 20 14 4 15 8 13 
student 503: 3 16 7 12 11 15 2 13 1 4 19 10 18 5 9 14 6 17 20 8 
student 504: 10 16 5 6 13 2 18 12 4 15 17 19 20 7 3 9 1 14 11 8 
student 505: 4 17 10 8 3 12 18 9 6 11 14 7 5 2 1 15 13 16 19 20 
student 506: 17 6 11 5 16 1 9 18 12 7 4 10 20 3 8 13 2 15 19 14 
student 507: 8 16 6 12 18 3 17 7 4 14 15 13 19 2 5 20 11 1 9 10 
student 508: 1 8 5 12 9 6 14 10 2 18 16 13 17 20 19 3 4 11 7 15 
student 509: 20 10 12 17 2 5 19 8 1 16 18 13 14 7 4 11 3 15 9 6 
student 510: 3 12 14 7 9 8 2 6 1 11 16 13 17 15 4 19 5 10 18 20 
student 511: 2 20 12 3 9 4 15 1 8 10 13 17 18 5 6 11 7 14 19 16 
student 512: 7 12 19 13 11 18 16 4 5 14 20 9 15 10 8 3 2 6 1 17 
student 513: 4 2 13 18 6 12 20 7 1 5 17 19 10 11 8 9 16 14 15 3 
student 514: 11 10 15 19 8 3 7 6 1 12 17 4 16 2 9 14 13 20 5 18 
student 515: 17 11 13 1 2 6 20 18 3 19 15 9 14 10 8 16 7 5 4 12 
student 516: 1 12 10 18 8 16 4 5 2 13 7 3 20 6 11 14 19 15 9 17 
student 517: 1 6 20 15 9 14 5 16 3 4 19 13 11 2 10 12 7 8 18 17 
student 518: 19 2 17 16 8 12 20 11 13 7 14 1 15 5 3 9 4 6 18 10 
student 519: 2 10 15 17 6 1 9 13 5 14 20 4 19 16 3 18 8 11 7 12 
student 520: 9 11 10 19 2 15 5 3 6 8 13 20 7 4 1 16 14 17 12 18 
student 521: 20 3 11 15 1 4 19 5 14 17 10 8 18 6 9 16 2 7 13 12 
student 522: 8 18 4 13 1 19 15 7 12 11 2 5 17 9 14 10 16 3 6 20 
student 523: 1 13 9 16 7 3 19 17 5 14 10 2 8 12 11 6 4 15 18 20 
student 524: 4 10 17 16 2 1 6 3 19 14 20 13 18 12 9 5 7 11 15 8 
student 525: 12 7 1 11 6 5 16 3 2 15 14 9 18 4 17 19 13 20 10 8 
student 526: 1 6 15 2 3 7 12 13 4 10 17 16 14 11 19 5 9 20 8 18 
student 527: 6 8 4 7 19 14 11 10 1 9 17 20 15 18 2 12 3 13 16 5 
student 528: 1 13 17 4 3 12 14 2 6 18 20 16 10 9 19 7 8 5 11 15 
student 529: 10 14 7 16 15 9 1 5 20 13 17 18 6 4 2 12 8 3 11 19 
student 530: 6 15 12 10 2 18 20 19 1 8 7 5 16 3 14 4 11 9 13 17 
student 531: 1 9 14 18 3 7 16 10 5 12 15 13 20 2 17 8 6 11 19 4 
student 532: 10 15 11 16 14 7 9 20 8 3 12 13 4 6 1 19 2 17 18 5 
student 533: 11 18 17 16 12 3 4 6 5 14 8 2 9 1 19 13 15 10 7 20 
student 534: 17 1 19 4 2 18 7 12 6 13 9 11 15 16 20 14 8 10 5 3 
student 535: 5 20 18 3 16 1 15 7 6 17 10 13 19 9 4 2 12 11 14 8 
student 536: 4 15 11 18 14 2 20 16 6 9 19 13 12 5 3 1 7 10 17 8 
student 537: 12 17 15 11 20 8 19 10 1 6 7 2 13 16 18 14 5 4 9 3 
student 538: 5 9 16 18 19 2 10 13 1 3 4 12 20 6 17 14 11 7 8 15 
student 539: 13 2 11 17 5 12 19 1 4 15 3 9 18 7 16 14 10 8 6 20 
student 540: 2 16 6 17 5 7 18 10 14 19 13 3 8 4 1 20 15 9 12 11 
student 541: 3 10 20 8 12 9 14 13 4 15 17 6 5 7 2 19 16 1 18 11 
student 542: 3 4 17 15 13 6 18 9 2 14 19 8 10 12 16 7 20 11 5 1 
student 543: 2 4 19 10 1 16 3 12 7 20 11 18 6 9 14 15 5 8 13 17 
student 544: 5 6 12 15 11 10 9 19 2 7 3 8 17 4 18 16 1 20 13 14 
student 545: 19 18 1 6 3 11 2 7 16 15 8 10 9 5 12 13 4 17 14 20 
student 546: 17 18 5 14 15 1 11 2 13 10 19 20 4 6 9 12 16 3 8 7 
student 547: 2 20 14 15 13 8 12 5 6 18 9 17 16 3 1 4 7 10 19 11 
student 548: 6 7 2 18 9 10 16 3 15 12 17 11 14 19 8 1 5 4 20 13 
student 549: 17 1 16 8 15 18 10 6 3 20 14 5 7 13 2 9 11 19 4 12 
student 550: 11 3 12 4 7 14 15 5 10 9 2 16 18 6 13 19 17 1 20 8 
student 551: 1 8 20 19 7 9 5 10 6 12 14 4 13 3 15 11 2 18 17 16 
student 552: 6 10 12 13 18 5 7 4 3 11 20 17 16 9 15 2 8 19 14 1 
student 553: 6 1 10 19 3 17 15 8 5 9 12 13 11 20 7 2 4 14 16 18 
student 554: 16 9 11 10 6 2 1 17 3 4 7 20 5 15 8 19 14 13 12 18 
student 555: 10 13 16 15 19 11 18 7 2 9 17 5 4 1 8 14 6 12 3 20 
student 556: 6 8 10 4 19 13 12 18 1 9 2 11 16 3 14 5 7 17 15 20 
student 557: 1 9 13 14 11 6 18 4 2 19 10 20 16 7 8 5 12 15 3 17 
student 558: 4 2 20 5 11 8 12 16 10 3 18 6 1 7 17 19 9 13 14 15 
student 559: 1 5 10 15 2 6 14 13 4 11 17 19 18 16 7 8 9 12 3 20 
student 560: 8 2 17 16 10 4 12 15 11 19 6 3 20 18 7 14 5 1 9 13 
student 561: 4 13 12 18 16 5 15 1 6 19 17 9 20 7 3 11 2 8 10 14 
student 562: 2 18 8 19 5 1 11 14 9 7 15 13 17 3 12 6 4 16 10 20 
student 563: 4 12 3 7 1 16 17 5 8 15 18 14 20 13 2 11 6 19 9 10 
student 564: 1 20 12 16 4 11 15 7 10 19 8 6 5 9 13 2 3 14 17 18 
student 565: 10 2 4 18 12 3 9 13 5 20 17 14 16 8 1 15 11 6 7 19 
student 566: 7 2 12 20 1 5 15 11 3 9 19 6 17 18 16 14 13 4 8 10 
student 567: 3 1 13 4 2 5 14 8 15 12 17 7 18 11 9 19 20 10 6 16 
student 568: 6 4 5 13 16 9 2 12 11 8 17 7 18 14 3 20 19 1 10 15 
student 569: 7 16 2 11 4 14 1 10 3 17 18 19 13 9 12 15 6 5 20 8 
student 570: 16 7 2 8 4 10 18 20 11 12 13 1 14 6 19 3 9 5 17 15 
student 571: 3 4 20 12 16 9 1 17 5 18 11 8 10 2 7 15 6 13 19 14 
student 572: 3 4 5 16 13 8 17 19 10 11 7 6 18 2 20 14 1 9 15 12 
student 573: 5 16 15 20 10 4 11 8 2 6 13 9 14 12 7 17 3 1 19 18 
student 574: 7 1 16 10 9 20 18 2 17 6 15 3 4 5 13 8 12 14 19 11 
student 575: 1 9 11 20 2 19 3 10 15 17 14 18 13 7 5 8 4 12 6 16 
student 576: 10 20 12 17 15 2 16 19 11 13 3 5 4 6 1 9 18 14 8 7 
student 577: 7 8 19 14 6 20 16 4 9 2 11 1 12 13 15 18 3 5 10 17 
student 578: 6 19 10 20 1 14 17 5 13 9 15 2 3 16 18 12 11 4 8 7 
student 579: 10 9 20 12 13 7 4 5 6 17 18 11 1 14 15 19 3 2 8 16 
student 580: 2 19 1 10 4 16 17 9 7 14 12 11 18 8 5 3 6 13 20 15 
student 581: 1 7 13 6 11 12 16 4 3 9 10 18 15 5 8 19 2 20 14 17 
student 582: 8 9 19 10 3 17 14 12 2 16 13 6 11 4 5 15 7 18 20 1 
student 583: 3 5 16 20 18 11 10 17 4 1 12 14 15 9 6 7 13 19 2 8 
student 584: 3 20 8 9 4 14 18 15 13 17 16 7 19 1 2 10 12 5 6 11 
student 585: 11 8 1 3 12 2 7 16 4 20 10 14 13 18 15 19 6 5 17 9 
student 586: 18 8 20 16 14 12 17 9 7 5 19 3 13 2 10 6 1 15 4 11 
student 587: 8 14 19 16 5 7 18 3 2 11 12 15 20 4 13 1 6 10 9 17 
student 588: 14 12 18 15 1 8 16 6 5 3 20 11 17 2 9 19 10 4 13 7 
student 589: 5 8 13 9 7 3 12 16 2 4 10 17 14 6 1 20 11 15 18 19 
student 590: 4 13 1 17 5 2 11 19 8 10 18 14 6 9 3 15 12 20 7 16 
student 591: 20 6 12 9 3 10 13 5 4 11 18 7 2 15 8 1 17 19 16 14 
student 592: 12 5 17 10 19 7 14 13 4 11 15 6 20 3 18 2 16 8 1 9 
student 593: 2 5 10 15 6 7 20 14 13 16 19 11 1 18 3 8 4 9 17 12 
student 594: 14 19 20 5 18 16 15 4 11 12 6 3 7 1 2 13 9 10 8 17 
student 595: 8 12 16 17 3 18 11 14 7 10 2 19 13 1 15 6 4 9 20 5 
student 596: 11 13 2 15 8 9 17 6 12 14 19 5 20 3 10 4 1 16 7 18 
student 597: 1 17 11 16 20 10 19 6 5 4 9 2 14 12 13 15 3 18 7 8 
student 598: 16 10 11 19 9 12 4 6 2 3 14 8 20 7 5 17 1 15 18 13 
student 599: 5 12 15 9 1 7 13 11 2 20 17 3 8 10 14 19 6 4 16 18 
student 600: 13 7 19 20 1 10 9 6 4 12 17 14 15 3 8 2 11 5 16 18 
student 601: 8 11 17 16 6 7 10 3 1 13 15 9 19 5 2 20 4 12 18 14 
student 602: 2 19 11 1 7 15 17 3 13 4 14 9 5 6 8 20 16 18 12 10 
student 603: 18 5 15 12 10 7 4 13 3 14 20 11 9 6 8 16 17 1 19 2 
student 604: 14 5 19 7 11 20 12 6 3 18 13 1 15 9 2 4 10 17 8 16 
student 605: 4 15 9 12 10 18 2 16 8 13 19 1 17 7 6 5 3 11 20 14 
student 606: 2 8 20 17 1 4 15 18 10 14 19 3 11 9 5 12 13 7 6 16 
student 607: 13 16 19 7 3 11 9 15 2 6 18 10 17 12 1 8 5 20 4 14 
student 608: 4 17 1 19 10 6 14 5 7 12 15 18 13 2 8 11 9 3 20 16 
student 609: 1 3 11 18 12 20 14 10 5 13 16 7 8 4 19 6 2 17 9 15 
student 610: 4 16 14 8 5 15 20 12 6 11 9 17 18 2 3 1 13 19 7 10 
student 611: 7 3 4 19 1 9 14 18 2 11 20 15 13 5 10 17 6 12 16 8 
student 612: 5 14 10 13 19 7 17 9 8 4 3 18 11 2 16 1 12 15 6 20 
student 613: 9 3 13 18 8 2 17 6 14 10 1 5 7 12 4 15 11 16 19 20 
student 614: 2 3 20 11 9 8 12 14 19 7 15 17 16 6 1 4 10 5 18 13 
student 615: 9 5 1 19 14 3 17 7 4 11 2 12 10 18 6 20 8 13 15 16 
student 616: 5 16 19 9 7 6 4 1 10 13 12 14 11 3 2 8 17 20 18 15 
student 617: 8 1 14 19 7 12 5 11 2 18 3 15 17 9 6 10 13 20 16 4 
student 618: 7 3 12 15 20 5 10 13 4 1 9 11 14 8 6 17 2 19 18 16 
student 619: 9 2 10 13 7 17 8 14 5 11 18 16 15 4 6 3 12 1 19 20 
student 620: 5 3 10 16 9 14 18 7 1 12 15 8 11 20 2 4 6 19 13 17 
student 621: 5 6 13 11 16 1 20 7 4 19 14 2 12 9 15 18 10 17 8 3 
student 622: 4 8 17 9 3 2 18 7 5 20 14 12 11 1 13 10 6 16 19 15 
student 623: 6 11 17 14 9 7 13 5 1 12 4 20 8 3 18 10 16 19 2 15 
student 624: 10 14 18 8 6 12 1 5 2 20 17 9 15 4 7 11 19 3 13 16 
student 625: 4 6 2 3 9 12 1 7 10 11 20 13 19 18 5 17 15 14 8 16 
student 626: 4 2 13 19 10 12 14 18 1 16 8 6 15 3 7 11 5 17 9 20 
student 627: 10 6 18 16 9 5 15 8 3 17 20 12 1 13 19 14 4 11 2 7 
student 628: 17 5 19 8 3 4 18 15 7 1 20 10 13 14 6 16 2 11 9 12 
student 629: 5 7 19 14 3 8 20 9 4 13 6 1 12 11 10 2 17 18 16 15 
student 630: 15 2 7 20 8 3 16 6 4 18 10 13 14 17 1 19 11 9 5 12 
student 631: 3 14 18 7 5 19 8 11 20 13 1 4 16 2 17 9 6 12 10 15 
student 632: 9 2 3 20 4 14 11 5 7 15 12 13 10 1 6 17 18 8 16 19 
student 633: 9 8 18 20 5 7 16 2 10 4 17 15 12 19 3 6 14 13 1 11 
student 634: 7 12 4 11 13 9 20 17 14 8 6 18 10 3 15 5 2 19 1 16 
student 635: 14 16 9 19 1 2 17 5 4 13 12 7 20 3 18 6 8 10 15 11 
student 636: 5 6 16 12 15 1 7 14 10 4 18 3 2 20 17 8 9 11 13 19 
student 637: 13 16 17 11 9 2 3 6 1 19 15 5 18 4 8 14 12 10 20 7 
student 638: 2 4 8 14 18 5 7 6 16 15 17 13 19 3 1 9 12 10 20 11 
student 639: 13 11 10 7 9 5 18 4 1 2 16 12 8 3 14 19 6 20 17 15 
student 640: 10 16 6 17 4 13 5 14 2 19 18 11 9 3 15 12 8 1 20 7 
student 641: 2 5 7 18 1 17 20 6 11 12 14 16 10 4 13 8 9 19 15 3 
student 642: 13 1 11 20 10 6 4 9 3 12 14 2 16 18 8 7 15 5 19 17 
student 643: 1 19 14 8 4 15 7 13 10 11 18 5 17 2 20 3 9 6 16 12 
student 644: 2 3 19 10 18 9 16 17 4 14 7 8 15 6 5 12 1 20 13 11 
student 645: 5 6 3 16 13 9 18 19 10 15 17 11 20 1 8 12 14 7 4 2 
student 646: 19 6 16 17 4 7 20 13 10 2 15 8 18 3 9 5 11 14 1 12 
student 647: 1 16 7 18 10 5 4 3 2 19 11 9 14 8 15 17 6 20 13 12 
student 648: 7 14 5 8 12 6 13 11 1 18 19 15 2 10 3 20 4 17 9 16 
student 649: 14 19 11 9 15 2 6 17 4 18 16 3 20 10 1 5 8 7 12 13 
student 650: 10 9 19 17 3 6 4 5 16 1 11 8 15 2 7 13 12 20 18 14 
student 651: 13 3 8 12 4 6 14 20 9 19 7 5 10 1 17 2 18 15 11 16 
student 652: 10 5 2 19 18 1 20 13 16 17 11 6 9 4 14 15 3 12 8 7 
student 653: 11 14 13 6 5 9 10 4 12 17 3 20 19 1 2 7 15 18 16 8 
student 654: 3 13 16 20 8 7 19 18 4 12 10 15 11 1 17 2 6 9 14 5 
student 655: 6 9 17 15 10 4 3 14 8 20 16 7 2 1 5 19 18 13 12 11 
student 656: 6 12 20 9 1 2 5 19 17 15 18 14 16 4 7 8 11 10 3 13 
student 657: 20 12 18 17 11 1 16 7 14 5 8 4 15 6 9 3 2 13 19 10 
student 658: 12 7 5 16 6 9 13 18 8 17 15 3 19 2 4 11 1 10 14 20 
student 659: 11 16 17 5 3 15 9 18 10 6 14 2 7 19 20 1 13 4 8 12 
student 660: 11 8 19 20 13 9 3 12 5 17 16 15 18 1 10 6 2 14 4 7 
student 661: 5 17 15 19 20 2 1 3 4 18 13 10 16 9 6 7 8 12 11 14 
student 662: 8 10 19 15 9 2 13 6 11 17 12 3 16 14 4 5 1 7 20 18 
student 663: 5 3 11 4 7 1 12 14 6 16 19 17 15 2 13 10 8 20 9 18 
student 664: 8 3 5 14 20 18 4 11 1 16 12 7 19 2 9 17 13 6 10 15 
student 665: 4 6 20 14 12 5 8 13 3 16 19 9 11 18 15 10 2 1 7 17 
student 666: 5 9 11 1 18 15 20 14 3 8 16 6 17 2 10 7 12 13 4 19 
student 667: 12 1 20 17 16 14 10 9 8 6 4 2 15 5 13 7 3 18 11 19 
student 668: 7 4 20 1 5 14 18 12 10 15 19 6 17 9 2 3 13 8 16 11 
student 669: 8 7 17 10 4 9 2 1 3 18 20 12 16 13 14 11 6 19 5 15 
student 670: 4 9 3 19 12 6 18 2 20 14 16 11 15 7 8 1 5 10 13 17 
student 671: 10 12 17 13 9 6 15 3 11 8 18 7 19 5 2 20 1 4 14 16 
student 672: 14 8 19 7 9 12 3 16 13 11 6 1 18 4 5 2 20 17 10 15 
student 673: 6 4 20 12 11 3 14 5 7 18 16 8 15 10 1 17 9 13 2 19 
student 674: 2 3 6 12 1 18 13 16 11 8 15 14 20 5 9 19 17 10 7 4 
student 675: 5 17 15 13 2 10 9 11 1 20 3 4 16 8 7 6 12 18 19 14 
student 676: 1 17 19 18 16 15 20 9 6 12 14 11 13 4 2 8 5 7 3 10 
student 677: 9 14 6 19 18 10 3 8 4 11 7 1 17 13 2 16 5 20 12 15 
student 678: 12 19 10 4 13 8 5 16 9 6 20 15 7 2 17 1 3 18 14 11 
student 679: 1 6 14 19 10 11 17 12 3 16 8 9 7 2 15 13 4 5 18 20 
student 680: 4 11 15 1 14 13 18 12 9 16 19 8 10 5 7 2 6 3 17 20 
student 681: 11 12 10 19 5 6 14 17 13 7 18 16 15 1 8 4 2 3 9 20 
student 682: 8 5 14 20 1 6 12 3 2 15 9 11 17 7 4 13 10 16 18 19 
student 683: 9 17 19 18 6 2 11 20 14 12 7 8 16 1 5 10 3 15 13 4 
student 684: 10 4 17 7 5 3 14 12 19 1 13 6 16 2 8 11 9 15 20 18 
student 685: 6 7 17 18 1 5 15 2 3 9 16 13 19 12 8 10 11 20 4 14 
student 686: 10 18 20 17 2 5 11 1 15 16 6 8 13 3 4 9 7 12 14 19 
student 687: 19 2 7 15 9 8 17 18 1 14 5 12 16 10 6 3 11 13 4 20 
student 688: 1 3 19 13 15 17 5 10 14 18 16 7 12 2 4 8 9 11 6 20 
student 689: 1 8 17 11 20 3 12 5 4 6 18 7 13 2 9 16 14 19 15 10 
student 690: 6 8 17 16 3 15 5 12 7 4 19 2 10 13 18 14 11 1 20 9 
student 691: 17 14 8 4 19 5 6 9 3 13 11 18 12 2 10 20 7 16 15 1 
student 692: 13 17 16 20 5 6 15 9 3 8 2 4 18 7 11 19 10 1 12 14 
student 693: 14 10 20 18 1 11 7 3 5 2 19 13 9 15 12 16 4 8 6 17 
student 694: 8 1 10 5 9 4 11 20 7 18 15 13 17 2 6 16 3 14 12 19 
student 695: 1 15 17 2 7 13 8 14 12 5 19 11 20 4 3 16 6 10 18 9 
student 696: 10 16 9 6 5 1 7 11 15 20 14 8 13 2 3 18 4 19 12 17 
student 697: 15 20 6 10 16 1 4 17 13 9 18 3 2 14 8 5 11 7 12 19 
student 698: 15 10 11 18 12 9 16 13 14 17 7 8 19 5 6 2 4 3 20 1 
student 699: 2 13 15 17 1 3 7 5 16 6 18 11 14 12 4 20 10 9 8 19 
student 700: 2 18 8 7 20 14 19 10 5 11 16 13 17 4 15 12 1 6 9 3 
student 701: 9 15 19 20 12 7 14 5 10 11 18 3 4 6 17 2 8 16 1 13 
student 702: 6 4 18 15 1 8 12 14 7 20 3 13 17 9 16 11 2 5 10 19 
student 703: 9 16 17 11 1 15 6 5 4 10 19 8 2 13 12 3 18 14 7 20 
student 704: 1 6 3 12 15 5 13 11 4 19 14 8 16 20 2 18 7 9 17 10 
student 705: 4 9 17 18 16 15 19 14 6 11 12 2 1 10 3 5 7 8 13 20 
student 706: 8 7 15 5 2 3 18 19 1 17 9 16 12 4 10 13 11 6 14 20 
student 707: 4 12 18 15 10 17 14 13 8 9 16 3 2 5 6 19 1 7 20 11 
student 708: 8 9 13 19 3 17 12 7 16 14 20 6 18 5 10 1 2 4 11 15 
student 709: 13 6 1 16 7 18 11 14 9 10 20 2 12 3 19 17 8 5 15 4 
student 710: 5 3 13 18 9 4 17 12 10 11 16 7 15 2 6 14 19 8 20 1 
student 711: 15 14 6 5 17 1 20 3 4 2 9 8 10 12 16 11 18 7 13 19 
student 712: 5 6 20 16 1 7 11 14 3 12 13 8 19 9 4 18 10 17 2 15 
student 713: 14 20 1 9 13 4 16 15 2 5 17 10 8 3 7 18 11 19 6 12 
student 714: 5 4 12 9 10 14 17 7 18 11 8 13 6 15 3 1 20 19 2 16 
student 715: 7 9 12 8 3 16 10 15 2 19 13 5 17 4 1 6 14 11 18 20 
student 716: 5 13 10 19 3 8 12 16 7 11 6 15 2 1 14 9 18 17 20 4 
student 717: 7 3 9 14 15 1 20 4 5 6 11 19 18 16 17 13 8 10 12 2 
student 718: 10 1 13 15 12 19 20 16 5 2 9 18 8 4 17 14 11 7 6 3 
student 719: 9 8 2 11 12 4 16 15 1 3 10 13 5 7 20 6 17 19 18 14 
student 720: 11 12 9 6 20 5 8 19 1 14 16 17 15 2 13 10 3 7 4 18 
student 721: 5 17 2 11 16 7 9 20 8 15 19 13 3 12 1 6 4 18 14 10 
student 722: 2 20 7 18 6 4 16 10 1 12 8 15 13 3 14 11 9 17 5 19 
student 723: 13 10 8 19 17 1 15 6 3 12 20 5 4 7 11 9 2 14 16 18 
student 724: 18 2 17 6 4 3 11 19 12 16 20 10 15 1 7 14 5 8 13 9 
student 725: 1 11 14 4 3 10 7 18 2 15 13 5 17 6 19 9 8 12 20 16 
student 726: 8 6 20 7 1 3 14 4 5 17 10 13 11 2 12 15 9 19 16 18 
student 727: 15 2 17 19 6 5 10 9 4 20 7 1 11 3 14 12 13 8 18 16 
student 728: 2 14 9 8 13 19 7 20 1 10 3 4 6 11 5 17 12 15 16 18 
student 729: 9 14 7 20 1 10 17 2 3 12 11 8 16 5 4 19 18 13 6 15 
student 730: 16 10 11 17 5 18 14 13 1 20 19 12 15 3 2 7 6 9 8 4 
student 731: 1 16 13 18 4 15 8 3 12 17 20 11 2 14 9 10 6 7 19 5 
student 732: 13 8 3 4 5 1 17 11 12 9 20 16 10 7 15 18 6 2 19 14 
student 733: 11 4 3 15 6 7 2 5 10 9 20 14 19 16 18 1 13 17 8 12 
student 734: 3 5 19 16 9 8 12 2 17 15 14 18 10 13 6 4 7 11 1 20 
student 735: 4 12 17 20 6 19 2 13 18 3 14 10 8 5 9 11 7 1 15 16 
student 736: 1 6 8 3 15 19 16 12 2 10 11 7 20 5 4 18 9 14 17 13 
student 737: 10 19 7 3 6 20 16 5 13 2 15 18 14 4 17 11 9 1 8 12 
student 738: 1 3 15 12 4 10 17 16 2 5 20 8 19 6 11 13 7 9 18 14 
student 739: 3 16 4 12 1 14 11 6 8 17 10 5 20 7 2 18 9 15 13 19 
student 740: 1 2 6 10 12 4 14 11 3 20 13 7 18 5 15 8 17 19 9 16 
student 741: 1 20 11 8 19 7 13 3 5 16 18 2 15 6 14 9 4 12 10 17 
student 742: 1 18 8 14 16 4 11 7 5 13 17 12 9 19 3 10 6 15 2 20 
student 743: 9 12 2 7 6 18 17 19 8 4 20 13 15 1 11 14 16 3 5 10 
student 744: 8 7 15 17 16 19 6 11 4 14 9 12 18 3 1 2 5 10 20 13 
student 745: 3 9 11 17 10 7 20 16 5 18 2 6 19 15 12 4 8 14 13 1 
student 746: 10 15 17 16 12 4 14 2 1 9 19 7 6 13 3 8 5 18 11 20 
student 747: 8 19 14 17 11 7 13 1 9 20 18 3 16 6 4 2 15 10 12 5 
student 748: 9 10 17 15 3 8 14 19 7 13 20 6 18 11 5 1 2 4 12 16 
student 749: 9 5 11 20 2 3 4 13 12 19 16 17 18 8 15 10 7 1 6 14 
student 750: 9 12 2 13 8 5 10 15 6 16 20 11 7 4 14 3 1 17 18 19 
student 751: 8 7 5 20 4 10 13 3 11 6 9 19 1 12 15 2 17 14 16 18 
student 752: 4 9 19 14 7 15 20 13 1 16 5 18 10 3 11 12 2 6 8 17 
student 753: 9 5 12 11 4 18 13 10 8 2 7 19 14 1 6 15 3 16 20 17 
student 754: 4 1 14 18 11 2 20 7 8 13 17 16 9 15 10 5 12 3 6 19 
student 755: 2 16 11 18 8 3 9 1 14 17 15 5 12 4 20 13 6 10 19 7 
student 756: 9 6 14 10 2 4 5 15 11 13 18 3 12 16 7 8 17 1 19 20 
student 757: 10 20 2 4 1 14 8 13 12 7 18 6 15 3 19 16 9 5 11 17 
student 758: 11 5 6 9 3 15 8 18 1 17 14 16 12 4 13 20 19 7 10 2 
student 759: 7 5 12 16 1 3 19 13 2 6 18 11 15 4 8 9 14 17 20 10 
student 760: 7 1 2 20 16 3 6 10 4 19 14 11 12 13 9 8 17 15 5 18 
student 761: 18 3 8 20 12 14 19 7 6 4 10 5 13 9 1 11 16 2 15 17 
student 762: 3 7 20 14 19 17 1 12 6 18 15 5 11 2 16 10 8 4 9 13 
student 763: 5 11 12 14 6 13 20 2 15 16 17 10 18 7 3 4 1 8 19 9 
student 764: 2 9 17 12 3 4 16 18 7 5 10 19 20 8 1 11 15 6 13 14 
student 765: 6 10 16 19 1 5 15 4 7 12 14 20 18 2 13 17 3 8 11 9 
student 766: 3 4 11 18 6 15 7 13 14 1 5 9 17 2 10 16 20 8 19 12 
student 767: 20 4 12 16 2 9 13 7 5 14 18 10 15 6 19 17 8 3 1 11 
student 768: 2 9 15 20 6 3 18 11 1 19 16 13 5 10 8 14 4 17 12 7 
student 769: 7 3 14 13 15 8 18 16 2 5 20 4 17 6 1 10 9 11 12 19 
student 770: 5 4 14 18 2 10 3 16 1 20 17 11 7 9 12 13 6 15 19 8 
student 771: 2 6 13 18 11 1 17 9 5 8 14 16 7 15 3 12 20 4 10 19 
student 772: 10 15 16 14 7 4 6 13 1 11 19 18 20 2 5 12 9 3 8 17 
student 773: 10 4 15 2 5 12 9 1 8 14 16 6 7 11 18 3 20 13 19 17 
student 774: 1 8 12 9 19 17 7 11 14 15 20 6 18 2 3 4 5 16 10 13 
student 775: 7 18 10 12 6 1 15 14 2 5 16 4 13 8 17 19 9 3 20 11 
student 776: 3 20 10 14 16 2 19 6 13 5 17 1 11 9 18 4 12 7 15 8 
student 777: 8 14 16 10 11 3 13 19 7 18 20 2 9 4 1 6 5 12 15 17 
student 778: 8 12 6 18 2 10 4 15 1 17 16 5 7 9 11 19 3 13 14 20 
student 779: 13 3 11 16 9 5 18 10 12 7 19 6 17 14 8 1 4 15 2 20 
student 780: 3 1 4 16 13 6 11 10 5 8 9 14 20 18 19 17 15 12 7 2 
student 781: 1 19 12 20 7 4 11 9 10 16 15 14 13 3 2 5 6 18 8 17 
student 782: 12 1 15 11 3 7 8 5 17 14 13 18 9 10 2 16 4 6 19 20 
student 783: 19 13 18 17 12 9 14 16 7 20 15 2 11 6 1 8 5 10 4 3 
student 784: 2 8 17 16 11 15 19 4 18 5 10 7 20 13 9 12 1 6 14 3 
student 785: 6 3 14 17 1 10 18 13 2 5 20 16 4 15 11 7 8 9 12 19 
student 786: 1 18 8 15 5 3 10 11 2 20 14 12 17 19 4 9 6 16 7 13 
student 787: 5 18 17 12 11 14 13 7 3 6 15 8 20 2 9 1 4 10 19 16 
student 788: 1 20 17 19 9 3 13 8 14 7 12 4 6 5 2 10 11 18 16 15 
student 789: 6 2 13 8 20 15 7 1 3 14 12 10 16 5 11 9 17 19 18 4 
student 790: 5 10 18 17 11 4 19 1 6 13 16 3 9 2 7 20 14 15 12 8 
student 791: 14 6 19 18 17 1 20 11 7 13 3 12 4 2 9 5 8 15 16 10 
student 792: 1 7 10 15 2 17 12 18 16 3 11 4 6 13 14 8 9 20 5 19 
student 793: 17 11 18 9 2 1 8 4 5 15 13 3 14 16 19 7 6 20 10 12 
student 794: 20 6 16 18 17 1 14 2 3 10 8 4 19 12 11 13 5 9 15 7 
student 795: 10 2 3 7 9 1 15 5 4 16 13 12 14 17 11 18 6 8 19 20 
student 796: 4 18 2 17 5 8 14 9 6 10 19 7 1 20 12 16 3 15 13 11 
student 797: 8 4 14 7 2 15 10 11 3 20 12 5 16 6 17 1 13 19 18 9 
student 798: 10 3 15 20 8 6 11 16 7 17 19 2 14 1 5 9 12 13 4 18 
student 799: 4 1 15 19 16 2 8 17 20 7 18 3 12 9 10 5 13 6 11 14 
