student 0: 3 4 18 8 16 10 17 14 13 7 19 15 5 20 9 1 12 11 2 6 
student 1: 19 4 8 14 18 12 6 16 7 11 3 15 10 9 17 2 13 20 5 1 
student 2: 8 12 3 9 6 5 18 16 15 20 13 11 1 4 14 7 10 19 17 2 
student 3: 4 2 12 14 13 16 18 5 10 19 15 11 6 7 3 8 20 17 1 9 
student 4: 20 4 7 12 16 17 10 8 3 13 2 9 19 15 1 11 6 18 14 5 
student 5: 16 17 10 1 7 20 12 4 11 6 5 8 15 14 3 19 9 18 13 2 
student 6: 4 5 19 8 16 20 15 17 11 18 14 9 12 1 2 10 13 7 6 3 
student 7: 8 3 11 5 12 15 14 4 10 9 18 6 17 13 2 1 19 16 20 7 
student 8: 3 19 8 16 1 20 9 6 14 18 17 13 10 12 5 7 15 11 2 4 
student 9: 7 13 6 17 14 19 5 18 2 10 11 12 9 8 16 3 1 20 15 4 
student 10: 1 12 13 4 20 6 19 2 16 15 14 18 10 7 8 5 17 9 11 3 
student 11: 15 4 3 2 6 19 12 20 17 5 10 11 13 16 1 8 7 18 14 9 
student 12: 16 6 15 8 14 4 10 11 17 12 3 5 18 20 9 13 19 1 2 7 
student 13: 18 15 19 5 2 8 20 9 12 6 1 16 7 4 17 11 13 14 10 3 
student 14: 20 13 11 3 12 19 1 18 4 8 5 15 14 2 7 10 17 16 9 6 
student 15: 18 1 10 16 9 14 15 12 19 3 8 20 11 17 5 2 7 6 13 4 
student 16: 1 9 12 3 19 13 8 18 11 14 20 2 17 7 10 5 6 16 15 4 
student 17: 16 11 1 10 18 19 3 12 6 17 15 9 20 14 7 2 13 4 8 5 
student 18: 12 10 9 20 18 19 14 1 15 16 8 5 4 11 6 2 13 17 7 3 
student 19: 3 14 7 6 9 13 16 15 11 2 19 17 12 10 8 18 4 20 5 1 
student 20: 8 13 11 3 2 17 12 18 19 20 7 15 14 10 16 5 6 4 9 1 
student 21: 9 19 8 5 1 14 11 7 12 20 18 15 17 3 10 6 16 4 13 2 
student 22: 1 16 3 7 10 13 19 14 18 17 12 2 6 9 15 11 5 20 8 4 
student 23: 9 6 20 7 15 10 19 1 12 17 8 3 13 16 5 2 14 18 11 4 
student 24: 16 4 13 10 17 12 6 14 11 15 2 5 19 1 3 7 20 18 9 8 
student 25: 18 20 8 14 1 19 15 16 13 4 12 9 17 10 2 5 6 7 11 3 
student 26: 18 2 14 16 10 7 5 12 11 20 17 4 15 6 13 1 9 19 8 3 
student 27: 6 19 13 5 3 15 8 11 17 14 20 12 18 10 4 9 7 1 16 2 
student 28: 19 5 12 2 10 14 20 16 9 8 17 13 7 1 6 4 3 15 18 11 
student 29: 9 10 13 4 11 16 20 18 5 19 3 15 17 7 1 8 14 2 12 6 
student 30: 13 5 7 15 2 18 11 14 20 1 9 8 6 12 19 4 16 17 10 3 
student 31: 17 19 10 13 18 15 11 8 4 14 9 3 12 6 2 1 5 20 16 7 
student 32: 20 5 15 12 18 14 17 16 8 3 6 11 10 9 4 1 13 2 7 19 
student 33: 2 16 18 15 5 19 13 12 11 20 17 3 10 6 1 8 9 14 4 7 
student 34: 20 11 17 1 14 7 16 15 6 5 4 18 8 3 9 10 12 2 19 13 
student 35: 20 19 3 2 7 8 5 17 18 16 14 15 13 4 11 9 12 1 6 10 
student 36: 18 8 1 20 15 16 11 7 12 14 6 2 19 13 3 4 9 17 10 5 
student 37: 13 14 2 19 1 12 8 9 6 4 10 16 15 18 7 17 11 20 3 5 
student 38: 14 3 19 13 15 4 20 12 17 5 10 6 18 7 11 16 8 2 1 9 
student 39: 9 1 17 8 15 7 18 12 3 5 6 13 10 19 2 14 4 20 16 11 
student 40: 19 1 12 4 17 18 11 5 10 15 16 8 3 2 13 20 14 7 6 9 
student 41: 1 5 8 4 11 13 14 18 17 6 15 10 2 16 20 3 19 9 7 12 
student 42: 8 11 2 3 20 15 17 19 18 16 13 10 12 14 1 9 4 5 6 7 
student 43: 9 5 7 6 20 15 16 12 4 18 13 8 19 1 2 3 10 17 11 14 
student 44: 15 4 14 18 10 17 19 12 11 16 1 13 20 9 8 2 7 6 5 3 
student 45: 6 10 11 3 19 16 18 9 17 20 13 5 8 15 2 12 4 14 1 7 
student 46: 20 18 10 5 13 16 19 12 9 3 8 17 15 1 11 6 4 14 2 7 
student 47: 18 16 8 15 19 20 13 14 17 12 9 2 7 10 1 11 5 3 4 6 
student 48: 20 12 14 1 18 19 5 16 10 8 17 3 15 9 2 6 4 13 7 11 
student 49: 12 16 4 14 13 18 17 6 15 10 8 3 19 9 11 5 7 20 1 2 
student 50: 7 18 16 12 5 15 9 19 8 17 20 2 13 14 6 10 4 1 3 11 
student 51: 2 9 1 5 14 18 15 12 8 20 4 6 17 13 3 16 10 11 19 7 
student 52: 20 2 18 8 11 19 16 9 14 13 1 7 12 17 4 3 10 5 6 15 
student 53: 10 4 14 3 2 17 8 19 18 7 13 12 20 16 6 1 9 15 11 5 
student 54: 2 11 15 3 10 18 20 8 9 7 1 12 16 14 5 4 17 19 13 6 
student 55: 8 14 2 3 13 17 16 4 9 20 12 1 18 7 15 6 19 10 11 5 
student 56: 5 1 3 7 14 16 15 4 11 6 9 18 19 17 20 2 8 12 13 10 
student 57: 14 8 2 5 20 18 11 10 6 17 4 9 7 16 15 1 12 19 13 3 
student 58: 14 15 20 4 9 19 16 7 1 5 12 11 17 3 6 2 13 18 8 10 
student 59: 6 11 20 16 13 12 5 10 14 8 15 7 17 1 2 19 18 4 3 9 
student 60: 13 7 2 11 17 9 3 10 5 20 4 14 18 1 8 16 15 6 19 12 
student 61: 20 11 9 10 12 18 2 1 6 16 13 17 15 3 4 7 8 19 5 14 
student 62: 8 17 14 2 6 13 16 9 4 20 19 7 18 11 10 12 3 1 15 5 
student 63: 20 3 13 10 2 16 7 4 6 1 5 15 17 19 11 12 8 9 18 14 
student 64: 1 16 19 6 14 11 18 17 7 15 12 9 13 2 10 20 8 3 4 5 
student 65: 19 8 9 18 11 20 3 4 13 15 12 17 7 14 10 16 6 5 1 2 
student 66: 12 11 13 5 10 16 17 6 1 8 4 15 19 3 7 14 2 20 18 9 
student 67: 10 3 12 20 18 14 2 8 19 13 11 5 16 9 17 1 7 15 4 6 
student 68: 15 2 7 11 9 16 3 18 17 8 5 10 6 13 1 12 4 19 20 14 
student 69: 18 17 3 8 14 20 16 19 9 15 5 4 10 11 7 2 13 1 6 12 
student 70: 19 15 9 2 17 20 13 5 18 16 11 7 6 10 8 4 14 12 3 1 
student 71: 16 9 8 15 18 17 6 12 19 13 3 14 20 4 11 10 1 5 7 2 
student 72: 3 9 16 1 6 7 13 11 20 19 5 8 15 17 10 18 4 14 12 2 
student 73: 8 16 10 9 11 13 18 17 19 15 5 12 20 7 4 6 14 2 3 1 
student 74: 12 4 17 5 13 6 14 16 11 19 1 2 8 7 18 9 20 3 10 15 
student 75: 10 11 5 20 4 19 8 9 15 12 17 16 13 14 1 7 2 3 6 18 
student 76: 7 1 11 5 20 14 6 19 18 17 12 15 16 13 2 3 10 9 8 4 
student 77: 9 1 6 3 14 8 12 11 4 18 7 2 19 13 20 17 10 15 16 5 
student 78: 6 3 14 2 17 16 20 11 15 12 1 18 8 10 9 7 19 13 4 5 
student 79: 7 17 19 4 15 8 11 5 12 2 18 10 20 1 9 13 14 16 3 6 
student 80: 11 5 9 20 13 14 16 10 18 6 8 4 17 15 2 19 12 7 3 1 
student 81: 10 5 6 3 12 15 17 20 7 18 8 19 13 9 2 11 4 14 1 16 
student 82: 10 11 19 2 18 14 20 12 8 16 6 13 17 7 3 4 1 15 5 9 
student 83: 14 16 5 4 20 15 13 19 18 8 12 17 9 7 1 6 10 11 2 3 
student 84: 18 8 6 19 16 17 4 9 11 13 12 14 20 5 1 7 3 15 10 2 
student 85: 13 4 19 12 16 7 9 11 18 2 6 15 17 20 14 1 3 10 5 8 
student 86: 1 17 12 5 2 3 4 13 16 10 20 8 14 11 9 7 18 15 6 19 
student 87: 17 13 4 14 19 5 10 18 15 2 12 8 3 9 7 20 16 11 1 6 
student 88: 1 20 16 14 13 12 8 19 17 7 18 4 11 5 9 6 15 10 3 2 
student 89: 18 3 10 15 9 17 5 4 13 12 2 1 19 11 14 20 7 8 16 6 
student 90: 19 4 3 17 8 18 7 15 10 12 16 14 20 5 9 2 13 6 1 11 
student 91: 11 16 20 8 14 2 6 9 19 5 3 17 4 13 12 18 10 1 15 7 
student 92: 18 1 9 7 17 14 20 6 15 16 13 3 19 11 4 5 10 12 2 8 
student 93: 19 18 16 7 20 8 13 15 11 14 1 17 6 3 12 5 2 9 4 10 
student 94: 10 5 3 1 7 9 14 13 19 8 6 2 15 11 17 4 12 20 16 18 
student 95: 1 6 20 3 11 17 15 5 7 16 8 12 19 13 14 18 4 10 2 9 
student 96: 10 15 9 3 20 17 8 19 5 12 2 18 13 4 16 7 11 14 1 6 
student 97: 19 14 18 9 5 15 16 3 8 10 11 2 6 17 20 12 1 4 7 13 
student 98: 9 2 6 5 20 19 15 16 4 14 18 8 12 7 13 1 11 17 3 10 
student 99: 16 6 18 13 17 12 19 11 9 20 10 5 15 8 3 2 4 7 1 14 
student 100: 7 11 15 1 12 17 3 8 14 5 9 18 4 16 19 10 2 20 13 6 
student 101: 12 3 16 8 20 11 18 10 9 6 17 13 15 5 2 7 4 19 14 1 
student 102: 12 19 10 3 15 11 18 7 13 5 6 4 16 20 14 1 8 17 2 9 
student 103: 13 7 18 2 14 17 4 9 12 15 8 6 16 1 3 20 11 19 10 5 
student 104: 11 4 15 13 10 6 17 9 20 12 14 5 16 7 18 1 8 19 2 3 
student 105: 2 6 13 5 20 10 7 14 16 9 18 12 11 8 4 3 15 19 17 1 
student 106: 4 13 15 14 20 7 11 19 16 10 9 3 18 8 5 2 1 17 6 12 
student 107: 19 6 1 11 13 3 14 9 15 18 16 17 20 2 12 7 8 5 10 4 
student 108: 14 12 2 20 15 18 7 19 1 16 6 11 13 3 4 9 5 17 8 10 
student 109: 17 3 18 9 13 5 14 2 6 8 20 11 19 4 12 10 15 7 1 16 
student 110: 11 1 8 6 17 19 10 12 16 20 14 5 7 2 3 4 13 15 9 18 
student 111: 15 5 8 6 19 13 11 12 10 14 18 7 17 2 1 9 16 20 4 3 
student 112: 13 6 16 5 4 17 18 15 1 12 11 8 20 19 10 14 3 2 7 9 
student 113: 10 13 1 11 9 12 20 17 16 18 15 7 19 8 3 5 6 14 4 2 
student 114: 13 10 5 18 20 11 3 12 14 17 8 7 9 2 6 16 1 4 19 15 
student 115: 19 15 14 6 18 5 10 12 9 17 3 7 11 13 4 16 2 1 8 20 
student 116: 8 3 2 19 5 7 20 17 10 12 13 11 18 6 4 16 15 14 1 9 
student 117: 8 12 18 3 11 14 9 10 20 19 1 16 7 17 13 2 15 6 5 4 
student 118: 11 13 1 14 19 16 15 17 2 18 4 5 9 12 20 10 6 3 7 8 
student 119: 18 10 13 5 15 19 16 14 6 17 1 20 12 8 11 4 7 9 3 2 
student 120: 8 2 7 4 10 20 14 13 18 16 15 5 17 11 19 6 12 1 9 3 
student 121: 16 8 2 13 7 14 3 10 17 6 1 19 5 20 11 18 15 9 12 4 
student 122: 3 4 1 14 13 9 19 16 12 17 20 10 2 11 6 7 18 15 5 8 
student 123: 20 12 19 1 15 14 18 16 3 8 13 6 7 17 2 5 10 4 9 11 
student 124: 10 18 9 20 15 13 8 12 7 1 14 11 19 2 6 16 5 17 3 4 
student 125: 16 2 3 5 7 8 17 15 6 18 13 11 19 12 1 20 9 4 10 14 
student 126: 20 7 1 12 8 10 4 17 3 16 18 14 11 9 19 15 6 13 5 2 
student 127: 3 7 20 14 9 2 11 17 15 13 10 1 16 4 19 8 5 18 6 12 
student 128: 9 2 12 10 13 17 7 14 18 5 15 20 19 16 8 6 11 1 4 3 
student 129: 3 7 15 8 20 14 11 16 12 10 9 17 19 18 2 1 6 5 4 13 
student 130: 10 4 1 12 18 14 17 9 20 19 3 7 16 11 15 6 2 13 5 8 
student 131: 7 19 5 6 13 14 9 15 8 11 18 12 20 10 16 4 1 3 17 2 
student 132: 19 1 8 4 20 3 17 11 6 12 16 18 14 13 5 2 15 9 10 7 
student 133: 4 9 2 7 18 11 17 6 3 16 10 19 20 14 12 5 1 15 8 13 
student 134: 15 4 9 6 14 11 20 18 8 10 16 7 17 19 1 12 13 2 5 3 
student 135: 4 11 17 2 13 16 18 9 14 12 7 8 20 10 6 5 15 19 3 1 
student 136: 1 17 6 3 12 19 11 15 4 5 13 9 20 10 18 16 2 8 7 14 
student 137: 2 5 20 13 16 11 6 7 8 15 1 18 19 9 4 14 12 17 10 3 
student 138: 18 5 4 13 19 14 7 15 16 20 17 12 1 11 3 9 2 10 8 6 
student 139: 11 6 5 13 17 14 1 12 19 16 9 20 18 7 10 4 15 8 3 2 
student 140: 10 8 12 16 18 15 14 20 7 17 19 3 9 11 6 13 2 5 4 1 
student 141: 5 19 15 14 4 11 10 9 1 16 3 7 20 2 17 8 18 6 13 12 
student 142: 20 1 17 9 19 15 6 3 14 13 18 8 11 2 10 12 4 16 5 7 
student 143: 15 20 4 9 17 19 11 14 6 10 12 1 13 7 18 8 2 5 16 3 
student 144: 17 5 15 8 13 20 19 10 12 18 14 4 7 16 1 3 9 2 11 6 
student 145: 10 20 7 18 16 6 1 14 5 19 2 9 8 4 11 3 12 17 15 13 
student 146: 1 13 2 7 20 16 4 5 10 19 12 6 8 14 17 18 11 15 9 3 
student 147: 15 1 2 18 14 11 16 20 4 13 12 3 9 7 10 6 17 19 5 8 
student 148: 9 6 7 5 14 8 2 16 15 20 12 18 17 10 4 3 11 19 13 1 
student 149: 7 15 9 6 18 14 20 19 8 13 2 12 11 1 17 4 5 16 3 10 
student 150: 20 5 13 2 8 16 18 9 6 14 15 3 19 17 7 10 11 12 1 4 
student 151: 19 1 7 9 15 6 18 10 8 16 5 14 13 4 12 2 11 20 17 3 
student 152: 11 16 17 20 9 10 7 1 8 19 4 18 15 12 13 6 3 14 2 5 
student 153: 15 2 6 20 9 18 11 13 14 3 5 4 19 16 1 7 12 17 10 8 
student 154: 17 16 7 13 20 11 6 1 2 12 15 4 14 19 8 18 3 10 9 5 
student 155: 15 14 6 10 8 9 17 3 4 13 2 16 18 19 5 7 12 20 1 11 
student 156: 4 8 12 16 6 3 5 14 19 15 2 18 20 17 9 11 10 1 13 7 
student 157: 10 18 12 8 13 20 17 2 15 5 19 4 14 11 7 1 9 16 3 6 
student 158: 5 1 6 9 11 16 15 10 8 13 19 20 18 17 3 12 7 14 4 2 
student 159: 2 3 12 8 16 9 19 17 14 11 13 15 18 5 7 1 6 20 4 10 
student 160: 2 5 12 14 19 16 17 20 9 3 4 8 15 10 11 7 13 18 6 1 
student 161: 11 4 12 10 20 16 17 15 1 19 6 8 18 13 3 7 14 9 2 5 
student 162: 5 4 2 11 15 18 12 10 16 20 17 13 19 6 8 3 9 7 14 1 
student 163: 13 20 14 9 2 7 3 11 19 8 6 18 17 1 16 15 5 4 10 12 
student 164: 6 3 9 11 19 7 8 18 14 10 15 5 12 20 1 2 13 16 17 4 
student 165: 7 20 8 13 11 14 12 15 17 18 19 16 1 4 10 5 3 2 6 9 
student 166: 6 4 17 11 13 7 19 8 20 5 16 14 15 9 10 3 12 18 1 2 
student 167: 12 20 3 1 8 17 16 7 6 11 4 14 13 18 2 15 19 9 10 5 
student 168: 11 4 16 5 20 14 13 15 9 18 10 19 1 6 8 3 2 7 12 17 
student 169: 9 3 20 17 19 10 15 7 6 13 12 16 11 18 4 8 1 14 2 5 
student 170: 15 7 2 3 12 19 4 17 14 10 9 13 6 5 20 1 18 11 8 16 
student 171: 16 20 6 8 12 15 11 13 10 14 18 3 19 4 9 7 1 17 5 2 
student 172: 13 3 17 9 1 2 16 7 11 6 19 5 12 20 15 8 10 14 4 18 
student 173: 17 20 12 19 15 13 6 10 4 7 5 16 11 14 2 1 3 18 9 8 
student 174: 3 6 18 11 19 15 7 14 12 13 16 10 20 4 2 17 1 8 9 5 
student 175: 20 8 13 12 16 17 2 9 1 7 18 6 19 4 10 14 3 11 5 15 
student 176: 17 14 5 1 7 18 6 12 11 16 20 13 15 8 4 19 2 10 9 3 
student 177: 19 1 12 9 10 14 3 17 4 6 20 15 16 13 7 18 2 8 11 5 
student 178: 11 12 7 19 18 17 13 20 5 3 6 9 10 4 15 2 1 14 16 8 
student 179: 1 3 20 12 4 15 5 19 17 14 7 18 11 13 9 8 16 10 2 6 
student 180: 15 14 12 8 20 16 5 6 11 1 18 17 19 3 13 4 7 10 9 2 
student 181: 9 8 4 1 14 18 7 2 15 13 11 5 19 16 10 6 20 12 17 3 
student 182: 11 2 3 8 20 18 9 10 14 17 15 12 19 16 13 5 7 1 6 4 
student 183: 17 16 1 5 3 20 9 15 14 12 10 18 19 4 8 2 13 11 7 6 
student 184: 19 11 1 9 4 15 12 17 3 18 7 20 5 6 8 10 14 16 13 2 
student 185: 17 6 19 14 18 9 1 11 12 15 7 20 8 5 10 3 13 16 2 4 
student 186: 9 6 10 15 11 13 3 4 17 8 1 16 18 7 2 12 5 20 19 14 
student 187: 17 12 20 6 10 9 14 18 16 13 19 4 8 2 3 5 15 1 11 7 
student 188: 17 10 2 7 20 11 14 19 4 3 16 9 18 12 5 13 1 15 8 6 
student 189: 8 2 9 6 18 15 3 11 13 14 20 4 16 17 1 5 7 12 19 10 
student 190: 15 13 10 17 5 20 2 7 18 19 11 1 9 4 6 8 12 16 3 14 
student 191: 11 14 16 9 10 19 3 2 15 13 17 5 18 1 7 6 20 8 12 4 
student 192: 4 15 11 8 3 13 19 14 18 5 9 17 12 16 1 20 10 7 6 2 
student 193: 20 13 19 16 18 6 1 15 7 4 12 11 17 14 2 9 5 10 8 3 
student 194: 2 20 7 1 8 14 3 6 15 17 5 16 9 18 4 12 13 19 10 11 
student 195: 12 2 14 4 5 6 20 17 8 10 7 13 16 19 1 9 3 15 11 18 
student 196: 20 8 13 11 12 17 10 2 5 9 18 3 16 15 19 7 6 14 4 1 
student 197: 20 8 4 6 14 13 19 1 2 16 17 12 7 9 18 5 15 11 10 3 
student 198: 9 4 15 11 17 18 3 6 1 2 14 20 19 12 8 13 5 16 10 7 
student 199: 2 7 13 11 17 20 16 12 4 19 8 14 6 9 5 18 1 15 3 10 
student 200: 7 9 12 10 1 14 11 2 6 19 17 5 18 8 16 20 4 15 13 3 
student 201: 2 7 14 9 3 19 12 20 13 18 8 17 4 6 5 15 11 16 10 1 
student 202: 6 1 13 14 16 20 9 11 15 5 19 17 10 2 7 3 4 18 12 8 
student 203: 14 5 18 17 20 7 16 2 15 6 19 8 13 12 1 3 4 9 10 11 
student 204: 14 7 5 10 17 18 19 8 9 20 13 16 12 3 2 6 4 1 15 11 
student 205: 14 18 16 7 4 20 9 13 2 17 12 6 10 3 11 15 8 19 5 1 
student 206: 7 5 18 1 15 19 12 17 3 4 14 16 11 10 6 9 8 20 13 2 
student 207: 20 15 9 18 6 19 4 7 5 13 12 17 16 8 10 14 11 3 1 2 
student 208: 15 7 19 14 17 20 13 12 11 9 8 4 5 1 6 2 3 18 10 16 
student 209: 5 20 19 11 3 18 16 17 4 8 12 7 15 10 1 13 2 9 14 6 
student 210: 9 11 14 8 12 4 15 20 16 5 7 18 6 1 10 13 17 19 2 3 
student 211: 5 15 20 7 19 13 11 12 17 6 10 8 14 4 2 3 18 16 1 9 
student 212: 14 7 10 17 6 8 16 11 5 20 15 13 18 9 2 12 19 1 3 4 
student 213: 12 4 8 3 16 20 17 14 7 10 19 1 18 11 13 5 9 6 15 2 
student 214: 18 11 5 1 16 19 14 13 15 3 9 10 17 20 4 8 2 6 12 7 
student 215: 11 20 3 14 15 16 1 18 17 13 7 9 19 8 10 12 4 5 2 6 
student 216: 12 2 20 7 16 15 11 10 14 17 9 5 3 18 6 13 8 1 4 19 
student 217: 18 7 10 9 16 11 2 5 6 20 8 12 17 19 3 4 13 14 1 15 
student 218: 6 5 13 18 16 10 12 19 17 4 15 1 11 7 3 14 8 20 9 2 
student 219: 15 3 19 13 14 18 7 8 17 2 20 16 12 11 9 4 10 5 1 6 
student 220: 20 14 15 1 18 16 13 2 9 12 5 4 10 8 7 6 3 19 17 11 
student 221: 6 3 10 15 19 4 2 7 17 1 20 9 16 12 11 13 5 8 18 14 
student 222: 14 8 1 13 3 19 18 6 20 9 7 11 15 12 10 16 5 17 4 2 
student 223: 19 12 20 10 17 18 11 15 6 4 16 5 13 14 9 1 7 8 2 3 
student 224: 18 6 9 13 7 11 17 16 15 20 19 10 4 5 3 2 1 12 8 14 
student 225: 13 1 9 10 18 19 3 12 8 17 2 6 20 16 7 11 5 14 4 15 
student 226: 19 16 15 4 18 8 17 7 5 20 14 9 12 2 1 3 10 11 6 13 
student 227: 15 14 12 13 8 19 11 7 10 17 3 2 6 18 4 20 16 9 5 1 
student 228: 5 10 2 4 18 19 12 17 13 3 14 16 20 11 15 1 7 6 8 9 
student 229: 8 18 13 5 3 19 7 11 17 14 16 15 20 10 1 2 6 9 12 4 
student 230: 10 13 5 15 14 16 8 11 2 9 20 12 18 19 4 1 7 17 6 3 
student 231: 15 7 13 6 18 12 16 14 17 3 10 5 20 8 9 11 1 4 19 2 
student 232: 13 18 6 1 17 3 15 8 10 11 2 16 14 4 7 19 5 9 12 20 
student 233: 11 7 2 5 20 18 17 15 12 19 16 6 10 4 8 9 14 13 3 1 
student 234: 14 9 6 13 4 15 7 16 12 10 20 11 18 3 1 2 5 19 8 17 
student 235: 6 15 1 3 11 16 10 4 20 17 12 7 13 19 8 14 5 18 9 2 
student 236: 8 20 16 19 12 13 5 7 11 6 4 17 18 3 15 2 9 14 1 10 
student 237: 6 12 4 9 18 13 11 20 19 15 5 8 17 10 7 3 2 14 16 1 
student 238: 17 3 12 2 19 8 14 18 4 7 16 1 20 6 11 5 15 13 9 10 
student 239: 10 14 13 4 19 20 3 11 8 5 15 9 18 1 12 16 17 6 2 7 
student 240: 11 6 8 12 9 20 16 10 14 17 13 15 19 7 5 4 1 3 18 2 
student 241: 12 8 17 16 7 13 15 14 4 20 19 5 18 9 1 2 10 11 6 3 
student 242: 14 8 4 1 18 16 10 9 7 17 5 13 20 15 2 6 12 19 3 11 
student 243: 11 6 2 3 17 16 13 15 8 14 9 12 7 5 10 20 4 19 18 1 
student 244: 17 13 20 11 18 19 10 12 3 5 6 1 15 14 2 4 9 16 8 7 
student 245: 17 16 20 12 19 10 6 9 18 14 8 7 5 2 3 1 4 15 11 13 
student 246: 17 11 3 20 7 13 9 14 10 19 1 2 15 8 16 18 12 5 6 4 
student 247: 14 1 12 17 18 7 19 6 5 8 11 16 20 10 9 15 2 13 3 4 
student 248: 16 6 8 12 3 19 11 20 13 4 18 17 14 10 9 1 5 15 7 2 
student 249: 10 16 3 12 9 18 6 17 14 11 5 8 19 7 1 20 13 15 2 4 
student 250: 17 14 3 4 5 10 16 20 1 11 15 8 18 9 13 6 7 19 2 12 
student 251: 13 14 19 18 4 20 17 7 6 5 15 8 16 11 12 9 3 10 1 2 
student 252: 19 5 1 16 20 14 18 15 3 11 17 13 6 12 9 7 10 4 2 8 
student 253: 20 3 13 10 6 1 11 5 12 18 19 7 14 4 16 9 2 17 8 15 
student 254: 14 12 6 7 15 5 11 9 13 19 1 20 18 2 16 3 17 10 8 4 
student 255: 15 20 18 10 1 4 17 5 11 8 13 16 19 2 6 9 3 12 7 14 
student 256: 20 4 3 18 10 12 9 8 1 16 6 13 7 14 17 5 11 15 2 19 
student 257: 8 18 19 16 17 13 5 12 20 3 6 2 11 14 15 1 7 10 4 9 
student 258: 1 19 8 18 4 11 9 14 5 20 13 12 3 7 2 17 16 6 15 10 
student 259: 18 17 15 4 8 10 16 9 14 2 7 20 5 12 11 19 1 3 13 6 
student 260: 3 1 11 19 15 17 14 12 16 20 6 18 10 4 9 8 13 7 5 2 
student 261: 10 6 14 3 15 19 9 20 17 16 2 13 18 4 11 5 7 8 1 12 
student 262: 16 17 5 3 20 15 18 14 11 9 12 8 19 10 6 2 4 13 1 7 
student 263: 15 13 1 9 16 19 18 11 14 20 10 12 17 3 4 2 8 5 6 7 
student 264: 18 7 14 16 12 13 15 3 11 4 8 19 10 17 1 2 20 9 5 6 
student 265: 18 20 8 13 16 3 7 12 6 17 19 11 15 9 2 14 4 1 10 5 
student 266: 12 11 9 6 17 20 10 8 7 16 13 18 15 1 2 4 3 5 14 19 
student 267: 18 4 11 2 10 13 16 12 8 19 14 15 20 5 1 7 9 17 3 6 
student 268: 14 10 13 1 12 8 3 16 20 2 11 17 19 18 5 9 7 15 6 4 
student 269: 5 4 10 17 13 9 18 12 15 2 3 16 19 6 7 8 14 11 1 20 
student 270: 18 11 6 10 19 16 15 12 17 20 8 13 4 5 9 3 1 7 14 2 
student 271: 20 8 10 19 15 9 4 6 12 13 7 17 14 2 11 5 1 3 16 18 
student 272: 14 1 20 12 5 11 10 9 19 15 8 6 16 2 13 3 18 17 7 4 
student 273: 4 10 7 1 2 13 20 19 18 14 15 6 3 16 12 9 17 11 5 8 
student 274: 10 5 8 13 3 11 1 14 6 18 12 16 17 19 7 2 9 15 20 4 
student 275: 17 15 5 1 18 16 20 6 4 11 8 2 19 13 3 12 7 14 9 10 
student 276: 8 14 3 11 10 18 2 17 4 20 12 13 16 9 15 7 6 19 1 5 
student 277: 8 20 10 6 13 18 12 7 11 16 15 17 19 1 3 5 4 9 2 14 
student 278: 13 6 9 4 16 20 19 8 10 5 7 17 12 14 2 18 11 15 1 3 
student 279: 20 11 7 17 6 5 10 12 2 16 19 8 18 13 1 4 9 14 3 15 
student 280: 17 7 11 8 19 20 10 5 15 16 18 3 6 1 13 14 2 4 12 9 
student 281: 4 14 17 13 8 18 11 15 16 5 20 19 6 9 3 1 2 12 7 10 
student 282: 19 16 9 4 17 18 12 7 14 10 20 5 3 15 1 8 6 13 11 2 
student 283: 7 20 13 6 2 3 5 16 15 19 18 9 17 12 1 8 11 14 10 4 
student 284: 15 17 14 13 8 10 11 9 18 19 5 4 7 6 20 2 16 1 12 3 
student 285: 13 18 3 20 11 19 14 6 9 4 16 7 17 1 15 8 5 12 2 10 
student 286: 6 1 12 19 20 16 15 10 3 5 18 17 9 8 14 4 13 7 2 11 
student 287: 10 12 13 18 20 9 14 4 2 16 11 6 5 19 7 1 3 15 17 8 
student 288: 6 5 18 7 20 15 13 10 11 17 12 8 4 16 19 1 14 9 2 3 
student 289: 14 15 8 4 18 10 17 2 11 9 13 12 6 20 1 5 19 16 7 3 
student 290: 16 9 7 4 15 20 6 14 18 17 12 10 13 2 19 5 11 3 8 1 
student 291: 8 13 7 5 14 18 1 10 4 19 11 16 9 6 2 12 20 15 17 3 
student 292: 15 1 8 14 9 19 16 12 20 18 11 4 13 2 6 7 17 5 10 3 
student 293: 20 14 5 12 15 17 13 18 8 19 7 16 3 11 6 9 1 10 4 2 
student 294: 12 5 2 13 6 4 18 19 7 20 17 11 1 10 14 15 16 3 9 8 
student 295: 18 5 20 2 19 8 14 10 13 17 6 7 11 4 1 16 12 3 9 15 
student 296: 10 20 9 12 11 16 13 18 8 14 6 1 4 2 17 3 7 19 5 15 
student 297: 10 14 11 1 2 20 19 6 5 3 18 17 8 4 9 12 15 16 7 13 
student 298: 7 17 19 10 14 18 12 5 2 11 13 9 16 3 20 8 1 15 6 4 
student 299: 6 15 7 3 16 13 20 11 1 17 18 19 10 2 8 14 4 5 12 9 
student 300: 5 15 8 12 14 2 11 13 4 16 7 10 17 9 6 3 1 20 19 18 
student 301: 18 11 6 3 19 16 14 13 12 1 5 17 15 4 20 2 8 7 9 10 
student 302: 14 15 13 9 17 12 2 18 1 19 11 7 10 5 6 16 4 20 3 8 
student 303: 19 4 17 8 15 18 7 6 5 13 12 16 20 14 11 1 10 3 9 2 
student 304: 3 7 14 10 12 19 6 20 4 9 17 13 5 18 11 16 15 2 8 1 
student 305: 13 18 2 11 10 16 3 14 9 20 15 5 4 19 8 1 12 17 6 7 
student 306: 12 8 7 9 17 19 15 16 20 18 6 10 5 4 13 2 14 11 1 3 
student 307: 12 19 16 5 2 15 14 11 17 3 20 7 10 8 1 9 4 6 13 18 
student 308: 4 3 16 1 15 17 10 13 14 20 2 18 12 6 11 19 7 8 5 9 
student 309: 7 16 18 20 17 15 14 19 9 12 2 10 6 4 8 13 1 5 3 11 
student 310: 6 11 12 7 17 14 18 20 3 15 16 4 19 8 9 5 10 13 1 2 
student 311: 16 19 17 8 1 9 12 14 11 20 10 6 13 4 2 3 15 5 18 7 
student 312: 14 11 16 19 7 13 10 6 2 9 12 4 17 18 20 5 1 15 8 3 
student 313: 15 14 3 5 17 13 18 12 19 11 7 1 8 9 20 10 6 16 2 4 
student 314: 9 17 7 3 6 18 4 8 14 20 1 15 12 10 5 19 16 2 11 13 
student 315: 12 8 11 2 15 6 13 17 20 5 1 4 3 19 9 18 14 16 7 10 
student 316: 11 3 18 2 19 4 1 15 7 16 9 13 20 8 12 5 10 17 14 6 
student 317: 13 1 14 2 9 19 18 17 5 12 16 6 8 20 7 3 10 15 11 4 
student 318: 14 4 9 6 15 16 8 12 13 19 1 10 17 2 11 5 3 20 7 18 
student 319: 2 1 4 11 13 14 20 9 18 12 16 5 15 8 3 6 19 7 17 10 
student 320: 18 20 7 8 5 16 9 3 19 11 15 12 14 6 13 2 1 4 10 17 
student 321: 18 12 10 4 19 9 14 15 16 1 17 13 11 5 7 8 3 20 6 2 
student 322: 10 11 12 9 20 14 16 6 1 15 2 17 18 5 3 13 4 19 7 8 
student 323: 6 5 3 17 20 10 7 2 16 15 4 14 18 12 9 19 13 11 1 8 
student 324: 18 19 15 5 2 16 7 10 11 4 9 8 17 13 3 1 6 20 14 12 
student 325: 5 10 19 1 17 8 12 7 16 6 14 11 15 4 20 3 9 13 18 2 
student 326: 16 17 10 3 5 20 12 2 19 7 9 15 18 4 1 8 14 11 13 6 
student 327: 5 3 8 13 15 18 7 10 6 17 11 20 19 12 14 4 9 16 2 1 
student 328: 16 11 3 18 20 14 13 10 4 15 5 8 17 1 9 2 6 12 19 7 
student 329: 13 8 5 9 14 12 3 15 16 20 11 10 19 4 1 2 6 17 18 7 
student 330: 1 9 2 4 13 19 18 8 6 17 10 20 15 5 7 16 14 11 3 12 
student 331: 4 17 19 18 7 15 6 10 3 11 20 1 16 9 5 12 2 8 13 14 
student 332: 17 18 9 2 14 15 7 11 19 12 3 13 20 1 6 10 4 16 8 5 
student 333: 11 2 17 6 16 10 8 15 5 1 13 4 19 20 14 18 9 7 12 3 
student 334: 12 6 4 13 18 17 14 2 3 11 5 9 20 16 19 8 1 7 10 15 
student 335: 14 10 2 13 15 16 7 19 3 18 4 20 11 17 8 6 1 12 9 5 
student 336: 18 4 3 10 20 11 9 13 15 14 12 8 19 7 5 16 2 6 1 17 
student 337: 5 11 2 16 17 20 18 12 14 6 13 9 10 1 8 3 7 19 15 4 
student 338: 19 1 17 6 18 14 11 10 2 20 13 15 7 12 9 3 4 8 16 5 
student 339: 3 2 18 13 11 20 12 15 10 16 14 5 9 8 6 17 19 7 4 1 
student 340: 16 15 17 13 3 19 1 14 20 9 12 8 18 4 2 6 5 10 11 7 
student 341: 9 16 14 7 19 8 12 10 6 4 13 2 15 20 5 3 1 18 11 17 
student 342: 12 16 10 8 15 18 7 14 20 11 19 5 2 6 9 1 13 4 17 3 
student 343: 10 1 2 20 18 15 5 17 11 14 3 16 4 8 19 13 7 6 12 9 
student 344: 19 14 12 8 17 16 20 2 13 7 15 5 11 4 9 3 10 18 6 1 
student 345: 17 11 9 7 14 15 18 2 19 6 16 4 10 20 8 3 1 12 13 5 
student 346: 11 4 1 9 19 17 13 8 6 18 20 12 16 7 3 2 10 5 14 15 
student 347: 15 16 3 1 12 18 20 19 2 17 9 14 4 6 8 11 7 10 13 5 
student 348: 17 13 6 20 8 7 16 11 4 18 10 15 19 9 3 2 5 14 1 12 
student 349: 12 19 8 11 6 13 20 9 17 18 14 2 7 1 15 3 5 16 4 10 
student 350: 18 15 17 6 12 16 11 14 1 20 3 10 9 13 4 8 19 2 5 7 
student 351: 20 13 12 2 10 18 7 17 3 14 9 11 19 1 6 5 16 15 8 4 
student 352: 17 18 4 8 13 19 1 20 10 2 5 3 14 11 6 12 9 15 16 7 
student 353: 15 3 11 4 18 13 19 16 6 17 10 5 12 9 14 2 7 8 20 1 
student 354: 12 4 7 3 10 5 15 14 13 18 6 11 17 16 2 19 8 20 9 1 
student 355: 5 15 14 13 18 10 16 19 11 12 17 9 2 6 1 7 4 20 8 3 
student 356: 7 5 18 9 12 11 19 14 10 16 8 6 15 1 17 13 3 20 2 4 
student 357: 20 6 9 5 10 19 13 16 8 17 7 3 12 4 15 14 2 18 1 11 
student 358: 20 15 2 7 11 16 6 17 3 13 14 9 19 10 12 5 18 4 8 1 
student 359: 3 7 16 4 13 19 12 20 1 17 6 10 18 5 15 2 14 9 8 11 
student 360: 10 16 15 7 9 5 12 19 20 6 13 8 18 4 11 2 14 17 3 1 
student 361: 15 6 10 8 3 18 17 5 13 19 16 7 14 11 9 12 2 4 1 20 
student 362: 8 16 1 14 11 2 7 17 10 6 13 15 19 4 9 18 3 20 5 12 
student 363: 13 20 3 10 16 4 7 17 11 18 2 1 19 9 15 14 6 8 12 5 
student 364: 17 13 15 9 12 18 20 19 7 16 6 3 8 11 1 10 2 5 14 4 
student 365: 10 4 14 5 8 20 13 17 7 11 16 19 15 18 9 1 3 2 12 6 
student 366: 10 3 7 1 6 19 16 13 17 20 5 8 18 11 12 9 2 14 15 4 
student 367: 9 20 14 4 2 19 12 5 11 7 10 6 18 16 3 15 8 1 13 17 
student 368: 8 10 16 4 12 13 20 7 9 18 15 6 19 1 11 14 5 3 2 17 
student 369: 18 6 9 7 15 20 10 16 11 13 19 5 8 17 14 12 3 1 2 4 
student 370: 9 6 17 20 4 14 8 10 13 16 11 19 5 7 3 2 1 18 15 12 
student 371: 16 20 4 9 3 7 15 13 11 10 5 12 17 19 14 1 6 8 18 2 
student 372: 4 12 6 11 5 17 7 13 20 18 9 3 19 8 2 16 1 15 14 10 
student 373: 11 13 14 12 5 18 7 9 17 19 2 1 6 20 4 15 10 8 3 16 
student 374: 3 19 16 12 18 7 14 11 6 8 20 10 5 2 17 15 9 13 4 1 
student 375: 16 15 19 5 7 11 1 17 6 14 13 3 12 20 18 9 4 10 2 8 
student 376: 12 15 3 18 11 19 20 7 8 10 13 6 16 4 1 17 9 5 2 14 
student 377: 17 3 12 15 10 14 6 13 2 16 19 9 18 4 5 11 1 20 7 8 
student 378: 8 2 20 3 17 19 15 7 18 12 13 14 11 6 1 5 10 16 9 4 
student 379: 18 7 1 10 20 12 14 13 9 15 17 5 16 2 11 8 4 19 3 6 
student 380: 16 10 15 1 11 13 8 19 17 7 14 18 9 20 4 3 2 6 12 5 
student 381: 10 2 12 20 17 18 15 7 4 19 8 5 13 3 14 11 16 1 9 6 
student 382: 16 6 1 18 7 10 3 12 2 20 8 5 14 19 13 4 15 17 9 11 
student 383: 20 9 13 7 12 6 14 15 18 1 3 17 16 5 4 10 8 19 11 2 
student 384: 13 6 17 8 10 14 2 18 20 7 5 11 19 4 3 9 16 15 1 12 
student 385: 13 10 3 2 19 7 6 16 8 17 1 18 20 5 4 15 14 12 11 9 
student 386: 14 18 3 5 19 20 11 12 16 8 6 10 15 7 9 1 13 2 17 4 
student 387: 7 17 15 12 20 4 19 16 2 8 13 10 18 9 3 14 11 6 1 5 
student 388: 8 12 3 14 4 5 20 16 7 17 18 1 15 9 6 10 13 19 11 2 
student 389: 10 20 3 15 9 18 12 14 13 19 4 6 16 17 11 2 8 7 1 5 
student 390: 16 14 11 18 4 9 20 15 19 12 3 6 17 13 1 2 7 8 10 5 
student 391: 3 2 12 5 6 14 10 16 8 15 1 17 4 20 13 7 11 18 9 19 
student 392: 20 6 10 3 5 18 7 17 2 11 1 15 19 9 13 12 8 14 4 16 
student 393: 3 15 2 11 10 5 18 16 12 14 7 4 19 20 6 13 1 8 9 17 
student 394: 6 3 7 19 12 20 13 16 2 14 8 17 15 4 10 11 9 1 5 18 
student 395: 11 3 13 20 16 15 10 17 7 14 5 2 12 1 9 19 8 18 6 4 
student 396: 10 12 13 6 18 16 19 9 2 20 14 8 7 15 1 5 11 4 17 3 
student 397: 13 8 12 9 2 19 15 4 17 16 10 14 5 6 11 3 1 20 18 7 
student 398: 20 3 7 13 4 11 19 16 12 17 1 14 8 18 15 10 5 9 6 2 
student 399: 12 9 20 1 11 16 18 14 17 6 19 5 15 8 7 13 2 4 10 3 
student 400: 10 16 15 7 19 8 3 11 9 18 13 4 20 1 5 2 12 14 6 17 
student 401: 18 19 8 15 17 1 11 4 5 12 6 10 20 14 2 9 7 3 16 13 
student 402: 14 8 9 16 1 19 11 17 12 13 3 5 20 15 6 10 18 4 2 7 
student 403: 19 10 5 12 20 9 11 16 3 15 14 4 18 1 7 2 6 8 17 13 
student 404: 9 12 1 7 14 18 6 15 8 16 4 2 19 5 11 3 10 17 20 13 
student 405: 14 19 5 4 8 11 9 6 18 15 12 10 13 7 3 1 16 17 20 2 
student 406: 20 11 10 2 3 19 9 15 7 18 13 17 14 16 6 8 12 1 4 5 
student 407: 13 5 20 7 9 10 12 18 19 15 6 16 4 17 1 3 8 11 14 2 
student 408: 19 1 7 2 10 4 17 16 5 8 9 18 20 6 3 11 12 14 15 13 
student 409: 9 6 10 1 19 13 7 20 18 17 12 14 3 15 8 4 5 16 11 2 
student 410: 17 6 1 14 16 19 20 11 4 18 13 2 9 12 10 8 15 3 5 7 
student 411: 18 4 15 8 5 16 19 20 11 2 14 13 12 1 6 3 9 17 10 7 
student 412: 20 4 8 15 17 12 3 19 13 1 14 16 10 7 6 9 5 11 18 2 
student 413: 12 7 8 5 10 16 4 20 11 19 2 18 15 3 9 17 14 13 6 1 
student 414: 11 2 12 7 10 19 4 18 3 20 13 1 6 15 17 8 16 14 9 5 
student 415: 20 11 14 9 19 12 5 2 8 4 13 17 10 16 1 7 15 18 6 3 
student 416: 15 19 14 13 7 10 5 20 17 1 8 6 3 11 2 4 9 12 18 16 
student 417: 15 8 11 3 17 6 10 20 18 19 4 13 14 9 7 2 1 12 16 5 
student 418: 9 6 5 4 12 10 7 15 14 18 16 1 19 17 8 3 2 11 20 13 
student 419: 6 11 5 12 10 16 19 18 1 7 13 8 20 17 3 14 9 15 4 2 
student 420: 15 6 3 12 16 20 9 13 5 14 8 4 19 10 1 2 18 17 7 11 
student 421: 17 6 18 3 19 15 20 10 14 11 9 1 4 5 16 13 2 8 7 12 
student 422: 16 13 7 15 19 2 6 17 12 9 10 5 14 8 11 3 20 18 1 4 
student 423: 14 13 1 20 16 9 5 12 19 18 17 4 8 3 2 10 15 7 6 11 
student 424: 16 5 14 13 11 19 17 15 12 18 8 7 20 4 6 2 3 10 9 1 
student 425: 6 8 2 5 19 18 13 14 9 17 20 15 16 10 12 11 7 4 3 1 
student 426: 18 3 10 19 17 12 20 5 16 6 2 13 11 14 15 1 8 7 9 4 
student 427: 19 2 15 6 9 11 13 20 18 16 12 4 1 10 7 8 5 17 3 14 
student 428: 16 14 15 12 17 18 9 8 1 6 5 3 20 19 7 2 4 13 10 11 
student 429: 12 1 8 6 20 16 14 4 7 17 15 13 19 18 5 10 9 11 2 3 
student 430: 9 15 10 3 19 20 8 13 17 16 18 4 12 6 2 7 14 5 1 11 
student 431: 20 7 17 5 16 19 11 6 10 8 1 13 15 12 4 3 18 14 2 9 
student 432: 14 11 13 8 18 19 10 6 5 20 2 4 15 16 7 3 17 9 1 12 
student 433: 15 3 10 7 5 13 6 16 11 18 17 20 19 8 4 12 9 14 2 1 
student 434: 17 8 1 9 13 16 12 3 11 19 18 15 20 14 10 7 4 6 5 2 
student 435: 12 11 9 3 4 5 6 20 18 19 14 8 13 7 2 1 10 16 17 15 
student 436: 18 9 14 13 15 7 6 17 16 20 8 2 19 12 3 4 11 5 10 1 
student 437: 3 19 9 13 10 14 17 7 16 2 6 15 12 1 8 4 5 20 11 18 
student 438: 11 6 14 5 4 20 7 18 3 13 8 17 19 12 16 9 1 15 2 10 
student 439: 6 11 20 1 9 8 19 18 5 10 2 4 12 14 15 17 3 16 13 7 
student 440: 9 10 4 17 18 11 6 20 2 7 13 14 15 12 8 1 3 5 19 16 
student 441: 18 2 1 14 16 10 9 12 20 13 11 15 17 7 6 5 4 8 19 3 
student 442: 13 18 4 1 15 12 8 16 7 2 20 17 3 6 10 11 5 14 9 19 
student 443: 17 15 18 14 8 3 2 13 16 1 20 5 6 12 4 19 9 11 10 7 
student 444: 3 1 20 5 17 7 16 12 18 10 6 19 14 13 2 15 9 4 8 11 
student 445: 15 14 3 10 16 20 13 7 11 8 5 6 19 18 9 4 12 17 1 2 
student 446: 5 3 14 11 13 16 17 9 12 19 7 1 18 20 10 15 4 6 2 8 
student 447: 13 19 1 2 15 16 10 14 6 9 18 7 20 8 3 4 17 11 12 5 
student 448: 7 13 18 16 17 14 12 4 20 11 3 9 19 2 8 5 15 10 6 1 
student 449: 1 13 2 9 20 15 18 6 10 7 11 14 16 4 8 12 5 17 19 3 
student 450: 2 7 5 3 20 16 19 6 8 12 11 10 17 9 14 4 13 18 1 15 
student 451: 13 4 12 9 8 14 10 2 20 17 15 1 19 11 16 7 6 18 5 3 
student 452: 1 14 16 3 2 8 10 7 18 17 4 5 19 13 11 12 6 9 20 15 
student 453: 14 18 13 16 20 12 17 15 11 2 6 5 19 7 1 3 10 9 4 8 
student 454: 5 20 10 4 18 2 15 3 12 14 8 16 17 9 6 13 11 19 1 7 
student 455: 9 1 6 19 20 3 13 4 12 8 5 7 14 2 16 15 10 17 18 11 
student 456: 9 19 2 13 3 20 8 11 6 18 12 17 14 10 1 16 4 15 7 5 
student 457: 16 3 5 1 14 20 17 15 10 19 4 8 18 11 7 6 13 2 12 9 
student 458: 18 10 4 11 19 8 15 13 1 17 3 14 5 12 20 7 2 16 9 6 
student 459: 20 8 3 19 17 14 16 13 9 12 15 6 18 4 7 10 5 11 1 2 
student 460: 7 19 4 13 5 9 2 18 15 17 11 16 20 10 6 8 1 12 3 14 
student 461: 17 15 10 20 16 8 12 4 13 14 2 7 19 11 6 1 5 18 9 3 
student 462: 11 19 1 8 16 14 20 18 4 6 3 5 13 7 10 2 9 17 12 15 
student 463: 18 3 11 20 13 14 6 16 5 1 9 10 15 8 12 4 7 17 19 2 
student 464: 11 16 9 6 19 17 15 5 20 1 14 7 3 12 4 10 2 13 18 8 
student 465: 18 19 10 17 16 20 12 13 14 9 8 7 3 4 2 1 15 11 6 5 
student 466: 20 6 15 5 13 14 12 9 7 17 19 8 16 11 18 3 2 4 10 1 
student 467: 20 7 17 12 19 18 2 16 15 11 4 6 1 9 3 5 13 14 10 8 
student 468: 2 5 18 11 3 16 1 15 13 12 20 9 6 19 10 4 14 17 8 7 
student 469: 9 14 3 2 12 17 16 5 13 19 18 15 1 20 4 10 6 7 11 8 
student 470: 2 6 20 1 8 17 16 15 7 18 13 10 9 4 3 19 11 14 12 5 
student 471: 16 6 12 11 14 18 20 3 4 17 13 15 19 10 5 2 7 8 9 1 
student 472: 19 5 13 14 18 8 17 10 6 20 11 9 15 12 4 2 3 16 7 1 
student 473: 19 9 5 2 4 8 12 3 6 14 13 11 15 10 1 20 16 17 18 7 
student 474: 20 6 11 16 19 18 14 13 7 1 8 12 17 5 15 2 3 10 9 4 
student 475: 8 11 7 4 17 20 16 13 19 18 12 3 14 5 1 6 9 2 15 10 
student 476: 20 9 1 2 15 13 7 4 16 14 12 19 17 11 18 10 6 8 3 5 
student 477: 12 11 10 2 14 19 4 17 15 18 9 6 16 5 8 1 7 20 13 3 
student 478: 17 4 5 20 3 10 16 15 9 11 19 14 7 18 8 12 1 2 13 6 
student 479: 19 11 7 1 2 14 18 8 17 16 5 13 12 6 4 10 3 15 9 20 
student 480: 7 20 19 14 4 17 16 1 12 18 8 11 2 13 3 10 5 15 9 6 
student 481: 11 16 10 7 20 3 4 17 12 14 15 1 13 8 5 18 6 2 9 19 
student 482: 16 4 12 6 13 8 17 20 3 10 11 15 14 2 9 5 1 18 7 19 
student 483: 17 14 1 4 18 16 8 10 15 11 7 13 19 2 3 6 12 20 5 9 
student 484: 12 20 17 7 16 19 8 18 4 9 13 11 10 15 5 6 3 14 2 1 
student 485: 7 16 18 2 17 20 6 13 1 15 14 8 19 5 9 11 12 4 3 10 
student 486: 16 20 12 7 4 11 18 3 15 9 8 14 13 19 17 10 2 5 1 6 
student 487: 20 5 2 18 4 19 17 16 10 8 7 6 14 9 11 1 12 15 3 13 
student 488: 11 18 2 7 19 14 15 17 13 16 4 10 20 8 12 6 5 9 3 1 
student 489: 9 11 7 6 12 5 16 15 20 17 14 4 18 19 3 2 10 13 8 1 
student 490: 6 1 9 20 17 18 8 10 5 15 14 11 13 4 3 2 12 16 7 19 
student 491: 14 3 10 7 20 13 6 16 15 18 4 9 12 11 5 17 8 19 1 2 
student 492: 10 14 15 13 2 16 4 8 5 18 11 9 17 12 1 20 6 19 7 3 
student 493: 12 16 2 5 1 18 20 13 17 15 7 4 8 9 14 3 6 11 10 19 
student 494: 9 11 14 8 10 12 7 17 13 19 6 4 20 1 16 2 3 18 15 5 
student 495: 1 7 20 3 14 19 6 12 18 16 13 5 15 17 8 10 11 9 2 4 
student 496: 13 7 17 6 4 18 10 19 9 20 8 14 11 1 16 12 15 3 2 5 
student 497: 15 19 2 14 7 10 18 16 3 12 17 9 20 11 13 8 5 6 1 4 
student 498: 15 3 9 6 4 14 8 18 2 20 19 12 16 17 11 7 1 10 5 13 
student 499: 3 2 15 7 17 5 16 13 12 9 14 19 20 11 1 18 8 10 6 4 
student 500: 7 8 5 18 20 17 13 11 6 1 3 12 15 19 16 9 4 14 2 10 
student 501: 14 15 17 5 16 11 20 19 2 12 6 9 13 4 7 10 8 18 1 3 
student 502: 15 7 1 13 18 16 11 14 3 19 8 2 17 9 10 20 6 5 4 12 
student 503: 19 12 2 11 10 7 9 1 20 18 16 15 13 4 6 14 8 17 5 3 
student 504: 11 6 8 3 13 18 5 19 2 20 4 9 15 10 17 16 7 14 12 1 
student 505: 20 16 7 17 9 4 5 12 10 15 6 18 19 14 3 1 13 11 2 8 
student 506: 13 5 12 6 18 10 8 15 3 2 7 11 20 17 14 16 9 1 19 4 
student 507: 10 1 2 7 13 14 16 9 8 17 11 5 19 18 15 12 6 20 3 4 
student 508: 20 4 10 1 17 11 14 13 8 18 2 6 7 5 3 19 12 9 15 16 
student 509: 12 9 6 2 19 18 20 15 13 1 3 16 17 8 11 5 10 7 14 4 
student 510: 19 6 1 2 5 17 11 14 18 9 10 20 3 4 7 13 8 12 16 15 
student 511: 14 15 19 9 13 16 20 11 3 2 4 18 12 17 5 6 7 10 1 8 
student 512: 3 6 4 8 12 20 17 18 9 13 16 10 11 14 1 7 19 5 15 2 
student 513: 17 9 15 1 6 14 19 18 8 10 12 3 5 20 7 4 2 16 13 11 
student 514: 3 17 2 6 18 13 5 16 4 19 12 10 15 8 7 11 14 20 1 9 
student 515: 15 2 18 10 19 11 1 16 12 17 20 6 5 9 7 4 14 8 13 3 
student 516: 19 15 1 8 14 16 5 17 12 20 4 6 18 3 13 9 11 7 2 10 
student 517: 2 1 11 7 18 13 14 10 3 12 4 16 5 15 20 9 6 19 17 8 
student 518: 1 5 13 2 3 15 9 16 10 6 20 4 17 8 7 18 12 14 11 19 
student 519: 9 6 7 19 14 16 5 13 20 11 17 15 8 12 4 3 18 10 1 2 
student 520: 8 3 16 18 2 12 15 4 19 17 20 11 6 9 5 14 10 1 13 7 
student 521: 15 4 7 3 10 13 6 16 5 19 11 17 20 9 8 1 12 18 14 2 
student 522: 8 15 12 6 19 11 13 5 4 16 2 10 18 3 1 9 7 14 17 20 
student 523: 20 2 12 6 15 14 8 18 13 7 17 5 19 16 9 1 4 11 10 3 
student 524: 18 6 13 5 16 15 14 19 10 12 4 9 20 3 7 8 1 17 11 2 
student 525: 13 12 7 9 19 16 11 15 18 2 5 20 17 6 3 14 8 10 4 1 
student 526: 17 1 12 4 10 2 6 13 19 14 11 15 20 18 8 9 3 7 16 5 
student 527: 7 16 11 3 19 15 9 2 18 12 4 13 20 17 5 8 6 14 10 1 
student 528: 1 18 9 17 15 14 16 19 7 13 5 8 4 3 10 11 12 20 6 2 
student 529: 7 8 9 16 3 14 15 19 18 13 1 20 17 12 10 5 6 11 4 2 
student 530: 11 6 13 18 4 19 2 17 8 10 3 15 20 16 7 12 1 9 14 5 
student 531: 15 19 18 8 6 10 16 14 17 9 5 1 20 3 7 2 12 13 11 4 
student 532: 19 20 6 17 4 11 10 1 7 18 3 5 16 12 2 15 8 14 13 9 
student 533: 6 7 11 1 2 4 12 16 14 19 13 5 20 17 15 3 8 9 18 10 
student 534: 14 9 1 2 3 17 16 20 11 7 10 12 18 8 13 19 5 15 4 6 
student 535: 10 5 12 6 17 2 20 19 14 7 11 4 13 9 15 18 16 8 3 1 
student 536: 17 13 6 4 18 20 10 2 11 19 16 15 9 8 1 3 12 5 14 7 
student 537: 20 4 7 12 10 9 17 13 15 16 11 8 5 19 6 14 3 18 1 2 
student 538: 16 13 19 1 10 15 11 17 12 6 8 2 14 5 18 3 7 20 9 4 
student 539: 13 3 10 16 8 6 14 5 18 20 12 15 17 2 9 19 1 7 11 4 
student 540: 17 8 20 1 6 13 10 3 15 5 12 4 11 16 2 19 9 18 7 14 
student 541: 4 16 9 11 12 20 19 17 7 15 5 2 6 13 14 18 1 8 3 10 
student 542: 20 1 18 15 17 6 2 5 13 3 14 9 10 8 7 19 12 16 4 11 
student 543: 3 19 6 12 11 17 9 15 5 18 8 7 20 14 13 10 1 2 4 16 
student 544: 9 11 20 10 19 16 18 6 4 14 5 7 8 15 12 13 3 17 2 1 
student 545: 11 19 14 6 18 17 15 5 10 9 8 7 16 13 1 20 12 4 2 3 
student 546: 3 18 13 6 17 14 8 4 1 16 11 9 20 19 5 10 15 12 7 2 
student 547: 6 7 5 10 15 17 12 3 19 4 13 8 18 9 2 1 20 11 14 16 
student 548: 8 18 4 17 9 19 20 7 5 3 12 14 6 16 1 15 2 11 10 13 
student 549: 18 9 2 6 10 16 13 20 7 1 5 15 14 4 12 8 3 11 19 17 
student 550: 9 20 11 6 7 19 16 18 1 3 8 13 14 5 2 4 10 12 15 17 
student 551: 17 4 5 15 19 10 12 3 13 18 14 20 16 8 2 6 7 11 9 1 
student 552: 13 11 8 6 20 16 7 10 14 9 2 17 12 5 1 15 19 4 18 3 
student 553: 17 19 10 2 11 20 7 8 4 15 6 5 18 12 9 3 16 14 1 13 
student 554: 17 14 6 4 13 8 19 10 1 18 7 16 15 12 2 20 5 3 11 9 
student 555: 7 14 2 3 1 20 5 17 11 4 6 16 9 13 15 10 19 18 12 8 
student 556: 13 19 2 10 20 6 15 14 1 17 16 8 4 7 12 3 18 11 5 9 
student 557: 14 19 1 12 10 7 11 17 13 20 3 5 18 9 4 15 6 16 2 8 
student 558: 15 5 14 7 18 20 3 12 6 9 8 16 19 2 13 10 11 17 4 1 
student 559: 12 1 7 2 3 18 13 20 9 19 8 11 16 15 5 14 10 17 6 4 
student 560: 9 10 2 18 13 6 20 14 16 11 1 3 17 7 15 8 12 19 4 5 
student 561: 14 13 1 8 20 2 11 12 19 15 5 10 17 6 9 3 18 7 16 4 
student 562: 20 13 8 3 16 18 15 1 7 4 5 14 19 10 9 12 17 11 2 6 
student 563: 14 9 12 8 17 10 18 15 11 6 7 19 16 20 4 1 3 5 13 2 
student 564: 16 10 6 1 17 5 20 7 8 3 18 14 15 9 2 4 12 13 11 19 
student 565: 13 9 20 14 12 16 2 15 8 18 3 10 19 11 17 4 5 7 6 1 
student 566: 15 1 7 6 19 13 9 11 18 20 14 10 8 16 12 2 17 3 4 5 
student 567: 19 11 17 12 8 2 5 10 9 13 14 4 16 3 15 7 6 20 18 1 
student 568: 14 15 17 2 19 12 7 18 10 9 13 6 20 8 3 1 5 16 4 11 
student 569: 4 9 10 19 14 18 20 11 16 17 12 3 13 15 2 5 7 8 1 6 
student 570: 16 20 15 3 12 14 7 10 17 13 1 11 18 6 5 8 2 4 9 19 
student 571: 12 9 16 18 7 11 14 15 5 10 4 13 6 17 2 3 8 19 20 1 
student 572: 18 5 3 13 15 8 11 20 10 17 16 2 19 7 6 1 4 12 14 9 
student 573: 14 6 11 8 16 13 19 18 4 12 15 20 9 2 1 17 3 5 10 7 
student 574: 18 6 12 1 11 20 2 15 16 4 17 13 10 7 8 5 14 19 9 3 
student 575: 13 17 6 9 5 20 1 12 14 11 4 15 18 19 16 7 8 10 3 2 
student 576: 20 6 13 10 7 8 15 14 5 16 11 1 19 12 2 17 4 18 3 9 
student 577: 2 10 19 3 12 11 14 8 20 18 9 15 7 17 1 4 5 16 13 6 
student 578: 8 4 1 19 18 13 12 3 16 20 7 11 15 2 6 14 17 9 10 5 
student 579: 11 15 4 3 17 20 2 18 1 12 13 10 19 8 14 5 7 6 16 9 
student 580: 6 19 7 8 18 12 11 13 5 16 14 17 20 9 3 4 10 15 2 1 
student 581: 7 4 15 8 19 20 10 9 12 18 14 2 16 11 17 6 5 13 3 1 
student 582: 5 6 3 10 14 12 16 7 1 18 17 15 4 9 20 19 8 13 11 2 
student 583: 13 1 15 8 6 19 2 12 9 17 5 11 18 10 7 14 3 16 20 4 
student 584: 16 14 8 7 17 12 13 18 6 5 10 20 15 3 1 2 9 4 19 11 
student 585: 1 15 8 12 16 13 9 2 20 19 14 17 11 6 3 7 4 5 18 10 
student 586: 9 14 6 5 12 1 15 19 16 17 10 3 13 20 4 11 7 18 8 2 
student 587: 5 6 18 14 16 11 15 2 13 19 9 7 20 12 1 8 4 17 3 10 
student 588: 4 6 12 1 16 18 17 9 19 13 10 5 20 2 3 8 7 15 11 14 
student 589: 20 2 5 7 9 10 19 15 17 14 12 13 1 11 16 8 4 18 6 3 
student 590: 19 1 14 16 8 15 18 2 13 11 6 17 20 12 7 9 5 4 10 3 
student 591: 14 5 2 11 10 20 12 16 18 19 9 1 17 8 13 7 6 15 4 3 
student 592: 9 15 10 5 8 6 19 11 13 17 7 12 2 4 18 1 16 20 14 3 
student 593: 15 2 8 12 10 9 6 13 19 11 20 16 7 17 3 14 5 4 18 1 
student 594: 10 20 8 16 11 19 13 18 14 6 17 5 15 9 2 7 12 4 1 3 
student 595: 7 13 17 12 18 16 20 5 15 19 14 8 10 6 4 2 9 1 11 3 
student 596: 16 10 13 4 19 5 11 6 12 17 7 3 18 14 8 9 15 20 2 1 
student 597: 17 3 14 5 19 18 9 20 16 15 6 13 12 10 11 7 8 1 4 2 
student 598: 10 6 9 4 17 16 20 5 8 13 1 7 18 3 11 12 14 19 2 15 
student 599: 15 3 2 6 20 17 7 18 11 19 13 10 16 8 1 5 12 14 9 4 
student 600: 19 5 16 8 14 9 4 3 20 11 1 12 18 13 10 6 2 7 17 15 
student 601: 18 12 7 14 6 13 1 17 10 11 16 4 19 20 5 8 2 15 3 9 
student 602: 15 6 14 12 8 4 7 18 10 20 11 13 16 17 2 3 9 19 1 5 
student 603: 14 1 18 10 19 16 15 20 4 3 7 17 11 6 12 13 2 9 8 5 
student 604: 15 2 4 19 18 9 5 14 16 7 8 20 17 12 6 3 10 11 13 1 
student 605: 13 4 6 5 20 7 14 17 16 11 15 19 12 18 8 2 1 10 3 9 
student 606: 1 16 5 2 9 15 10 17 6 14 19 11 12 13 7 3 18 20 8 4 
student 607: 1 10 8 11 20 19 16 7 2 13 9 12 6 17 18 4 15 14 5 3 
student 608: 18 10 17 4 13 12 6 9 3 20 16 8 14 15 5 11 19 2 7 1 
student 609: 20 1 9 2 14 19 18 4 7 12 10 15 17 16 5 8 6 11 3 13 
student 610: 8 2 9 6 14 16 5 17 11 15 10 19 12 13 3 18 1 20 4 7 
student 611: 16 1 15 3 10 18 7 6 17 11 4 13 14 2 20 8 5 12 9 19 
student 612: 7 6 8 2 17 12 18 20 9 19 10 15 3 11 1 4 14 13 5 16 
student 613: 5 7 16 18 11 19 4 12 17 20 1 6 13 14 10 9 15 2 8 3 
student 614: 11 4 12 9 14 17 2 13 8 7 15 18 20 6 5 16 1 10 19 3 
student 615: 3 7 2 11 16 6 10 9 4 15 14 5 17 13 8 1 20 12 18 19 
student 616: 9 12 1 7 20 18 2 6 15 10 8 14 17 19 5 3 13 11 16 4 
student 617: 20 13 3 12 18 14 15 17 19 4 2 7 1 11 16 8 5 9 6 10 
student 618: 12 3 8 7 15 4 13 20 17 14 6 16 18 2 10 19 5 9 11 1 
student 619: 14 20 9 18 17 13 16 11 12 8 10 4 19 6 1 2 5 7 3 15 
student 620: 17 1 7 11 12 20 16 9 14 6 8 5 19 3 2 15 4 18 10 13 
student 621: 15 6 16 10 8 14 7 17 3 18 9 13 2 12 4 1 20 19 5 11 
student 622: 12 3 18 1 19 15 6 8 16 10 9 14 20 5 17 4 13 7 2 11 
student 623: 18 1 11 19 15 17 4 13 2 12 16 14 5 8 10 9 20 6 3 7 
student 624: 18 8 17 3 15 6 19 13 11 20 10 12 14 2 1 5 4 16 7 9 
student 625: 8 4 3 9 6 13 17 14 15 19 2 7 20 10 12 16 18 1 5 11 
student 626: 19 4 8 14 2 18 1 20 10 13 9 12 6 17 11 16 3 5 15 7 
student 627: 19 12 1 3 14 15 6 16 20 9 13 4 18 8 17 7 2 10 5 11 
student 628: 16 7 5 1 19 2 8 10 12 13 6 14 20 17 9 4 11 18 15 3 
student 629: 17 1 4 9 19 10 16 20 6 14 2 5 11 15 8 13 7 18 12 3 
student 630: 16 5 3 4 17 7 2 18 10 15 9 11 6 19 1 8 14 13 12 20 
student 631: 18 9 13 6 15 12 17 3 16 19 2 7 20 14 8 5 1 11 10 4 
student 632: 9 2 19 10 11 14 20 17 5 1 16 3 6 8 4 15 13 7 18 12 
student 633: 18 12 8 6 19 17 9 16 14 20 10 1 15 11 4 13 7 2 5 3 
student 634: 8 3 13 1 20 16 12 11 18 6 14 15 7 2 10 9 19 17 5 4 
student 635: 20 5 12 13 11 16 15 6 17 8 10 18 19 14 3 2 4 7 1 9 
student 636: 14 6 7 18 10 17 13 1 5 15 9 8 20 12 19 16 2 3 4 11 
student 637: 16 19 3 5 10 13 4 12 7 2 18 1 20 17 15 8 11 6 14 9 
student 638: 10 12 2 9 20 17 15 19 5 11 6 1 18 13 16 7 3 8 14 4 
student 639: 12 14 13 10 17 16 19 3 15 7 18 5 20 11 2 8 9 4 6 1 
student 640: 13 5 17 3 19 7 16 12 8 14 10 20 18 6 2 1 9 11 15 4 
student 641: 18 7 8 4 15 13 16 6 20 19 12 1 14 2 3 5 10 17 11 9 
student 642: 20 15 3 18 14 5 13 11 2 8 4 9 17 19 7 10 1 12 16 6 
student 643: 20 3 15 5 8 19 2 10 13 16 9 14 11 17 12 7 6 18 1 4 
student 644: 16 5 17 4 15 8 20 7 9 2 13 1 3 19 14 12 18 10 11 6 
student 645: 9 1 10 15 20 19 17 3 14 11 18 7 16 5 2 6 8 13 4 12 
student 646: 10 19 11 4 16 13 6 20 8 1 7 18 12 3 5 14 17 15 9 2 
student 647: 19 6 8 13 7 20 16 10 5 14 4 11 17 9 12 3 18 15 2 1 
student 648: 13 7 6 9 19 15 20 10 2 14 11 8 18 16 1 12 4 5 3 17 
student 649: 10 8 18 4 16 14 12 13 20 6 11 1 17 3 7 15 19 5 2 9 
student 650: 15 20 8 6 4 14 18 1 16 19 11 17 9 7 12 13 3 5 10 2 
student 651: 17 8 11 9 7 15 13 18 5 20 10 6 12 4 1 14 2 16 3 19 
student 652: 16 12 13 18 4 11 19 14 20 8 10 6 17 7 2 5 3 15 9 1 
student 653: 19 3 7 17 13 8 6 18 9 15 5 11 10 20 1 16 4 12 14 2 
student 654: 16 15 13 2 14 5 11 4 19 20 3 17 9 18 12 7 6 10 8 1 
student 655: 9 2 10 1 18 20 17 12 7 15 16 8 11 19 13 3 6 14 4 5 
student 656: 14 11 10 1 16 19 15 20 5 8 18 7 17 12 3 9 2 13 6 4 
student 657: 5 14 18 9 15 19 20 3 16 17 10 1 8 13 12 7 2 11 6 4 
student 658: 20 7 3 5 10 11 1 17 19 18 16 15 9 8 12 13 4 14 6 2 
student 659: 16 13 18 2 7 20 9 12 5 17 11 14 15 4 1 8 10 19 6 3 
student 660: 15 4 9 5 18 17 16 12 11 13 19 6 8 7 2 1 20 10 14 3 
student 661: 14 16 3 8 13 10 15 20 11 17 1 12 19 4 2 7 18 9 6 5 
student 662: 12 2 7 11 18 6 9 14 20 19 13 1 15 5 4 10 16 17 3 8 
student 663: 13 14 5 17 4 18 19 9 15 11 10 12 20 3 7 8 1 6 2 16 
student 664: 14 16 1 10 3 20 18 11 19 9 15 12 13 8 7 2 6 17 5 4 
student 665: 6 7 5 2 12 17 11 13 8 19 9 20 15 18 1 10 4 16 14 3 
student 666: 16 13 19 17 4 11 2 10 6 20 3 12 5 18 8 15 9 1 14 7 
student 667: 20 12 17 2 5 15 11 8 19 16 18 6 13 7 4 14 10 3 9 1 
student 668: 20 12 8 4 5 16 17 2 14 19 6 10 13 18 1 7 11 15 9 3 
student 669: 9 12 4 11 14 13 18 19 16 6 15 5 17 10 1 7 3 20 8 2 
student 670: 17 4 7 2 10 19 16 15 11 12 9 18 20 14 1 13 6 8 3 5 
student 671: 14 8 5 6 12 3 15 9 18 17 13 16 19 11 10 4 1 7 2 20 
student 672: 18 13 2 12 20 15 5 16 8 14 7 9 3 11 1 17 19 6 10 4 
student 673: 11 9 5 7 10 16 15 3 18 2 17 8 6 1 19 4 12 20 14 13 
student 674: 7 6 3 10 19 9 2 20 13 18 17 16 5 12 4 14 11 15 1 8 
student 675: 12 17 9 10 16 14 7 18 11 6 20 2 19 5 3 4 8 1 13 15 
student 676: 4 15 11 19 17 12 14 18 10 13 5 16 9 8 1 2 3 6 7 20 
student 677: 16 10 1 5 19 18 15 17 9 6 4 12 20 14 3 11 7 13 8 2 
student 678: 8 6 7 5 3 4 11 14 16 17 20 13 19 15 10 12 9 18 1 2 
student 679: 13 2 15 11 20 16 8 18 9 19 7 5 1 10 3 17 6 4 12 14 
student 680: 17 1 5 14 10 19 7 18 11 12 3 16 20 15 9 2 13 4 6 8 
student 681: 7 1 12 8 9 19 4 18 16 3 20 6 13 17 5 2 14 15 10 11 
student 682: 13 9 7 5 1 18 19 8 16 14 20 6 15 11 2 3 10 17 4 12 
student 683: 17 8 1 13 20 3 7 15 4 19 5 12 11 16 6 14 2 18 10 9 
student 684: 3 2 11 15 13 14 6 19 10 1 5 20 18 4 16 7 8 12 17 9 
student 685: 19 10 1 2 12 18 13 11 7 15 17 6 16 14 4 5 20 3 9 8 
student 686: 2 6 19 10 16 18 11 13 15 20 9 17 14 4 8 12 1 5 3 7 
student 687: 6 5 18 3 17 13 10 9 4 15 1 20 19 16 7 2 14 8 12 11 
student 688: 12 16 3 8 14 20 11 9 13 19 2 15 18 1 6 17 10 4 5 7 
student 689: 20 2 8 1 5 14 19 17 11 10 7 18 12 13 9 15 4 16 6 3 
student 690: 15 18 1 11 17 2 14 13 9 20 5 6 19 12 16 10 3 4 7 8 
student 691: 9 10 1 6 8 13 11 15 18 12 4 17 19 5 16 14 7 20 2 3 
student 692: 17 7 4 16 9 13 11 20 19 10 5 2 18 12 8 6 3 14 1 15 
student 693: 9 7 11 6 17 2 10 16 8 18 13 12 20 4 3 5 14 19 15 1 
student 694: 20 15 2 19 17 8 16 10 14 18 12 7 11 9 6 4 13 3 5 1 
student 695: 11 5 20 9 18 19 3 14 2 15 8 1 17 7 13 10 16 4 12 6 
student 696: 6 12 16 14 1 20 18 8 17 10 13 4 19 7 9 5 11 15 3 2 
student 697: 17 11 1 20 16 19 8 7 15 13 12 18 14 3 4 10 5 9 6 2 
student 698: 14 15 9 7 18 17 16 12 6 3 8 19 20 4 10 2 1 13 11 5 
student 699: 14 10 8 12 7 20 13 17 16 15 4 1 11 2 18 19 6 3 5 9 
student 700: 19 20 9 8 12 3 7 6 18 17 13 4 16 14 5 1 15 10 11 2 
student 701: 20 9 2 18 16 13 15 4 12 17 19 3 5 7 6 1 10 14 11 8 
student 702: 12 8 1 7 16 18 14 20 11 17 6 4 15 19 3 2 9 13 5 10 
student 703: 19 11 14 7 20 4 9 15 18 16 1 17 8 10 5 6 3 13 2 12 
student 704: 12 9 11 17 16 18 20 13 15 4 5 14 2 7 1 10 8 6 3 19 
student 705: 17 20 5 6 19 18 15 8 13 11 12 9 16 10 1 2 14 4 3 7 
student 706: 18 20 8 10 4 1 3 15 19 7 17 9 16 2 6 5 14 12 13 11 
student 707: 13 17 1 8 19 11 9 20 7 14 6 5 18 15 3 16 2 12 10 4 
student 708: 4 2 16 14 8 18 10 3 12 9 20 15 19 6 7 11 17 13 1 5 
student 709: 17 5 6 15 20 18 9 19 12 11 16 8 14 7 13 2 3 4 1 10 
student 710: 13 20 3 10 4 14 16 19 18 17 11 15 2 8 1 9 7 12 5 6 
student 711: 6 1 16 5 20 13 12 3 9 7 19 8 17 18 11 10 15 14 4 2 
student 712: 3 4 1 12 5 19 20 2 15 18 11 13 14 7 9 6 8 10 16 17 
student 713: 15 1 14 2 16 20 19 10 13 4 5 11 18 8 9 12 3 17 7 6 
student 714: 16 8 1 20 10 17 15 19 5 18 2 12 11 14 13 9 4 7 3 6 
student 715: 19 6 2 13 14 20 18 16 8 15 1 17 5 3 11 4 12 7 9 10 
student 716: 4 16 11 13 9 12 1 19 8 10 18 7 20 14 17 5 6 2 15 3 
student 717: 8 2 7 15 6 20 5 13 9 19 10 12 17 14 1 16 4 18 11 3 
student 718: 17 13 18 6 8 9 1 16 5 10 2 3 19 15 20 12 14 11 7 4 
student 719: 2 14 15 19 7 13 8 10 17 12 4 6 20 5 1 3 11 18 16 9 
student 720: 20 6 11 7 16 13 12 1 17 4 18 2 19 14 5 9 10 15 8 3 
student 721: 15 17 11 14 10 9 1 8 20 2 18 19 6 12 3 5 7 16 4 13 
student 722: 16 13 17 5 19 11 7 20 2 8 1 15 10 9 14 12 18 4 3 6 
student 723: 18 9 11 1 17 19 14 5 15 12 7 13 16 4 2 3 6 8 20 10 
student 724: 9 8 3 5 12 7 20 4 16 13 1 17 19 11 18 2 6 14 10 15 
student 725: 17 7 8 5 11 14 13 18 6 19 16 20 12 3 10 2 4 1 9 15 
student 726: 5 8 11 12 9 18 19 14 16 17 7 10 20 2 15 1 4 6 13 3 
student 727: 9 1 5 4 6 16 7 3 20 18 17 11 12 14 2 13 10 15 8 19 
student 728: 15 6 12 18 10 20 14 19 4 8 13 1 5 9 17 11 7 3 16 2 
student 729: 13 4 12 3 8 5 9 14 10 17 15 2 18 16 19 11 1 7 20 6 
student 730: 18 5 8 14 9 4 17 19 12 16 7 3 20 13 6 1 15 10 11 2 
student 731: 18 2 8 4 17 20 19 16 12 6 13 14 9 5 7 1 10 15 3 11 
student 732: 18 19 4 17 3 12 7 6 11 14 15 10 2 13 5 8 9 16 20 1 
student 733: 20 10 5 16 17 9 6 8 1 19 4 11 18 15 12 3 7 14 13 2 
student 734: 18 16 4 14 15 7 9 20 8 12 17 2 11 6 3 5 13 10 19 1 
student 735: 20 2 18 11 10 17 8 19 13 16 15 7 14 9 3 1 5 12 4 6 
student 736: 7 12 4 15 20 19 17 16 13 10 18 9 14 1 11 8 5 3 6 2 
student 737: 19 15 13 12 20 11 8 18 5 1 17 16 4 3 2 10 14 6 7 9 
student 738: 19 3 5 1 18 20 9 2 16 12 7 11 15 14 6 8 17 10 4 13 
student 739: 12 4 17 7 5 20 18 14 15 13 16 10 3 9 1 6 11 8 19 2 
student 740: 15 7 12 1 6 5 20 19 8 18 9 3 16 10 2 13 4 17 11 14 
student 741: 14 20 10 9 16 19 17 5 7 13 18 1 12 2 8 4 3 11 15 6 
student 742: 5 12 7 6 20 10 4 3 14 19 11 15 8 18 13 2 9 17 16 1 
student 743: 6 4 1 8 19 17 18 12 16 11 15 7 14 20 9 3 2 13 5 10 
student 744: 12 7 8 9 17 15 19 14 6 16 20 18 11 4 2 5 10 3 1 13 
student 745: 15 5 7 18 16 20 13 11 19 12 17 2 14 4 10 8 6 1 9 3 
student 746: 1 10 11 6 16 20 4 15 8 17 12 14 18 9 19 5 2 13 3 7 
student 747: 20 1 17 4 19 15 7 10 9 18 14 13 16 3 6 12 11 5 8 2 
student 748: 16 8 12 11 15 17 18 19 3 10 13 14 2 4 7 5 20 6 1 9 
student 749: 11 18 5 7 17 16 10 13 12 3 8 20 15 4 6 19 14 9 2 1 
student 750: 20 18 19 3 16 1 14 6 5 17 12 13 10 9 2 15 11 4 7 8 
student 751: 16 11 14 7 6 17 12 18 5 20 8 3 15 9 1 19 10 13 2 4 
student 752: 19 12 5 18 6 13 20 11 16 14 15 9 17 10 8 4 1 2 7 3 
student 753: 6 1 18 3 16 8 9 14 11 12 20 5 15 17 2 7 4 19 13 10 
student 754: 8 7 14 19 18 5 3 16 12 20 6 13 15 9 1 2 4 10 11 17 
student 755: 17 9 2 12 6 14 10 3 13 19 15 20 16 4 11 8 5 18 7 1 
student 756: 10 13 11 4 16 17 19 20 9 5 12 2 15 8 3 7 6 18 14 1 
student 757: 1 2 10 16 6 11 20 13 3 19 7 17 14 8 5 18 9 4 15 12 
student 758: 20 2 13 3 16 8 9 15 10 11 17 19 7 6 12 1 14 18 5 4 
student 759: 13 11 9 3 15 14 2 7 16 18 12 10 20 1 6 5 17 19 4 8 
student 760: 17 1 10 9 16 19 12 2 7 13 4 6 14 11 3 5 20 8 18 15 
student 761: 8 3 19 6 16 9 14 18 13 15 11 2 20 17 5 7 4 1 10 12 
student 762: 19 18 10 8 15 5 4 14 12 13 9 7 16 3 20 6 11 17 1 2 
student 763: 20 8 7 3 16 19 18 15 6 14 13 9 10 11 5 2 17 1 4 12 
student 764: 6 15 18 1 16 20 9 11 2 12 8 19 17 4 5 13 3 10 14 7 
student 765: 20 13 11 19 18 9 8 6 12 15 4 17 2 5 10 16 7 3 14 1 
student 766: 17 4 19 15 9 20 6 2 14 3 1 7 13 11 10 8 18 16 5 12 
student 767: 20 8 10 6 7 19 15 3 9 17 12 4 18 16 2 13 1 11 14 5 
student 768: 16 10 13 20 2 3 7 11 18 17 12 8 19 9 6 1 15 14 5 4 
student 769: 17 10 4 9 16 18 13 11 1 19 6 14 20 12 3 7 5 2 15 8 
student 770: 12 14 9 4 19 7 3 20 10 6 5 16 18 2 13 8 1 17 15 11 
student 771: 1 5 8 3 20 2 11 18 19 12 15 9 17 16 10 14 7 13 4 6 
student 772: 9 2 11 8 5 12 14 17 10 20 7 18 19 1 6 16 15 4 13 3 
student 773: 18 16 3 2 11 19 7 15 10 12 17 8 20 5 1 14 13 6 9 4 
student 774: 17 5 14 16 11 2 18 20 15 10 3 6 19 13 8 1 12 7 4 9 
student 775: 14 2 20 3 18 10 8 12 7 19 17 6 16 11 1 9 4 15 13 5 
student 776: 15 20 19 12 11 17 1 13 10 3 16 4 6 2 7 14 9 18 8 5 
student 777: 10 14 17 16 3 18 15 7 6 19 2 8 9 12 13 5 4 20 1 11 
student 778: 16 9 7 5 14 19 20 8 4 10 11 12 18 17 15 3 6 13 2 1 
student 779: 6 7 8 3 13 12 19 15 1 17 5 10 11 18 2 20 14 4 16 9 
student 780: 16 9 4 5 7 18 14 20 13 15 3 8 11 2 1 6 17 12 19 10 
student 781: 13 4 8 5 15 14 10 12 17 16 2 20 18 19 7 3 1 9 11 6 
student 782: 1 9 7 12 20 17 15 2 8 4 11 14 19 10 18 16 6 5 3 13 
student 783: 15 3 16 6 5 20 14 12 9 17 10 4 11 13 1 7 19 2 8 18 
student 784: 20 9 17 14 18 19 11 16 10 12 4 13 7 8 1 2 5 15 6 3 
student 785: 12 2 16 3 18 15 7 17 4 8 14 11 20 13 5 1 9 19 6 10 
student 786: 7 5 10 4 15 19 14 8 9 18 6 12 20 16 17 3 2 13 1 11 
student 787: 16 10 5 3 15 18 7 20 13 19 2 11 14 6 4 12 1 9 8 17 
student 788: 10 6 11 3 8 12 13 2 14 18 15 7 20 1 5 16 19 17 4 9 
student 789: 5 10 16 8 15 20 18 9 7 19 2 6 13 14 11 12 3 17 4 1 
student 790: 3 10 19 9 18 13 15 7 12 11 17 5 14 16 1 4 6 20 8 2 
student 791: 15 14 20 13 17 12 19 6 9 18 2 7 10 1 8 11 16 4 3 5 
student 792: 9 11 6 10 5 8 16 13 18 4 19 7 14 15 12 2 3 17 20 1 
student 793: 11 2 14 10 17 16 9 18 6 20 19 15 1 12 8 13 4 5 7 3 
student 794: 19 4 2 3 5 9 18 13 20 6 17 11 12 14 16 7 10 15 8 1 
student 795: 18 1 4 9 3 13 2 17 16 8 14 12 19 20 15 11 6 7 10 5 
student 796: 5 14 11 6 18 20 8 16 10 7 12 15 19 9 2 13 3 17 1 4 
student 797: 20 14 11 7 17 4 3 18 15 9 8 19 2 12 6 16 10 13 5 1 
student 798: 5 17 7 11 15 4 2 1 13 20 14 9 18 6 8 12 16 19 10 3 
student 799: 18 16 12 17 11 4 1 19 13 20 15 2 10 14 8 6 9 3 7 5 
