student 0: 3 9 6 10 12 15 16 20 7 18 2 1 17 14 11 13 5 4 8 19 
student 1: 20 12 8 10 17 13 5 15 1 11 19 3 2 7 4 6 9 18 16 14 
student 2: 20 14 18 5 19 9 1 16 15 8 13 3 2 12 7 4 17 11 10 6 
student 3: 15 16 4 7 6 18 9 17 3 2 19 5 8 14 12 1 20 10 13 11 
student 4: 11 10 20 1 8 6 5 19 17 9 13 12 3 16 2 7 18 14 4 15 
student 5: 13 6 19 16 17 5 1 20 2 14 7 4 11 18 15 3 10 9 12 8 
student 6: 12 14 19 8 11 2 16 13 5 7 15 20 4 1 3 6 10 17 18 9 
student 7: 14 4 11 12 19 5 16 13 18 17 7 2 1 8 20 6 10 9 3 15 
student 8: 14 2 11 16 17 19 20 13 9 4 12 1 6 15 10 3 18 5 8 7 
student 9: 13 19 3 4 9 2 6 17 14 12 16 15 11 10 5 8 20 18 7 1 
student 10: 14 10 12 9 19 15 6 17 2 11 20 18 4 5 3 13 16 7 8 1 
student 11: 5 13 6 10 20 16 9 12 4 18 19 17 3 7 1 8 14 2 15 11 
student 12: 14 9 20 2 16 12 3 7 18 1 17 5 15 8 4 11 13 19 10 6 
student 13: 12 20 15 4 13 2 9 11 16 19 14 8 3 6 10 5 17 1 7 18 
student 14: 12 13 16 9 3 10 4 7 1 11 20 5 8 15 2 6 18 17 19 14 
student 15: 8 1 15 20 18 7 5 4 11 2 16 19 10 14 13 6 17 12 3 9 
student 16: 9 8 10 16 18 11 19 12 4 5 17 2 15 20 7 3 13 6 1 14 
student 17: 6 1 9 2 4 15 5 17 16 3 7 10 8 20 13 14 19 11 12 18 
student 18: 9 13 14 5 12 4 16 18 10 8 17 3 1 11 2 6 20 7 19 15 
student 19: 20 8 18 1 17 3 2 14 13 12 16 6 9 10 15 4 11 19 7 5 
student 20: 20 8 16 6 14 5 13 18 15 10 11 2 4 7 3 17 9 12 1 19 
student 21: 20 18 9 3 16 19 15 1 13 5 17 8 11 12 4 7 14 6 10 2 
student 22: 20 6 16 13 14 7 2 4 9 17 12 1 15 18 3 10 19 8 11 5 
student 23: 16 12 18 10 19 20 7 13 14 17 4 8 6 3 9 1 15 11 5 2 
student 24: 20 4 9 12 18 10 2 13 5 11 8 17 3 19 7 14 15 16 6 1 
student 25: 10 17 19 12 14 11 15 7 4 13 18 1 8 9 2 3 20 16 5 6 
student 26: 20 6 16 4 17 9 11 8 5 2 15 7 12 18 13 1 14 10 3 19 
student 27: 5 17 16 6 15 7 4 19 3 14 20 8 1 18 12 9 11 10 13 2 
student 28: 7 20 15 9 17 18 4 12 11 6 10 16 1 13 5 8 2 14 19 3 
student 29: 12 17 19 4 20 7 3 13 11 2 14 5 1 8 16 18 15 9 10 6 
student 30: 12 6 17 4 15 9 3 2 14 18 16 13 5 19 8 1 7 11 20 10 
student 31: 18 5 19 11 15 10 2 12 4 14 16 7 3 17 8 1 20 9 6 13 
student 32: 3 6 18 5 9 11 16 2 7 4 8 12 15 14 1 19 20 13 10 17 
student 33: 9 15 13 4 18 6 5 7 1 16 14 11 3 20 17 8 19 12 10 2 
student 34: 9 16 6 1 13 15 8 17 10 5 14 3 4 18 20 7 19 12 11 2 
student 35: 16 7 10 11 3 19 6 8 17 13 9 15 18 14 1 5 12 20 4 2 
student 36: 18 11 3 9 17 4 6 7 8 5 14 16 15 10 2 1 13 19 20 12 
student 37: 5 20 18 16 6 11 7 8 13 12 17 9 14 10 19 4 1 3 15 2 
student 38: 19 12 7 15 11 10 3 1 5 9 16 2 14 20 4 8 13 18 17 6 
student 39: 17 9 20 10 19 8 11 13 15 2 18 4 1 6 14 5 16 12 7 3 
student 40: 17 5 18 2 13 12 3 10 1 20 14 4 8 15 7 9 11 16 19 6 
student 41: 14 9 19 6 15 11 2 20 12 4 17 7 1 5 10 8 18 13 16 3 
student 42: 15 10 17 2 16 3 7 20 19 12 14 9 6 11 1 5 18 4 8 13 
student 43: 11 9 7 10 17 16 14 19 13 6 15 8 5 3 1 4 18 2 12 20 
student 44: 18 8 16 2 20 6 3 14 5 17 15 10 1 19 4 13 7 9 12 11 
student 45: 14 13 20 15 6 17 16 11 5 9 4 3 1 18 8 10 19 7 2 12 
student 46: 3 7 8 14 16 2 6 5 11 4 18 12 1 9 15 17 13 10 20 19 
student 47: 1 16 18 4 15 10 8 11 7 17 3 6 14 9 20 2 13 5 19 12 
student 48: 16 9 12 13 17 15 1 6 18 7 20 2 14 3 10 5 4 11 19 8 
student 49: 15 5 17 11 12 14 10 20 13 3 19 6 2 16 1 8 18 7 4 9 
student 50: 4 13 8 5 19 6 16 15 10 11 9 20 1 2 18 7 14 3 17 12 
student 51: 17 13 3 12 16 14 5 20 8 11 19 7 4 9 2 1 10 15 18 6 
student 52: 14 4 1 15 18 20 5 19 13 11 9 2 7 12 10 6 16 17 8 3 
student 53: 14 15 19 5 20 18 10 13 8 6 17 11 1 16 3 12 4 9 7 2 
student 54: 2 7 6 14 15 13 12 5 17 4 10 19 8 11 16 20 9 1 3 18 
student 55: 16 3 19 13 5 15 4 8 7 6 2 17 10 9 12 1 18 11 14 20 
student 56: 16 7 20 1 13 9 14 15 6 3 19 4 2 18 11 10 8 5 17 12 
student 57: 9 8 17 4 20 18 10 14 5 11 16 1 6 15 2 19 7 12 13 3 
student 58: 20 5 14 9 16 13 6 2 10 17 1 7 4 19 12 3 8 15 11 18 
student 59: 10 5 12 1 13 16 11 8 15 19 2 14 4 17 6 3 18 7 9 20 
student 60: 8 18 20 1 15 14 7 2 6 13 10 19 3 5 4 16 17 12 11 9 
student 61: 20 14 16 11 19 6 7 3 5 2 17 18 9 15 1 12 10 13 4 8 
student 62: 17 14 3 2 12 1 9 19 11 13 18 6 8 15 7 16 20 10 4 5 
student 63: 19 18 5 1 6 4 8 17 3 14 10 2 20 11 7 9 16 15 13 12 
student 64: 13 18 17 1 4 7 2 11 19 20 5 12 3 6 8 9 16 15 14 10 
student 65: 20 11 16 2 19 5 1 17 15 10 14 4 9 8 12 13 18 7 6 3 
student 66: 18 16 8 15 12 1 5 19 4 7 10 6 3 14 2 11 13 17 20 9 
student 67: 5 17 16 8 18 11 7 4 12 10 15 1 2 9 6 20 13 19 14 3 
student 68: 16 9 8 2 12 19 6 14 20 5 15 4 1 13 3 18 7 10 17 11 
student 69: 12 3 8 7 10 11 14 16 6 17 20 2 1 19 9 18 13 15 4 5 
student 70: 6 8 20 9 13 18 1 16 10 7 19 5 3 17 4 11 12 14 15 2 
student 71: 17 3 1 12 14 19 11 8 9 10 20 2 6 13 16 5 4 7 15 18 
student 72: 10 9 15 2 11 17 13 7 19 18 1 12 3 14 20 4 8 16 5 6 
student 73: 9 4 17 5 15 13 3 19 1 16 6 8 2 10 18 7 11 20 14 12 
student 74: 8 18 10 9 16 15 12 19 7 17 14 5 2 1 11 6 20 3 13 4 
student 75: 13 11 14 9 15 5 8 20 12 16 19 1 2 4 7 3 6 10 17 18 
student 76: 20 12 1 10 19 9 16 8 3 4 17 18 5 13 11 7 14 15 6 2 
student 77: 12 3 14 8 20 7 6 19 2 10 17 9 16 18 5 15 4 1 11 13 
student 78: 12 13 7 6 14 15 4 16 18 17 19 8 5 20 10 11 2 3 1 9 
student 79: 5 12 18 15 7 14 1 11 3 4 16 10 2 9 13 6 17 19 8 20 
student 80: 15 19 20 8 12 7 3 10 18 4 11 2 13 14 1 5 16 17 9 6 
student 81: 13 6 7 11 19 3 14 18 20 10 5 1 4 15 16 2 17 9 12 8 
student 82: 7 8 13 1 18 14 6 19 12 3 16 9 5 20 11 2 10 15 4 17 
student 83: 20 10 15 18 12 7 3 8 13 16 14 4 17 19 11 5 1 2 6 9 
student 84: 8 9 16 4 1 14 10 2 19 15 11 12 17 6 13 7 3 18 20 5 
student 85: 16 10 20 5 17 13 1 19 14 8 18 11 9 7 3 2 15 6 12 4 
student 86: 16 1 19 8 13 7 6 14 5 11 10 20 12 18 9 4 17 15 3 2 
student 87: 12 14 3 20 5 15 6 18 17 7 13 4 11 16 1 9 8 2 19 10 
student 88: 20 9 12 13 7 3 15 19 16 5 18 8 1 14 10 6 17 4 11 2 
student 89: 16 2 15 3 10 17 14 20 7 19 13 18 1 4 6 9 11 12 8 5 
student 90: 15 4 14 7 20 17 1 6 9 12 5 16 3 2 18 10 19 13 8 11 
student 91: 4 7 14 15 19 5 3 20 11 10 9 6 17 16 18 1 8 13 12 2 
student 92: 17 4 19 1 20 7 16 12 3 10 9 5 15 13 14 2 8 18 11 6 
student 93: 8 4 15 5 19 17 12 20 14 9 11 10 7 6 13 1 18 3 16 2 
student 94: 2 11 10 13 4 6 1 20 17 18 19 9 7 12 15 3 8 14 16 5 
student 95: 16 5 9 3 19 13 4 15 10 18 12 2 17 11 8 6 14 7 1 20 
student 96: 19 13 4 20 18 17 3 7 14 9 12 1 5 16 8 2 11 6 15 10 
student 97: 8 19 4 20 6 13 15 11 12 10 17 1 5 2 7 9 16 18 14 3 
student 98: 6 5 19 3 17 4 1 18 7 16 8 14 20 11 2 12 9 15 10 13 
student 99: 19 7 20 12 11 4 9 16 10 6 13 2 8 17 3 5 15 14 18 1 
student 100: 16 4 8 20 13 11 2 19 7 3 9 6 1 5 12 14 17 15 18 10 
student 101: 12 13 17 11 20 16 1 4 18 14 15 8 5 2 6 10 19 9 7 3 
student 102: 13 6 17 8 20 14 15 4 3 9 5 1 7 18 2 19 16 12 10 11 
student 103: 18 17 11 6 4 19 12 20 15 8 10 16 7 3 1 9 13 14 2 5 
student 104: 7 14 12 4 9 11 18 1 6 19 8 17 10 15 2 13 3 5 20 16 
student 105: 18 8 6 13 11 7 15 4 20 9 17 16 1 14 10 5 3 19 2 12 
student 106: 8 13 20 12 18 19 5 16 10 15 9 1 2 7 3 6 14 17 11 4 
student 107: 17 20 11 16 12 8 6 19 10 14 18 15 1 7 4 5 9 2 3 13 
student 108: 15 11 20 4 17 19 14 9 6 16 13 7 10 8 1 5 12 3 2 18 
student 109: 10 8 18 4 16 17 5 7 15 11 13 6 2 14 12 9 1 3 19 20 
student 110: 18 20 13 8 17 16 1 7 10 4 12 3 5 6 9 11 2 19 15 14 
student 111: 5 12 20 2 11 17 1 7 13 8 19 16 15 10 9 4 6 18 14 3 
student 112: 5 19 6 17 18 16 12 10 15 2 13 9 20 1 7 8 11 14 3 4 
student 113: 20 5 14 12 15 17 13 19 11 4 16 6 10 3 1 2 18 9 7 8 
student 114: 4 2 12 7 18 3 10 19 11 9 14 1 15 13 5 6 8 17 20 16 
student 115: 12 18 10 3 19 11 9 16 7 2 15 14 4 13 1 8 6 20 17 5 
student 116: 16 11 10 7 3 8 9 5 15 18 17 1 6 4 2 13 12 14 19 20 
student 117: 9 14 10 7 6 19 15 18 12 13 17 5 1 3 4 8 16 20 11 2 
student 118: 15 3 18 4 17 16 11 14 8 13 6 10 9 5 7 1 19 2 20 12 
student 119: 3 15 14 2 10 5 6 9 11 13 12 20 1 7 18 17 4 8 19 16 
student 120: 17 19 8 1 7 5 6 9 14 4 18 10 12 15 2 11 13 16 20 3 
student 121: 12 9 4 14 7 15 5 20 3 16 11 2 17 18 8 1 19 10 13 6 
student 122: 9 10 20 12 17 14 4 1 5 16 19 7 15 13 6 11 18 8 3 2 
student 123: 2 8 1 11 9 10 6 20 18 3 15 12 5 16 7 17 19 13 4 14 
student 124: 15 1 18 4 6 2 11 20 3 5 16 10 13 17 7 14 19 9 12 8 
student 125: 10 2 15 17 19 9 6 13 8 18 14 12 5 20 3 1 7 11 4 16 
student 126: 18 1 17 6 3 14 7 10 16 4 15 13 11 5 12 20 19 8 9 2 
student 127: 16 7 9 1 5 17 15 12 18 3 20 4 2 8 6 11 19 10 14 13 
student 128: 18 5 10 7 13 1 20 17 12 14 11 4 9 16 3 2 19 8 15 6 
student 129: 7 4 19 10 20 14 12 17 11 16 18 15 3 5 9 6 13 8 2 1 
student 130: 16 15 19 10 12 14 11 18 17 5 20 6 2 13 1 9 3 8 4 7 
student 131: 12 10 20 3 17 6 4 18 9 7 11 16 2 8 5 14 13 19 15 1 
student 132: 14 16 8 17 19 10 1 7 5 6 15 3 9 12 2 13 11 18 4 20 
student 133: 15 11 1 9 8 17 20 6 19 10 16 5 14 7 4 3 18 13 12 2 
student 134: 4 13 20 15 18 2 7 17 12 14 19 16 1 11 6 10 5 8 3 9 
student 135: 11 4 10 17 18 19 2 15 7 16 8 13 1 9 3 6 12 14 20 5 
student 136: 15 5 6 3 18 17 13 12 1 2 14 20 4 11 9 16 8 19 10 7 
student 137: 20 4 10 8 7 13 6 19 16 1 12 2 18 9 14 3 11 17 5 15 
student 138: 18 15 6 7 8 20 4 3 17 13 12 5 2 19 9 11 1 10 16 14 
student 139: 2 13 12 3 10 1 11 16 5 8 20 15 7 4 6 9 17 19 14 18 
student 140: 11 15 20 4 13 7 2 17 6 19 10 14 3 9 16 5 12 8 1 18 
student 141: 19 8 14 15 10 16 6 3 11 1 20 13 4 9 7 2 5 18 17 12 
student 142: 8 16 7 3 5 18 19 14 15 12 17 13 2 1 6 10 9 20 4 11 
student 143: 20 5 15 4 19 2 11 8 1 3 12 7 16 6 9 10 17 14 18 13 
student 144: 18 16 12 7 19 13 4 10 15 11 6 8 1 14 9 3 17 20 5 2 
student 145: 8 19 1 12 9 4 6 20 15 17 11 16 7 10 18 2 3 13 5 14 
student 146: 12 19 13 2 20 9 6 14 5 4 15 7 3 16 1 10 17 18 11 8 
student 147: 20 16 9 4 17 5 12 11 3 10 18 7 1 2 8 19 13 14 6 15 
student 148: 18 1 13 8 10 15 17 16 6 19 20 9 3 14 5 7 12 11 4 2 
student 149: 17 16 9 8 14 10 2 15 6 18 11 13 1 7 3 4 12 5 20 19 
student 150: 4 2 16 18 12 9 6 19 11 14 17 15 1 7 8 5 20 13 10 3 
student 151: 20 8 12 19 17 7 11 18 16 3 9 6 4 14 5 2 1 10 15 13 
student 152: 14 18 8 4 10 15 5 11 9 2 19 17 3 1 7 12 20 6 16 13 
student 153: 12 20 13 3 18 10 15 17 11 16 19 6 1 9 7 4 14 8 5 2 
student 154: 15 10 17 13 8 6 19 14 11 2 7 5 12 4 9 3 20 16 18 1 
student 155: 7 12 6 3 20 16 2 13 11 10 8 18 5 14 19 1 15 4 17 9 
student 156: 16 4 9 3 10 13 20 7 17 8 11 15 1 2 14 12 19 5 18 6 
student 157: 20 11 2 4 7 13 14 12 8 6 18 16 19 9 1 5 3 15 10 17 
student 158: 11 10 12 16 9 2 15 19 7 3 20 6 4 8 1 14 5 13 17 18 
student 159: 17 12 11 2 14 20 3 9 5 10 1 16 15 7 19 8 18 6 4 13 
student 160: 3 6 9 1 4 17 12 8 18 13 14 16 15 20 2 10 19 11 5 7 
student 161: 12 17 18 9 4 14 6 11 16 7 8 1 2 5 15 13 20 19 3 10 
student 162: 1 10 20 7 17 2 6 9 19 3 12 11 16 14 4 5 18 13 15 8 
student 163: 16 7 14 6 19 15 13 20 1 10 9 4 11 18 5 3 17 2 8 12 
student 164: 16 20 9 1 8 3 14 13 18 12 11 5 10 19 6 4 2 17 15 7 
student 165: 13 10 18 8 11 2 4 20 6 9 19 1 16 7 17 3 15 14 5 12 
student 166: 20 7 15 1 12 10 9 5 13 17 18 2 4 6 8 3 14 16 19 11 
student 167: 6 15 11 4 9 16 2 5 1 12 13 18 14 7 10 8 19 17 20 3 
student 168: 14 2 11 19 15 8 12 3 17 10 16 9 13 1 5 18 6 7 4 20 
student 169: 11 10 5 4 12 6 13 15 8 18 20 3 7 1 2 17 16 19 14 9 
student 170: 14 12 3 6 8 13 2 10 7 5 20 11 1 18 4 9 19 15 17 16 
student 171: 12 11 8 4 3 19 13 14 2 9 17 18 6 5 1 15 20 10 7 16 
student 172: 18 14 10 15 20 17 3 5 1 13 19 7 9 16 8 11 6 12 2 4 
student 173: 19 7 20 15 8 5 1 9 13 14 16 6 12 17 18 10 4 3 11 2 
student 174: 10 7 13 8 15 19 12 4 1 6 16 3 11 2 5 9 18 17 20 14 
student 175: 10 16 14 1 13 18 8 19 9 12 7 4 17 3 5 2 20 15 11 6 
student 176: 14 20 17 5 11 8 9 2 10 6 15 13 1 18 3 4 12 7 19 16 
student 177: 11 8 17 1 13 10 4 2 14 3 16 19 5 18 7 12 20 9 6 15 
student 178: 10 11 3 5 16 4 18 6 12 15 14 7 8 17 1 2 19 13 20 9 
student 179: 17 2 20 12 13 9 1 18 6 4 19 8 3 5 11 7 14 16 15 10 
student 180: 15 1 9 16 20 7 19 11 3 10 5 8 13 2 4 6 12 17 18 14 
student 181: 11 5 10 9 20 6 2 13 1 4 16 12 3 14 15 17 18 8 7 19 
student 182: 9 19 7 5 10 14 12 16 8 1 2 18 3 20 11 15 4 17 13 6 
student 183: 14 1 8 17 6 18 12 20 7 10 16 5 15 11 4 13 3 19 9 2 
student 184: 13 1 19 9 17 7 6 18 16 3 15 4 12 11 5 2 14 20 8 10 
student 185: 20 17 13 15 7 9 3 12 18 2 6 1 5 10 14 11 19 16 8 4 
student 186: 16 1 14 10 13 18 2 9 12 4 17 8 3 7 5 6 11 15 20 19 
student 187: 3 16 10 5 15 19 20 12 9 4 1 11 2 17 8 6 18 14 13 7 
student 188: 12 3 14 5 16 18 9 20 15 1 19 6 4 13 8 10 17 11 2 7 
student 189: 10 6 8 9 19 11 3 7 2 16 15 20 5 18 14 12 4 17 13 1 
student 190: 6 17 7 18 13 15 19 8 11 1 16 2 3 9 14 10 20 4 5 12 
student 191: 12 9 4 17 16 15 20 10 1 2 19 7 5 3 11 6 18 14 8 13 
student 192: 6 8 20 10 12 4 1 18 14 15 17 9 7 11 2 13 19 16 5 3 
student 193: 8 14 10 4 19 15 2 16 6 12 9 17 5 11 1 3 20 7 13 18 
student 194: 20 12 1 14 10 6 16 18 17 8 15 4 3 11 7 13 2 19 9 5 
student 195: 8 18 14 2 16 11 7 20 6 19 3 10 1 15 5 17 9 12 4 13 
student 196: 9 2 18 7 8 3 5 15 12 10 19 1 16 14 4 11 6 17 20 13 
student 197: 19 11 17 9 10 18 20 16 6 8 1 7 12 13 3 14 5 15 2 4 
student 198: 16 18 1 15 19 13 12 3 5 2 20 10 7 14 8 11 17 6 9 4 
student 199: 8 7 10 18 20 1 9 19 14 3 15 17 5 16 4 12 13 11 2 6 
student 200: 19 8 18 14 11 20 12 6 7 5 17 9 3 13 4 1 16 10 15 2 
student 201: 3 18 9 2 16 8 20 10 11 4 17 5 7 12 13 19 6 15 14 1 
student 202: 12 2 18 13 11 4 9 17 8 7 19 5 1 16 3 6 20 15 14 10 
student 203: 4 2 13 6 18 7 9 15 11 8 12 1 14 10 5 16 20 17 3 19 
student 204: 10 6 17 2 15 14 5 9 12 3 19 8 18 11 16 1 7 13 4 20 
student 205: 12 19 2 14 11 16 8 17 4 10 20 15 13 6 9 3 5 7 1 18 
student 206: 4 19 20 8 10 1 2 16 5 11 17 13 3 6 12 7 15 18 14 9 
student 207: 17 13 3 9 20 8 4 16 19 18 11 10 6 15 2 7 14 5 1 12 
student 208: 7 17 16 5 15 13 14 11 19 12 8 10 20 18 3 1 4 9 6 2 
student 209: 2 11 20 1 13 12 15 17 14 6 9 10 5 18 4 19 16 8 7 3 
student 210: 6 15 20 11 7 3 16 19 17 10 13 9 2 12 4 8 14 1 18 5 
student 211: 13 14 12 1 11 15 3 7 6 18 16 17 2 5 8 4 20 19 10 9 
student 212: 20 18 9 1 4 14 17 2 13 6 10 11 16 7 12 5 19 3 15 8 
student 213: 16 18 11 7 19 17 14 3 12 1 15 8 5 6 10 2 9 20 13 4 
student 214: 18 13 15 10 11 8 7 16 2 5 12 3 20 4 1 19 17 9 6 14 
student 215: 10 11 9 3 6 19 1 12 20 13 18 8 2 16 5 15 17 7 4 14 
student 216: 17 16 19 9 3 12 18 14 15 2 13 11 1 5 4 7 10 20 6 8 
student 217: 2 1 9 3 10 18 5 20 12 11 16 19 13 14 4 8 7 6 17 15 
student 218: 8 17 13 19 20 18 7 16 5 10 14 9 2 1 3 4 6 12 11 15 
student 219: 18 3 14 5 4 20 13 17 15 9 8 2 16 10 6 1 12 7 11 19 
student 220: 8 6 9 12 20 17 11 18 10 2 13 14 1 15 3 19 7 4 16 5 
student 221: 20 8 13 7 12 3 5 19 15 9 18 6 16 2 1 17 14 10 4 11 
student 222: 12 13 17 9 19 14 16 15 10 7 20 4 3 11 1 8 18 6 5 2 
student 223: 1 10 19 9 11 15 17 16 13 14 7 5 2 4 6 8 20 18 12 3 
student 224: 1 13 8 14 17 16 10 3 18 9 11 7 4 2 5 6 20 15 19 12 
student 225: 9 1 17 8 11 7 6 20 10 2 4 3 5 15 19 14 18 12 13 16 
student 226: 13 1 19 6 5 20 10 8 12 16 14 2 3 15 4 9 18 17 7 11 
student 227: 20 10 8 3 16 18 12 13 6 15 2 11 4 9 5 1 19 7 17 14 
student 228: 13 1 14 4 12 8 6 2 11 7 9 19 3 15 5 20 17 18 16 10 
student 229: 20 17 7 13 14 16 5 19 1 2 12 9 3 15 6 4 18 8 10 11 
student 230: 7 9 3 18 13 20 5 19 4 15 17 6 16 12 11 1 14 2 10 8 
student 231: 19 10 7 1 15 8 12 20 3 14 16 9 11 13 2 4 5 17 6 18 
student 232: 11 20 8 3 9 18 2 15 17 6 13 10 1 12 5 4 19 7 16 14 
student 233: 2 14 4 5 12 8 7 15 16 17 19 6 9 13 11 3 1 18 20 10 
student 234: 1 9 3 12 11 2 13 20 19 6 17 4 5 7 8 10 16 15 14 18 
student 235: 14 17 19 15 20 12 13 16 5 2 18 6 4 9 3 8 11 7 10 1 
student 236: 18 7 2 14 9 16 11 17 12 5 15 8 10 20 3 4 19 1 6 13 
student 237: 7 20 16 13 14 15 4 12 1 9 6 5 17 19 3 2 8 10 18 11 
student 238: 12 18 16 8 1 15 7 5 17 13 14 10 4 19 2 9 20 6 11 3 
student 239: 15 11 6 12 14 17 9 10 16 7 4 2 5 8 1 18 13 20 19 3 
student 240: 18 3 17 7 15 9 13 12 19 1 20 5 4 14 8 10 6 16 2 11 
student 241: 14 18 10 3 8 9 16 11 15 4 17 2 6 5 13 20 12 19 7 1 
student 242: 20 9 5 1 4 16 12 17 18 3 19 11 15 2 10 8 7 6 14 13 
student 243: 17 8 11 16 1 2 9 12 5 4 20 14 15 18 13 6 19 3 10 7 
student 244: 4 5 17 1 3 19 7 13 18 14 8 6 16 11 9 2 20 15 12 10 
student 245: 19 12 5 3 7 17 10 6 2 20 15 16 4 1 13 9 8 11 14 18 
student 246: 10 11 15 8 18 7 20 16 6 12 19 3 17 2 9 13 14 4 1 5 
student 247: 20 14 7 12 15 9 3 6 5 10 19 2 1 18 8 16 13 4 17 11 
student 248: 8 2 5 15 20 18 6 16 17 11 7 4 14 12 1 19 13 3 10 9 
student 249: 17 20 13 3 2 12 18 4 5 7 19 15 1 16 10 8 14 6 9 11 
student 250: 20 12 9 13 3 19 8 14 10 1 16 5 2 7 4 11 17 15 18 6 
student 251: 6 4 13 2 3 17 9 12 10 16 20 15 8 5 14 18 19 11 7 1 
student 252: 2 5 20 17 7 4 18 16 6 3 14 1 13 19 11 10 15 12 8 9 
student 253: 8 2 9 12 17 11 5 18 3 4 16 1 10 13 7 6 19 20 15 14 
student 254: 18 12 2 5 13 15 10 16 6 8 20 7 9 4 14 3 17 11 19 1 
student 255: 5 11 18 7 17 4 14 3 20 9 10 16 6 12 2 8 19 13 15 1 
student 256: 18 7 19 3 5 17 12 15 1 8 11 13 6 2 14 4 10 16 9 20 
student 257: 8 5 18 2 14 7 12 17 20 6 9 10 1 19 3 13 11 16 4 15 
student 258: 20 6 7 5 10 4 9 16 14 2 15 11 18 12 17 13 19 1 8 3 
student 259: 13 12 11 7 18 16 3 15 9 19 17 10 1 6 2 5 14 20 8 4 
student 260: 19 5 7 6 15 20 4 11 17 13 9 2 18 3 1 12 14 8 16 10 
student 261: 16 15 10 2 19 11 14 1 20 9 12 7 5 4 6 3 18 17 13 8 
student 262: 6 2 10 12 13 3 14 5 17 15 20 18 8 7 4 11 16 19 9 1 
student 263: 19 11 16 8 12 7 1 10 13 6 18 3 2 17 4 5 15 20 14 9 
student 264: 1 9 4 5 18 19 14 7 20 12 17 16 6 10 13 3 2 8 15 11 
student 265: 19 2 20 7 13 14 6 11 1 10 8 9 4 15 3 18 17 16 5 12 
student 266: 4 8 19 7 17 18 2 12 6 5 14 15 3 20 16 11 9 13 10 1 
student 267: 2 4 16 10 12 8 3 20 19 11 13 6 17 7 14 18 5 15 1 9 
student 268: 16 19 8 5 11 14 2 13 4 7 12 18 9 15 1 3 10 17 6 20 
student 269: 7 15 20 3 14 1 5 12 6 13 19 4 17 8 2 9 18 10 11 16 
student 270: 14 11 15 16 13 17 9 20 6 12 10 4 5 7 1 19 18 8 3 2 
student 271: 7 13 16 4 8 9 10 20 11 17 5 12 3 18 15 6 19 1 14 2 
student 272: 15 6 2 3 14 19 11 20 16 7 5 12 8 18 9 13 17 4 1 10 
student 273: 15 18 19 16 1 13 5 4 10 12 14 17 7 8 6 2 20 3 11 9 
student 274: 6 3 16 2 14 10 9 13 20 7 15 17 1 18 8 12 5 19 11 4 
student 275: 6 7 3 4 20 12 9 1 16 18 17 19 11 5 10 13 15 2 8 14 
student 276: 18 12 8 16 13 9 4 20 14 2 15 10 5 11 3 19 7 1 6 17 
student 277: 18 17 15 8 13 16 1 2 5 4 12 6 19 20 3 7 10 14 11 9 
student 278: 7 11 12 1 10 8 20 13 6 2 18 3 14 4 5 9 17 19 15 16 
student 279: 20 13 17 7 18 15 8 6 2 1 19 10 3 16 11 5 9 12 14 4 
student 280: 12 2 18 17 19 10 20 16 11 6 5 3 1 14 7 15 13 9 4 8 
student 281: 12 10 20 7 17 9 6 4 18 15 13 19 3 11 5 8 14 16 1 2 
student 282: 10 4 18 12 16 1 5 17 9 7 15 20 14 8 13 3 2 6 19 11 
student 283: 19 20 16 5 17 9 10 14 11 8 18 1 7 6 3 2 4 12 13 15 
student 284: 9 11 17 14 15 16 2 5 13 1 10 12 7 6 18 3 20 4 19 8 
student 285: 2 15 12 1 13 3 8 19 7 4 10 5 9 18 11 17 16 14 6 20 
student 286: 18 8 14 10 19 16 9 17 6 1 12 20 2 4 15 5 13 11 7 3 
student 287: 19 6 17 14 20 8 13 4 16 2 18 10 5 1 3 7 15 11 9 12 
student 288: 15 19 20 4 6 13 8 17 9 7 2 5 14 3 10 11 1 12 18 16 
student 289: 14 2 20 19 13 7 8 12 4 9 16 17 6 1 15 5 3 18 10 11 
student 290: 3 8 17 18 20 9 11 13 14 19 16 15 2 12 10 5 7 6 4 1 
student 291: 19 10 18 5 20 6 8 17 16 11 7 14 1 15 12 13 4 2 9 3 
student 292: 16 18 11 6 20 17 2 10 15 1 19 13 5 9 3 4 14 12 7 8 
student 293: 13 19 18 15 11 2 3 10 8 5 17 7 6 1 9 16 12 4 20 14 
student 294: 11 9 12 15 20 3 6 17 2 8 16 4 5 1 19 10 14 13 7 18 
student 295: 16 14 17 3 9 7 11 15 10 20 18 1 8 6 5 13 19 2 4 12 
student 296: 2 4 20 8 15 16 13 18 9 11 19 6 1 12 5 7 3 17 10 14 
student 297: 2 1 8 9 4 20 10 12 14 16 17 15 11 19 13 5 6 7 3 18 
student 298: 10 3 20 5 8 6 17 9 4 19 11 13 7 2 12 18 14 15 1 16 
student 299: 10 8 11 1 17 6 9 20 16 7 18 5 4 3 2 15 19 13 12 14 
student 300: 19 10 7 4 13 6 12 11 20 15 18 14 1 16 2 3 8 9 5 17 
student 301: 9 18 1 4 12 11 3 15 2 10 13 16 7 5 8 6 14 17 19 20 
student 302: 16 13 7 1 10 6 5 18 12 11 20 8 17 15 9 4 19 2 3 14 
student 303: 1 10 3 14 6 20 2 18 4 13 8 9 5 15 17 11 16 19 12 7 
student 304: 20 5 10 2 6 18 19 14 16 3 1 9 12 17 4 8 11 7 13 15 
student 305: 3 9 13 4 16 10 17 1 2 12 11 6 14 19 5 20 8 15 18 7 
student 306: 17 4 16 11 13 8 9 20 7 18 19 15 1 12 14 3 10 2 5 6 
student 307: 19 9 5 3 11 16 10 14 13 12 8 4 1 18 6 2 20 7 15 17 
student 308: 1 14 19 5 2 15 13 11 6 7 10 4 16 20 3 9 12 8 18 17 
student 309: 9 2 6 7 3 4 13 17 11 12 10 14 18 8 1 19 20 16 15 5 
student 310: 15 5 11 6 16 4 10 13 18 20 17 9 8 12 2 1 3 19 7 14 
student 311: 7 4 12 3 8 16 14 18 9 5 15 1 11 19 17 2 20 6 13 10 
student 312: 9 12 17 2 14 7 19 13 16 1 20 5 4 15 6 8 11 18 3 10 
student 313: 1 5 11 4 17 18 14 10 6 8 15 19 16 7 3 9 20 12 2 13 
student 314: 8 6 7 5 9 13 17 1 2 14 16 11 18 12 4 19 20 15 10 3 
student 315: 7 4 12 1 10 3 16 18 8 17 14 9 2 11 5 6 19 15 20 13 
student 316: 3 14 9 20 1 12 7 15 18 17 10 8 5 13 2 6 19 16 4 11 
student 317: 17 6 11 3 15 12 2 7 13 4 19 10 1 8 5 9 20 14 16 18 
student 318: 7 14 15 18 6 1 4 13 19 17 2 20 3 5 11 16 9 8 12 10 
student 319: 15 4 20 5 18 16 12 17 11 2 7 13 8 6 3 19 14 9 1 10 
student 320: 17 14 2 3 15 11 20 8 16 5 13 1 4 7 12 10 18 19 9 6 
student 321: 5 2 20 7 9 8 18 1 13 14 17 4 6 11 16 10 15 19 12 3 
student 322: 15 12 14 19 17 16 13 11 6 9 20 2 1 7 18 4 10 5 8 3 
student 323: 12 17 16 8 19 7 11 9 4 2 18 20 5 10 15 6 13 1 14 3 
student 324: 15 11 14 8 17 18 4 12 10 3 19 9 5 7 6 1 20 16 13 2 
student 325: 8 15 17 12 18 11 1 7 16 9 20 4 10 2 13 6 19 5 3 14 
student 326: 19 7 13 14 20 12 17 18 4 3 15 6 8 9 1 2 16 5 11 10 
student 327: 11 8 18 12 16 10 2 6 17 13 4 7 14 5 15 3 1 19 20 9 
student 328: 6 19 17 16 20 13 5 11 12 4 14 3 10 9 2 1 18 15 7 8 
student 329: 2 17 7 20 18 9 12 14 5 3 10 16 11 13 6 1 15 4 19 8 
student 330: 17 14 4 1 9 15 2 10 3 18 11 5 20 6 13 12 19 7 8 16 
student 331: 7 6 16 4 10 17 13 20 15 1 14 11 19 12 2 3 9 18 5 8 
student 332: 16 4 14 1 19 10 12 20 18 2 11 17 3 7 15 13 6 8 9 5 
student 333: 17 7 12 19 11 4 6 16 1 8 3 13 9 15 14 2 5 18 10 20 
student 334: 18 13 10 2 17 19 16 1 5 3 7 11 12 4 9 14 8 15 20 6 
student 335: 13 6 20 11 1 8 16 19 3 15 7 5 9 17 10 4 18 14 12 2 
student 336: 15 3 20 14 16 7 12 19 17 10 9 8 5 13 6 1 18 4 11 2 
student 337: 17 20 5 12 2 16 15 8 6 11 13 18 1 7 10 4 14 19 3 9 
student 338: 20 10 12 7 17 19 14 18 9 4 15 3 1 6 16 13 5 2 8 11 
student 339: 5 1 17 7 15 10 2 9 4 19 13 8 3 6 20 12 16 18 11 14 
student 340: 20 14 12 8 17 16 13 5 2 1 10 3 9 15 4 7 6 19 11 18 
student 341: 14 16 19 10 11 13 18 12 3 7 17 4 2 9 5 6 20 15 1 8 
student 342: 7 13 18 4 20 16 6 17 3 1 10 8 9 2 14 11 5 12 19 15 
student 343: 2 8 19 4 3 15 1 17 11 9 18 20 7 16 5 12 6 14 13 10 
student 344: 16 20 12 6 3 11 13 17 19 9 15 4 1 18 7 5 14 8 2 10 
student 345: 19 11 20 1 5 13 4 12 6 18 7 3 2 10 15 16 9 14 17 8 
student 346: 3 1 17 16 14 7 5 20 4 19 2 11 6 13 9 10 18 8 12 15 
student 347: 15 8 16 1 13 10 4 9 12 19 6 5 3 18 2 11 14 20 7 17 
student 348: 17 3 10 4 15 19 1 12 11 5 13 16 2 7 14 8 20 6 18 9 
student 349: 14 3 7 9 11 1 2 15 19 17 10 6 8 13 5 12 4 20 16 18 
student 350: 11 13 18 9 7 16 5 10 19 3 12 1 8 6 4 2 20 17 15 14 
student 351: 15 18 3 1 20 17 6 10 7 9 14 19 16 11 5 8 13 12 2 4 
student 352: 16 8 14 7 6 4 2 19 9 15 11 5 1 18 12 3 13 10 20 17 
student 353: 9 2 1 16 4 3 6 14 20 8 15 10 13 19 5 7 18 12 11 17 
student 354: 16 4 12 6 19 8 3 20 14 13 10 9 5 18 1 11 2 17 7 15 
student 355: 10 3 12 6 2 17 15 19 16 4 14 8 1 20 13 5 7 9 11 18 
student 356: 3 15 12 10 17 5 7 11 1 20 13 8 4 9 14 6 2 16 19 18 
student 357: 7 2 10 19 18 15 16 4 11 1 20 9 13 5 6 8 17 3 12 14 
student 358: 14 1 19 4 17 18 2 9 10 11 3 6 16 13 15 12 20 7 8 5 
student 359: 14 4 10 5 13 19 8 6 7 17 11 16 2 12 3 15 18 20 9 1 
student 360: 1 6 8 2 17 4 3 16 11 20 18 7 14 19 5 15 9 13 10 12 
student 361: 11 19 20 4 8 2 5 14 18 3 17 13 1 6 9 12 16 10 7 15 
student 362: 10 1 18 7 20 17 3 16 2 6 15 8 5 13 4 9 11 14 19 12 
student 363: 2 20 17 5 14 16 6 10 9 15 19 12 18 3 11 4 13 8 7 1 
student 364: 11 17 2 1 5 10 13 3 12 9 18 15 6 16 7 4 14 19 8 20 
student 365: 14 17 11 10 5 3 1 13 20 19 15 2 4 18 8 6 16 12 7 9 
student 366: 7 14 18 5 10 12 4 13 19 9 11 6 16 2 1 20 3 8 17 15 
student 367: 19 3 15 2 17 18 14 9 10 12 11 5 8 20 1 6 16 13 4 7 
student 368: 3 18 4 11 13 12 7 14 5 9 17 16 1 20 2 6 15 8 10 19 
student 369: 14 4 19 2 9 16 13 11 8 1 18 3 5 7 6 12 10 17 15 20 
student 370: 11 20 12 15 10 8 13 16 9 4 18 6 2 7 19 5 17 14 1 3 
student 371: 9 20 16 11 1 19 6 17 12 8 14 4 7 18 13 5 10 15 3 2 
student 372: 17 11 12 4 15 14 2 6 1 18 10 7 5 9 3 13 20 8 19 16 
student 373: 9 15 19 2 17 16 18 4 11 20 13 8 5 1 12 3 10 6 7 14 
student 374: 15 20 17 3 11 6 10 4 9 16 12 8 2 19 5 1 18 14 13 7 
student 375: 20 7 10 6 9 5 15 18 16 14 12 13 2 3 4 1 8 19 17 11 
student 376: 20 5 14 2 4 17 8 16 18 15 13 6 12 1 3 11 10 19 7 9 
student 377: 4 13 16 12 18 11 17 10 7 20 6 5 3 19 9 1 15 14 2 8 
student 378: 6 15 17 13 9 7 1 18 2 5 14 12 20 3 4 8 11 16 19 10 
student 379: 20 3 16 7 9 2 10 18 6 17 19 8 13 11 5 1 12 14 4 15 
student 380: 20 7 12 11 5 10 2 18 9 8 17 4 1 6 15 3 14 19 13 16 
student 381: 20 6 7 10 13 1 5 16 2 9 14 15 3 4 12 17 8 11 18 19 
student 382: 14 17 4 6 18 20 1 13 5 3 19 7 2 10 9 8 16 15 12 11 
student 383: 2 14 15 13 6 18 19 5 7 10 9 8 3 20 1 17 16 12 11 4 
student 384: 12 1 20 5 11 2 17 14 16 10 13 6 4 18 3 9 19 8 7 15 
student 385: 16 6 19 7 15 11 20 5 18 2 12 1 4 9 10 8 17 13 3 14 
student 386: 4 18 14 2 11 9 16 5 1 20 17 8 7 13 12 10 3 6 19 15 
student 387: 16 15 11 3 14 8 5 7 13 1 18 2 6 20 9 10 19 12 4 17 
student 388: 9 13 11 2 16 5 10 7 4 1 14 6 15 19 3 12 17 20 18 8 
student 389: 17 14 18 4 20 19 7 8 15 16 13 9 10 11 1 2 3 5 6 12 
student 390: 10 7 11 14 17 4 18 9 12 3 20 6 2 15 8 5 19 16 13 1 
student 391: 10 4 15 12 18 9 5 20 6 8 7 17 2 3 16 11 14 13 19 1 
student 392: 17 5 16 19 15 2 12 8 13 11 1 7 10 9 6 3 18 14 20 4 
student 393: 12 3 20 1 14 18 11 6 10 4 17 7 15 2 8 16 13 19 9 5 
student 394: 13 16 15 17 18 1 8 19 6 3 4 7 12 10 5 2 20 9 14 11 
student 395: 4 19 5 20 12 16 9 6 10 17 13 15 3 2 1 7 18 14 11 8 
student 396: 19 3 12 10 2 14 16 20 18 13 17 8 7 9 4 1 6 11 15 5 
student 397: 16 20 17 2 15 1 10 19 8 3 4 12 14 9 6 7 18 11 13 5 
student 398: 2 14 5 4 6 20 3 13 7 17 9 8 1 10 12 16 11 15 18 19 
student 399: 10 16 4 6 17 3 19 20 14 11 8 9 5 18 1 15 7 13 2 12 
student 400: 19 5 18 3 20 16 9 7 2 12 13 11 17 8 14 10 15 6 4 1 
student 401: 14 2 1 3 11 16 13 10 20 4 18 8 17 15 9 19 12 6 5 7 
student 402: 14 3 15 5 17 9 11 13 10 18 20 12 4 8 1 19 2 16 6 7 
student 403: 17 10 12 7 16 20 4 13 5 18 3 8 1 11 2 6 14 19 15 9 
student 404: 5 12 14 3 19 11 13 10 8 2 17 16 1 7 4 6 20 9 15 18 
student 405: 13 14 9 2 15 17 11 18 16 10 7 3 12 8 5 4 20 19 1 6 
student 406: 17 14 15 5 19 12 7 20 9 2 16 8 1 6 3 10 4 11 13 18 
student 407: 15 10 13 8 9 14 18 3 19 2 17 6 16 12 4 5 11 1 20 7 
student 408: 17 15 5 16 12 9 3 19 6 7 20 1 4 13 8 2 14 18 11 10 
student 409: 1 3 16 6 19 8 7 11 18 14 9 17 4 10 2 5 15 12 20 13 
student 410: 13 10 16 5 18 15 3 11 17 20 19 7 8 1 6 14 9 4 12 2 
student 411: 13 10 16 14 20 15 7 11 18 6 5 8 2 12 1 9 19 3 17 4 
student 412: 17 6 10 11 20 9 8 7 15 18 5 16 13 2 3 1 12 19 14 4 
student 413: 14 11 13 7 19 18 1 16 8 2 17 5 4 9 12 15 20 6 3 10 
student 414: 4 2 6 10 8 1 3 14 16 18 13 17 9 20 15 7 11 19 5 12 
student 415: 13 3 17 5 16 12 14 6 20 15 4 9 2 7 10 1 19 11 18 8 
student 416: 19 3 16 5 11 18 7 20 2 4 14 12 1 8 13 15 10 6 17 9 
student 417: 18 9 20 6 4 16 1 19 5 13 2 11 14 15 3 8 7 12 10 17 
student 418: 10 15 7 9 16 3 13 5 4 20 19 17 8 1 2 6 12 11 18 14 
student 419: 6 9 1 13 19 18 10 15 17 4 16 8 7 5 12 14 2 3 11 20 
student 420: 17 5 20 19 16 11 10 18 1 14 4 13 2 8 3 6 7 15 12 9 
student 421: 12 7 16 6 15 14 4 20 13 8 11 3 19 2 9 10 1 18 17 5 
student 422: 14 13 5 18 17 12 15 9 20 2 19 1 4 10 8 11 7 16 6 3 
student 423: 15 10 13 9 1 11 7 19 5 20 8 12 6 3 2 4 17 18 14 16 
student 424: 19 2 15 13 5 18 1 3 16 7 14 6 8 10 11 20 9 12 4 17 
student 425: 7 9 14 1 16 19 2 17 11 6 18 3 4 12 8 20 5 13 15 10 
student 426: 5 15 17 4 3 9 1 19 18 13 12 7 6 10 16 2 8 11 14 20 
student 427: 17 9 20 16 14 1 8 19 11 15 6 4 2 7 10 3 18 12 13 5 
student 428: 4 10 7 17 14 3 11 19 13 8 15 12 1 9 16 5 20 6 2 18 
student 429: 2 16 1 3 5 4 9 19 14 12 10 7 18 13 6 11 15 17 20 8 
student 430: 7 4 6 8 20 3 10 18 11 15 5 12 1 9 16 19 13 17 2 14 
student 431: 1 8 14 3 11 13 10 2 19 15 12 6 5 17 7 20 4 16 18 9 
student 432: 13 4 6 7 18 1 17 16 15 14 19 20 5 3 10 12 2 9 11 8 
student 433: 9 15 13 3 11 10 8 16 6 1 17 20 19 7 12 4 18 5 14 2 
student 434: 16 11 12 2 5 6 1 15 17 9 20 19 4 10 18 8 7 3 14 13 
student 435: 5 4 7 9 20 19 1 18 6 10 11 12 17 2 16 8 14 3 15 13 
student 436: 20 5 9 16 14 11 6 7 17 18 10 13 15 2 1 3 8 19 12 4 
student 437: 11 14 7 9 15 16 2 18 3 4 17 12 1 5 13 10 8 20 6 19 
student 438: 8 20 17 4 13 16 9 15 5 11 18 14 12 19 1 2 10 3 6 7 
student 439: 16 11 12 5 19 15 9 13 10 18 3 4 14 7 2 6 20 17 1 8 
student 440: 5 9 17 18 16 3 8 6 4 20 19 12 1 7 15 14 11 10 13 2 
student 441: 18 13 7 6 15 3 5 20 19 14 8 4 1 10 12 2 16 9 11 17 
student 442: 18 15 17 14 4 6 1 16 10 2 5 20 3 19 11 8 12 7 13 9 
student 443: 12 20 18 14 11 4 2 17 8 16 7 1 5 9 3 10 15 13 19 6 
student 444: 11 6 19 3 18 8 4 15 1 12 17 16 14 10 2 13 20 5 9 7 
student 445: 9 18 19 7 14 12 1 8 15 4 20 10 2 11 6 16 17 13 3 5 
student 446: 14 16 13 20 12 17 7 15 9 1 3 10 4 18 19 11 6 8 2 5 
student 447: 15 10 1 20 11 5 6 16 2 14 9 8 18 13 3 7 17 19 12 4 
student 448: 13 4 18 6 20 19 8 16 7 2 17 5 3 11 1 15 12 14 10 9 
student 449: 9 19 5 15 14 20 2 17 12 4 8 3 13 10 6 1 11 18 7 16 
student 450: 13 4 9 6 3 15 2 16 14 7 10 1 17 20 11 5 18 19 12 8 
student 451: 14 7 18 9 19 10 3 5 11 8 6 12 17 16 2 4 13 20 1 15 
student 452: 19 7 16 5 13 11 4 3 14 9 18 15 2 6 1 10 20 17 12 8 
student 453: 15 16 4 7 14 8 9 17 1 19 20 13 2 10 3 5 18 12 6 11 
student 454: 17 14 10 7 16 6 19 20 1 18 11 2 3 12 5 8 13 15 9 4 
student 455: 7 20 19 5 4 8 18 13 10 15 17 6 2 14 9 1 16 11 3 12 
student 456: 20 13 18 10 14 6 2 16 17 11 19 15 5 12 7 4 9 8 3 1 
student 457: 14 4 8 11 7 19 6 15 3 18 1 20 12 2 5 16 13 17 9 10 
student 458: 15 14 3 2 13 5 4 16 10 20 19 12 7 17 6 11 18 9 8 1 
student 459: 7 2 18 20 19 11 4 13 9 16 15 1 10 8 3 5 14 12 6 17 
student 460: 9 12 10 4 16 2 20 1 8 11 19 5 13 17 3 14 18 6 7 15 
student 461: 20 4 9 16 19 17 10 8 12 2 13 14 3 7 5 6 11 15 18 1 
student 462: 12 7 20 14 10 11 13 3 5 4 6 15 2 8 16 9 18 19 1 17 
student 463: 4 1 20 2 13 12 3 6 10 17 19 16 7 15 11 18 8 5 14 9 
student 464: 15 19 18 5 12 13 8 7 14 2 16 10 1 4 9 11 20 17 3 6 
student 465: 10 2 4 6 9 19 17 13 8 18 11 16 14 15 5 7 3 12 20 1 
student 466: 13 1 15 18 10 19 14 2 11 4 7 12 6 20 16 9 17 8 5 3 
student 467: 20 1 3 8 16 4 6 5 19 15 14 11 2 13 7 9 12 10 17 18 
student 468: 5 6 17 3 16 7 12 19 14 4 18 9 1 20 2 8 13 10 11 15 
student 469: 18 11 6 1 12 19 16 20 5 9 17 2 7 15 3 14 13 4 8 10 
student 470: 20 14 15 6 8 12 7 13 17 5 18 2 4 19 1 11 9 10 16 3 
student 471: 20 1 15 18 16 10 4 8 12 11 19 9 17 2 6 3 14 7 5 13 
student 472: 8 18 14 13 7 17 2 11 12 19 9 4 15 10 3 5 20 1 6 16 
student 473: 5 2 9 1 18 19 3 16 14 6 13 12 15 11 7 4 20 8 17 10 
student 474: 14 6 20 7 19 8 2 4 12 13 10 11 5 16 9 1 17 15 18 3 
student 475: 15 18 17 6 20 10 7 8 19 2 11 3 4 12 14 5 9 13 1 16 
student 476: 6 15 18 1 17 12 16 14 13 10 9 5 2 3 4 11 20 8 19 7 
student 477: 1 15 20 2 18 6 8 16 7 9 13 11 3 17 10 5 19 12 14 4 
student 478: 20 9 1 2 8 17 15 3 11 4 13 5 6 10 14 19 18 12 16 7 
student 479: 4 5 1 18 14 13 12 17 19 6 11 8 2 7 9 16 15 20 3 10 
student 480: 20 13 4 3 19 12 15 17 6 8 2 1 9 7 18 5 14 11 16 10 
student 481: 2 19 9 7 18 11 4 3 17 16 20 10 13 14 8 12 5 15 6 1 
student 482: 17 8 14 6 19 12 7 11 3 9 18 2 10 4 13 16 5 20 1 15 
student 483: 10 18 11 4 16 19 7 13 3 20 8 9 14 17 1 6 5 12 15 2 
student 484: 9 6 12 20 14 17 3 8 4 13 15 19 1 5 2 10 18 11 16 7 
student 485: 6 15 17 20 14 18 4 11 8 3 7 5 2 13 1 9 19 12 16 10 
student 486: 19 18 11 4 13 10 1 15 8 12 16 5 6 9 20 7 14 17 3 2 
student 487: 16 17 3 15 13 5 9 10 20 12 8 11 4 2 7 1 14 6 18 19 
student 488: 15 18 8 7 17 12 13 2 14 16 5 6 1 9 4 3 20 19 11 10 
student 489: 13 6 9 15 14 5 2 17 18 11 12 19 3 1 10 20 16 8 7 4 
student 490: 7 17 12 3 16 8 1 19 11 14 20 10 2 15 5 6 9 4 13 18 
student 491: 16 3 14 6 5 15 10 17 19 1 7 2 11 8 9 20 18 12 13 4 
student 492: 8 1 20 5 17 16 15 11 9 18 2 6 12 10 3 4 14 13 19 7 
student 493: 7 10 20 9 14 12 5 11 16 3 15 19 13 1 6 2 4 17 18 8 
student 494: 19 17 5 1 20 2 12 10 18 14 13 9 3 15 11 7 4 8 6 16 
student 495: 9 7 16 10 5 14 6 18 12 15 20 1 4 13 2 3 19 8 17 11 
student 496: 15 5 16 12 13 9 2 17 10 1 11 3 7 18 20 6 19 14 4 8 
student 497: 8 9 6 15 19 14 10 18 2 1 16 11 3 20 4 7 17 12 5 13 
student 498: 18 6 14 8 19 10 3 20 4 7 16 9 2 15 5 1 17 11 13 12 
student 499: 10 3 20 6 18 7 11 15 14 19 17 12 5 2 4 13 8 9 16 1 
student 500: 18 5 16 2 1 11 4 13 8 12 15 10 6 17 3 14 19 7 9 20 
student 501: 7 11 16 17 15 3 13 5 2 8 19 18 6 1 20 12 14 4 9 10 
student 502: 12 6 19 4 14 10 15 16 11 8 20 5 13 18 2 3 7 9 1 17 
student 503: 1 19 18 4 20 3 8 11 16 10 6 7 13 2 5 15 17 14 9 12 
student 504: 15 2 11 14 10 18 4 12 13 17 6 9 1 3 7 19 16 20 8 5 
student 505: 11 5 7 10 20 14 3 19 4 8 13 18 9 16 15 12 2 17 1 6 
student 506: 13 14 3 8 6 15 10 12 18 11 20 7 2 19 1 4 17 5 9 16 
student 507: 15 6 2 17 13 18 8 14 20 1 7 19 3 16 4 5 11 9 12 10 
student 508: 10 11 4 3 13 6 20 14 5 16 17 18 7 2 15 12 1 8 9 19 
student 509: 12 1 8 2 13 6 7 20 4 15 18 11 5 17 16 10 19 14 3 9 
student 510: 11 9 16 10 18 14 3 19 13 1 12 6 2 15 5 17 20 4 7 8 
student 511: 2 3 12 6 19 4 1 9 13 5 16 20 11 8 14 15 17 18 10 7 
student 512: 5 2 4 1 9 13 3 10 7 6 20 8 17 14 16 18 11 19 12 15 
student 513: 1 18 2 12 16 17 9 19 7 15 14 3 6 8 10 5 11 20 13 4 
student 514: 18 5 17 15 14 9 11 1 7 19 10 2 4 8 12 6 20 3 13 16 
student 515: 11 14 18 1 13 5 4 10 7 2 8 6 19 3 9 12 20 17 15 16 
student 516: 10 8 20 4 1 18 7 6 19 13 12 3 14 5 2 11 15 17 16 9 
student 517: 19 1 20 6 7 17 16 13 4 2 18 15 3 5 8 10 9 11 12 14 
student 518: 6 12 19 5 17 16 11 20 2 9 14 3 8 10 4 7 1 15 13 18 
student 519: 19 12 20 8 6 14 18 4 3 5 10 9 1 15 7 2 17 16 11 13 
student 520: 2 5 20 12 10 9 6 15 16 7 8 4 1 3 11 13 19 14 17 18 
student 521: 11 1 16 9 8 7 5 18 3 19 14 4 2 15 6 10 20 12 17 13 
student 522: 2 16 17 3 12 1 13 11 10 20 9 15 4 14 6 8 19 5 7 18 
student 523: 15 10 16 8 6 18 4 19 14 12 13 1 7 17 11 5 20 2 9 3 
student 524: 16 11 8 14 19 5 6 12 18 9 10 2 17 20 13 1 15 7 4 3 
student 525: 17 11 20 3 16 10 6 1 19 15 14 2 4 7 12 8 13 9 18 5 
student 526: 19 7 15 11 20 17 8 18 6 9 14 3 1 13 5 2 16 4 12 10 
student 527: 14 15 10 9 11 5 4 8 18 19 16 6 12 1 7 13 17 3 2 20 
student 528: 20 16 14 2 12 4 8 9 18 6 17 7 1 19 5 13 15 11 3 10 
student 529: 6 17 12 19 15 13 3 14 8 2 16 5 10 7 1 4 20 11 9 18 
student 530: 18 3 1 5 13 7 2 10 16 8 15 6 11 12 17 9 20 19 4 14 
student 531: 18 7 16 2 13 11 5 3 20 10 15 6 19 12 1 8 14 9 17 4 
student 532: 16 15 8 11 6 2 4 3 12 1 18 5 19 9 7 13 10 17 14 20 
student 533: 13 15 6 7 9 11 3 4 16 2 20 18 17 19 8 10 14 5 12 1 
student 534: 6 9 15 5 2 12 16 20 3 17 4 11 1 14 10 18 19 8 13 7 
student 535: 15 13 4 9 19 3 8 7 17 16 20 2 10 6 1 5 12 18 14 11 
student 536: 12 16 5 10 6 8 14 9 4 1 19 2 15 17 20 18 11 3 7 13 
student 537: 18 1 2 17 12 14 5 11 8 9 7 4 3 16 20 10 19 13 15 6 
student 538: 13 3 12 18 15 1 5 20 9 7 19 4 10 2 17 16 8 6 11 14 
student 539: 16 3 19 10 5 12 1 17 8 4 18 15 14 7 6 2 20 9 11 13 
student 540: 16 20 12 5 17 15 1 14 4 8 10 13 6 11 7 3 18 19 2 9 
student 541: 19 6 12 2 7 20 14 15 9 3 16 8 1 11 10 17 13 18 5 4 
student 542: 18 14 7 10 17 20 8 16 12 6 4 2 5 11 1 13 9 19 3 15 
student 543: 6 7 4 18 14 15 1 11 20 16 19 3 8 13 12 5 17 9 10 2 
student 544: 5 4 14 17 11 6 9 15 10 16 19 1 7 2 3 18 12 13 8 20 
student 545: 18 12 17 1 15 13 11 9 4 2 19 5 10 3 14 16 7 8 6 20 
student 546: 15 18 16 19 13 17 2 20 6 14 10 7 1 8 3 11 9 4 5 12 
student 547: 20 6 4 3 9 1 13 10 16 14 19 17 8 5 2 7 15 12 11 18 
student 548: 19 16 17 4 18 7 6 20 11 1 14 5 10 9 3 2 12 8 13 15 
student 549: 18 10 14 7 6 17 15 12 8 5 11 9 1 3 13 19 4 2 20 16 
student 550: 10 20 6 1 18 5 8 12 14 2 4 3 17 7 9 13 16 15 11 19 
student 551: 17 1 7 11 2 15 4 19 9 10 13 8 5 16 6 14 3 20 12 18 
student 552: 16 9 6 1 18 10 14 19 17 8 13 2 15 7 3 5 4 12 20 11 
student 553: 9 12 18 10 11 20 14 7 6 4 16 2 13 15 5 8 19 17 3 1 
student 554: 1 6 17 12 3 14 11 9 4 2 19 8 10 16 20 13 18 15 5 7 
student 555: 9 4 20 5 19 10 8 11 7 3 15 17 12 18 14 13 16 2 6 1 
student 556: 15 5 14 6 17 12 8 19 20 18 9 16 11 7 3 1 10 4 13 2 
student 557: 8 6 17 2 7 9 4 13 11 19 20 1 5 14 10 3 16 15 12 18 
student 558: 10 8 20 4 15 13 3 16 6 17 11 1 12 2 9 7 18 5 14 19 
student 559: 5 3 14 10 20 15 12 13 11 4 6 18 2 16 19 8 9 1 7 17 
student 560: 20 6 5 2 16 12 15 18 13 7 14 11 10 4 1 9 17 19 8 3 
student 561: 17 13 20 5 19 14 1 12 8 3 2 9 7 4 10 11 18 16 15 6 
student 562: 12 9 13 3 4 20 15 11 10 6 14 18 2 19 8 1 17 16 5 7 
student 563: 10 6 18 2 20 9 4 19 13 8 7 3 1 14 12 5 17 15 16 11 
student 564: 4 12 11 6 20 16 8 9 5 18 1 10 14 2 3 17 7 15 13 19 
student 565: 6 19 12 11 2 10 9 15 13 7 17 5 8 20 1 4 14 16 18 3 
student 566: 19 4 14 10 18 16 2 20 5 8 9 13 3 12 11 7 15 17 1 6 
student 567: 9 17 16 3 19 7 18 15 2 8 4 6 14 20 1 11 10 13 5 12 
student 568: 19 14 18 7 8 20 6 10 12 5 17 4 9 3 1 16 2 11 13 15 
student 569: 7 5 12 14 17 13 20 4 8 9 16 6 3 19 2 18 11 10 1 15 
student 570: 8 6 13 7 9 4 19 18 15 10 16 5 2 1 3 17 12 20 11 14 
student 571: 19 11 5 15 20 7 1 3 6 18 10 2 16 17 14 4 12 9 13 8 
student 572: 19 8 15 5 12 14 3 17 11 7 13 6 4 10 2 9 20 16 1 18 
student 573: 17 5 20 1 11 9 2 10 15 12 19 6 13 16 3 4 18 14 7 8 
student 574: 20 1 8 12 3 7 17 14 15 13 18 5 16 6 2 10 19 9 4 11 
student 575: 12 4 19 9 20 15 7 13 6 16 17 10 5 1 8 2 18 3 11 14 
student 576: 8 5 16 10 17 2 1 20 4 9 19 13 3 18 6 15 14 12 11 7 
student 577: 17 2 12 18 4 6 14 10 13 15 1 8 7 19 16 5 20 9 11 3 
student 578: 11 1 2 14 8 20 6 18 4 7 17 15 3 12 5 9 16 10 19 13 
student 579: 7 1 11 5 9 16 3 6 19 14 20 13 18 17 10 15 4 2 8 12 
student 580: 5 14 15 4 3 16 6 18 13 9 20 7 11 10 19 1 17 12 8 2 
student 581: 18 5 19 12 15 10 8 13 14 9 17 6 20 2 11 3 7 4 1 16 
student 582: 13 17 19 9 16 2 1 5 7 12 8 11 10 14 20 3 4 18 15 6 
student 583: 15 17 6 3 20 13 14 18 4 2 10 9 7 12 19 5 16 11 1 8 
student 584: 3 2 15 1 16 5 9 12 11 8 18 13 10 20 4 6 14 17 7 19 
student 585: 19 13 16 5 14 17 4 7 20 10 3 1 2 18 11 6 12 8 15 9 
student 586: 8 19 14 2 13 11 3 6 1 10 5 9 4 7 12 17 18 16 15 20 
student 587: 17 7 12 2 4 14 3 18 9 6 19 10 8 1 5 20 11 16 15 13 
student 588: 16 2 5 17 8 10 4 20 3 1 15 6 7 12 11 9 19 14 18 13 
student 589: 12 5 16 1 18 4 2 9 19 13 11 7 3 6 8 17 15 14 20 10 
student 590: 12 3 11 6 17 20 1 9 7 2 18 13 4 19 15 8 16 10 5 14 
student 591: 10 3 5 2 15 8 20 7 9 1 13 11 6 19 17 14 16 12 18 4 
student 592: 6 2 18 15 17 8 4 14 1 12 19 13 7 16 5 9 10 3 11 20 
student 593: 20 4 10 9 15 16 6 11 7 2 17 1 8 14 12 3 19 18 5 13 
student 594: 19 5 18 13 8 6 3 12 17 2 11 1 4 20 9 10 14 15 16 7 
student 595: 15 19 14 1 3 17 18 20 13 5 12 8 4 6 7 2 16 9 11 10 
student 596: 17 14 16 1 9 12 4 5 7 3 19 2 13 11 10 6 20 15 18 8 
student 597: 11 14 17 20 19 6 8 15 3 5 4 9 7 13 18 2 10 16 12 1 
student 598: 8 9 7 11 2 5 4 19 12 10 13 16 18 15 3 6 20 17 1 14 
student 599: 5 13 15 1 16 2 12 6 8 10 20 18 3 19 4 9 17 14 11 7 
student 600: 20 19 17 2 16 18 5 15 3 10 6 1 11 8 4 12 9 13 7 14 
student 601: 18 3 16 10 15 14 11 12 8 1 2 6 5 19 4 7 17 20 9 13 
student 602: 3 7 2 15 14 18 4 20 11 9 17 5 16 12 6 10 13 8 1 19 
student 603: 1 18 17 8 19 20 11 6 9 16 10 7 4 15 5 2 3 14 13 12 
student 604: 20 10 3 15 12 2 7 6 19 17 5 9 8 11 1 16 13 18 14 4 
student 605: 11 8 12 2 14 3 15 13 10 20 19 4 16 6 1 5 18 17 7 9 
student 606: 8 1 13 10 17 9 2 16 6 5 12 3 20 11 4 15 18 19 7 14 
student 607: 15 9 20 8 13 12 17 19 11 2 7 18 6 3 10 1 14 5 4 16 
student 608: 10 15 14 13 18 16 7 4 19 9 20 12 3 11 6 1 17 8 5 2 
student 609: 10 12 4 6 20 3 11 15 9 14 18 5 13 7 1 17 19 16 2 8 
student 610: 20 9 3 17 8 6 7 12 1 4 5 14 10 16 2 11 19 13 18 15 
student 611: 2 10 3 7 9 20 5 14 15 13 18 4 1 16 11 8 19 12 17 6 
student 612: 6 9 20 12 18 19 17 1 13 2 8 3 7 14 4 16 11 10 15 5 
student 613: 13 3 2 11 18 1 7 10 12 8 15 9 20 14 5 19 17 6 16 4 
student 614: 4 14 11 10 2 6 7 16 3 9 19 12 5 20 18 15 1 13 8 17 
student 615: 16 19 1 11 14 18 3 4 10 17 20 8 12 13 5 7 9 15 6 2 
student 616: 20 4 15 2 7 5 9 8 6 1 16 3 14 10 13 17 11 12 19 18 
student 617: 10 11 19 4 14 15 2 18 12 5 17 7 1 13 9 8 3 20 16 6 
student 618: 15 2 20 11 5 10 6 13 12 4 17 8 16 9 7 18 19 3 1 14 
student 619: 2 13 18 15 14 16 10 19 3 20 8 6 7 1 11 9 4 17 12 5 
student 620: 17 10 11 5 14 18 6 8 16 20 3 2 4 12 9 1 19 13 7 15 
student 621: 19 14 20 10 9 3 4 15 18 2 8 5 7 12 11 6 16 13 17 1 
student 622: 9 20 7 5 14 4 3 16 12 8 19 10 11 18 2 6 13 1 17 15 
student 623: 14 20 18 10 9 4 5 15 11 6 19 3 2 16 17 8 13 1 7 12 
student 624: 18 5 15 10 16 19 7 17 2 3 9 14 13 11 1 4 20 6 8 12 
student 625: 19 1 11 5 18 14 6 9 8 20 13 7 15 17 4 10 2 16 3 12 
student 626: 16 8 18 17 20 19 14 7 2 4 5 15 6 10 1 13 12 3 11 9 
student 627: 6 15 11 18 9 3 5 17 14 20 13 2 1 19 8 16 12 4 7 10 
student 628: 9 1 10 7 13 8 18 17 11 5 19 2 3 14 4 12 6 15 20 16 
student 629: 8 7 4 2 9 5 17 18 20 19 11 14 12 6 15 3 13 1 16 10 
student 630: 14 5 12 7 10 19 2 13 9 18 16 8 1 3 4 15 20 11 17 6 
student 631: 13 5 17 7 16 19 2 10 6 12 18 1 9 8 4 20 14 15 3 11 
student 632: 7 4 12 2 16 20 5 13 11 6 3 10 1 8 17 14 15 9 18 19 
student 633: 17 5 9 2 19 10 3 13 11 14 12 6 1 15 16 8 20 18 7 4 
student 634: 15 10 18 13 19 8 11 16 9 17 3 6 4 14 2 7 20 12 1 5 
student 635: 9 18 8 17 7 19 11 13 1 12 16 4 5 6 3 2 20 10 15 14 
student 636: 8 14 19 3 15 7 6 18 2 10 12 5 11 20 4 1 13 9 16 17 
student 637: 13 6 5 4 14 8 9 12 16 10 11 2 1 15 3 17 18 7 20 19 
student 638: 18 7 16 10 19 13 5 12 15 8 14 6 1 3 2 9 11 20 4 17 
student 639: 5 6 15 8 10 19 11 17 3 7 18 14 2 20 9 4 12 16 1 13 
student 640: 19 18 8 16 17 6 1 3 11 7 13 2 12 15 4 5 20 14 10 9 
student 641: 16 3 19 10 20 13 14 17 4 8 6 11 1 12 7 15 18 5 2 9 
student 642: 19 5 16 17 10 4 2 12 7 13 3 6 9 20 1 18 15 14 11 8 
student 643: 17 2 19 3 9 15 13 12 4 6 14 1 11 10 8 16 7 18 5 20 
student 644: 10 12 13 15 17 18 9 6 5 11 16 14 4 1 19 2 20 7 8 3 
student 645: 12 10 18 5 8 6 17 4 14 1 19 16 15 7 3 13 11 2 9 20 
student 646: 14 12 3 15 10 16 17 19 5 7 20 1 2 4 9 11 18 6 8 13 
student 647: 8 15 10 3 7 17 5 20 4 18 11 6 2 14 13 9 19 16 12 1 
student 648: 11 5 3 19 9 7 10 20 16 15 18 13 6 14 8 12 17 1 2 4 
student 649: 13 10 18 7 2 15 16 11 8 6 20 9 5 4 1 17 14 12 19 3 
student 650: 13 8 11 20 18 4 1 19 15 9 16 5 6 2 7 17 10 12 3 14 
student 651: 8 7 10 18 20 12 5 19 17 11 16 3 2 13 6 1 9 4 15 14 
student 652: 20 3 19 14 10 16 8 6 1 5 12 15 7 2 4 11 17 18 9 13 
student 653: 5 18 20 6 9 2 1 13 7 11 4 17 15 16 10 8 19 14 3 12 
student 654: 14 3 5 4 10 20 19 13 9 17 18 6 15 11 16 1 8 7 12 2 
student 655: 20 17 19 8 18 2 13 9 1 4 12 11 15 10 3 6 5 7 14 16 
student 656: 17 3 12 8 16 13 20 15 4 2 19 6 18 10 11 5 9 14 1 7 
student 657: 11 1 10 7 17 13 19 18 12 16 15 9 4 8 14 20 5 6 2 3 
student 658: 8 3 10 5 19 4 11 16 15 17 18 6 2 12 1 9 14 20 7 13 
student 659: 9 6 16 5 17 11 18 12 13 8 1 19 10 7 3 2 14 20 15 4 
student 660: 17 12 7 19 14 4 20 13 1 11 15 5 3 8 2 10 16 6 18 9 
student 661: 16 20 1 12 6 4 10 5 11 19 18 15 3 2 14 8 9 13 17 7 
student 662: 13 14 12 9 18 2 3 10 4 17 19 5 11 15 20 8 1 7 16 6 
student 663: 11 15 9 13 7 10 14 18 8 20 19 17 4 3 16 1 12 6 2 5 
student 664: 17 12 14 1 20 2 15 18 8 5 19 3 9 16 4 6 13 11 7 10 
student 665: 17 4 19 6 1 16 5 20 3 10 12 13 11 9 2 7 15 14 8 18 
student 666: 16 14 19 1 3 17 5 15 7 13 4 6 8 11 2 9 18 20 12 10 
student 667: 8 4 11 6 12 5 3 20 13 15 17 16 2 19 1 14 9 18 10 7 
student 668: 12 5 17 3 8 15 9 7 4 19 10 11 1 6 2 13 18 14 16 20 
student 669: 15 9 16 7 12 19 6 18 11 8 20 3 17 14 2 13 10 1 5 4 
student 670: 15 17 16 8 2 3 6 4 12 13 7 11 5 14 1 18 20 19 10 9 
student 671: 6 10 9 8 19 5 4 13 3 15 20 16 2 11 14 1 17 18 12 7 
student 672: 11 19 12 4 18 3 2 16 6 5 8 13 1 14 7 9 17 15 20 10 
student 673: 16 13 14 12 17 18 9 15 19 10 11 7 8 3 2 6 5 4 1 20 
student 674: 2 17 14 9 15 13 4 20 16 8 19 1 7 11 12 3 10 5 18 6 
student 675: 17 1 14 20 18 11 10 5 6 15 13 12 16 7 2 3 4 19 9 8 
student 676: 9 16 19 3 18 15 20 11 1 17 14 8 2 13 6 4 10 12 7 5 
student 677: 11 2 9 4 17 6 7 18 3 5 1 8 13 10 12 20 16 15 19 14 
student 678: 18 4 16 15 19 12 7 3 1 9 17 20 6 10 8 5 2 13 14 11 
student 679: 17 6 10 7 1 19 4 11 8 13 3 12 2 9 18 5 14 15 16 20 
student 680: 13 3 7 4 18 14 5 16 9 15 17 10 2 8 6 11 20 1 12 19 
student 681: 16 4 7 2 8 18 5 15 10 20 19 11 1 17 13 12 9 3 6 14 
student 682: 11 13 14 2 15 18 16 17 5 3 12 9 4 20 1 6 7 8 19 10 
student 683: 12 10 15 17 19 16 2 20 3 13 14 7 1 18 4 5 11 9 8 6 
student 684: 12 18 4 5 19 20 9 16 2 15 10 13 1 11 3 8 17 14 6 7 
student 685: 12 5 13 10 15 19 8 20 4 17 3 2 16 14 6 7 1 18 11 9 
student 686: 7 16 13 8 6 15 20 11 14 12 5 9 1 10 2 3 17 19 4 18 
student 687: 9 16 10 6 20 15 3 19 4 5 17 8 2 12 1 14 11 18 7 13 
student 688: 11 12 19 9 20 3 7 6 10 1 4 13 15 18 8 5 2 16 17 14 
student 689: 12 16 8 11 17 10 20 18 13 3 14 6 5 9 2 4 19 15 7 1 
student 690: 16 5 14 3 18 19 15 20 10 12 11 6 8 17 4 1 13 7 9 2 
student 691: 4 14 20 3 10 9 11 1 18 8 5 12 13 2 7 6 17 15 16 19 
student 692: 2 15 7 14 3 19 4 18 5 9 16 12 1 8 13 10 17 6 11 20 
student 693: 17 13 14 10 20 8 15 6 9 3 18 2 5 16 7 1 19 11 12 4 
student 694: 19 5 7 4 6 20 14 15 11 12 18 2 1 8 3 10 13 17 16 9 
student 695: 9 5 3 6 13 20 14 16 4 12 15 8 1 19 2 7 18 10 17 11 
student 696: 14 1 15 13 19 4 8 6 3 7 17 5 18 16 11 9 2 20 12 10 
student 697: 4 11 17 10 9 1 5 15 8 20 12 14 16 6 7 3 18 2 19 13 
student 698: 12 17 6 4 18 3 2 14 7 8 16 19 10 20 15 1 5 9 13 11 
student 699: 8 16 13 2 18 15 14 19 10 17 4 12 7 6 3 1 9 20 11 5 
student 700: 1 2 12 7 19 20 13 8 11 4 6 16 10 9 5 14 18 15 17 3 
student 701: 2 12 10 8 18 13 6 7 15 3 19 9 5 16 4 20 17 1 11 14 
student 702: 15 6 19 1 20 11 5 7 2 12 9 4 3 18 10 16 13 14 17 8 
student 703: 5 17 8 10 1 18 13 12 6 9 19 4 2 20 11 7 15 14 16 3 
student 704: 3 13 1 8 17 18 5 15 7 4 19 11 2 12 9 10 20 16 14 6 
student 705: 7 4 11 12 18 19 3 20 14 8 15 16 5 13 2 1 6 10 17 9 
student 706: 14 11 13 5 10 17 6 4 1 9 19 12 7 15 3 8 18 16 20 2 
student 707: 12 17 15 7 19 20 10 4 14 9 5 3 6 16 1 8 2 13 11 18 
student 708: 16 13 18 7 11 4 9 10 6 12 19 20 3 17 1 8 15 14 5 2 
student 709: 2 19 3 6 15 14 17 10 11 5 9 20 8 1 7 12 16 18 4 13 
student 710: 16 17 3 14 11 4 19 13 9 7 10 18 15 20 2 1 5 12 6 8 
student 711: 20 19 15 8 18 9 13 12 4 1 10 17 14 6 5 11 7 16 3 2 
student 712: 14 3 13 5 4 11 10 16 18 15 8 12 2 17 9 7 20 6 1 19 
student 713: 7 10 20 14 16 9 1 19 13 4 11 17 5 15 3 6 18 2 12 8 
student 714: 16 12 20 5 7 6 3 15 14 11 17 13 4 19 18 2 9 8 10 1 
student 715: 16 1 6 18 14 2 3 5 13 11 19 20 4 15 9 10 8 12 7 17 
student 716: 13 7 19 16 12 11 8 14 5 15 20 3 1 17 2 6 10 18 4 9 
student 717: 19 14 8 9 7 18 6 12 10 1 20 16 15 17 4 5 11 13 3 2 
student 718: 16 11 7 2 6 19 14 17 4 13 12 5 1 8 3 9 15 20 10 18 
student 719: 1 4 8 14 19 12 7 16 3 11 18 9 6 15 2 17 13 20 10 5 
student 720: 7 1 14 15 20 19 8 17 6 2 9 10 3 11 16 4 18 12 13 5 
student 721: 19 17 20 7 12 18 14 8 2 15 5 9 11 16 1 4 6 3 10 13 
student 722: 16 6 15 7 3 10 2 14 8 4 9 12 11 17 18 19 20 13 5 1 
student 723: 16 4 18 2 10 5 14 19 17 13 9 7 11 20 1 6 15 3 8 12 
student 724: 18 20 9 5 15 17 3 16 19 4 8 14 2 12 1 11 13 10 6 7 
student 725: 18 7 15 3 19 12 8 13 9 16 20 1 4 11 6 2 5 14 17 10 
student 726: 7 2 15 3 16 5 12 9 10 4 1 19 20 11 17 13 6 8 18 14 
student 727: 17 16 19 2 9 10 6 11 12 7 20 8 18 15 14 4 1 13 5 3 
student 728: 12 11 9 8 14 5 1 13 3 4 19 15 10 6 20 7 17 18 2 16 
student 729: 14 16 17 10 19 20 2 12 7 6 18 4 1 3 9 5 11 13 15 8 
student 730: 19 17 14 1 12 13 8 6 15 7 20 2 3 5 9 16 11 10 4 18 
student 731: 2 9 20 18 17 15 12 16 14 1 6 5 3 13 4 8 11 19 10 7 
student 732: 20 4 9 13 15 8 19 7 3 12 11 17 6 10 16 5 14 1 18 2 
student 733: 10 8 12 7 14 19 20 16 2 3 13 5 6 18 9 1 11 17 15 4 
student 734: 6 4 13 8 15 14 9 16 2 12 18 10 1 3 7 17 20 19 5 11 
student 735: 10 15 8 2 12 18 5 4 17 20 7 11 13 1 9 6 16 14 3 19 
student 736: 5 8 19 14 18 13 6 9 15 12 17 20 11 7 3 2 10 1 4 16 
student 737: 1 17 16 5 10 9 11 12 3 20 15 14 4 8 2 7 18 6 19 13 
student 738: 19 3 15 9 13 17 12 11 5 7 14 8 2 1 4 6 16 18 20 10 
student 739: 2 13 6 17 12 11 1 3 15 18 9 8 7 20 4 5 19 16 14 10 
student 740: 13 11 9 5 1 18 7 3 16 10 20 4 2 8 14 12 15 17 6 19 
student 741: 11 7 20 9 18 13 3 15 4 5 10 2 17 12 8 1 19 14 16 6 
student 742: 20 13 5 16 15 3 2 18 8 9 14 6 4 1 7 12 19 17 10 11 
student 743: 3 15 16 1 17 10 18 9 2 7 14 12 8 6 11 5 13 20 19 4 
student 744: 10 13 19 20 2 11 17 8 15 12 16 18 6 14 3 9 5 1 7 4 
student 745: 11 8 5 7 17 16 4 19 14 2 20 1 13 12 6 3 15 9 18 10 
student 746: 12 5 17 1 16 8 19 14 15 7 18 4 2 11 13 3 20 6 9 10 
student 747: 18 16 6 2 19 7 12 10 4 13 15 5 8 9 1 3 17 11 14 20 
student 748: 17 13 4 1 10 18 6 20 16 19 15 7 8 12 9 3 5 11 14 2 
student 749: 13 18 15 2 6 14 4 19 7 10 16 12 8 5 1 3 20 17 11 9 
student 750: 10 9 19 15 13 11 5 12 8 6 20 2 3 7 4 1 17 16 18 14 
student 751: 10 15 12 4 19 9 20 6 1 8 17 11 5 18 13 3 7 16 14 2 
student 752: 15 11 16 7 20 17 8 12 10 6 14 18 5 2 4 1 3 9 13 19 
student 753: 5 6 17 1 14 18 3 8 11 20 13 4 10 16 2 7 12 19 15 9 
student 754: 2 16 15 9 6 14 18 10 17 20 19 5 3 1 7 4 12 11 8 13 
student 755: 15 13 20 10 17 16 3 7 6 11 4 12 18 5 8 2 19 9 14 1 
student 756: 18 10 5 1 11 19 6 9 20 13 4 3 8 16 7 2 15 17 12 14 
student 757: 5 20 4 7 12 14 2 9 16 3 18 10 1 17 13 6 19 15 11 8 
student 758: 20 13 4 6 11 5 14 8 17 15 7 12 2 1 9 3 19 18 16 10 
student 759: 6 12 18 19 17 2 13 16 14 20 15 7 11 8 4 3 10 9 5 1 
student 760: 11 1 15 4 8 13 3 18 6 7 9 5 16 12 10 17 20 19 2 14 
student 761: 10 8 20 13 12 7 19 17 11 16 9 14 4 2 6 1 18 5 3 15 
student 762: 14 5 18 11 10 13 7 17 4 20 19 16 2 8 1 3 12 15 6 9 
student 763: 1 12 3 13 15 18 8 10 6 16 4 2 7 20 9 5 17 19 11 14 
student 764: 9 14 18 4 12 19 16 17 7 3 8 1 10 15 2 6 20 13 5 11 
student 765: 11 7 4 5 16 18 20 9 12 1 15 14 17 8 13 2 19 6 10 3 
student 766: 20 9 15 17 5 10 14 12 16 2 18 11 4 19 8 6 13 7 1 3 
student 767: 11 9 18 7 1 3 6 20 13 10 14 2 19 16 5 4 17 12 8 15 
student 768: 11 12 13 4 9 8 17 1 6 5 3 7 14 20 15 19 10 2 16 18 
student 769: 10 7 5 2 9 15 3 12 17 11 8 14 18 16 1 4 20 13 6 19 
student 770: 8 5 19 2 9 4 10 13 18 14 20 11 3 6 17 7 1 16 15 12 
student 771: 12 11 14 7 16 15 9 17 8 5 19 10 1 4 18 3 6 13 20 2 
student 772: 11 14 15 6 19 16 18 20 2 10 12 9 1 17 3 13 7 5 8 4 
student 773: 20 5 17 4 12 3 6 15 1 10 19 9 8 2 14 16 18 11 7 13 
student 774: 17 7 14 4 12 15 11 20 18 1 19 3 2 5 8 9 13 6 10 16 
student 775: 4 11 10 5 19 16 8 15 14 7 20 12 1 18 2 9 17 6 3 13 
student 776: 18 10 3 13 9 4 8 20 16 14 19 7 2 6 5 1 17 15 11 12 
student 777: 13 18 19 4 14 9 2 20 1 11 8 12 7 6 5 15 17 3 16 10 
student 778: 17 2 18 12 19 7 11 14 13 4 20 10 9 5 1 3 6 15 16 8 
student 779: 16 14 19 2 13 4 6 5 20 15 18 10 11 3 12 8 17 9 1 7 
student 780: 20 11 2 5 13 12 3 10 9 16 18 7 1 19 6 14 4 8 17 15 
student 781: 20 6 18 3 5 17 2 15 9 19 16 7 1 8 10 11 14 4 13 12 
student 782: 13 6 11 2 15 18 3 14 7 10 19 20 5 17 1 8 12 9 16 4 
student 783: 15 7 5 4 20 1 11 19 8 17 9 6 2 10 18 3 12 16 13 14 
student 784: 5 15 11 8 4 7 9 19 12 13 16 14 6 20 3 10 1 2 17 18 
student 785: 5 10 11 13 7 15 12 2 4 1 20 3 6 19 9 18 16 8 14 17 
student 786: 18 8 14 4 16 13 2 7 15 3 20 1 12 10 19 11 6 9 17 5 
student 787: 19 20 16 12 1 8 6 3 9 10 14 5 15 7 4 2 13 17 11 18 
student 788: 17 5 14 10 18 16 9 8 13 1 19 6 11 12 7 4 15 2 3 20 
student 789: 8 1 18 14 17 2 3 6 16 12 7 19 13 4 9 5 15 10 20 11 
student 790: 13 18 6 4 15 16 1 12 9 5 19 10 2 3 11 7 20 14 17 8 
student 791: 16 17 12 8 9 13 3 18 15 11 20 4 1 6 10 2 19 14 5 7 
student 792: 6 11 17 14 1 10 9 2 7 15 20 5 19 18 4 8 16 12 3 13 
student 793: 9 13 19 8 20 4 1 17 10 14 15 2 3 12 6 5 16 18 7 11 
student 794: 10 1 13 17 11 16 3 12 15 7 8 18 4 9 5 2 20 19 14 6 
student 795: 16 14 2 12 15 7 9 20 10 6 18 8 3 13 1 11 17 19 4 5 
student 796: 7 10 1 15 12 20 5 14 6 13 19 8 3 9 2 18 16 11 4 17 
student 797: 14 7 6 3 16 20 2 9 13 11 4 1 8 17 12 19 15 10 5 18 
student 798: 19 15 4 17 6 1 20 12 2 11 14 9 16 5 8 7 13 10 18 3 
student 799: 4 1 3 5 20 15 19 10 16 7 11 12 17 2 8 18 13 14 6 9 
