student 0: 18 17 12 8 14 13 1 4 5 3 15 20 11 19 7 2 10 16 6 9 
student 1: 20 7 19 16 15 3 9 8 6 4 14 12 18 2 5 17 10 1 11 13 
student 2: 18 14 16 15 10 3 5 12 6 2 9 17 8 11 1 7 4 19 20 13 
student 3: 14 16 13 11 19 12 2 3 17 6 18 15 8 7 9 5 10 20 4 1 
student 4: 13 8 17 15 10 6 2 11 5 20 12 16 9 7 14 4 1 18 19 3 
student 5: 20 3 10 8 15 11 4 5 13 1 16 12 14 17 2 6 9 7 19 18 
student 6: 13 1 15 9 18 20 17 12 6 10 14 19 5 11 8 2 7 4 16 3 
student 7: 14 15 17 2 20 10 6 8 16 4 12 19 5 3 13 1 18 11 9 7 
student 8: 5 3 15 20 8 19 10 17 13 6 14 9 12 1 16 11 18 7 4 2 
student 9: 8 15 20 10 18 14 2 9 6 4 17 3 12 1 5 19 7 13 16 11 
student 10: 10 3 6 5 11 19 20 4 16 1 9 12 13 2 7 17 8 18 15 14 
student 11: 1 14 16 2 15 10 8 4 7 13 20 17 19 5 3 6 9 18 11 12 
student 12: 14 15 11 19 8 16 5 1 10 2 18 4 13 7 3 9 17 20 6 12 
student 13: 12 9 10 8 15 20 1 5 14 4 19 16 2 7 11 6 13 18 3 17 
student 14: 11 9 1 2 19 15 5 18 13 3 20 14 17 7 10 16 6 12 4 8 
student 15: 14 12 2 8 10 9 4 3 15 11 16 13 17 1 6 7 18 20 19 5 
student 16: 17 9 20 6 5 12 15 2 14 13 18 3 10 7 19 1 4 16 8 11 
student 17: 7 5 20 2 15 18 4 13 3 6 10 8 14 1 9 11 17 19 16 12 
student 18: 20 9 16 11 12 7 1 5 2 4 18 15 6 3 13 10 8 19 17 14 
student 19: 15 13 18 14 5 11 9 3 2 4 17 16 6 7 1 20 12 10 8 19 
student 20: 17 4 15 6 12 1 11 19 14 3 2 20 18 9 10 13 7 16 8 5 
student 21: 19 18 20 14 17 11 2 3 12 8 10 13 15 6 9 7 5 16 1 4 
student 22: 17 10 6 9 15 20 5 8 3 2 19 18 14 1 7 13 16 4 11 12 
student 23: 8 13 20 1 12 19 17 2 4 3 18 9 7 15 6 11 16 14 10 5 
student 24: 13 11 17 1 16 5 7 12 6 19 14 18 2 3 8 9 10 15 20 4 
student 25: 8 15 13 3 16 19 6 5 4 1 11 12 20 10 18 14 7 17 2 9 
student 26: 10 20 7 11 3 2 6 9 8 14 15 17 5 4 1 12 13 19 16 18 
student 27: 15 6 7 13 10 18 17 11 4 9 19 14 16 2 8 1 3 12 20 5 
student 28: 15 3 4 17 9 11 2 6 19 10 18 20 1 16 7 13 5 8 14 12 
student 29: 17 1 14 2 18 19 10 12 8 3 6 15 4 9 11 16 5 7 20 13 
student 30: 16 3 2 20 12 19 1 5 6 15 11 17 13 7 4 10 18 14 8 9 
student 31: 11 14 17 1 10 9 18 2 4 6 5 19 3 13 16 7 8 20 12 15 
student 32: 14 6 7 4 11 17 13 10 1 2 5 16 9 3 20 15 18 19 12 8 
student 33: 18 4 11 10 8 1 3 17 12 15 16 5 9 6 14 13 2 19 7 20 
student 34: 11 14 18 13 20 17 16 3 9 4 12 15 10 6 8 2 19 1 5 7 
student 35: 13 1 8 10 19 14 2 20 11 12 16 7 15 9 5 6 18 4 17 3 
student 36: 10 2 14 6 20 1 3 18 7 16 11 5 15 13 17 9 4 8 19 12 
student 37: 5 8 20 1 11 7 16 12 14 3 19 6 9 18 10 4 17 13 15 2 
student 38: 15 8 16 9 17 19 10 3 2 7 14 13 4 5 6 18 20 12 11 1 
student 39: 16 13 4 15 20 18 3 2 8 5 19 9 14 6 1 12 11 17 7 10 
student 40: 10 11 19 18 14 4 7 6 9 2 20 15 3 12 1 8 5 17 16 13 
student 41: 18 6 1 19 15 12 8 10 11 5 17 20 3 2 14 4 16 13 7 9 
student 42: 12 8 14 17 11 10 15 6 5 4 1 13 9 2 7 3 19 20 18 16 
student 43: 6 2 17 9 8 11 3 16 4 12 20 10 13 5 1 19 18 7 15 14 
student 44: 17 5 19 14 16 12 6 3 10 2 20 11 7 1 9 13 15 18 8 4 
student 45: 17 5 1 14 7 16 4 19 13 15 2 10 11 12 9 3 20 18 6 8 
student 46: 2 12 16 18 4 8 3 13 14 20 6 15 5 7 11 9 10 17 1 19 
student 47: 15 3 13 9 19 14 4 7 1 6 17 12 2 5 10 16 11 20 18 8 
student 48: 12 14 2 6 10 8 1 20 3 11 13 17 19 4 5 18 9 16 7 15 
student 49: 19 3 20 6 9 1 4 2 13 8 11 15 7 10 18 17 16 14 5 12 
student 50: 16 3 5 9 12 20 1 11 7 14 13 19 8 2 17 10 15 18 6 4 
student 51: 2 5 20 11 16 8 17 3 15 6 14 10 18 7 12 4 19 1 9 13 
student 52: 12 3 9 16 18 2 11 4 15 1 20 14 6 10 17 7 19 8 5 13 
student 53: 7 1 9 5 19 6 16 18 4 15 20 12 3 10 11 2 8 13 14 17 
student 54: 5 10 12 17 15 9 6 3 19 16 8 1 11 7 20 4 13 18 2 14 
student 55: 16 1 12 13 19 11 7 14 18 3 9 15 4 17 2 10 20 8 6 5 
student 56: 13 16 14 20 11 9 2 7 12 5 4 19 1 3 10 17 15 6 18 8 
student 57: 16 9 11 17 5 14 2 4 19 3 20 15 10 1 7 13 12 18 6 8 
student 58: 16 2 8 14 5 12 6 10 4 3 18 19 20 1 15 7 17 13 11 9 
student 59: 12 6 11 13 15 3 1 4 5 17 14 18 19 9 16 10 2 20 7 8 
student 60: 10 1 13 3 19 5 4 20 15 12 16 18 11 7 9 6 17 14 8 2 
student 61: 16 4 18 13 14 10 3 5 12 7 15 17 8 1 11 2 20 19 6 9 
student 62: 13 10 17 20 3 12 4 11 5 19 8 18 15 2 6 7 9 16 14 1 
student 63: 14 9 20 13 18 2 3 6 15 8 16 5 11 19 17 7 12 4 10 1 
student 64: 14 7 16 19 18 6 8 10 5 15 12 17 3 1 13 9 20 4 11 2 
student 65: 12 9 16 6 19 14 7 2 3 5 17 20 11 15 4 8 13 10 1 18 
student 66: 18 11 2 15 4 14 1 6 8 3 17 19 12 5 7 16 10 20 9 13 
student 67: 20 12 11 16 14 3 7 2 1 9 15 5 19 8 4 10 17 6 13 18 
student 68: 6 5 13 18 8 7 3 1 4 10 14 20 12 15 2 17 11 9 19 16 
student 69: 5 4 16 20 8 15 7 6 2 14 1 9 3 11 17 10 12 13 19 18 
student 70: 11 16 10 18 9 14 7 2 4 5 15 6 17 3 1 12 13 20 8 19 
student 71: 17 10 12 20 14 8 5 4 1 16 18 15 6 3 2 9 13 19 7 11 
student 72: 9 4 2 16 13 11 1 12 3 10 15 18 17 5 8 14 7 19 20 6 
student 73: 9 11 20 2 4 12 17 6 16 7 19 10 13 5 3 18 1 14 8 15 
student 74: 10 6 15 7 19 17 5 14 4 3 18 12 1 9 11 13 2 20 8 16 
student 75: 11 20 13 19 9 18 1 2 7 6 10 5 8 4 17 14 15 16 12 3 
student 76: 16 20 7 1 4 2 17 14 8 6 13 18 19 5 10 15 12 9 3 11 
student 77: 20 19 3 17 8 14 2 12 9 1 7 18 4 15 10 11 16 13 5 6 
student 78: 18 13 12 20 2 14 8 10 16 1 9 7 15 5 19 17 4 11 6 3 
student 79: 14 15 16 11 19 5 7 13 9 1 10 12 3 4 8 6 18 20 17 2 
student 80: 17 4 16 20 10 14 13 3 11 8 7 12 15 2 6 19 1 18 9 5 
student 81: 19 17 18 7 16 13 6 1 9 11 10 20 3 5 12 8 14 15 4 2 
student 82: 14 17 8 1 15 12 18 3 13 19 7 6 4 2 20 11 16 5 9 10 
student 83: 12 15 16 6 19 13 8 5 11 1 10 3 17 4 2 14 20 7 9 18 
student 84: 15 13 11 9 16 3 19 5 12 6 18 1 17 4 8 7 10 14 2 20 
student 85: 1 9 11 16 12 5 4 14 7 2 13 17 18 3 20 10 8 15 6 19 
student 86: 6 7 14 2 17 15 10 16 8 12 3 4 9 5 11 19 20 18 13 1 
student 87: 15 2 6 17 12 20 5 8 13 4 14 19 9 3 10 1 11 18 7 16 
student 88: 3 7 11 6 12 13 18 8 14 4 20 15 10 2 17 5 16 19 9 1 
student 89: 20 11 17 9 3 2 16 8 6 7 10 19 18 1 12 15 5 13 14 4 
student 90: 18 17 19 16 14 15 1 6 2 5 13 11 4 9 8 10 12 20 7 3 
student 91: 18 12 3 8 19 20 13 4 10 11 6 9 7 14 16 2 1 15 17 5 
student 92: 18 7 1 13 8 16 9 2 14 10 5 6 20 3 19 11 12 17 15 4 
student 93: 18 9 8 17 16 19 11 5 4 3 14 10 2 6 7 15 20 12 13 1 
student 94: 15 3 9 16 18 11 7 12 1 2 13 10 8 17 5 4 6 19 20 14 
student 95: 13 1 20 8 18 7 5 4 2 16 6 12 3 10 19 11 14 15 17 9 
student 96: 15 2 11 4 13 6 1 12 14 10 19 9 20 3 5 16 7 18 17 8 
student 97: 11 1 6 18 10 20 8 5 12 9 13 3 16 7 17 2 14 4 19 15 
student 98: 18 3 13 7 5 2 14 20 1 4 16 19 8 9 17 12 10 11 15 6 
student 99: 19 2 20 12 11 13 6 4 18 1 10 8 7 3 9 15 17 14 16 5 
student 100: 7 15 18 11 20 2 1 12 16 8 19 6 9 17 14 10 3 13 5 4 
student 101: 5 3 12 11 13 7 8 4 16 19 18 17 20 2 14 6 15 10 1 9 
student 102: 18 14 20 19 16 5 8 7 3 9 17 2 10 1 15 4 6 11 13 12 
student 103: 6 1 14 10 17 7 5 19 3 12 2 11 8 15 4 9 20 16 13 18 
student 104: 18 3 14 10 19 12 2 13 4 20 15 17 7 11 6 1 8 5 16 9 
student 105: 9 13 4 3 6 7 11 17 8 14 19 15 20 5 10 1 18 16 12 2 
student 106: 15 12 16 9 13 8 3 2 10 18 11 19 4 20 7 6 14 17 1 5 
student 107: 13 8 12 14 18 11 1 17 4 15 16 2 6 7 20 3 9 19 5 10 
student 108: 14 3 19 4 9 17 6 7 10 12 5 16 11 15 2 8 13 18 20 1 
student 109: 18 3 5 4 10 7 2 14 1 13 15 12 11 6 19 9 16 20 17 8 
student 110: 13 19 1 7 10 2 9 16 3 6 12 18 5 17 15 4 11 8 14 20 
student 111: 15 10 4 18 16 9 11 19 1 14 12 20 17 7 2 5 3 8 6 13 
student 112: 15 1 3 18 13 6 8 2 9 7 20 19 14 5 4 12 10 16 17 11 
student 113: 18 7 12 15 5 3 1 17 11 8 13 20 4 19 16 2 6 10 9 14 
student 114: 15 19 3 16 2 13 11 1 10 18 14 9 17 7 6 5 8 4 12 20 
student 115: 7 20 2 10 15 1 12 8 16 18 13 3 11 5 19 9 6 14 17 4 
student 116: 7 17 19 11 10 18 6 20 5 16 14 12 13 3 9 4 2 15 8 1 
student 117: 19 4 15 8 9 3 16 13 11 5 17 20 18 2 1 7 14 10 6 12 
student 118: 11 1 18 14 6 3 8 13 7 2 19 15 10 9 16 20 5 17 12 4 
student 119: 2 3 18 13 17 1 14 4 16 19 20 10 6 8 7 12 9 15 11 5 
student 120: 19 18 2 20 14 12 13 10 4 3 1 9 15 16 11 7 17 5 8 6 
student 121: 2 5 15 18 20 12 7 1 6 19 4 10 13 3 11 17 8 9 14 16 
student 122: 8 13 15 18 20 16 11 1 3 19 9 12 10 4 5 2 7 17 6 14 
student 123: 19 18 3 9 12 14 6 20 16 17 13 11 4 7 5 1 10 15 8 2 
student 124: 13 3 19 17 8 15 18 4 5 7 20 9 2 1 14 10 16 12 11 6 
student 125: 14 13 17 5 6 16 8 15 1 3 19 7 20 18 11 2 10 4 12 9 
student 126: 14 17 11 16 8 15 2 5 7 4 18 12 6 1 10 19 13 20 3 9 
student 127: 12 11 3 9 13 20 4 7 5 16 18 19 8 1 6 14 2 17 10 15 
student 128: 20 7 3 9 13 6 2 8 15 18 19 11 10 1 12 5 14 16 17 4 
student 129: 7 15 2 20 19 3 6 4 14 5 16 12 17 8 9 1 18 11 13 10 
student 130: 7 11 19 14 12 20 1 6 4 10 2 5 3 9 17 18 15 16 8 13 
student 131: 5 16 12 10 9 1 13 3 6 8 18 11 17 4 2 19 15 14 20 7 
student 132: 19 12 17 4 3 9 11 16 1 7 18 15 5 2 10 8 13 14 20 6 
student 133: 14 2 16 19 15 17 10 18 11 3 20 8 12 9 4 6 5 13 7 1 
student 134: 19 20 7 3 11 9 18 5 14 1 10 12 4 15 17 16 2 13 8 6 
student 135: 14 12 19 8 6 5 1 11 4 16 9 13 3 2 7 15 20 17 18 10 
student 136: 19 2 9 18 3 12 14 5 1 11 16 8 6 13 15 10 17 20 4 7 
student 137: 1 13 14 3 5 19 17 2 4 6 7 15 18 10 20 12 9 16 8 11 
student 138: 18 8 16 15 19 11 13 5 7 6 20 3 12 1 9 14 4 10 17 2 
student 139: 4 18 1 6 15 19 2 5 3 8 20 10 17 12 13 14 16 11 7 9 
student 140: 19 13 3 1 11 17 2 4 9 15 20 18 7 5 8 16 10 14 6 12 
student 141: 9 8 19 18 3 14 7 12 1 15 10 4 16 17 20 2 13 6 11 5 
student 142: 20 15 10 13 18 19 7 9 11 8 17 2 16 3 1 12 5 4 14 6 
student 143: 18 4 10 16 14 3 6 1 13 11 8 15 5 2 20 7 9 12 19 17 
student 144: 17 1 15 18 4 11 6 8 5 20 16 2 9 3 7 13 12 14 10 19 
student 145: 15 1 19 11 9 4 5 7 6 2 14 16 20 12 18 8 13 3 10 17 
student 146: 20 18 3 1 16 2 5 4 10 8 17 6 7 14 15 11 13 9 19 12 
student 147: 20 6 16 14 19 15 7 1 8 10 4 11 9 5 17 3 18 13 12 2 
student 148: 19 12 18 15 11 3 2 7 10 5 16 20 14 6 13 17 4 9 8 1 
student 149: 8 18 13 14 15 1 10 17 3 6 7 11 2 5 20 9 19 16 12 4 
student 150: 19 9 15 20 14 8 10 3 11 7 17 4 2 6 12 16 5 13 18 1 
student 151: 15 2 4 20 13 19 5 6 10 17 14 16 11 7 1 3 8 12 18 9 
student 152: 20 9 6 16 19 12 1 4 14 11 10 8 7 5 15 17 18 3 13 2 
student 153: 15 5 4 20 16 10 14 6 3 7 18 13 2 1 8 17 9 19 12 11 
student 154: 18 6 16 9 13 15 17 11 8 3 10 12 2 1 4 7 5 20 19 14 
student 155: 14 1 17 19 6 11 9 4 8 15 20 16 10 5 3 2 7 13 18 12 
student 156: 6 13 20 2 4 10 11 15 5 3 7 1 8 17 18 19 16 14 9 12 
student 157: 17 2 9 1 14 3 6 20 10 13 16 18 11 7 15 19 5 12 8 4 
student 158: 20 7 14 1 16 18 17 3 13 5 2 11 19 8 10 15 6 12 9 4 
student 159: 8 16 10 13 18 12 5 6 1 2 11 19 20 4 15 3 14 17 9 7 
student 160: 17 2 1 20 11 12 18 9 3 6 14 8 10 7 15 19 16 13 5 4 
student 161: 11 14 9 10 20 16 3 5 4 12 19 15 8 2 1 17 18 13 7 6 
student 162: 9 6 14 19 18 10 5 12 15 3 8 16 17 2 11 13 4 20 7 1 
student 163: 15 13 12 4 20 17 2 5 9 7 16 8 6 3 19 1 18 14 10 11 
student 164: 5 18 16 19 20 8 12 13 17 7 10 14 9 2 6 11 1 15 4 3 
student 165: 17 8 13 18 1 19 14 4 6 12 15 2 5 20 7 9 10 16 3 11 
student 166: 8 14 17 7 10 18 2 4 20 6 5 1 12 3 16 11 13 19 9 15 
student 167: 19 4 7 14 20 11 10 12 17 2 13 9 18 8 5 1 16 15 3 6 
student 168: 20 12 15 11 7 6 2 4 3 8 19 18 9 17 13 1 16 14 10 5 
student 169: 19 5 14 3 10 13 2 4 6 7 11 20 15 1 8 18 17 16 9 12 
student 170: 8 5 6 19 15 9 3 7 2 13 18 17 4 11 16 1 12 20 10 14 
student 171: 3 10 20 19 2 17 5 7 16 1 14 8 18 4 9 11 15 13 12 6 
student 172: 9 15 19 6 18 17 10 12 13 3 20 14 7 1 5 11 16 2 8 4 
student 173: 19 1 12 18 17 7 8 2 9 3 11 14 13 4 10 5 6 20 15 16 
student 174: 13 19 18 14 6 15 10 2 1 5 12 20 7 8 17 16 11 9 3 4 
student 175: 16 2 8 18 20 15 9 5 10 11 4 19 17 1 6 13 12 14 7 3 
student 176: 18 15 10 11 19 5 4 1 9 13 20 14 3 12 6 2 17 7 16 8 
student 177: 3 17 6 16 18 14 4 10 5 13 20 9 15 1 7 12 11 8 19 2 
student 178: 18 12 9 13 11 3 4 20 16 1 17 6 10 15 7 5 19 2 8 14 
student 179: 5 12 19 8 2 14 3 17 20 7 18 16 13 4 10 15 11 9 6 1 
student 180: 2 15 11 10 14 3 1 8 4 7 18 20 12 5 6 17 19 16 9 13 
student 181: 12 14 11 1 5 18 2 13 6 16 8 15 4 17 19 7 10 20 9 3 
student 182: 5 11 15 20 2 4 8 12 17 1 6 16 3 7 9 10 19 14 18 13 
student 183: 12 4 15 17 9 6 2 16 1 3 19 20 11 14 7 5 8 18 10 13 
student 184: 8 14 12 11 9 6 2 18 13 5 10 15 17 3 20 4 1 19 7 16 
student 185: 17 13 16 18 14 12 5 3 2 10 20 19 4 1 11 15 6 7 8 9 
student 186: 8 1 18 12 7 17 5 9 4 11 14 20 15 2 13 19 16 10 3 6 
student 187: 14 13 5 11 20 12 1 16 6 8 7 9 19 3 15 17 2 18 4 10 
student 188: 6 12 8 16 20 7 10 1 2 11 13 17 18 15 14 9 19 5 4 3 
student 189: 17 18 16 5 10 8 1 3 14 12 19 15 7 13 20 2 4 11 9 6 
student 190: 18 14 7 17 11 3 12 9 19 10 1 8 5 4 15 6 2 20 13 16 
student 191: 16 20 6 15 4 12 8 1 2 19 14 18 5 13 11 9 7 17 10 3 
student 192: 3 4 17 11 6 19 9 13 7 5 14 15 1 10 18 16 20 8 2 12 
student 193: 9 7 17 16 12 6 19 1 8 3 15 11 2 4 10 13 18 20 5 14 
student 194: 3 6 17 13 20 4 2 8 5 7 14 18 16 10 12 9 15 19 11 1 
student 195: 10 5 15 17 12 14 20 9 3 2 19 16 1 18 13 4 11 8 6 7 
student 196: 17 2 9 13 20 19 7 6 16 18 15 5 4 14 8 3 10 1 11 12 
student 197: 16 18 12 10 11 7 6 4 15 5 20 14 9 1 17 2 3 19 8 13 
student 198: 13 5 17 14 18 9 15 4 7 8 20 1 10 3 19 12 11 16 2 6 
student 199: 20 5 15 16 18 12 1 2 7 8 4 13 17 3 11 6 14 10 19 9 
student 200: 15 12 10 6 17 20 13 3 5 2 4 18 11 8 19 7 14 1 9 16 
student 201: 20 16 11 10 19 2 1 15 5 8 13 4 7 12 9 3 14 17 6 18 
student 202: 2 10 18 16 19 11 15 9 1 4 20 6 5 3 12 17 13 14 7 8 
student 203: 16 4 17 12 11 14 9 6 20 19 13 8 5 1 18 2 7 10 3 15 
student 204: 20 6 13 12 10 5 14 7 19 3 15 18 4 16 17 11 2 8 9 1 
student 205: 2 8 20 13 3 11 5 14 4 1 7 6 15 17 18 9 19 12 10 16 
student 206: 9 2 16 8 4 7 17 15 3 5 11 12 20 6 13 19 10 18 1 14 
student 207: 20 16 1 6 17 4 7 2 19 15 9 18 8 3 13 10 14 11 12 5 
student 208: 12 1 13 20 8 14 3 2 11 16 7 19 10 6 17 15 4 5 9 18 
student 209: 14 9 7 19 18 6 15 11 5 3 17 8 1 2 13 16 10 20 4 12 
student 210: 16 5 9 12 18 14 8 10 4 1 19 20 6 2 13 3 15 11 17 7 
student 211: 20 12 4 14 6 18 8 1 7 5 17 11 15 16 10 2 3 9 19 13 
student 212: 13 10 17 2 16 8 1 6 4 9 15 20 11 3 18 14 19 5 7 12 
student 213: 13 6 5 3 7 17 2 10 11 16 20 9 8 1 14 4 19 12 18 15 
student 214: 17 4 16 12 15 11 1 6 2 18 5 19 13 9 20 3 7 10 14 8 
student 215: 7 13 9 3 10 18 19 16 5 1 20 12 15 4 2 8 14 17 6 11 
student 216: 6 1 2 16 15 12 11 3 10 9 17 13 7 8 18 14 19 20 5 4 
student 217: 19 17 2 4 18 8 11 7 1 15 20 6 16 10 3 9 14 13 12 5 
student 218: 13 8 18 4 14 16 15 19 9 5 12 20 1 6 17 3 2 11 7 10 
student 219: 12 4 1 6 11 18 7 10 2 5 20 13 15 3 19 16 9 14 8 17 
student 220: 19 18 3 9 16 7 5 6 4 10 2 15 14 17 12 13 8 11 1 20 
student 221: 5 7 14 16 19 6 8 13 9 10 17 18 2 12 15 11 1 20 4 3 
student 222: 12 6 16 14 18 10 5 1 3 2 8 20 15 9 7 13 17 19 11 4 
student 223: 20 2 18 7 10 6 4 16 5 8 3 11 17 1 14 9 12 19 15 13 
student 224: 14 11 16 15 17 9 2 5 12 1 20 10 6 4 8 13 3 19 7 18 
student 225: 12 9 15 13 11 7 4 18 17 8 3 6 2 1 20 14 19 10 16 5 
student 226: 1 10 5 13 7 16 9 3 14 4 18 15 12 6 8 11 20 17 19 2 
student 227: 14 17 3 10 18 8 9 11 2 6 16 19 1 5 15 20 12 13 4 7 
student 228: 17 8 9 20 10 19 3 4 13 15 11 14 1 7 5 18 16 12 2 6 
student 229: 1 17 13 6 15 8 10 5 14 11 19 12 4 16 7 3 18 20 2 9 
student 230: 20 16 4 9 13 5 11 18 2 3 6 14 12 1 17 15 8 19 10 7 
student 231: 17 12 18 20 7 1 2 6 14 5 16 9 11 3 4 10 13 19 8 15 
student 232: 14 9 11 19 5 20 6 1 7 2 15 16 8 4 10 18 12 13 17 3 
student 233: 17 7 2 1 16 11 15 12 3 5 8 20 14 10 19 9 6 13 18 4 
student 234: 5 18 11 12 6 20 1 8 9 14 4 19 2 17 15 10 7 16 13 3 
student 235: 11 15 5 3 20 19 2 6 4 1 18 17 14 8 7 12 10 13 16 9 
student 236: 16 2 14 5 4 9 10 3 1 6 17 20 19 12 7 11 13 15 18 8 
student 237: 15 4 9 17 20 16 1 2 3 6 18 7 19 13 14 12 5 10 11 8 
student 238: 4 10 20 2 17 12 1 7 14 5 19 18 6 16 13 11 9 15 8 3 
student 239: 6 11 12 4 15 2 5 10 1 7 19 18 16 13 17 3 14 8 20 9 
student 240: 1 8 16 19 10 7 9 18 6 5 13 20 14 4 12 2 15 17 11 3 
student 241: 17 10 20 14 2 4 1 7 3 16 18 5 15 8 9 13 11 12 19 6 
student 242: 19 1 17 10 9 5 11 14 15 2 20 12 16 4 18 6 3 8 7 13 
student 243: 20 7 8 11 10 3 1 4 17 15 18 19 14 16 13 9 6 5 12 2 
student 244: 5 17 20 10 11 1 14 7 18 2 19 6 13 15 16 8 4 12 3 9 
student 245: 9 6 12 11 14 8 13 10 16 2 20 15 19 7 5 1 4 17 18 3 
student 246: 4 5 6 14 15 3 10 20 13 2 17 16 11 7 18 9 19 12 1 8 
student 247: 17 16 13 19 20 3 5 1 4 12 11 7 18 2 9 6 10 15 14 8 
student 248: 9 11 15 14 18 13 6 2 3 4 10 20 16 12 19 17 7 5 1 8 
student 249: 16 4 6 15 1 14 3 11 7 8 10 19 18 2 9 13 12 17 20 5 
student 250: 17 11 1 18 14 4 9 6 16 15 8 20 3 2 10 7 12 19 5 13 
student 251: 9 1 20 10 16 18 6 5 12 14 19 7 17 3 15 11 8 13 4 2 
student 252: 17 13 6 14 11 20 7 8 12 5 4 18 1 3 2 16 10 15 19 9 
student 253: 17 7 5 9 14 19 6 1 12 2 10 18 20 16 11 15 8 4 3 13 
student 254: 14 7 11 9 3 17 5 8 15 6 16 18 1 10 20 4 19 13 2 12 
student 255: 11 2 15 17 19 20 10 8 7 1 13 16 18 4 12 6 14 9 5 3 
student 256: 12 9 7 20 13 10 6 3 2 11 14 19 16 5 18 1 4 15 17 8 
student 257: 12 11 17 20 2 9 1 6 3 4 14 16 7 5 8 13 19 18 15 10 
student 258: 5 10 13 16 12 6 7 8 11 9 19 14 1 20 17 4 15 18 2 3 
student 259: 2 16 6 7 17 3 14 19 1 4 5 10 18 15 12 20 11 9 13 8 
student 260: 16 2 19 13 7 11 6 1 15 5 8 20 4 12 18 17 9 3 14 10 
student 261: 15 7 19 17 3 4 18 11 2 10 20 13 5 6 9 1 8 14 16 12 
student 262: 7 13 16 20 18 14 2 8 4 10 1 12 17 19 15 11 9 5 6 3 
student 263: 10 14 6 18 8 3 12 15 1 19 16 11 4 17 9 7 2 20 5 13 
student 264: 13 15 7 18 4 12 3 9 6 2 19 16 17 8 11 14 10 20 5 1 
student 265: 17 13 11 9 20 14 16 8 5 19 18 12 15 2 7 1 3 10 4 6 
student 266: 10 1 7 6 16 12 9 2 8 15 20 19 17 5 4 18 11 14 3 13 
student 267: 19 8 2 14 4 15 6 1 3 13 18 17 9 5 16 10 12 7 11 20 
student 268: 17 6 4 1 12 18 19 10 5 8 7 9 16 2 11 13 20 14 3 15 
student 269: 17 5 9 16 10 14 6 3 1 7 20 11 15 4 18 2 13 19 8 12 
student 270: 18 3 16 14 15 8 4 1 9 13 20 7 11 5 6 10 12 19 17 2 
student 271: 14 4 17 13 18 16 20 10 6 9 7 15 8 11 3 12 5 19 1 2 
student 272: 16 3 7 20 11 14 10 13 19 1 8 9 2 6 12 18 17 15 4 5 
student 273: 19 13 12 11 3 15 17 2 7 5 20 9 18 6 1 8 10 16 14 4 
student 274: 3 9 19 16 11 14 5 18 1 10 17 12 7 6 20 15 2 13 8 4 
student 275: 12 19 17 18 14 10 1 4 6 7 2 11 15 5 3 8 9 13 16 20 
student 276: 18 4 11 10 6 5 1 9 16 17 2 12 14 13 7 19 20 15 3 8 
student 277: 17 14 20 12 16 4 7 3 9 5 11 15 19 2 8 1 10 6 13 18 
student 278: 10 16 9 20 11 19 17 6 4 1 13 7 18 12 15 3 5 14 2 8 
student 279: 10 15 1 2 6 20 12 5 13 14 11 16 18 7 3 19 17 9 4 8 
student 280: 5 2 15 9 14 7 6 11 13 4 19 20 18 1 16 17 12 3 10 8 
student 281: 13 6 12 10 14 19 1 9 3 2 18 8 4 7 20 16 17 15 5 11 
student 282: 18 11 20 17 16 4 9 14 6 12 19 8 2 3 13 10 5 15 7 1 
student 283: 16 9 1 17 11 18 4 6 8 2 19 10 14 15 3 13 20 5 12 7 
student 284: 12 1 16 8 15 18 2 9 11 7 20 17 6 4 3 14 10 19 5 13 
student 285: 20 12 18 17 16 8 9 3 7 14 15 5 2 4 1 6 19 11 10 13 
student 286: 11 1 13 6 19 14 4 3 15 20 17 18 16 5 9 12 8 10 7 2 
student 287: 15 3 5 20 9 13 8 10 1 11 12 2 19 4 6 16 14 7 18 17 
student 288: 16 17 10 7 15 4 3 14 18 1 19 13 11 9 8 12 6 20 2 5 
student 289: 16 11 3 2 20 15 4 18 13 12 8 7 6 9 1 17 10 19 14 5 
student 290: 11 10 15 8 18 20 7 17 6 5 14 13 12 1 9 4 16 3 2 19 
student 291: 1 19 12 20 18 17 6 10 9 2 7 15 14 8 4 11 13 3 16 5 
student 292: 14 6 13 15 20 7 1 9 17 2 16 8 11 3 18 10 19 5 12 4 
student 293: 8 10 12 16 15 19 5 14 6 11 4 1 9 13 18 17 7 20 2 3 
student 294: 17 13 11 18 14 10 5 1 4 15 19 16 2 9 12 8 3 7 20 6 
student 295: 5 20 14 11 8 1 18 3 9 4 15 12 19 2 6 7 10 17 16 13 
student 296: 1 6 13 18 20 15 3 5 7 10 19 16 2 8 17 14 12 9 11 4 
student 297: 14 6 17 13 5 9 8 7 10 12 18 4 11 1 2 16 15 19 20 3 
student 298: 14 13 17 10 18 8 2 7 5 4 11 15 12 20 1 6 9 3 19 16 
student 299: 18 12 17 8 16 1 3 10 5 4 6 11 7 20 9 14 15 19 13 2 
student 300: 3 9 8 2 6 18 7 15 17 1 11 16 14 5 19 4 20 13 10 12 
student 301: 17 1 6 13 10 19 4 9 5 8 15 7 12 3 16 2 11 18 14 20 
student 302: 18 1 13 3 14 16 4 11 7 2 9 20 8 10 6 5 19 17 15 12 
student 303: 8 15 16 18 6 5 1 4 3 19 9 10 17 2 12 7 13 20 14 11 
student 304: 14 8 4 11 16 19 17 6 12 1 18 10 3 5 2 13 9 7 20 15 
student 305: 14 20 5 2 3 4 8 16 6 13 15 1 11 7 18 10 19 17 12 9 
student 306: 19 13 11 12 14 6 1 16 9 2 8 17 5 4 3 20 10 18 15 7 
student 307: 4 2 10 11 16 12 17 1 9 8 6 15 18 3 5 13 7 19 20 14 
student 308: 17 8 4 19 11 16 1 13 10 7 5 15 9 18 14 2 3 12 6 20 
student 309: 15 13 1 6 18 11 7 4 14 20 2 16 19 5 3 9 12 10 8 17 
student 310: 20 5 18 17 12 9 14 1 3 11 13 10 8 15 16 2 7 4 19 6 
student 311: 16 4 8 6 15 12 10 9 14 5 18 17 19 2 3 7 13 11 20 1 
student 312: 16 1 7 6 13 19 8 4 5 11 3 14 12 9 20 18 10 15 17 2 
student 313: 10 12 20 8 17 4 6 7 11 2 19 5 14 3 1 16 15 13 18 9 
student 314: 20 4 1 15 19 11 9 7 2 12 16 18 14 3 17 5 13 8 6 10 
student 315: 18 2 20 12 7 1 9 3 5 10 8 17 19 6 4 11 16 14 13 15 
student 316: 13 8 20 9 3 15 14 4 10 2 19 17 18 5 11 16 7 12 6 1 
student 317: 5 18 12 17 16 20 8 6 10 15 14 11 4 1 3 13 9 19 2 7 
student 318: 11 3 10 17 12 16 5 2 13 7 20 14 18 19 6 15 8 1 9 4 
student 319: 8 13 15 9 18 10 3 1 2 4 12 20 16 11 19 5 7 17 14 6 
student 320: 13 16 17 12 19 14 4 1 3 5 20 18 11 6 2 10 9 7 15 8 
student 321: 15 7 17 16 6 12 4 11 1 5 13 18 2 8 9 3 14 20 19 10 
student 322: 16 14 7 13 20 1 6 8 11 10 12 18 5 15 3 2 17 4 19 9 
student 323: 7 3 5 19 2 4 17 1 16 8 12 14 20 11 9 6 13 10 18 15 
student 324: 13 15 18 6 11 3 5 1 12 19 4 10 16 9 20 8 14 17 2 7 
student 325: 5 10 20 18 9 1 6 2 15 16 7 19 12 4 11 14 17 13 3 8 
student 326: 2 9 19 15 8 6 7 11 4 5 20 16 13 3 14 10 1 17 18 12 
student 327: 15 6 16 9 20 13 3 4 8 17 11 18 12 7 14 10 2 19 5 1 
student 328: 17 11 14 15 13 6 8 20 1 5 4 12 7 16 10 19 18 2 9 3 
student 329: 13 9 7 8 16 2 5 4 1 18 15 19 6 3 17 20 12 10 11 14 
student 330: 8 13 3 14 19 10 11 4 7 17 18 12 16 2 5 6 15 20 9 1 
student 331: 20 13 10 1 14 4 19 8 18 5 16 17 7 3 12 11 9 6 2 15 
student 332: 10 2 19 18 15 12 1 4 6 7 16 11 3 5 9 8 13 20 17 14 
student 333: 17 7 8 20 19 15 10 3 4 12 13 14 16 11 1 18 6 9 5 2 
student 334: 11 14 9 10 18 4 3 15 7 16 13 19 1 12 20 2 5 8 17 6 
student 335: 15 13 19 1 2 14 11 9 8 7 16 20 18 4 17 6 12 10 5 3 
student 336: 2 4 9 16 1 6 5 7 3 15 20 10 11 8 18 13 17 19 14 12 
student 337: 15 4 17 1 5 6 19 18 3 10 16 14 11 13 8 7 12 2 9 20 
student 338: 9 11 20 10 8 6 14 7 19 5 13 15 12 16 4 18 3 17 2 1 
student 339: 18 6 15 20 11 16 1 3 4 2 13 9 14 5 8 10 17 7 19 12 
student 340: 17 16 1 8 14 9 2 18 15 11 20 10 13 19 5 6 12 3 7 4 
student 341: 12 15 20 4 7 10 5 6 17 8 18 2 13 3 16 1 14 11 19 9 
student 342: 19 2 20 11 5 7 9 3 17 8 1 15 12 14 4 6 10 13 18 16 
student 343: 2 6 20 16 13 9 19 1 4 10 8 15 14 18 17 12 3 11 7 5 
student 344: 6 17 18 13 16 15 1 5 2 9 14 20 19 4 3 10 11 12 8 7 
student 345: 17 13 8 12 14 11 10 5 9 19 18 15 6 16 4 2 7 20 3 1 
student 346: 19 2 6 7 8 17 4 3 1 11 20 10 12 14 16 9 5 18 15 13 
student 347: 3 9 8 15 18 11 16 1 19 6 17 20 10 2 14 12 7 13 5 4 
student 348: 18 4 20 3 12 15 1 2 5 8 19 6 13 11 16 9 10 7 14 17 
student 349: 20 5 10 4 15 9 6 19 2 18 1 11 17 8 7 13 16 12 14 3 
student 350: 11 3 8 16 10 4 14 18 7 1 9 5 15 12 20 6 17 13 2 19 
student 351: 3 16 10 19 8 15 6 20 12 9 4 18 5 11 13 7 14 17 2 1 
student 352: 15 4 14 16 20 18 1 3 17 9 5 12 7 13 11 2 6 19 8 10 
student 353: 13 1 17 6 11 12 3 14 5 8 20 2 19 4 10 9 15 16 7 18 
student 354: 12 15 1 20 7 9 3 8 11 6 13 17 18 5 10 2 4 14 16 19 
student 355: 6 16 18 1 12 3 4 2 19 14 15 20 8 9 7 5 11 13 17 10 
student 356: 2 3 4 7 8 19 16 10 14 5 15 20 9 1 11 6 18 17 12 13 
student 357: 4 16 2 5 6 1 20 11 17 14 15 13 9 8 18 10 7 19 3 12 
student 358: 17 7 16 1 20 4 2 11 9 15 19 8 12 13 14 3 18 5 10 6 
student 359: 7 14 4 18 19 6 9 2 3 11 20 12 16 1 13 15 10 17 8 5 
student 360: 19 20 8 11 9 7 13 12 16 2 6 17 3 1 4 10 18 15 14 5 
student 361: 10 4 18 17 8 11 16 5 9 6 14 19 12 1 7 3 20 13 15 2 
student 362: 3 19 4 9 6 11 1 10 8 12 7 15 17 2 18 5 13 20 16 14 
student 363: 19 10 12 17 14 16 4 9 3 7 11 20 13 6 2 1 8 18 15 5 
student 364: 9 2 3 16 18 15 14 17 5 10 19 4 13 1 20 8 11 12 7 6 
student 365: 16 12 7 15 14 20 9 11 6 1 17 4 13 2 8 19 5 18 3 10 
student 366: 13 8 16 2 7 10 1 9 14 5 6 20 12 4 18 3 15 19 11 17 
student 367: 14 4 5 15 10 13 3 2 19 20 12 9 7 18 11 1 8 17 6 16 
student 368: 17 20 3 16 9 19 15 6 8 7 2 13 18 4 12 5 11 1 14 10 
student 369: 4 8 17 2 15 16 6 11 12 14 7 18 1 5 13 20 3 9 19 10 
student 370: 7 1 15 20 17 19 12 9 6 3 8 18 4 2 5 13 11 16 14 10 
student 371: 12 13 19 9 3 8 6 4 11 1 18 20 2 7 10 14 16 15 17 5 
student 372: 20 17 7 14 15 3 5 6 12 16 10 18 2 11 13 9 8 4 1 19 
student 373: 20 3 5 7 8 11 14 4 9 2 19 6 17 13 15 12 16 10 18 1 
student 374: 19 17 16 11 15 5 4 6 14 18 9 12 8 13 7 1 2 20 10 3 
student 375: 3 1 13 4 17 14 2 18 19 9 7 6 8 5 20 11 15 10 12 16 
student 376: 8 1 14 19 4 17 10 3 12 16 9 15 5 2 13 18 6 20 7 11 
student 377: 15 1 14 16 11 19 6 13 8 10 17 20 9 7 18 3 4 2 12 5 
student 378: 4 12 3 16 18 7 14 10 6 8 1 2 19 17 20 9 13 11 5 15 
student 379: 19 2 9 17 4 7 1 6 8 13 5 15 18 20 10 11 3 14 12 16 
student 380: 15 11 9 5 18 19 10 3 14 8 17 6 7 12 1 2 20 13 16 4 
student 381: 6 2 17 13 9 3 4 1 5 19 15 12 18 14 10 11 7 20 8 16 
student 382: 13 14 19 17 8 18 7 6 20 15 12 16 2 5 11 3 1 10 9 4 
student 383: 10 20 14 12 7 19 13 4 6 15 17 2 8 3 5 16 9 18 1 11 
student 384: 14 20 18 6 13 9 10 4 8 12 17 16 5 2 19 3 15 11 1 7 
student 385: 15 7 14 5 20 4 13 9 2 1 8 16 11 17 18 10 3 19 12 6 
student 386: 2 1 20 18 12 3 4 7 5 10 16 14 17 13 9 8 15 6 11 19 
student 387: 20 3 2 9 7 19 1 12 17 6 11 18 4 10 5 16 15 13 14 8 
student 388: 15 7 6 20 3 14 5 16 12 2 17 19 4 1 13 8 11 9 18 10 
student 389: 20 3 12 14 16 10 4 5 8 9 19 11 2 15 13 6 17 18 7 1 
student 390: 3 1 14 12 20 10 8 4 9 16 19 6 5 13 15 18 2 17 11 7 
student 391: 6 15 12 13 14 16 5 1 4 9 3 20 7 11 8 19 10 18 2 17 
student 392: 10 11 7 12 15 1 6 4 3 9 16 19 5 2 17 20 18 14 13 8 
student 393: 12 8 19 17 10 15 3 14 6 7 13 20 18 2 4 11 16 1 5 9 
student 394: 20 12 11 17 13 8 1 5 3 6 18 2 15 7 16 19 14 9 10 4 
student 395: 20 14 15 19 12 11 8 6 13 3 10 16 5 1 4 9 17 18 7 2 
student 396: 8 20 6 7 2 18 9 3 12 11 13 17 5 15 1 10 16 19 4 14 
student 397: 16 8 20 7 12 5 1 2 10 3 17 15 19 9 13 11 14 18 6 4 
student 398: 16 2 11 15 13 19 9 7 6 8 18 17 3 10 14 1 12 20 5 4 
student 399: 15 12 10 6 17 3 4 2 18 13 9 16 11 7 14 5 20 8 1 19 
student 400: 9 8 6 3 15 12 18 4 19 1 20 17 16 2 10 11 5 14 13 7 
student 401: 20 4 9 5 6 8 11 12 3 2 13 19 15 14 16 10 18 17 7 1 
student 402: 6 13 16 17 12 11 9 1 8 2 15 14 18 4 20 3 10 19 5 7 
student 403: 9 7 16 15 18 10 11 3 14 2 5 17 20 1 4 13 12 8 19 6 
student 404: 16 3 13 12 14 11 6 7 1 9 15 10 17 2 5 8 20 19 18 4 
student 405: 18 7 20 1 6 2 3 12 15 9 17 8 14 11 13 16 10 19 5 4 
student 406: 15 5 8 9 19 3 10 1 13 11 14 7 17 6 16 20 4 2 12 18 
student 407: 15 6 14 18 19 8 5 1 9 17 13 11 7 4 2 20 16 12 10 3 
student 408: 14 15 18 1 13 12 4 2 9 6 20 7 3 16 17 10 19 11 8 5 
student 409: 3 19 11 12 16 13 2 6 10 9 15 18 1 4 17 14 7 20 8 5 
student 410: 18 15 9 17 16 4 7 14 2 8 6 13 11 5 3 19 10 20 1 12 
student 411: 11 14 12 20 17 10 2 5 1 4 16 13 3 19 18 6 8 15 7 9 
student 412: 20 7 19 15 8 10 1 2 11 5 6 14 18 4 17 13 12 9 16 3 
student 413: 4 16 19 10 12 9 14 13 5 1 7 15 17 3 18 6 20 8 2 11 
student 414: 16 13 2 18 19 15 4 1 9 17 5 8 11 10 6 12 20 14 3 7 
student 415: 13 6 3 7 4 5 18 14 16 19 20 17 8 10 15 2 11 12 1 9 
student 416: 7 12 1 17 18 2 14 13 6 4 11 20 3 8 15 5 19 9 16 10 
student 417: 20 8 17 14 9 16 3 10 19 11 4 7 12 13 15 5 1 2 18 6 
student 418: 18 7 3 12 8 13 5 2 4 9 6 19 16 15 11 14 20 17 1 10 
student 419: 9 4 19 6 11 14 7 5 3 1 15 12 8 18 17 16 2 10 20 13 
student 420: 9 2 18 12 17 5 13 4 8 14 19 11 20 3 7 16 10 15 1 6 
student 421: 12 1 20 18 17 16 9 4 10 14 19 15 7 6 3 2 8 5 11 13 
student 422: 20 18 14 3 12 5 9 13 2 19 15 10 16 1 8 17 7 11 6 4 
student 423: 19 7 12 1 17 4 15 6 13 5 9 10 20 8 16 2 18 14 3 11 
student 424: 9 12 16 14 3 10 7 1 8 17 4 18 15 5 13 11 20 19 2 6 
student 425: 1 9 18 16 7 12 3 5 2 8 20 19 15 13 10 11 17 14 6 4 
student 426: 13 20 9 7 12 17 4 19 5 6 11 15 8 3 18 2 1 14 10 16 
student 427: 17 2 4 20 10 16 11 3 1 7 9 5 12 15 18 19 6 8 14 13 
student 428: 20 13 8 4 2 17 9 1 15 5 11 6 18 12 14 10 19 16 7 3 
student 429: 18 3 7 5 10 11 9 1 8 20 19 13 14 15 6 16 2 17 12 4 
student 430: 5 19 9 14 3 17 1 6 8 4 13 7 11 2 16 15 10 20 18 12 
student 431: 19 11 12 13 18 6 8 4 16 10 20 17 1 9 14 5 15 2 3 7 
student 432: 20 10 13 15 14 6 1 12 2 5 7 4 11 18 8 19 9 16 3 17 
student 433: 9 15 14 7 4 17 6 20 19 10 11 18 3 1 12 13 8 16 2 5 
student 434: 11 2 18 15 12 14 9 10 1 17 16 20 4 3 7 5 13 19 6 8 
student 435: 11 20 18 7 4 5 2 3 16 8 14 6 15 10 1 17 12 19 9 13 
student 436: 10 3 19 13 7 15 11 4 2 6 9 17 14 5 12 1 18 20 8 16 
student 437: 12 17 6 15 9 18 3 5 13 16 19 11 4 10 8 20 1 7 14 2 
student 438: 19 2 6 20 14 8 15 7 11 1 13 17 18 4 9 3 5 10 16 12 
student 439: 9 4 19 12 17 11 3 15 8 10 1 20 2 18 6 13 14 16 5 7 
student 440: 14 3 4 20 2 9 10 8 11 18 12 5 16 6 1 13 15 19 17 7 
student 441: 17 18 14 11 2 16 5 1 4 3 13 15 12 9 20 10 6 19 7 8 
student 442: 18 1 16 12 20 13 8 17 10 3 15 19 6 2 11 7 14 9 5 4 
student 443: 14 5 13 12 16 10 7 4 8 3 17 20 11 9 2 1 19 18 15 6 
student 444: 12 14 19 8 13 11 1 3 6 2 18 10 16 17 9 5 4 20 15 7 
student 445: 13 4 3 16 5 19 1 10 9 18 15 17 6 8 20 12 11 14 7 2 
student 446: 16 11 12 20 19 6 1 15 5 13 3 17 8 10 2 9 4 18 14 7 
student 447: 15 1 10 12 18 14 5 20 17 13 6 16 8 7 4 2 19 11 9 3 
student 448: 17 5 2 4 14 1 11 16 6 9 12 20 3 10 18 19 13 15 7 8 
student 449: 17 18 20 12 15 2 6 14 11 13 10 3 19 8 4 5 16 9 7 1 
student 450: 19 1 16 17 8 13 14 6 20 10 15 4 18 9 3 12 2 11 5 7 
student 451: 2 8 7 17 11 3 20 19 13 5 10 16 9 15 14 6 4 18 1 12 
student 452: 20 15 12 2 14 9 8 10 3 13 17 18 6 4 7 1 19 16 5 11 
student 453: 19 10 20 15 2 8 12 7 17 6 5 11 18 4 16 9 14 13 1 3 
student 454: 10 16 12 4 13 18 19 3 17 1 20 9 7 6 2 11 14 5 15 8 
student 455: 13 7 20 12 19 11 6 9 3 5 8 15 17 2 4 14 1 18 16 10 
student 456: 7 16 8 4 20 14 19 17 15 12 10 3 1 2 13 5 6 9 11 18 
student 457: 7 15 11 20 3 10 8 13 5 9 12 1 6 2 19 18 16 17 14 4 
student 458: 19 15 9 17 12 6 10 14 4 2 18 16 11 8 5 20 3 13 7 1 
student 459: 11 10 17 20 19 14 7 1 6 8 3 2 13 5 15 12 9 16 18 4 
student 460: 12 3 10 15 18 7 5 1 11 13 20 19 4 16 17 2 14 8 9 6 
student 461: 13 6 7 10 19 1 15 18 8 2 14 16 4 12 17 20 9 11 3 5 
student 462: 15 18 6 3 13 20 2 5 9 8 16 19 4 11 12 14 1 10 7 17 
student 463: 20 15 8 12 14 11 1 4 16 6 18 9 10 3 5 19 17 13 2 7 
student 464: 7 18 13 5 16 8 1 2 10 9 12 19 14 6 17 11 15 20 3 4 
student 465: 10 9 20 6 3 5 7 19 1 8 16 14 15 18 13 11 17 12 4 2 
student 466: 15 18 3 10 17 13 2 5 6 11 14 8 19 4 16 7 12 20 1 9 
student 467: 15 7 17 20 18 11 9 6 4 16 19 13 8 1 12 2 3 5 14 10 
student 468: 13 6 8 18 17 19 5 1 11 2 14 9 20 12 15 3 4 10 16 7 
student 469: 16 2 7 11 9 20 14 18 17 3 19 6 1 5 4 10 15 13 8 12 
student 470: 12 8 1 20 19 5 7 4 11 9 17 16 3 6 15 10 13 2 18 14 
student 471: 15 20 6 13 1 11 9 2 7 4 17 14 12 8 3 10 5 19 16 18 
student 472: 11 18 1 7 14 13 19 20 6 12 17 16 10 4 2 3 9 15 8 5 
student 473: 3 16 19 20 8 5 17 10 15 18 1 9 6 12 7 13 2 4 14 11 
student 474: 17 8 19 11 16 4 13 1 15 10 9 7 5 6 14 2 18 20 12 3 
student 475: 6 7 13 16 4 20 12 10 17 3 8 11 18 2 5 9 14 19 15 1 
student 476: 15 9 16 20 8 12 13 18 10 6 17 14 3 1 11 7 5 4 19 2 
student 477: 19 3 17 20 5 14 7 2 6 1 16 18 8 9 10 4 11 13 15 12 
student 478: 15 5 4 13 20 18 2 3 1 6 17 12 19 9 7 16 11 10 14 8 
student 479: 4 10 8 19 6 14 9 13 5 11 17 18 3 15 12 7 2 16 20 1 
student 480: 4 19 10 2 18 9 5 1 7 12 8 20 3 6 11 17 13 16 14 15 
student 481: 15 9 8 20 13 5 10 3 14 4 12 11 1 7 16 19 18 17 2 6 
student 482: 17 10 9 19 12 16 1 2 3 15 13 11 7 5 18 6 14 20 4 8 
student 483: 8 10 11 6 20 9 4 16 5 3 13 12 14 2 19 1 15 17 18 7 
student 484: 17 7 2 10 16 12 6 8 5 15 13 18 19 9 4 14 11 1 20 3 
student 485: 12 9 20 1 15 10 6 3 7 2 19 18 11 13 14 5 16 17 4 8 
student 486: 2 5 16 7 10 9 4 1 11 6 15 20 19 3 8 17 18 14 12 13 
student 487: 7 11 1 6 5 19 2 4 10 8 16 18 12 9 17 15 20 3 14 13 
student 488: 5 12 16 10 14 7 20 4 15 2 19 17 8 11 1 9 3 18 6 13 
student 489: 7 1 4 11 12 16 2 3 14 18 10 5 9 6 19 17 13 15 8 20 
student 490: 15 14 19 7 6 1 11 4 10 9 18 20 12 5 13 3 16 17 8 2 
student 491: 7 3 17 6 10 13 1 11 20 2 16 14 12 5 19 15 18 8 9 4 
student 492: 13 9 10 14 20 2 3 4 18 5 12 8 11 16 6 17 19 7 15 1 
student 493: 8 15 17 13 9 12 2 7 11 4 20 16 19 1 14 5 6 18 3 10 
student 494: 20 9 5 1 12 14 15 7 19 8 10 11 3 4 2 13 18 17 6 16 
student 495: 2 12 17 15 10 14 4 6 3 5 20 13 8 1 16 18 9 19 7 11 
student 496: 19 10 12 4 18 11 1 3 20 7 17 15 8 2 5 9 14 16 6 13 
student 497: 8 11 12 2 17 16 7 13 3 9 14 18 20 1 10 15 19 4 6 5 
student 498: 12 9 6 20 18 15 2 3 5 8 19 1 11 17 14 7 4 16 13 10 
student 499: 16 10 14 18 5 8 4 9 11 20 19 17 15 2 1 3 13 6 7 12 
student 500: 18 2 19 17 15 4 7 1 3 6 9 12 11 5 16 13 14 10 8 20 
student 501: 3 19 14 18 17 2 6 15 13 11 5 20 8 9 7 4 16 12 1 10 
student 502: 7 4 15 11 20 10 17 5 2 1 16 9 19 8 13 18 12 14 6 3 
student 503: 14 13 8 16 5 10 4 6 12 2 19 11 3 1 18 9 15 20 17 7 
student 504: 15 16 14 17 10 2 8 4 13 1 18 20 9 5 11 6 12 19 7 3 
student 505: 17 16 14 18 2 15 9 8 5 6 20 13 3 4 11 12 10 19 7 1 
student 506: 3 10 18 12 20 17 16 2 1 8 19 13 11 14 7 4 9 15 5 6 
student 507: 20 14 15 4 5 12 7 1 2 16 10 8 3 6 18 11 13 17 9 19 
student 508: 10 17 20 18 4 7 9 3 12 2 15 6 1 11 14 19 5 8 16 13 
student 509: 8 5 20 18 14 10 7 15 11 4 16 19 2 12 3 6 13 17 9 1 
student 510: 19 11 12 13 5 10 2 8 4 14 16 17 20 6 1 15 7 18 3 9 
student 511: 7 15 19 17 14 12 13 6 20 18 16 8 10 2 11 1 4 9 5 3 
student 512: 15 6 17 13 7 4 5 1 12 11 9 19 18 2 10 14 20 16 3 8 
student 513: 7 4 20 1 2 15 14 6 10 19 16 17 18 12 5 9 11 13 3 8 
student 514: 17 3 20 8 10 6 5 1 2 15 19 9 7 11 13 16 14 12 4 18 
student 515: 15 11 18 20 12 16 2 14 5 3 17 8 9 4 7 10 13 1 19 6 
student 516: 4 16 13 10 18 20 3 1 12 11 19 8 14 7 15 2 17 6 5 9 
student 517: 11 7 17 15 13 19 5 6 12 1 8 3 9 14 18 2 16 20 10 4 
student 518: 10 3 11 20 19 7 5 1 6 2 16 17 4 14 12 8 15 9 18 13 
student 519: 11 18 19 12 16 20 1 4 9 10 6 15 14 5 2 8 17 3 13 7 
student 520: 18 4 11 16 17 8 2 1 3 19 9 12 7 20 5 6 14 10 13 15 
student 521: 1 9 20 14 3 2 7 17 4 12 8 18 15 11 13 6 19 16 5 10 
student 522: 11 15 6 8 2 1 4 5 17 9 16 10 14 18 12 20 19 7 13 3 
student 523: 10 5 7 20 15 17 4 6 11 14 16 12 8 9 1 2 3 19 13 18 
student 524: 13 20 18 17 15 6 8 16 12 5 14 11 9 2 1 3 19 4 10 7 
student 525: 18 9 11 20 13 1 5 7 16 2 12 15 8 4 3 10 6 17 19 14 
student 526: 9 18 12 17 14 15 3 1 5 2 20 4 10 8 16 7 11 19 6 13 
student 527: 12 4 19 10 3 16 2 18 8 15 6 13 14 7 17 1 9 20 5 11 
student 528: 16 6 12 13 15 7 4 10 17 8 11 9 20 1 2 3 18 19 5 14 
student 529: 15 18 6 9 14 5 7 11 19 20 10 2 1 16 17 8 4 3 12 13 
student 530: 7 4 15 20 18 3 6 9 11 2 14 17 19 1 5 13 10 16 12 8 
student 531: 16 1 9 19 15 17 18 6 3 2 7 10 12 11 20 13 14 8 5 4 
student 532: 15 18 8 13 3 5 17 7 2 20 9 12 19 4 14 11 16 1 6 10 
student 533: 13 7 18 20 4 10 6 9 8 1 19 15 3 5 12 14 17 2 16 11 
student 534: 16 8 13 15 17 3 1 10 9 2 20 14 7 18 19 5 4 12 11 6 
student 535: 4 11 14 19 9 15 8 1 13 20 12 7 5 10 2 6 18 17 3 16 
student 536: 20 6 5 14 15 7 3 19 8 11 12 10 13 2 1 9 17 18 16 4 
student 537: 1 14 2 6 4 17 11 20 3 9 15 12 13 5 18 16 19 8 10 7 
student 538: 16 1 7 4 2 20 9 3 12 8 17 18 6 5 10 11 14 13 19 15 
student 539: 7 5 2 12 15 3 16 6 1 9 8 20 11 4 17 10 13 19 18 14 
student 540: 17 13 12 9 19 5 10 6 3 2 14 7 1 16 4 18 15 11 20 8 
student 541: 19 1 13 18 4 5 20 3 7 10 17 8 11 9 6 12 16 15 14 2 
student 542: 19 13 15 7 6 12 11 5 2 16 9 20 3 1 8 17 18 10 14 4 
student 543: 13 2 19 8 18 6 12 9 16 20 14 17 15 3 11 1 7 4 10 5 
student 544: 20 9 17 4 5 3 7 2 8 18 19 13 14 6 16 1 15 12 10 11 
student 545: 20 16 9 14 17 2 1 11 12 10 18 15 13 7 6 8 4 19 3 5 
student 546: 1 19 17 10 6 20 3 12 11 13 18 9 14 4 8 15 2 7 16 5 
student 547: 14 17 7 1 12 6 5 16 11 8 9 20 18 15 2 3 10 19 13 4 
student 548: 16 7 3 6 14 9 10 20 5 8 13 18 1 2 17 19 4 11 15 12 
student 549: 16 1 4 7 9 10 20 5 19 8 15 2 11 18 13 6 3 14 17 12 
student 550: 18 6 5 17 9 4 3 12 19 1 16 15 8 11 13 14 2 10 20 7 
student 551: 13 5 2 4 6 17 9 3 19 14 18 8 15 11 1 16 12 20 10 7 
student 552: 18 20 11 15 2 16 1 14 6 7 12 19 4 10 5 8 3 13 9 17 
student 553: 16 7 8 13 20 4 14 6 5 15 18 17 10 9 12 1 19 2 3 11 
student 554: 11 4 15 6 3 2 9 16 5 10 12 18 20 8 7 1 17 13 19 14 
student 555: 16 20 7 8 15 17 9 19 1 4 6 12 2 5 11 14 10 3 18 13 
student 556: 19 11 17 1 20 7 3 12 2 4 14 18 16 13 9 10 15 5 6 8 
student 557: 14 8 11 18 20 1 2 4 5 12 9 17 19 3 15 16 10 13 7 6 
student 558: 18 14 3 13 7 10 6 12 2 4 20 15 5 1 19 8 17 16 11 9 
student 559: 19 2 14 17 18 3 16 15 11 10 5 20 9 8 1 13 7 6 12 4 
student 560: 19 13 10 4 11 1 20 16 5 2 17 12 9 7 6 14 18 8 15 3 
student 561: 20 6 8 11 17 12 2 3 1 9 13 19 7 10 4 15 18 16 14 5 
student 562: 19 4 9 17 7 5 11 14 2 15 10 18 1 12 8 13 3 16 20 6 
student 563: 1 11 18 20 6 2 10 4 16 5 17 15 8 3 19 12 13 7 14 9 
student 564: 19 6 9 15 2 20 10 3 5 8 13 11 12 4 14 18 7 16 17 1 
student 565: 7 5 18 17 14 19 9 4 3 12 1 16 15 2 13 11 6 20 8 10 
student 566: 14 19 16 7 9 3 2 10 4 11 18 15 20 5 12 13 8 1 17 6 
student 567: 4 10 17 14 11 7 9 13 6 1 5 8 16 2 15 18 20 19 12 3 
student 568: 16 1 10 14 5 9 4 11 13 12 19 20 15 2 3 8 7 18 17 6 
student 569: 5 6 11 10 16 7 12 9 2 3 17 15 14 20 13 4 8 19 18 1 
student 570: 8 14 18 20 2 5 17 1 15 16 9 11 3 13 10 7 6 12 19 4 
student 571: 8 9 14 11 17 5 12 4 10 7 1 20 13 3 19 6 16 2 15 18 
student 572: 11 8 6 13 14 17 2 3 1 12 16 18 7 10 9 19 5 20 15 4 
student 573: 7 2 20 1 3 17 19 5 12 15 8 18 9 13 4 6 10 16 11 14 
student 574: 20 4 8 10 12 14 3 6 1 15 11 19 9 16 18 17 2 13 7 5 
student 575: 10 20 17 3 11 16 9 5 8 2 19 13 12 4 6 7 18 1 14 15 
student 576: 16 13 12 15 19 17 6 1 2 14 20 5 18 10 11 4 9 8 3 7 
student 577: 7 6 14 1 17 2 13 5 3 20 9 16 4 12 15 10 19 18 11 8 
student 578: 13 6 11 15 20 14 3 8 19 7 16 10 12 1 4 9 18 17 5 2 
student 579: 4 13 20 6 16 9 3 1 8 11 19 12 17 15 18 14 5 7 2 10 
student 580: 17 20 10 14 12 11 8 7 13 3 15 5 2 1 4 9 6 16 18 19 
student 581: 16 14 12 9 5 4 3 10 19 17 20 8 2 1 18 13 11 15 6 7 
student 582: 4 8 20 14 3 10 2 5 11 7 17 15 9 18 19 6 13 12 16 1 
student 583: 18 4 7 13 10 8 5 20 2 16 14 1 11 12 17 6 9 19 3 15 
student 584: 19 3 14 4 8 13 1 7 10 11 18 5 16 6 15 12 17 20 2 9 
student 585: 20 3 15 12 19 9 2 8 11 10 17 4 18 14 7 16 1 6 13 5 
student 586: 1 17 4 20 8 13 10 2 16 14 11 6 12 9 18 15 5 7 19 3 
student 587: 17 4 19 9 6 16 5 11 3 8 20 14 1 2 13 12 15 10 18 7 
student 588: 20 17 4 8 16 6 11 2 15 5 14 9 19 3 7 12 18 1 13 10 
student 589: 3 8 11 17 6 19 5 7 13 14 9 10 12 2 18 1 16 15 20 4 
student 590: 15 2 3 11 9 18 10 6 12 17 13 14 16 5 19 4 1 20 7 8 
student 591: 10 3 20 5 4 17 18 7 14 15 13 19 1 2 16 6 12 11 8 9 
student 592: 9 5 20 18 17 8 4 7 12 10 19 2 13 3 11 6 16 14 15 1 
student 593: 18 9 19 15 6 13 3 8 7 17 5 2 11 10 12 4 16 20 1 14 
student 594: 19 3 13 17 14 5 1 10 7 9 11 20 4 18 16 6 8 12 2 15 
student 595: 13 5 19 16 8 10 17 3 14 2 18 20 9 7 12 4 15 11 6 1 
student 596: 16 1 4 3 18 9 2 10 11 12 13 6 15 20 17 5 19 14 8 7 
student 597: 6 10 18 5 7 4 20 11 1 13 14 12 3 8 19 2 17 15 9 16 
student 598: 15 5 2 7 20 19 16 1 17 12 10 9 18 3 11 4 14 8 13 6 
student 599: 2 17 14 8 3 20 4 16 18 13 6 15 9 1 11 19 5 7 12 10 
student 600: 15 16 9 3 6 17 11 10 8 1 7 19 2 4 12 5 18 13 14 20 
student 601: 17 7 18 14 12 13 2 3 4 9 16 10 6 1 8 19 11 15 20 5 
student 602: 5 9 12 20 16 10 4 6 8 1 18 3 13 2 14 7 15 17 19 11 
student 603: 18 14 10 6 7 19 17 9 12 13 8 16 15 2 3 5 20 11 4 1 
student 604: 15 7 5 16 10 20 18 3 12 8 11 17 1 6 9 4 14 19 2 13 
student 605: 17 2 12 16 1 19 13 4 3 5 20 9 18 8 6 7 14 15 11 10 
student 606: 20 5 19 17 13 8 10 3 1 6 9 18 4 12 15 14 16 7 2 11 
student 607: 18 11 2 7 16 10 5 3 1 8 9 20 14 13 19 12 15 6 17 4 
student 608: 15 16 19 8 6 17 11 12 10 7 18 20 1 4 13 14 2 5 3 9 
student 609: 16 14 13 15 11 18 1 9 8 2 20 3 12 4 17 7 10 19 5 6 
student 610: 13 18 11 12 17 8 5 7 16 2 10 19 1 3 9 20 4 14 6 15 
student 611: 14 11 8 15 18 19 1 6 3 16 17 12 10 5 2 7 20 4 13 9 
student 612: 16 7 12 18 13 19 2 8 4 17 20 6 1 15 14 11 3 10 9 5 
student 613: 2 1 15 12 17 6 13 18 11 5 10 20 9 7 8 4 3 16 19 14 
student 614: 9 11 14 5 16 19 13 15 8 6 12 4 7 1 17 18 10 20 2 3 
student 615: 15 19 10 13 6 17 4 9 2 8 18 14 5 3 12 16 20 11 7 1 
student 616: 18 15 6 11 3 19 9 1 16 14 20 13 10 12 5 2 8 7 17 4 
student 617: 9 16 8 6 13 15 2 3 4 19 14 20 10 1 17 5 12 11 18 7 
student 618: 10 15 16 12 14 7 11 2 6 13 18 17 3 1 20 8 5 19 4 9 
student 619: 13 11 7 20 17 5 4 1 3 9 10 8 12 14 15 18 19 16 2 6 
student 620: 12 2 19 14 20 11 1 6 9 15 10 4 13 16 18 5 3 17 8 7 
student 621: 18 7 13 19 17 5 8 11 2 10 16 14 9 3 4 1 20 15 6 12 
student 622: 6 3 7 18 8 5 1 9 14 10 11 19 16 13 4 15 17 20 2 12 
student 623: 20 3 10 18 19 13 17 2 1 11 7 14 5 4 16 8 12 15 6 9 
student 624: 20 4 9 19 11 15 6 17 5 1 18 10 16 7 8 2 14 12 3 13 
student 625: 17 20 14 4 12 6 15 11 3 1 16 18 13 8 10 19 5 7 2 9 
student 626: 16 9 13 20 14 15 6 18 7 8 12 19 4 1 2 10 3 17 11 5 
student 627: 4 7 10 5 3 19 11 2 1 8 17 20 12 13 6 14 16 15 18 9 
student 628: 10 4 20 11 15 3 12 1 2 6 17 7 14 19 16 13 9 18 8 5 
student 629: 11 15 9 16 4 5 13 18 6 2 20 12 7 3 1 19 10 8 17 14 
student 630: 19 3 9 11 17 14 1 7 8 6 5 20 10 4 13 12 16 18 2 15 
student 631: 14 2 10 13 20 6 12 8 17 1 9 15 11 16 5 19 18 3 4 7 
student 632: 18 15 1 11 17 19 7 14 13 4 8 3 10 9 16 6 20 12 5 2 
student 633: 7 10 14 8 13 3 2 9 1 17 4 20 11 6 19 16 15 12 18 5 
student 634: 1 11 6 17 14 19 3 5 8 18 20 2 10 13 9 7 12 16 4 15 
student 635: 5 8 16 19 6 10 20 2 4 9 11 12 15 13 14 1 17 18 3 7 
student 636: 12 20 19 11 8 9 10 13 15 5 16 6 2 7 17 1 3 14 18 4 
student 637: 8 16 5 2 20 17 11 14 12 3 15 19 1 13 18 7 6 9 10 4 
student 638: 15 19 3 11 5 6 4 12 1 10 17 13 14 16 7 8 20 18 2 9 
student 639: 2 13 18 9 16 5 1 7 15 3 20 17 11 12 19 8 4 14 6 10 
student 640: 6 14 12 15 4 17 9 16 2 1 10 7 5 13 20 3 19 18 11 8 
student 641: 16 7 18 19 10 2 14 5 12 13 17 20 4 1 8 9 15 6 3 11 
student 642: 20 3 16 17 19 15 5 1 7 8 18 10 9 11 14 2 13 4 12 6 
student 643: 6 12 19 3 15 18 13 7 2 9 8 11 20 5 1 10 17 16 14 4 
student 644: 14 19 10 9 8 18 2 15 5 3 7 16 6 13 17 4 12 11 20 1 
student 645: 14 3 11 19 20 10 2 15 1 6 16 12 13 17 5 4 7 18 8 9 
student 646: 16 2 15 13 9 14 1 17 8 5 19 20 3 10 18 11 7 4 12 6 
student 647: 17 16 7 18 15 11 3 6 2 19 10 12 8 14 20 4 5 9 13 1 
student 648: 16 11 18 19 14 9 2 8 3 5 20 10 6 12 4 1 15 17 13 7 
student 649: 3 13 6 11 1 8 18 12 5 4 20 15 16 2 17 7 10 19 14 9 
student 650: 17 10 2 11 1 16 5 7 13 12 9 18 20 8 6 14 15 19 3 4 
student 651: 11 6 20 17 12 7 4 1 2 5 15 8 14 3 16 18 19 9 13 10 
student 652: 11 17 5 13 9 15 2 4 1 6 10 14 16 7 18 19 20 12 3 8 
student 653: 14 7 8 4 12 5 3 9 17 15 16 18 11 2 19 6 20 10 13 1 
student 654: 18 19 1 17 10 14 7 13 20 9 15 5 6 3 12 8 11 2 16 4 
student 655: 13 3 2 20 12 17 4 9 1 5 18 14 19 16 11 7 10 15 8 6 
student 656: 8 1 20 16 19 7 5 17 3 13 18 9 14 15 6 10 12 4 2 11 
student 657: 18 15 11 14 9 20 1 10 2 8 19 4 13 6 16 12 3 17 7 5 
student 658: 17 3 9 5 19 2 7 10 4 13 14 15 6 1 16 20 8 11 12 18 
student 659: 15 2 13 11 12 10 5 14 1 16 9 18 19 20 4 6 17 8 7 3 
student 660: 15 5 14 12 20 8 2 18 1 4 17 13 19 10 16 9 7 11 6 3 
student 661: 7 10 18 17 2 13 1 15 16 12 20 11 6 5 19 14 8 9 4 3 
student 662: 7 9 4 11 10 5 16 12 1 15 20 13 6 3 19 17 18 8 14 2 
student 663: 10 5 14 18 8 3 7 9 15 11 1 16 2 12 13 19 6 17 20 4 
student 664: 15 20 1 10 3 9 8 7 12 5 19 6 2 11 18 13 17 14 16 4 
student 665: 18 1 9 17 6 10 2 19 4 8 14 20 15 7 12 13 16 3 11 5 
student 666: 14 6 12 9 4 3 20 1 7 5 8 18 15 11 19 2 13 17 10 16 
student 667: 20 6 9 5 17 18 19 15 7 4 13 14 1 10 11 2 3 16 8 12 
student 668: 20 10 6 8 17 9 7 2 14 12 19 5 3 4 11 16 1 15 18 13 
student 669: 18 7 10 19 11 12 2 15 13 6 1 16 9 5 20 14 4 8 3 17 
student 670: 15 5 4 12 3 19 1 17 6 14 20 18 16 9 10 8 7 11 13 2 
student 671: 18 9 6 5 10 13 3 20 7 1 14 16 2 19 4 15 8 17 11 12 
student 672: 14 4 13 7 17 11 1 15 9 16 8 5 2 3 12 20 19 18 6 10 
student 673: 20 10 12 11 2 9 7 4 6 8 18 14 15 3 16 5 19 17 13 1 
student 674: 17 6 10 14 15 19 9 4 1 7 8 16 13 3 20 2 12 18 5 11 
student 675: 2 1 19 12 16 11 6 10 20 3 18 13 7 5 8 9 14 17 15 4 
student 676: 11 10 3 14 15 9 2 4 19 7 12 17 8 1 6 16 18 5 20 13 
student 677: 11 20 4 19 18 14 12 10 2 7 17 1 16 13 8 6 15 3 5 9 
student 678: 14 7 2 15 6 10 17 1 11 13 8 18 19 4 3 20 12 16 9 5 
student 679: 20 8 17 18 12 15 2 13 4 10 16 14 6 5 3 11 9 19 7 1 
student 680: 9 18 17 13 16 15 1 6 2 19 20 10 12 4 14 3 7 8 5 11 
student 681: 3 10 18 11 19 2 4 1 5 15 7 16 9 6 8 13 17 14 20 12 
student 682: 11 3 6 8 15 16 4 1 14 19 13 7 17 2 20 10 18 12 9 5 
student 683: 19 7 11 15 1 6 4 3 8 10 16 17 14 9 13 2 5 20 18 12 
student 684: 18 1 17 12 13 20 5 15 8 2 6 4 19 9 14 7 10 16 3 11 
student 685: 10 9 3 19 2 5 1 12 18 11 16 6 17 8 15 14 20 13 4 7 
student 686: 9 4 13 19 20 5 2 1 15 14 17 16 18 8 10 3 7 12 11 6 
student 687: 17 15 11 12 13 14 5 2 9 7 19 20 10 4 16 6 8 3 1 18 
student 688: 2 11 14 12 16 18 10 9 17 13 20 6 8 3 15 5 7 19 1 4 
student 689: 17 1 14 2 11 4 19 10 6 12 20 9 7 5 8 3 13 18 16 15 
student 690: 2 4 15 7 14 6 9 3 17 11 16 18 20 1 13 10 8 19 12 5 
student 691: 9 3 16 11 12 2 4 1 13 10 15 17 7 8 6 19 20 14 5 18 
student 692: 16 3 12 15 18 13 6 10 14 7 20 11 2 8 4 9 5 19 1 17 
student 693: 15 20 14 8 16 5 13 9 11 4 19 6 1 17 3 12 7 2 18 10 
student 694: 16 7 6 4 20 9 1 5 2 14 12 18 10 11 13 15 3 19 17 8 
student 695: 12 3 11 14 13 16 8 4 6 5 15 20 1 17 2 10 7 18 9 19 
student 696: 6 2 18 14 17 4 1 10 5 7 19 20 12 15 13 9 8 3 11 16 
student 697: 20 17 8 9 13 7 3 4 6 5 12 11 1 2 14 10 19 18 16 15 
student 698: 17 10 20 1 16 13 2 5 19 9 18 7 8 12 15 6 11 4 3 14 
student 699: 15 11 7 13 8 1 14 18 16 17 5 4 9 12 2 3 19 10 20 6 
student 700: 6 13 20 15 16 17 12 10 1 4 8 18 9 3 7 5 14 11 19 2 
student 701: 17 14 13 6 8 10 2 3 5 9 18 19 11 1 20 15 4 12 16 7 
student 702: 10 8 12 3 13 2 1 4 19 7 11 20 15 6 5 17 16 18 9 14 
student 703: 16 3 10 14 20 1 7 2 13 12 17 15 6 8 11 9 18 19 4 5 
student 704: 15 11 19 14 13 6 4 2 5 7 8 1 10 3 9 20 17 18 16 12 
student 705: 3 13 9 14 1 5 12 2 10 8 19 20 7 4 17 11 16 18 15 6 
student 706: 19 12 17 9 16 7 5 3 6 1 4 15 2 10 18 11 8 20 13 14 
student 707: 7 11 17 20 6 5 10 9 4 2 18 15 12 14 8 3 19 13 16 1 
student 708: 10 18 20 19 2 13 4 8 9 3 15 7 17 6 5 16 14 11 12 1 
student 709: 15 12 9 16 6 14 4 11 19 2 10 18 13 3 8 5 20 17 7 1 
student 710: 19 5 4 17 7 13 10 8 1 6 20 18 12 2 3 11 16 15 9 14 
student 711: 12 15 7 18 10 2 4 1 11 19 14 17 5 13 8 6 3 20 16 9 
student 712: 15 3 17 14 5 12 8 1 6 18 10 13 7 4 20 19 11 9 2 16 
student 713: 20 8 12 17 18 13 15 3 1 19 16 9 4 6 7 2 11 5 10 14 
student 714: 14 10 12 9 11 7 13 15 1 8 4 5 2 16 19 18 17 6 20 3 
student 715: 8 4 3 2 19 1 7 18 11 14 13 12 10 15 17 9 6 16 20 5 
student 716: 7 13 18 11 9 1 3 16 5 4 20 14 10 2 6 8 12 15 19 17 
student 717: 17 4 16 19 13 10 3 2 15 18 20 12 7 5 11 1 9 14 6 8 
student 718: 14 8 13 12 4 6 11 5 3 2 19 18 16 7 17 9 1 15 20 10 
student 719: 20 8 10 13 16 12 6 4 1 9 15 17 3 2 19 11 14 18 5 7 
student 720: 19 16 15 3 9 12 2 10 7 5 17 20 11 1 14 18 4 8 13 6 
student 721: 18 12 9 15 16 8 6 3 14 4 19 20 11 13 2 7 5 17 1 10 
student 722: 13 19 7 4 12 8 15 3 11 17 10 18 20 6 2 9 5 1 14 16 
student 723: 20 5 3 17 11 18 2 1 7 9 16 14 13 4 15 12 10 19 8 6 
student 724: 14 1 7 11 15 2 10 4 8 20 18 13 12 17 6 9 16 19 3 5 
student 725: 20 9 17 13 16 3 5 1 10 2 14 11 8 4 15 12 7 18 19 6 
student 726: 18 7 16 3 14 20 17 13 12 4 19 10 2 1 6 11 15 5 8 9 
student 727: 20 15 9 16 3 2 14 4 12 5 11 10 17 8 1 6 19 18 13 7 
student 728: 17 9 10 1 4 14 6 15 13 5 7 2 3 11 16 20 19 18 12 8 
student 729: 5 4 3 10 7 8 12 13 9 15 16 19 11 2 20 17 6 18 1 14 
student 730: 18 8 17 16 14 3 1 2 19 4 7 13 5 10 12 9 6 20 11 15 
student 731: 7 6 3 17 15 9 5 2 4 13 16 8 10 19 1 18 14 20 11 12 
student 732: 10 3 16 18 4 13 8 15 1 7 19 17 14 2 5 9 11 12 6 20 
student 733: 2 11 20 19 13 18 3 14 9 17 15 16 7 6 1 5 10 12 8 4 
student 734: 7 3 16 11 19 14 9 15 8 12 5 17 20 10 18 6 4 13 2 1 
student 735: 18 1 19 20 6 15 5 2 7 11 16 17 12 4 8 14 13 9 3 10 
student 736: 13 10 3 15 16 2 8 18 17 9 19 7 4 1 11 5 20 14 6 12 
student 737: 15 10 18 5 19 7 13 4 9 2 17 12 14 8 3 1 16 20 11 6 
student 738: 11 4 3 18 13 15 12 20 9 7 14 1 8 2 16 17 10 19 5 6 
student 739: 16 17 2 20 11 8 3 9 19 4 14 13 6 7 10 12 5 15 18 1 
student 740: 10 7 3 9 14 19 5 2 16 6 18 20 4 1 12 11 15 13 17 8 
student 741: 15 16 5 20 3 8 6 2 19 11 7 14 13 18 10 9 12 17 1 4 
student 742: 5 11 19 10 20 18 13 1 2 4 16 15 17 9 6 7 8 14 12 3 
student 743: 11 4 15 14 17 8 20 16 3 1 19 6 7 2 12 9 18 5 13 10 
student 744: 16 2 14 13 20 7 6 3 12 10 18 19 11 15 4 5 9 1 17 8 
student 745: 18 17 19 15 20 12 13 6 2 10 1 8 5 4 9 16 7 14 3 11 
student 746: 19 10 16 15 9 13 2 7 14 4 18 3 6 8 12 5 20 17 1 11 
student 747: 19 11 20 14 16 18 1 5 6 3 9 4 13 2 10 12 15 7 17 8 
student 748: 18 19 17 10 15 13 12 2 20 7 16 6 5 9 14 8 4 11 3 1 
student 749: 19 10 17 16 20 9 15 8 7 6 18 5 11 4 12 2 14 3 13 1 
student 750: 2 1 8 4 16 6 5 15 19 12 20 13 18 7 14 10 17 9 11 3 
student 751: 20 19 2 16 12 18 5 4 10 9 14 15 8 17 11 3 6 13 1 7 
student 752: 17 14 15 3 11 18 1 10 5 9 4 16 19 13 6 2 20 7 12 8 
student 753: 13 4 18 3 10 8 12 7 16 9 1 15 2 5 11 14 20 19 6 17 
student 754: 18 2 7 15 5 20 16 11 14 10 19 17 12 6 9 1 13 3 8 4 
student 755: 8 11 13 9 7 17 5 15 2 1 20 19 6 4 12 16 10 18 3 14 
student 756: 16 10 12 7 1 17 4 8 5 18 14 15 13 3 9 11 2 19 20 6 
student 757: 7 4 2 14 20 1 6 5 18 17 19 16 3 11 8 15 9 12 13 10 
student 758: 10 3 5 12 16 17 6 2 7 8 4 19 9 15 20 14 18 13 11 1 
student 759: 17 9 19 14 15 4 3 6 1 2 11 12 13 10 7 5 20 16 18 8 
student 760: 14 10 12 3 8 9 2 6 20 7 16 17 18 1 11 4 19 13 5 15 
student 761: 16 12 17 5 18 4 7 8 13 14 19 2 20 6 9 1 10 11 15 3 
student 762: 15 8 2 13 19 11 7 4 5 1 6 20 10 18 16 9 17 3 14 12 
student 763: 4 13 20 16 12 18 3 7 6 8 14 17 5 1 19 15 9 10 11 2 
student 764: 5 4 9 1 6 3 14 10 2 17 16 20 15 19 13 7 12 11 18 8 
student 765: 1 8 19 6 18 11 2 9 3 4 17 14 10 5 20 7 16 13 15 12 
student 766: 20 9 16 14 15 8 3 11 13 7 19 18 2 5 12 6 10 17 4 1 
student 767: 8 3 2 20 14 18 17 7 1 4 19 10 12 5 16 6 9 15 11 13 
student 768: 19 11 2 8 6 5 4 7 1 3 16 13 18 9 15 20 10 17 14 12 
student 769: 1 6 7 18 5 3 10 2 8 12 11 20 17 9 16 15 14 19 13 4 
student 770: 11 7 20 2 12 18 8 10 1 15 16 4 5 3 9 17 13 14 19 6 
student 771: 11 8 15 7 18 4 2 9 6 5 12 3 14 20 1 10 16 19 13 17 
student 772: 18 1 16 9 17 5 6 12 3 4 10 20 2 7 19 14 15 8 11 13 
student 773: 14 19 16 4 13 6 3 11 20 7 17 2 1 9 12 18 5 15 8 10 
student 774: 17 15 14 20 12 4 1 5 2 19 9 18 10 6 3 7 8 13 11 16 
student 775: 12 16 20 6 11 2 10 3 19 18 7 15 5 17 13 8 14 9 4 1 
student 776: 17 10 18 15 16 13 11 7 8 14 12 5 2 20 1 3 9 6 19 4 
student 777: 9 6 17 20 11 14 1 4 2 12 7 16 18 15 10 3 8 19 13 5 
student 778: 11 13 18 2 16 10 4 3 8 1 20 17 7 15 14 6 9 5 19 12 
student 779: 11 1 16 18 17 4 10 2 5 14 8 9 13 6 7 12 19 20 15 3 
student 780: 19 4 20 2 14 18 8 11 6 15 16 13 17 3 1 12 9 10 7 5 
student 781: 3 10 1 2 17 7 4 19 8 14 18 12 13 9 5 16 15 20 11 6 
student 782: 17 9 18 14 4 1 7 19 2 8 3 15 10 6 12 16 11 20 5 13 
student 783: 6 9 19 14 2 5 17 12 7 8 15 18 16 1 10 11 13 20 3 4 
student 784: 19 11 9 15 20 13 14 3 1 7 6 4 18 5 16 12 10 8 17 2 
student 785: 19 3 18 4 12 17 5 7 2 16 15 1 9 10 14 6 11 8 13 20 
student 786: 13 7 16 2 1 17 4 19 9 6 14 20 5 15 8 10 3 12 11 18 
student 787: 19 12 13 15 5 6 9 8 10 7 16 17 14 11 3 4 2 20 18 1 
student 788: 10 1 20 4 6 15 3 9 14 7 18 16 11 12 19 13 17 5 2 8 
student 789: 11 1 20 10 3 8 13 7 19 15 9 4 5 2 12 14 16 18 17 6 
student 790: 8 7 4 16 19 15 5 14 11 6 20 1 17 3 10 2 9 18 13 12 
student 791: 18 16 17 12 10 7 9 4 19 20 1 8 3 5 13 2 11 14 15 6 
student 792: 12 3 5 7 20 16 18 1 19 10 9 13 4 6 17 8 14 15 11 2 
student 793: 16 2 15 14 10 6 7 4 18 12 19 1 5 11 8 13 3 20 17 9 
student 794: 7 17 19 16 15 6 9 3 10 12 8 18 2 13 20 4 14 1 5 11 
student 795: 14 18 3 10 16 20 12 1 9 15 2 5 13 8 6 17 11 19 4 7 
student 796: 2 12 5 17 14 18 1 3 7 20 13 8 19 9 4 11 15 10 6 16 
student 797: 14 12 17 2 10 20 13 19 5 11 18 15 6 1 8 4 7 16 9 3 
student 798: 20 15 18 16 9 12 7 1 13 8 17 10 5 4 3 6 19 14 11 2 
student 799: 12 16 18 14 3 17 15 1 7 4 19 8 2 10 11 5 9 6 20 13 
