student 0: 8 6 20 19 3 4 14 1 7 16 2 17 5 11 12 9 18 15 13 10 
student 1: 17 20 16 10 1 8 13 2 3 7 11 15 4 5 6 14 12 19 9 18 
student 2: 15 7 14 2 4 5 12 18 1 16 6 13 9 11 19 10 20 8 17 3 
student 3: 13 12 14 15 3 2 10 7 9 18 16 20 1 4 17 5 11 19 8 6 
student 4: 13 19 15 20 8 2 17 9 6 3 1 11 10 14 18 5 16 4 7 12 
student 5: 20 5 13 9 16 3 2 10 8 12 1 18 4 17 14 7 19 15 11 6 
student 6: 15 11 9 18 14 17 7 10 8 6 3 19 13 5 20 2 16 1 4 12 
student 7: 19 4 15 13 7 9 5 2 12 10 6 20 3 17 8 14 18 16 1 11 
student 8: 14 19 5 1 13 3 9 8 7 10 17 6 2 15 18 12 16 20 11 4 
student 9: 11 13 2 9 7 3 17 14 1 12 6 18 8 19 20 4 10 15 16 5 
student 10: 19 15 7 9 12 2 17 6 1 3 8 13 11 16 4 5 20 10 14 18 
student 11: 15 11 12 13 1 8 10 2 5 14 4 16 18 17 3 7 19 6 9 20 
student 12: 5 12 10 19 7 11 4 13 9 3 2 17 8 16 14 1 15 18 6 20 
student 13: 17 2 14 12 13 20 4 1 7 18 3 11 8 5 15 10 19 16 6 9 
student 14: 12 1 11 4 7 8 14 3 5 6 2 9 13 16 19 18 20 15 10 17 
student 15: 4 14 19 5 18 7 2 15 3 11 1 9 12 16 6 8 20 13 17 10 
student 16: 2 19 5 4 16 13 3 1 6 15 11 7 10 8 14 20 18 17 9 12 
student 17: 19 18 7 12 20 1 9 13 3 11 10 2 5 17 15 4 14 16 8 6 
student 18: 14 10 11 19 13 15 9 3 1 12 4 18 6 17 20 2 5 16 7 8 
student 19: 19 12 3 14 15 6 10 2 5 11 1 8 7 18 13 4 20 17 16 9 
student 20: 10 16 3 5 17 1 8 11 9 7 4 12 6 19 20 2 15 14 13 18 
student 21: 19 7 10 4 18 9 8 1 2 6 3 15 5 16 14 17 13 12 11 20 
student 22: 16 1 13 17 5 14 7 11 3 15 9 6 2 18 20 8 19 4 10 12 
student 23: 11 17 10 1 9 12 19 2 8 6 13 16 3 15 7 5 20 4 18 14 
student 24: 20 8 4 19 16 11 3 5 1 2 6 9 7 10 15 12 18 13 14 17 
student 25: 11 8 3 14 9 7 2 13 4 17 6 18 15 5 20 16 12 19 1 10 
student 26: 13 9 17 10 6 3 12 4 7 5 2 11 16 15 18 19 8 14 1 20 
student 27: 3 8 10 13 19 6 4 2 18 12 14 17 11 15 5 9 16 1 7 20 
student 28: 8 18 5 3 20 4 9 14 13 12 2 11 16 7 10 1 19 6 15 17 
student 29: 8 12 5 10 3 14 13 17 6 16 1 11 9 4 2 7 20 19 18 15 
student 30: 18 6 13 3 20 16 1 2 9 15 5 7 17 12 11 10 14 8 4 19 
student 31: 13 1 12 15 7 8 20 6 2 3 10 14 9 11 16 4 19 18 5 17 
student 32: 8 9 12 20 3 13 2 1 6 4 15 19 7 18 5 16 17 10 14 11 
student 33: 20 14 7 4 8 13 9 11 18 5 1 2 6 3 16 12 17 15 10 19 
student 34: 8 11 3 16 14 4 13 7 12 1 9 19 10 2 20 5 17 18 6 15 
student 35: 11 3 20 10 13 6 2 9 19 7 8 15 14 16 4 5 1 17 12 18 
student 36: 8 16 2 20 15 18 5 6 4 17 12 11 3 9 14 1 13 7 10 19 
student 37: 20 6 11 1 14 3 8 12 9 10 16 17 5 18 15 4 19 7 2 13 
student 38: 17 8 20 7 14 16 4 6 11 12 19 15 5 18 2 13 3 9 10 1 
student 39: 13 18 1 19 11 8 15 16 3 2 6 9 17 12 14 4 20 7 10 5 
student 40: 20 10 18 14 17 5 16 13 1 19 3 9 4 7 12 2 15 6 8 11 
student 41: 9 7 15 4 8 2 18 16 12 13 19 20 5 11 17 1 6 3 14 10 
student 42: 16 9 15 11 12 14 8 4 7 13 5 2 6 20 18 1 17 3 10 19 
student 43: 20 1 11 8 5 10 13 4 9 7 12 14 17 3 16 2 19 6 15 18 
student 44: 2 9 13 15 20 10 8 3 18 5 11 6 1 19 12 7 14 17 4 16 
student 45: 4 8 19 5 7 11 6 1 9 15 2 14 3 16 17 10 12 20 18 13 
student 46: 3 4 18 9 5 7 13 14 11 8 15 17 1 19 16 20 6 2 12 10 
student 47: 19 5 4 10 2 9 1 12 14 13 20 3 17 7 15 8 16 18 6 11 
student 48: 17 18 13 15 4 8 20 16 2 3 14 5 9 11 6 1 12 19 7 10 
student 49: 15 19 12 2 8 14 13 1 7 4 20 18 6 3 9 11 10 17 5 16 
student 50: 13 18 19 15 11 4 3 17 9 12 7 20 5 10 16 1 14 6 2 8 
student 51: 5 3 20 8 2 10 15 13 1 17 4 14 9 16 12 6 19 11 7 18 
student 52: 18 14 15 13 11 1 8 6 2 7 19 17 5 9 4 3 12 10 16 20 
student 53: 19 7 20 9 16 13 6 4 5 11 14 12 1 18 17 2 10 3 15 8 
student 54: 13 11 1 12 20 7 8 15 3 17 10 14 6 9 19 16 5 18 4 2 
student 55: 19 4 20 2 14 3 8 5 1 15 10 16 6 18 12 7 17 9 11 13 
student 56: 14 13 15 19 10 11 17 1 3 6 8 4 5 18 20 2 7 9 12 16 
student 57: 9 11 7 13 10 5 6 4 17 2 15 18 16 19 12 8 20 3 1 14 
student 58: 20 19 12 4 8 2 15 9 6 3 5 13 7 10 16 1 14 11 17 18 
student 59: 9 16 10 8 2 7 6 14 4 5 1 18 15 20 17 11 19 13 3 12 
student 60: 14 11 12 1 6 3 15 20 7 2 10 8 13 18 9 5 17 16 19 4 
student 61: 13 19 12 5 11 1 18 17 2 3 14 15 20 8 10 6 16 9 7 4 
student 62: 4 16 15 9 8 11 19 12 3 14 2 13 6 20 17 1 5 7 10 18 
student 63: 19 2 10 5 16 9 20 3 6 13 17 1 14 18 8 11 15 12 4 7 
student 64: 14 7 19 2 11 4 12 8 3 5 6 18 1 9 20 15 16 10 17 13 
student 65: 18 6 13 2 11 3 15 12 7 10 14 16 4 20 19 5 1 17 8 9 
student 66: 7 2 19 6 16 4 12 9 10 5 11 17 1 13 14 20 18 3 15 8 
student 67: 20 12 8 17 11 13 16 2 5 14 1 9 10 6 7 3 19 18 4 15 
student 68: 17 2 18 1 16 19 11 13 4 7 20 10 12 15 9 3 5 6 8 14 
student 69: 12 8 10 13 4 14 2 9 16 6 18 11 5 17 15 7 20 1 19 3 
student 70: 2 20 14 3 11 7 17 12 8 10 19 15 9 5 13 16 6 18 4 1 
student 71: 4 19 20 7 6 3 9 10 18 8 1 11 17 14 12 2 15 5 13 16 
student 72: 5 2 15 6 11 1 12 7 8 17 14 20 16 4 18 10 3 13 9 19 
student 73: 6 14 3 10 13 4 17 2 5 7 1 18 20 12 15 16 8 19 9 11 
student 74: 12 4 14 17 2 5 7 1 20 6 8 19 11 10 15 3 9 13 18 16 
student 75: 1 7 13 5 17 8 11 16 6 3 4 18 15 19 14 9 20 12 10 2 
student 76: 15 13 11 9 2 1 5 4 17 10 3 20 19 16 7 14 18 8 6 12 
student 77: 10 1 2 12 16 6 9 11 4 19 17 18 13 15 20 5 8 7 3 14 
student 78: 20 1 17 7 12 13 14 5 6 9 4 10 3 15 8 2 19 11 16 18 
student 79: 5 2 20 9 4 14 8 6 16 10 1 15 12 11 19 3 13 18 17 7 
student 80: 19 7 17 14 12 2 16 6 1 15 9 18 11 5 3 13 20 10 4 8 
student 81: 17 1 19 2 9 7 16 13 6 8 10 14 11 15 4 3 5 12 20 18 
student 82: 6 2 14 10 17 13 18 4 7 16 9 15 8 19 3 5 12 11 20 1 
student 83: 13 14 19 8 3 18 6 10 4 2 5 20 11 17 1 9 15 12 7 16 
student 84: 16 12 14 6 1 19 2 11 10 15 3 13 5 20 9 8 17 7 4 18 
student 85: 8 13 9 1 17 11 6 10 3 14 7 18 2 15 12 4 16 20 5 19 
student 86: 15 17 6 3 9 7 2 1 18 5 4 10 16 19 12 13 20 8 11 14 
student 87: 19 6 7 8 12 1 4 14 9 10 16 2 13 3 11 5 17 15 20 18 
student 88: 13 17 9 7 11 1 15 19 4 16 10 20 5 2 18 6 8 14 3 12 
student 89: 9 13 19 18 16 7 2 3 11 14 6 1 5 12 15 8 4 10 17 20 
student 90: 8 20 9 16 4 3 1 10 19 2 5 6 7 18 17 12 11 13 14 15 
student 91: 18 17 3 2 9 10 7 1 4 5 13 16 14 20 19 6 11 12 15 8 
student 92: 19 12 17 2 15 6 1 7 8 4 3 10 20 5 16 13 11 9 14 18 
student 93: 18 2 6 8 5 7 14 10 9 16 15 12 3 20 11 1 13 19 17 4 
student 94: 17 11 4 19 7 5 18 3 15 1 8 9 16 2 20 10 12 13 14 6 
student 95: 10 7 17 5 13 6 20 15 4 19 8 3 12 14 16 2 9 18 1 11 
student 96: 20 16 11 10 4 1 2 14 5 17 3 12 9 19 13 7 18 6 15 8 
student 97: 1 2 6 8 13 12 18 16 10 14 3 17 20 7 15 9 5 11 4 19 
student 98: 16 19 3 20 2 10 6 9 18 17 5 14 15 13 7 11 8 4 12 1 
student 99: 9 19 8 12 16 7 4 1 6 15 5 14 2 17 11 10 18 13 3 20 
student 100: 20 12 15 4 13 1 14 8 3 5 9 10 7 18 11 6 16 17 2 19 
student 101: 7 4 18 16 15 14 8 9 2 5 10 17 19 11 6 20 13 3 12 1 
student 102: 10 14 9 8 3 7 20 2 17 13 16 11 5 19 15 6 18 12 1 4 
student 103: 16 17 12 2 6 1 13 11 4 10 19 15 8 7 18 3 9 20 14 5 
student 104: 6 16 9 7 17 2 14 4 20 12 13 3 1 18 19 8 10 11 5 15 
student 105: 20 6 12 1 4 10 15 16 11 9 17 19 7 3 8 2 14 5 13 18 
student 106: 10 18 2 12 20 1 9 6 3 4 15 7 8 17 13 5 16 14 11 19 
student 107: 11 2 8 17 4 1 13 20 5 3 9 10 15 19 6 16 18 14 7 12 
student 108: 11 9 17 15 16 12 7 5 14 6 13 19 3 18 10 1 20 4 8 2 
student 109: 5 7 13 15 12 9 1 14 17 3 18 10 20 19 2 4 11 6 8 16 
student 110: 16 13 4 12 15 6 20 1 7 3 8 14 5 9 19 2 11 10 17 18 
student 111: 9 15 16 11 3 17 4 2 5 10 7 14 12 20 13 6 19 1 8 18 
student 112: 15 9 10 2 16 6 5 12 8 1 14 4 11 19 20 18 13 3 7 17 
student 113: 5 2 7 12 14 4 1 17 11 20 3 13 10 9 19 6 16 18 8 15 
student 114: 16 17 15 20 19 4 3 9 8 14 5 12 6 18 7 2 13 1 11 10 
student 115: 15 8 16 14 13 6 12 18 3 10 5 7 2 9 11 1 20 17 19 4 
student 116: 11 16 10 1 6 5 8 14 2 19 3 18 13 20 9 7 12 4 17 15 
student 117: 18 10 14 20 2 11 8 17 7 9 6 19 3 13 12 4 5 1 16 15 
student 118: 16 11 15 12 7 5 4 1 8 6 2 14 9 17 20 3 18 13 19 10 
student 119: 9 19 11 6 8 14 3 15 1 13 4 17 7 16 12 2 18 5 10 20 
student 120: 10 6 18 14 11 19 5 8 3 15 17 20 7 1 9 16 4 12 2 13 
student 121: 4 9 16 5 11 19 10 1 6 3 7 12 20 18 17 14 15 2 8 13 
student 122: 18 15 11 4 20 17 1 12 7 5 9 6 8 16 2 3 19 14 10 13 
student 123: 19 8 13 5 10 1 2 3 14 7 6 11 4 20 16 12 15 17 18 9 
student 124: 12 10 6 19 14 3 1 9 11 2 20 16 13 7 4 18 17 15 8 5 
student 125: 13 17 11 9 15 12 19 5 2 1 8 18 6 14 16 7 10 20 3 4 
student 126: 16 18 20 7 12 2 5 11 4 10 9 15 13 3 14 8 19 6 1 17 
student 127: 20 2 13 5 17 10 14 11 6 3 1 19 15 16 7 4 9 8 12 18 
student 128: 16 20 19 6 13 3 17 4 7 12 2 8 1 15 9 18 10 14 11 5 
student 129: 5 8 19 7 20 1 11 13 17 10 3 9 4 14 12 6 18 15 2 16 
student 130: 2 1 8 6 16 7 10 14 9 15 12 19 4 11 20 5 13 3 17 18 
student 131: 12 4 15 11 7 16 2 10 17 5 8 13 19 14 18 3 6 20 1 9 
student 132: 3 12 17 10 9 1 15 18 8 4 7 11 2 14 20 5 13 6 16 19 
student 133: 10 19 8 17 11 3 13 5 1 12 4 7 2 20 9 14 18 16 15 6 
student 134: 20 15 11 8 14 1 13 6 7 18 12 10 9 5 17 2 19 4 3 16 
student 135: 14 18 12 11 1 7 6 8 15 13 3 5 16 17 2 4 9 10 20 19 
student 136: 15 8 4 7 16 5 2 17 10 11 12 18 13 9 1 3 19 6 20 14 
student 137: 20 17 11 10 7 4 14 15 1 8 13 6 12 19 5 3 9 18 2 16 
student 138: 15 16 14 18 12 4 10 13 6 3 17 11 5 7 9 2 8 19 1 20 
student 139: 16 17 6 11 15 2 10 13 8 5 1 14 4 12 19 3 7 20 18 9 
student 140: 5 19 6 3 17 7 13 15 10 8 2 18 1 20 9 12 16 11 14 4 
student 141: 7 16 18 4 5 1 19 8 2 14 6 20 11 15 10 3 17 9 12 13 
student 142: 17 2 14 3 7 8 5 11 1 16 19 20 9 6 12 4 15 18 13 10 
student 143: 1 15 2 8 6 13 14 7 4 10 3 18 19 9 12 5 17 11 20 16 
student 144: 20 16 13 6 1 5 7 14 12 2 4 8 10 19 11 3 18 17 9 15 
student 145: 4 19 14 2 16 5 7 9 3 12 8 13 6 15 20 17 11 18 10 1 
student 146: 10 14 8 12 2 9 6 5 7 1 13 20 11 17 18 3 15 19 16 4 
student 147: 9 6 1 7 12 5 20 8 13 11 15 14 4 2 17 18 16 3 19 10 
student 148: 19 20 5 13 16 15 14 4 9 8 2 6 11 1 3 17 10 7 18 12 
student 149: 17 4 18 3 15 8 11 7 6 9 14 16 1 19 13 2 20 10 5 12 
student 150: 3 11 9 12 4 17 10 6 2 15 18 16 19 5 20 1 14 7 8 13 
student 151: 15 9 13 18 8 10 17 2 1 19 5 11 6 14 20 3 12 4 16 7 
student 152: 7 17 12 13 15 8 4 1 2 5 14 20 9 16 10 3 11 6 18 19 
student 153: 16 7 3 5 6 8 13 4 10 9 12 11 14 20 17 2 18 15 1 19 
student 154: 15 1 5 19 7 3 13 6 16 10 12 4 9 18 14 2 17 11 8 20 
student 155: 14 6 19 10 13 20 3 12 11 15 7 1 4 5 9 2 17 16 8 18 
student 156: 20 5 13 4 2 1 15 3 10 16 18 19 12 17 7 14 8 6 9 11 
student 157: 15 13 14 2 9 10 6 5 19 4 3 18 11 17 16 8 12 7 1 20 
student 158: 15 12 9 2 8 17 19 6 4 7 10 5 11 18 16 1 20 13 14 3 
student 159: 8 17 12 14 20 4 3 2 5 6 7 9 19 11 15 1 16 13 10 18 
student 160: 3 13 14 6 8 5 20 11 10 17 9 15 1 16 19 4 18 12 2 7 
student 161: 17 9 6 1 16 13 8 14 11 10 20 4 3 5 15 2 7 12 19 18 
student 162: 18 19 20 9 2 8 10 13 3 14 7 17 1 15 6 4 16 12 5 11 
student 163: 8 18 2 7 17 13 11 10 15 1 6 5 20 19 14 12 16 4 9 3 
student 164: 1 8 17 10 16 12 11 18 13 20 6 14 4 7 15 2 19 9 3 5 
student 165: 8 7 12 9 17 13 15 3 2 1 16 20 4 11 14 10 5 18 6 19 
student 166: 12 15 16 7 9 3 5 1 2 6 4 14 10 18 17 11 19 13 20 8 
student 167: 5 18 17 3 7 2 6 4 9 14 10 15 11 8 20 1 19 13 12 16 
student 168: 14 13 10 2 5 9 7 4 1 6 15 19 3 20 8 18 17 11 12 16 
student 169: 17 6 4 12 9 15 20 11 14 5 3 13 8 16 18 7 19 10 2 1 
student 170: 20 19 17 4 7 2 14 1 8 10 6 5 12 15 9 3 13 18 16 11 
student 171: 11 15 20 8 18 7 10 4 6 1 16 2 5 14 3 17 19 12 13 9 
student 172: 7 4 15 18 11 5 3 14 2 9 13 10 8 17 20 6 19 1 16 12 
student 173: 14 11 17 9 10 1 16 6 4 7 5 15 12 20 8 2 19 3 13 18 
student 174: 1 10 14 5 11 4 19 2 8 12 15 7 17 3 13 9 20 6 16 18 
student 175: 12 4 10 9 14 15 11 19 6 1 7 17 3 20 18 2 8 5 16 13 
student 176: 13 11 7 18 3 5 4 16 2 1 6 10 19 17 20 12 14 8 15 9 
student 177: 16 10 9 11 2 5 14 18 1 7 19 17 4 6 3 8 20 12 15 13 
student 178: 4 9 8 10 16 6 20 5 7 18 17 14 1 19 13 11 15 12 2 3 
student 179: 14 12 17 2 3 1 9 20 11 15 6 8 4 19 5 10 13 16 7 18 
student 180: 10 14 12 1 8 5 19 15 2 9 16 17 7 3 6 18 13 20 4 11 
student 181: 7 5 6 14 9 10 1 4 19 3 11 12 2 20 16 18 15 8 13 17 
student 182: 18 9 6 17 12 2 4 7 8 16 10 20 11 13 5 3 1 14 19 15 
student 183: 17 8 14 9 13 10 6 12 2 16 11 20 7 1 4 5 19 3 15 18 
student 184: 18 1 4 2 11 7 5 10 13 3 14 16 20 8 15 6 19 12 17 9 
student 185: 14 5 11 18 9 12 2 1 13 16 7 10 8 20 17 3 6 15 4 19 
student 186: 10 8 20 7 3 6 9 1 12 4 2 17 5 14 16 11 18 15 13 19 
student 187: 16 4 10 17 11 1 3 15 2 18 14 7 5 19 20 13 9 8 6 12 
student 188: 19 16 17 2 18 4 9 3 7 20 11 8 1 5 12 6 14 10 15 13 
student 189: 20 7 10 11 17 3 5 2 6 4 1 16 12 13 14 8 19 18 9 15 
student 190: 16 7 17 5 9 2 10 14 13 3 20 11 6 8 18 4 1 19 12 15 
student 191: 9 6 12 10 4 3 20 14 1 16 17 15 2 5 19 13 18 7 8 11 
student 192: 18 4 15 14 8 1 13 11 12 10 2 17 19 6 5 16 20 9 3 7 
student 193: 16 6 11 18 5 2 17 7 10 13 9 12 8 4 20 15 14 1 19 3 
student 194: 10 19 18 17 6 2 14 3 7 12 13 1 16 9 15 8 20 5 4 11 
student 195: 7 10 17 13 12 2 9 11 8 20 16 14 5 15 3 6 18 19 4 1 
student 196: 7 18 13 20 19 6 16 3 4 5 1 17 8 9 12 2 15 11 14 10 
student 197: 16 3 15 4 17 14 2 1 11 6 9 19 5 12 18 7 20 13 8 10 
student 198: 19 5 14 20 1 15 4 2 10 13 3 8 17 11 9 6 18 16 12 7 
student 199: 18 9 7 4 2 6 5 12 15 13 3 1 19 16 8 10 17 20 14 11 
student 200: 15 8 6 11 4 12 16 18 9 17 5 13 1 3 2 14 10 7 19 20 
student 201: 20 18 12 9 19 1 10 13 3 4 2 14 11 17 15 8 16 5 6 7 
student 202: 15 13 20 17 16 11 5 3 18 1 9 2 7 6 8 10 4 12 14 19 
student 203: 10 8 19 14 9 12 3 1 2 7 15 13 5 18 11 6 4 16 17 20 
student 204: 20 11 4 15 6 3 2 5 7 8 17 13 9 16 18 19 14 1 10 12 
student 205: 11 17 16 12 8 6 15 4 14 20 3 9 1 2 13 10 18 5 7 19 
student 206: 3 17 20 13 18 8 16 5 7 4 2 9 12 11 15 1 6 10 19 14 
student 207: 19 13 11 1 9 3 8 7 6 14 4 16 15 17 18 2 5 10 12 20 
student 208: 13 18 6 4 3 9 11 7 8 1 14 15 10 2 20 12 16 17 5 19 
student 209: 4 12 15 11 16 14 5 2 7 19 8 13 1 20 18 3 17 10 6 9 
student 210: 14 9 13 11 16 17 12 3 2 5 6 19 1 4 20 7 15 8 18 10 
student 211: 10 17 16 3 14 4 19 8 18 6 2 12 9 20 1 7 5 11 15 13 
student 212: 10 19 14 6 8 18 7 1 3 2 4 12 5 15 20 9 13 16 17 11 
student 213: 7 18 14 3 10 11 4 19 5 6 2 8 1 20 16 13 12 17 15 9 
student 214: 19 7 1 12 15 18 6 2 8 11 17 4 9 10 3 14 16 5 20 13 
student 215: 19 20 5 7 13 9 1 15 3 12 4 11 17 8 2 14 16 6 10 18 
student 216: 15 12 20 13 3 7 1 5 14 2 19 10 11 9 17 6 16 18 8 4 
student 217: 16 10 18 2 5 6 1 8 13 14 17 15 9 20 19 3 12 11 4 7 
student 218: 14 20 12 1 8 2 10 16 7 9 15 19 18 6 5 11 4 13 3 17 
student 219: 18 10 8 9 19 6 11 4 2 17 5 16 7 13 14 3 15 1 12 20 
student 220: 9 10 16 18 17 4 2 5 12 14 6 15 3 7 1 8 20 13 19 11 
student 221: 14 15 16 5 13 7 1 6 8 3 20 17 2 12 9 19 18 10 4 11 
student 222: 15 3 14 12 6 10 4 8 7 9 11 17 5 1 20 2 19 18 13 16 
student 223: 11 16 19 1 13 10 9 4 3 12 5 6 18 8 17 2 15 14 20 7 
student 224: 7 15 5 18 4 19 20 14 16 13 2 8 12 6 3 1 9 10 17 11 
student 225: 16 12 17 15 19 5 2 1 10 4 11 7 3 9 20 8 13 6 14 18 
student 226: 13 9 15 2 19 20 10 14 7 5 11 3 8 16 18 1 17 6 12 4 
student 227: 14 11 6 7 9 1 13 8 5 19 4 15 2 18 20 3 12 16 10 17 
student 228: 2 10 5 1 11 7 19 14 3 8 6 15 16 13 18 9 12 4 17 20 
student 229: 5 16 17 8 18 7 19 1 4 14 11 3 9 12 20 13 10 2 15 6 
student 230: 6 11 20 19 14 4 8 13 15 12 10 1 18 5 17 9 16 3 7 2 
student 231: 13 20 3 4 12 9 15 1 16 8 5 14 2 17 19 7 10 6 18 11 
student 232: 20 9 18 5 6 19 4 7 2 3 10 14 16 8 12 1 15 11 17 13 
student 233: 3 14 19 12 10 4 7 1 11 13 15 6 17 16 8 2 20 5 18 9 
student 234: 7 9 15 6 14 11 2 12 8 13 1 19 16 20 17 4 3 10 5 18 
student 235: 18 16 5 3 9 17 1 8 7 2 6 19 10 15 12 4 13 14 20 11 
student 236: 17 12 15 5 10 8 11 3 2 4 9 16 7 19 14 1 6 13 18 20 
student 237: 5 14 10 1 11 2 8 15 6 16 12 20 17 13 7 3 19 4 18 9 
student 238: 19 17 13 15 7 3 8 6 2 1 12 4 14 5 20 10 16 18 9 11 
student 239: 18 17 11 16 9 2 4 8 10 12 3 19 5 15 14 7 20 13 1 6 
student 240: 17 9 18 8 6 5 13 15 11 10 1 7 19 4 12 2 14 16 3 20 
student 241: 19 13 16 10 3 11 5 2 18 8 4 12 1 17 14 7 15 20 9 6 
student 242: 16 14 9 12 6 4 8 2 10 5 7 11 1 13 20 3 19 15 17 18 
student 243: 19 15 2 4 12 20 9 3 5 8 7 1 14 10 16 17 18 11 6 13 
student 244: 7 1 17 18 6 4 3 13 8 12 11 2 16 19 9 15 10 5 20 14 
student 245: 14 6 12 10 16 5 20 4 1 2 8 15 11 19 17 13 18 7 9 3 
student 246: 18 2 1 14 8 17 6 13 5 12 7 9 10 3 11 4 19 20 15 16 
student 247: 4 3 1 16 7 10 17 6 5 8 2 19 20 11 13 14 15 18 9 12 
student 248: 1 13 18 9 2 5 11 6 12 3 8 20 17 4 16 14 10 15 7 19 
student 249: 20 11 4 6 12 19 17 18 16 3 9 14 5 15 13 7 8 10 2 1 
student 250: 6 4 11 12 1 9 13 2 7 17 16 20 3 14 8 10 15 5 19 18 
student 251: 1 8 10 11 19 5 9 17 13 2 7 12 4 16 20 3 15 6 14 18 
student 252: 9 4 17 8 19 14 3 13 6 18 16 20 5 12 11 2 15 7 10 1 
student 253: 17 2 18 19 12 8 20 1 4 13 5 11 6 15 14 7 10 3 9 16 
student 254: 14 10 5 8 13 1 11 9 3 7 4 17 6 19 16 18 2 20 12 15 
student 255: 5 9 18 16 19 7 8 2 13 14 15 6 11 3 4 1 17 10 12 20 
student 256: 18 20 7 4 8 1 5 6 11 15 3 12 2 19 16 9 17 10 13 14 
student 257: 16 18 20 13 4 5 6 8 9 11 3 10 15 7 19 2 14 1 17 12 
student 258: 13 2 9 19 17 7 8 14 6 4 1 5 10 20 16 12 18 3 11 15 
student 259: 15 11 14 13 12 3 6 10 4 19 2 8 5 18 17 7 9 1 16 20 
student 260: 16 14 2 4 9 12 11 3 1 17 7 13 6 18 8 5 10 20 19 15 
student 261: 18 15 19 13 1 11 16 7 5 8 2 10 4 20 17 9 6 3 14 12 
student 262: 10 1 11 9 7 8 13 5 14 12 6 16 2 18 19 4 17 3 15 20 
student 263: 19 5 18 15 6 14 4 3 9 8 2 10 13 11 16 7 20 17 1 12 
student 264: 17 13 2 5 8 1 6 15 9 10 18 3 16 4 19 7 14 20 11 12 
student 265: 16 15 8 4 14 11 1 19 5 6 2 9 18 17 20 7 3 12 10 13 
student 266: 15 3 1 12 18 6 5 14 10 16 4 2 9 17 13 11 7 19 8 20 
student 267: 1 12 14 7 18 5 4 8 16 3 2 19 6 13 15 11 9 10 20 17 
student 268: 14 4 15 2 11 1 19 16 13 7 10 9 17 5 18 6 3 20 12 8 
student 269: 14 2 7 19 13 9 3 6 4 11 8 15 18 5 20 1 10 17 12 16 
student 270: 8 2 16 20 6 5 3 1 17 10 13 19 15 14 9 18 7 4 12 11 
student 271: 3 5 18 2 19 6 9 10 15 14 4 12 1 16 11 8 17 7 20 13 
student 272: 20 12 14 4 8 3 5 1 6 16 10 9 11 15 19 2 7 18 13 17 
student 273: 19 16 14 9 18 11 6 3 4 7 13 2 8 17 20 10 12 15 1 5 
student 274: 20 1 4 16 10 2 9 3 7 19 13 15 5 8 17 12 14 6 11 18 
student 275: 18 6 20 9 3 5 14 2 1 8 13 7 4 19 17 16 12 10 11 15 
student 276: 17 18 5 9 6 15 2 8 10 13 16 11 1 4 14 3 20 7 12 19 
student 277: 15 11 8 10 19 7 4 14 5 16 18 1 13 20 2 6 9 3 12 17 
student 278: 9 19 5 17 1 7 20 3 2 12 18 8 6 11 15 4 16 14 13 10 
student 279: 7 12 14 1 20 3 6 2 18 15 4 17 11 19 13 8 9 5 16 10 
student 280: 14 4 11 2 7 17 9 15 1 3 20 19 6 18 16 8 10 13 12 5 
student 281: 3 20 12 7 5 16 11 4 18 19 9 17 2 6 14 15 10 8 1 13 
student 282: 16 9 19 8 17 7 10 5 1 6 14 15 13 4 20 3 2 18 11 12 
student 283: 17 4 20 5 12 15 8 11 9 7 2 14 1 19 3 10 16 6 13 18 
student 284: 20 19 5 3 11 1 7 18 10 14 13 16 9 15 17 8 12 6 2 4 
student 285: 15 4 5 17 16 9 1 10 12 7 19 20 6 13 3 8 18 14 11 2 
student 286: 10 9 11 19 4 7 6 16 3 8 13 17 1 2 20 12 14 5 15 18 
student 287: 7 14 17 9 20 18 11 6 2 5 10 4 8 16 19 3 12 1 15 13 
student 288: 10 16 1 19 11 4 20 14 6 3 15 17 9 18 12 2 7 13 8 5 
student 289: 8 13 17 18 15 6 10 1 4 9 20 12 5 14 16 2 19 3 11 7 
student 290: 10 7 20 17 4 2 8 5 12 11 9 15 3 18 16 13 19 6 1 14 
student 291: 9 6 20 3 8 1 10 4 12 14 11 13 19 18 15 7 17 2 16 5 
student 292: 13 3 16 17 10 1 19 11 9 5 6 4 12 15 14 2 20 7 8 18 
student 293: 5 9 8 3 18 14 4 16 19 11 1 2 13 20 6 12 7 17 15 10 
student 294: 18 17 7 10 15 9 1 11 12 8 13 14 2 19 3 4 20 5 6 16 
student 295: 20 2 13 19 12 3 4 14 5 1 11 8 10 15 18 6 9 16 7 17 
student 296: 8 3 13 14 10 17 16 4 2 19 20 12 5 11 6 7 18 1 9 15 
student 297: 6 12 10 3 9 5 11 16 15 14 1 20 2 18 19 8 13 17 4 7 
student 298: 10 6 4 20 2 3 12 11 14 17 8 13 1 19 9 7 15 5 18 16 
student 299: 12 4 19 14 17 5 13 8 9 1 3 6 7 20 2 11 18 16 10 15 
student 300: 12 13 7 8 10 2 5 11 4 17 9 15 19 16 20 1 18 3 6 14 
student 301: 15 12 18 6 10 5 1 7 20 9 4 19 2 14 11 3 17 13 8 16 
student 302: 17 4 12 14 18 11 15 6 8 16 9 7 5 13 10 2 20 3 19 1 
student 303: 11 16 12 8 10 3 18 4 6 1 7 17 2 5 19 14 15 9 13 20 
student 304: 12 6 14 17 2 19 5 16 20 11 4 18 7 3 8 10 13 1 15 9 
student 305: 20 17 13 10 8 19 12 11 3 15 7 2 4 18 5 6 1 9 14 16 
student 306: 16 20 8 17 10 15 5 1 3 4 2 18 9 12 11 7 6 19 13 14 
student 307: 17 9 19 16 18 7 4 20 8 10 11 13 6 14 12 2 5 1 15 3 
student 308: 6 4 8 5 19 9 1 2 3 18 7 13 10 16 20 14 15 11 17 12 
student 309: 18 1 19 7 13 4 15 9 12 10 14 6 3 8 16 11 17 20 5 2 
student 310: 12 11 13 3 17 10 15 2 8 14 1 7 9 20 16 6 5 19 4 18 
student 311: 20 10 6 17 7 18 4 12 11 3 9 15 14 16 8 1 19 5 13 2 
student 312: 3 14 8 5 7 4 19 20 17 1 9 10 12 16 2 15 11 6 18 13 
student 313: 19 20 11 14 1 3 10 9 18 8 7 4 2 5 16 6 17 12 13 15 
student 314: 1 19 18 5 13 3 2 15 4 6 7 11 12 9 17 14 20 16 8 10 
student 315: 12 10 18 17 19 3 9 6 2 4 13 5 14 8 11 16 20 1 7 15 
student 316: 11 6 15 7 12 2 13 4 20 8 3 17 1 14 5 9 18 10 16 19 
student 317: 14 5 20 2 13 8 11 1 7 16 3 10 9 6 19 4 12 17 18 15 
student 318: 14 4 6 8 5 2 1 10 9 15 17 18 19 12 13 3 20 16 11 7 
student 319: 19 8 20 3 15 17 12 4 6 18 9 14 2 13 10 5 16 7 1 11 
student 320: 15 5 9 1 4 17 6 12 3 13 2 18 8 19 10 11 7 14 16 20 
student 321: 1 15 18 7 19 14 17 10 3 12 6 9 4 11 16 2 20 5 13 8 
student 322: 11 12 18 13 4 6 19 8 7 2 5 16 9 17 15 1 20 10 3 14 
student 323: 11 13 16 5 15 12 7 10 14 2 19 20 3 18 9 4 1 8 6 17 
student 324: 15 19 2 7 9 4 14 11 12 8 10 6 18 3 20 5 13 1 16 17 
student 325: 20 14 11 6 10 7 8 5 3 12 9 19 1 18 4 2 16 15 17 13 
student 326: 7 15 11 14 6 4 3 5 17 19 9 12 8 10 13 2 18 16 1 20 
student 327: 17 12 10 15 1 7 2 14 6 11 18 5 8 20 4 9 19 3 13 16 
student 328: 10 2 19 1 8 18 13 17 7 11 3 6 5 20 16 4 15 12 14 9 
student 329: 4 16 14 9 5 7 11 17 8 10 13 12 3 19 15 1 20 2 18 6 
student 330: 13 20 11 6 3 18 8 12 1 9 4 14 10 17 16 2 5 7 19 15 
student 331: 9 20 7 11 6 3 10 14 1 17 5 13 2 16 12 8 15 19 4 18 
student 332: 11 16 5 12 4 14 10 19 7 18 2 1 3 20 17 9 15 6 13 8 
student 333: 17 12 8 10 3 5 6 9 13 11 4 15 2 18 1 20 16 7 19 14 
student 334: 7 14 15 18 12 11 4 9 1 13 17 10 3 16 8 2 20 6 5 19 
student 335: 2 14 3 10 7 6 11 1 5 8 19 20 4 12 18 16 9 13 17 15 
student 336: 13 12 5 8 6 9 20 10 1 7 17 3 4 15 19 14 16 18 2 11 
student 337: 3 11 18 5 20 2 12 6 14 4 13 10 9 1 8 7 15 16 19 17 
student 338: 7 16 5 4 8 3 6 10 19 2 18 1 12 17 14 9 20 11 15 13 
student 339: 16 10 9 2 11 12 14 18 4 6 3 20 5 15 19 7 13 8 1 17 
student 340: 17 11 4 10 15 3 5 6 2 8 18 12 14 19 9 20 16 7 13 1 
student 341: 19 11 18 17 6 4 5 14 12 8 20 3 10 13 16 2 9 1 7 15 
student 342: 6 4 8 13 9 14 5 3 17 15 16 2 11 19 20 1 7 10 12 18 
student 343: 5 13 17 18 1 15 19 9 2 8 12 16 6 11 10 4 3 14 7 20 
student 344: 20 18 16 8 17 13 1 12 4 11 19 14 6 7 5 2 10 3 15 9 
student 345: 14 12 16 3 7 9 4 10 13 11 8 19 6 5 1 2 20 17 18 15 
student 346: 9 8 7 15 12 20 6 14 4 1 11 18 10 17 16 2 19 5 13 3 
student 347: 20 7 10 9 3 14 17 16 11 8 2 19 6 18 5 1 12 13 15 4 
student 348: 16 6 13 10 4 1 18 17 11 8 2 12 7 15 20 3 9 5 14 19 
student 349: 19 15 16 2 20 3 13 9 7 1 10 18 5 11 6 8 14 17 4 12 
student 350: 13 15 10 14 11 6 12 1 2 9 18 7 3 17 19 5 16 4 20 8 
student 351: 11 14 9 7 6 19 17 2 8 16 18 10 13 20 15 4 1 12 3 5 
student 352: 19 14 7 12 6 3 9 13 2 8 17 16 10 4 18 20 15 1 11 5 
student 353: 13 3 10 5 11 9 12 14 1 7 17 18 4 20 15 8 19 6 2 16 
student 354: 12 10 18 19 1 5 3 9 7 6 13 15 14 11 20 2 17 4 16 8 
student 355: 4 3 8 11 17 1 5 18 14 2 19 6 12 16 13 20 15 7 9 10 
student 356: 3 7 10 12 20 9 13 1 5 14 17 19 8 11 4 2 18 6 16 15 
student 357: 20 15 14 13 10 7 4 18 2 9 3 6 12 19 8 1 5 17 16 11 
student 358: 17 18 19 9 6 14 12 2 5 16 7 4 15 3 20 1 13 8 10 11 
student 359: 7 13 8 3 6 4 5 15 18 11 2 14 1 16 20 10 19 12 17 9 
student 360: 5 20 13 19 12 14 9 2 1 11 6 17 4 16 8 10 3 7 18 15 
student 361: 6 5 19 20 9 3 7 17 1 10 2 15 13 14 8 11 18 16 4 12 
student 362: 9 14 17 2 13 6 15 11 1 4 20 3 16 10 19 12 5 18 8 7 
student 363: 6 17 9 13 5 1 8 2 11 4 14 10 7 12 20 15 18 3 19 16 
student 364: 10 12 8 6 11 17 14 1 2 7 3 4 20 18 13 19 15 9 16 5 
student 365: 5 15 13 9 2 19 20 1 14 8 18 16 4 3 10 12 17 6 7 11 
student 366: 19 11 14 13 5 1 15 10 8 9 7 18 3 12 20 17 16 4 2 6 
student 367: 15 13 17 8 4 6 20 3 12 10 9 11 7 2 18 1 19 5 16 14 
student 368: 18 20 14 12 9 4 3 11 5 6 19 16 10 15 13 8 7 1 17 2 
student 369: 16 13 14 9 2 4 18 3 20 7 8 19 17 6 1 10 12 5 11 15 
student 370: 15 6 2 5 13 7 8 12 10 20 3 4 1 18 9 14 19 16 17 11 
student 371: 19 4 12 13 14 17 15 1 5 11 3 18 16 8 20 2 9 7 6 10 
student 372: 13 17 11 19 16 6 14 9 7 8 10 12 5 15 18 4 20 3 1 2 
student 373: 4 11 13 9 16 3 14 10 1 12 5 17 8 18 7 2 20 6 19 15 
student 374: 20 15 19 9 13 2 5 8 4 18 10 12 11 16 17 3 14 7 6 1 
student 375: 13 9 7 3 14 6 1 2 18 11 10 4 19 17 20 8 12 15 5 16 
student 376: 19 4 17 10 18 3 15 6 9 12 8 7 1 16 20 2 5 13 11 14 
student 377: 13 2 7 10 3 17 20 15 12 8 6 1 4 14 11 9 18 5 16 19 
student 378: 17 18 14 5 8 2 1 10 4 3 7 19 16 20 11 9 12 6 13 15 
student 379: 3 13 16 10 2 15 14 17 7 1 5 6 19 12 18 8 4 20 9 11 
student 380: 12 4 9 20 8 6 3 7 1 11 15 10 5 16 18 2 19 14 13 17 
student 381: 15 10 19 11 5 1 12 3 14 2 7 13 4 17 9 20 18 8 16 6 
student 382: 16 1 14 5 2 17 4 9 7 13 19 15 6 11 10 3 18 12 8 20 
student 383: 9 13 17 7 11 2 10 19 4 16 1 14 3 5 12 8 15 6 20 18 
student 384: 17 8 15 11 13 19 2 3 4 5 9 6 16 7 14 10 20 12 1 18 
student 385: 12 17 8 5 20 4 9 14 7 13 15 3 11 6 2 1 19 10 18 16 
student 386: 15 12 17 6 19 10 8 3 7 5 9 16 20 1 13 11 14 18 2 4 
student 387: 20 2 10 8 14 13 9 4 5 6 12 19 1 11 16 3 15 7 18 17 
student 388: 17 1 15 18 8 13 20 7 3 9 6 14 4 16 19 2 10 12 11 5 
student 389: 3 14 17 7 11 4 12 10 2 15 5 16 1 8 6 19 9 13 18 20 
student 390: 19 14 13 4 17 15 12 6 9 1 3 2 5 20 16 8 11 7 18 10 
student 391: 19 14 18 12 11 3 2 4 10 8 1 17 15 16 9 6 20 7 5 13 
student 392: 12 19 17 13 6 3 4 10 1 14 8 20 2 18 9 15 16 7 5 11 
student 393: 18 3 15 9 6 19 4 12 16 5 8 10 1 17 13 2 14 7 11 20 
student 394: 9 10 15 2 6 3 1 4 13 11 5 17 7 16 14 12 19 8 20 18 
student 395: 15 13 11 7 3 19 10 5 1 2 18 20 8 17 16 4 12 9 6 14 
student 396: 10 13 20 3 2 15 4 1 9 8 16 14 7 18 11 6 19 17 12 5 
student 397: 10 13 9 2 8 1 16 4 3 15 17 6 5 14 11 7 12 18 20 19 
student 398: 15 5 18 1 4 16 9 2 6 20 11 12 7 10 8 3 19 14 13 17 
student 399: 2 8 16 13 11 1 17 3 18 7 14 6 4 10 20 12 19 5 15 9 
student 400: 14 6 4 2 10 5 18 13 7 3 1 17 8 20 19 9 11 15 12 16 
student 401: 16 14 12 5 6 10 15 9 2 1 11 18 13 8 19 3 17 4 7 20 
student 402: 16 15 12 14 6 18 9 2 19 8 5 11 13 20 4 3 17 10 7 1 
student 403: 19 8 4 7 9 14 3 1 2 10 11 20 15 13 18 6 5 17 12 16 
student 404: 13 12 14 17 16 8 15 20 5 4 9 3 11 19 10 1 7 2 6 18 
student 405: 13 17 12 6 19 18 5 1 10 8 7 11 2 14 15 4 20 9 3 16 
student 406: 18 19 9 5 3 11 17 7 6 10 12 13 2 20 16 1 14 4 8 15 
student 407: 20 11 19 1 16 4 3 2 6 7 13 17 8 10 12 5 9 18 14 15 
student 408: 16 20 18 6 13 2 3 14 9 10 17 12 1 15 7 5 19 4 11 8 
student 409: 11 16 1 19 15 6 3 14 17 2 5 18 12 4 13 9 20 8 10 7 
student 410: 16 3 7 19 20 2 4 15 9 13 8 14 5 18 11 10 1 17 12 6 
student 411: 14 17 10 5 3 2 1 16 8 11 4 12 7 9 20 6 18 15 19 13 
student 412: 16 18 3 4 9 6 10 7 1 5 15 14 2 8 19 13 17 12 20 11 
student 413: 6 1 14 10 9 8 13 15 2 5 16 12 19 20 17 7 3 4 11 18 
student 414: 3 12 4 18 1 6 10 8 16 7 5 17 13 11 20 15 2 9 14 19 
student 415: 12 13 20 6 14 1 4 17 2 7 3 8 5 16 15 10 19 11 9 18 
student 416: 17 10 14 6 9 8 7 1 5 13 4 18 12 2 19 3 16 11 20 15 
student 417: 17 1 9 8 10 5 16 19 3 14 2 20 6 13 15 7 12 18 4 11 
student 418: 9 11 15 16 3 10 2 20 4 7 19 1 5 18 14 13 17 6 8 12 
student 419: 7 15 19 8 9 2 11 10 13 6 12 14 1 20 4 5 18 3 16 17 
student 420: 15 3 8 19 5 7 17 14 13 9 2 16 6 18 12 10 20 11 4 1 
student 421: 19 20 14 2 4 1 17 3 5 6 15 11 12 16 18 8 13 10 9 7 
student 422: 16 20 8 2 6 9 14 17 11 18 1 19 3 12 13 7 5 4 15 10 
student 423: 12 15 17 1 9 18 8 3 19 6 10 14 13 11 16 4 20 7 5 2 
student 424: 20 16 5 13 15 8 2 3 6 9 18 19 10 11 17 7 14 1 12 4 
student 425: 4 13 15 2 19 5 11 6 1 7 10 17 9 18 20 8 14 12 3 16 
student 426: 20 17 3 2 7 8 15 5 1 6 16 14 13 18 12 10 11 9 4 19 
student 427: 18 16 19 4 8 9 2 5 13 15 17 1 12 20 14 3 7 11 6 10 
student 428: 18 17 8 1 7 5 9 13 10 20 4 11 6 19 16 14 15 2 3 12 
student 429: 20 19 6 14 18 4 10 9 15 7 8 5 13 17 1 3 16 12 11 2 
student 430: 9 13 15 1 5 8 7 2 3 17 16 14 10 18 12 6 19 11 4 20 
student 431: 12 6 14 7 10 3 16 5 8 4 9 18 1 11 13 2 20 19 15 17 
student 432: 12 13 19 18 10 6 14 4 15 3 20 7 5 9 17 16 11 2 8 1 
student 433: 12 5 19 1 17 6 2 3 7 11 14 4 18 15 10 9 20 16 13 8 
student 434: 11 2 16 15 12 14 8 1 5 7 13 20 10 9 19 6 18 4 17 3 
student 435: 6 3 4 1 19 11 10 8 9 15 18 13 5 12 2 16 14 20 17 7 
student 436: 8 15 11 17 3 4 14 7 9 1 6 12 10 16 20 2 5 13 19 18 
student 437: 14 9 15 19 13 10 1 6 3 18 4 11 8 17 12 2 20 7 5 16 
student 438: 2 12 5 3 1 13 14 4 7 11 15 6 8 9 18 17 10 19 20 16 
student 439: 1 14 7 10 19 15 2 13 11 12 5 6 17 18 8 3 9 16 4 20 
student 440: 10 4 8 12 20 3 9 14 7 1 13 5 6 19 11 2 18 17 16 15 
student 441: 12 8 20 7 11 3 2 16 6 1 15 14 10 19 4 5 17 18 13 9 
student 442: 11 3 2 5 6 9 10 7 14 16 15 13 17 12 19 1 18 4 20 8 
student 443: 20 14 5 15 4 2 7 8 3 6 18 19 11 16 13 12 10 17 9 1 
student 444: 18 20 3 13 5 11 19 4 16 7 9 8 2 15 10 1 14 6 17 12 
student 445: 19 15 14 5 16 11 3 7 2 9 10 8 4 12 20 1 18 17 6 13 
student 446: 20 13 16 10 18 3 7 8 14 6 1 11 4 9 19 2 15 17 12 5 
student 447: 16 1 2 19 20 3 6 4 15 5 8 11 14 17 12 18 13 9 7 10 
student 448: 19 9 16 5 12 8 3 17 7 2 13 6 4 10 18 11 14 15 1 20 
student 449: 11 6 17 7 10 20 3 2 12 9 13 15 4 18 19 5 1 8 16 14 
student 450: 17 12 19 8 7 3 13 4 20 18 5 16 6 15 14 1 11 2 10 9 
student 451: 8 4 1 9 7 3 15 6 14 17 10 19 5 13 11 2 16 20 12 18 
student 452: 5 15 6 7 12 4 20 17 16 9 2 8 3 11 1 10 18 13 14 19 
student 453: 1 8 6 11 13 4 5 9 14 19 2 10 17 7 18 3 20 12 15 16 
student 454: 15 17 18 12 8 4 13 7 11 1 16 6 5 19 20 2 3 9 10 14 
student 455: 10 11 15 13 4 8 18 12 6 17 19 14 3 16 7 1 20 9 5 2 
student 456: 17 15 18 3 19 4 6 16 10 13 12 20 2 8 14 7 5 9 11 1 
student 457: 15 12 18 11 7 20 10 1 9 3 13 6 2 14 5 8 17 16 19 4 
student 458: 20 10 15 18 1 14 5 17 7 3 6 9 4 11 19 8 16 12 2 13 
student 459: 8 4 18 15 9 3 11 6 16 1 14 2 7 17 5 13 19 10 12 20 
student 460: 8 6 18 15 7 9 17 20 4 5 2 12 10 16 19 1 14 3 13 11 
student 461: 17 14 7 10 16 6 19 11 9 1 3 18 5 13 4 2 8 12 15 20 
student 462: 9 14 7 13 1 4 19 10 2 6 12 8 5 20 11 3 18 16 15 17 
student 463: 9 18 4 7 12 5 3 17 15 19 8 20 6 10 16 2 13 14 11 1 
student 464: 7 16 8 10 18 4 14 5 3 1 20 12 11 19 9 6 17 2 15 13 
student 465: 17 5 16 6 11 10 3 15 7 14 4 13 1 19 18 20 8 9 2 12 
student 466: 7 16 20 6 15 8 5 13 11 10 12 18 1 17 4 3 19 14 2 9 
student 467: 19 20 18 8 16 5 9 14 4 7 17 15 3 12 6 1 10 11 2 13 
student 468: 18 20 5 2 6 4 11 8 14 15 3 9 10 16 19 7 13 1 12 17 
student 469: 12 8 13 10 17 3 19 6 7 1 18 14 4 20 11 2 15 5 9 16 
student 470: 16 2 13 3 20 1 9 4 7 8 14 5 12 10 19 18 15 11 6 17 
student 471: 8 6 16 15 10 5 14 4 12 2 3 18 17 13 11 7 20 19 1 9 
student 472: 1 19 9 7 10 4 2 14 12 18 8 17 5 16 3 15 11 6 13 20 
student 473: 19 6 17 10 16 5 13 7 3 8 1 9 15 4 12 11 2 14 18 20 
student 474: 5 20 9 7 14 19 11 2 10 13 3 18 1 16 15 4 8 12 6 17 
student 475: 19 8 12 5 6 7 15 2 20 1 3 9 11 10 18 13 14 16 4 17 
student 476: 12 5 1 16 14 3 11 6 2 17 13 20 4 10 7 9 15 18 8 19 
student 477: 15 1 9 16 10 14 8 11 7 3 5 20 6 18 2 12 17 4 19 13 
student 478: 19 7 18 10 17 8 15 3 11 2 20 16 4 14 1 5 12 9 6 13 
student 479: 15 8 16 17 5 3 1 14 4 9 7 12 2 11 19 10 6 18 13 20 
student 480: 20 17 16 6 19 13 14 3 2 1 7 8 5 10 18 4 9 11 12 15 
student 481: 9 1 13 20 6 18 12 4 10 19 3 16 2 7 17 15 8 14 5 11 
student 482: 7 10 18 11 9 1 2 3 4 8 19 15 5 12 20 17 13 6 16 14 
student 483: 20 19 10 18 17 15 4 2 8 12 14 5 9 7 11 3 1 6 16 13 
student 484: 13 15 8 17 12 1 20 16 14 7 3 18 10 9 2 11 4 6 5 19 
student 485: 18 11 12 6 5 1 9 3 8 2 7 15 4 17 19 10 20 14 13 16 
student 486: 15 5 12 1 4 19 10 2 11 6 9 18 7 16 14 13 17 8 20 3 
student 487: 7 15 8 5 1 2 17 11 12 9 4 19 16 10 20 3 6 18 14 13 
student 488: 4 9 3 17 8 13 12 20 15 6 5 11 2 14 18 10 19 7 16 1 
student 489: 14 3 10 9 2 7 5 4 8 15 11 19 6 16 13 18 20 12 1 17 
student 490: 19 16 12 5 17 13 1 8 6 11 9 15 3 20 7 10 18 14 4 2 
student 491: 19 13 12 15 2 3 14 5 9 10 11 16 20 8 17 1 18 4 6 7 
student 492: 12 3 18 11 1 9 8 16 19 14 2 15 10 5 6 4 13 7 20 17 
student 493: 15 6 8 7 13 3 16 11 18 1 9 19 17 2 14 20 12 5 10 4 
student 494: 8 9 14 19 1 11 16 13 6 17 5 7 12 3 15 18 20 4 10 2 
student 495: 16 9 18 11 14 10 4 6 2 8 15 19 13 12 1 5 20 3 7 17 
student 496: 2 18 11 10 12 7 3 9 6 17 20 14 8 19 13 1 16 5 4 15 
student 497: 13 15 18 14 11 3 4 19 12 6 5 20 9 7 10 1 17 16 2 8 
student 498: 14 13 5 11 9 7 10 18 2 15 1 8 3 17 6 4 16 20 12 19 
student 499: 19 12 14 7 17 4 15 8 2 5 20 16 6 10 13 1 11 3 9 18 
student 500: 20 5 8 6 12 13 1 11 2 7 15 16 4 19 14 3 18 17 9 10 
student 501: 15 12 13 20 16 7 14 4 10 1 3 2 11 8 18 9 19 5 6 17 
student 502: 14 15 12 9 20 1 18 5 2 16 13 19 8 17 6 11 4 10 7 3 
student 503: 8 1 15 10 16 9 13 6 19 2 12 18 7 5 20 4 17 3 11 14 
student 504: 4 9 20 14 6 5 2 7 13 8 10 19 1 3 18 12 11 17 15 16 
student 505: 8 9 10 7 20 18 14 19 15 4 13 2 17 11 12 16 5 6 1 3 
student 506: 9 14 1 15 5 18 2 8 3 10 6 12 20 13 11 7 19 17 16 4 
student 507: 10 5 9 6 13 7 8 1 2 20 19 14 4 15 3 17 16 18 12 11 
student 508: 13 5 14 16 1 3 8 11 9 4 12 6 7 20 19 2 18 10 17 15 
student 509: 13 18 8 9 1 2 17 16 7 6 11 3 4 14 19 5 20 12 15 10 
student 510: 10 11 15 12 19 4 3 9 6 17 18 1 5 20 8 2 13 14 16 7 
student 511: 13 19 10 8 4 16 18 6 1 7 2 11 14 12 17 3 9 5 20 15 
student 512: 12 18 15 3 4 1 14 19 9 5 11 10 6 8 20 7 13 16 2 17 
student 513: 9 4 13 12 11 8 17 7 2 5 20 14 3 18 15 6 16 10 1 19 
student 514: 20 6 7 15 16 8 13 2 5 3 17 18 10 14 11 1 19 12 9 4 
student 515: 14 3 11 15 4 20 17 5 8 10 2 12 6 18 19 16 1 13 9 7 
student 516: 15 14 12 18 5 11 4 16 2 6 19 9 10 8 3 1 20 7 13 17 
student 517: 9 4 1 10 20 5 3 12 17 13 18 7 2 15 19 8 11 14 6 16 
student 518: 19 12 7 8 17 3 11 10 18 4 2 9 1 16 20 6 5 13 15 14 
student 519: 9 10 12 3 20 2 16 7 8 11 13 6 18 14 15 1 17 19 5 4 
student 520: 3 20 1 12 6 18 8 4 2 15 13 14 16 19 17 9 11 7 10 5 
student 521: 17 15 10 16 14 18 19 1 9 3 6 11 7 8 12 2 20 5 4 13 
student 522: 1 4 19 12 10 15 2 6 9 8 11 18 3 16 20 13 14 5 7 17 
student 523: 19 1 10 4 17 13 11 2 3 8 12 9 7 18 20 15 5 6 14 16 
student 524: 8 11 9 6 20 7 10 5 4 13 16 18 19 17 12 3 14 1 2 15 
student 525: 20 10 3 16 5 1 6 11 2 8 19 12 14 15 7 4 18 9 17 13 
student 526: 18 4 17 7 10 1 13 5 2 11 9 8 3 16 20 14 19 6 12 15 
student 527: 12 9 8 20 5 4 11 16 1 7 15 19 17 3 6 2 18 14 13 10 
student 528: 15 8 4 16 11 5 19 1 6 3 2 12 17 13 18 7 14 20 9 10 
student 529: 18 5 19 7 12 8 4 10 3 2 16 13 9 14 6 17 15 20 11 1 
student 530: 19 3 15 6 17 10 14 7 5 11 1 9 8 20 2 16 18 13 4 12 
student 531: 13 11 12 3 10 8 15 6 4 20 2 17 1 16 7 9 19 5 14 18 
student 532: 7 1 19 15 14 2 16 11 3 13 12 4 9 17 6 10 18 5 20 8 
student 533: 9 3 6 11 8 4 2 20 1 13 14 12 10 16 17 7 19 15 5 18 
student 534: 14 17 4 11 13 6 15 1 7 8 18 20 3 12 10 2 9 5 16 19 
student 535: 17 12 16 18 3 11 1 10 6 2 15 9 14 19 5 7 20 4 8 13 
student 536: 17 4 12 20 6 10 15 16 1 11 5 8 13 19 3 7 18 14 2 9 
student 537: 11 2 13 10 8 18 17 6 1 9 5 7 15 20 4 12 14 16 3 19 
student 538: 15 8 14 10 13 6 16 18 4 7 17 3 2 9 20 1 11 19 5 12 
student 539: 20 17 14 1 5 11 18 7 2 10 15 6 4 16 12 3 13 9 19 8 
student 540: 10 20 7 5 4 9 6 18 2 13 3 17 8 1 12 11 14 19 16 15 
student 541: 2 15 11 5 14 9 17 20 13 19 8 6 4 18 16 1 7 3 12 10 
student 542: 2 12 20 6 3 18 11 7 14 8 9 4 5 13 15 1 16 17 19 10 
student 543: 6 18 4 8 17 11 9 7 19 14 13 12 3 10 5 2 16 15 20 1 
student 544: 19 8 10 7 1 17 15 20 9 13 4 6 5 16 3 2 11 14 12 18 
student 545: 12 7 4 10 14 17 1 18 5 13 16 8 2 15 19 6 20 3 9 11 
student 546: 13 11 15 14 10 3 7 17 12 4 1 16 6 19 9 5 8 2 18 20 
student 547: 7 17 20 4 5 10 13 11 6 9 3 15 16 14 2 1 19 18 12 8 
student 548: 18 5 11 20 15 6 16 14 10 1 13 8 7 17 19 4 3 12 2 9 
student 549: 11 20 6 1 16 7 17 9 18 3 14 12 4 13 2 5 19 8 15 10 
student 550: 17 10 8 14 15 1 16 3 5 19 7 11 12 6 9 2 13 4 18 20 
student 551: 20 5 16 4 14 2 17 11 3 15 1 9 7 19 10 6 8 18 12 13 
student 552: 17 7 9 13 6 20 5 19 15 2 14 16 1 10 18 3 4 11 8 12 
student 553: 20 18 13 5 6 15 19 3 2 10 4 1 7 17 8 11 9 12 14 16 
student 554: 20 11 16 7 10 6 8 1 5 13 3 18 14 17 19 2 4 9 12 15 
student 555: 7 20 2 5 12 1 9 6 11 3 8 17 14 19 16 10 18 13 15 4 
student 556: 15 16 7 10 18 3 1 11 9 5 17 2 19 4 8 6 14 12 13 20 
student 557: 14 5 12 10 20 17 16 13 11 7 8 4 1 15 19 9 2 6 3 18 
student 558: 19 11 8 20 13 5 10 17 7 3 16 15 9 18 14 2 1 12 4 6 
student 559: 1 17 5 11 2 4 8 12 6 10 16 14 7 3 19 9 15 13 20 18 
student 560: 17 15 13 19 7 10 14 1 2 5 4 20 9 8 3 6 11 16 18 12 
student 561: 4 11 13 9 10 7 6 5 14 20 12 17 1 15 16 3 19 2 18 8 
student 562: 19 5 9 11 4 2 1 7 13 16 10 18 12 14 6 3 20 17 8 15 
student 563: 19 1 13 2 18 15 17 9 7 10 12 8 11 6 16 3 20 5 4 14 
student 564: 17 9 1 4 20 6 8 12 7 13 2 15 19 3 5 11 14 10 18 16 
student 565: 20 4 19 18 12 8 9 6 2 5 16 15 7 14 11 1 17 3 13 10 
student 566: 14 19 10 18 4 6 11 13 3 5 16 8 1 15 12 2 17 7 20 9 
student 567: 6 12 18 3 10 2 15 9 1 5 7 8 19 20 17 11 16 4 13 14 
student 568: 2 10 7 1 8 6 9 3 18 14 15 12 13 19 17 4 5 16 11 20 
student 569: 17 7 10 6 14 8 11 9 3 4 12 13 16 20 18 5 1 15 19 2 
student 570: 18 5 16 2 1 11 4 13 10 6 9 14 19 12 3 8 15 7 17 20 
student 571: 14 16 5 6 9 7 17 8 19 3 12 15 10 2 18 4 11 1 20 13 
student 572: 6 5 20 13 16 12 14 2 17 15 18 9 3 8 4 1 19 7 10 11 
student 573: 18 8 1 10 16 17 2 5 12 4 13 11 3 20 6 14 19 7 15 9 
student 574: 14 15 12 8 7 11 6 1 3 5 4 19 10 13 18 2 17 16 20 9 
student 575: 13 19 7 9 11 10 5 17 2 4 1 14 3 18 16 8 20 15 6 12 
student 576: 16 5 8 18 17 1 20 4 13 6 3 11 10 7 15 12 19 2 9 14 
student 577: 16 15 10 7 6 13 5 1 18 8 20 12 11 14 2 9 19 3 17 4 
student 578: 3 1 11 12 2 10 5 18 9 16 15 4 7 17 14 6 13 20 8 19 
student 579: 17 18 16 11 8 7 9 1 12 4 10 14 3 20 2 13 15 19 6 5 
student 580: 19 15 3 16 8 4 10 9 12 17 14 11 7 18 13 5 20 1 6 2 
student 581: 11 5 3 13 20 19 16 7 4 1 10 17 18 8 12 2 6 9 15 14 
student 582: 14 2 18 13 15 11 17 19 5 4 9 16 20 10 7 8 12 1 3 6 
student 583: 8 5 14 19 15 13 6 3 12 11 4 10 7 18 16 1 20 2 9 17 
student 584: 8 20 14 1 7 2 4 16 15 5 11 9 6 18 17 3 13 19 12 10 
student 585: 18 7 3 5 19 4 15 13 2 17 9 20 1 16 6 10 12 8 11 14 
student 586: 4 1 6 7 8 3 9 2 15 10 11 16 5 20 13 19 17 18 12 14 
student 587: 11 7 20 2 15 13 12 3 6 9 10 17 1 8 19 4 14 5 18 16 
student 588: 19 7 5 16 10 8 18 13 6 12 14 9 15 17 1 2 4 20 3 11 
student 589: 20 14 18 3 8 19 9 17 5 12 1 16 13 15 6 4 10 2 7 11 
student 590: 10 13 4 20 15 12 3 11 7 6 5 19 1 16 8 18 17 2 9 14 
student 591: 13 11 5 9 3 2 15 12 8 18 16 17 1 19 4 14 6 7 10 20 
student 592: 9 2 12 11 8 6 19 18 10 7 3 16 14 5 1 17 13 15 4 20 
student 593: 20 13 11 4 14 1 8 5 10 17 9 12 15 7 19 3 16 2 18 6 
student 594: 12 6 14 4 10 16 9 7 2 1 5 11 18 15 19 3 20 8 17 13 
student 595: 4 12 20 8 14 6 19 13 1 5 10 18 2 17 3 7 9 11 16 15 
student 596: 15 7 11 9 20 3 13 8 5 6 2 12 4 14 10 16 17 1 18 19 
student 597: 8 4 19 3 11 9 18 2 5 1 15 10 16 7 13 12 14 6 20 17 
student 598: 8 5 7 12 15 3 11 6 14 16 1 18 4 10 13 2 19 9 20 17 
student 599: 17 6 3 13 9 1 18 11 2 10 4 15 7 14 12 5 16 8 20 19 
student 600: 5 19 18 16 14 9 1 11 3 13 12 8 17 20 15 2 4 7 10 6 
student 601: 6 4 17 10 11 8 2 14 12 5 13 16 15 20 1 9 18 3 19 7 
student 602: 11 18 8 17 10 1 3 4 5 9 7 14 6 16 19 13 20 12 2 15 
student 603: 18 3 12 11 13 2 16 15 8 14 5 17 7 9 20 1 19 10 6 4 
student 604: 11 5 20 14 8 17 1 12 15 18 2 3 4 16 7 19 10 6 9 13 
student 605: 15 12 20 8 6 1 3 11 2 17 5 16 10 7 9 14 18 19 13 4 
student 606: 13 18 12 7 5 6 2 1 15 8 11 17 3 19 20 14 10 4 9 16 
student 607: 8 3 19 11 18 1 16 2 9 6 7 13 12 15 20 14 4 10 5 17 
student 608: 16 12 14 8 17 5 1 18 10 13 3 11 7 9 6 4 15 2 19 20 
student 609: 8 5 19 6 4 1 15 11 3 20 7 16 17 12 14 10 13 2 9 18 
student 610: 14 2 17 5 20 11 18 7 8 16 1 3 10 12 4 19 6 9 13 15 
student 611: 18 20 1 7 6 10 5 3 19 11 9 16 2 15 17 8 14 4 13 12 
student 612: 16 4 17 14 7 8 9 5 3 13 11 15 6 2 20 1 18 12 10 19 
student 613: 13 2 20 6 4 7 9 8 1 12 3 15 18 14 19 11 16 10 5 17 
student 614: 20 10 14 4 2 1 12 8 15 13 11 7 3 17 18 6 19 16 5 9 
student 615: 17 7 4 1 18 5 6 19 9 12 11 8 10 20 14 3 16 2 15 13 
student 616: 15 7 10 18 5 4 9 13 11 6 2 20 12 14 8 3 17 19 1 16 
student 617: 18 5 16 10 1 6 11 9 13 19 14 12 20 15 17 2 3 8 4 7 
student 618: 8 6 14 9 16 7 12 10 2 15 3 11 1 19 13 18 17 4 5 20 
student 619: 3 5 8 9 19 12 17 13 11 4 7 20 1 14 18 2 10 16 6 15 
student 620: 8 10 14 6 13 3 20 1 4 2 9 12 17 11 19 5 16 7 15 18 
student 621: 15 12 14 10 17 5 11 8 9 6 20 13 1 19 2 3 18 4 16 7 
student 622: 12 15 5 7 9 4 16 17 3 10 2 6 20 19 14 1 18 11 13 8 
student 623: 17 5 13 20 6 1 3 8 11 9 16 14 10 7 18 4 19 15 12 2 
student 624: 14 2 9 12 10 13 19 15 8 6 4 5 1 20 11 7 16 18 3 17 
student 625: 15 6 9 11 12 20 3 14 16 2 4 13 1 7 8 10 19 17 5 18 
student 626: 14 13 16 20 7 4 9 18 6 3 2 17 5 12 10 1 19 15 11 8 
student 627: 17 8 19 18 9 2 10 7 3 13 14 1 5 12 11 16 20 4 15 6 
student 628: 18 4 10 3 5 2 13 6 14 15 8 9 20 12 17 1 11 19 7 16 
student 629: 14 3 9 18 19 12 11 6 2 10 1 17 4 20 13 15 8 16 5 7 
student 630: 1 9 7 4 3 5 18 11 12 16 6 20 8 14 17 2 15 19 10 13 
student 631: 6 8 19 9 20 16 14 7 12 10 17 13 3 11 15 2 18 4 5 1 
student 632: 3 11 4 9 10 1 18 15 12 2 5 13 8 6 19 7 14 20 17 16 
student 633: 12 20 17 1 11 10 7 6 15 2 4 18 3 16 14 5 19 13 9 8 
student 634: 18 4 12 10 9 5 13 14 7 1 11 20 2 17 15 6 3 16 8 19 
student 635: 15 20 17 11 4 16 9 14 2 10 5 19 18 8 3 1 13 12 6 7 
student 636: 12 2 17 11 19 4 1 15 10 13 5 3 20 14 9 7 8 16 6 18 
student 637: 14 12 10 9 16 8 7 2 15 3 11 19 6 18 5 13 17 4 20 1 
student 638: 10 5 9 14 19 7 17 13 8 15 1 12 3 11 16 4 18 2 20 6 
student 639: 16 4 3 9 1 7 13 8 19 5 12 2 11 10 18 6 17 14 15 20 
student 640: 14 4 15 2 20 12 18 16 5 8 6 3 9 7 11 1 10 19 13 17 
student 641: 20 4 6 2 18 12 8 19 1 3 10 13 5 15 9 11 17 14 7 16 
student 642: 20 19 17 1 15 2 14 5 8 4 12 6 10 18 11 3 16 7 13 9 
student 643: 20 16 5 1 9 4 15 11 2 13 10 8 7 14 3 6 19 12 17 18 
student 644: 19 20 2 17 4 3 1 9 14 8 6 7 11 10 18 16 15 12 5 13 
student 645: 16 17 3 1 15 14 11 12 13 7 20 19 4 2 9 5 8 10 18 6 
student 646: 10 5 11 17 6 13 12 8 19 18 3 7 16 15 20 2 9 4 1 14 
student 647: 8 18 5 4 12 15 17 13 11 9 2 1 7 19 10 3 20 6 14 16 
student 648: 18 6 13 2 12 16 15 5 10 20 9 3 19 11 7 8 1 17 14 4 
student 649: 9 12 17 13 16 1 19 10 5 2 3 15 8 18 14 4 11 7 20 6 
student 650: 2 20 14 4 18 7 15 9 17 8 5 19 12 13 10 1 11 16 3 6 
student 651: 1 5 17 6 2 8 19 18 14 13 3 10 7 16 12 4 20 11 15 9 
student 652: 18 17 3 5 8 2 14 4 12 9 1 6 10 16 7 11 19 13 15 20 
student 653: 16 3 11 12 19 4 8 1 10 2 5 18 9 15 14 13 20 17 6 7 
student 654: 16 7 15 10 12 3 19 5 6 17 8 2 11 1 14 9 18 4 20 13 
student 655: 8 13 3 6 20 4 9 17 10 1 2 19 16 18 12 15 14 5 7 11 
student 656: 18 13 9 1 19 3 12 4 20 8 16 2 6 15 5 17 7 10 11 14 
student 657: 18 9 11 20 17 1 12 15 2 8 4 13 6 14 7 5 16 19 10 3 
student 658: 8 19 7 18 2 9 6 17 3 4 1 10 12 20 14 5 13 11 16 15 
student 659: 6 9 16 8 7 12 18 13 1 3 5 19 2 10 14 4 20 15 11 17 
student 660: 4 12 19 13 3 1 10 6 11 16 18 9 14 20 15 8 17 5 2 7 
student 661: 7 10 11 2 13 9 1 16 6 5 4 15 8 14 18 3 12 19 17 20 
student 662: 11 17 2 9 5 10 6 12 1 20 3 18 13 19 16 4 14 7 15 8 
student 663: 20 13 18 6 16 17 9 10 8 2 15 7 4 19 3 5 1 14 11 12 
student 664: 17 7 5 4 20 16 14 19 15 3 8 10 9 13 18 6 11 2 1 12 
student 665: 9 1 18 17 2 3 11 20 7 5 13 6 10 19 14 8 12 16 4 15 
student 666: 14 18 1 11 19 2 5 4 17 6 8 20 7 3 15 12 13 16 9 10 
student 667: 12 15 5 8 14 6 11 17 13 10 4 20 3 18 7 9 2 16 1 19 
student 668: 20 14 6 17 2 8 15 12 4 3 16 19 5 7 1 9 13 10 18 11 
student 669: 18 1 20 15 12 5 14 9 19 13 7 8 2 11 17 10 6 4 3 16 
student 670: 2 18 11 15 19 7 3 13 5 17 8 6 12 9 10 4 20 14 16 1 
student 671: 7 13 14 3 11 20 6 8 1 4 10 18 9 17 19 2 15 12 16 5 
student 672: 12 8 7 17 11 2 6 5 14 3 19 16 9 20 4 15 13 1 18 10 
student 673: 9 11 15 17 2 16 10 20 7 12 8 3 14 19 18 6 5 1 13 4 
student 674: 18 17 9 11 5 10 13 20 16 6 2 19 4 8 12 7 14 15 3 1 
student 675: 19 20 9 5 15 17 11 6 16 12 4 1 13 14 7 2 8 10 3 18 
student 676: 16 20 11 2 6 9 3 15 10 13 1 5 7 18 14 4 8 17 12 19 
student 677: 20 6 1 11 7 13 12 8 4 2 17 3 5 18 15 10 9 14 19 16 
student 678: 8 19 15 17 9 5 14 20 10 4 1 3 2 6 12 11 7 16 13 18 
student 679: 20 13 4 9 3 12 19 1 2 18 17 11 16 7 15 10 5 8 6 14 
student 680: 7 4 10 8 16 3 13 2 1 9 14 20 11 6 19 17 18 5 15 12 
student 681: 13 16 7 10 17 1 9 15 8 14 11 5 2 19 12 4 18 20 6 3 
student 682: 19 10 5 2 7 15 9 11 16 4 13 18 17 20 14 3 6 8 12 1 
student 683: 17 11 1 15 3 6 14 8 18 16 13 7 9 19 20 2 5 4 12 10 
student 684: 9 1 13 3 10 19 7 15 8 11 5 14 6 12 17 16 20 2 18 4 
student 685: 11 14 13 12 16 1 15 2 17 19 9 7 5 10 20 3 8 4 6 18 
student 686: 8 16 19 9 6 7 12 4 2 15 3 20 11 14 18 13 5 1 10 17 
student 687: 17 4 19 15 20 11 9 12 8 3 10 13 6 16 18 2 1 5 7 14 
student 688: 20 15 18 5 4 2 14 13 8 11 9 17 7 6 12 10 16 3 1 19 
student 689: 4 7 15 9 8 6 11 20 13 3 2 12 1 10 16 14 18 19 17 5 
student 690: 6 1 9 5 16 17 14 3 4 8 19 10 7 2 20 18 11 13 12 15 
student 691: 4 17 14 10 16 6 15 8 7 12 9 18 3 5 1 2 19 20 13 11 
student 692: 17 9 5 12 18 11 16 15 20 7 19 8 14 4 6 2 13 3 1 10 
student 693: 6 2 10 7 12 4 8 13 9 19 15 20 5 17 1 14 18 3 11 16 
student 694: 14 16 7 19 11 10 1 9 13 2 12 18 8 15 4 5 20 6 17 3 
student 695: 11 15 18 1 17 6 2 3 4 7 13 10 5 19 20 14 12 8 9 16 
student 696: 17 8 7 16 13 11 19 2 14 3 15 20 4 18 9 6 10 5 1 12 
student 697: 16 15 8 3 5 10 1 12 7 17 2 9 4 20 13 6 11 18 19 14 
student 698: 17 18 1 16 10 7 13 2 3 6 20 12 14 19 15 4 11 5 8 9 
student 699: 13 1 20 5 11 6 16 9 4 14 8 18 7 17 15 10 12 3 19 2 
student 700: 11 13 7 5 6 8 3 1 9 15 2 14 12 10 18 17 19 4 20 16 
student 701: 19 11 10 18 9 1 20 15 3 6 4 17 2 7 8 16 12 5 13 14 
student 702: 15 1 18 9 12 2 11 6 7 5 17 16 14 10 4 8 19 13 3 20 
student 703: 20 9 18 16 11 19 3 2 5 17 1 8 12 10 15 7 14 4 13 6 
student 704: 19 9 17 11 20 12 6 5 4 1 8 3 10 16 2 7 18 14 13 15 
student 705: 10 18 16 17 9 2 14 3 7 15 19 13 1 4 5 8 6 11 12 20 
student 706: 2 5 13 6 9 3 18 4 10 11 15 12 16 17 14 1 20 8 7 19 
student 707: 5 17 2 9 6 19 10 13 4 16 11 20 3 8 14 7 18 1 15 12 
student 708: 4 16 13 5 20 12 9 3 11 2 1 7 14 8 18 19 15 17 10 6 
student 709: 5 11 13 12 14 6 1 2 4 15 10 19 8 7 17 16 18 20 9 3 
student 710: 17 15 13 11 18 16 14 9 2 8 4 19 5 20 3 6 12 7 10 1 
student 711: 17 18 12 1 9 4 7 11 2 15 6 13 10 20 8 16 14 5 3 19 
student 712: 20 6 17 1 5 9 4 2 13 3 16 19 7 11 14 12 10 18 8 15 
student 713: 20 6 13 10 12 8 2 11 16 3 4 17 5 15 19 1 18 14 7 9 
student 714: 5 7 14 10 8 13 12 9 15 2 18 6 4 11 17 1 19 20 16 3 
student 715: 7 14 15 19 9 1 12 10 4 2 6 8 3 16 20 18 17 5 11 13 
student 716: 12 10 17 15 19 6 9 7 4 3 13 20 2 18 5 1 14 16 8 11 
student 717: 12 19 5 6 4 7 2 20 14 17 1 16 10 11 13 18 15 3 8 9 
student 718: 18 15 13 3 11 2 10 9 17 6 1 12 4 20 14 19 16 8 5 7 
student 719: 4 20 19 6 12 2 18 9 1 5 10 15 16 7 14 3 11 8 13 17 
student 720: 16 11 7 6 2 4 5 15 8 17 9 20 1 18 14 10 19 3 12 13 
student 721: 20 17 5 8 15 1 6 4 2 14 9 7 3 19 12 16 13 10 11 18 
student 722: 20 10 7 1 15 14 4 13 5 16 12 8 2 17 18 3 9 11 6 19 
student 723: 11 14 13 3 10 8 20 12 7 9 6 4 17 15 19 1 5 18 16 2 
student 724: 6 20 10 3 15 4 9 13 12 2 14 7 1 19 18 17 11 16 5 8 
student 725: 1 5 10 8 7 4 15 2 17 13 11 3 9 16 18 6 14 19 12 20 
student 726: 2 8 13 18 1 20 14 16 4 5 10 17 19 15 11 12 9 7 3 6 
student 727: 4 13 16 15 17 8 6 7 1 5 9 18 2 20 14 12 10 11 19 3 
student 728: 13 14 12 8 19 4 16 5 1 7 10 20 2 9 11 3 15 18 17 6 
student 729: 12 7 14 10 1 20 3 6 4 2 11 19 13 17 18 5 15 9 8 16 
student 730: 14 3 16 11 20 4 12 17 2 15 8 10 6 18 19 5 1 7 9 13 
student 731: 11 20 1 9 14 10 6 12 8 3 4 17 5 18 13 15 19 7 16 2 
student 732: 6 10 19 16 13 2 8 7 1 9 11 18 14 12 4 17 3 5 15 20 
student 733: 18 20 1 10 15 12 17 7 6 13 3 16 11 2 19 5 8 9 14 4 
student 734: 7 16 1 14 8 5 3 10 6 12 19 17 9 18 13 4 2 11 20 15 
student 735: 6 4 18 13 20 14 1 9 7 10 17 15 3 8 16 5 2 12 11 19 
student 736: 11 20 13 18 9 7 2 6 1 12 16 15 4 8 3 5 19 17 10 14 
student 737: 2 17 14 7 3 8 13 19 9 10 18 12 11 20 6 1 15 16 5 4 
student 738: 19 9 20 15 16 11 14 10 12 8 5 17 3 7 2 6 18 1 4 13 
student 739: 9 18 11 15 6 4 13 8 10 20 17 1 7 14 5 16 12 19 3 2 
student 740: 12 14 20 10 6 4 11 8 16 7 1 17 5 15 19 3 2 9 13 18 
student 741: 7 9 14 10 4 5 20 6 11 15 16 3 18 17 2 8 12 1 19 13 
student 742: 18 17 8 13 5 3 10 4 16 2 9 20 19 1 15 7 11 14 12 6 
student 743: 16 4 18 14 11 5 10 8 7 3 12 6 2 15 13 1 17 9 19 20 
student 744: 13 14 9 15 20 2 16 10 17 11 5 12 4 19 7 3 6 1 8 18 
student 745: 1 12 20 6 17 9 18 16 19 10 7 15 5 11 8 2 13 3 14 4 
student 746: 20 12 11 16 14 13 4 1 10 17 6 15 3 8 2 7 9 18 5 19 
student 747: 12 15 6 8 10 14 4 13 1 20 19 3 9 11 17 2 5 16 7 18 
student 748: 18 16 13 8 15 12 11 3 17 2 6 7 5 19 4 1 9 10 20 14 
student 749: 7 15 11 8 12 10 5 1 2 6 3 13 17 14 9 20 19 4 18 16 
student 750: 1 7 9 5 2 3 13 4 14 18 8 11 10 19 17 15 12 6 16 20 
student 751: 14 12 7 2 17 10 11 20 9 4 6 16 3 19 5 8 15 13 18 1 
student 752: 9 8 2 4 11 3 15 12 13 5 14 16 10 6 17 1 19 18 20 7 
student 753: 19 6 11 4 8 1 13 3 2 12 15 9 5 20 10 7 17 18 14 16 
student 754: 7 11 18 14 8 1 6 19 2 16 3 13 4 9 17 5 12 20 15 10 
student 755: 15 14 6 7 13 9 18 8 2 1 11 3 10 17 19 5 16 20 4 12 
student 756: 6 9 10 3 14 8 4 2 7 15 20 11 12 19 16 5 17 1 13 18 
student 757: 18 17 20 13 7 2 3 1 15 8 5 6 12 14 11 4 19 9 10 16 
student 758: 19 15 16 14 5 1 7 18 2 4 11 6 17 3 20 8 12 9 10 13 
student 759: 6 11 13 17 14 1 7 8 4 18 16 15 3 20 19 10 12 5 9 2 
student 760: 20 8 15 7 4 6 1 3 12 18 11 13 2 14 10 9 19 16 5 17 
student 761: 1 19 20 10 2 4 8 6 11 15 3 18 7 12 17 13 14 9 16 5 
student 762: 13 5 8 1 4 19 17 16 3 6 10 11 2 14 15 7 20 18 9 12 
student 763: 11 4 8 6 5 12 2 7 16 13 15 3 18 10 19 1 20 9 17 14 
student 764: 4 1 19 9 12 6 20 8 7 14 11 13 16 15 17 3 18 2 10 5 
student 765: 12 7 8 5 19 13 16 2 10 15 9 17 3 6 11 4 20 18 14 1 
student 766: 15 4 8 3 5 12 7 14 11 13 10 16 9 18 17 6 19 1 2 20 
student 767: 19 5 9 3 17 6 12 18 1 20 11 15 13 14 7 2 16 4 10 8 
student 768: 20 3 14 5 9 12 13 1 15 8 6 17 19 16 11 2 18 7 10 4 
student 769: 2 12 4 9 20 5 13 6 15 17 19 16 3 1 7 18 10 8 14 11 
student 770: 17 4 15 8 9 6 20 3 7 18 11 16 14 10 12 2 13 5 1 19 
student 771: 19 17 8 6 3 1 12 11 4 7 9 5 20 13 14 10 18 16 2 15 
student 772: 14 10 12 9 20 17 8 13 4 3 1 15 5 19 6 2 18 11 7 16 
student 773: 5 8 7 19 20 3 2 1 6 12 15 17 4 11 16 9 14 18 10 13 
student 774: 3 12 17 10 11 7 13 5 9 2 4 6 1 14 16 20 18 15 19 8 
student 775: 16 8 14 4 1 11 10 13 15 9 17 5 6 18 19 20 2 3 7 12 
student 776: 6 1 13 2 3 8 12 18 4 10 9 19 5 11 16 7 17 15 20 14 
student 777: 12 8 13 7 17 6 18 4 15 11 9 10 14 19 20 1 16 2 3 5 
student 778: 16 10 2 4 3 6 9 20 11 14 8 1 17 7 13 15 19 12 5 18 
student 779: 15 11 5 13 12 10 17 9 3 8 2 16 6 18 1 4 14 7 20 19 
student 780: 2 9 14 15 13 5 12 10 3 8 6 20 7 19 17 11 16 4 1 18 
student 781: 1 18 14 3 8 6 9 2 17 5 10 11 7 4 20 19 15 16 12 13 
student 782: 11 5 18 14 9 17 1 12 7 2 20 13 3 6 4 8 15 19 10 16 
student 783: 15 2 16 17 13 3 18 5 11 20 8 19 12 6 7 4 14 1 9 10 
student 784: 17 18 12 5 10 16 6 2 14 4 7 20 1 15 13 3 19 9 8 11 
student 785: 13 12 11 4 18 10 17 14 9 5 2 20 8 19 3 7 15 1 6 16 
student 786: 20 6 3 7 18 9 11 19 15 5 1 17 2 10 16 14 12 4 8 13 
student 787: 15 16 18 12 4 1 13 5 2 9 19 6 10 3 20 7 11 8 17 14 
student 788: 20 3 14 19 13 4 16 9 8 10 2 7 11 6 5 12 18 15 17 1 
student 789: 18 13 19 3 4 1 10 9 2 6 5 17 11 15 14 16 7 20 12 8 
student 790: 20 10 16 7 15 3 1 2 5 17 9 14 19 13 11 18 4 6 8 12 
student 791: 19 14 15 11 12 2 1 10 6 7 9 13 4 20 17 3 16 8 5 18 
student 792: 17 15 5 8 1 2 9 14 6 16 19 20 7 12 18 3 4 10 11 13 
student 793: 5 9 10 16 13 1 8 4 6 12 2 19 3 14 20 11 18 17 15 7 
student 794: 9 20 8 17 7 10 15 18 3 4 13 19 6 11 14 5 16 2 1 12 
student 795: 20 2 16 12 6 5 13 1 15 3 17 11 4 19 8 7 10 14 9 18 
student 796: 2 5 12 6 19 7 16 13 4 3 11 18 1 10 15 14 17 8 20 9 
student 797: 14 20 17 4 19 16 8 1 3 12 18 6 2 11 15 7 13 9 10 5 
student 798: 8 17 11 19 20 5 6 14 3 18 4 15 1 7 12 13 10 9 2 16 
student 799: 19 1 10 11 15 3 14 4 6 7 2 16 8 18 20 5 17 9 12 13 
