student 0: 4 1 5 20 19 6 15 16 2 3 14 9 17 8 7 13 18 11 12 10 
student 1: 7 14 11 13 6 5 8 9 10 4 19 12 16 18 15 1 2 17 20 3 
student 2: 2 11 8 13 3 18 14 19 9 4 12 20 15 10 7 17 5 6 16 1 
student 3: 6 4 1 8 7 18 17 11 19 5 16 20 12 3 10 2 9 14 15 13 
student 4: 18 10 2 9 14 15 17 1 12 3 8 19 20 16 5 7 11 6 13 4 
student 5: 15 20 2 11 16 18 1 7 3 10 6 9 5 17 14 19 4 8 13 12 
student 6: 10 2 5 14 8 13 12 19 1 20 7 17 16 6 15 4 9 18 11 3 
student 7: 6 1 7 19 15 5 17 20 2 4 11 14 16 13 12 10 8 18 9 3 
student 8: 12 6 8 17 16 18 2 15 11 7 19 14 13 3 5 1 9 4 10 20 
student 9: 1 12 5 17 14 19 7 6 4 18 10 16 15 11 8 3 13 20 9 2 
student 10: 1 2 20 11 7 19 3 14 6 9 16 15 17 8 5 12 10 18 4 13 
student 11: 6 11 4 15 10 17 2 5 20 3 19 12 9 1 13 8 7 18 14 16 
student 12: 19 4 3 8 2 20 15 10 7 17 18 16 5 1 11 6 9 12 14 13 
student 13: 9 3 11 5 6 20 1 7 8 2 18 17 16 4 12 10 15 14 19 13 
student 14: 8 6 2 19 11 18 13 5 7 15 16 20 17 1 14 9 12 3 4 10 
student 15: 9 10 14 7 6 20 19 16 15 2 11 13 4 3 12 1 5 18 8 17 
student 16: 7 5 8 6 17 20 18 2 19 10 11 14 15 9 3 13 16 1 12 4 
student 17: 11 1 9 18 13 20 15 2 12 7 16 17 4 3 6 5 10 14 8 19 
student 18: 20 3 15 13 5 6 19 16 1 2 10 11 9 4 18 8 14 12 7 17 
student 19: 15 2 1 10 9 17 14 3 16 5 18 19 20 6 13 7 11 8 4 12 
student 20: 17 15 2 18 19 12 5 10 13 9 7 14 8 3 4 1 16 20 11 6 
student 21: 1 18 6 13 9 14 17 5 12 15 8 7 10 2 4 3 19 11 20 16 
student 22: 18 4 1 10 13 9 19 12 11 14 17 15 20 2 6 16 7 8 5 3 
student 23: 3 2 5 10 18 17 12 6 9 20 7 11 19 15 8 4 14 16 13 1 
student 24: 14 3 17 1 18 6 12 10 15 16 11 7 19 9 20 2 13 8 4 5 
student 25: 8 10 4 3 19 18 12 6 16 9 20 17 7 14 2 11 15 13 5 1 
student 26: 10 11 7 9 8 19 15 4 18 12 20 3 17 6 16 5 2 14 13 1 
student 27: 5 2 3 20 19 16 14 7 9 12 8 13 17 4 18 11 1 15 10 6 
student 28: 19 13 20 15 9 18 10 11 1 14 3 16 17 8 12 5 2 6 4 7 
student 29: 13 6 2 10 1 20 17 3 19 15 14 16 18 12 11 4 7 9 8 5 
student 30: 1 17 13 18 8 19 10 3 16 6 5 14 7 12 20 11 2 15 4 9 
student 31: 14 3 1 10 16 15 12 13 9 20 7 17 4 2 8 11 5 6 18 19 
student 32: 8 2 11 16 3 14 18 12 20 4 17 19 15 6 13 7 10 5 9 1 
student 33: 17 7 5 1 2 18 3 4 14 8 11 19 10 9 20 12 15 16 13 6 
student 34: 15 10 5 13 16 18 8 3 19 7 1 20 2 4 17 14 9 12 11 6 
student 35: 8 7 1 17 14 15 10 3 20 4 19 13 2 6 16 12 18 9 11 5 
student 36: 16 8 17 20 12 19 18 3 11 14 15 2 5 4 7 1 6 10 13 9 
student 37: 13 2 1 6 15 5 17 18 14 3 16 11 8 10 20 7 19 12 9 4 
student 38: 4 3 14 2 17 15 1 8 10 11 18 7 13 16 19 6 5 12 20 9 
student 39: 9 4 7 8 12 19 20 5 3 16 13 17 10 6 2 15 1 14 11 18 
student 40: 8 7 2 14 17 18 3 13 19 9 6 15 10 4 12 1 11 5 20 16 
student 41: 5 3 17 20 16 7 13 11 12 8 6 4 14 1 19 10 2 15 9 18 
student 42: 1 16 6 2 3 9 7 15 20 4 10 17 13 11 19 5 14 12 8 18 
student 43: 3 2 7 17 16 4 19 13 10 12 14 15 6 11 5 1 20 18 8 9 
student 44: 6 10 3 13 17 20 7 15 4 9 8 18 14 5 19 12 1 16 11 2 
student 45: 5 7 9 3 4 12 8 18 20 19 13 16 17 6 14 2 10 1 15 11 
student 46: 11 1 15 8 13 16 5 9 6 7 17 19 18 10 12 3 2 20 14 4 
student 47: 10 1 4 5 20 12 15 3 13 2 11 18 16 14 7 17 9 6 8 19 
student 48: 12 11 1 8 14 3 6 10 17 2 16 9 15 4 20 13 19 7 5 18 
student 49: 1 10 5 19 18 7 9 8 12 11 3 20 16 17 6 4 14 15 13 2 
student 50: 19 1 13 12 5 17 11 4 14 9 18 16 15 6 10 3 8 2 20 7 
student 51: 12 1 2 13 14 16 4 19 10 20 15 17 18 11 9 5 7 8 6 3 
student 52: 13 4 6 20 14 18 2 8 12 9 19 5 15 11 17 10 1 7 3 16 
student 53: 17 8 2 19 1 16 18 15 13 7 14 5 12 3 11 4 9 20 6 10 
student 54: 3 6 12 13 4 18 17 15 10 1 20 16 19 8 11 14 7 5 2 9 
student 55: 8 2 3 6 20 10 17 1 18 9 19 13 12 16 15 4 5 7 11 14 
student 56: 12 1 6 17 14 15 11 3 8 13 18 19 16 10 7 9 5 2 4 20 
student 57: 16 1 5 19 17 18 3 15 2 11 12 7 20 4 13 14 9 6 8 10 
student 58: 13 2 7 14 5 3 6 17 4 19 18 11 12 10 20 8 16 9 15 1 
student 59: 4 14 3 19 9 8 16 5 15 7 18 6 12 10 13 11 2 17 20 1 
student 60: 19 8 2 11 15 7 12 4 18 6 20 13 16 5 14 1 3 10 9 17 
student 61: 3 5 6 7 17 4 9 16 15 13 18 12 14 2 20 19 1 10 8 11 
student 62: 10 5 8 17 1 15 6 3 16 4 7 12 19 18 20 11 9 13 2 14 
student 63: 5 12 14 6 11 17 7 8 20 3 15 16 19 1 13 18 10 9 4 2 
student 64: 7 13 4 14 5 16 3 2 12 18 10 9 20 6 1 8 11 17 19 15 
student 65: 20 2 4 11 6 14 3 1 16 12 9 19 18 17 8 10 7 15 5 13 
student 66: 18 6 8 10 15 12 16 7 2 20 3 17 9 5 13 19 11 4 1 14 
student 67: 6 19 3 4 16 17 7 13 2 8 12 20 15 9 14 11 5 18 1 10 
student 68: 5 2 7 6 10 17 12 16 3 13 1 19 9 14 8 4 15 11 20 18 
student 69: 19 14 3 1 7 20 16 2 8 5 6 12 18 9 4 15 10 17 13 11 
student 70: 13 4 1 15 9 18 16 5 10 3 8 19 12 6 17 11 7 20 14 2 
student 71: 6 5 2 4 17 7 9 18 20 15 16 12 13 8 19 1 3 14 11 10 
student 72: 17 14 3 4 5 8 12 9 11 15 10 6 19 7 18 1 13 16 2 20 
student 73: 17 4 8 20 5 11 15 1 7 6 16 13 2 9 12 19 3 18 10 14 
student 74: 13 14 10 7 20 17 11 2 19 8 12 6 18 4 5 3 15 9 16 1 
student 75: 10 1 8 15 18 17 6 4 19 9 14 12 20 2 11 13 7 3 16 5 
student 76: 11 9 3 14 13 7 8 1 19 15 18 16 2 4 20 10 17 12 5 6 
student 77: 18 6 4 14 11 10 8 1 13 3 17 16 15 9 19 2 20 12 5 7 
student 78: 15 1 9 11 3 6 19 4 2 5 13 18 10 7 8 12 14 20 16 17 
student 79: 17 14 13 11 1 10 18 3 15 4 19 2 16 5 20 8 6 9 7 12 
student 80: 17 9 2 18 16 1 11 8 19 14 4 13 20 5 3 12 10 15 6 7 
student 81: 6 1 8 14 11 16 10 13 4 17 12 3 19 18 20 2 15 9 5 7 
student 82: 8 9 6 20 11 16 12 3 4 5 13 7 17 1 15 19 14 2 10 18 
student 83: 15 10 3 11 12 9 5 7 19 1 16 17 18 20 8 14 13 2 6 4 
student 84: 14 10 18 17 16 20 9 4 19 11 15 7 8 1 3 2 13 12 6 5 
student 85: 3 16 1 15 13 14 19 11 20 12 17 7 5 10 8 9 4 6 2 18 
student 86: 12 13 17 4 11 16 18 3 1 2 19 10 20 6 14 7 15 9 8 5 
student 87: 18 19 2 14 5 17 3 1 8 4 11 12 13 9 7 15 6 16 20 10 
student 88: 1 12 10 16 6 11 13 7 17 3 18 15 8 5 19 20 2 9 14 4 
student 89: 14 6 4 13 12 18 8 9 2 20 16 5 17 1 3 11 15 7 10 19 
student 90: 10 16 1 17 19 12 13 2 20 6 18 14 11 4 15 9 3 8 7 5 
student 91: 2 5 8 4 19 13 11 12 16 7 10 3 18 9 20 14 6 1 17 15 
student 92: 2 20 13 11 14 15 6 5 16 3 9 12 19 1 7 18 4 17 10 8 
student 93: 4 1 6 16 12 15 14 8 18 11 20 17 9 5 19 7 13 3 10 2 
student 94: 6 7 3 19 16 17 2 9 1 11 13 20 14 4 10 8 5 18 15 12 
student 95: 4 16 12 18 6 19 7 5 14 2 10 20 8 1 13 9 15 17 3 11 
student 96: 15 3 1 7 14 4 6 2 19 10 18 13 11 8 20 5 9 17 12 16 
student 97: 1 8 3 19 4 20 7 14 10 9 16 17 15 5 13 6 12 11 18 2 
student 98: 11 13 2 17 18 5 19 7 12 6 20 15 16 14 3 8 4 1 9 10 
student 99: 3 11 12 10 9 17 13 2 5 6 8 4 7 1 16 15 14 18 19 20 
student 100: 12 10 13 4 8 5 16 7 19 1 15 11 18 3 20 2 9 6 17 14 
student 101: 6 14 11 10 17 18 1 4 12 8 7 13 9 2 20 3 19 16 15 5 
student 102: 5 14 1 20 4 13 15 7 17 10 8 18 6 19 3 9 2 16 11 12 
student 103: 4 3 6 15 1 13 2 16 19 12 17 8 10 5 9 20 14 11 18 7 
student 104: 11 1 8 16 13 19 12 4 15 9 10 18 14 7 5 17 3 2 6 20 
student 105: 12 1 3 19 7 14 9 4 17 2 18 20 15 10 6 13 5 8 16 11 
student 106: 9 3 8 11 4 17 1 13 7 16 15 19 14 12 10 5 20 2 18 6 
student 107: 18 10 17 9 13 14 8 3 4 19 15 11 5 6 12 16 2 20 1 7 
student 108: 9 1 14 18 11 19 4 2 5 7 12 13 15 6 16 17 10 8 20 3 
student 109: 13 11 5 7 12 20 15 19 17 18 14 9 10 2 16 4 6 1 8 3 
student 110: 10 4 9 17 5 20 14 3 12 15 8 7 18 1 19 6 2 16 13 11 
student 111: 12 3 14 1 15 17 10 4 7 9 13 19 11 20 5 8 6 18 2 16 
student 112: 13 6 16 1 15 19 4 11 17 7 14 18 9 8 12 2 5 20 3 10 
student 113: 3 1 17 6 2 7 10 11 15 20 18 19 8 9 12 16 14 4 13 5 
student 114: 20 1 7 6 12 13 5 11 9 8 10 19 17 3 16 18 14 15 2 4 
student 115: 11 6 14 20 2 13 1 16 9 17 10 12 19 15 4 5 18 3 7 8 
student 116: 9 3 7 17 5 19 6 2 16 15 18 8 13 20 11 4 12 1 10 14 
student 117: 19 5 11 9 8 17 2 7 12 6 20 4 13 10 15 3 1 18 14 16 
student 118: 13 1 6 18 2 17 8 14 10 15 5 4 16 19 3 9 12 20 11 7 
student 119: 9 7 2 11 15 17 13 1 6 5 18 12 20 8 19 4 10 16 14 3 
student 120: 3 6 7 5 15 13 14 19 11 12 20 16 18 9 10 4 8 17 2 1 
student 121: 18 4 2 5 8 17 3 14 9 12 16 10 20 7 13 6 1 11 19 15 
student 122: 10 6 16 3 13 19 2 8 5 17 20 14 12 18 15 7 1 9 4 11 
student 123: 11 19 4 7 2 16 13 10 17 1 18 15 9 12 20 8 14 5 3 6 
student 124: 16 5 19 13 12 17 2 6 4 10 14 18 9 7 15 11 1 8 20 3 
student 125: 4 1 17 19 5 11 18 3 6 13 12 8 15 16 14 7 10 9 20 2 
student 126: 17 10 3 14 18 7 4 19 6 9 1 15 12 2 5 11 16 8 20 13 
student 127: 9 19 4 3 17 20 8 6 15 1 18 11 13 14 10 12 2 5 16 7 
student 128: 10 9 11 13 15 20 7 6 19 2 18 5 14 1 4 8 17 12 16 3 
student 129: 9 12 2 4 1 11 18 13 17 6 5 8 20 3 10 7 14 15 19 16 
student 130: 8 7 6 16 10 19 1 4 2 13 3 18 17 11 15 5 9 20 12 14 
student 131: 16 3 8 18 20 15 1 2 11 5 19 17 10 13 12 9 4 6 14 7 
student 132: 11 4 8 20 17 14 3 7 2 5 10 16 15 1 19 6 9 13 12 18 
student 133: 3 2 19 15 16 17 13 5 10 1 7 20 18 12 8 4 6 9 14 11 
student 134: 11 15 10 6 3 9 1 2 7 8 19 12 13 4 20 17 18 16 14 5 
student 135: 8 3 11 17 18 5 2 12 16 10 13 20 6 7 19 9 4 14 15 1 
student 136: 19 1 2 6 12 20 3 10 14 15 9 11 13 18 4 7 16 17 8 5 
student 137: 10 16 2 5 19 15 3 17 8 6 7 11 4 13 18 1 9 14 20 12 
student 138: 17 9 2 7 18 12 16 8 11 20 19 13 3 4 14 6 5 10 15 1 
student 139: 19 5 2 18 6 14 13 10 20 16 11 7 1 3 17 12 4 8 9 15 
student 140: 2 20 3 16 4 12 5 6 15 14 10 19 17 7 1 8 9 18 11 13 
student 141: 14 15 1 11 2 9 7 5 13 8 18 10 19 12 17 6 4 20 16 3 
student 142: 6 3 11 7 17 10 4 12 16 15 2 19 13 8 18 1 5 14 20 9 
student 143: 11 9 7 17 15 19 8 6 18 1 20 3 16 5 13 4 2 14 10 12 
student 144: 6 5 4 11 18 12 17 14 16 1 20 10 13 15 2 3 8 9 7 19 
student 145: 16 10 3 4 17 1 14 6 15 2 20 12 9 19 18 11 5 13 7 8 
student 146: 4 12 1 11 17 10 20 13 19 8 15 14 18 3 9 5 2 6 7 16 
student 147: 6 3 4 2 14 18 20 1 12 16 11 13 9 17 15 8 7 19 5 10 
student 148: 1 6 3 18 15 16 5 8 7 4 19 14 13 10 17 11 20 12 9 2 
student 149: 12 5 20 8 17 16 13 6 18 3 19 15 14 11 10 9 4 2 1 7 
student 150: 13 10 11 8 20 14 19 1 6 7 16 18 17 3 4 12 2 5 9 15 
student 151: 11 4 12 16 8 7 10 20 18 19 17 1 5 13 3 14 9 6 2 15 
student 152: 10 1 18 20 9 6 3 8 5 2 17 12 14 7 15 4 11 16 19 13 
student 153: 4 5 11 1 16 13 3 17 15 12 2 18 6 9 7 8 19 10 14 20 
student 154: 6 1 5 10 7 19 8 3 12 4 14 18 11 2 15 13 20 17 16 9 
student 155: 2 15 10 12 8 5 11 13 14 4 16 6 20 3 18 1 7 19 17 9 
student 156: 13 8 16 15 18 1 12 2 17 5 10 14 11 3 19 6 20 9 7 4 
student 157: 20 7 6 18 5 8 11 13 10 4 3 19 9 16 14 12 2 17 15 1 
student 158: 13 7 1 10 9 19 17 11 16 2 5 15 14 3 12 8 4 20 6 18 
student 159: 5 1 12 15 14 4 13 8 9 7 20 16 18 10 11 2 17 19 3 6 
student 160: 13 4 18 15 9 17 7 3 16 10 5 1 12 8 19 11 2 14 20 6 
student 161: 8 14 6 17 1 18 2 9 11 13 19 3 4 15 5 20 12 7 16 10 
student 162: 11 3 1 16 6 17 5 2 10 9 13 12 19 8 20 7 18 15 14 4 
student 163: 2 1 4 5 11 14 13 3 7 10 18 15 17 12 20 8 19 16 6 9 
student 164: 7 5 8 2 14 20 13 3 19 15 18 12 17 9 11 1 6 16 4 10 
student 165: 20 6 17 5 4 12 11 7 2 15 18 16 9 3 8 14 13 1 10 19 
student 166: 19 12 4 18 10 20 1 6 16 11 15 14 17 5 13 7 3 8 9 2 
student 167: 17 5 8 19 2 18 16 11 10 15 20 6 13 1 9 12 7 4 14 3 
student 168: 5 18 3 15 10 7 4 9 14 8 16 11 17 1 20 6 12 19 13 2 
student 169: 11 14 3 12 17 6 10 4 13 2 19 5 20 15 18 1 9 7 8 16 
student 170: 5 10 6 20 18 16 13 2 8 3 19 14 11 17 9 12 15 4 7 1 
student 171: 17 8 20 4 18 7 15 1 19 6 13 14 16 12 5 2 9 10 3 11 
student 172: 10 4 13 6 19 17 16 12 18 7 11 20 8 1 15 5 14 3 9 2 
student 173: 17 10 1 13 14 20 6 8 5 11 18 15 7 2 16 9 19 12 3 4 
student 174: 9 1 5 13 2 15 20 17 10 18 19 3 16 8 7 14 11 6 4 12 
student 175: 1 9 5 2 14 8 4 13 16 6 20 19 12 3 18 10 11 15 7 17 
student 176: 16 7 1 15 18 17 5 12 20 11 14 10 6 8 19 3 9 2 4 13 
student 177: 19 5 4 15 20 10 2 7 3 6 18 12 17 1 16 8 11 14 13 9 
student 178: 2 13 8 6 7 19 16 4 20 17 1 15 10 3 11 9 14 5 12 18 
student 179: 14 3 1 13 9 12 17 11 19 2 15 8 7 6 4 5 18 10 16 20 
student 180: 13 12 3 11 19 20 4 8 14 10 17 16 5 1 18 15 2 6 9 7 
student 181: 11 9 3 1 16 5 20 4 7 14 10 18 19 8 17 6 13 15 2 12 
student 182: 9 3 5 15 14 11 2 17 20 4 19 8 16 10 7 6 13 12 18 1 
student 183: 4 12 6 2 16 14 19 15 10 3 9 18 7 17 8 13 5 11 20 1 
student 184: 15 19 13 16 6 9 2 18 7 3 14 17 20 11 10 1 12 4 8 5 
student 185: 18 4 1 15 5 12 6 19 10 9 17 20 7 2 11 8 3 16 14 13 
student 186: 11 9 20 16 14 3 8 10 19 5 17 2 13 12 7 4 6 15 18 1 
student 187: 9 3 4 14 20 2 15 13 18 12 16 7 1 6 19 10 11 8 17 5 
student 188: 2 7 11 14 12 15 5 6 17 13 3 4 19 1 16 20 9 18 8 10 
student 189: 4 11 2 15 8 14 3 7 17 13 1 6 20 9 19 10 5 18 16 12 
student 190: 6 11 5 16 12 18 7 13 3 19 10 17 14 2 20 8 9 4 1 15 
student 191: 19 15 5 4 18 16 8 14 20 7 13 17 11 1 12 3 6 9 10 2 
student 192: 9 13 5 19 14 15 2 1 16 6 18 7 12 4 20 3 11 17 10 8 
student 193: 6 4 3 9 8 5 2 18 7 1 19 13 20 10 17 15 11 14 12 16 
student 194: 12 10 2 17 18 16 6 5 7 4 14 20 8 15 19 11 9 3 13 1 
student 195: 4 1 5 8 19 18 11 6 12 13 14 2 20 7 9 3 17 16 15 10 
student 196: 16 7 2 10 20 15 19 11 13 6 17 5 12 14 18 1 3 4 8 9 
student 197: 11 14 2 15 10 20 8 1 6 3 19 5 4 12 16 9 7 18 17 13 
student 198: 5 6 12 10 3 14 1 11 2 8 9 15 17 4 16 7 18 19 13 20 
student 199: 20 2 11 17 14 16 3 12 5 15 8 19 18 13 4 1 9 6 7 10 
student 200: 3 15 10 14 17 16 13 7 20 12 19 1 18 2 8 11 4 5 6 9 
student 201: 10 9 1 7 5 19 2 12 14 8 17 13 6 18 11 4 16 20 15 3 
student 202: 9 3 1 5 18 11 7 8 19 4 20 13 15 12 6 2 10 17 14 16 
student 203: 10 11 5 17 19 18 7 2 15 14 1 20 13 3 4 6 9 8 16 12 
student 204: 1 5 4 2 7 10 9 17 15 11 16 13 12 3 20 6 18 19 8 14 
student 205: 3 6 4 17 13 5 12 15 11 2 20 10 7 14 19 9 1 18 16 8 
student 206: 9 14 2 12 13 10 5 8 4 18 6 19 20 15 3 1 16 17 11 7 
student 207: 4 1 16 8 18 15 20 14 7 12 5 3 17 6 10 9 11 19 2 13 
student 208: 10 9 5 14 2 20 11 8 6 3 15 16 12 4 18 7 17 1 13 19 
student 209: 10 18 16 15 1 19 13 12 14 9 8 7 6 20 5 4 2 3 11 17 
student 210: 9 12 18 15 13 1 3 2 17 4 14 8 16 10 19 5 11 6 20 7 
student 211: 18 4 9 6 1 14 15 12 19 10 17 20 16 11 8 3 7 5 2 13 
student 212: 10 8 3 17 16 19 20 2 11 18 12 9 15 5 4 7 6 1 13 14 
student 213: 18 9 8 6 4 20 13 19 10 15 5 14 7 17 1 16 12 11 2 3 
student 214: 15 7 3 8 5 19 12 1 14 6 9 10 16 20 13 18 2 11 17 4 
student 215: 11 10 6 16 2 15 13 14 9 8 17 12 3 1 20 4 5 19 7 18 
student 216: 3 5 2 9 19 13 4 17 6 10 16 14 20 12 8 11 15 1 7 18 
student 217: 11 2 3 4 9 14 18 1 20 15 6 12 17 10 8 13 7 5 19 16 
student 218: 20 7 3 4 12 14 15 1 9 6 17 19 18 16 11 5 8 13 2 10 
student 219: 17 10 19 15 7 20 8 2 11 4 13 16 6 3 14 5 12 18 9 1 
student 220: 12 7 2 18 13 16 6 8 19 10 17 14 20 4 11 1 9 15 5 3 
student 221: 8 2 1 15 5 19 6 4 20 7 16 3 13 10 12 11 17 14 18 9 
student 222: 3 14 7 1 17 20 11 8 2 18 6 15 4 19 9 5 10 13 12 16 
student 223: 10 3 11 15 7 18 2 9 16 14 17 13 20 1 5 4 6 12 8 19 
student 224: 6 2 13 8 4 12 18 14 1 9 10 7 17 16 20 5 19 15 3 11 
student 225: 10 7 8 19 11 5 2 9 12 6 3 14 18 1 20 4 17 13 16 15 
student 226: 18 9 16 6 19 17 3 11 7 15 1 8 2 4 20 14 13 5 10 12 
student 227: 6 15 18 7 14 10 8 3 9 4 19 20 17 11 16 1 5 2 12 13 
student 228: 4 6 2 18 8 17 16 1 9 12 11 14 20 7 13 3 15 10 19 5 
student 229: 6 19 3 7 20 13 1 2 14 17 12 8 18 11 5 9 16 15 4 10 
student 230: 15 5 9 10 2 3 14 4 11 1 19 17 16 12 7 20 18 6 13 8 
student 231: 4 10 1 9 18 17 2 14 6 12 15 19 13 7 16 3 5 20 8 11 
student 232: 2 1 13 12 11 8 9 6 20 3 19 5 16 7 17 14 10 4 15 18 
student 233: 7 1 3 20 17 18 11 5 4 9 15 14 8 2 19 12 6 10 13 16 
student 234: 3 9 1 7 6 8 10 5 19 11 20 15 13 16 17 2 14 4 12 18 
student 235: 14 3 16 18 19 17 4 6 1 10 9 13 11 5 8 15 7 12 20 2 
student 236: 16 19 1 17 11 15 13 4 12 14 5 20 8 3 6 9 2 10 18 7 
student 237: 19 9 13 5 17 8 3 11 6 15 20 4 12 1 18 10 2 7 14 16 
student 238: 8 4 1 2 19 15 16 11 13 14 18 3 17 7 5 6 12 10 20 9 
student 239: 16 5 12 18 10 11 3 1 14 15 7 17 4 6 19 13 9 20 8 2 
student 240: 8 5 9 18 15 16 7 19 10 3 13 20 2 4 6 1 11 17 14 12 
student 241: 3 16 7 5 19 17 2 6 18 12 4 15 20 8 10 9 11 13 1 14 
student 242: 7 6 8 20 16 9 3 2 19 18 5 14 10 1 17 4 12 13 15 11 
student 243: 15 1 11 5 7 17 10 3 18 20 19 8 13 9 12 16 4 2 6 14 
student 244: 7 9 4 8 20 5 11 1 19 3 18 14 12 16 17 6 10 15 2 13 
student 245: 7 12 3 18 5 10 1 19 8 2 13 11 17 9 16 4 14 15 20 6 
student 246: 8 13 3 10 19 16 15 1 14 9 18 17 4 6 20 12 2 7 11 5 
student 247: 3 2 4 5 15 17 11 6 8 10 20 9 16 1 14 19 18 13 12 7 
student 248: 3 17 4 11 15 10 13 16 12 7 5 20 18 6 8 14 1 19 9 2 
student 249: 19 5 13 7 1 12 11 9 15 2 8 20 18 4 17 6 14 3 16 10 
student 250: 1 3 4 16 17 5 9 8 13 18 12 14 20 15 7 6 2 19 10 11 
student 251: 15 3 7 10 17 12 13 4 16 18 19 20 14 6 2 1 11 9 5 8 
student 252: 10 5 14 2 12 17 11 7 20 4 15 18 3 16 9 1 6 13 19 8 
student 253: 4 5 8 14 16 7 20 9 12 11 19 2 13 10 17 1 15 3 6 18 
student 254: 15 11 5 8 14 20 3 18 10 6 19 17 16 2 7 1 13 12 4 9 
student 255: 19 8 14 12 15 13 6 4 7 18 17 2 20 5 10 16 1 9 11 3 
student 256: 12 8 4 17 3 5 11 9 13 2 14 15 18 1 20 16 19 7 10 6 
student 257: 1 5 17 15 7 14 6 8 18 12 20 11 19 10 16 3 2 13 9 4 
student 258: 17 1 2 20 9 18 6 7 15 5 13 16 12 19 4 8 11 14 3 10 
student 259: 12 3 2 19 11 15 6 17 8 18 20 7 14 9 13 10 16 4 5 1 
student 260: 12 5 9 18 19 10 1 14 6 8 16 20 7 4 17 2 15 11 13 3 
student 261: 14 15 20 17 16 10 5 3 13 1 18 6 9 4 8 2 19 11 12 7 
student 262: 13 1 3 10 20 11 12 7 16 14 9 18 8 19 15 4 6 2 5 17 
student 263: 8 7 3 12 14 20 1 10 19 17 5 9 6 11 18 4 16 15 13 2 
student 264: 12 4 3 20 17 13 18 9 7 10 8 16 11 6 19 1 14 15 5 2 
student 265: 11 17 9 19 7 6 3 1 12 15 18 13 8 2 16 4 14 5 20 10 
student 266: 14 2 1 5 4 11 8 6 16 20 13 19 12 10 17 15 3 18 9 7 
student 267: 17 4 19 12 13 1 18 7 5 3 15 20 10 2 6 11 8 9 14 16 
student 268: 14 16 8 18 6 20 2 15 12 3 10 4 13 9 11 5 17 1 7 19 
student 269: 18 1 9 19 8 17 14 12 20 16 7 15 3 6 11 2 5 4 13 10 
student 270: 12 9 8 19 16 18 15 2 1 11 20 10 17 7 4 5 6 13 14 3 
student 271: 19 13 10 7 8 18 17 15 2 12 6 14 20 9 5 3 1 11 4 16 
student 272: 17 3 4 8 10 12 19 20 18 9 6 14 13 2 1 16 5 15 11 7 
student 273: 8 6 2 16 3 17 4 12 10 9 13 20 11 1 7 5 14 18 19 15 
student 274: 18 9 4 20 7 14 13 2 17 1 15 8 12 19 6 16 5 10 11 3 
student 275: 9 13 1 20 7 19 5 17 14 11 15 12 4 3 16 10 2 6 8 18 
student 276: 13 14 6 2 11 18 9 7 20 4 10 12 15 8 19 5 16 3 1 17 
student 277: 5 9 2 7 11 20 3 1 12 17 6 10 14 4 18 13 19 15 8 16 
student 278: 12 11 6 19 4 18 7 10 15 8 5 13 17 1 14 2 9 16 20 3 
student 279: 6 9 5 4 8 13 19 3 10 16 1 17 12 14 11 2 15 7 20 18 
student 280: 14 10 1 20 8 7 13 19 6 11 16 18 2 9 4 12 3 17 15 5 
student 281: 13 6 12 17 10 19 1 2 20 4 16 3 18 14 11 8 9 15 5 7 
student 282: 14 8 18 12 11 17 3 7 16 10 20 15 13 5 9 1 6 4 2 19 
student 283: 4 3 2 13 1 15 6 11 7 16 10 9 20 12 5 18 8 19 14 17 
student 284: 7 5 1 10 6 17 2 3 8 19 13 16 11 12 18 15 4 14 9 20 
student 285: 17 14 15 12 9 19 8 1 13 16 18 2 7 10 3 5 6 11 20 4 
student 286: 1 7 4 17 3 13 12 19 11 14 18 15 8 5 16 2 10 9 20 6 
student 287: 19 18 3 11 15 9 6 4 10 7 16 14 12 2 20 5 17 1 8 13 
student 288: 17 7 3 11 12 15 1 5 2 8 6 16 19 14 20 9 18 13 4 10 
student 289: 1 2 15 8 6 12 10 16 11 14 4 17 20 5 19 7 18 13 9 3 
student 290: 5 14 2 13 16 18 12 4 11 8 19 6 10 7 17 9 20 1 3 15 
student 291: 20 3 4 19 18 10 8 1 17 2 14 13 11 5 9 16 15 12 6 7 
student 292: 12 16 11 2 17 3 18 20 15 6 4 13 19 8 14 9 1 5 7 10 
student 293: 13 10 4 3 7 18 15 8 19 5 9 16 17 14 11 6 1 12 2 20 
student 294: 17 15 7 19 18 3 5 6 8 2 16 10 1 4 9 14 13 20 11 12 
student 295: 5 9 11 10 3 8 13 4 6 2 12 18 17 7 16 1 15 14 20 19 
student 296: 11 17 2 18 15 13 9 7 12 1 8 4 14 16 19 3 20 6 5 10 
student 297: 9 13 2 11 15 14 18 4 12 6 20 5 7 10 8 19 3 16 17 1 
student 298: 15 19 13 7 1 17 6 4 20 2 10 18 12 14 16 11 3 9 5 8 
student 299: 16 5 11 7 9 19 1 3 14 4 10 20 17 18 15 12 13 6 8 2 
student 300: 10 4 2 15 20 17 11 5 14 7 6 3 18 1 13 8 19 16 9 12 
student 301: 14 1 9 19 12 11 17 7 8 20 5 13 15 10 6 2 16 3 4 18 
student 302: 20 10 2 11 13 17 8 3 6 9 5 18 16 7 19 14 12 15 4 1 
student 303: 6 8 1 7 19 16 4 3 20 18 13 17 11 12 5 14 10 9 15 2 
student 304: 13 15 3 19 20 16 14 10 4 7 18 9 2 17 6 5 1 12 8 11 
student 305: 9 4 20 5 10 18 12 3 16 17 19 13 14 8 15 2 11 1 6 7 
student 306: 1 5 7 12 17 18 8 2 11 6 10 19 3 13 9 4 20 15 14 16 
student 307: 14 10 13 5 12 17 16 4 7 2 11 18 15 9 19 20 8 6 1 3 
student 308: 5 7 6 15 8 18 12 9 14 13 2 17 20 4 11 1 16 10 3 19 
student 309: 4 15 5 20 10 11 8 7 9 3 12 14 13 18 6 1 16 17 19 2 
student 310: 17 1 10 4 5 16 3 18 8 7 20 6 12 14 9 2 15 19 13 11 
student 311: 11 10 4 12 7 18 6 5 19 1 14 16 20 9 13 3 2 8 15 17 
student 312: 5 3 15 17 1 14 8 20 19 10 12 4 11 6 18 7 9 13 16 2 
student 313: 11 5 2 20 18 14 16 6 3 1 7 4 19 10 17 9 8 13 15 12 
student 314: 17 2 4 15 16 6 9 8 19 18 11 3 13 1 20 10 5 12 14 7 
student 315: 9 7 4 15 18 17 5 16 8 2 3 11 19 10 20 6 1 14 13 12 
student 316: 7 14 8 10 1 18 5 2 16 6 15 4 13 3 19 20 9 12 11 17 
student 317: 4 6 1 17 13 14 18 8 11 5 12 16 9 15 19 20 3 10 7 2 
student 318: 8 1 5 12 10 19 3 15 20 11 14 18 17 4 16 2 6 9 13 7 
student 319: 10 4 17 11 14 6 15 3 12 8 9 1 16 13 20 18 2 19 5 7 
student 320: 2 11 5 19 8 6 4 20 17 3 13 15 9 14 10 7 16 18 1 12 
student 321: 9 6 4 20 10 1 8 5 12 3 14 18 19 13 17 15 11 2 16 7 
student 322: 9 11 16 8 7 17 1 6 2 18 14 19 20 3 4 5 12 15 13 10 
student 323: 20 15 19 12 10 14 13 8 9 6 18 16 1 3 17 5 4 2 7 11 
student 324: 8 1 11 12 2 7 10 13 9 18 15 20 19 17 16 4 14 3 6 5 
student 325: 3 10 7 13 18 15 6 19 14 12 20 17 5 8 16 9 4 1 11 2 
student 326: 8 12 17 2 19 15 14 10 11 16 6 5 9 7 13 3 4 20 18 1 
student 327: 20 3 9 2 12 5 8 7 15 11 18 19 14 4 1 6 16 10 13 17 
student 328: 5 1 3 18 11 6 14 7 10 12 19 17 20 2 15 13 8 16 4 9 
student 329: 3 1 11 15 8 19 18 4 7 9 13 2 6 10 17 12 14 20 5 16 
student 330: 16 7 18 2 10 9 11 15 20 4 14 5 8 3 17 1 12 6 13 19 
student 331: 10 12 13 5 11 18 19 7 6 2 16 17 3 1 15 20 14 9 4 8 
student 332: 9 13 12 19 16 10 15 3 2 7 11 17 4 1 18 6 5 20 14 8 
student 333: 14 1 13 15 3 5 10 19 6 16 8 12 2 17 20 11 4 7 18 9 
student 334: 20 11 9 2 5 6 3 4 13 7 19 17 18 1 16 8 10 14 15 12 
student 335: 15 17 3 12 10 19 1 2 14 8 13 16 18 4 20 11 7 9 6 5 
student 336: 2 5 4 6 18 12 16 11 9 3 14 13 17 15 19 7 10 8 20 1 
student 337: 20 4 1 11 16 17 19 3 12 7 15 18 13 5 14 8 9 6 2 10 
student 338: 4 6 5 10 2 20 8 7 19 15 16 18 14 13 12 1 9 11 17 3 
student 339: 18 6 2 20 7 15 10 8 5 14 9 3 11 19 1 4 17 13 12 16 
student 340: 6 12 5 15 9 17 2 13 18 19 11 8 20 16 14 1 4 7 3 10 
student 341: 9 12 1 14 4 20 8 19 13 11 16 3 17 10 2 6 7 18 5 15 
student 342: 12 13 15 14 2 16 17 3 10 19 20 18 6 5 7 1 8 9 4 11 
student 343: 9 8 2 19 10 14 3 5 16 7 12 18 11 4 1 20 15 17 13 6 
student 344: 16 14 6 9 19 20 18 2 10 8 13 17 5 4 12 3 15 11 1 7 
student 345: 3 7 11 12 5 9 2 8 19 6 14 18 20 15 17 10 16 1 4 13 
student 346: 11 3 5 6 18 16 14 13 10 9 12 1 8 17 4 7 20 15 19 2 
student 347: 18 1 7 5 14 17 12 9 19 10 2 6 11 3 15 20 16 4 13 8 
student 348: 5 2 10 18 6 15 9 19 11 16 14 17 20 4 8 1 12 13 7 3 
student 349: 13 15 2 16 18 19 17 7 14 10 20 9 8 11 6 5 1 12 3 4 
student 350: 15 12 13 6 19 20 4 3 11 9 18 10 7 8 16 1 14 17 5 2 
student 351: 11 7 15 8 5 16 17 3 14 10 12 18 2 9 19 6 20 13 4 1 
student 352: 19 20 11 10 7 17 2 6 18 1 13 12 9 3 5 15 8 16 14 4 
student 353: 5 8 4 2 15 18 11 7 9 14 20 16 10 6 19 12 3 1 13 17 
student 354: 8 9 4 13 2 14 7 11 10 12 20 18 16 1 3 6 5 15 19 17 
student 355: 14 18 17 12 1 16 11 19 15 8 20 10 13 9 4 5 7 2 6 3 
student 356: 10 5 3 18 19 16 7 2 20 17 15 12 13 4 8 14 9 1 11 6 
student 357: 8 13 12 2 7 15 17 4 19 18 5 20 9 6 10 3 1 16 11 14 
student 358: 5 14 1 15 2 9 19 4 8 7 18 16 17 13 12 3 11 6 20 10 
student 359: 7 1 5 2 13 20 18 6 19 3 16 14 10 9 17 11 4 15 8 12 
student 360: 7 6 15 16 5 10 20 8 19 14 3 17 12 4 2 1 9 11 13 18 
student 361: 20 15 8 17 13 4 2 9 12 11 3 19 18 7 14 1 10 5 16 6 
student 362: 18 6 4 15 9 7 12 10 5 13 17 16 14 3 1 8 19 2 11 20 
student 363: 20 6 15 14 9 8 19 4 18 5 10 13 17 2 11 3 16 12 1 7 
student 364: 16 4 6 10 15 18 13 5 1 9 20 19 11 3 8 17 14 12 2 7 
student 365: 3 2 6 17 14 18 16 15 12 20 11 19 7 10 13 1 8 5 4 9 
student 366: 8 2 4 20 10 18 12 15 19 3 16 13 11 7 17 5 6 14 9 1 
student 367: 10 12 6 11 7 20 16 15 14 5 19 8 17 1 18 2 4 13 3 9 
student 368: 16 11 2 1 5 19 9 4 14 6 18 12 20 13 10 3 7 17 15 8 
student 369: 10 20 7 18 15 19 12 9 8 14 16 11 17 1 6 13 4 5 3 2 
student 370: 4 7 16 5 17 9 3 6 2 8 14 18 12 20 19 15 10 13 11 1 
student 371: 18 1 11 15 9 19 3 5 7 6 10 16 14 2 12 4 13 20 17 8 
student 372: 11 13 2 18 3 12 5 6 20 14 15 7 16 9 17 19 1 10 4 8 
student 373: 19 14 18 7 11 6 3 2 9 1 10 16 17 8 20 4 12 13 5 15 
student 374: 2 11 6 17 16 18 7 1 14 4 5 15 20 13 9 8 12 3 19 10 
student 375: 3 4 14 16 7 1 5 15 10 9 19 6 20 12 11 18 13 8 17 2 
student 376: 16 2 3 13 9 18 10 5 17 12 19 8 7 4 15 1 6 14 11 20 
student 377: 3 4 14 12 8 9 10 11 17 13 18 20 19 7 15 5 16 6 1 2 
student 378: 8 15 1 11 16 7 12 6 19 14 20 5 17 2 10 4 9 18 3 13 
student 379: 15 13 10 18 6 7 12 1 8 20 17 11 5 4 14 3 9 19 16 2 
student 380: 13 3 5 19 8 12 17 20 7 6 11 15 14 9 18 4 2 1 16 10 
student 381: 18 2 1 9 13 17 12 5 14 11 16 19 10 3 20 4 7 6 15 8 
student 382: 4 6 13 16 19 10 20 14 8 2 12 17 11 3 7 1 5 18 15 9 
student 383: 9 6 10 3 16 7 19 5 14 13 8 20 17 2 11 1 4 12 18 15 
student 384: 17 6 5 7 11 13 8 16 1 19 20 2 9 4 10 14 12 18 15 3 
student 385: 10 2 9 20 12 13 14 7 18 6 11 15 19 1 8 17 3 5 16 4 
student 386: 8 1 18 16 19 17 10 2 5 15 3 9 7 14 20 6 4 12 13 11 
student 387: 6 7 1 18 5 2 8 15 13 14 4 19 20 3 17 9 11 16 12 10 
student 388: 17 11 8 5 12 20 2 9 4 10 16 6 14 19 3 13 15 7 18 1 
student 389: 12 20 8 19 18 13 5 1 11 16 17 9 7 3 15 14 4 2 10 6 
student 390: 17 4 2 18 12 20 9 8 16 7 11 14 3 6 19 5 10 1 15 13 
student 391: 7 1 17 15 11 20 14 3 19 8 18 10 6 4 12 16 5 9 2 13 
student 392: 17 9 16 4 15 7 1 18 3 6 20 8 10 11 5 13 14 19 12 2 
student 393: 4 8 10 12 11 20 5 19 9 14 17 15 7 2 18 3 16 13 6 1 
student 394: 16 18 2 5 12 11 7 9 20 15 19 10 14 6 4 3 13 8 17 1 
student 395: 19 18 15 6 10 20 17 12 13 8 7 16 14 3 5 1 4 2 9 11 
student 396: 17 9 5 15 2 19 12 20 3 14 18 8 7 6 13 10 1 16 4 11 
student 397: 15 4 1 19 17 18 9 6 16 2 20 13 14 11 10 3 7 5 12 8 
student 398: 18 8 1 9 10 7 14 5 6 11 12 16 19 3 20 15 17 13 2 4 
student 399: 10 2 7 12 11 20 14 9 18 3 4 16 17 19 8 13 5 6 15 1 
student 400: 11 4 6 3 16 20 1 2 14 9 19 18 13 7 10 17 8 15 5 12 
student 401: 1 12 5 8 15 13 3 7 9 20 17 10 19 16 14 2 18 11 6 4 
student 402: 16 11 4 12 8 17 13 3 14 9 20 7 10 19 15 6 18 1 5 2 
student 403: 19 6 4 7 18 12 3 1 11 17 13 9 20 8 2 5 16 15 10 14 
student 404: 4 13 5 14 19 1 8 18 10 9 17 7 15 6 20 16 2 3 11 12 
student 405: 5 3 9 11 16 20 8 2 10 15 17 19 14 7 18 13 4 1 12 6 
student 406: 10 3 4 15 20 19 7 14 16 6 9 13 18 1 12 5 17 8 11 2 
student 407: 3 2 10 8 14 17 13 7 6 9 18 20 15 12 19 1 4 16 5 11 
student 408: 13 1 4 9 14 16 5 6 3 18 17 10 19 11 7 12 8 15 20 2 
student 409: 10 8 6 19 13 4 20 1 2 5 12 11 3 7 18 9 15 16 14 17 
student 410: 16 20 2 17 7 19 6 9 10 4 11 12 13 18 8 15 5 1 14 3 
student 411: 17 10 1 13 8 19 3 4 7 20 18 9 5 6 11 16 15 2 12 14 
student 412: 18 9 3 16 17 12 19 2 1 5 20 15 13 14 11 10 8 4 6 7 
student 413: 10 19 14 5 16 12 20 9 6 3 17 13 4 2 15 7 8 11 1 18 
student 414: 6 12 13 10 3 8 11 9 18 17 20 15 5 7 16 14 1 19 2 4 
student 415: 13 1 3 15 4 18 10 12 5 16 2 9 6 20 17 7 8 11 14 19 
student 416: 20 18 3 16 15 14 1 7 13 8 19 2 17 5 11 12 4 9 6 10 
student 417: 18 8 19 13 6 20 3 15 2 4 7 16 12 10 17 9 5 1 11 14 
student 418: 5 1 12 10 16 17 2 8 14 11 9 6 18 19 3 4 15 7 13 20 
student 419: 10 13 11 12 17 19 6 5 2 7 15 3 9 18 20 14 16 4 8 1 
student 420: 19 1 7 20 4 9 6 12 5 3 8 13 16 14 11 15 10 18 2 17 
student 421: 14 3 4 11 2 6 8 9 12 17 7 16 19 1 18 13 20 5 10 15 
student 422: 11 7 8 17 15 18 12 2 13 5 16 6 14 4 19 9 1 3 10 20 
student 423: 20 9 7 17 2 18 6 10 5 14 4 16 13 1 19 12 8 15 3 11 
student 424: 9 3 13 12 4 20 10 11 7 1 18 8 15 5 14 2 17 16 19 6 
student 425: 18 16 2 14 7 10 9 1 13 8 19 12 6 15 4 5 3 20 17 11 
student 426: 7 8 4 10 14 17 11 15 9 1 6 12 20 2 5 18 3 16 19 13 
student 427: 15 6 2 5 12 10 17 9 1 7 20 14 8 4 3 18 11 19 16 13 
student 428: 20 15 5 7 18 12 17 13 19 4 3 10 16 11 2 9 14 6 8 1 
student 429: 2 12 19 3 4 17 14 18 11 15 7 20 16 1 9 13 8 10 6 5 
student 430: 10 8 5 4 1 11 13 6 3 15 20 18 7 9 14 12 16 19 2 17 
student 431: 2 11 1 13 9 16 5 6 17 4 14 18 15 20 19 3 7 12 8 10 
student 432: 19 2 12 20 4 1 3 13 8 6 11 14 15 7 18 5 16 17 10 9 
student 433: 15 1 8 20 4 16 17 12 19 10 9 2 7 5 6 3 18 14 13 11 
student 434: 12 1 13 9 17 15 16 19 18 3 7 10 20 8 4 14 6 5 2 11 
student 435: 3 2 1 17 12 19 6 13 15 4 20 5 8 9 16 7 18 14 11 10 
student 436: 8 17 7 5 6 18 2 3 1 12 15 19 9 20 10 13 16 14 4 11 
student 437: 8 4 1 3 13 14 15 7 6 11 18 10 17 5 2 16 20 12 19 9 
student 438: 10 12 5 17 20 15 2 1 4 14 19 16 8 11 18 9 3 6 13 7 
student 439: 6 3 10 12 5 14 2 7 8 11 18 17 20 19 1 4 13 15 9 16 
student 440: 10 2 18 15 4 8 7 3 12 14 9 13 20 1 19 16 5 6 11 17 
student 441: 12 4 6 7 11 1 18 2 17 20 16 8 13 3 19 15 5 10 9 14 
student 442: 12 2 8 17 7 18 10 14 5 19 13 16 11 9 15 1 3 6 4 20 
student 443: 20 4 2 19 17 15 10 11 5 9 13 14 8 3 7 12 1 16 18 6 
student 444: 10 5 13 4 7 20 17 11 9 1 18 14 19 15 12 2 3 16 6 8 
student 445: 20 4 14 19 12 13 15 11 1 16 18 2 6 3 8 5 9 17 7 10 
student 446: 16 1 14 19 20 18 11 5 13 4 9 17 10 8 12 7 3 6 15 2 
student 447: 16 8 3 18 20 11 17 5 10 7 12 19 15 1 14 9 13 4 2 6 
student 448: 12 18 2 20 17 19 9 5 15 10 13 4 8 11 3 6 7 16 14 1 
student 449: 19 15 8 4 7 6 3 17 14 1 13 2 20 16 10 5 12 9 11 18 
student 450: 11 2 18 10 20 13 14 1 8 3 15 19 17 4 7 6 5 12 9 16 
student 451: 1 3 7 14 4 20 15 2 11 6 19 18 16 5 8 9 10 17 13 12 
student 452: 17 10 1 5 15 19 11 20 8 6 7 14 16 4 18 2 3 12 13 9 
student 453: 20 1 17 13 10 4 9 15 3 16 19 18 6 5 14 8 2 11 12 7 
student 454: 20 7 15 11 1 14 13 16 6 8 17 4 5 9 12 19 3 18 2 10 
student 455: 1 15 19 6 13 11 7 10 16 14 17 5 2 3 20 12 8 18 4 9 
student 456: 20 11 7 1 10 13 19 16 2 9 5 14 8 17 12 4 6 15 18 3 
student 457: 3 6 1 2 13 15 16 18 7 8 17 14 11 10 5 19 12 20 4 9 
student 458: 20 12 9 14 2 11 7 4 18 17 3 13 5 19 10 6 1 8 15 16 
student 459: 10 2 3 9 17 20 5 15 19 12 11 1 6 13 14 7 4 18 16 8 
student 460: 20 2 15 19 16 3 13 5 11 8 7 9 12 17 14 10 6 18 1 4 
student 461: 6 11 2 18 14 15 12 3 7 1 20 19 10 8 17 13 9 16 4 5 
student 462: 14 15 12 2 6 4 13 7 8 18 20 17 5 1 9 3 10 19 11 16 
student 463: 20 2 18 19 5 11 8 10 9 3 17 12 6 14 4 13 7 1 15 16 
student 464: 8 10 6 9 5 20 18 11 15 1 13 12 14 4 17 19 2 16 3 7 
student 465: 8 2 4 18 13 17 10 6 11 1 16 19 20 12 14 3 5 15 7 9 
student 466: 20 13 1 7 14 12 9 17 19 11 18 3 6 2 16 4 8 5 10 15 
student 467: 11 6 10 13 9 16 19 1 12 15 18 20 14 3 8 5 7 2 4 17 
student 468: 9 15 11 10 8 20 2 14 12 7 13 19 1 6 17 18 4 16 5 3 
student 469: 15 7 18 11 5 16 20 10 4 8 19 1 17 9 13 3 6 14 2 12 
student 470: 14 2 8 19 7 18 17 10 16 9 12 20 5 4 13 15 1 6 3 11 
student 471: 6 1 4 11 3 15 2 16 19 8 18 9 13 20 14 5 7 10 17 12 
student 472: 19 3 5 6 8 15 10 4 17 7 13 16 20 1 11 12 2 18 14 9 
student 473: 11 8 9 15 18 12 5 2 10 13 16 17 20 6 14 1 7 3 19 4 
student 474: 6 16 8 17 19 13 15 14 7 5 18 10 12 1 20 11 9 4 2 3 
student 475: 5 11 2 6 10 19 1 4 14 17 18 7 15 9 20 16 13 3 12 8 
student 476: 17 5 1 13 7 12 19 3 11 8 15 14 6 10 18 16 2 9 20 4 
student 477: 18 1 16 19 8 20 13 9 2 3 10 4 14 6 17 5 15 11 12 7 
student 478: 1 7 6 18 9 20 13 2 12 17 14 16 3 19 4 5 8 10 11 15 
student 479: 17 13 6 15 20 18 5 8 9 19 1 4 16 2 7 14 11 12 3 10 
student 480: 15 4 1 8 7 16 10 11 18 19 20 12 17 9 13 14 2 6 3 5 
student 481: 8 6 2 5 19 7 4 15 12 11 18 20 16 13 3 9 10 14 1 17 
student 482: 8 20 11 13 15 12 19 5 9 6 16 17 14 1 2 7 18 10 4 3 
student 483: 12 2 20 13 18 17 6 19 3 10 8 9 16 5 1 11 14 7 4 15 
student 484: 7 11 4 18 19 2 3 9 13 17 8 12 15 6 14 1 20 16 5 10 
student 485: 15 4 6 18 20 14 5 12 9 8 7 19 13 11 2 16 3 17 10 1 
student 486: 19 9 7 17 20 18 1 11 3 13 16 8 14 4 15 12 2 6 10 5 
student 487: 1 5 6 11 10 16 18 12 19 9 20 14 17 2 3 4 7 15 13 8 
student 488: 15 2 1 14 3 6 7 11 20 9 19 10 16 4 12 18 13 5 17 8 
student 489: 6 5 8 7 20 9 3 17 12 18 19 2 15 13 14 10 1 11 4 16 
student 490: 1 6 16 9 20 10 18 19 11 8 7 2 14 13 4 12 15 17 5 3 
student 491: 5 10 16 7 13 6 2 14 20 9 15 18 19 12 1 3 4 11 8 17 
student 492: 1 4 11 10 15 13 6 17 14 5 18 19 3 2 7 8 16 20 12 9 
student 493: 18 9 5 15 1 16 10 2 8 14 19 20 17 4 11 3 13 6 7 12 
student 494: 4 19 1 17 3 20 15 16 2 5 12 18 11 8 7 13 6 14 10 9 
student 495: 19 17 4 12 7 9 8 3 6 11 15 18 16 20 10 14 5 13 2 1 
student 496: 10 14 1 5 20 9 11 2 19 12 8 15 6 3 16 7 18 13 17 4 
student 497: 19 13 4 15 8 3 7 10 20 9 5 16 2 14 18 1 6 11 12 17 
student 498: 2 6 8 12 19 17 3 10 1 7 13 14 16 18 11 4 20 9 5 15 
student 499: 8 3 6 11 5 12 14 4 18 16 9 19 17 2 1 13 7 10 20 15 
student 500: 11 1 6 14 3 19 5 7 16 12 18 8 17 20 15 9 4 2 10 13 
student 501: 19 15 12 8 3 13 11 6 20 7 5 14 18 1 17 2 16 4 9 10 
student 502: 16 3 1 12 7 8 15 11 14 2 18 6 17 9 19 13 10 4 5 20 
student 503: 5 13 7 17 19 12 3 10 6 15 18 11 8 1 9 2 14 20 16 4 
student 504: 10 1 2 19 17 8 13 12 14 11 18 5 15 7 3 16 6 20 9 4 
student 505: 9 20 4 12 7 11 10 15 18 3 17 16 8 6 2 5 13 14 19 1 
student 506: 10 3 2 17 20 13 4 1 9 11 19 15 16 8 12 7 18 6 5 14 
student 507: 10 6 1 8 20 18 3 5 15 7 9 16 11 19 17 2 14 12 4 13 
student 508: 10 1 16 14 11 9 3 13 20 4 17 19 15 5 18 7 6 8 12 2 
student 509: 2 6 3 13 5 20 16 1 19 12 15 17 4 9 18 11 8 14 10 7 
student 510: 6 3 20 8 15 17 14 7 16 11 18 4 13 1 10 12 2 9 5 19 
student 511: 20 2 15 19 14 16 17 10 6 12 8 7 18 11 4 5 9 13 3 1 
student 512: 13 5 20 9 15 17 11 12 7 4 19 16 10 2 8 3 1 18 14 6 
student 513: 12 8 16 19 15 14 5 4 17 20 10 6 9 11 13 7 3 18 1 2 
student 514: 13 6 9 10 19 1 12 14 18 11 5 3 20 2 16 7 17 15 8 4 
student 515: 11 17 5 9 19 18 7 10 3 8 13 20 12 1 16 14 15 6 4 2 
student 516: 12 6 16 3 19 14 4 13 2 11 5 15 8 18 20 1 10 17 7 9 
student 517: 8 7 12 18 20 5 2 15 10 9 13 16 11 6 3 17 4 1 19 14 
student 518: 10 9 4 19 17 13 11 12 5 15 3 14 6 20 18 8 16 1 2 7 
student 519: 1 4 7 11 10 15 20 13 2 5 6 17 18 16 8 9 12 19 3 14 
student 520: 19 18 2 11 15 14 8 1 3 13 16 20 5 10 7 9 4 6 17 12 
student 521: 16 3 8 19 15 11 5 6 20 14 12 9 17 7 18 2 1 10 13 4 
student 522: 10 1 2 6 9 20 7 14 12 5 17 19 13 3 16 18 4 15 11 8 
student 523: 4 7 13 12 5 17 18 2 1 11 14 10 19 3 15 20 6 16 9 8 
student 524: 2 10 3 18 15 8 4 1 7 9 19 13 17 11 20 12 6 16 5 14 
student 525: 13 11 6 14 17 18 8 12 5 20 2 9 1 15 10 7 3 19 4 16 
student 526: 2 9 19 20 5 18 14 10 16 3 12 15 13 11 7 1 8 4 17 6 
student 527: 3 4 1 9 6 17 18 13 8 15 16 11 14 2 19 5 12 10 7 20 
student 528: 17 11 2 16 20 8 15 12 6 3 19 7 10 4 13 1 14 9 18 5 
student 529: 13 20 6 19 8 2 14 10 4 11 16 9 17 3 18 7 12 5 15 1 
student 530: 11 6 12 15 5 20 9 10 16 2 17 4 19 7 18 3 8 13 14 1 
student 531: 17 6 7 8 15 16 2 4 20 9 12 18 11 5 19 10 13 14 3 1 
student 532: 18 3 10 8 15 6 4 12 19 17 7 1 14 11 13 2 5 9 16 20 
student 533: 15 13 4 9 19 14 6 11 8 20 7 16 17 1 2 5 10 18 12 3 
student 534: 12 7 11 8 5 15 19 3 18 10 14 17 20 9 16 2 6 1 13 4 
student 535: 2 18 1 17 10 19 13 7 5 20 11 6 8 3 9 4 12 15 14 16 
student 536: 17 11 6 16 9 2 3 4 13 18 15 8 20 12 1 19 7 5 14 10 
student 537: 20 9 4 16 14 17 2 3 12 18 19 15 10 13 11 1 8 7 6 5 
student 538: 14 18 6 17 9 12 2 5 15 16 8 1 13 7 20 3 11 10 4 19 
student 539: 14 7 9 19 1 3 20 2 13 15 5 18 11 12 8 4 17 16 6 10 
student 540: 20 1 11 14 19 18 2 4 16 3 10 7 15 6 17 13 8 5 12 9 
student 541: 16 5 2 15 13 12 10 4 8 1 19 17 3 11 20 6 18 7 14 9 
student 542: 11 4 13 9 14 20 7 19 15 17 5 12 18 6 2 16 1 10 8 3 
student 543: 11 4 13 1 15 17 7 2 16 9 18 14 6 5 20 3 10 8 19 12 
student 544: 17 3 13 15 5 20 1 7 2 12 18 11 14 8 16 6 4 9 10 19 
student 545: 3 5 4 11 1 13 6 12 19 14 7 20 17 15 18 2 9 8 16 10 
student 546: 14 10 11 19 6 16 15 2 8 4 18 12 13 20 3 9 17 5 7 1 
student 547: 4 2 14 9 17 11 12 1 10 6 18 19 13 3 20 7 5 15 16 8 
student 548: 2 8 5 13 4 12 16 3 18 1 6 20 17 7 19 9 10 15 14 11 
student 549: 6 1 7 11 9 19 2 10 4 3 13 17 20 5 8 16 18 15 14 12 
student 550: 8 11 2 18 19 7 10 1 12 3 20 16 17 9 14 4 13 6 5 15 
student 551: 7 10 1 3 16 18 13 6 8 9 12 11 2 5 20 17 14 4 19 15 
student 552: 11 2 6 13 12 18 1 7 15 10 3 14 9 20 5 16 19 4 8 17 
student 553: 16 7 4 9 6 5 14 2 18 1 19 20 3 8 17 10 11 15 12 13 
student 554: 8 5 3 18 17 19 6 14 12 11 16 13 15 7 9 10 4 1 2 20 
student 555: 11 4 16 15 12 14 7 6 20 17 19 8 9 10 13 3 5 18 2 1 
student 556: 7 5 17 16 6 11 4 12 8 19 3 13 18 14 10 9 1 20 15 2 
student 557: 12 9 1 8 16 6 4 3 2 11 20 14 13 17 19 7 10 5 18 15 
student 558: 13 10 5 19 2 15 16 3 6 12 14 1 20 18 11 17 8 9 4 7 
student 559: 19 3 1 18 17 10 15 7 12 16 13 14 5 8 11 4 2 20 6 9 
student 560: 9 1 2 15 12 17 11 13 19 16 6 4 20 8 18 3 10 5 7 14 
student 561: 1 4 6 17 18 16 10 2 19 9 14 20 13 15 12 3 11 7 8 5 
student 562: 2 10 5 18 1 9 6 19 12 20 11 16 17 8 4 3 14 13 7 15 
student 563: 1 8 3 5 6 2 4 10 15 13 14 20 19 12 11 17 18 9 7 16 
student 564: 20 2 3 15 8 14 13 18 16 5 6 4 7 9 11 12 19 17 1 10 
student 565: 16 1 2 8 7 10 5 6 3 9 19 20 11 14 17 4 12 18 13 15 
student 566: 14 2 1 9 10 19 15 5 7 4 16 18 11 3 20 12 6 13 17 8 
student 567: 18 1 6 10 8 9 16 2 14 3 15 12 4 13 20 5 7 17 11 19 
student 568: 14 1 3 4 5 18 10 8 13 9 15 6 20 19 12 2 11 17 16 7 
student 569: 9 6 2 15 8 20 1 5 14 3 19 13 18 7 17 10 4 11 16 12 
student 570: 14 4 2 16 9 20 5 18 17 13 6 10 11 1 19 8 15 7 12 3 
student 571: 2 7 8 12 19 20 6 14 9 17 13 16 15 11 18 5 1 4 10 3 
student 572: 12 3 17 11 20 18 6 2 14 10 19 15 5 4 13 7 9 8 16 1 
student 573: 19 8 13 20 9 10 18 6 1 11 16 12 17 4 14 3 7 15 5 2 
student 574: 6 13 3 17 7 19 16 15 11 9 14 20 12 2 5 18 1 4 10 8 
student 575: 11 7 2 9 5 10 1 13 19 12 15 6 8 14 18 3 16 17 20 4 
student 576: 14 7 3 9 16 19 6 17 1 11 12 15 20 8 10 18 5 13 2 4 
student 577: 17 11 1 15 18 20 6 5 9 3 14 12 13 2 16 10 4 19 8 7 
student 578: 19 11 7 16 10 15 2 1 18 3 12 14 13 9 17 8 6 4 5 20 
student 579: 13 1 2 16 15 12 9 7 5 6 14 17 20 8 10 11 19 3 18 4 
student 580: 2 10 6 19 5 12 3 8 9 20 7 1 14 15 17 16 4 13 18 11 
student 581: 15 4 3 9 17 18 11 20 19 13 10 16 2 8 14 5 6 12 1 7 
student 582: 14 7 2 17 20 18 10 19 12 16 1 6 15 3 5 13 9 8 11 4 
student 583: 6 9 1 18 17 13 4 19 14 16 20 3 15 8 12 10 5 11 7 2 
student 584: 19 9 5 18 16 4 15 8 20 12 3 17 11 10 14 7 2 13 1 6 
student 585: 2 5 14 9 18 19 4 8 15 20 17 16 3 12 10 7 6 11 1 13 
student 586: 11 2 4 16 20 18 6 9 14 13 1 12 19 8 15 5 7 3 17 10 
student 587: 16 7 9 18 15 11 14 3 12 1 17 6 19 13 20 10 4 2 5 8 
student 588: 12 5 2 4 14 13 20 17 16 18 9 19 1 8 15 3 10 7 6 11 
student 589: 3 11 2 16 20 18 6 14 13 1 19 5 4 7 10 9 12 15 17 8 
student 590: 15 7 5 20 14 6 19 1 10 8 17 3 13 18 4 11 16 2 12 9 
student 591: 11 13 2 19 8 16 10 5 17 6 20 15 14 3 18 1 9 12 7 4 
student 592: 9 8 5 4 18 19 2 7 11 6 16 14 17 1 20 3 15 12 10 13 
student 593: 20 1 4 16 13 6 15 9 2 3 12 7 17 8 10 5 11 18 19 14 
student 594: 20 1 9 2 15 11 12 4 5 6 13 16 18 19 14 10 17 7 8 3 
student 595: 16 5 11 20 8 15 9 7 1 4 3 6 19 13 17 10 2 18 14 12 
student 596: 16 1 8 12 19 15 7 14 4 3 13 5 11 9 20 6 10 17 18 2 
student 597: 12 11 17 19 20 7 1 14 2 5 10 4 15 8 13 6 9 3 18 16 
student 598: 15 9 13 5 20 14 6 8 7 12 18 16 17 1 4 19 3 11 2 10 
student 599: 9 3 13 20 6 1 17 7 11 14 19 18 8 2 12 4 16 5 10 15 
student 600: 2 5 6 14 7 13 11 15 12 17 16 9 18 3 10 1 8 4 20 19 
student 601: 4 10 2 6 15 5 1 9 14 8 17 20 18 16 12 13 11 3 7 19 
student 602: 1 3 10 17 15 18 5 12 19 4 14 16 20 7 9 11 13 8 6 2 
student 603: 20 9 14 5 16 18 4 17 3 7 15 12 11 8 19 1 13 10 2 6 
student 604: 15 3 4 13 11 17 14 6 9 12 20 19 8 1 16 7 18 2 5 10 
student 605: 2 1 10 16 3 18 19 17 11 15 5 7 9 13 4 8 14 6 12 20 
student 606: 3 6 10 17 7 15 19 9 4 12 2 18 5 8 14 13 11 16 20 1 
student 607: 18 4 1 8 12 9 11 13 6 17 20 19 15 5 16 7 10 3 14 2 
student 608: 8 18 2 19 20 4 13 7 6 16 14 10 12 3 11 1 5 17 15 9 
student 609: 10 1 9 13 8 19 12 3 15 17 7 18 11 2 20 4 16 5 14 6 
student 610: 17 2 9 18 13 20 1 19 16 4 12 8 14 3 15 11 6 10 7 5 
student 611: 19 2 9 18 5 13 6 20 7 17 11 10 3 12 16 15 8 14 1 4 
student 612: 16 4 5 20 7 19 14 12 3 18 8 10 9 11 15 1 6 13 17 2 
student 613: 11 3 17 15 12 16 10 14 5 19 20 13 18 6 7 1 4 2 8 9 
student 614: 11 6 1 7 20 10 4 9 16 15 12 17 13 5 3 8 18 2 19 14 
student 615: 5 7 14 17 15 16 8 10 12 20 19 13 18 4 1 3 6 11 2 9 
student 616: 2 7 16 15 4 17 9 1 14 12 19 18 11 10 13 6 3 20 5 8 
student 617: 14 11 4 9 6 16 8 5 17 2 18 10 1 7 19 12 13 15 20 3 
student 618: 5 1 6 16 19 8 2 20 4 13 17 18 15 7 12 11 3 10 14 9 
student 619: 8 5 20 18 14 16 17 9 19 3 10 12 4 2 7 6 15 1 11 13 
student 620: 3 8 14 1 6 17 18 2 20 19 12 5 7 16 13 9 15 10 11 4 
student 621: 11 5 2 4 13 16 3 9 17 18 10 19 6 8 20 14 1 15 7 12 
student 622: 20 3 6 16 12 11 4 8 19 2 14 17 10 13 5 7 1 18 9 15 
student 623: 11 5 4 3 20 1 12 2 14 8 6 13 18 9 19 7 10 17 15 16 
student 624: 16 2 1 12 11 10 15 8 6 17 7 19 14 5 18 4 3 13 9 20 
student 625: 3 6 2 15 13 20 5 12 18 1 11 16 14 7 8 10 19 17 9 4 
student 626: 17 9 3 15 14 5 2 8 18 13 16 10 19 4 11 6 12 7 1 20 
student 627: 6 1 13 16 4 3 8 12 10 15 14 20 19 2 18 5 11 7 9 17 
student 628: 13 9 5 15 12 19 6 8 16 3 20 4 17 2 18 10 1 14 11 7 
student 629: 7 6 2 8 20 10 5 11 14 17 9 16 19 13 3 4 18 1 12 15 
student 630: 18 3 10 20 4 15 5 6 14 12 16 8 11 13 9 7 1 2 19 17 
student 631: 7 1 20 15 14 17 13 6 5 2 18 4 16 19 8 10 12 9 11 3 
student 632: 15 1 16 12 3 20 6 8 18 2 9 13 17 4 19 10 14 5 7 11 
student 633: 1 12 11 20 13 5 8 14 10 18 15 17 16 9 6 7 4 3 19 2 
student 634: 11 1 9 17 15 4 2 14 16 13 12 18 19 6 20 8 3 10 7 5 
student 635: 18 5 12 7 9 4 6 20 15 3 10 14 11 16 13 8 1 19 2 17 
student 636: 3 20 5 6 18 7 4 9 8 15 16 10 19 12 11 13 2 14 1 17 
student 637: 17 9 5 20 19 15 6 11 7 3 13 12 4 10 14 2 8 16 1 18 
student 638: 10 1 13 11 14 18 8 12 17 3 4 19 20 16 7 6 2 5 9 15 
student 639: 10 2 6 16 3 12 8 5 20 14 17 18 15 1 13 19 7 11 4 9 
student 640: 10 3 2 12 9 6 8 17 14 5 18 20 16 11 15 13 4 1 19 7 
student 641: 6 1 8 14 9 20 5 15 7 13 2 12 19 3 16 10 4 17 18 11 
student 642: 5 4 3 19 2 20 12 10 11 17 18 14 15 13 8 9 7 16 1 6 
student 643: 3 6 2 11 10 20 9 16 19 1 15 18 14 7 13 8 12 17 5 4 
student 644: 10 9 4 18 7 16 17 2 11 12 8 15 13 6 19 20 1 14 5 3 
student 645: 11 12 1 5 14 20 19 8 7 16 6 18 9 4 15 17 2 10 13 3 
student 646: 19 9 7 18 4 16 14 3 12 1 11 10 13 5 15 6 2 20 17 8 
student 647: 17 10 14 15 5 7 20 8 9 1 18 3 19 12 2 11 4 16 6 13 
student 648: 15 12 17 19 16 9 5 8 7 6 14 2 18 4 20 10 1 13 11 3 
student 649: 4 1 8 17 6 19 15 3 7 20 18 9 12 5 16 2 10 14 11 13 
student 650: 12 4 14 1 16 2 5 15 19 9 20 3 6 8 11 7 18 13 10 17 
student 651: 16 19 14 15 7 6 1 11 5 10 9 17 20 12 18 3 8 2 13 4 
student 652: 17 5 3 11 13 18 4 9 19 7 16 6 20 8 2 1 10 12 15 14 
student 653: 16 8 6 19 7 3 5 1 10 11 14 9 15 13 20 4 17 12 18 2 
student 654: 9 10 2 20 13 11 14 7 15 6 18 19 4 8 16 1 5 3 17 12 
student 655: 5 12 10 18 19 17 1 7 13 2 15 8 20 9 11 3 4 14 16 6 
student 656: 13 8 12 14 17 18 11 19 16 6 20 2 15 1 3 9 10 4 7 5 
student 657: 14 5 8 7 9 13 12 2 4 11 15 18 19 6 17 3 16 1 20 10 
student 658: 19 1 15 18 8 17 16 5 11 6 13 20 2 9 7 3 12 10 4 14 
student 659: 19 13 3 8 15 18 17 9 4 11 20 14 10 2 12 5 7 16 1 6 
student 660: 13 8 10 20 5 6 2 1 4 19 16 14 17 9 15 3 18 12 11 7 
student 661: 11 5 2 18 14 16 6 4 9 8 15 10 19 17 13 1 3 20 12 7 
student 662: 9 12 1 20 14 13 15 4 19 8 17 18 3 2 16 7 5 6 11 10 
student 663: 16 18 3 12 5 20 6 10 2 15 19 8 14 7 11 17 1 9 4 13 
student 664: 13 14 10 3 18 7 11 20 16 1 12 17 4 2 19 15 5 8 9 6 
student 665: 2 9 20 8 18 16 3 10 6 1 12 19 13 11 15 4 5 7 14 17 
student 666: 13 11 2 8 20 9 1 15 16 7 14 4 19 12 10 3 17 6 18 5 
student 667: 12 14 3 13 20 18 16 8 2 11 19 15 1 4 5 7 6 10 9 17 
student 668: 16 5 19 9 14 15 20 3 11 7 13 17 12 6 18 2 4 10 8 1 
student 669: 13 14 2 15 1 12 4 7 11 10 18 16 17 5 8 19 6 3 9 20 
student 670: 4 5 1 12 9 17 19 11 20 10 16 18 7 6 15 8 3 14 13 2 
student 671: 6 3 8 12 16 15 5 19 10 9 14 11 17 1 20 13 18 7 4 2 
student 672: 7 9 20 16 19 11 2 1 13 18 17 3 15 4 5 10 12 6 8 14 
student 673: 2 7 12 19 16 17 13 15 8 4 9 18 14 6 3 10 1 11 5 20 
student 674: 16 6 2 13 12 19 17 8 10 3 5 7 20 4 14 9 1 11 18 15 
student 675: 7 1 9 10 11 19 15 16 14 5 20 4 17 2 18 13 3 12 8 6 
student 676: 12 9 18 5 20 19 14 4 7 16 6 17 15 2 13 11 8 10 3 1 
student 677: 12 7 1 20 11 4 19 16 5 9 15 3 13 17 18 2 8 6 14 10 
student 678: 18 9 7 13 15 12 16 2 8 19 17 10 11 5 4 1 6 20 14 3 
student 679: 19 13 8 7 18 15 14 12 17 1 16 5 2 3 20 11 4 9 10 6 
student 680: 5 10 1 8 7 14 2 20 3 15 6 11 19 9 17 12 18 16 4 13 
student 681: 5 11 2 7 13 1 12 4 19 14 3 16 18 6 20 8 10 15 9 17 
student 682: 20 10 11 4 9 19 8 12 14 16 15 17 18 1 7 6 2 5 13 3 
student 683: 4 6 18 16 13 7 20 10 5 17 15 12 19 8 1 9 3 11 2 14 
student 684: 8 13 15 5 9 19 11 10 18 1 6 14 20 4 16 12 3 7 17 2 
student 685: 11 2 6 20 8 15 14 9 18 5 12 1 17 16 13 7 19 4 3 10 
student 686: 11 1 10 17 2 7 12 13 15 14 20 5 19 4 16 9 3 6 18 8 
student 687: 20 4 13 9 19 8 11 1 6 3 14 18 15 17 7 12 10 2 16 5 
student 688: 9 11 8 17 16 18 19 2 6 14 20 15 5 4 10 1 13 12 3 7 
student 689: 15 8 20 13 11 10 6 2 16 4 18 5 12 19 17 1 14 3 9 7 
student 690: 2 7 15 17 12 3 6 20 10 18 11 14 13 9 16 8 19 4 1 5 
student 691: 19 7 12 18 20 16 9 5 13 3 8 11 4 10 15 2 17 14 1 6 
student 692: 9 18 4 17 5 20 15 1 16 2 11 13 6 7 8 3 19 12 14 10 
student 693: 16 3 7 17 19 6 4 13 11 14 15 9 20 10 5 1 12 8 18 2 
student 694: 13 10 3 16 18 14 17 8 12 7 20 9 5 19 15 2 11 6 1 4 
student 695: 10 1 3 7 4 2 12 11 20 18 15 13 17 6 8 9 16 5 19 14 
student 696: 9 8 3 5 11 14 10 18 15 6 17 20 16 7 19 2 13 4 1 12 
student 697: 2 13 10 14 4 18 16 5 11 1 20 9 8 12 7 3 17 19 6 15 
student 698: 14 10 2 20 1 7 3 5 12 18 13 17 19 11 16 8 15 6 9 4 
student 699: 20 3 2 7 11 13 5 1 9 10 8 14 4 6 19 12 15 18 16 17 
student 700: 13 1 5 11 14 19 3 4 9 8 15 17 18 20 2 6 12 10 16 7 
student 701: 18 6 1 20 3 17 10 2 13 8 16 14 15 7 19 5 11 4 9 12 
student 702: 15 5 4 7 12 2 11 6 1 9 16 13 8 3 18 20 10 14 19 17 
student 703: 2 12 17 4 20 13 16 3 15 6 18 19 14 7 5 9 11 10 1 8 
student 704: 11 2 9 8 5 14 16 6 17 20 13 10 7 12 15 19 4 3 18 1 
student 705: 13 2 16 7 19 11 9 17 3 6 14 1 18 20 12 4 15 10 5 8 
student 706: 7 1 3 12 16 19 9 10 5 2 11 18 14 8 13 4 17 20 6 15 
student 707: 17 7 6 3 11 20 5 15 8 2 19 12 16 10 13 9 1 4 14 18 
student 708: 12 3 8 15 13 14 10 4 20 5 18 17 9 11 19 1 7 6 16 2 
student 709: 13 3 10 6 18 19 11 9 12 5 20 8 2 16 1 15 4 14 7 17 
student 710: 18 2 1 5 15 16 19 11 17 6 14 13 4 8 10 9 7 12 20 3 
student 711: 14 5 10 16 6 17 18 2 15 19 11 13 9 4 3 8 1 20 12 7 
student 712: 4 11 5 18 9 17 1 14 8 2 20 12 16 7 19 3 10 15 13 6 
student 713: 14 2 7 4 12 11 9 8 1 19 15 17 18 5 20 13 3 6 10 16 
student 714: 17 2 3 14 7 20 18 5 16 13 19 15 12 1 9 8 10 4 6 11 
student 715: 18 6 9 13 4 20 19 3 10 14 12 1 16 5 17 2 7 8 11 15 
student 716: 11 5 7 13 19 6 14 3 18 1 10 9 15 8 17 4 12 16 20 2 
student 717: 4 2 8 16 11 18 5 9 10 17 20 19 14 7 6 1 12 15 3 13 
student 718: 2 4 10 12 7 13 15 3 11 17 20 14 18 1 16 8 5 9 19 6 
student 719: 12 1 2 16 13 19 8 9 17 14 10 3 20 6 4 5 7 15 11 18 
student 720: 5 18 4 19 2 11 8 6 17 7 20 12 14 15 13 16 1 3 10 9 
student 721: 20 6 1 10 7 16 18 5 15 19 13 12 17 2 11 8 3 14 4 9 
student 722: 18 15 1 4 5 13 17 7 10 11 12 20 16 6 14 3 9 2 8 19 
student 723: 2 9 1 12 5 14 13 10 17 6 18 8 16 11 7 4 15 19 3 20 
student 724: 11 1 2 3 6 7 16 13 12 10 17 18 19 15 20 5 4 14 8 9 
student 725: 3 10 1 16 12 2 7 14 13 9 20 4 11 8 15 18 19 6 17 5 
student 726: 15 3 2 14 12 9 7 8 10 13 18 6 20 1 11 5 17 4 19 16 
student 727: 17 1 6 10 12 18 16 14 5 2 20 19 15 3 11 13 7 4 9 8 
student 728: 15 6 2 14 4 18 1 9 5 16 17 20 12 3 8 11 19 10 7 13 
student 729: 10 17 4 19 8 2 14 16 3 13 18 20 15 1 7 12 11 6 5 9 
student 730: 7 3 9 5 6 12 19 16 15 2 20 13 11 18 10 1 14 4 8 17 
student 731: 10 7 12 9 19 15 13 11 14 6 18 4 1 8 17 2 16 20 5 3 
student 732: 12 2 1 19 10 9 11 8 7 17 15 16 4 13 14 6 3 20 18 5 
student 733: 19 9 2 14 4 18 10 11 7 13 20 3 15 6 12 1 16 8 17 5 
student 734: 12 17 13 9 7 18 15 2 6 5 19 10 16 3 8 1 11 14 4 20 
student 735: 17 8 9 5 2 15 10 4 16 1 13 19 7 14 20 6 3 12 18 11 
student 736: 14 4 7 13 8 2 5 12 3 1 15 16 19 11 18 9 6 10 20 17 
student 737: 6 8 20 9 17 11 2 3 13 10 14 7 16 4 18 12 5 1 15 19 
student 738: 11 13 10 17 14 2 12 18 9 5 19 4 8 7 16 1 15 20 6 3 
student 739: 18 4 3 1 19 20 7 10 8 17 16 14 15 6 13 9 5 2 11 12 
student 740: 13 1 5 7 11 20 10 18 19 3 2 8 16 12 14 6 9 15 4 17 
student 741: 1 2 3 12 6 11 18 13 15 17 10 20 8 4 9 5 14 16 19 7 
student 742: 12 3 4 18 11 15 14 2 8 10 16 19 17 1 7 9 5 20 13 6 
student 743: 14 3 6 12 1 16 5 7 17 8 11 18 9 13 19 15 2 20 10 4 
student 744: 11 3 16 9 2 19 12 5 20 4 13 18 15 10 14 6 17 8 1 7 
student 745: 16 14 4 17 11 20 10 3 13 9 15 2 8 6 1 5 7 18 19 12 
student 746: 12 3 11 8 20 4 10 9 19 14 18 16 15 6 17 1 7 13 2 5 
student 747: 7 2 19 6 12 5 20 4 15 13 17 16 18 10 9 1 14 11 3 8 
student 748: 2 8 5 13 7 18 9 12 14 15 3 19 16 6 17 4 20 11 1 10 
student 749: 17 1 2 11 6 13 8 10 20 9 7 4 12 3 19 16 15 5 14 18 
student 750: 17 13 10 18 14 11 9 1 2 19 3 20 6 5 8 7 16 12 4 15 
student 751: 4 14 16 20 7 9 2 8 15 18 13 10 12 3 6 1 19 11 5 17 
student 752: 18 14 6 11 19 17 15 5 8 4 10 13 16 2 1 9 3 12 20 7 
student 753: 10 14 3 1 7 16 17 15 2 11 19 4 13 9 18 6 20 5 8 12 
student 754: 5 10 1 3 8 15 11 16 2 20 6 14 12 9 18 19 4 13 7 17 
student 755: 15 6 18 14 3 20 8 2 9 16 11 5 19 1 12 13 7 10 4 17 
student 756: 2 17 11 20 6 16 19 12 15 4 10 18 5 9 14 3 1 13 8 7 
student 757: 15 13 16 19 14 7 4 10 9 6 1 20 5 8 18 2 3 17 11 12 
student 758: 17 6 1 14 4 8 12 7 16 11 18 20 10 13 9 3 5 15 19 2 
student 759: 3 8 13 15 5 14 19 4 10 20 16 9 18 1 7 2 12 6 17 11 
student 760: 3 19 10 14 13 8 7 6 18 4 15 9 11 1 12 5 20 17 2 16 
student 761: 17 8 16 10 19 15 14 7 11 18 12 6 3 9 20 1 5 13 4 2 
student 762: 17 9 1 6 16 7 13 11 10 18 3 4 14 2 20 12 8 19 15 5 
student 763: 8 6 9 15 18 1 11 4 13 7 20 3 2 17 19 5 10 14 12 16 
student 764: 10 2 11 5 18 3 19 4 16 14 8 20 17 1 9 6 12 15 13 7 
student 765: 2 6 3 11 20 19 13 1 16 10 15 18 9 12 17 7 8 14 5 4 
student 766: 15 14 20 17 1 5 18 7 10 6 13 3 19 2 16 8 11 9 4 12 
student 767: 9 8 2 10 3 19 6 13 5 12 11 20 15 14 17 4 7 16 18 1 
student 768: 20 2 1 5 19 17 4 6 8 10 16 18 7 9 15 12 11 14 13 3 
student 769: 20 9 6 15 5 10 8 7 2 16 19 17 4 11 18 14 3 12 1 13 
student 770: 6 14 16 8 10 18 9 12 2 1 20 3 17 4 13 7 19 5 11 15 
student 771: 10 5 16 7 14 4 9 15 18 3 17 20 8 11 19 2 12 13 6 1 
student 772: 12 3 1 20 10 5 4 16 8 6 14 19 11 17 18 7 2 9 13 15 
student 773: 18 3 1 11 14 8 16 13 12 9 15 5 19 4 20 6 2 17 10 7 
student 774: 13 6 1 19 11 18 5 3 20 14 15 16 17 7 8 2 12 10 4 9 
student 775: 8 5 10 12 17 15 2 4 6 9 18 19 11 16 20 1 14 7 13 3 
student 776: 8 5 3 17 14 19 18 16 9 10 13 11 20 1 6 12 2 7 15 4 
student 777: 20 18 4 11 19 15 3 6 14 8 17 10 1 2 5 12 13 7 16 9 
student 778: 16 5 4 11 18 8 12 20 1 13 9 2 17 10 15 6 7 3 19 14 
student 779: 3 4 16 10 2 11 1 12 17 6 8 20 19 13 9 5 15 7 18 14 
student 780: 7 4 17 19 2 8 14 3 12 11 16 20 13 18 10 1 9 5 6 15 
student 781: 6 4 14 18 9 12 19 20 7 8 17 3 1 2 11 10 15 5 16 13 
student 782: 7 5 1 14 12 8 16 6 11 4 15 17 20 10 13 2 3 19 18 9 
student 783: 8 2 7 12 13 16 11 6 20 5 4 18 17 10 14 9 1 15 3 19 
student 784: 1 9 2 15 5 16 6 11 10 18 13 17 20 19 4 7 8 3 14 12 
student 785: 8 5 7 4 20 6 19 1 10 14 15 11 16 13 2 3 17 9 12 18 
student 786: 4 16 1 20 14 19 2 6 18 12 8 5 7 11 10 13 3 15 9 17 
student 787: 4 5 9 12 18 19 6 8 2 7 16 13 11 15 17 1 20 10 3 14 
student 788: 9 7 13 1 6 2 17 12 19 16 20 8 18 10 14 15 11 5 3 4 
student 789: 2 9 3 20 19 7 5 6 13 10 12 17 18 1 15 16 4 11 8 14 
student 790: 8 18 9 15 14 5 7 4 13 10 11 16 20 1 17 19 2 3 6 12 
student 791: 9 1 6 20 8 12 7 2 11 13 15 17 19 3 16 4 10 18 14 5 
student 792: 3 13 8 11 7 2 4 12 10 14 19 9 20 5 6 16 1 17 18 15 
student 793: 13 15 9 16 1 4 11 5 14 12 3 7 19 17 6 8 20 18 10 2 
student 794: 17 10 14 3 7 20 6 15 16 4 5 13 19 9 18 8 11 12 1 2 
student 795: 19 4 1 5 7 20 10 13 11 6 18 17 15 9 14 12 3 2 8 16 
student 796: 2 3 5 7 6 9 8 12 4 11 19 20 15 14 18 1 17 16 13 10 
student 797: 13 8 1 15 14 17 19 20 5 9 18 4 3 7 16 10 11 12 6 2 
student 798: 11 3 1 19 6 13 8 16 18 4 12 9 20 5 17 10 2 15 14 7 
student 799: 4 5 12 16 20 14 7 3 10 1 15 17 13 6 9 18 11 8 19 2 
