student 0: 3 10 19 11 13 12 18 9 2 17 4 7 8 16 15 14 20 1 5 6 
student 1: 5 9 4 10 8 17 13 16 15 20 14 6 2 18 1 3 11 19 12 7 
student 2: 3 17 9 11 15 19 14 18 7 16 5 13 6 4 1 20 12 10 2 8 
student 3: 11 17 13 9 5 16 20 15 18 6 10 1 14 3 7 19 12 4 8 2 
student 4: 8 20 19 13 9 16 15 4 17 11 12 3 7 1 18 14 10 5 2 6 
student 5: 20 19 5 15 11 7 8 13 14 16 18 4 9 2 12 10 1 17 6 3 
student 6: 15 17 6 4 18 19 20 9 3 7 11 5 1 8 16 13 2 10 14 12 
student 7: 16 13 6 7 15 17 18 12 14 20 10 8 2 11 9 3 19 4 5 1 
student 8: 7 2 8 13 10 18 20 16 15 19 6 1 14 3 5 17 11 9 4 12 
student 9: 6 12 15 11 10 20 18 2 13 17 9 1 3 16 14 8 4 7 19 5 
student 10: 8 19 1 17 18 13 2 4 9 15 6 11 7 3 10 14 16 12 5 20 
student 11: 5 6 2 10 8 11 19 15 4 7 16 13 1 18 17 14 20 12 3 9 
student 12: 11 19 16 13 7 20 9 17 5 18 4 6 3 8 15 10 14 2 1 12 
student 13: 15 12 17 5 16 20 18 7 4 9 8 1 3 19 11 13 14 6 10 2 
student 14: 13 16 20 10 7 14 19 18 8 12 4 3 11 17 15 1 5 6 2 9 
student 15: 14 20 9 11 2 19 17 12 16 13 3 10 18 8 4 7 6 15 5 1 
student 16: 16 4 3 15 13 10 17 12 5 18 20 1 9 19 11 7 14 2 6 8 
student 17: 2 10 4 3 9 18 14 20 15 13 1 16 5 17 11 6 7 19 12 8 
student 18: 15 1 14 17 9 19 7 5 8 13 11 10 12 6 16 3 18 2 4 20 
student 19: 1 14 17 13 9 16 10 8 4 15 7 5 12 2 3 18 6 20 11 19 
student 20: 12 19 2 13 15 4 11 17 10 16 3 1 14 9 7 20 6 5 8 18 
student 21: 16 15 19 9 2 17 1 5 3 18 6 11 4 14 20 8 13 10 7 12 
student 22: 10 12 14 9 13 4 15 11 3 17 7 16 2 20 18 6 5 8 1 19 
student 23: 14 15 10 20 5 18 16 4 3 19 1 2 6 7 13 17 12 9 8 11 
student 24: 8 14 4 13 7 15 17 10 12 9 3 19 2 5 18 6 1 20 16 11 
student 25: 2 6 5 20 14 1 18 12 11 10 13 16 17 9 15 7 8 4 3 19 
student 26: 3 5 4 8 11 16 17 10 9 14 7 19 18 6 12 20 15 2 13 1 
student 27: 1 5 19 8 15 10 12 4 9 13 3 2 16 11 6 14 20 7 18 17 
student 28: 13 8 17 9 7 20 18 6 16 10 11 2 1 12 4 15 14 5 3 19 
student 29: 16 18 10 3 4 5 20 12 2 6 14 7 8 9 15 11 19 17 1 13 
student 30: 14 5 11 17 12 20 19 7 15 6 3 9 1 4 16 13 10 2 8 18 
student 31: 10 20 18 7 8 9 11 12 16 17 2 1 3 14 6 15 4 5 13 19 
student 32: 7 15 9 6 4 13 17 12 20 14 10 8 1 11 18 5 2 19 3 16 
student 33: 3 6 10 15 18 11 16 1 7 19 8 4 13 9 12 14 20 5 2 17 
student 34: 14 20 8 7 11 13 3 6 12 18 10 2 19 4 16 1 17 15 5 9 
student 35: 13 20 5 15 2 9 10 8 12 19 16 3 11 17 1 7 4 6 18 14 
student 36: 3 11 12 8 13 16 6 7 19 5 2 4 14 17 18 10 15 20 1 9 
student 37: 6 18 17 19 14 20 15 11 7 13 10 9 8 2 4 3 5 12 1 16 
student 38: 11 17 8 20 13 19 18 14 5 16 4 7 1 10 2 3 15 12 6 9 
student 39: 11 14 19 8 1 18 20 15 12 17 6 3 9 2 7 13 16 4 5 10 
student 40: 3 11 6 20 15 1 18 5 16 8 13 9 14 4 19 10 12 2 7 17 
student 41: 2 18 6 17 16 8 5 4 9 13 11 19 14 7 12 20 3 1 10 15 
student 42: 4 3 16 5 17 19 20 1 18 9 11 14 8 12 7 13 15 2 6 10 
student 43: 6 9 16 8 4 15 17 14 10 12 7 11 5 1 19 13 18 3 2 20 
student 44: 12 5 16 15 1 13 11 18 9 6 7 17 2 3 20 14 8 10 19 4 
student 45: 1 3 11 17 9 19 20 8 7 18 10 2 4 6 15 14 12 5 13 16 
student 46: 4 2 5 13 18 15 14 8 12 17 11 7 1 3 9 16 19 6 20 10 
student 47: 12 15 6 14 8 17 7 11 3 9 20 2 4 16 18 1 19 5 13 10 
student 48: 14 19 6 16 15 7 13 4 18 11 10 3 17 1 8 5 2 12 9 20 
student 49: 16 2 20 15 7 12 11 9 3 10 19 4 1 5 18 13 8 14 6 17 
student 50: 4 17 8 3 16 11 1 14 15 20 2 12 7 5 18 6 13 9 19 10 
student 51: 8 9 2 13 16 19 3 1 5 7 18 14 20 11 15 4 12 6 17 10 
student 52: 3 12 17 16 11 20 15 9 18 10 6 5 4 13 19 8 14 2 7 1 
student 53: 7 20 14 9 8 13 17 5 11 18 10 16 2 6 1 15 19 4 3 12 
student 54: 3 18 11 17 8 20 12 13 6 19 7 14 4 5 9 16 1 2 10 15 
student 55: 13 15 2 14 9 17 6 19 7 8 4 16 5 12 18 1 11 10 20 3 
student 56: 15 2 16 18 4 12 3 10 14 7 6 17 9 13 5 11 8 20 1 19 
student 57: 8 17 14 13 11 12 20 4 19 3 1 9 7 2 5 15 16 10 6 18 
student 58: 10 20 11 7 12 17 13 16 3 9 4 18 6 8 1 19 14 5 2 15 
student 59: 19 5 15 10 8 9 16 7 17 1 13 3 20 6 18 11 2 14 4 12 
student 60: 11 14 1 20 8 7 13 12 4 16 3 6 5 2 19 18 10 17 9 15 
student 61: 15 3 19 16 17 9 6 7 13 20 1 14 12 4 8 18 2 5 10 11 
student 62: 10 9 2 18 14 3 19 6 4 15 11 13 1 7 20 17 8 16 5 12 
student 63: 8 5 14 11 4 10 9 20 3 13 7 1 6 12 19 17 16 18 2 15 
student 64: 7 19 4 20 18 12 17 16 15 1 5 10 6 3 14 8 11 9 2 13 
student 65: 8 14 12 6 17 19 16 7 11 13 18 1 20 5 15 9 3 4 10 2 
student 66: 9 5 14 15 20 2 18 17 7 19 13 6 11 1 8 10 12 3 16 4 
student 67: 8 3 6 12 19 5 16 7 13 9 11 2 14 20 17 18 10 15 1 4 
student 68: 14 3 7 15 6 10 17 8 1 20 5 18 2 4 13 11 9 16 12 19 
student 69: 4 18 7 16 9 11 20 17 15 19 1 6 10 2 5 14 12 8 3 13 
student 70: 1 8 10 18 16 15 20 17 5 14 4 9 3 7 12 13 6 11 2 19 
student 71: 1 13 15 18 20 5 8 11 12 4 14 6 3 10 16 2 7 19 9 17 
student 72: 19 16 12 9 6 14 18 20 5 17 2 11 10 8 15 7 4 3 1 13 
student 73: 13 10 3 6 18 17 12 19 15 5 1 4 7 2 20 11 14 9 8 16 
student 74: 8 4 15 9 7 20 18 14 3 5 11 10 2 13 17 19 12 6 1 16 
student 75: 9 13 18 5 6 4 20 2 11 7 10 17 3 15 19 14 16 8 1 12 
student 76: 14 17 18 16 9 11 6 4 19 20 7 12 2 15 1 5 10 3 8 13 
student 77: 1 20 3 9 2 19 17 13 8 14 5 11 4 6 18 12 7 15 10 16 
student 78: 3 2 4 12 5 16 18 20 6 19 14 1 13 15 11 17 8 7 9 10 
student 79: 13 2 10 7 5 18 12 3 4 17 9 14 16 1 15 19 6 8 11 20 
student 80: 13 3 19 18 17 20 11 6 5 12 15 16 4 9 8 10 7 1 2 14 
student 81: 13 12 9 17 4 19 7 2 11 20 1 3 8 5 18 16 10 6 14 15 
student 82: 5 18 6 19 15 9 10 14 4 16 12 2 3 7 13 1 20 17 11 8 
student 83: 5 16 11 17 10 6 18 15 3 19 13 9 7 2 14 12 1 20 8 4 
student 84: 4 5 7 17 15 13 6 11 16 12 9 1 2 3 20 18 14 10 8 19 
student 85: 17 11 13 10 15 14 16 8 9 18 5 7 2 3 4 1 19 6 12 20 
student 86: 9 8 7 4 11 5 14 6 2 20 15 1 17 10 12 13 18 3 16 19 
student 87: 15 19 5 7 14 20 3 18 10 12 1 2 6 16 17 13 9 11 8 4 
student 88: 9 19 14 18 7 2 20 13 11 16 8 6 3 10 12 17 4 1 5 15 
student 89: 7 13 14 15 3 9 18 17 12 20 1 4 5 11 2 16 19 8 6 10 
student 90: 3 18 6 7 5 12 14 19 9 20 11 17 1 13 10 16 8 2 15 4 
student 91: 5 18 9 4 6 11 14 20 19 8 1 10 7 13 17 16 15 2 3 12 
student 92: 5 16 19 12 9 7 3 4 1 13 8 6 10 2 15 20 14 18 11 17 
student 93: 13 17 14 5 8 2 15 1 6 18 10 3 4 16 20 12 11 7 9 19 
student 94: 18 10 6 2 12 14 7 9 11 19 16 8 3 13 1 17 5 15 4 20 
student 95: 5 13 15 16 11 7 18 3 4 9 1 17 12 14 8 6 19 2 10 20 
student 96: 4 3 7 19 6 11 20 12 10 15 8 1 2 18 16 13 5 14 9 17 
student 97: 18 20 8 12 1 14 16 6 10 19 11 2 7 15 13 4 9 17 3 5 
student 98: 9 3 18 12 17 13 20 10 14 19 4 2 1 5 15 8 11 6 7 16 
student 99: 4 16 10 11 7 20 12 19 15 5 6 14 13 2 17 9 3 18 1 8 
student 100: 16 9 2 11 17 4 19 15 3 20 14 5 7 13 10 18 12 6 1 8 
student 101: 12 4 10 5 9 16 11 8 13 19 7 3 1 14 15 17 20 2 6 18 
student 102: 14 18 7 11 13 2 19 3 16 12 6 5 8 17 1 20 10 4 9 15 
student 103: 15 3 6 17 12 16 9 8 14 19 4 5 18 10 7 11 20 1 2 13 
student 104: 12 10 4 19 8 11 1 6 14 20 3 13 7 9 15 18 16 5 2 17 
student 105: 6 7 19 16 2 1 18 15 3 20 4 10 17 5 14 11 8 13 9 12 
student 106: 3 4 16 19 12 11 8 6 5 17 18 1 7 15 20 14 9 13 2 10 
student 107: 4 11 13 15 10 18 19 8 7 16 17 12 5 14 9 2 20 1 3 6 
student 108: 15 10 4 6 18 13 17 11 12 14 2 1 7 5 19 3 20 16 8 9 
student 109: 4 20 9 10 7 18 19 12 17 16 8 15 2 11 14 13 5 6 3 1 
student 110: 7 12 2 16 18 17 5 8 3 20 11 9 14 15 19 13 1 4 6 10 
student 111: 17 7 20 10 19 3 18 1 2 11 8 5 16 4 12 6 14 15 9 13 
student 112: 10 18 16 6 9 20 3 5 14 13 4 11 2 1 12 15 17 8 7 19 
student 113: 12 19 5 10 1 15 16 6 11 13 7 20 2 8 9 17 14 4 3 18 
student 114: 18 3 12 13 20 4 10 6 8 17 7 11 9 1 19 16 2 5 14 15 
student 115: 10 4 7 18 20 15 12 19 8 16 6 14 2 1 17 11 5 13 9 3 
student 116: 8 9 6 18 10 20 5 13 7 17 3 19 2 14 11 15 4 1 12 16 
student 117: 14 19 17 20 9 7 12 5 8 18 1 6 13 4 2 10 3 15 11 16 
student 118: 13 9 2 12 1 19 7 10 16 3 8 4 20 11 15 5 14 6 17 18 
student 119: 14 6 10 1 8 7 15 16 5 17 4 13 2 20 9 19 11 12 3 18 
student 120: 9 14 4 17 12 19 5 11 3 20 7 10 13 1 15 16 18 8 6 2 
student 121: 11 18 16 15 19 14 9 2 10 17 4 1 6 7 20 5 13 8 12 3 
student 122: 14 19 16 15 2 17 10 11 4 9 1 6 18 20 12 13 7 8 5 3 
student 123: 14 16 17 18 1 13 7 5 6 11 2 10 20 8 15 19 4 12 9 3 
student 124: 7 14 8 16 13 9 15 2 6 20 19 11 3 1 17 5 18 12 10 4 
student 125: 16 9 10 5 18 20 4 17 8 11 3 14 13 7 12 6 15 1 2 19 
student 126: 16 7 3 15 10 17 18 12 14 11 1 9 13 4 20 19 6 2 5 8 
student 127: 11 20 13 16 1 12 19 10 7 15 17 14 4 5 18 8 6 9 2 3 
student 128: 7 8 11 16 9 20 10 14 19 18 4 3 5 1 15 12 13 6 2 17 
student 129: 2 11 5 13 7 17 15 16 4 20 10 3 6 9 19 8 1 18 14 12 
student 130: 18 16 14 11 17 15 19 3 12 9 1 10 7 4 8 6 20 13 2 5 
student 131: 5 12 1 7 9 14 18 19 6 11 13 3 2 20 15 10 16 4 17 8 
student 132: 6 3 5 11 2 18 16 10 13 14 7 8 12 1 4 15 9 20 19 17 
student 133: 20 7 11 16 10 13 17 15 1 9 5 19 8 14 4 3 18 6 2 12 
student 134: 14 16 6 5 8 18 13 15 7 19 2 4 9 20 10 3 11 17 1 12 
student 135: 4 7 20 13 2 19 17 12 10 6 8 11 5 3 1 15 9 18 16 14 
student 136: 20 6 9 18 14 4 2 16 19 3 11 8 10 15 17 5 12 7 1 13 
student 137: 14 19 17 4 20 3 12 7 1 16 10 11 2 5 18 13 6 8 9 15 
student 138: 1 17 8 18 13 15 3 2 19 20 6 5 10 9 11 12 16 7 4 14 
student 139: 8 6 1 16 15 18 20 10 12 19 3 4 14 2 5 9 17 13 7 11 
student 140: 12 7 9 6 20 14 19 2 8 17 5 10 15 3 11 4 13 1 16 18 
student 141: 3 20 8 19 17 15 14 12 2 7 4 13 1 18 16 10 9 6 11 5 
student 142: 10 1 8 9 3 15 13 16 11 17 7 5 12 18 20 14 2 19 6 4 
student 143: 19 10 5 20 11 15 7 13 3 16 6 2 8 18 9 1 4 14 17 12 
student 144: 13 9 10 18 4 3 16 1 15 12 8 7 11 14 19 17 6 5 20 2 
student 145: 7 6 19 17 4 15 13 9 14 16 10 11 2 3 12 18 20 8 1 5 
student 146: 11 15 9 18 16 17 19 6 20 3 2 14 7 8 13 10 1 5 4 12 
student 147: 1 11 7 17 10 5 4 18 19 16 12 14 6 2 13 20 9 15 3 8 
student 148: 9 14 3 8 18 19 6 17 4 20 7 10 11 5 16 15 2 1 13 12 
student 149: 14 1 15 18 5 2 19 9 12 4 11 10 13 7 17 20 6 3 8 16 
student 150: 7 15 18 13 10 5 1 8 14 17 3 6 20 2 16 19 4 9 11 12 
student 151: 6 17 12 14 2 18 20 3 1 4 13 19 8 7 16 11 5 15 10 9 
student 152: 9 15 7 17 13 18 16 11 10 3 2 4 1 12 20 5 19 8 6 14 
student 153: 3 8 17 13 14 5 10 18 20 16 11 12 19 6 4 2 7 9 15 1 
student 154: 11 19 8 14 18 20 17 15 12 5 3 1 2 7 16 13 6 9 4 10 
student 155: 16 9 15 13 4 17 12 20 18 11 3 6 1 19 7 10 5 2 8 14 
student 156: 2 18 1 11 3 16 6 5 12 19 7 4 8 15 13 10 17 9 14 20 
student 157: 14 7 9 17 13 19 4 11 5 18 8 20 1 2 15 10 16 12 3 6 
student 158: 11 14 12 18 19 8 6 3 7 13 4 1 17 20 16 10 9 5 15 2 
student 159: 4 16 11 19 10 12 15 7 2 9 17 8 6 3 14 18 5 13 20 1 
student 160: 20 11 14 9 18 13 12 8 2 16 4 10 1 3 5 7 6 19 15 17 
student 161: 8 6 3 17 2 20 16 18 19 14 7 4 5 1 9 12 13 11 10 15 
student 162: 10 4 5 3 11 12 20 14 1 8 13 6 9 18 19 15 2 17 7 16 
student 163: 17 4 15 8 7 6 18 20 13 10 2 9 11 5 19 3 1 16 12 14 
student 164: 8 9 17 10 15 11 5 13 2 20 6 7 1 3 14 19 16 18 4 12 
student 165: 10 17 8 18 12 5 16 2 9 15 3 7 1 6 14 20 19 11 4 13 
student 166: 9 16 12 3 5 14 11 19 18 17 2 20 6 4 1 15 13 10 7 8 
student 167: 7 10 17 14 4 9 20 13 12 11 6 1 8 3 5 19 16 15 2 18 
student 168: 18 16 14 10 7 8 12 19 3 15 6 17 1 4 20 9 13 2 11 5 
student 169: 8 16 1 17 9 6 3 14 19 5 2 4 11 12 7 15 13 20 10 18 
student 170: 3 12 14 1 5 8 16 19 11 13 2 10 7 15 4 9 18 17 6 20 
student 171: 6 19 20 5 2 1 11 16 13 9 12 17 7 8 15 3 14 10 4 18 
student 172: 5 19 20 7 3 14 17 13 12 15 6 16 1 11 4 10 2 8 18 9 
student 173: 1 19 11 13 7 8 17 15 2 14 6 10 4 9 20 12 5 3 18 16 
student 174: 15 14 5 18 4 17 9 13 7 10 20 2 11 1 19 3 16 8 6 12 
student 175: 14 12 11 9 17 16 10 7 20 5 2 1 4 13 18 19 8 15 3 6 
student 176: 13 16 4 10 15 1 17 7 11 19 20 8 5 9 3 14 2 12 6 18 
student 177: 14 2 10 19 3 9 5 8 1 20 11 17 4 7 16 18 13 12 15 6 
student 178: 5 9 4 14 15 20 10 18 2 17 8 12 3 7 11 19 16 1 13 6 
student 179: 3 9 2 20 14 10 18 13 6 19 7 16 1 4 17 11 12 8 5 15 
student 180: 16 17 14 12 7 20 4 6 5 13 11 10 19 18 9 2 15 1 3 8 
student 181: 16 11 12 15 2 14 20 18 17 19 7 5 13 4 10 8 1 3 6 9 
student 182: 9 20 18 11 3 17 19 2 12 15 8 16 13 10 6 14 4 1 5 7 
student 183: 5 17 8 20 15 9 7 14 11 12 4 10 18 3 6 13 19 16 1 2 
student 184: 19 8 6 12 4 15 13 14 7 9 1 10 18 17 16 11 3 2 5 20 
student 185: 1 8 15 19 16 13 20 9 2 4 7 5 6 14 3 10 18 11 12 17 
student 186: 10 8 2 15 14 18 12 20 7 19 9 17 5 3 4 6 16 1 13 11 
student 187: 15 11 6 8 18 16 20 14 10 13 5 2 12 3 4 9 19 7 1 17 
student 188: 1 19 3 17 6 15 10 8 7 14 12 9 2 18 13 5 4 20 11 16 
student 189: 14 10 1 6 18 17 16 9 11 13 2 4 12 20 8 15 19 3 5 7 
student 190: 9 13 15 10 11 18 14 16 6 20 4 2 8 1 17 19 7 3 12 5 
student 191: 4 6 1 2 10 8 19 3 17 16 12 14 18 11 15 9 13 7 5 20 
student 192: 17 18 16 14 4 19 13 10 15 8 12 2 6 5 11 3 9 7 1 20 
student 193: 14 8 10 19 16 11 7 17 15 4 2 13 12 20 1 6 5 9 3 18 
student 194: 9 6 8 16 7 18 20 17 4 3 11 2 1 10 13 12 14 19 15 5 
student 195: 11 15 6 12 4 20 3 17 16 14 10 8 19 1 13 9 7 18 5 2 
student 196: 14 11 9 8 15 12 16 4 10 13 2 19 17 3 20 6 18 5 1 7 
student 197: 15 2 9 16 14 13 20 11 1 18 5 10 4 12 17 19 3 7 6 8 
student 198: 7 18 20 15 11 19 16 5 12 14 6 8 4 3 9 17 13 10 1 2 
student 199: 18 19 11 20 9 14 17 7 13 15 6 2 16 3 10 12 5 4 1 8 
student 200: 10 19 12 5 20 2 16 6 13 9 8 18 11 1 3 17 4 15 7 14 
student 201: 3 17 9 19 6 12 14 5 1 8 10 7 18 2 20 15 13 4 11 16 
student 202: 13 18 1 15 12 3 19 16 2 4 6 14 5 10 8 11 7 17 9 20 
student 203: 16 17 13 14 5 12 19 15 1 18 7 3 2 4 9 20 8 11 6 10 
student 204: 8 19 5 16 12 14 17 7 15 20 6 18 2 9 11 13 4 3 10 1 
student 205: 10 17 16 5 6 15 20 1 4 13 9 7 12 14 19 8 11 2 3 18 
student 206: 11 19 12 14 6 15 17 16 5 18 1 3 2 8 4 20 10 7 13 9 
student 207: 13 16 9 8 6 14 10 18 1 17 7 4 11 3 5 2 20 12 15 19 
student 208: 11 16 19 5 12 20 15 4 9 17 14 1 7 3 18 13 2 6 10 8 
student 209: 11 19 10 9 4 6 17 12 14 18 1 20 7 8 5 15 13 2 16 3 
student 210: 6 8 1 16 9 11 13 15 4 10 2 7 18 14 19 12 5 3 17 20 
student 211: 4 17 7 20 5 12 18 3 9 15 14 10 19 2 6 8 11 1 16 13 
student 212: 3 15 4 10 9 19 12 16 5 2 8 7 1 6 20 11 13 18 17 14 
student 213: 16 12 5 14 13 7 4 10 19 9 1 18 20 3 11 6 2 17 8 15 
student 214: 13 12 15 20 14 17 16 11 6 19 3 7 5 2 10 4 9 1 8 18 
student 215: 4 17 13 15 16 3 11 10 7 20 19 5 14 6 18 8 9 2 12 1 
student 216: 2 3 8 16 18 20 19 5 14 12 4 6 10 9 17 15 1 13 7 11 
student 217: 9 7 5 16 1 18 19 11 20 17 4 13 3 10 2 14 8 6 12 15 
student 218: 8 14 9 17 1 3 4 20 2 16 7 6 11 10 5 19 15 12 13 18 
student 219: 8 3 9 13 19 11 17 12 5 14 4 16 2 10 6 20 7 15 1 18 
student 220: 14 17 15 19 6 11 9 10 7 2 13 16 12 1 18 20 8 4 5 3 
student 221: 3 16 11 18 1 20 17 4 10 14 12 9 2 6 13 15 5 19 7 8 
student 222: 3 17 2 19 13 12 20 10 8 11 5 16 6 15 18 14 1 4 9 7 
student 223: 4 15 11 19 8 18 20 10 7 3 17 5 6 1 12 9 13 14 2 16 
student 224: 13 9 8 12 10 18 6 16 1 17 11 5 14 7 19 4 3 15 2 20 
student 225: 13 11 19 7 2 20 4 16 5 18 1 15 3 8 14 10 17 12 9 6 
student 226: 18 4 7 15 11 12 9 20 1 14 8 5 10 2 17 19 3 6 16 13 
student 227: 13 20 12 15 3 4 18 14 7 6 9 1 17 2 11 16 8 19 5 10 
student 228: 16 9 11 7 5 10 15 6 4 12 1 13 17 19 14 18 2 20 3 8 
student 229: 14 20 1 17 15 18 16 13 7 12 4 8 3 6 10 19 11 9 2 5 
student 230: 11 9 5 7 20 18 8 17 10 12 1 3 16 2 6 4 19 15 13 14 
student 231: 6 19 5 4 2 16 11 14 18 12 3 15 1 10 17 13 8 20 7 9 
student 232: 18 3 4 14 11 1 13 9 10 12 8 2 7 6 20 17 15 16 5 19 
student 233: 1 20 2 19 10 16 15 5 7 17 11 18 14 4 13 6 12 8 3 9 
student 234: 16 1 11 18 15 5 20 10 7 19 2 4 17 14 8 13 9 3 6 12 
student 235: 18 5 2 8 7 14 12 15 6 3 4 1 17 13 19 9 20 11 16 10 
student 236: 14 15 5 8 3 16 10 18 9 17 12 6 2 4 1 13 11 19 7 20 
student 237: 6 20 10 16 1 19 5 12 11 18 3 8 7 13 17 15 4 9 14 2 
student 238: 11 19 2 13 6 1 4 17 14 18 9 3 5 7 15 20 16 8 10 12 
student 239: 17 4 13 16 2 20 15 12 7 14 8 6 1 10 11 9 18 5 3 19 
student 240: 7 10 15 12 2 11 5 8 6 18 1 9 4 3 20 19 17 16 14 13 
student 241: 5 14 2 1 6 16 18 13 4 19 15 3 20 12 17 11 9 8 10 7 
student 242: 8 12 5 9 18 13 15 17 11 20 4 3 7 2 16 19 6 14 1 10 
student 243: 15 5 1 17 10 19 14 7 16 18 13 20 12 8 11 6 9 3 2 4 
student 244: 13 8 18 2 5 15 1 14 6 20 7 12 9 16 19 10 3 4 17 11 
student 245: 4 6 9 11 14 20 19 1 13 8 7 17 2 18 15 12 16 3 5 10 
student 246: 6 10 4 11 20 16 8 12 17 19 15 2 7 1 13 14 18 3 5 9 
student 247: 13 12 17 16 2 18 9 15 8 14 3 4 1 5 10 20 11 6 19 7 
student 248: 9 4 5 2 13 20 18 15 16 14 10 12 19 3 11 17 7 1 8 6 
student 249: 4 12 11 15 2 9 8 6 1 18 7 17 14 20 19 10 13 16 3 5 
student 250: 3 8 6 14 4 15 16 20 18 7 13 5 11 9 12 2 17 1 10 19 
student 251: 3 15 17 13 1 18 19 4 7 11 2 6 5 12 10 9 14 20 8 16 
student 252: 18 15 10 11 13 6 5 16 9 4 2 1 12 3 17 19 14 7 8 20 
student 253: 16 9 11 20 12 14 10 18 6 19 8 7 3 15 17 13 4 2 1 5 
student 254: 14 20 13 2 6 19 15 7 10 9 1 12 3 5 16 8 17 11 4 18 
student 255: 8 16 2 13 1 20 12 10 19 18 9 4 5 11 15 7 6 3 14 17 
student 256: 10 4 6 18 16 14 19 5 15 1 17 2 9 11 8 3 13 20 12 7 
student 257: 18 11 10 17 14 15 13 19 5 8 3 20 16 9 6 1 4 7 2 12 
student 258: 16 5 13 19 15 14 8 11 4 17 2 7 3 9 18 20 12 1 6 10 
student 259: 3 11 6 14 7 17 16 13 10 12 4 18 9 1 20 19 15 8 2 5 
student 260: 15 10 1 4 8 17 18 19 13 12 5 6 2 7 9 14 16 20 11 3 
student 261: 5 14 1 15 11 6 17 13 4 20 10 12 7 18 16 19 2 3 9 8 
student 262: 6 3 7 15 10 18 20 8 14 17 19 2 11 1 16 9 4 13 5 12 
student 263: 6 19 11 16 2 9 15 10 20 4 13 8 14 18 3 1 12 7 5 17 
student 264: 14 17 13 4 10 18 15 1 5 11 8 7 2 6 3 9 20 19 12 16 
student 265: 7 5 19 18 2 1 17 13 15 14 12 3 8 9 16 20 10 11 6 4 
student 266: 7 11 4 9 19 17 14 12 15 18 3 16 8 6 5 20 1 13 2 10 
student 267: 2 6 8 14 12 13 19 18 7 17 9 10 3 1 4 20 11 15 5 16 
student 268: 9 3 12 20 17 19 16 11 2 18 4 15 10 1 5 14 8 6 7 13 
student 269: 3 7 9 20 16 14 13 19 6 4 8 12 17 18 15 11 2 10 1 5 
student 270: 7 17 16 20 14 9 10 19 5 18 11 4 6 2 13 12 8 1 3 15 
student 271: 5 2 7 16 10 20 3 6 17 18 8 19 12 1 15 13 14 11 4 9 
student 272: 8 17 9 13 19 20 1 4 11 15 2 10 18 12 16 3 14 5 6 7 
student 273: 9 10 4 3 15 16 14 11 6 17 7 19 18 1 12 8 20 2 5 13 
student 274: 9 8 12 19 4 7 10 18 3 16 11 13 15 6 17 2 14 20 5 1 
student 275: 8 11 16 6 9 12 20 10 15 17 3 7 1 14 13 2 4 19 5 18 
student 276: 15 3 20 10 11 12 19 13 6 17 1 8 2 5 9 18 7 14 4 16 
student 277: 7 20 15 8 2 9 14 19 4 18 6 11 1 12 16 10 17 13 3 5 
student 278: 2 7 6 19 10 20 9 1 16 13 17 8 4 5 18 14 15 12 3 11 
student 279: 15 16 12 6 5 17 19 1 20 8 11 2 13 3 10 14 7 4 18 9 
student 280: 1 14 9 15 10 19 8 6 12 16 3 18 20 5 17 11 7 4 2 13 
student 281: 19 6 15 13 5 18 11 2 8 17 1 20 9 10 16 14 12 4 3 7 
student 282: 6 11 9 7 15 16 17 4 1 19 8 10 18 14 5 3 20 12 2 13 
student 283: 13 3 14 8 4 20 19 15 2 17 18 9 5 1 12 10 11 6 7 16 
student 284: 2 14 17 18 20 9 5 15 10 19 11 3 8 6 13 4 12 16 1 7 
student 285: 9 7 17 20 13 2 19 15 14 16 6 11 10 8 12 18 4 5 3 1 
student 286: 15 18 11 9 14 19 17 6 4 20 5 12 1 16 10 13 2 7 3 8 
student 287: 13 14 20 19 17 1 18 9 8 12 3 5 6 2 11 15 7 10 4 16 
student 288: 3 16 14 13 12 17 8 5 4 18 7 1 15 2 11 19 9 6 10 20 
student 289: 7 16 9 11 14 18 5 3 10 19 13 8 20 6 2 15 17 1 4 12 
student 290: 7 13 10 16 1 12 19 11 15 20 2 8 9 17 14 18 3 4 6 5 
student 291: 9 10 12 18 5 20 8 19 16 6 11 4 7 1 14 15 17 3 13 2 
student 292: 13 11 12 14 5 20 17 3 6 8 18 15 7 4 19 10 1 2 16 9 
student 293: 12 9 10 16 20 19 4 6 3 11 17 8 2 14 15 18 5 13 7 1 
student 294: 19 15 11 20 16 2 13 8 14 5 3 10 4 9 6 18 17 12 7 1 
student 295: 5 11 10 15 14 19 17 16 6 18 3 9 12 1 13 8 20 4 2 7 
student 296: 8 6 20 3 15 19 12 4 10 17 13 9 11 7 2 5 16 14 1 18 
student 297: 5 20 7 12 15 11 14 10 6 16 9 4 2 8 17 13 18 3 1 19 
student 298: 20 19 18 17 4 1 6 8 9 13 2 11 14 16 15 12 10 5 3 7 
student 299: 10 18 1 9 13 11 8 14 4 20 7 5 6 3 12 19 15 16 2 17 
student 300: 11 2 5 7 14 15 8 16 10 6 4 17 12 3 1 13 20 18 9 19 
student 301: 3 19 6 17 16 14 11 4 13 18 8 15 12 2 5 20 1 7 10 9 
student 302: 16 17 1 11 19 4 13 9 7 15 8 10 6 20 2 12 14 18 5 3 
student 303: 11 7 18 20 5 13 8 15 14 16 12 17 4 3 19 6 9 2 10 1 
student 304: 4 19 12 3 18 14 17 20 5 13 1 11 10 9 6 7 16 2 15 8 
student 305: 17 3 11 6 12 16 15 5 4 20 9 1 10 14 18 2 19 7 8 13 
student 306: 4 3 7 9 16 18 15 20 5 2 10 14 1 11 6 19 17 13 8 12 
student 307: 20 9 18 8 10 12 16 4 6 13 7 1 14 2 17 11 15 3 5 19 
student 308: 9 10 8 20 2 13 14 15 3 18 4 7 17 16 19 12 6 1 5 11 
student 309: 5 19 9 13 14 16 15 6 20 3 12 4 17 8 18 10 1 11 7 2 
student 310: 19 14 13 16 7 20 18 8 9 10 4 12 5 1 17 6 15 2 3 11 
student 311: 13 17 14 2 11 12 15 10 18 19 9 5 6 8 3 1 16 4 7 20 
student 312: 20 2 8 13 4 17 18 9 5 19 15 14 3 1 16 10 6 11 7 12 
student 313: 15 3 7 10 5 9 19 12 16 20 8 6 1 4 14 13 2 11 18 17 
student 314: 7 19 2 10 8 14 9 12 15 6 4 3 17 18 13 16 20 11 1 5 
student 315: 9 4 16 18 2 5 19 3 8 11 17 20 12 13 6 7 14 10 15 1 
student 316: 11 16 18 12 10 5 17 20 9 14 4 13 1 7 3 15 19 2 6 8 
student 317: 12 7 1 10 4 18 19 6 5 17 3 13 9 14 11 8 20 15 2 16 
student 318: 3 8 1 20 17 16 13 2 15 19 11 6 4 5 12 14 7 9 10 18 
student 319: 9 15 12 18 10 11 20 17 5 2 1 8 4 19 14 7 16 6 3 13 
student 320: 1 7 16 19 13 10 9 15 2 11 4 17 5 8 12 14 20 18 3 6 
student 321: 7 5 9 8 18 14 19 16 11 4 2 13 1 6 12 20 10 15 3 17 
student 322: 6 19 1 16 17 14 12 11 10 18 9 7 20 2 5 13 4 3 8 15 
student 323: 5 20 8 15 19 17 11 12 10 2 3 7 4 6 18 13 14 16 1 9 
student 324: 14 11 13 16 5 12 4 17 3 15 20 19 7 18 8 9 6 1 2 10 
student 325: 11 9 4 5 17 16 6 20 12 3 13 15 14 8 7 1 19 2 10 18 
student 326: 2 16 10 17 14 12 5 7 19 11 6 4 15 8 18 13 20 3 1 9 
student 327: 18 20 16 17 5 19 4 7 1 15 11 14 12 3 9 2 8 10 13 6 
student 328: 6 18 14 17 4 20 19 1 12 9 15 3 11 10 7 2 13 16 8 5 
student 329: 6 3 14 10 11 20 17 15 12 16 5 7 2 18 9 19 1 8 4 13 
student 330: 2 1 8 14 17 19 7 12 15 16 3 18 11 6 20 5 9 13 4 10 
student 331: 15 16 7 10 9 4 8 13 1 19 17 14 2 3 18 20 5 6 11 12 
student 332: 7 14 2 13 16 18 17 5 19 10 11 8 15 3 9 12 6 1 4 20 
student 333: 16 19 4 11 8 12 18 10 1 9 15 17 3 13 20 7 14 5 6 2 
student 334: 11 19 3 17 4 20 7 13 12 15 9 6 18 2 14 10 16 8 1 5 
student 335: 12 1 6 13 15 18 17 19 14 20 11 8 5 16 10 4 9 2 7 3 
student 336: 16 15 20 8 19 17 9 12 6 14 2 10 13 7 4 18 5 3 1 11 
student 337: 1 17 3 11 12 15 4 13 7 18 6 16 5 9 20 19 2 8 14 10 
student 338: 2 5 11 8 19 18 17 10 13 16 12 7 4 14 9 3 6 15 1 20 
student 339: 18 14 3 7 16 13 2 4 17 15 5 12 6 9 11 10 20 8 19 1 
student 340: 2 11 5 15 3 16 7 20 12 9 6 14 18 1 13 17 19 8 4 10 
student 341: 11 15 6 8 17 16 4 9 14 18 7 10 19 2 13 12 5 3 1 20 
student 342: 20 12 19 16 1 17 18 5 15 14 11 13 4 10 7 9 3 2 8 6 
student 343: 16 14 4 20 12 17 9 5 10 11 1 15 2 7 13 19 3 6 8 18 
student 344: 5 17 20 3 15 8 12 18 13 10 1 4 14 9 19 7 16 2 6 11 
student 345: 12 18 8 16 5 19 15 2 1 17 9 6 4 10 20 14 11 3 7 13 
student 346: 10 12 15 18 5 19 20 13 9 17 3 4 14 1 11 16 8 2 6 7 
student 347: 5 17 2 3 13 18 8 19 7 10 1 4 6 11 20 14 9 15 12 16 
student 348: 3 16 19 9 13 18 17 4 5 10 1 2 12 20 11 8 14 15 7 6 
student 349: 3 10 1 14 2 18 19 15 11 20 9 7 16 8 12 17 5 13 6 4 
student 350: 11 9 15 14 7 17 19 10 12 6 18 1 4 20 16 13 8 3 2 5 
student 351: 6 7 8 13 11 9 20 12 14 5 17 4 10 15 19 16 18 2 3 1 
student 352: 10 2 9 20 7 16 11 14 18 5 15 13 1 4 6 3 17 19 12 8 
student 353: 14 19 12 11 10 17 2 5 1 9 4 6 15 8 13 7 16 3 18 20 
student 354: 15 10 19 18 8 17 20 16 6 14 5 3 7 1 12 9 13 11 2 4 
student 355: 17 7 12 4 6 18 8 3 13 15 16 19 10 2 11 20 5 1 9 14 
student 356: 10 20 1 19 9 4 18 6 13 16 11 2 17 5 12 15 14 3 7 8 
student 357: 10 20 14 9 12 3 19 11 7 17 5 1 13 6 8 4 2 18 16 15 
student 358: 3 20 15 4 5 18 17 16 1 9 2 12 7 10 8 13 19 14 6 11 
student 359: 1 2 16 15 6 4 10 18 9 19 7 17 14 8 11 20 5 13 3 12 
student 360: 12 5 1 11 20 15 16 7 17 14 3 10 2 8 13 6 4 9 18 19 
student 361: 18 19 14 11 17 8 12 6 4 5 20 15 10 1 7 9 3 16 2 13 
student 362: 11 12 3 9 13 18 10 6 20 15 17 5 1 8 19 16 7 2 4 14 
student 363: 15 4 1 9 12 18 13 3 7 6 14 20 2 5 19 10 17 8 16 11 
student 364: 2 13 17 20 10 7 14 18 11 16 9 6 1 12 19 5 15 8 4 3 
student 365: 5 15 11 7 16 17 8 14 2 18 19 1 10 12 20 4 9 6 3 13 
student 366: 18 8 3 9 4 19 7 13 2 17 11 15 14 20 6 16 5 1 10 12 
student 367: 9 13 16 20 8 10 5 18 19 17 6 3 14 11 15 4 7 1 12 2 
student 368: 13 12 7 16 6 14 10 2 11 20 1 15 17 5 19 18 3 8 9 4 
student 369: 2 10 5 16 15 20 18 17 19 9 3 12 11 13 6 8 4 1 7 14 
student 370: 15 3 6 12 8 18 11 5 9 14 2 16 7 20 13 17 10 1 4 19 
student 371: 3 9 16 17 15 19 11 6 2 20 10 7 12 4 18 13 14 5 1 8 
student 372: 10 7 6 18 9 4 16 14 19 17 1 12 2 3 15 20 8 13 5 11 
student 373: 3 18 14 6 4 5 20 16 17 15 10 2 11 1 12 19 13 9 7 8 
student 374: 1 14 15 13 8 20 16 6 2 17 9 7 10 12 18 11 19 4 3 5 
student 375: 8 2 17 9 15 20 19 13 7 4 1 12 3 5 18 6 14 11 10 16 
student 376: 5 13 3 16 20 9 18 12 15 17 6 11 1 8 14 7 4 19 2 10 
student 377: 8 9 7 16 18 19 15 5 12 17 13 2 1 4 10 14 3 20 6 11 
student 378: 13 2 3 18 8 20 17 1 5 7 10 4 9 12 14 16 19 11 6 15 
student 379: 12 15 6 7 1 11 5 8 19 17 20 13 9 4 18 14 10 16 2 3 
student 380: 7 12 13 18 6 11 17 15 20 5 2 16 1 9 8 10 14 3 4 19 
student 381: 13 10 18 5 8 15 9 6 16 19 3 2 12 1 20 7 14 4 11 17 
student 382: 9 14 11 17 3 19 16 10 8 20 6 13 4 12 5 15 7 18 1 2 
student 383: 2 20 13 16 5 11 12 19 6 8 1 3 18 7 4 10 17 14 9 15 
student 384: 20 4 18 17 3 19 7 9 2 15 8 11 12 13 14 16 6 10 5 1 
student 385: 2 3 8 16 11 13 4 20 10 18 19 6 15 1 12 9 5 7 14 17 
student 386: 5 11 10 17 9 20 13 15 6 14 4 16 19 1 18 2 8 7 12 3 
student 387: 10 1 8 19 9 14 3 11 16 13 15 5 4 2 20 17 7 18 6 12 
student 388: 2 12 20 19 11 5 18 6 9 16 3 13 10 15 8 17 7 14 1 4 
student 389: 18 11 15 19 3 13 17 1 6 10 2 4 8 20 16 14 12 5 9 7 
student 390: 13 6 10 12 9 18 14 4 16 15 20 3 2 1 7 5 19 8 11 17 
student 391: 3 18 6 8 5 12 16 7 17 20 14 11 2 10 19 13 15 1 4 9 
student 392: 14 4 11 9 6 13 19 18 1 7 2 3 16 20 5 10 8 17 15 12 
student 393: 2 3 6 19 9 17 16 20 15 14 10 18 11 13 12 5 8 1 4 7 
student 394: 14 15 20 17 3 4 7 19 16 9 2 5 1 8 18 10 11 12 6 13 
student 395: 10 5 1 12 16 7 8 17 9 19 3 20 14 15 2 11 6 13 4 18 
student 396: 15 6 4 11 13 12 16 19 5 14 3 10 8 7 9 2 18 17 1 20 
student 397: 4 15 3 18 8 11 5 16 9 20 13 7 12 10 17 19 2 6 1 14 
student 398: 8 18 14 11 19 5 15 17 12 7 2 9 4 3 20 6 16 1 10 13 
student 399: 7 16 14 10 8 15 5 11 1 17 3 2 4 20 13 6 18 12 9 19 
student 400: 5 10 7 19 9 2 18 11 4 20 12 15 6 17 16 8 3 1 14 13 
student 401: 7 10 8 9 17 3 11 12 15 19 6 1 16 2 18 5 14 13 4 20 
student 402: 1 9 14 17 20 6 19 8 13 18 3 10 2 7 15 4 16 11 5 12 
student 403: 11 4 13 9 12 15 16 18 3 20 1 2 8 6 14 19 10 7 5 17 
student 404: 13 17 16 19 3 4 14 15 20 12 7 6 5 1 18 2 10 9 11 8 
student 405: 8 7 17 18 1 12 9 10 20 16 4 14 6 19 3 11 5 15 2 13 
student 406: 2 20 6 15 18 4 13 12 10 14 9 16 3 17 5 8 7 1 11 19 
student 407: 12 18 4 2 15 11 8 3 17 19 13 1 20 14 7 10 6 5 9 16 
student 408: 6 4 20 12 11 14 7 19 15 16 1 8 5 13 17 10 2 9 3 18 
student 409: 3 7 5 6 1 8 11 12 19 2 13 4 16 10 15 18 20 17 9 14 
student 410: 5 13 10 17 1 15 18 11 12 20 7 16 4 2 6 14 3 8 9 19 
student 411: 1 3 15 7 2 16 20 14 18 8 10 9 5 11 19 4 12 17 6 13 
student 412: 11 8 7 16 1 20 17 14 4 19 3 9 6 5 13 15 18 10 2 12 
student 413: 2 14 1 4 6 12 15 9 8 19 10 13 5 3 18 17 11 20 7 16 
student 414: 15 8 3 14 4 10 12 6 5 13 2 7 1 11 20 9 18 17 16 19 
student 415: 5 8 15 17 7 20 16 14 3 10 9 11 12 1 2 19 18 4 13 6 
student 416: 6 11 7 16 2 15 17 20 10 14 9 8 4 1 19 18 13 3 12 5 
student 417: 2 11 10 12 1 20 17 13 6 14 4 16 7 18 19 15 5 8 3 9 
student 418: 12 18 16 13 9 10 7 20 8 2 3 4 15 1 17 11 14 6 5 19 
student 419: 2 8 10 13 12 14 20 15 6 16 5 3 11 1 19 18 17 7 9 4 
student 420: 8 16 10 14 20 9 13 11 1 12 3 17 7 6 19 18 15 4 5 2 
student 421: 2 13 14 15 7 19 20 17 6 16 4 12 1 8 11 10 18 3 5 9 
student 422: 4 18 11 2 7 20 5 15 17 13 14 1 3 8 16 9 12 6 10 19 
student 423: 10 5 13 17 19 1 15 3 4 20 7 18 9 2 8 14 6 11 16 12 
student 424: 7 13 5 19 14 12 18 9 3 10 4 11 8 6 15 17 1 16 2 20 
student 425: 7 11 5 12 17 20 9 16 18 13 19 6 1 2 3 10 4 8 15 14 
student 426: 12 19 6 16 4 20 11 17 8 14 2 1 9 5 18 7 13 10 3 15 
student 427: 5 14 10 19 20 15 13 3 17 18 1 12 6 7 16 9 11 8 2 4 
student 428: 19 7 18 17 16 8 13 1 4 11 5 14 3 6 9 20 15 2 12 10 
student 429: 17 7 13 20 12 18 19 11 15 8 1 2 4 9 6 10 5 16 3 14 
student 430: 2 1 19 11 15 20 3 10 17 5 4 16 6 12 14 18 13 9 8 7 
student 431: 16 18 4 19 14 15 11 8 6 17 1 20 7 12 3 13 5 9 2 10 
student 432: 7 12 19 9 16 13 10 6 11 17 1 3 8 14 18 20 4 5 15 2 
student 433: 9 5 15 4 10 3 16 17 19 1 14 7 6 13 12 20 18 8 2 11 
student 434: 10 9 4 20 1 14 12 6 18 3 16 2 5 13 19 17 11 7 15 8 
student 435: 15 8 6 4 12 11 18 16 7 20 19 17 2 10 5 13 14 3 1 9 
student 436: 9 18 12 17 6 20 3 14 5 8 15 19 1 7 16 13 10 4 11 2 
student 437: 13 5 20 11 18 16 7 1 9 19 8 3 6 14 12 15 4 2 17 10 
student 438: 5 17 8 15 7 13 2 9 14 4 3 6 20 11 19 16 10 1 12 18 
student 439: 7 16 11 9 14 6 15 4 13 19 1 8 3 18 10 17 20 5 2 12 
student 440: 6 19 11 15 10 13 1 4 7 9 2 17 3 20 14 5 18 16 8 12 
student 441: 10 1 7 17 19 2 6 16 5 14 4 12 8 18 13 20 15 9 3 11 
student 442: 5 17 13 12 3 19 7 11 20 10 8 6 15 4 18 9 14 1 2 16 
student 443: 10 18 13 15 11 8 4 19 9 5 14 17 6 12 1 20 16 2 7 3 
student 444: 6 7 10 9 5 16 14 18 17 20 4 8 12 15 19 1 13 11 2 3 
student 445: 8 7 16 17 14 20 13 18 19 6 11 9 5 4 15 10 12 1 2 3 
student 446: 2 15 16 13 9 10 19 18 5 20 11 1 8 12 14 17 7 4 3 6 
student 447: 19 12 11 5 1 7 20 13 17 16 3 18 10 8 6 15 9 14 4 2 
student 448: 1 20 17 10 6 15 14 7 9 13 11 18 16 19 12 4 3 5 2 8 
student 449: 16 2 8 17 19 11 6 13 10 7 12 5 18 1 20 15 4 14 3 9 
student 450: 18 16 14 19 4 17 9 7 5 8 3 12 6 1 2 20 11 13 10 15 
student 451: 12 7 6 8 4 16 20 15 13 18 5 9 1 14 11 19 10 17 3 2 
student 452: 20 3 14 6 17 7 4 15 12 16 5 2 10 18 13 8 11 9 1 19 
student 453: 15 8 20 1 19 16 10 13 3 12 11 18 9 4 17 7 6 14 2 5 
student 454: 10 15 16 14 4 17 12 8 1 5 18 13 3 11 7 9 6 2 19 20 
student 455: 9 20 1 10 17 3 19 15 18 16 8 7 4 6 12 11 13 5 2 14 
student 456: 8 18 10 19 4 5 20 6 2 1 14 3 11 17 15 16 13 12 9 7 
student 457: 14 12 18 20 13 10 4 3 7 17 5 6 1 15 16 8 2 11 9 19 
student 458: 19 17 2 13 7 20 18 8 3 12 4 10 14 16 5 9 15 11 6 1 
student 459: 5 7 15 20 13 11 12 2 6 18 14 9 1 8 19 17 16 10 4 3 
student 460: 18 9 7 13 8 20 19 17 4 3 11 6 5 1 16 14 10 2 12 15 
student 461: 9 19 7 10 16 20 12 18 13 1 15 3 4 17 5 11 6 8 2 14 
student 462: 11 12 10 13 3 16 1 8 4 19 6 18 5 17 15 2 14 20 7 9 
student 463: 7 13 20 10 17 2 14 19 6 15 4 5 9 8 1 11 18 16 12 3 
student 464: 6 10 20 11 19 18 16 5 2 9 1 4 15 14 13 17 7 12 3 8 
student 465: 4 5 16 7 20 9 17 15 1 18 14 8 6 10 2 13 19 3 11 12 
student 466: 8 9 6 19 17 20 18 15 3 14 5 7 12 13 11 16 1 4 2 10 
student 467: 13 16 7 6 1 10 9 20 15 18 5 3 2 19 8 12 14 17 11 4 
student 468: 3 16 4 9 8 17 14 18 2 13 6 1 20 12 5 11 19 15 7 10 
student 469: 14 3 7 12 2 9 18 15 1 16 20 19 5 8 17 11 6 10 4 13 
student 470: 6 14 8 11 3 18 20 12 19 16 4 17 1 9 15 10 13 7 5 2 
student 471: 9 20 15 18 12 16 2 7 8 14 5 4 6 3 19 17 11 10 1 13 
student 472: 4 13 14 8 10 17 9 16 19 20 7 2 5 12 15 18 6 3 11 1 
student 473: 6 9 10 12 18 16 17 5 7 1 2 8 4 3 14 19 13 11 15 20 
student 474: 3 9 7 8 18 17 4 13 14 20 12 15 1 6 11 19 5 10 16 2 
student 475: 5 2 14 6 20 18 9 8 19 16 15 1 13 4 10 7 11 3 12 17 
student 476: 15 18 17 8 9 20 6 7 11 12 5 3 16 14 1 13 10 2 4 19 
student 477: 9 17 18 20 14 10 12 11 8 19 7 5 1 4 13 3 6 2 15 16 
student 478: 10 18 20 14 6 16 15 7 11 9 12 17 5 8 2 13 19 4 3 1 
student 479: 12 19 15 10 18 1 14 8 11 9 3 17 4 6 16 20 7 2 13 5 
student 480: 16 6 10 11 4 1 14 17 9 19 5 18 13 2 15 8 7 3 12 20 
student 481: 18 7 11 16 6 15 10 17 12 4 13 9 3 1 2 14 8 5 19 20 
student 482: 7 4 1 19 12 20 14 13 16 5 10 11 6 15 17 8 9 3 18 2 
student 483: 10 19 7 6 18 20 14 3 8 11 13 17 5 16 9 2 1 12 15 4 
student 484: 5 3 2 18 10 14 12 19 8 20 6 11 13 1 15 9 17 4 7 16 
student 485: 11 8 2 20 9 15 7 10 6 14 1 17 3 12 16 13 19 5 18 4 
student 486: 18 3 12 16 6 10 19 2 8 11 5 13 7 4 17 20 9 1 14 15 
student 487: 6 4 1 2 7 18 20 10 9 13 12 14 5 11 17 16 8 15 3 19 
student 488: 16 12 13 14 5 18 20 15 11 17 8 9 7 19 3 2 1 10 4 6 
student 489: 3 10 8 19 1 16 15 14 12 17 7 4 6 5 18 13 9 20 2 11 
student 490: 11 10 14 18 3 19 20 16 8 13 1 4 6 9 5 17 7 12 2 15 
student 491: 14 10 12 19 3 20 16 5 11 9 13 17 4 2 8 6 18 7 1 15 
student 492: 16 6 14 12 20 17 10 19 1 15 9 18 7 8 13 5 4 11 3 2 
student 493: 3 10 8 19 4 15 17 9 11 16 5 1 2 18 12 14 13 20 7 6 
student 494: 5 14 18 9 1 7 20 11 12 15 2 6 10 3 17 13 4 16 19 8 
student 495: 10 11 6 1 12 18 13 16 15 3 7 19 2 8 9 14 20 17 4 5 
student 496: 14 1 8 11 12 18 17 16 3 7 10 2 9 15 13 5 20 6 4 19 
student 497: 10 19 6 18 1 13 14 20 9 17 3 2 8 4 5 16 15 12 7 11 
student 498: 17 15 16 8 1 18 11 3 9 19 20 5 7 10 12 14 6 2 13 4 
student 499: 16 2 3 8 13 14 12 15 19 17 9 11 18 6 20 10 4 7 1 5 
student 500: 12 10 8 14 4 19 17 9 3 18 2 1 16 20 5 15 7 11 6 13 
student 501: 9 3 8 6 20 13 16 7 4 17 18 15 1 5 10 14 19 11 12 2 
student 502: 12 15 2 13 6 19 20 14 7 5 4 3 11 9 10 1 16 17 8 18 
student 503: 7 18 5 16 20 12 14 8 15 6 3 9 13 10 17 19 1 2 4 11 
student 504: 10 3 14 5 7 13 8 1 11 20 2 17 15 4 12 9 18 6 19 16 
student 505: 10 9 18 8 6 16 19 20 2 15 17 13 14 3 11 12 4 5 1 7 
student 506: 15 19 12 5 13 16 8 18 17 10 11 3 6 7 9 20 14 4 1 2 
student 507: 2 15 13 19 16 8 6 11 9 20 18 3 5 1 10 17 12 7 4 14 
student 508: 6 1 9 7 15 17 19 12 3 16 18 5 11 2 14 20 13 4 10 8 
student 509: 5 1 2 20 7 17 14 15 6 16 11 9 18 19 8 13 3 10 4 12 
student 510: 6 8 9 17 18 20 16 2 19 15 7 1 11 12 13 14 4 5 10 3 
student 511: 5 2 16 17 3 8 9 14 4 20 15 10 6 12 13 1 18 11 7 19 
student 512: 14 5 6 8 16 11 19 10 20 15 1 7 4 12 17 18 13 2 3 9 
student 513: 16 15 2 14 18 9 5 17 4 19 10 13 7 3 11 20 8 6 1 12 
student 514: 16 15 14 11 1 9 19 13 12 20 8 10 2 6 4 3 18 7 5 17 
student 515: 7 19 17 1 14 20 15 16 9 4 3 13 5 2 11 8 10 18 6 12 
student 516: 9 8 16 10 6 20 19 15 4 17 7 3 11 18 13 2 12 1 14 5 
student 517: 6 19 7 4 17 15 2 12 13 16 1 3 9 11 20 18 10 8 5 14 
student 518: 7 17 18 4 1 15 16 10 6 5 19 20 9 2 12 14 8 13 11 3 
student 519: 14 2 19 12 10 20 13 8 6 18 3 11 15 7 17 16 5 9 4 1 
student 520: 9 2 8 1 11 18 17 19 3 6 12 15 14 13 20 7 16 4 10 5 
student 521: 9 16 15 13 12 17 18 5 2 19 6 3 8 7 20 10 14 4 11 1 
student 522: 3 9 8 12 20 11 18 16 4 17 1 13 7 14 19 15 10 2 5 6 
student 523: 2 19 11 7 12 13 10 8 6 20 15 5 4 9 14 16 1 3 18 17 
student 524: 9 19 8 17 11 13 15 1 18 16 3 4 7 10 20 14 5 12 2 6 
student 525: 6 2 19 11 4 18 3 15 9 20 16 17 12 14 10 8 5 1 13 7 
student 526: 9 15 20 2 14 16 19 4 6 12 8 7 13 3 11 17 18 5 1 10 
student 527: 7 9 19 11 15 6 4 20 2 17 16 12 1 3 8 18 14 5 13 10 
student 528: 12 14 1 5 18 20 10 3 6 9 2 7 4 17 16 13 15 19 8 11 
student 529: 4 13 12 15 6 20 11 1 16 19 7 8 5 2 10 14 18 3 9 17 
student 530: 10 13 17 3 4 18 15 20 12 8 5 16 1 11 9 14 6 2 7 19 
student 531: 7 6 2 19 15 9 17 13 10 20 3 14 1 8 11 16 12 4 5 18 
student 532: 1 8 3 10 20 12 15 7 19 13 9 4 18 2 11 14 16 5 17 6 
student 533: 12 19 10 7 1 18 17 20 15 3 11 5 2 4 8 13 9 6 14 16 
student 534: 7 15 5 3 1 17 14 6 18 10 12 13 9 4 8 16 19 2 11 20 
student 535: 19 5 1 13 16 7 14 17 20 4 2 3 11 12 6 8 15 9 10 18 
student 536: 9 6 4 10 14 19 20 1 5 13 3 16 11 2 12 18 15 17 7 8 
student 537: 15 9 5 17 8 10 12 13 18 19 6 7 4 3 20 11 14 16 1 2 
student 538: 13 20 6 12 1 14 16 8 17 15 5 9 18 3 2 19 4 11 10 7 
student 539: 4 11 7 9 20 13 12 16 10 8 6 19 17 1 14 15 5 2 3 18 
student 540: 3 10 1 6 2 14 20 17 7 15 4 16 18 8 12 19 5 11 9 13 
student 541: 14 16 4 13 19 5 12 1 7 18 10 9 3 17 20 15 6 2 8 11 
student 542: 7 5 15 14 3 13 10 18 19 12 20 16 1 17 8 9 4 11 6 2 
student 543: 8 18 10 14 4 5 19 7 12 15 6 9 1 13 17 16 20 3 2 11 
student 544: 13 17 15 18 3 16 20 7 10 5 2 11 4 8 14 12 6 1 9 19 
student 545: 16 14 18 12 6 15 13 20 7 9 17 8 5 3 19 4 10 2 1 11 
student 546: 11 4 16 10 13 14 18 17 15 5 1 9 3 8 12 2 20 7 6 19 
student 547: 1 16 3 15 4 18 8 10 5 19 14 20 11 2 9 7 17 6 13 12 
student 548: 12 13 17 16 4 20 11 8 1 2 7 19 15 5 14 9 6 10 3 18 
student 549: 10 20 15 17 1 19 16 13 11 18 6 3 4 12 2 14 8 9 5 7 
student 550: 15 18 9 4 13 16 7 17 2 11 8 3 14 6 20 5 10 19 1 12 
student 551: 10 18 9 6 16 20 12 19 17 15 7 2 8 14 11 1 3 5 4 13 
student 552: 7 16 20 3 6 5 2 19 1 10 4 8 12 18 14 17 11 9 15 13 
student 553: 1 7 17 19 10 12 16 9 15 6 3 4 11 8 13 20 2 18 5 14 
student 554: 3 18 2 8 14 20 15 17 9 19 10 13 16 4 6 11 5 12 1 7 
student 555: 14 4 6 5 18 19 17 2 15 8 3 12 16 1 13 7 20 11 10 9 
student 556: 15 19 11 13 18 2 10 12 17 9 14 4 3 5 20 8 6 16 1 7 
student 557: 15 12 11 7 20 2 17 9 13 14 1 5 19 8 10 16 6 3 4 18 
student 558: 13 17 12 18 5 14 16 2 3 7 8 11 19 20 9 15 10 6 1 4 
student 559: 3 19 17 12 18 9 7 8 13 5 11 1 10 2 20 15 4 14 16 6 
student 560: 12 4 8 19 16 14 2 6 9 17 18 15 1 7 13 11 20 5 3 10 
student 561: 15 5 20 19 12 9 17 13 16 18 3 11 1 4 7 6 14 2 10 8 
student 562: 14 12 16 4 18 19 11 2 13 17 5 6 8 1 15 9 20 10 3 7 
student 563: 4 17 19 18 13 7 12 5 1 20 2 3 14 11 6 15 10 8 16 9 
student 564: 1 10 8 5 2 20 19 9 12 17 15 6 3 11 14 18 13 4 16 7 
student 565: 1 11 6 13 12 18 17 5 8 19 2 7 20 4 9 16 14 3 10 15 
student 566: 15 8 16 19 2 18 10 20 13 17 7 4 9 12 14 5 3 6 1 11 
student 567: 18 10 4 6 3 7 19 2 5 14 17 16 9 1 15 11 13 12 8 20 
student 568: 3 19 16 13 9 20 12 2 6 14 1 8 7 10 4 18 15 5 11 17 
student 569: 13 17 7 18 5 20 19 4 16 15 3 11 2 6 8 12 14 1 9 10 
student 570: 17 6 9 16 4 7 18 10 13 8 12 19 1 2 20 11 15 14 3 5 
student 571: 15 6 9 17 5 20 18 2 7 13 14 8 4 16 12 11 19 1 3 10 
student 572: 1 10 12 3 11 14 18 17 5 4 8 13 6 20 19 16 2 9 7 15 
student 573: 18 7 19 16 1 20 2 13 14 17 9 6 5 10 4 11 3 15 8 12 
student 574: 15 12 9 17 19 13 7 16 14 8 3 2 5 4 18 10 1 6 11 20 
student 575: 5 4 16 15 10 3 19 7 12 2 1 13 6 8 20 11 9 18 14 17 
student 576: 2 11 20 16 3 17 13 9 5 12 18 8 1 4 14 6 7 15 10 19 
student 577: 16 13 18 11 14 15 12 2 8 6 1 10 3 9 5 17 19 7 4 20 
student 578: 7 18 17 16 11 20 12 9 1 19 8 3 13 5 10 15 2 6 4 14 
student 579: 11 10 2 20 18 16 5 13 14 9 3 8 15 19 1 6 4 7 12 17 
student 580: 3 16 8 14 4 12 9 11 7 19 1 15 6 5 17 18 20 13 2 10 
student 581: 7 19 9 14 12 17 11 18 16 8 2 13 3 15 20 5 1 4 6 10 
student 582: 16 17 2 7 12 14 15 20 5 11 10 1 3 13 8 9 19 4 6 18 
student 583: 3 6 18 20 4 19 15 17 11 13 8 10 9 16 2 12 5 1 14 7 
student 584: 2 9 14 11 12 16 20 10 13 18 3 17 1 8 15 5 4 6 7 19 
student 585: 2 7 11 10 6 12 15 18 14 4 13 16 8 3 20 19 17 5 1 9 
student 586: 3 6 18 20 11 17 12 2 5 19 8 10 4 7 15 9 13 16 1 14 
student 587: 13 20 8 14 7 19 12 15 6 11 4 5 1 2 18 10 16 3 9 17 
student 588: 10 13 18 17 14 6 16 3 2 11 9 8 4 5 15 20 1 7 19 12 
student 589: 9 20 15 16 12 6 11 14 13 19 3 7 18 2 8 10 4 1 17 5 
student 590: 9 11 17 19 1 18 15 20 8 14 16 6 7 13 12 5 4 3 2 10 
student 591: 3 7 19 11 14 8 18 6 16 13 4 10 2 5 15 20 1 17 12 9 
student 592: 8 5 11 10 13 2 6 18 7 17 16 4 15 20 14 9 19 3 1 12 
student 593: 19 18 7 15 20 17 14 10 13 12 2 8 9 6 3 5 16 1 4 11 
student 594: 17 20 9 8 5 14 4 16 1 19 15 2 6 13 18 11 10 3 7 12 
student 595: 11 19 3 9 7 13 1 10 14 6 5 2 8 12 17 15 20 16 4 18 
student 596: 11 17 8 12 3 13 20 9 14 18 15 6 5 1 16 2 4 7 19 10 
student 597: 14 15 18 2 1 12 9 11 4 20 10 5 6 17 13 8 7 19 3 16 
student 598: 3 12 1 7 10 20 9 5 15 17 11 18 19 16 6 8 13 14 4 2 
student 599: 3 10 4 12 8 2 17 6 15 18 20 11 16 5 7 13 1 9 14 19 
student 600: 9 13 5 15 12 19 17 8 4 10 18 20 2 6 16 14 1 11 3 7 
student 601: 14 5 16 6 1 17 19 10 8 20 4 7 11 9 18 15 2 12 3 13 
student 602: 2 20 10 5 17 11 6 9 14 13 4 1 15 7 16 18 19 12 3 8 
student 603: 2 1 3 19 15 8 20 12 5 11 13 7 9 6 18 16 10 14 4 17 
student 604: 3 20 16 7 5 19 13 17 6 14 10 1 2 9 4 8 12 18 11 15 
student 605: 4 20 11 13 12 18 19 16 3 17 1 8 2 10 6 9 15 7 5 14 
student 606: 17 9 10 18 12 19 13 6 3 15 11 2 8 4 20 16 1 5 7 14 
student 607: 14 3 15 13 19 16 18 10 8 20 2 5 12 4 11 17 9 1 6 7 
student 608: 2 19 1 18 9 17 16 5 15 20 11 6 8 7 13 12 14 4 10 3 
student 609: 9 12 19 20 1 8 15 10 4 13 14 11 5 6 18 3 16 17 7 2 
student 610: 14 9 7 10 3 6 4 19 20 16 2 1 5 17 13 18 12 8 15 11 
student 611: 4 3 5 13 20 14 7 8 19 2 15 1 9 11 12 16 10 6 18 17 
student 612: 18 11 12 10 2 6 15 1 7 19 3 14 8 20 16 9 5 13 4 17 
student 613: 18 4 9 12 16 20 14 2 6 8 5 3 7 11 19 10 15 1 17 13 
student 614: 7 13 3 11 9 16 20 12 5 17 18 10 6 2 19 8 15 14 1 4 
student 615: 4 11 3 15 6 20 19 13 12 7 1 14 2 9 16 10 17 5 8 18 
student 616: 1 14 15 20 6 17 19 8 3 18 9 4 7 13 5 10 2 12 16 11 
student 617: 7 5 4 20 11 18 14 13 6 10 15 17 9 2 19 16 1 8 12 3 
student 618: 11 4 3 17 14 20 16 12 2 18 13 6 7 5 15 9 1 10 19 8 
student 619: 8 19 16 11 3 15 17 5 14 20 6 1 2 4 13 10 12 9 7 18 
student 620: 10 6 17 9 5 19 14 4 16 20 2 12 8 1 15 3 18 13 7 11 
student 621: 9 4 13 2 16 18 5 20 12 10 11 8 6 15 3 19 7 1 14 17 
student 622: 11 13 20 5 8 19 14 2 6 1 4 16 12 3 15 18 17 7 9 10 
student 623: 12 9 6 19 7 18 10 15 4 16 3 2 1 11 17 5 13 8 14 20 
student 624: 3 15 2 12 9 19 14 7 20 17 13 10 1 4 5 16 11 18 6 8 
student 625: 4 13 2 10 6 8 14 5 3 20 18 1 19 9 17 16 11 15 7 12 
student 626: 7 17 6 14 16 18 20 19 13 11 9 2 8 1 4 12 10 5 3 15 
student 627: 19 12 8 18 10 16 15 13 4 14 2 6 1 9 3 11 17 5 7 20 
student 628: 1 3 7 10 8 16 20 17 13 6 2 11 12 14 18 4 9 15 5 19 
student 629: 20 11 7 19 3 14 16 10 12 18 1 17 6 9 13 4 8 5 15 2 
student 630: 17 20 18 10 8 13 9 11 6 14 5 12 4 16 15 2 19 1 7 3 
student 631: 6 19 8 17 5 7 18 14 12 16 1 13 15 4 10 20 2 3 9 11 
student 632: 15 17 9 20 6 12 2 19 1 10 5 8 4 11 3 7 16 14 18 13 
student 633: 13 9 1 12 20 4 11 7 16 18 5 10 6 14 17 19 3 15 2 8 
student 634: 20 6 7 17 9 13 11 12 4 14 15 1 2 5 19 18 8 3 16 10 
student 635: 4 15 16 18 19 17 12 3 10 8 11 7 5 2 13 6 20 1 9 14 
student 636: 2 18 14 17 7 1 16 10 3 20 4 9 12 8 11 15 13 19 6 5 
student 637: 1 12 8 13 6 15 7 16 19 18 9 5 2 4 11 10 20 14 17 3 
student 638: 3 10 7 14 9 18 17 1 8 19 4 2 5 6 13 15 12 16 11 20 
student 639: 18 14 16 7 20 13 12 8 1 19 9 11 15 4 10 2 17 6 3 5 
student 640: 16 19 6 14 2 11 12 17 7 8 15 1 9 5 18 20 13 3 4 10 
student 641: 11 9 8 6 15 18 19 4 3 20 10 5 7 1 17 13 12 16 2 14 
student 642: 9 17 8 5 10 18 4 12 15 16 11 2 13 3 6 14 19 20 7 1 
student 643: 4 18 10 11 9 3 12 5 19 14 7 2 15 6 20 16 8 17 1 13 
student 644: 20 10 13 8 19 14 6 9 16 15 17 1 4 7 12 2 11 18 5 3 
student 645: 14 10 6 9 11 20 15 13 19 18 2 1 5 7 3 12 16 4 8 17 
student 646: 14 19 8 20 1 18 11 7 17 9 4 5 2 6 15 16 10 12 13 3 
student 647: 6 16 19 2 3 4 18 13 12 20 5 8 15 11 14 17 9 10 1 7 
student 648: 10 8 5 15 12 13 19 9 16 20 7 17 14 1 3 18 2 6 11 4 
student 649: 8 2 16 4 15 11 6 19 1 20 7 13 3 9 18 5 17 10 14 12 
student 650: 11 16 8 15 12 17 18 10 5 9 7 19 14 1 20 4 2 3 6 13 
student 651: 7 4 5 2 6 1 10 9 15 14 8 13 20 3 17 19 16 11 18 12 
student 652: 4 20 1 6 14 13 8 17 7 15 11 5 2 19 10 12 18 3 9 16 
student 653: 20 3 18 13 5 10 1 19 2 8 4 11 14 15 17 12 16 9 7 6 
student 654: 4 9 14 17 2 13 5 11 8 12 10 6 15 1 18 19 20 16 7 3 
student 655: 15 9 1 19 6 13 14 2 8 18 20 17 5 4 11 16 12 7 3 10 
student 656: 5 18 11 7 14 20 12 1 4 19 16 9 10 3 2 6 17 8 13 15 
student 657: 10 20 18 13 8 11 7 2 14 19 12 5 6 4 16 15 17 1 3 9 
student 658: 12 9 16 15 17 18 7 19 14 11 10 4 2 5 20 3 13 6 1 8 
student 659: 7 9 13 4 16 10 19 3 15 20 17 8 6 5 18 11 12 2 1 14 
student 660: 10 2 4 20 12 1 11 15 17 3 7 9 14 5 16 8 13 6 19 18 
student 661: 18 17 5 13 11 19 15 4 8 6 2 1 3 14 9 20 7 10 16 12 
student 662: 11 2 13 10 17 18 16 1 8 12 7 3 5 9 6 20 14 15 4 19 
student 663: 12 10 7 6 1 11 16 19 14 13 17 8 2 3 9 18 4 20 5 15 
student 664: 13 16 18 9 8 17 7 1 11 3 19 6 2 10 15 20 4 5 14 12 
student 665: 6 17 5 16 14 11 15 19 9 10 18 7 13 1 3 4 20 12 2 8 
student 666: 20 8 1 18 12 13 3 5 4 10 9 19 6 16 15 17 7 14 2 11 
student 667: 12 19 7 8 2 17 11 9 1 4 15 3 14 18 5 20 6 10 16 13 
student 668: 4 13 20 19 7 17 15 1 18 14 5 12 6 16 11 9 8 10 3 2 
student 669: 10 11 8 13 2 17 4 5 6 19 3 9 14 20 7 16 15 18 1 12 
student 670: 1 16 11 20 18 12 2 14 10 13 17 7 4 8 15 6 19 3 9 5 
student 671: 4 9 5 19 12 16 13 20 3 14 2 17 11 1 18 7 6 8 10 15 
student 672: 4 8 15 17 19 12 13 10 6 20 2 3 14 1 11 9 7 5 18 16 
student 673: 17 13 2 11 6 18 7 4 1 16 3 9 15 8 5 12 20 10 14 19 
student 674: 12 15 6 10 11 8 18 16 7 2 4 3 14 19 17 13 9 1 5 20 
student 675: 16 13 2 12 8 5 15 17 3 4 9 6 1 10 14 20 18 7 19 11 
student 676: 10 3 17 9 6 18 13 16 8 7 4 12 1 15 11 5 14 2 19 20 
student 677: 13 8 2 7 4 1 16 15 19 20 12 6 10 3 11 18 14 9 5 17 
student 678: 14 13 5 16 17 12 18 11 2 19 3 7 8 1 15 9 20 4 10 6 
student 679: 8 20 7 14 13 17 19 9 11 12 16 10 5 3 4 15 6 2 1 18 
student 680: 13 10 14 15 8 12 20 5 16 6 1 18 7 3 19 2 9 17 4 11 
student 681: 3 15 9 16 8 20 19 2 1 11 5 13 6 17 12 7 14 4 18 10 
student 682: 12 11 4 7 8 18 20 10 2 1 6 17 13 15 16 3 9 19 5 14 
student 683: 1 8 13 10 6 15 11 9 7 20 14 12 2 5 18 17 3 4 19 16 
student 684: 15 17 4 3 10 19 5 2 8 18 13 16 7 6 12 11 14 1 9 20 
student 685: 6 2 9 10 11 16 15 7 17 19 8 20 14 4 18 3 12 5 1 13 
student 686: 4 19 15 14 10 20 5 9 8 3 1 6 16 2 11 7 18 17 12 13 
student 687: 13 15 17 18 16 20 12 6 19 10 5 9 4 1 8 11 7 2 3 14 
student 688: 1 12 20 15 19 11 18 4 14 16 3 8 9 2 7 10 17 13 6 5 
student 689: 11 7 20 5 8 12 15 6 17 14 9 2 1 16 18 13 19 10 3 4 
student 690: 10 14 3 17 5 19 16 4 18 12 9 15 7 6 11 1 20 2 13 8 
student 691: 3 6 8 13 16 19 11 18 1 20 12 15 2 7 9 17 4 14 5 10 
student 692: 5 19 1 20 13 14 12 4 11 16 6 10 8 15 9 17 2 18 3 7 
student 693: 4 2 16 3 18 13 5 8 10 7 12 1 14 9 17 20 6 19 11 15 
student 694: 8 20 4 17 1 18 6 5 16 12 9 2 19 14 10 15 3 13 7 11 
student 695: 2 20 18 3 6 13 17 14 9 5 4 15 16 7 10 19 12 11 1 8 
student 696: 3 15 13 20 10 16 17 2 6 18 14 5 12 11 9 19 8 1 4 7 
student 697: 19 12 17 15 18 16 3 8 6 13 7 4 11 1 5 14 9 20 2 10 
student 698: 8 18 17 2 12 7 20 6 10 5 1 4 11 13 19 16 3 14 9 15 
student 699: 3 5 10 15 17 2 20 14 9 16 19 1 13 7 4 11 12 6 8 18 
student 700: 8 17 13 10 3 4 18 19 1 12 11 7 6 2 20 15 9 16 5 14 
student 701: 2 9 7 11 14 20 16 10 8 19 1 6 3 12 17 15 4 13 18 5 
student 702: 13 12 16 11 1 18 6 14 19 20 17 2 4 5 9 8 10 7 15 3 
student 703: 8 11 16 6 17 15 10 4 1 20 2 7 13 9 14 19 18 5 12 3 
student 704: 17 13 12 18 2 8 15 9 20 19 6 3 7 11 10 14 4 5 1 16 
student 705: 3 20 4 5 11 19 17 15 7 13 2 9 1 6 16 12 10 14 18 8 
student 706: 11 13 15 20 7 17 19 4 12 18 9 1 14 6 16 2 10 8 3 5 
student 707: 18 8 13 11 20 19 10 1 14 17 5 2 15 4 7 16 9 12 3 6 
student 708: 7 6 12 16 9 19 20 13 5 3 15 11 1 8 4 18 10 14 2 17 
student 709: 20 10 3 7 5 14 15 13 6 18 9 19 2 8 11 12 17 16 1 4 
student 710: 7 5 3 11 13 20 15 10 2 16 8 6 14 9 18 19 12 4 1 17 
student 711: 6 2 10 15 12 16 18 13 11 19 4 9 1 20 17 8 3 14 5 7 
student 712: 12 20 15 9 14 2 17 11 5 16 18 1 3 19 13 10 4 8 6 7 
student 713: 13 19 20 8 17 18 14 15 1 16 2 3 9 4 12 11 5 6 10 7 
student 714: 1 10 2 12 8 20 14 15 18 11 17 19 4 9 5 6 7 3 13 16 
student 715: 6 13 12 9 4 20 11 2 16 14 15 7 8 5 3 19 18 10 1 17 
student 716: 11 5 9 15 14 2 19 12 8 20 3 4 18 10 16 6 17 7 1 13 
student 717: 16 7 20 18 12 19 14 5 4 9 6 2 15 10 1 11 17 3 8 13 
student 718: 6 8 2 10 7 19 11 15 3 1 18 14 9 17 20 16 13 4 12 5 
student 719: 14 8 18 17 7 9 13 11 3 19 10 1 5 2 20 16 12 6 4 15 
student 720: 7 20 14 10 5 18 11 15 6 9 4 8 3 17 16 19 12 1 2 13 
student 721: 14 18 5 20 4 19 13 15 6 1 8 3 16 2 17 11 9 7 12 10 
student 722: 9 14 8 6 12 20 7 15 4 17 10 2 19 1 16 18 11 13 3 5 
student 723: 16 4 15 11 5 20 8 3 12 18 9 19 13 2 17 6 1 10 14 7 
student 724: 3 9 8 7 20 12 19 16 2 15 18 17 5 1 6 14 11 10 4 13 
student 725: 2 16 17 7 4 10 11 8 6 14 5 1 3 13 9 18 15 19 12 20 
student 726: 19 15 4 16 12 17 13 20 10 18 7 8 1 5 9 11 6 3 2 14 
student 727: 8 7 1 12 16 14 18 11 20 9 10 3 4 2 13 19 15 17 5 6 
student 728: 9 17 12 8 13 15 19 4 1 20 5 10 7 2 16 18 11 3 6 14 
student 729: 5 13 17 3 10 8 7 20 12 18 15 9 4 19 16 14 2 6 1 11 
student 730: 5 14 7 10 1 11 2 3 12 13 6 9 19 4 18 17 15 20 16 8 
student 731: 3 7 13 8 6 15 20 1 10 18 19 9 2 4 12 14 17 16 5 11 
student 732: 18 4 6 5 19 8 20 15 13 12 7 1 3 2 14 16 10 9 17 11 
student 733: 15 6 3 11 9 13 18 5 1 16 8 2 7 12 19 10 17 20 4 14 
student 734: 10 3 12 14 9 15 19 4 8 11 7 1 6 5 20 13 17 16 2 18 
student 735: 5 20 14 17 11 15 18 3 16 13 7 1 4 8 6 19 10 9 2 12 
student 736: 9 11 13 16 14 4 5 19 7 18 3 10 17 20 6 12 8 15 2 1 
student 737: 11 8 13 19 4 20 9 3 5 12 1 6 15 10 16 14 18 7 2 17 
student 738: 9 19 8 17 10 16 12 1 6 14 3 18 4 5 15 11 20 7 13 2 
student 739: 7 8 14 13 10 12 20 15 1 18 17 6 19 3 9 2 16 4 5 11 
student 740: 16 15 20 3 17 12 9 10 13 19 8 6 7 1 14 2 4 5 11 18 
student 741: 11 12 1 17 4 2 8 16 15 18 3 14 5 20 19 10 9 13 6 7 
student 742: 18 12 6 13 14 11 9 8 15 3 20 1 2 7 19 10 17 4 5 16 
student 743: 1 17 8 14 7 15 13 5 10 16 9 11 3 4 6 18 19 20 2 12 
student 744: 2 11 17 6 10 20 19 12 18 13 14 16 3 4 7 15 9 8 5 1 
student 745: 4 3 12 20 5 15 14 1 6 18 8 11 9 10 19 7 16 17 2 13 
student 746: 4 7 10 15 1 12 14 18 13 16 9 3 2 17 6 5 11 20 8 19 
student 747: 4 18 20 17 12 3 16 14 9 11 5 19 10 8 2 7 6 1 15 13 
student 748: 7 17 11 18 2 10 9 14 19 5 12 8 6 15 20 3 13 16 1 4 
student 749: 19 2 11 9 12 20 16 14 7 10 3 4 1 17 8 6 18 5 13 15 
student 750: 14 9 6 15 3 19 20 18 8 5 1 4 13 2 7 16 17 12 11 10 
student 751: 3 18 13 11 16 17 12 5 14 20 7 8 4 1 19 6 2 9 15 10 
student 752: 1 3 4 10 20 11 13 17 7 12 14 15 6 8 9 19 16 5 2 18 
student 753: 8 9 10 20 5 19 14 13 1 16 11 7 2 15 17 6 12 4 18 3 
student 754: 13 2 12 8 17 11 16 9 5 20 6 4 7 1 18 3 15 10 14 19 
student 755: 10 12 19 15 13 4 6 1 8 20 14 2 9 5 17 18 3 7 11 16 
student 756: 18 1 5 20 17 14 9 3 7 19 13 12 15 8 4 11 6 16 2 10 
student 757: 13 14 20 1 15 4 3 17 8 5 6 9 19 7 12 11 2 16 10 18 
student 758: 1 10 5 20 18 11 17 19 12 9 6 4 15 7 8 3 14 13 2 16 
student 759: 4 6 9 19 5 20 14 11 12 7 17 18 3 10 13 8 15 1 16 2 
student 760: 4 8 2 18 19 9 5 14 11 15 10 17 1 7 6 12 16 13 3 20 
student 761: 1 10 7 4 8 11 17 18 2 20 5 6 15 9 19 13 14 12 3 16 
student 762: 11 16 6 8 4 18 20 17 10 14 3 1 2 19 13 9 15 5 12 7 
student 763: 1 3 6 16 2 15 17 5 13 18 8 4 9 10 19 14 7 11 20 12 
student 764: 14 11 8 20 16 17 2 5 9 13 3 4 15 7 10 18 19 1 12 6 
student 765: 1 5 13 15 17 20 6 14 7 12 10 4 19 2 8 11 16 3 9 18 
student 766: 7 19 14 17 1 16 10 12 9 20 6 3 15 5 4 11 18 2 8 13 
student 767: 16 8 6 11 20 2 19 18 7 14 1 5 4 13 17 12 10 3 9 15 
student 768: 16 3 4 8 7 1 18 19 12 15 2 13 20 14 10 11 9 5 6 17 
student 769: 19 10 7 13 17 11 9 4 12 5 16 18 6 1 2 15 3 14 8 20 
student 770: 15 16 1 6 8 17 20 14 11 9 3 7 4 5 18 12 2 19 10 13 
student 771: 15 1 3 6 9 14 7 19 17 10 18 12 11 4 2 20 13 5 16 8 
student 772: 4 15 12 6 2 19 10 18 11 14 8 9 16 5 17 20 1 7 3 13 
student 773: 6 18 5 17 12 13 15 8 9 2 4 10 1 3 19 11 20 16 7 14 
student 774: 12 14 17 15 8 1 18 9 6 4 5 19 2 3 7 20 13 10 11 16 
student 775: 4 1 6 11 17 9 12 10 18 15 19 16 2 7 14 3 5 13 20 8 
student 776: 14 20 8 10 12 17 13 6 16 15 18 3 2 5 7 11 19 4 9 1 
student 777: 14 1 9 19 7 17 15 16 2 13 18 4 3 12 5 10 11 20 8 6 
student 778: 6 4 1 20 11 17 3 19 8 18 14 12 2 5 9 16 13 10 7 15 
student 779: 5 20 7 3 10 12 8 11 9 17 6 14 2 13 1 18 16 15 4 19 
student 780: 16 18 19 2 13 6 17 14 8 4 12 9 3 10 20 11 15 7 1 5 
student 781: 20 9 11 17 19 3 18 15 4 14 7 12 13 10 16 6 1 2 5 8 
student 782: 1 19 4 18 8 14 12 16 17 11 20 10 5 3 9 15 13 7 6 2 
student 783: 6 9 15 2 13 14 16 12 19 8 11 1 4 7 3 10 20 5 17 18 
student 784: 10 12 7 11 14 16 2 17 8 20 3 5 6 13 15 1 19 4 9 18 
student 785: 12 3 14 17 2 10 7 18 5 20 11 9 8 6 15 4 13 1 19 16 
student 786: 20 14 18 6 12 16 15 10 8 19 7 3 11 5 13 2 9 17 1 4 
student 787: 2 3 20 16 15 14 18 17 5 13 8 19 12 9 6 11 1 10 4 7 
student 788: 7 13 1 15 5 14 17 10 6 9 2 8 19 4 16 3 12 11 18 20 
student 789: 4 19 8 9 15 16 13 18 20 5 6 12 7 1 17 10 3 11 2 14 
student 790: 10 6 14 15 1 19 2 18 16 17 5 12 3 9 20 4 11 8 7 13 
student 791: 8 11 4 14 20 15 17 19 3 2 10 16 5 7 13 1 18 6 12 9 
student 792: 11 17 13 10 5 16 12 18 1 15 4 8 3 9 7 20 6 14 2 19 
student 793: 13 20 12 18 15 19 17 10 1 8 2 11 6 5 16 9 7 4 3 14 
student 794: 10 14 6 18 11 13 15 9 19 17 7 12 3 4 20 5 8 16 1 2 
student 795: 17 5 3 1 20 18 8 19 15 12 11 10 2 7 4 6 16 14 9 13 
student 796: 15 6 8 12 16 18 17 5 7 14 2 20 1 4 19 10 11 3 9 13 
student 797: 14 4 16 5 18 13 10 6 19 12 15 8 9 7 3 1 11 17 2 20 
student 798: 6 17 5 9 13 19 3 16 11 10 1 4 14 2 8 18 20 12 15 7 
student 799: 13 1 9 17 20 16 18 11 8 4 7 5 6 3 19 14 12 10 2 15 
