student 0: 5 18 14 13 16 2 8 3 9 7 20 12 11 4 17 1 15 19 10 6 
student 1: 3 17 18 8 1 4 20 10 11 13 7 5 16 6 19 14 15 9 12 2 
student 2: 3 6 11 17 13 2 8 12 16 18 10 7 14 19 20 5 9 15 4 1 
student 3: 12 20 11 3 5 16 14 2 19 10 13 7 4 6 17 8 15 18 9 1 
student 4: 2 15 9 12 6 3 7 18 16 19 11 5 1 20 10 8 4 17 14 13 
student 5: 7 18 19 12 11 1 4 3 2 13 20 16 5 14 10 8 9 6 17 15 
student 6: 3 9 5 4 1 11 17 14 18 19 7 8 10 6 16 20 15 12 13 2 
student 7: 6 14 16 7 12 17 4 13 2 19 5 18 9 8 10 3 1 11 15 20 
student 8: 5 7 9 13 14 3 4 6 2 18 20 10 1 16 17 12 19 15 11 8 
student 9: 4 20 8 12 3 6 15 13 1 11 18 19 16 2 7 5 9 17 14 10 
student 10: 13 7 9 2 16 12 6 14 4 3 18 8 1 5 11 17 20 10 15 19 
student 11: 1 15 12 4 13 8 17 10 7 16 20 9 5 11 14 2 18 3 6 19 
student 12: 11 3 9 20 16 14 18 6 13 15 7 12 4 17 1 2 10 19 5 8 
student 13: 7 16 3 1 6 10 4 15 20 12 14 17 8 5 13 2 11 18 19 9 
student 14: 7 17 15 5 9 4 13 11 2 14 16 1 10 6 18 20 19 12 3 8 
student 15: 8 18 4 5 13 9 2 14 10 6 17 12 1 19 11 15 16 3 20 7 
student 16: 6 12 1 10 15 4 20 16 13 19 7 11 8 14 3 2 5 18 17 9 
student 17: 8 19 13 1 14 6 10 9 3 2 20 15 12 11 16 4 7 18 17 5 
student 18: 16 18 11 3 12 4 17 7 19 14 20 10 13 5 9 15 6 2 1 8 
student 19: 4 3 13 5 15 14 17 1 6 8 16 2 7 18 19 11 10 12 20 9 
student 20: 4 18 15 9 5 1 2 17 14 10 7 19 6 8 13 3 16 20 11 12 
student 21: 1 11 17 9 16 19 18 14 10 13 3 7 5 15 2 4 12 20 8 6 
student 22: 10 19 5 13 20 3 8 11 4 7 9 2 6 15 18 12 17 16 14 1 
student 23: 5 10 11 20 15 14 7 4 2 17 9 1 8 16 18 3 12 19 6 13 
student 24: 2 1 12 13 16 9 14 5 8 6 15 11 17 20 3 7 4 19 10 18 
student 25: 1 20 13 15 9 5 6 14 8 7 3 16 2 18 19 10 12 17 4 11 
student 26: 3 20 15 8 10 2 11 6 5 19 14 4 16 17 12 9 7 13 18 1 
student 27: 18 5 10 4 14 3 13 7 1 16 9 20 11 17 15 6 2 19 12 8 
student 28: 5 20 8 9 10 6 15 14 1 3 13 4 7 19 16 17 18 12 2 11 
student 29: 3 15 18 1 8 14 11 5 12 10 19 6 4 13 7 2 17 16 20 9 
student 30: 20 13 4 10 15 9 17 8 6 1 18 19 11 7 16 2 3 14 5 12 
student 31: 12 15 18 4 5 3 2 1 10 9 13 19 11 17 20 6 14 16 8 7 
student 32: 11 7 13 5 2 3 16 10 20 14 9 4 12 15 18 17 19 6 1 8 
student 33: 18 3 15 10 16 5 19 8 11 20 14 2 4 9 12 7 1 17 6 13 
student 34: 11 7 12 1 16 5 20 10 4 13 18 2 8 15 19 3 6 17 14 9 
student 35: 3 15 1 11 7 2 18 6 10 17 16 9 5 8 20 4 13 19 14 12 
student 36: 2 10 18 8 15 16 20 12 4 13 1 5 9 3 19 7 11 17 6 14 
student 37: 11 14 5 7 10 12 13 6 15 9 18 20 4 8 19 2 3 16 17 1 
student 38: 9 14 5 16 1 10 20 19 7 17 13 4 2 12 18 3 8 15 6 11 
student 39: 3 8 17 19 1 9 18 12 6 15 20 13 14 5 16 7 2 11 10 4 
student 40: 11 18 8 1 4 5 20 19 7 9 17 12 15 10 14 6 16 3 2 13 
student 41: 1 17 19 3 14 6 12 7 9 8 4 11 2 13 15 10 18 20 5 16 
student 42: 5 17 2 1 6 15 16 8 13 7 10 3 12 18 14 4 19 20 9 11 
student 43: 3 19 16 6 11 7 15 2 1 8 17 9 10 5 12 20 18 13 4 14 
student 44: 3 10 18 5 9 7 13 6 16 20 8 11 4 14 15 1 17 12 19 2 
student 45: 6 13 10 12 1 11 8 2 17 19 14 7 4 18 16 20 15 9 3 5 
student 46: 15 18 19 11 1 4 5 20 9 16 6 8 7 17 13 2 10 14 3 12 
student 47: 1 16 9 12 13 18 11 2 5 20 15 17 6 19 4 10 14 8 7 3 
student 48: 5 7 3 16 4 2 12 17 6 9 20 14 1 18 10 15 11 13 8 19 
student 49: 3 17 4 5 16 8 13 1 9 10 15 14 7 12 18 2 11 20 19 6 
student 50: 2 15 7 6 10 4 9 14 13 3 18 8 17 11 20 1 12 19 16 5 
student 51: 12 8 10 7 19 9 18 3 2 13 16 15 4 17 20 6 11 14 5 1 
student 52: 5 19 9 4 2 6 7 1 16 3 20 17 10 8 13 12 14 18 15 11 
student 53: 20 14 18 13 16 7 17 15 9 3 2 4 8 12 1 6 19 5 10 11 
student 54: 5 1 20 17 15 19 18 4 9 7 10 6 8 3 14 13 12 11 16 2 
student 55: 2 7 20 13 17 1 10 5 3 9 14 15 6 18 8 16 19 12 4 11 
student 56: 6 14 18 15 9 1 11 13 16 4 3 5 10 19 12 8 20 2 17 7 
student 57: 4 20 19 3 17 2 15 5 9 1 8 6 14 18 16 7 11 13 10 12 
student 58: 5 19 10 6 13 2 9 12 1 14 15 16 4 20 8 18 7 17 11 3 
student 59: 8 12 19 10 3 5 11 4 1 18 6 20 13 17 9 15 14 7 16 2 
student 60: 6 16 10 9 14 3 5 12 15 1 18 17 8 4 11 7 2 20 19 13 
student 61: 9 2 11 4 18 14 15 5 1 20 16 7 6 19 17 10 13 12 8 3 
student 62: 16 5 11 15 10 2 20 1 19 14 12 7 6 9 13 4 8 18 17 3 
student 63: 4 16 12 3 15 1 18 5 14 6 20 2 13 10 8 11 17 19 9 7 
student 64: 10 14 3 4 16 2 7 12 13 17 20 5 11 8 19 1 15 18 6 9 
student 65: 2 14 3 7 9 20 17 6 16 8 18 10 12 11 15 1 5 19 13 4 
student 66: 4 18 2 1 5 14 9 12 8 15 19 17 7 11 6 13 10 20 3 16 
student 67: 12 11 1 4 8 2 9 14 10 7 18 13 16 20 5 3 6 17 19 15 
student 68: 6 12 16 2 20 18 14 1 7 3 5 10 8 19 9 4 13 17 15 11 
student 69: 12 6 10 7 3 2 13 5 18 16 14 11 4 20 17 1 15 9 19 8 
student 70: 8 16 11 4 9 1 10 7 3 15 17 18 6 2 12 13 14 19 20 5 
student 71: 7 9 12 15 20 14 4 2 1 17 19 8 16 10 3 6 18 5 13 11 
student 72: 8 12 13 4 19 3 17 1 9 20 16 10 5 11 6 18 2 15 14 7 
student 73: 16 9 14 2 20 3 7 4 11 12 15 13 17 10 18 1 8 19 6 5 
student 74: 1 8 5 15 4 7 3 16 14 12 9 6 13 19 11 10 18 20 2 17 
student 75: 6 19 17 9 12 5 1 20 10 13 4 14 15 3 16 11 18 7 2 8 
student 76: 10 18 3 4 16 8 15 19 1 20 12 5 11 6 14 7 9 13 2 17 
student 77: 13 12 10 16 19 2 14 1 6 7 9 17 18 20 8 5 11 15 3 4 
student 78: 17 20 13 6 18 4 11 8 15 10 9 12 2 14 1 3 19 16 7 5 
student 79: 7 5 6 3 1 14 16 19 9 12 13 20 2 4 8 11 15 18 10 17 
student 80: 2 4 6 16 7 18 11 20 10 19 3 1 5 12 13 9 8 17 15 14 
student 81: 1 17 16 4 5 2 9 15 19 6 7 12 10 18 20 13 8 11 14 3 
student 82: 7 18 15 11 4 3 10 8 1 16 14 12 9 2 19 6 17 13 20 5 
student 83: 7 13 6 19 8 12 11 16 9 2 14 5 10 15 17 1 18 20 3 4 
student 84: 11 15 1 8 6 10 18 14 9 13 7 5 4 20 19 3 16 2 12 17 
student 85: 5 15 3 10 4 13 14 1 2 7 19 16 9 12 17 11 8 20 18 6 
student 86: 19 7 16 3 17 4 9 8 13 12 20 11 1 5 6 10 14 18 2 15 
student 87: 15 3 7 5 2 20 9 1 10 12 13 11 4 17 8 16 6 18 14 19 
student 88: 1 11 9 17 20 13 10 14 8 7 3 15 6 18 19 4 5 2 12 16 
student 89: 6 18 14 7 11 13 4 20 1 5 17 2 8 10 12 9 3 19 15 16 
student 90: 2 10 14 16 13 4 7 5 15 8 18 3 1 11 19 9 20 17 6 12 
student 91: 12 17 1 9 4 6 10 14 2 16 11 18 5 20 19 3 8 15 7 13 
student 92: 1 19 15 14 9 3 6 5 10 20 17 4 2 18 12 16 8 13 7 11 
student 93: 7 14 8 16 10 13 20 1 12 3 5 17 2 4 18 11 15 19 9 6 
student 94: 8 4 17 9 16 7 19 1 10 18 13 3 14 11 20 5 12 15 2 6 
student 95: 12 6 19 15 2 10 16 18 1 5 17 8 13 7 4 3 20 9 14 11 
student 96: 4 9 10 7 14 3 16 8 13 17 19 12 18 15 20 5 1 2 6 11 
student 97: 7 2 18 12 1 5 16 13 8 20 19 3 11 4 14 15 17 10 6 9 
student 98: 12 20 11 6 19 2 9 13 1 10 18 17 5 15 16 14 7 8 3 4 
student 99: 1 17 7 12 9 15 10 5 6 13 19 20 4 11 14 8 3 2 16 18 
student 100: 3 15 4 20 10 19 12 2 9 1 8 6 14 11 17 5 13 16 7 18 
student 101: 2 7 12 8 17 3 18 4 10 19 11 6 14 15 16 1 13 20 9 5 
student 102: 1 12 11 6 13 2 20 18 8 7 14 4 17 19 15 5 10 9 16 3 
student 103: 14 20 15 16 9 2 1 7 5 18 19 4 6 17 11 3 13 8 10 12 
student 104: 10 12 13 11 7 6 18 9 3 20 8 15 5 16 19 2 17 14 1 4 
student 105: 5 9 12 13 8 1 14 18 19 17 16 6 4 11 20 10 2 3 7 15 
student 106: 9 7 19 11 1 14 16 8 6 13 4 20 10 18 17 5 12 3 2 15 
student 107: 11 3 13 6 18 8 2 5 16 9 19 12 4 20 17 7 14 15 10 1 
student 108: 3 17 7 4 18 2 14 8 13 19 9 10 11 15 20 1 5 12 16 6 
student 109: 11 15 5 14 17 7 10 12 3 13 2 19 6 16 4 1 18 20 9 8 
student 110: 1 11 18 6 5 3 15 4 8 12 16 7 13 19 17 14 20 10 9 2 
student 111: 3 12 16 11 6 2 14 10 8 7 9 15 1 13 17 4 20 19 5 18 
student 112: 5 20 10 8 12 1 13 6 3 18 11 4 2 17 15 9 19 16 7 14 
student 113: 4 9 14 5 13 11 16 6 3 20 12 8 7 17 19 2 1 18 10 15 
student 114: 6 20 16 2 3 18 11 1 15 8 12 5 7 13 19 14 17 10 4 9 
student 115: 8 11 1 14 9 5 7 18 2 17 20 16 3 13 6 4 12 15 10 19 
student 116: 3 16 4 19 5 8 2 10 18 14 15 11 9 12 20 7 13 17 1 6 
student 117: 9 10 12 11 5 15 18 17 3 19 13 4 2 16 7 1 20 6 14 8 
student 118: 2 7 5 16 13 1 20 9 14 11 17 8 12 4 10 6 18 3 19 15 
student 119: 2 7 17 6 8 3 14 12 15 13 20 11 1 10 19 9 4 16 5 18 
student 120: 5 10 19 8 16 1 12 9 13 4 11 18 6 14 2 3 15 20 17 7 
student 121: 13 3 10 11 15 2 9 6 5 7 19 8 1 18 20 4 12 17 14 16 
student 122: 15 7 3 6 1 2 18 10 9 17 8 16 19 11 13 12 14 5 20 4 
student 123: 2 7 14 6 18 11 19 12 4 8 20 3 16 5 10 17 15 13 1 9 
student 124: 7 17 10 5 20 8 11 6 3 19 13 15 1 18 4 9 12 14 2 16 
student 125: 1 17 9 10 3 5 15 20 13 2 19 11 6 18 16 7 8 4 14 12 
student 126: 2 4 7 10 11 9 16 6 1 13 3 19 14 17 15 12 8 20 5 18 
student 127: 19 2 6 7 18 17 16 3 12 13 9 5 1 11 15 8 20 10 14 4 
student 128: 19 3 2 12 8 4 17 16 5 13 10 1 9 15 14 11 20 7 6 18 
student 129: 10 4 2 13 20 5 19 9 17 15 11 6 7 16 14 1 8 12 18 3 
student 130: 15 13 8 11 10 1 17 16 18 4 9 5 7 14 6 3 19 2 20 12 
student 131: 9 4 3 12 15 5 18 13 2 11 19 1 8 10 20 6 16 14 7 17 
student 132: 5 17 20 7 3 15 4 11 2 18 19 8 14 9 10 16 6 13 12 1 
student 133: 7 20 2 4 14 5 9 6 1 19 15 10 18 12 17 11 16 8 13 3 
student 134: 12 17 6 9 4 8 13 7 15 16 18 14 10 3 20 2 5 19 1 11 
student 135: 15 7 2 1 5 8 19 20 12 10 16 3 6 9 18 4 13 14 11 17 
student 136: 2 12 17 5 8 1 16 9 3 6 10 13 14 7 20 18 15 11 19 4 
student 137: 1 7 19 16 11 10 13 15 17 12 9 8 2 18 20 4 3 14 6 5 
student 138: 7 17 8 3 14 12 15 1 10 9 16 20 2 18 4 13 19 6 5 11 
student 139: 3 17 2 16 12 5 14 1 19 18 6 9 10 8 20 7 4 13 15 11 
student 140: 8 20 1 2 15 13 12 5 16 19 9 7 4 18 11 10 17 14 3 6 
student 141: 4 13 8 2 7 3 16 1 15 20 18 12 9 6 14 5 17 19 10 11 
student 142: 8 7 4 5 14 3 19 9 17 16 13 15 6 20 10 1 11 18 12 2 
student 143: 4 17 3 16 10 1 9 13 2 18 20 11 7 12 15 5 6 14 19 8 
student 144: 10 16 11 8 4 1 2 6 12 19 9 14 3 18 17 7 15 20 13 5 
student 145: 10 18 8 17 12 11 14 5 13 9 20 4 3 19 6 1 16 15 2 7 
student 146: 5 10 18 13 7 9 6 12 20 14 17 8 2 11 19 1 3 16 4 15 
student 147: 16 8 14 3 5 11 18 13 7 6 20 2 1 19 17 4 9 12 10 15 
student 148: 2 8 17 12 13 10 6 5 9 14 16 7 18 20 11 1 15 19 3 4 
student 149: 13 5 20 9 17 2 16 3 6 1 19 8 10 12 15 4 11 7 14 18 
student 150: 19 11 3 12 20 1 18 13 8 5 17 6 7 9 15 10 4 16 14 2 
student 151: 12 9 4 5 6 11 15 1 16 10 14 18 19 2 13 17 7 20 8 3 
student 152: 18 17 10 2 8 9 13 3 4 20 11 19 1 16 15 6 14 12 7 5 
student 153: 6 19 13 3 17 2 4 5 11 15 20 9 1 12 16 7 10 14 8 18 
student 154: 19 5 16 2 6 12 10 4 13 17 3 18 1 14 9 20 7 8 11 15 
student 155: 11 10 15 1 12 14 13 2 5 17 16 3 7 18 9 4 20 19 6 8 
student 156: 19 18 12 5 16 1 11 13 6 7 20 10 2 9 4 8 3 15 17 14 
student 157: 1 19 15 13 3 9 8 12 14 17 7 4 2 18 20 6 5 10 16 11 
student 158: 9 19 20 6 16 4 12 10 18 1 5 17 8 15 11 7 3 14 2 13 
student 159: 4 13 14 7 3 10 20 11 12 1 2 8 6 19 17 5 15 16 18 9 
student 160: 10 8 3 7 6 12 11 17 9 2 13 16 5 20 15 4 18 14 19 1 
student 161: 19 9 3 14 7 12 2 1 6 4 10 18 5 20 15 8 17 11 16 13 
student 162: 1 8 20 6 15 2 4 5 10 18 12 14 17 19 16 13 3 9 11 7 
student 163: 4 8 15 17 16 10 12 11 2 7 9 6 1 13 18 5 19 3 14 20 
student 164: 16 10 20 8 12 11 1 6 7 19 9 15 17 14 4 5 18 2 3 13 
student 165: 5 13 11 2 14 7 3 4 12 8 10 16 17 18 6 1 19 20 9 15 
student 166: 1 4 17 5 16 7 20 10 13 6 19 11 2 12 18 8 9 15 14 3 
student 167: 6 17 10 12 1 8 11 4 5 15 14 7 3 19 13 9 16 18 20 2 
student 168: 8 18 3 6 17 14 12 1 15 10 2 11 7 4 19 5 9 13 16 20 
student 169: 16 17 5 6 7 19 8 4 2 11 20 13 1 10 15 9 18 12 3 14 
student 170: 20 1 14 15 5 9 3 11 17 18 7 2 4 19 13 6 12 16 10 8 
student 171: 16 9 4 2 5 19 1 15 18 20 12 17 13 14 8 6 11 3 7 10 
student 172: 7 4 9 5 15 3 14 10 17 20 13 2 18 11 16 8 1 12 6 19 
student 173: 11 19 1 17 7 10 8 2 16 15 20 18 4 9 13 12 3 6 5 14 
student 174: 2 16 6 8 11 1 15 4 9 18 12 5 3 19 20 7 10 13 17 14 
student 175: 7 20 2 18 11 17 12 13 19 9 1 10 8 4 14 16 3 15 5 6 
student 176: 13 17 3 10 15 9 20 6 5 16 8 4 7 12 1 2 19 18 11 14 
student 177: 1 6 3 15 16 11 19 20 4 17 8 10 9 7 14 12 5 18 13 2 
student 178: 4 1 20 13 14 9 10 2 5 17 15 11 3 7 19 12 16 18 6 8 
student 179: 4 7 18 10 16 5 2 6 12 15 8 19 3 20 13 1 9 17 14 11 
student 180: 6 18 4 9 8 14 15 12 16 13 20 5 1 11 17 2 10 19 3 7 
student 181: 3 17 11 1 13 15 4 19 6 14 5 18 7 2 20 9 16 12 10 8 
student 182: 5 13 7 6 10 9 12 17 4 20 1 18 2 8 19 3 15 16 11 14 
student 183: 15 5 4 9 12 16 7 1 20 10 17 2 8 6 19 11 3 14 13 18 
student 184: 2 7 10 3 13 19 12 4 14 11 20 9 8 18 17 1 16 15 5 6 
student 185: 13 3 14 7 5 15 20 8 10 19 12 17 16 4 1 2 9 11 6 18 
student 186: 5 18 17 10 9 4 16 20 13 15 11 14 6 19 2 8 3 12 7 1 
student 187: 7 3 11 14 13 5 12 9 2 17 19 16 8 10 18 1 15 20 4 6 
student 188: 2 12 1 15 16 14 18 4 6 7 8 5 11 13 20 3 10 19 9 17 
student 189: 3 16 7 1 14 8 15 4 12 11 17 2 5 6 19 13 9 18 10 20 
student 190: 15 19 14 7 2 10 20 17 8 11 13 5 4 1 12 3 9 16 18 6 
student 191: 1 13 18 2 3 8 19 4 7 15 16 17 5 6 20 10 9 14 11 12 
student 192: 12 8 17 4 5 2 18 3 16 7 20 9 1 15 10 11 14 19 13 6 
student 193: 13 5 14 12 15 4 10 1 8 17 16 20 7 11 19 6 9 18 2 3 
student 194: 12 15 5 2 18 6 9 7 8 11 20 19 1 17 13 14 4 10 3 16 
student 195: 2 10 19 13 18 15 12 11 5 1 3 16 9 14 20 8 7 6 17 4 
student 196: 13 18 9 1 14 3 12 5 4 11 20 7 8 19 15 2 17 10 6 16 
student 197: 13 17 4 12 18 15 6 14 7 20 8 11 3 9 16 1 19 5 2 10 
student 198: 9 6 12 5 17 4 20 18 15 14 19 11 1 2 16 13 10 7 8 3 
student 199: 1 18 16 5 4 3 7 12 9 15 14 13 6 2 19 17 20 11 8 10 
student 200: 15 12 14 11 10 17 18 4 5 3 19 6 20 9 13 1 2 8 7 16 
student 201: 12 19 15 3 17 1 5 4 2 14 9 20 11 8 7 10 13 18 16 6 
student 202: 5 3 15 4 16 6 10 7 20 14 1 12 2 19 9 11 17 13 8 18 
student 203: 2 8 10 4 14 18 7 15 20 9 17 5 16 12 19 3 13 11 1 6 
student 204: 5 2 13 14 18 7 8 11 1 19 10 4 16 15 12 6 9 17 3 20 
student 205: 3 1 6 2 5 12 14 13 18 15 19 4 7 17 20 11 9 8 16 10 
student 206: 18 19 14 3 11 12 1 8 6 16 10 20 4 5 15 2 17 13 9 7 
student 207: 2 18 3 9 19 11 6 1 15 14 13 4 16 12 7 8 5 10 17 20 
student 208: 19 8 7 16 2 20 12 5 15 18 17 13 3 11 9 4 10 14 1 6 
student 209: 4 3 8 14 5 1 18 10 12 11 9 19 7 16 6 2 17 20 15 13 
student 210: 16 14 12 18 9 5 6 1 11 17 10 4 13 15 3 7 19 20 8 2 
student 211: 5 16 20 12 2 9 7 14 11 13 6 18 8 15 17 3 10 19 1 4 
student 212: 1 14 8 9 5 2 10 7 3 20 18 15 12 6 11 16 13 17 4 19 
student 213: 4 19 7 17 16 6 14 8 5 9 20 2 10 1 18 11 13 12 3 15 
student 214: 15 6 10 14 2 3 1 12 7 8 17 16 5 20 9 4 13 19 11 18 
student 215: 1 18 13 4 2 6 19 9 11 7 16 3 12 17 14 15 10 8 20 5 
student 216: 11 1 10 6 2 20 17 8 15 12 16 19 3 9 13 4 5 14 7 18 
student 217: 1 14 17 5 13 9 19 11 2 15 20 12 6 8 18 10 7 16 3 4 
student 218: 1 11 7 9 19 5 12 18 3 10 15 20 4 17 14 8 6 13 2 16 
student 219: 5 14 2 7 18 1 20 11 12 6 13 9 8 17 15 19 16 3 10 4 
student 220: 14 20 15 7 4 12 2 10 13 17 11 18 6 9 19 5 8 16 3 1 
student 221: 7 14 13 2 16 6 10 12 18 20 15 9 3 19 11 8 17 5 1 4 
student 222: 12 2 1 6 15 14 16 4 3 10 13 9 7 5 19 18 8 20 17 11 
student 223: 7 12 3 16 9 8 1 6 14 15 5 2 4 11 20 10 19 18 13 17 
student 224: 3 5 4 6 10 7 12 20 15 8 13 1 17 11 9 19 16 14 18 2 
student 225: 10 7 11 2 8 4 1 5 18 19 14 3 12 15 6 13 16 20 17 9 
student 226: 6 20 10 1 16 4 18 7 11 19 14 15 3 12 8 2 9 5 17 13 
student 227: 2 20 12 8 9 7 17 5 13 11 14 15 3 16 19 6 10 18 1 4 
student 228: 2 17 20 7 3 1 11 9 14 13 5 19 8 6 16 15 4 18 12 10 
student 229: 12 6 7 11 17 5 20 19 1 15 14 16 10 18 2 8 4 13 9 3 
student 230: 4 14 16 3 6 7 13 1 11 17 19 2 12 18 10 5 9 20 15 8 
student 231: 3 18 9 20 4 2 19 7 6 5 12 17 13 1 8 11 16 14 15 10 
student 232: 8 20 9 7 5 16 10 14 3 15 19 6 1 11 13 17 12 4 2 18 
student 233: 10 19 12 2 6 3 13 9 1 7 5 15 4 14 16 18 20 17 8 11 
student 234: 2 3 11 5 6 7 14 12 8 10 20 9 16 19 17 15 13 18 4 1 
student 235: 4 8 5 7 20 11 10 9 16 19 18 17 2 13 1 6 14 15 12 3 
student 236: 18 16 14 1 19 4 8 5 6 9 20 13 7 17 12 2 10 15 11 3 
student 237: 5 11 12 13 18 10 2 4 14 9 20 6 3 15 7 8 19 1 17 16 
student 238: 13 2 12 4 17 9 15 3 8 16 19 7 14 5 20 6 18 10 11 1 
student 239: 4 8 9 13 16 1 20 5 2 14 11 17 12 7 10 6 18 19 15 3 
student 240: 8 15 12 5 11 16 3 10 19 14 13 17 20 4 7 1 18 2 6 9 
student 241: 7 5 6 8 4 1 9 14 2 13 17 18 10 19 12 16 11 20 3 15 
student 242: 7 10 11 12 6 3 20 1 14 9 18 15 13 17 8 4 16 19 2 5 
student 243: 4 7 9 8 2 1 17 3 11 18 20 14 10 12 15 13 19 16 5 6 
student 244: 16 18 7 4 13 19 11 1 9 5 15 12 6 2 20 14 17 8 3 10 
student 245: 12 13 6 19 3 4 14 11 2 18 16 10 7 17 20 9 5 15 1 8 
student 246: 16 20 13 15 4 5 17 18 10 2 6 14 19 7 9 8 1 11 12 3 
student 247: 4 19 9 2 17 5 15 8 10 11 7 13 3 12 18 6 16 20 14 1 
student 248: 10 19 5 17 1 6 13 3 9 14 15 4 11 12 16 2 8 7 20 18 
student 249: 3 9 11 16 6 19 20 14 12 15 4 7 2 13 17 1 5 18 10 8 
student 250: 6 19 14 1 20 11 17 7 2 12 3 15 5 9 18 4 16 13 8 10 
student 251: 16 13 12 6 7 14 17 3 15 18 5 8 4 19 1 9 20 2 11 10 
student 252: 9 19 10 20 11 4 14 8 6 2 12 7 1 17 16 3 18 15 13 5 
student 253: 1 9 7 5 18 2 10 16 14 15 12 17 4 8 13 11 6 20 19 3 
student 254: 2 14 17 6 20 11 13 10 7 9 5 3 4 18 19 1 15 16 8 12 
student 255: 2 15 13 9 11 1 8 10 4 16 18 14 7 6 19 5 20 12 17 3 
student 256: 5 20 19 6 12 1 2 14 16 17 9 13 4 18 10 7 8 11 3 15 
student 257: 4 16 9 5 14 1 8 7 10 6 17 3 18 11 20 2 13 19 15 12 
student 258: 10 15 14 16 7 20 11 3 6 9 17 19 5 2 18 1 12 13 4 8 
student 259: 17 10 4 2 11 13 6 5 15 8 18 1 12 16 19 20 9 14 3 7 
student 260: 2 19 3 10 8 4 9 6 11 20 1 16 15 14 5 13 7 18 12 17 
student 261: 2 5 13 9 3 1 14 17 8 15 20 16 6 18 10 4 11 12 7 19 
student 262: 4 13 15 12 17 1 5 7 3 2 19 10 9 8 20 11 16 18 14 6 
student 263: 16 19 4 15 10 7 8 14 18 2 20 3 17 6 13 5 11 12 9 1 
student 264: 3 12 9 20 14 11 10 19 7 17 5 1 16 18 13 4 6 2 15 8 
student 265: 11 8 16 7 4 10 3 5 14 17 13 9 15 12 6 1 19 20 18 2 
student 266: 2 7 5 16 10 3 14 15 19 12 13 1 4 9 11 6 17 18 8 20 
student 267: 19 20 12 10 17 16 7 1 8 18 11 9 14 4 3 6 2 13 5 15 
student 268: 15 20 12 16 8 4 14 5 18 9 17 1 10 3 11 6 19 2 13 7 
student 269: 9 19 16 7 14 13 4 15 2 17 18 5 1 20 12 3 6 10 11 8 
student 270: 3 14 5 1 2 8 16 9 7 18 19 13 6 20 12 10 15 17 4 11 
student 271: 1 13 15 20 7 6 18 2 9 4 12 17 14 11 8 3 19 16 5 10 
student 272: 3 15 1 16 7 6 13 11 4 12 20 14 10 9 18 8 17 5 19 2 
student 273: 9 13 7 2 4 11 5 12 10 14 1 18 17 15 19 8 20 6 3 16 
student 274: 1 2 8 5 10 4 3 9 6 16 7 20 17 19 12 18 14 13 11 15 
student 275: 10 7 18 16 1 4 11 14 13 15 17 6 5 12 20 8 2 19 3 9 
student 276: 1 6 3 5 8 10 9 4 12 13 16 14 2 18 19 11 7 20 15 17 
student 277: 18 7 12 4 8 10 19 16 6 17 1 3 2 11 20 13 9 14 15 5 
student 278: 16 20 6 8 15 3 19 5 10 9 14 11 4 1 13 2 17 18 12 7 
student 279: 12 11 14 10 5 6 13 3 7 17 20 2 18 9 16 4 1 19 8 15 
student 280: 1 6 14 5 17 2 20 18 9 15 3 19 10 8 7 13 4 16 11 12 
student 281: 4 3 2 10 7 6 17 16 20 13 9 12 18 14 11 5 8 19 15 1 
student 282: 2 10 15 7 14 5 13 6 9 3 8 19 4 17 16 1 12 20 18 11 
student 283: 3 9 17 11 15 16 19 10 4 7 20 5 2 18 14 8 13 6 1 12 
student 284: 1 5 19 2 7 8 14 17 20 11 9 16 13 18 10 12 4 15 6 3 
student 285: 2 12 10 6 9 15 4 5 3 13 17 11 8 19 14 1 18 16 7 20 
student 286: 10 14 11 18 3 12 9 4 6 7 20 2 15 17 19 5 8 16 13 1 
student 287: 1 13 8 3 10 7 4 6 2 19 16 9 11 18 12 5 15 20 17 14 
student 288: 3 9 10 1 12 2 14 5 11 8 19 6 7 15 17 16 18 13 4 20 
student 289: 6 10 18 11 1 3 15 5 12 19 9 14 4 16 20 13 2 8 7 17 
student 290: 6 1 10 5 8 2 3 14 4 7 18 15 13 11 19 12 16 17 9 20 
student 291: 2 19 14 9 15 12 13 20 7 11 16 18 1 4 17 5 8 10 6 3 
student 292: 7 14 17 1 4 15 10 13 6 20 12 2 5 9 3 8 19 18 16 11 
student 293: 16 12 13 10 11 2 14 9 4 15 19 7 18 20 5 3 1 17 6 8 
student 294: 5 17 18 13 6 7 3 11 16 9 19 2 12 10 14 8 4 20 15 1 
student 295: 17 2 9 5 20 13 12 16 4 18 11 10 14 6 15 1 3 8 7 19 
student 296: 3 1 18 8 4 5 19 16 20 12 13 10 6 7 2 11 9 14 17 15 
student 297: 4 12 8 14 7 1 17 6 5 10 20 16 11 3 19 13 18 9 2 15 
student 298: 15 7 9 8 14 11 4 1 3 12 13 19 2 18 6 5 16 20 17 10 
student 299: 17 18 11 7 10 2 20 8 13 6 16 12 1 9 19 3 4 15 14 5 
student 300: 3 11 18 5 8 7 2 10 6 16 20 19 4 17 9 15 1 12 14 13 
student 301: 11 5 14 17 19 6 3 1 20 10 16 13 4 7 18 9 8 12 15 2 
student 302: 4 18 10 20 17 7 2 5 14 6 19 1 15 16 13 9 11 3 12 8 
student 303: 1 7 19 18 4 5 3 6 14 16 15 17 8 10 11 20 12 13 9 2 
student 304: 3 6 10 13 8 11 17 16 12 19 15 5 9 2 20 4 1 14 7 18 
student 305: 7 12 10 5 18 3 13 16 4 14 19 6 1 20 9 8 17 15 11 2 
student 306: 11 18 16 9 13 20 15 5 2 19 12 4 8 10 6 1 17 7 14 3 
student 307: 2 9 11 19 12 3 18 5 4 14 17 10 7 20 1 8 13 16 15 6 
student 308: 7 18 15 13 19 5 17 9 3 8 4 1 11 12 14 6 16 20 10 2 
student 309: 14 17 15 16 7 19 13 10 6 4 20 5 11 8 9 3 18 2 1 12 
student 310: 8 17 18 1 5 12 6 10 3 4 19 11 14 2 7 13 20 16 9 15 
student 311: 16 17 4 5 15 1 9 3 2 10 12 6 14 20 11 7 18 19 8 13 
student 312: 13 17 18 8 9 2 19 14 5 20 4 1 7 6 3 10 15 11 12 16 
student 313: 7 4 14 1 19 8 10 12 3 11 13 5 2 18 15 9 17 16 6 20 
student 314: 4 3 11 1 19 14 2 17 6 10 20 5 16 7 12 9 15 18 8 13 
student 315: 6 10 2 17 18 11 19 20 15 5 3 1 8 7 14 13 16 9 12 4 
student 316: 9 7 3 1 2 10 11 15 14 19 17 4 18 13 12 16 20 6 8 5 
student 317: 14 8 19 15 17 1 11 2 7 13 18 3 4 20 16 9 10 5 6 12 
student 318: 3 14 6 2 20 17 9 4 11 19 18 16 15 10 13 8 12 5 1 7 
student 319: 4 10 7 13 11 3 17 6 1 16 14 20 5 12 2 15 8 19 18 9 
student 320: 3 7 11 2 18 6 10 15 5 13 1 12 20 19 9 17 8 14 4 16 
student 321: 12 13 4 9 5 14 11 15 7 3 10 20 17 6 8 2 18 16 1 19 
student 322: 14 12 11 6 10 9 15 20 3 18 17 2 13 4 16 1 7 19 8 5 
student 323: 17 9 5 2 3 8 16 4 13 12 10 1 15 18 19 7 11 20 14 6 
student 324: 6 18 20 4 9 12 8 14 13 15 10 11 1 17 16 2 19 3 5 7 
student 325: 9 18 1 14 12 7 10 15 8 16 20 3 6 19 17 5 2 11 4 13 
student 326: 3 2 4 10 18 7 14 6 8 12 19 11 15 5 13 17 16 9 1 20 
student 327: 6 19 7 4 13 10 3 9 16 2 15 14 5 18 12 1 20 11 17 8 
student 328: 5 9 17 4 1 10 2 18 14 12 20 3 6 8 7 11 16 13 15 19 
student 329: 11 15 14 10 16 6 9 13 19 17 5 12 3 4 18 8 7 20 1 2 
student 330: 2 9 18 1 12 8 20 3 5 14 10 15 11 19 7 13 16 4 6 17 
student 331: 11 18 5 7 19 6 17 4 2 15 13 14 1 12 8 3 20 10 9 16 
student 332: 3 9 2 6 20 17 14 15 5 11 12 16 19 10 18 1 13 4 8 7 
student 333: 12 9 11 3 13 20 15 1 10 4 19 16 8 14 17 5 6 7 2 18 
student 334: 2 19 18 10 8 4 9 7 5 17 3 6 11 1 13 12 20 16 14 15 
student 335: 8 14 17 13 15 3 4 16 9 6 18 5 10 19 2 1 12 7 20 11 
student 336: 14 11 16 2 20 6 13 3 9 19 8 5 1 10 18 4 17 15 12 7 
student 337: 6 17 7 12 13 4 10 5 19 16 14 20 3 11 2 9 8 15 1 18 
student 338: 3 17 4 6 13 5 19 14 9 2 7 15 12 16 18 1 10 11 20 8 
student 339: 4 3 7 9 19 13 1 2 8 18 20 5 16 11 15 6 10 17 14 12 
student 340: 5 14 11 16 10 6 18 13 3 12 19 4 17 15 20 8 1 2 9 7 
student 341: 7 16 20 17 13 11 4 19 5 2 18 6 1 14 15 10 9 12 8 3 
student 342: 5 17 11 3 9 13 4 8 12 10 19 7 2 15 16 1 18 14 6 20 
student 343: 9 13 5 19 14 11 4 10 7 17 3 15 2 12 20 1 8 18 16 6 
student 344: 9 11 6 1 15 4 14 2 13 8 5 18 12 10 20 7 17 19 16 3 
student 345: 1 5 18 15 12 7 16 2 19 6 13 9 4 17 20 10 11 14 8 3 
student 346: 8 18 4 6 10 2 16 3 9 20 17 11 7 15 12 1 5 19 13 14 
student 347: 2 10 8 1 13 4 3 18 12 19 16 20 7 15 17 5 9 6 14 11 
student 348: 2 15 16 12 1 8 6 10 7 4 14 3 19 17 20 5 18 9 13 11 
student 349: 3 7 18 1 12 5 17 6 4 13 19 16 2 9 20 11 15 14 10 8 
student 350: 1 11 10 16 17 13 6 3 5 20 15 14 2 4 8 7 19 12 18 9 
student 351: 9 11 17 4 14 5 8 13 16 20 1 12 3 19 15 2 18 10 6 7 
student 352: 5 10 4 7 18 12 9 1 11 19 15 13 17 3 16 2 14 20 6 8 
student 353: 3 8 18 6 7 16 10 12 14 17 13 15 11 20 2 4 5 9 1 19 
student 354: 3 14 9 10 19 16 13 1 5 20 4 18 8 15 17 2 12 7 11 6 
student 355: 2 11 19 4 14 3 15 18 6 5 17 10 1 9 16 12 13 8 20 7 
student 356: 7 19 17 3 16 9 20 6 8 12 10 13 5 14 4 1 18 11 15 2 
student 357: 9 11 5 1 7 2 8 10 15 6 20 16 13 12 18 3 19 17 14 4 
student 358: 1 9 6 10 2 14 19 5 7 4 20 13 16 11 17 3 15 12 8 18 
student 359: 2 17 9 3 11 10 13 14 4 16 8 12 1 15 20 6 18 19 5 7 
student 360: 1 16 6 2 17 13 14 4 18 11 8 10 3 15 20 7 12 19 5 9 
student 361: 4 16 15 1 18 3 11 12 10 5 9 17 2 20 8 19 7 14 6 13 
student 362: 5 20 12 4 18 10 19 3 7 11 1 17 2 8 16 13 15 9 6 14 
student 363: 20 16 12 6 15 1 8 7 2 17 9 19 10 3 18 11 4 14 13 5 
student 364: 2 13 20 8 6 12 14 19 3 1 9 7 10 11 18 5 17 16 4 15 
student 365: 9 12 3 1 15 6 19 2 7 17 20 5 8 16 11 10 18 14 13 4 
student 366: 12 11 3 2 18 6 13 5 9 17 8 15 4 1 19 10 7 20 14 16 
student 367: 1 12 15 13 18 2 17 7 11 10 4 19 5 3 8 6 16 20 14 9 
student 368: 7 8 3 18 1 6 15 10 11 20 5 14 2 17 13 9 19 16 12 4 
student 369: 1 4 9 3 10 2 18 7 19 16 6 14 17 5 13 8 11 20 12 15 
student 370: 12 19 3 18 2 17 9 11 4 14 8 7 1 20 13 6 15 10 16 5 
student 371: 4 18 11 3 16 17 9 13 2 20 10 1 14 15 8 6 5 19 7 12 
student 372: 8 14 15 11 20 2 6 9 3 18 12 10 7 17 13 1 5 16 19 4 
student 373: 11 18 5 14 13 9 10 2 12 17 4 7 19 20 8 1 16 15 3 6 
student 374: 5 17 12 16 11 7 6 19 9 4 10 1 8 14 20 18 2 15 3 13 
student 375: 18 20 12 19 9 6 16 3 11 5 13 1 14 17 7 4 10 15 2 8 
student 376: 4 14 7 13 5 8 10 3 9 12 15 17 16 20 1 2 19 11 18 6 
student 377: 7 9 4 19 1 17 14 3 2 12 18 5 8 20 13 6 10 11 16 15 
student 378: 6 3 16 8 4 12 9 15 17 13 19 2 10 1 18 14 5 11 7 20 
student 379: 3 16 17 10 15 19 6 7 8 14 13 2 1 9 5 4 18 11 20 12 
student 380: 15 17 5 8 20 2 1 12 16 18 13 7 4 11 9 6 19 14 3 10 
student 381: 6 18 5 1 8 17 16 4 11 20 13 14 3 12 15 2 19 10 7 9 
student 382: 1 18 4 7 20 6 3 5 13 8 11 17 9 14 19 2 10 16 12 15 
student 383: 3 17 8 2 13 14 1 11 10 19 16 7 6 12 5 18 15 20 4 9 
student 384: 16 19 12 18 11 4 8 1 10 17 9 7 6 2 14 3 15 5 20 13 
student 385: 9 12 5 19 7 17 16 4 14 20 18 10 3 13 15 2 11 6 1 8 
student 386: 18 1 10 5 2 15 11 4 9 16 19 6 3 7 20 8 12 13 14 17 
student 387: 18 16 2 7 15 9 14 12 1 8 20 10 11 5 17 4 3 19 13 6 
student 388: 2 17 8 10 18 12 7 5 15 19 13 20 3 9 11 1 4 14 6 16 
student 389: 1 13 19 6 4 2 20 5 17 14 12 10 18 3 16 9 11 7 15 8 
student 390: 4 5 20 1 11 18 8 3 9 19 12 7 2 14 16 6 10 17 15 13 
student 391: 3 19 15 6 5 2 16 4 8 9 17 20 1 18 11 10 12 14 13 7 
student 392: 5 15 11 17 20 10 14 4 3 16 9 8 19 18 13 1 12 7 6 2 
student 393: 9 12 2 16 4 14 8 7 1 18 10 11 17 6 13 3 15 19 20 5 
student 394: 1 2 6 8 18 3 10 5 19 12 14 17 4 20 13 11 7 15 16 9 
student 395: 16 9 7 3 8 1 19 6 4 10 5 15 14 20 17 11 13 12 2 18 
student 396: 2 16 6 8 9 13 15 10 7 17 19 3 1 18 5 11 20 4 14 12 
student 397: 4 18 17 20 9 11 6 13 7 15 14 5 1 19 3 10 12 16 8 2 
student 398: 14 12 10 4 18 3 11 2 7 16 13 6 5 9 20 19 1 8 15 17 
student 399: 1 14 12 8 7 9 3 5 11 10 20 16 4 15 6 13 18 19 2 17 
student 400: 17 14 18 13 4 7 3 1 10 20 11 6 12 15 19 2 16 8 5 9 
student 401: 6 3 19 7 2 9 8 17 10 20 4 5 13 16 12 14 15 18 1 11 
student 402: 3 11 19 6 14 2 1 12 9 15 13 10 4 20 5 17 7 18 8 16 
student 403: 1 18 14 17 6 19 13 7 8 3 2 9 11 12 15 4 10 20 5 16 
student 404: 7 18 1 4 15 2 6 20 3 10 16 11 12 13 19 5 8 17 14 9 
student 405: 5 20 9 7 4 8 17 18 6 2 12 3 11 16 19 10 1 13 15 14 
student 406: 10 12 8 7 16 3 18 19 20 5 11 6 4 9 14 1 13 17 2 15 
student 407: 19 2 16 11 10 17 13 1 8 5 6 7 14 3 20 15 4 18 12 9 
student 408: 3 9 10 11 7 8 19 1 15 13 20 17 5 18 14 6 4 16 2 12 
student 409: 3 12 9 8 1 7 15 10 14 2 19 6 5 11 20 4 13 16 18 17 
student 410: 4 8 14 16 11 9 6 5 2 19 15 13 18 3 10 7 17 20 1 12 
student 411: 9 19 13 4 5 12 14 7 16 6 20 10 3 11 17 8 18 1 2 15 
student 412: 2 14 9 1 11 6 20 3 18 13 5 7 4 15 17 19 10 16 12 8 
student 413: 14 18 2 1 6 12 7 15 3 4 10 17 5 16 19 20 9 11 8 13 
student 414: 15 4 8 16 9 5 6 3 1 7 17 10 18 13 11 12 19 20 2 14 
student 415: 12 10 16 1 11 3 19 7 14 18 6 15 2 17 4 8 9 20 13 5 
student 416: 5 17 3 9 18 7 12 16 8 13 15 4 1 14 20 6 11 19 10 2 
student 417: 14 11 19 10 2 20 8 16 3 1 13 15 18 17 5 4 7 6 9 12 
student 418: 2 19 7 10 13 1 9 18 6 5 16 8 11 15 17 20 12 4 14 3 
student 419: 3 18 4 17 8 5 15 16 19 9 20 2 10 12 11 6 7 13 14 1 
student 420: 5 15 10 4 13 7 12 14 3 19 16 11 17 20 1 6 8 18 9 2 
student 421: 20 10 16 12 17 5 14 13 2 15 1 4 3 7 19 11 6 18 9 8 
student 422: 16 6 13 15 4 1 10 3 9 19 12 18 2 11 17 8 7 5 14 20 
student 423: 7 14 5 8 19 1 4 17 13 3 18 11 12 16 10 15 20 9 2 6 
student 424: 4 14 7 5 19 16 18 20 2 8 11 10 1 13 12 15 9 3 6 17 
student 425: 2 19 12 11 9 4 20 14 6 18 8 10 17 5 13 3 16 15 7 1 
student 426: 4 13 11 9 14 12 17 18 8 10 16 6 2 1 5 3 20 19 15 7 
student 427: 8 16 17 1 11 9 6 3 4 18 5 14 7 19 20 10 15 13 2 12 
student 428: 8 9 10 16 19 13 15 4 3 20 6 17 1 18 7 2 5 14 11 12 
student 429: 9 6 10 14 7 1 11 13 5 19 17 16 20 18 12 8 15 2 3 4 
student 430: 1 5 17 8 3 12 7 15 20 11 19 13 10 14 6 9 2 18 4 16 
student 431: 4 16 17 9 20 8 19 13 2 5 11 1 18 12 15 14 6 7 3 10 
student 432: 2 12 19 1 16 7 10 5 17 4 11 18 15 20 14 3 8 6 13 9 
student 433: 4 19 15 8 3 10 11 2 18 14 16 1 9 13 20 5 12 7 6 17 
student 434: 2 16 11 4 10 6 7 14 1 20 5 13 9 8 15 18 12 17 3 19 
student 435: 3 13 19 10 14 11 12 4 2 6 5 1 8 17 18 16 7 15 20 9 
student 436: 14 9 16 5 15 3 19 1 11 13 20 10 2 8 4 7 18 17 6 12 
student 437: 5 11 14 3 1 2 15 7 9 12 16 4 8 17 13 6 10 18 19 20 
student 438: 4 9 10 14 16 19 1 3 2 12 18 7 20 8 13 11 17 15 5 6 
student 439: 6 9 7 3 1 16 13 14 19 20 18 10 2 8 12 5 11 17 4 15 
student 440: 11 7 6 3 13 12 4 15 5 20 17 9 10 16 1 18 14 2 8 19 
student 441: 4 12 5 10 9 19 8 6 3 11 14 20 1 16 13 7 17 18 2 15 
student 442: 2 12 15 19 7 11 10 8 17 3 16 1 6 20 14 5 13 18 4 9 
student 443: 16 11 2 5 14 19 8 1 9 18 12 3 20 13 17 4 7 15 6 10 
student 444: 9 17 15 6 12 1 18 4 2 20 16 5 3 8 19 13 14 7 11 10 
student 445: 4 2 3 8 11 1 10 13 16 15 19 7 12 17 9 5 14 18 20 6 
student 446: 1 17 9 8 3 12 2 11 6 18 5 14 20 4 19 13 16 15 10 7 
student 447: 13 19 17 10 14 2 7 20 1 4 11 3 8 16 18 12 6 5 9 15 
student 448: 2 18 14 9 5 4 11 1 3 20 17 19 8 16 6 10 7 15 12 13 
student 449: 15 18 10 7 6 8 11 1 5 13 19 12 16 4 14 9 20 17 3 2 
student 450: 4 19 16 10 5 2 17 3 6 15 20 9 11 18 7 14 13 12 1 8 
student 451: 5 10 11 15 8 1 12 19 13 6 18 3 2 20 9 14 7 17 4 16 
student 452: 2 19 15 8 6 4 11 3 7 13 10 17 12 20 18 5 1 16 9 14 
student 453: 5 8 12 1 13 10 20 3 6 15 4 2 7 14 19 9 17 11 16 18 
student 454: 1 2 4 17 12 11 5 9 10 14 19 3 15 20 18 13 8 16 7 6 
student 455: 20 17 9 7 15 2 1 10 13 12 4 19 6 14 18 3 11 16 8 5 
student 456: 10 19 18 15 9 2 16 3 12 8 11 14 5 6 17 20 1 13 7 4 
student 457: 3 4 5 10 1 9 17 12 6 16 18 13 11 20 14 8 19 15 2 7 
student 458: 11 16 12 14 3 6 19 1 9 8 15 7 4 20 18 5 13 17 2 10 
student 459: 4 6 19 8 15 7 11 1 9 20 16 17 5 12 14 2 13 18 3 10 
student 460: 1 14 2 16 10 3 18 13 5 7 20 17 12 6 11 8 4 19 15 9 
student 461: 5 14 12 18 16 7 20 8 6 4 10 19 3 15 13 2 17 1 11 9 
student 462: 15 4 11 17 9 2 13 3 14 20 12 10 8 5 19 6 18 7 16 1 
student 463: 16 8 4 10 5 1 17 15 6 12 18 7 3 19 14 2 13 20 9 11 
student 464: 4 13 2 5 17 9 3 6 7 18 14 1 10 16 20 11 12 8 15 19 
student 465: 1 12 3 5 13 7 17 8 18 19 16 20 11 2 14 9 15 6 10 4 
student 466: 17 6 2 4 18 12 16 13 19 9 8 1 11 10 20 15 14 7 5 3 
student 467: 4 11 14 19 16 3 15 8 2 20 12 7 13 5 18 6 9 17 10 1 
student 468: 10 9 8 19 2 4 12 11 5 14 15 17 1 18 13 20 6 16 3 7 
student 469: 1 5 8 3 15 20 13 4 6 11 18 10 17 19 16 7 12 2 14 9 
student 470: 8 2 12 6 17 3 16 4 10 7 19 5 9 11 20 14 18 13 1 15 
student 471: 10 16 7 6 2 5 14 4 12 20 18 8 9 11 19 1 17 3 13 15 
student 472: 10 9 14 13 4 16 8 1 19 6 11 20 5 2 18 3 12 15 7 17 
student 473: 2 17 11 5 12 19 13 9 3 1 10 20 6 15 18 8 4 16 14 7 
student 474: 7 11 16 1 13 2 18 8 10 5 6 12 3 17 19 15 14 20 4 9 
student 475: 18 12 5 7 20 1 9 11 16 4 19 10 15 17 14 2 6 8 13 3 
student 476: 2 18 9 17 4 10 13 6 1 8 19 7 14 16 15 3 12 20 5 11 
student 477: 15 12 17 19 9 8 3 10 1 13 7 18 5 2 20 11 4 14 6 16 
student 478: 1 2 6 4 12 8 16 15 14 9 20 18 19 3 13 10 5 17 7 11 
student 479: 11 10 20 6 13 8 9 12 5 16 14 7 15 17 19 4 3 18 1 2 
student 480: 2 13 17 12 14 1 18 4 6 19 11 5 7 20 15 10 3 8 16 9 
student 481: 9 19 2 4 7 13 15 3 14 16 12 8 5 6 18 1 11 20 10 17 
student 482: 6 12 2 17 8 3 1 13 5 9 18 16 15 19 14 7 10 4 20 11 
student 483: 18 11 16 3 2 4 20 13 10 6 1 15 9 12 14 8 19 5 17 7 
student 484: 2 12 11 7 4 3 5 18 9 13 16 15 1 17 20 8 19 6 14 10 
student 485: 20 11 10 14 16 2 15 5 3 8 12 7 1 18 13 4 9 19 17 6 
student 486: 12 13 20 4 14 17 6 11 5 10 18 16 2 19 8 9 15 3 7 1 
student 487: 9 12 5 8 11 15 2 7 14 13 6 16 17 18 1 4 20 19 3 10 
student 488: 11 13 19 20 9 4 15 5 6 14 7 3 17 16 18 2 12 8 1 10 
student 489: 3 19 15 6 11 18 17 7 8 12 1 9 2 10 20 4 14 5 16 13 
student 490: 7 10 6 14 17 18 12 5 1 3 11 2 9 20 16 4 15 13 8 19 
student 491: 6 8 4 9 5 10 18 2 12 17 19 11 16 15 20 3 14 13 1 7 
student 492: 5 9 16 17 20 3 14 10 18 2 8 12 19 1 15 4 11 7 6 13 
student 493: 7 2 6 1 20 9 10 5 19 4 11 3 12 18 16 14 15 17 13 8 
student 494: 4 18 1 3 10 12 19 2 8 7 13 15 6 11 17 20 9 16 5 14 
student 495: 3 12 17 5 14 2 7 6 11 16 8 1 13 20 18 10 4 19 15 9 
student 496: 2 7 4 5 14 12 11 10 8 16 15 20 6 18 19 17 3 13 1 9 
student 497: 1 6 14 17 5 2 16 9 15 4 18 7 3 20 19 12 13 10 11 8 
student 498: 11 3 5 4 12 8 15 18 10 17 7 14 20 2 6 1 19 13 9 16 
student 499: 12 10 15 17 8 19 16 1 11 20 13 4 2 9 14 7 6 18 3 5 
student 500: 11 20 13 4 5 2 19 9 6 17 8 7 1 10 14 16 12 15 18 3 
student 501: 11 1 14 4 10 3 7 12 5 19 18 20 16 13 17 8 9 6 15 2 
student 502: 1 4 7 12 9 13 14 8 16 20 6 17 19 10 18 5 11 15 3 2 
student 503: 11 6 13 7 8 2 16 1 20 17 19 15 4 14 9 12 3 18 5 10 
student 504: 9 10 8 4 20 1 11 14 5 7 3 13 12 19 18 6 15 17 2 16 
student 505: 12 5 3 7 18 4 2 15 17 6 13 20 1 9 11 14 10 16 8 19 
student 506: 9 11 8 7 20 2 16 13 3 1 5 15 17 12 10 14 4 19 6 18 
student 507: 19 13 15 11 20 8 10 9 3 12 14 7 6 2 18 5 16 17 4 1 
student 508: 14 6 8 10 9 12 19 13 15 3 11 18 5 16 17 1 7 20 4 2 
student 509: 3 9 4 13 16 15 19 14 8 2 12 11 5 18 6 10 1 17 20 7 
student 510: 9 5 13 7 14 6 8 3 4 11 15 19 18 20 1 12 17 10 16 2 
student 511: 10 20 8 18 2 5 16 4 7 9 14 6 19 15 1 13 11 17 3 12 
student 512: 9 16 3 18 2 13 20 19 11 12 14 1 5 7 4 8 6 10 15 17 
student 513: 17 15 10 9 20 12 11 1 2 5 19 3 4 13 6 8 7 18 14 16 
student 514: 4 5 1 3 2 19 20 12 14 18 10 7 6 16 13 15 8 9 17 11 
student 515: 10 2 20 11 14 5 19 8 4 9 16 18 3 12 6 1 13 15 7 17 
student 516: 9 18 19 11 12 7 10 17 1 16 2 5 14 15 8 13 6 20 4 3 
student 517: 20 18 14 1 5 6 7 8 12 10 15 9 2 17 4 3 19 11 16 13 
student 518: 5 7 2 3 14 8 19 6 17 11 13 1 15 4 9 10 20 12 18 16 
student 519: 9 10 19 1 16 8 12 4 3 6 2 18 7 20 5 13 14 11 17 15 
student 520: 6 20 11 7 12 13 18 16 10 17 9 3 4 19 8 1 14 5 2 15 
student 521: 4 20 9 17 6 11 16 8 14 3 1 19 2 10 13 5 12 18 7 15 
student 522: 7 4 1 20 9 13 18 3 12 16 5 11 14 8 15 6 10 19 17 2 
student 523: 13 17 7 4 18 1 11 2 14 6 9 15 8 19 12 10 5 16 3 20 
student 524: 8 16 17 3 14 19 15 11 2 18 7 5 9 6 13 1 4 10 12 20 
student 525: 12 11 19 10 4 2 18 7 9 15 3 8 1 6 17 14 16 20 5 13 
student 526: 16 13 7 15 8 5 20 6 4 12 11 19 9 14 18 1 3 2 17 10 
student 527: 12 6 18 5 19 13 8 7 3 1 20 10 17 14 15 16 4 2 9 11 
student 528: 6 13 16 15 17 9 10 3 19 11 2 4 5 18 8 7 14 12 1 20 
student 529: 9 8 5 16 10 20 4 3 1 17 13 14 11 18 19 7 15 12 6 2 
student 530: 7 2 4 11 20 1 14 5 3 9 19 18 8 16 15 6 10 12 13 17 
student 531: 7 14 18 13 9 2 5 1 12 17 10 15 6 4 11 3 20 19 8 16 
student 532: 3 11 20 7 19 2 13 16 14 9 6 4 17 15 18 1 10 12 5 8 
student 533: 12 19 1 5 14 7 17 16 13 18 11 9 8 20 6 10 2 4 15 3 
student 534: 19 11 9 12 2 5 17 1 14 10 20 15 4 8 16 18 6 7 3 13 
student 535: 4 15 10 14 8 16 1 12 9 19 18 7 3 11 20 2 17 13 6 5 
student 536: 16 2 6 10 5 3 4 13 12 14 20 9 1 7 8 17 18 19 15 11 
student 537: 7 14 5 15 17 3 2 10 16 9 18 13 20 12 1 4 6 19 8 11 
student 538: 11 4 13 6 12 14 15 16 9 5 17 10 7 8 20 1 3 2 19 18 
student 539: 19 18 13 15 11 6 8 1 4 14 16 10 3 9 17 2 12 20 7 5 
student 540: 2 9 5 4 15 1 17 13 8 10 14 3 6 7 12 20 18 11 16 19 
student 541: 19 14 7 6 11 13 9 5 10 16 18 4 3 12 17 15 1 2 8 20 
student 542: 14 16 4 3 20 6 12 7 10 13 15 9 17 8 18 11 5 19 2 1 
student 543: 17 19 18 6 14 4 13 7 1 11 8 12 10 9 16 2 3 15 20 5 
student 544: 6 18 8 17 12 14 20 2 3 15 16 7 9 10 5 4 13 19 1 11 
student 545: 5 15 12 1 10 3 18 11 19 2 17 13 4 7 20 6 14 9 8 16 
student 546: 1 8 12 11 16 2 19 20 17 10 14 3 4 15 6 13 5 18 7 9 
student 547: 14 8 16 18 13 4 2 6 9 12 20 1 3 17 11 10 5 19 7 15 
student 548: 2 16 3 19 1 4 15 10 13 18 7 8 11 20 9 17 14 5 6 12 
student 549: 2 15 8 3 6 14 10 11 20 4 7 12 1 13 19 5 9 17 16 18 
student 550: 1 20 10 2 7 9 17 3 6 18 16 8 13 15 11 5 12 14 19 4 
student 551: 6 7 15 18 19 10 2 5 11 20 3 8 9 14 1 4 12 16 17 13 
student 552: 1 20 3 7 18 4 16 12 2 5 17 8 10 14 15 13 9 6 11 19 
student 553: 18 13 4 6 9 7 19 16 12 14 15 3 2 20 17 1 10 11 5 8 
student 554: 6 20 12 2 9 15 14 10 4 16 18 8 1 17 11 7 13 19 3 5 
student 555: 8 16 11 5 9 17 15 2 14 1 6 13 18 20 7 10 3 19 12 4 
student 556: 4 20 18 14 1 5 7 16 2 8 15 10 13 3 6 11 12 17 9 19 
student 557: 18 10 13 9 2 7 14 5 12 15 19 8 4 16 17 1 3 20 11 6 
student 558: 6 4 15 13 12 2 18 8 9 11 17 10 3 1 20 7 5 19 16 14 
student 559: 18 20 8 15 17 1 6 5 11 12 19 2 3 16 9 14 13 10 7 4 
student 560: 8 6 18 1 3 13 10 2 7 20 16 19 4 17 14 11 12 9 15 5 
student 561: 9 13 10 3 5 8 19 15 2 7 14 18 11 6 17 1 12 20 4 16 
student 562: 9 16 8 3 10 2 11 1 13 14 20 6 12 4 19 5 15 17 18 7 
student 563: 3 13 14 5 7 11 10 1 9 8 15 19 18 17 6 2 4 20 16 12 
student 564: 1 17 15 16 2 6 20 8 12 18 5 14 7 11 9 4 19 3 10 13 
student 565: 19 16 9 11 3 7 10 15 1 14 2 17 4 18 12 5 20 8 6 13 
student 566: 15 12 18 14 11 3 7 19 2 8 5 17 16 4 20 6 1 9 10 13 
student 567: 3 16 9 4 20 19 13 5 11 6 10 2 7 18 17 1 8 14 12 15 
student 568: 13 18 10 17 2 1 11 5 4 19 8 12 7 6 20 3 16 15 9 14 
student 569: 15 14 12 4 5 2 10 3 9 18 17 1 8 19 20 7 6 13 16 11 
student 570: 11 8 9 2 5 13 20 6 17 15 1 10 12 16 19 3 14 18 4 7 
student 571: 6 14 1 3 16 8 20 12 15 13 17 2 9 5 19 7 4 10 11 18 
student 572: 1 17 2 11 12 8 9 20 4 13 19 6 5 18 15 14 3 7 10 16 
student 573: 17 11 1 8 19 2 16 12 7 20 18 13 14 15 6 5 4 3 10 9 
student 574: 3 17 1 5 13 7 10 11 15 14 4 12 20 19 9 8 6 18 16 2 
student 575: 7 6 10 5 14 2 3 12 13 18 1 11 20 19 16 15 17 8 4 9 
student 576: 12 20 5 10 17 3 18 16 14 11 7 2 9 19 15 8 6 4 13 1 
student 577: 3 18 16 4 19 13 15 7 5 20 12 17 2 11 10 9 1 6 14 8 
student 578: 11 17 12 1 9 6 15 8 7 13 3 16 18 20 19 4 5 10 2 14 
student 579: 7 19 16 15 4 1 11 3 5 20 17 14 9 12 8 10 6 18 13 2 
student 580: 13 6 10 4 15 5 8 14 11 7 12 16 9 20 1 2 18 19 3 17 
student 581: 8 7 10 11 15 1 14 3 5 20 16 4 6 12 19 2 18 9 13 17 
student 582: 14 18 11 6 12 4 19 3 2 8 17 10 9 7 1 13 16 5 15 20 
student 583: 13 8 5 6 9 11 12 1 16 2 18 10 7 17 15 4 20 3 19 14 
student 584: 2 8 9 6 14 11 16 4 10 19 12 13 7 15 18 3 17 5 20 1 
student 585: 6 3 5 9 7 11 18 19 4 16 8 14 1 15 20 2 13 12 10 17 
student 586: 9 13 5 7 10 8 4 11 1 14 20 6 2 3 19 16 15 18 17 12 
student 587: 3 5 11 18 2 14 13 17 9 16 19 8 7 12 15 4 10 20 6 1 
student 588: 15 14 2 10 6 4 8 5 11 20 12 17 3 13 7 1 16 18 19 9 
student 589: 6 10 7 16 3 18 8 4 17 15 1 9 2 20 19 5 11 12 13 14 
student 590: 12 13 20 5 7 9 16 8 2 14 11 10 1 4 17 18 6 15 3 19 
student 591: 18 3 20 7 11 17 19 9 13 8 5 1 12 2 15 6 14 10 16 4 
student 592: 14 19 16 5 6 9 10 17 20 2 12 1 11 15 13 8 7 18 3 4 
student 593: 4 18 19 3 9 1 5 20 16 8 13 17 2 12 7 14 6 11 15 10 
student 594: 10 9 17 13 20 12 2 8 3 6 15 16 14 5 7 1 11 19 18 4 
student 595: 2 13 16 5 15 20 10 12 9 19 7 1 6 4 17 11 14 18 3 8 
student 596: 4 14 18 17 10 15 11 5 8 9 16 12 2 13 6 1 7 20 19 3 
student 597: 10 13 8 11 5 12 18 7 15 14 1 17 2 9 20 16 4 3 19 6 
student 598: 4 19 15 2 5 6 13 11 18 16 17 12 3 9 14 7 20 10 1 8 
student 599: 4 19 1 9 15 8 16 6 5 7 12 20 2 18 11 14 3 17 10 13 
student 600: 2 9 20 13 14 4 11 17 16 8 6 19 15 3 12 10 7 18 5 1 
student 601: 2 10 1 11 6 16 8 9 12 19 17 15 5 18 20 7 14 3 4 13 
student 602: 1 11 17 10 12 6 8 3 7 14 13 2 5 18 19 4 16 20 15 9 
student 603: 9 10 19 17 13 11 14 3 2 20 18 16 12 4 7 8 1 15 5 6 
student 604: 1 20 15 11 9 14 13 18 6 8 19 2 12 17 7 10 4 5 16 3 
student 605: 17 18 6 2 1 7 11 4 13 5 3 14 8 19 12 16 9 20 15 10 
student 606: 1 12 6 5 7 2 13 19 10 18 15 17 9 20 11 4 8 14 3 16 
student 607: 4 7 10 1 16 5 6 13 3 18 11 12 9 15 17 2 8 14 20 19 
student 608: 3 13 10 7 20 2 12 1 4 16 17 11 19 14 15 5 18 9 8 6 
student 609: 10 1 17 8 18 13 14 20 7 12 5 3 11 6 16 15 2 19 9 4 
student 610: 13 17 12 6 20 3 15 1 8 2 18 11 4 5 19 7 9 16 10 14 
student 611: 9 17 13 1 6 5 20 11 4 14 19 3 7 12 18 8 16 15 10 2 
student 612: 18 1 4 12 19 16 11 2 3 15 10 20 5 14 17 8 6 13 7 9 
student 613: 8 17 19 11 13 3 4 10 14 20 12 2 1 9 16 5 6 18 7 15 
student 614: 6 12 19 14 17 7 4 5 3 10 13 9 2 11 16 15 18 8 20 1 
student 615: 19 4 9 1 3 5 11 6 7 17 18 15 10 14 8 20 2 12 13 16 
student 616: 2 19 1 18 9 6 13 4 14 15 11 12 3 20 17 5 16 7 10 8 
student 617: 11 5 19 2 20 4 16 13 6 17 12 14 1 8 18 3 7 10 9 15 
student 618: 3 9 18 10 14 13 20 8 2 1 11 16 7 19 17 12 15 6 5 4 
student 619: 9 18 19 11 13 4 2 5 15 16 14 1 8 7 17 10 12 20 6 3 
student 620: 11 2 17 3 1 12 7 6 5 9 20 18 14 15 13 4 19 16 8 10 
student 621: 1 15 3 12 5 2 14 8 4 9 20 16 13 17 19 6 10 18 7 11 
student 622: 20 9 19 11 15 5 14 7 17 16 8 6 13 10 18 4 3 1 2 12 
student 623: 2 1 17 8 12 4 3 5 6 20 19 15 7 11 13 14 18 9 10 16 
student 624: 3 5 13 16 12 17 14 4 15 18 6 8 1 9 10 7 11 20 19 2 
student 625: 8 17 16 9 14 1 11 3 2 4 20 15 5 18 19 12 13 10 6 7 
student 626: 10 7 1 20 2 5 12 16 3 8 15 9 14 18 13 4 6 17 11 19 
student 627: 2 3 13 7 4 9 19 1 8 16 11 5 18 17 10 12 20 6 15 14 
student 628: 1 5 8 12 3 7 17 10 9 20 6 19 16 18 15 2 11 14 4 13 
student 629: 8 13 18 9 15 5 2 11 6 16 19 14 7 3 10 4 17 20 12 1 
student 630: 8 14 9 1 3 6 16 4 2 15 13 12 11 20 17 5 10 18 19 7 
student 631: 6 4 8 13 19 2 15 17 5 11 3 9 1 18 14 16 12 10 7 20 
student 632: 2 10 6 3 11 1 13 7 18 20 19 14 8 5 16 9 12 15 4 17 
student 633: 8 1 7 4 17 15 11 16 14 20 6 13 10 19 2 5 9 18 12 3 
student 634: 3 20 4 12 19 1 15 2 11 9 14 18 6 10 17 8 16 13 7 5 
student 635: 16 9 14 6 13 3 17 15 11 2 12 20 1 19 18 8 10 7 5 4 
student 636: 2 14 3 1 8 6 10 9 16 18 20 17 7 19 12 5 11 15 4 13 
student 637: 1 5 4 3 19 7 11 16 13 9 20 2 17 12 18 8 6 10 14 15 
student 638: 7 5 18 10 19 3 13 14 2 12 11 17 1 6 20 16 8 9 15 4 
student 639: 1 11 2 10 7 8 12 9 6 15 19 20 5 13 18 16 17 14 4 3 
student 640: 2 17 18 16 7 20 6 5 4 14 9 8 3 10 12 13 1 15 11 19 
student 641: 6 8 17 20 14 4 3 9 15 18 19 7 16 13 12 2 10 11 5 1 
student 642: 5 2 12 1 13 4 15 6 3 19 17 18 7 20 9 10 14 11 8 16 
student 643: 3 5 2 6 17 18 10 12 13 15 8 19 20 4 16 1 7 14 9 11 
student 644: 16 1 15 12 9 7 5 18 4 13 14 2 17 19 20 6 10 11 8 3 
student 645: 2 8 9 6 12 11 19 13 3 20 7 5 15 16 17 4 10 18 1 14 
student 646: 9 16 15 2 11 5 18 6 1 7 20 13 4 19 17 3 14 10 8 12 
student 647: 1 19 5 4 11 6 3 7 8 18 16 17 14 9 20 2 10 13 12 15 
student 648: 17 20 5 4 15 8 11 3 7 9 12 14 6 16 13 2 19 18 10 1 
student 649: 4 15 8 1 14 5 12 17 7 10 13 19 3 20 2 9 6 18 16 11 
student 650: 20 11 5 2 14 4 6 7 3 10 19 12 17 8 15 18 16 13 1 9 
student 651: 2 4 3 20 10 18 13 6 5 8 16 11 7 9 14 15 19 17 12 1 
student 652: 2 20 19 6 14 17 13 16 4 3 18 1 7 15 9 11 5 8 10 12 
student 653: 10 13 9 15 11 2 17 1 4 14 5 8 6 12 18 7 3 19 20 16 
student 654: 17 1 11 3 19 8 9 7 4 6 2 12 10 16 20 5 18 14 15 13 
student 655: 15 8 16 7 17 1 4 3 5 13 19 14 2 10 20 12 6 11 9 18 
student 656: 12 17 13 11 15 4 2 6 1 16 19 3 20 14 18 7 8 9 5 10 
student 657: 9 16 2 12 8 6 13 5 4 20 17 11 1 19 15 7 3 18 14 10 
student 658: 6 10 4 1 16 5 19 2 8 14 20 12 7 17 18 11 15 13 3 9 
student 659: 1 9 5 4 18 8 7 10 17 11 16 13 2 20 12 3 19 15 14 6 
student 660: 2 10 16 4 6 3 12 15 8 9 13 7 1 19 11 20 18 17 5 14 
student 661: 10 19 8 3 7 1 16 17 18 11 15 9 4 6 20 12 5 14 13 2 
student 662: 7 12 10 11 19 9 5 8 14 17 4 15 1 3 16 6 13 20 2 18 
student 663: 1 18 11 8 15 9 17 6 10 2 12 16 13 19 3 5 14 20 4 7 
student 664: 9 19 4 18 8 1 7 5 17 14 6 13 15 12 11 10 2 3 20 16 
student 665: 11 3 13 10 20 1 12 4 9 16 5 17 7 18 19 6 2 15 8 14 
student 666: 6 13 9 18 10 4 20 8 5 17 7 19 1 11 12 3 14 16 2 15 
student 667: 6 9 11 5 20 16 14 7 4 17 10 15 2 8 19 1 18 12 13 3 
student 668: 11 7 10 2 14 1 6 15 12 5 19 20 3 9 16 4 17 8 13 18 
student 669: 1 18 20 19 11 5 17 3 12 13 16 10 15 4 8 2 6 9 14 7 
student 670: 1 4 8 3 20 5 12 9 19 17 18 2 13 11 14 7 10 6 16 15 
student 671: 5 4 20 10 2 12 15 8 3 7 6 9 17 13 18 14 1 16 19 11 
student 672: 3 10 4 8 14 1 16 15 2 20 13 12 6 9 11 5 18 7 19 17 
student 673: 1 18 10 17 13 6 9 4 11 19 7 14 3 16 2 5 12 8 20 15 
student 674: 2 13 15 3 19 1 8 20 16 9 11 14 5 18 12 4 17 6 10 7 
student 675: 14 7 5 17 15 4 10 3 12 9 20 6 1 13 8 11 16 19 2 18 
student 676: 4 16 18 19 12 11 15 5 7 10 1 2 8 17 3 6 13 14 9 20 
student 677: 9 18 13 12 10 6 7 8 19 1 16 3 4 20 5 2 14 11 15 17 
student 678: 6 12 5 8 11 2 18 9 14 15 20 10 4 17 16 3 13 19 1 7 
student 679: 6 3 14 11 4 17 12 13 10 1 20 19 2 18 7 9 15 5 16 8 
student 680: 2 15 11 16 7 3 9 1 12 14 5 8 17 19 20 4 10 18 6 13 
student 681: 2 19 14 11 15 12 1 7 3 16 10 8 4 13 18 9 5 17 20 6 
student 682: 1 10 12 5 7 20 13 2 9 16 17 8 4 11 19 3 18 15 6 14 
student 683: 1 19 10 2 11 3 6 5 14 7 15 8 16 9 20 18 17 13 12 4 
student 684: 1 15 14 5 17 4 13 12 11 2 20 7 9 19 18 8 16 10 6 3 
student 685: 1 20 15 6 9 5 3 7 14 8 17 4 2 10 13 12 19 16 11 18 
student 686: 14 11 13 6 9 20 12 10 8 5 17 2 3 19 4 7 16 18 15 1 
student 687: 6 15 7 13 8 5 20 4 2 11 19 1 18 17 3 10 12 14 16 9 
student 688: 2 5 10 1 9 12 18 3 7 15 16 11 6 20 19 14 17 4 8 13 
student 689: 15 14 5 9 6 7 13 16 3 2 17 4 1 11 18 8 20 12 19 10 
student 690: 7 3 15 4 17 2 20 13 1 18 9 16 14 10 6 8 19 11 5 12 
student 691: 8 18 12 7 4 1 11 3 17 5 10 6 9 19 15 2 13 20 14 16 
student 692: 8 15 16 17 6 2 10 14 4 18 20 7 13 5 12 1 19 9 11 3 
student 693: 3 2 5 1 16 9 19 8 10 13 4 20 14 15 18 6 17 12 7 11 
student 694: 6 10 8 18 3 5 9 11 14 16 13 12 1 19 20 7 4 17 15 2 
student 695: 5 9 12 1 17 4 13 6 8 18 14 16 20 19 11 2 3 15 10 7 
student 696: 5 17 16 4 14 7 9 10 3 8 19 1 20 13 2 6 18 15 12 11 
student 697: 14 12 4 3 6 20 10 1 8 17 16 15 9 18 13 19 2 11 7 5 
student 698: 1 18 12 16 14 8 13 17 10 3 19 4 2 11 9 20 7 15 6 5 
student 699: 15 1 19 5 8 16 17 10 14 7 20 3 2 18 11 6 4 9 13 12 
student 700: 7 11 18 10 1 5 6 17 12 15 16 13 8 9 20 4 3 19 2 14 
student 701: 16 14 4 5 8 2 12 17 9 15 11 19 7 10 13 1 6 18 20 3 
student 702: 13 18 16 6 12 7 5 1 11 10 19 17 3 8 20 4 15 14 9 2 
student 703: 19 11 10 15 4 7 12 5 17 13 3 1 2 14 6 9 20 8 16 18 
student 704: 3 19 18 7 5 14 12 1 17 20 13 9 16 8 15 6 10 11 4 2 
student 705: 5 11 10 13 16 4 1 2 8 20 7 6 12 14 19 18 17 9 15 3 
student 706: 1 13 15 2 17 19 11 5 6 20 16 9 3 18 8 14 10 12 7 4 
student 707: 3 18 20 9 14 5 7 8 11 16 12 4 13 19 10 1 15 2 6 17 
student 708: 12 16 8 2 7 3 13 17 1 10 18 4 11 20 9 6 15 5 19 14 
student 709: 11 5 9 14 20 15 10 2 4 17 1 7 8 12 19 18 13 16 6 3 
student 710: 6 5 10 13 17 14 8 4 9 16 12 3 15 19 11 2 18 20 7 1 
student 711: 2 5 16 11 1 20 12 7 9 18 3 13 19 8 17 6 14 4 10 15 
student 712: 20 12 3 4 16 6 15 1 11 2 17 7 10 13 8 9 18 19 5 14 
student 713: 6 11 9 2 8 3 12 10 4 20 19 14 7 13 17 1 16 15 18 5 
student 714: 17 1 11 8 12 18 15 9 6 16 19 2 3 13 20 5 7 14 10 4 
student 715: 2 9 20 5 15 11 19 6 4 3 1 12 14 10 18 8 13 17 16 7 
student 716: 18 19 13 6 7 10 8 1 5 15 14 4 9 20 17 2 11 16 3 12 
student 717: 19 14 7 6 3 4 2 18 12 8 15 16 1 17 20 5 13 11 9 10 
student 718: 14 9 12 8 11 5 4 3 20 15 2 17 1 13 7 6 16 10 18 19 
student 719: 8 5 1 18 13 7 12 9 4 14 15 2 11 19 20 3 16 6 17 10 
student 720: 3 11 6 14 18 19 17 9 2 8 20 10 16 15 13 5 4 12 1 7 
student 721: 9 11 20 8 10 2 15 12 17 13 6 3 4 5 16 1 14 7 18 19 
student 722: 3 20 17 12 13 7 16 9 2 11 8 10 15 14 18 4 6 19 1 5 
student 723: 6 10 7 4 13 18 9 1 15 16 14 8 11 17 12 3 19 5 2 20 
student 724: 3 16 5 9 2 13 10 15 8 17 1 20 4 11 19 7 12 18 6 14 
student 725: 1 13 8 14 16 11 3 5 18 17 12 2 9 6 19 7 10 15 4 20 
student 726: 12 7 6 2 4 17 13 15 11 9 8 1 5 16 20 3 19 18 14 10 
student 727: 3 4 19 6 18 9 15 1 5 17 20 11 12 8 10 13 2 14 16 7 
student 728: 11 12 7 18 20 1 10 13 4 16 14 2 3 19 15 6 5 9 8 17 
student 729: 18 17 11 2 9 8 19 7 12 15 3 5 4 16 20 13 14 6 1 10 
student 730: 8 9 6 3 12 15 5 7 16 4 19 1 18 10 14 17 11 20 13 2 
student 731: 4 15 16 13 11 9 8 7 10 19 5 17 14 20 2 6 18 1 3 12 
student 732: 3 15 8 10 2 18 4 20 1 11 12 14 16 17 19 6 9 7 13 5 
student 733: 12 7 6 9 17 11 16 15 2 19 20 3 5 18 14 13 1 10 4 8 
student 734: 6 7 8 12 15 1 17 4 16 9 14 5 2 20 19 10 13 18 3 11 
student 735: 6 16 18 11 10 2 15 9 5 14 17 3 8 12 19 4 7 20 1 13 
student 736: 1 19 11 7 12 18 6 14 3 15 10 17 4 8 13 5 2 16 9 20 
student 737: 6 5 10 4 17 18 11 12 9 1 19 15 16 2 7 20 13 14 3 8 
student 738: 4 11 7 3 18 5 20 6 15 14 13 17 8 9 19 10 16 1 2 12 
student 739: 17 3 10 2 12 1 14 16 8 4 9 18 7 5 19 20 13 11 15 6 
student 740: 2 5 8 6 17 11 19 12 9 14 7 4 10 15 18 16 1 13 3 20 
student 741: 12 18 13 5 7 3 19 2 6 1 4 8 16 14 15 11 10 20 9 17 
student 742: 14 15 6 2 7 20 16 8 13 4 18 3 10 11 19 1 9 17 5 12 
student 743: 15 20 14 11 18 10 1 7 17 5 6 13 2 19 8 9 3 12 16 4 
student 744: 7 13 4 17 16 6 15 8 9 12 19 5 10 20 1 18 14 11 3 2 
student 745: 4 19 7 6 9 5 3 10 1 2 15 14 16 13 12 17 18 20 8 11 
student 746: 4 13 20 11 16 5 12 8 1 15 14 2 17 7 19 6 9 3 18 10 
student 747: 5 3 8 17 9 6 15 2 1 12 14 10 13 4 16 19 18 11 7 20 
student 748: 6 18 15 8 10 2 1 3 7 20 13 5 17 16 19 11 12 14 9 4 
student 749: 1 4 6 18 17 3 20 8 5 12 11 14 2 10 15 16 9 13 19 7 
student 750: 9 6 10 3 16 2 8 18 13 1 19 14 4 12 15 17 5 20 7 11 
student 751: 14 1 11 4 13 5 15 8 16 18 12 9 7 17 20 10 3 19 2 6 
student 752: 4 10 14 17 7 9 6 12 1 20 16 3 11 15 19 8 2 18 13 5 
student 753: 7 1 9 5 19 10 12 8 4 15 20 13 6 17 18 14 2 3 16 11 
student 754: 7 13 12 10 4 16 18 1 8 3 11 2 5 20 17 15 14 19 9 6 
student 755: 8 11 17 3 5 2 18 15 12 14 13 7 6 10 16 9 1 19 20 4 
student 756: 8 7 9 20 4 11 19 12 13 6 18 14 5 15 16 3 17 2 1 10 
student 757: 18 15 5 7 8 9 13 1 11 17 14 3 6 19 20 2 16 4 12 10 
student 758: 7 4 10 18 9 3 8 13 17 19 6 16 1 5 2 12 11 20 15 14 
student 759: 3 2 13 1 19 7 10 15 8 12 17 11 9 4 16 18 14 20 6 5 
student 760: 8 12 6 9 15 5 19 13 2 10 7 18 17 20 3 1 14 16 11 4 
student 761: 7 16 12 8 15 13 6 10 3 20 2 4 19 18 17 1 14 11 5 9 
student 762: 7 19 20 8 5 2 10 6 4 18 14 1 12 13 9 3 15 16 11 17 
student 763: 1 16 15 11 17 2 6 3 12 8 14 4 5 10 9 13 20 19 7 18 
student 764: 2 10 19 9 7 3 18 17 12 6 20 16 1 4 13 15 8 11 5 14 
student 765: 10 19 12 4 11 3 15 13 7 16 2 20 9 17 14 5 8 1 18 6 
student 766: 2 20 19 5 16 1 11 6 15 10 4 9 14 3 18 13 12 17 7 8 
student 767: 1 4 14 15 2 7 11 6 3 10 8 9 12 20 19 5 18 16 13 17 
student 768: 2 10 3 12 4 5 9 8 16 13 14 6 18 20 15 7 19 1 17 11 
student 769: 7 13 1 3 16 5 12 2 10 9 19 18 4 20 11 14 8 17 6 15 
student 770: 13 12 15 1 4 6 5 9 3 10 16 2 7 18 20 8 11 14 19 17 
student 771: 1 3 11 4 16 5 6 17 13 18 9 15 7 8 19 2 12 10 14 20 
student 772: 2 11 16 7 18 9 3 8 14 20 5 15 10 13 17 1 6 4 19 12 
student 773: 1 11 19 15 13 5 12 3 20 14 18 16 2 6 10 17 9 4 7 8 
student 774: 7 9 19 8 4 6 20 3 5 14 15 17 2 11 13 1 12 18 10 16 
student 775: 9 1 16 5 20 8 4 12 19 13 7 14 10 18 15 2 11 6 17 3 
student 776: 16 14 20 15 10 4 19 7 1 11 17 8 2 12 3 13 6 18 5 9 
student 777: 16 6 13 10 5 12 18 2 9 17 8 3 7 11 19 4 20 1 15 14 
student 778: 8 17 3 11 5 1 7 16 10 12 14 9 6 2 18 4 20 19 15 13 
student 779: 6 15 18 9 10 3 13 8 12 19 5 7 1 20 2 16 14 17 4 11 
student 780: 16 13 10 7 1 14 9 8 20 11 17 15 5 18 4 6 12 19 2 3 
student 781: 4 20 11 15 2 8 18 5 17 16 14 3 10 19 1 13 9 7 6 12 
student 782: 3 17 12 8 10 7 20 4 1 5 11 2 6 18 19 14 13 9 16 15 
student 783: 16 5 14 2 15 7 19 4 8 6 12 11 9 18 13 1 17 20 3 10 
student 784: 17 20 11 14 18 6 12 2 15 7 19 9 1 13 16 5 8 10 4 3 
student 785: 8 13 11 5 3 19 7 20 2 14 12 18 15 4 17 6 1 16 9 10 
student 786: 14 20 17 8 15 3 4 9 12 18 6 5 1 19 13 2 10 16 11 7 
student 787: 2 18 4 5 9 11 12 3 10 20 16 19 7 6 17 1 15 14 13 8 
student 788: 5 4 9 7 8 1 10 17 6 18 12 14 11 16 19 3 15 20 13 2 
student 789: 1 16 6 8 20 5 3 10 12 2 11 13 9 14 17 15 7 18 19 4 
student 790: 1 14 12 15 20 5 16 13 2 17 8 6 9 18 19 7 11 4 3 10 
student 791: 1 12 16 11 4 3 2 9 18 20 19 14 17 5 13 7 6 15 10 8 
student 792: 16 1 18 12 4 10 7 17 8 14 19 2 6 15 20 5 11 9 13 3 
student 793: 18 7 8 4 15 14 16 12 3 9 20 13 10 2 19 5 17 11 6 1 
student 794: 11 14 19 9 8 2 10 7 3 15 20 13 4 16 5 6 17 1 12 18 
student 795: 2 10 14 11 19 17 18 13 4 5 20 12 7 6 9 16 3 15 8 1 
student 796: 9 5 10 2 4 8 12 13 1 7 19 14 3 6 17 15 11 20 16 18 
student 797: 13 16 3 8 20 1 11 9 17 18 7 10 5 14 15 2 4 19 6 12 
student 798: 1 16 3 17 6 15 20 8 2 19 18 9 7 12 14 13 10 11 5 4 
student 799: 14 12 18 17 2 1 19 15 16 7 9 5 3 10 8 11 13 20 6 4 
