student 0: 12 14 17 15 20 11 19 13 10 2 8 4 18 6 9 16 3 1 5 7 
student 1: 17 13 8 12 16 10 19 15 9 4 14 7 6 20 18 11 3 2 5 1 
student 2: 19 16 4 5 12 8 2 17 1 13 9 15 10 20 3 14 11 6 7 18 
student 3: 18 8 7 1 19 9 11 14 4 2 12 13 15 5 16 17 3 6 10 20 
student 4: 5 20 18 3 9 15 19 8 7 14 12 17 13 11 10 16 6 4 2 1 
student 5: 7 3 14 10 17 8 12 1 15 2 6 19 20 4 13 16 11 5 18 9 
student 6: 16 18 6 14 15 12 7 9 2 1 20 19 10 3 8 17 11 5 4 13 
student 7: 20 17 9 6 13 3 14 5 15 2 4 16 11 12 18 8 19 10 7 1 
student 8: 9 16 20 7 19 4 13 10 2 8 3 17 11 1 12 14 18 5 15 6 
student 9: 10 2 4 5 11 20 3 15 14 1 16 19 17 8 7 13 18 6 9 12 
student 10: 1 8 10 9 11 15 3 5 2 12 19 6 18 16 13 14 17 20 7 4 
student 11: 17 18 20 10 12 16 11 4 14 2 7 19 9 8 13 6 3 15 1 5 
student 12: 16 8 11 17 6 20 1 10 9 2 13 5 14 15 3 7 12 19 4 18 
student 13: 6 1 19 10 17 8 15 20 16 9 2 4 5 18 14 11 12 7 13 3 
student 14: 19 12 10 1 18 9 3 15 16 2 4 20 14 7 11 6 5 8 13 17 
student 15: 16 4 19 14 15 11 7 12 1 10 8 13 20 5 6 17 2 9 3 18 
student 16: 13 7 17 1 11 5 8 10 4 12 6 18 16 9 3 19 15 2 20 14 
student 17: 15 19 11 16 17 14 13 20 7 2 9 4 8 3 1 18 12 6 10 5 
student 18: 16 15 3 8 18 2 10 12 11 5 19 14 17 6 9 20 13 1 7 4 
student 19: 10 15 5 20 18 9 8 14 6 13 17 19 12 16 4 11 3 2 7 1 
student 20: 14 11 19 6 16 17 1 20 10 15 4 18 3 12 13 8 2 5 9 7 
student 21: 16 20 8 2 13 6 11 14 10 5 3 4 19 9 18 1 12 7 15 17 
student 22: 18 16 14 20 17 15 6 11 10 5 2 19 13 8 7 4 9 1 12 3 
student 23: 19 8 4 15 11 16 17 18 9 6 20 3 14 1 12 2 13 5 10 7 
student 24: 1 15 9 3 19 16 14 17 18 7 6 20 11 12 10 2 8 5 4 13 
student 25: 5 3 14 7 11 20 18 13 16 1 8 6 10 4 2 9 19 12 15 17 
student 26: 14 17 4 1 18 19 20 13 15 2 16 9 5 8 6 11 7 3 10 12 
student 27: 19 6 5 12 14 10 16 3 4 8 11 9 20 7 13 17 18 1 2 15 
student 28: 17 5 6 15 11 16 20 3 10 18 7 9 12 8 19 2 14 13 1 4 
student 29: 17 10 14 20 13 8 4 3 1 12 6 19 18 7 16 5 11 9 2 15 
student 30: 6 9 15 19 4 18 20 17 7 2 1 14 8 5 12 16 10 3 11 13 
student 31: 7 10 6 12 20 5 8 1 11 16 9 15 2 13 4 19 18 14 17 3 
student 32: 18 2 20 19 4 13 7 15 11 5 8 10 17 6 1 14 12 3 9 16 
student 33: 20 10 1 16 13 12 11 3 19 2 6 5 18 4 8 9 17 14 15 7 
student 34: 16 2 10 9 20 5 15 13 7 6 12 19 18 1 3 17 11 14 8 4 
student 35: 18 6 12 11 7 3 15 1 2 19 8 4 13 20 5 16 9 17 10 14 
student 36: 20 7 6 15 18 2 1 9 12 14 13 11 16 17 4 19 5 8 10 3 
student 37: 5 8 19 1 17 20 6 12 3 4 7 13 15 16 2 10 14 9 11 18 
student 38: 16 4 17 1 18 6 3 5 7 2 19 13 20 15 12 14 11 8 10 9 
student 39: 6 20 4 10 18 19 16 8 14 11 3 17 9 15 7 1 2 13 5 12 
student 40: 20 12 18 10 5 7 8 17 16 3 13 14 11 2 15 6 19 4 1 9 
student 41: 17 10 14 3 9 5 13 2 8 1 6 19 16 7 12 11 18 4 15 20 
student 42: 5 6 17 19 1 14 15 2 8 12 20 4 11 3 13 16 9 7 18 10 
student 43: 14 5 9 4 17 8 13 12 18 2 16 7 20 1 19 3 6 15 11 10 
student 44: 18 11 12 9 5 10 4 8 17 6 15 13 19 14 1 20 7 2 16 3 
student 45: 17 15 7 10 14 3 4 19 12 2 1 18 20 11 8 16 9 5 6 13 
student 46: 9 13 4 10 7 3 12 17 15 6 2 20 19 8 16 14 1 11 5 18 
student 47: 7 12 16 8 1 13 20 15 17 9 2 6 19 18 4 14 10 5 3 11 
student 48: 11 1 10 8 19 15 2 14 18 12 13 4 6 20 9 7 3 16 5 17 
student 49: 7 18 15 9 19 3 6 17 10 2 14 20 1 16 5 11 13 8 12 4 
student 50: 1 8 11 15 2 12 14 5 9 4 7 16 18 6 13 17 19 3 20 10 
student 51: 19 9 17 14 15 12 2 18 1 4 7 8 3 13 5 10 16 20 6 11 
student 52: 20 17 12 15 14 2 8 6 11 1 3 18 9 19 10 16 7 4 13 5 
student 53: 11 7 13 12 6 17 5 19 20 14 16 10 4 15 8 1 18 3 9 2 
student 54: 12 20 19 14 6 4 13 15 7 1 9 17 16 11 10 18 3 2 5 8 
student 55: 17 15 2 19 1 16 7 10 5 18 14 8 6 4 12 11 20 3 13 9 
student 56: 18 11 7 15 20 10 16 19 9 2 17 13 14 8 3 5 12 6 4 1 
student 57: 10 14 20 6 15 5 11 12 17 2 1 3 13 19 8 18 16 7 4 9 
student 58: 16 10 14 6 5 13 11 12 9 3 20 15 8 7 4 18 1 19 17 2 
student 59: 7 6 12 10 13 8 18 15 11 9 3 20 19 2 14 16 17 5 1 4 
student 60: 20 11 4 18 7 17 3 15 1 10 2 14 13 16 12 6 9 5 8 19 
student 61: 19 14 13 1 9 15 10 8 2 4 3 16 20 7 6 11 18 17 5 12 
student 62: 10 13 9 4 18 16 2 7 14 12 11 6 17 8 5 20 3 19 1 15 
student 63: 18 15 13 5 8 19 16 12 17 11 1 20 14 4 10 7 6 3 9 2 
student 64: 15 17 13 11 18 14 8 10 7 2 4 16 20 19 6 9 1 12 3 5 
student 65: 4 1 10 12 2 17 16 11 13 3 6 14 19 5 7 20 18 9 8 15 
student 66: 9 15 17 18 12 4 13 19 3 10 8 7 14 6 2 20 16 5 1 11 
student 67: 16 5 19 2 18 14 17 4 10 11 6 20 3 12 7 13 8 9 1 15 
student 68: 6 5 20 10 16 18 2 17 3 1 7 14 11 8 13 9 4 15 19 12 
student 69: 18 14 1 15 3 20 17 16 10 9 2 12 11 13 8 7 4 19 6 5 
student 70: 12 16 15 1 13 6 14 9 4 20 3 18 17 19 7 5 10 8 2 11 
student 71: 18 4 19 6 7 9 16 20 13 2 3 5 17 15 12 14 1 10 8 11 
student 72: 20 2 18 7 12 6 13 15 17 1 10 8 19 14 5 16 11 4 3 9 
student 73: 20 7 1 3 19 13 14 17 15 9 11 18 5 6 16 10 2 12 4 8 
student 74: 17 16 12 9 18 2 6 13 10 3 5 20 19 15 14 8 4 7 11 1 
student 75: 4 10 9 5 17 3 12 16 14 1 6 18 20 13 8 19 2 11 7 15 
student 76: 9 6 11 15 17 7 20 10 19 1 2 4 16 13 3 18 8 5 14 12 
student 77: 11 20 6 9 17 5 16 10 4 7 15 18 13 2 19 8 1 3 12 14 
student 78: 1 14 10 8 16 20 15 11 2 7 12 19 17 13 6 18 9 5 4 3 
student 79: 14 16 10 3 6 15 1 19 8 2 4 9 20 11 17 18 7 5 13 12 
student 80: 13 11 19 8 16 14 6 12 3 2 1 20 10 4 7 17 18 9 15 5 
student 81: 5 7 10 15 6 1 16 2 17 3 4 9 20 19 14 18 13 8 11 12 
student 82: 17 15 11 9 2 16 14 5 8 13 6 7 18 4 20 19 10 12 3 1 
student 83: 14 17 6 15 10 19 4 5 11 8 2 16 7 20 9 12 13 3 1 18 
student 84: 15 7 10 13 20 18 14 12 1 4 5 17 16 2 6 19 9 11 8 3 
student 85: 18 9 5 15 20 17 11 14 6 2 4 13 19 8 10 12 3 1 7 16 
student 86: 18 19 13 17 12 2 16 3 14 4 5 15 10 11 6 20 9 1 8 7 
student 87: 5 20 9 14 6 8 16 12 11 1 2 13 17 7 18 15 19 3 10 4 
student 88: 14 19 16 4 10 2 15 18 13 3 8 7 5 12 9 17 1 6 11 20 
student 89: 14 2 17 19 3 6 1 12 15 8 10 5 18 20 11 9 16 13 7 4 
student 90: 9 5 19 15 16 20 17 14 3 11 12 8 7 10 6 13 2 1 4 18 
student 91: 9 13 6 11 1 10 3 19 17 4 5 15 14 7 8 18 20 16 12 2 
student 92: 20 7 9 15 12 11 8 17 4 13 2 14 19 18 1 10 3 5 16 6 
student 93: 14 12 13 19 18 9 11 7 4 16 10 15 17 2 5 20 8 3 1 6 
student 94: 2 8 12 7 13 6 9 14 18 5 4 15 10 17 11 20 16 19 1 3 
student 95: 5 2 17 14 10 4 9 12 8 20 18 19 13 1 11 16 15 7 6 3 
student 96: 16 19 20 12 10 8 13 11 18 7 3 5 6 4 15 9 2 1 17 14 
student 97: 18 8 6 2 15 14 7 13 5 3 12 19 20 4 1 9 11 10 17 16 
student 98: 20 1 6 7 16 13 14 11 3 4 15 12 18 10 5 19 8 17 2 9 
student 99: 11 9 20 3 17 6 15 13 2 1 7 19 18 14 4 16 12 10 5 8 
student 100: 18 5 14 11 16 9 8 7 12 1 13 20 17 15 10 19 2 3 4 6 
student 101: 1 9 10 15 16 13 2 20 7 3 5 11 19 17 4 12 6 18 14 8 
student 102: 14 11 1 10 2 17 4 5 3 9 13 6 15 19 7 18 12 20 8 16 
student 103: 2 8 18 6 20 17 19 7 1 16 3 13 5 4 14 9 15 10 12 11 
student 104: 7 3 15 19 16 20 2 4 6 9 10 8 17 12 5 14 1 13 18 11 
student 105: 4 12 20 3 9 13 17 16 18 2 7 15 19 5 11 14 10 1 8 6 
student 106: 9 10 13 6 17 11 14 5 16 7 3 15 19 12 4 20 18 8 2 1 
student 107: 5 16 10 17 13 11 8 18 2 3 6 14 20 9 12 15 4 7 19 1 
student 108: 16 8 5 15 18 11 19 9 12 4 20 1 17 14 10 3 2 13 6 7 
student 109: 2 19 7 8 18 11 1 17 10 4 16 15 5 9 12 6 14 13 20 3 
student 110: 18 10 4 2 12 19 11 3 17 7 1 20 8 15 16 13 5 9 14 6 
student 111: 8 3 19 6 20 5 18 11 16 10 17 15 14 1 12 9 13 2 4 7 
student 112: 6 10 3 5 18 8 7 11 1 9 20 19 13 12 16 17 2 14 4 15 
student 113: 18 3 17 13 8 4 7 9 14 5 19 1 16 11 10 20 12 15 2 6 
student 114: 16 8 10 14 12 17 15 20 5 19 7 18 9 4 2 13 1 11 6 3 
student 115: 8 13 15 4 20 14 6 18 9 2 1 11 17 10 16 19 5 12 7 3 
student 116: 14 6 18 13 20 15 19 16 10 7 4 12 1 9 2 17 11 8 3 5 
student 117: 15 12 19 18 13 17 8 20 14 6 1 5 16 10 2 4 9 7 11 3 
student 118: 18 9 4 14 10 19 13 17 8 20 16 15 11 7 2 12 6 5 1 3 
student 119: 17 14 11 20 18 15 4 19 12 7 2 8 1 13 5 16 10 3 6 9 
student 120: 7 12 18 15 1 10 20 6 14 5 9 11 13 2 4 19 8 16 3 17 
student 121: 4 6 13 1 15 8 3 10 5 2 12 17 19 7 14 20 18 16 9 11 
student 122: 14 19 7 4 8 2 20 11 3 9 17 13 18 16 5 15 10 12 6 1 
student 123: 20 18 13 9 14 8 19 12 15 1 7 16 17 5 3 10 6 11 4 2 
student 124: 14 1 2 16 17 20 9 15 13 3 6 19 11 18 10 12 5 7 4 8 
student 125: 7 10 5 11 3 20 9 14 13 4 16 19 2 18 17 8 1 15 12 6 
student 126: 1 6 19 2 18 3 15 4 9 8 17 10 20 7 5 13 14 16 12 11 
student 127: 15 4 8 11 12 2 9 20 6 14 19 5 10 3 1 17 13 7 16 18 
student 128: 1 15 14 13 16 17 7 18 5 12 11 20 19 9 8 6 10 2 4 3 
student 129: 20 15 12 13 18 2 6 19 4 3 9 1 5 7 14 16 8 11 10 17 
student 130: 11 16 10 20 18 12 9 6 14 1 2 17 19 15 7 13 8 4 5 3 
student 131: 15 20 10 11 13 4 9 14 3 5 7 8 19 17 1 12 2 6 16 18 
student 132: 18 1 4 12 15 6 9 8 17 5 14 16 11 10 19 20 13 7 2 3 
student 133: 16 20 3 15 17 12 18 11 9 6 13 19 14 5 2 8 4 1 10 7 
student 134: 6 11 9 10 19 15 14 2 4 8 17 13 18 1 12 7 20 3 5 16 
student 135: 19 9 11 12 2 18 16 3 6 4 7 5 20 10 13 17 8 1 15 14 
student 136: 5 17 4 12 7 2 13 6 20 9 16 18 10 11 1 8 19 3 15 14 
student 137: 20 1 4 13 15 17 14 10 16 8 9 11 19 3 18 7 2 5 6 12 
student 138: 11 10 20 16 14 19 6 13 17 4 12 8 18 9 5 15 7 2 1 3 
student 139: 3 5 15 10 18 8 11 9 7 12 2 16 14 17 13 19 20 4 6 1 
student 140: 19 7 4 18 5 20 2 10 16 3 13 15 17 9 8 11 12 6 1 14 
student 141: 8 16 13 17 5 18 14 7 20 10 12 19 11 6 3 15 2 4 1 9 
student 142: 16 18 19 17 12 7 11 10 2 8 15 20 14 1 4 13 6 9 5 3 
student 143: 3 5 17 12 16 20 15 11 6 13 19 14 7 10 1 18 8 9 2 4 
student 144: 15 6 9 8 18 14 16 19 17 5 12 3 20 4 7 10 13 11 2 1 
student 145: 15 5 11 17 13 12 18 9 14 10 8 20 16 2 6 4 7 19 1 3 
student 146: 14 8 11 3 13 7 6 5 20 1 16 19 9 18 15 12 17 10 4 2 
student 147: 17 12 5 11 14 20 19 13 9 8 10 15 4 7 16 18 6 1 2 3 
student 148: 20 11 12 14 18 6 5 19 2 1 9 15 13 17 7 8 16 10 3 4 
student 149: 16 6 17 14 5 8 20 15 2 4 11 7 9 3 18 12 1 13 10 19 
student 150: 7 11 20 9 4 19 6 15 5 1 10 18 8 16 2 12 17 3 14 13 
student 151: 11 13 20 6 14 4 10 19 9 1 5 16 12 7 15 2 18 3 8 17 
student 152: 8 16 2 19 17 9 14 10 12 1 5 18 15 4 11 6 20 13 3 7 
student 153: 18 13 3 5 11 14 12 1 2 6 8 16 20 19 15 9 10 7 17 4 
student 154: 8 9 14 3 16 6 7 13 10 4 5 17 19 20 12 15 18 11 2 1 
student 155: 19 20 13 17 14 12 8 7 4 1 5 15 18 2 10 6 9 16 11 3 
student 156: 3 17 4 7 8 10 19 5 13 20 6 15 14 18 2 12 11 9 16 1 
student 157: 12 8 10 18 11 16 2 20 19 7 13 17 15 9 6 1 4 14 5 3 
student 158: 8 20 12 4 18 6 16 9 13 1 17 19 11 3 14 15 7 2 10 5 
student 159: 17 10 18 20 15 1 19 8 13 3 5 4 14 6 11 9 12 7 16 2 
student 160: 19 3 11 4 14 18 9 17 20 5 7 16 10 13 12 8 1 6 15 2 
student 161: 5 2 14 9 17 13 16 19 20 8 7 15 6 10 1 18 11 4 12 3 
student 162: 18 17 6 8 5 13 7 10 2 3 14 19 4 1 11 12 9 15 20 16 
student 163: 9 14 20 6 12 18 4 17 8 3 11 15 19 5 13 1 2 7 10 16 
student 164: 14 19 15 18 9 12 17 20 2 10 5 6 3 11 16 13 8 7 1 4 
student 165: 2 14 8 6 20 19 3 17 7 11 1 12 10 4 16 15 13 9 18 5 
student 166: 16 14 7 5 8 13 1 19 6 12 17 10 18 9 11 15 2 20 4 3 
student 167: 17 6 16 15 1 11 18 19 14 5 8 10 12 7 3 20 13 9 2 4 
student 168: 3 1 9 4 18 6 19 12 5 15 14 13 20 8 11 17 2 16 10 7 
student 169: 13 6 15 12 18 10 7 20 3 9 8 5 14 4 17 19 2 1 16 11 
student 170: 7 3 18 8 13 10 14 17 20 4 15 5 19 16 2 9 6 1 12 11 
student 171: 16 18 20 10 4 11 15 14 2 8 7 17 19 13 5 9 12 3 6 1 
student 172: 16 7 17 18 12 10 20 13 11 2 19 3 5 14 6 8 4 15 9 1 
student 173: 20 18 17 9 13 15 7 8 19 2 12 10 4 6 1 16 3 5 14 11 
student 174: 11 16 5 6 10 20 1 17 9 13 4 18 15 12 7 19 8 14 3 2 
student 175: 17 20 9 11 16 14 8 15 12 4 7 19 10 13 18 3 2 1 5 6 
student 176: 8 9 5 19 12 3 6 2 10 15 11 13 20 16 7 18 17 4 1 14 
student 177: 16 10 6 11 19 13 12 5 4 3 8 15 20 18 14 2 9 7 1 17 
student 178: 18 12 13 14 15 6 11 3 1 4 8 19 17 16 10 7 20 2 5 9 
student 179: 5 15 20 12 8 16 4 13 7 2 14 11 18 9 6 19 3 1 17 10 
student 180: 6 15 4 17 14 5 20 11 13 2 19 10 12 16 8 18 9 1 7 3 
student 181: 20 19 1 12 2 13 4 7 9 5 16 3 11 17 18 15 10 6 8 14 
student 182: 10 6 11 16 14 4 1 3 20 19 8 17 7 9 12 15 13 5 2 18 
student 183: 19 11 20 3 7 6 1 13 10 2 18 17 14 15 16 9 12 8 5 4 
student 184: 19 13 18 14 3 6 15 20 16 5 7 17 8 10 11 4 2 12 9 1 
student 185: 19 12 6 16 5 3 11 7 15 20 2 18 8 4 13 17 14 9 1 10 
student 186: 8 6 12 14 13 18 2 7 9 1 4 19 10 15 16 17 3 11 5 20 
student 187: 2 6 18 5 16 7 15 17 20 4 8 14 12 13 3 19 11 1 9 10 
student 188: 7 17 15 12 16 10 19 5 8 18 11 13 14 6 4 20 3 9 1 2 
student 189: 18 10 11 7 5 3 14 6 1 9 12 13 16 15 20 4 2 17 8 19 
student 190: 14 11 17 2 9 10 5 1 6 13 19 20 15 7 4 16 12 18 8 3 
student 191: 9 13 19 4 6 2 11 10 3 8 12 20 16 5 15 18 14 17 1 7 
student 192: 20 1 17 11 15 2 16 14 6 7 3 13 5 9 8 19 10 4 12 18 
student 193: 4 9 7 13 19 3 14 20 6 15 12 18 10 16 2 17 11 1 8 5 
student 194: 15 14 1 12 17 9 2 20 10 3 11 5 18 6 13 16 8 19 4 7 
student 195: 12 9 5 1 14 19 10 20 13 2 8 16 11 6 4 17 18 3 15 7 
student 196: 18 19 14 9 4 10 15 16 2 1 17 20 13 3 8 11 7 5 6 12 
student 197: 9 1 15 4 19 3 18 14 2 13 12 8 7 20 6 16 11 10 5 17 
student 198: 9 19 4 11 10 16 18 20 15 7 2 12 6 8 5 17 1 14 13 3 
student 199: 5 4 11 8 16 17 2 14 15 7 9 1 18 19 12 20 13 6 10 3 
student 200: 14 20 7 4 3 15 11 12 13 2 16 10 1 6 5 17 19 18 9 8 
student 201: 11 4 15 7 10 19 5 16 2 12 20 17 14 6 1 8 13 9 18 3 
student 202: 14 11 8 12 7 19 9 2 6 15 20 16 13 3 18 17 10 4 5 1 
student 203: 4 18 1 8 11 5 9 15 14 7 16 10 13 6 17 19 20 3 12 2 
student 204: 4 12 7 11 17 14 8 5 13 2 9 15 20 16 10 18 1 3 19 6 
student 205: 19 3 8 4 9 20 12 2 6 17 13 10 14 18 7 15 11 5 1 16 
student 206: 15 20 9 7 14 3 19 11 17 13 12 10 5 18 4 16 1 8 2 6 
student 207: 16 14 11 13 6 1 18 5 8 2 19 15 12 4 10 17 7 3 20 9 
student 208: 9 16 18 7 5 19 8 10 12 1 17 20 15 6 4 13 14 2 11 3 
student 209: 11 4 13 5 7 16 18 15 9 12 8 20 19 6 2 17 14 3 10 1 
student 210: 11 3 16 2 18 13 20 19 6 12 7 14 9 17 15 8 5 10 1 4 
student 211: 20 12 5 18 16 8 11 19 2 9 17 14 10 13 7 4 3 1 6 15 
student 212: 19 6 11 15 12 2 18 16 3 1 20 13 4 8 17 14 9 10 7 5 
student 213: 16 11 20 7 5 3 13 18 10 2 4 17 19 9 6 12 8 1 15 14 
student 214: 17 7 15 18 19 16 9 11 13 10 5 14 6 20 12 2 8 4 1 3 
student 215: 7 2 15 18 10 5 1 17 13 4 11 20 12 19 8 16 14 3 9 6 
student 216: 14 12 1 13 18 8 5 10 7 2 15 19 9 11 6 16 17 3 4 20 
student 217: 14 2 17 9 18 7 10 1 15 19 11 20 6 13 5 12 8 3 4 16 
student 218: 9 12 6 3 15 18 8 19 16 2 4 10 7 14 20 11 5 13 17 1 
student 219: 12 3 6 9 8 14 2 1 17 4 18 20 10 11 16 7 19 15 5 13 
student 220: 17 1 9 6 7 4 2 12 19 11 20 8 15 18 3 16 10 14 5 13 
student 221: 7 13 3 10 20 19 15 11 9 1 8 6 16 14 4 18 2 12 17 5 
student 222: 12 8 16 13 6 18 9 19 3 15 10 20 5 11 4 17 7 14 2 1 
student 223: 18 20 17 4 7 19 2 9 1 5 11 15 12 16 8 13 10 3 6 14 
student 224: 20 3 16 10 8 5 18 7 15 4 1 19 17 13 6 11 9 12 14 2 
student 225: 15 3 19 1 20 9 14 16 2 4 10 5 18 17 6 13 12 8 11 7 
student 226: 14 17 8 1 16 13 12 6 2 11 10 20 18 15 7 19 5 3 9 4 
student 227: 13 10 7 6 16 15 11 12 5 3 9 14 18 4 19 17 1 8 2 20 
student 228: 18 2 20 1 9 12 6 16 8 15 17 11 10 19 14 13 7 4 3 5 
student 229: 16 9 10 20 15 13 8 18 5 6 17 14 19 7 3 12 11 1 4 2 
student 230: 5 13 12 10 11 9 19 17 3 2 18 14 15 20 1 16 4 7 6 8 
student 231: 10 8 20 7 14 3 11 15 6 5 16 19 12 13 17 18 1 9 4 2 
student 232: 17 7 15 18 20 5 8 4 12 2 6 10 13 16 11 14 9 3 19 1 
student 233: 11 6 20 8 7 13 16 12 1 14 18 4 17 19 3 15 5 10 9 2 
student 234: 18 17 13 7 20 1 12 8 3 10 4 11 15 16 2 19 9 5 14 6 
student 235: 4 13 20 15 10 11 2 19 8 14 3 7 16 6 1 17 18 5 9 12 
student 236: 19 16 7 3 8 5 9 15 17 2 1 20 13 10 6 11 14 18 12 4 
student 237: 19 13 20 10 6 5 1 18 12 2 14 8 16 11 7 17 15 3 4 9 
student 238: 14 12 16 9 6 11 19 15 8 1 20 4 17 18 3 10 5 2 13 7 
student 239: 8 17 18 9 3 11 16 4 5 6 19 10 14 1 7 20 15 13 12 2 
student 240: 17 10 15 4 16 19 14 20 8 3 13 2 11 9 5 12 18 7 6 1 
student 241: 17 16 18 14 4 8 5 20 10 13 12 11 19 7 3 9 6 1 2 15 
student 242: 16 8 12 5 17 20 7 15 10 2 14 11 13 18 6 19 3 9 4 1 
student 243: 18 1 12 8 14 10 7 15 16 3 2 11 9 5 17 20 19 4 13 6 
student 244: 19 15 8 17 18 16 2 7 9 14 3 20 12 10 11 6 5 4 13 1 
student 245: 2 13 14 18 10 19 9 8 1 16 12 20 11 7 6 17 5 4 3 15 
student 246: 9 16 5 12 11 17 18 20 19 8 2 15 10 3 1 14 13 7 4 6 
student 247: 19 11 17 10 3 18 6 20 1 12 4 16 9 13 2 15 8 7 14 5 
student 248: 14 12 19 13 9 20 18 2 3 17 4 15 16 6 8 7 11 5 10 1 
student 249: 5 20 8 12 19 9 18 11 16 6 3 4 7 1 13 15 14 17 2 10 
student 250: 13 2 4 7 3 16 19 15 9 1 12 6 18 17 8 20 5 10 11 14 
student 251: 14 9 20 6 17 4 1 19 12 11 10 15 18 13 2 7 8 3 16 5 
student 252: 10 12 18 15 17 9 11 13 8 4 16 20 19 7 3 5 2 1 6 14 
student 253: 18 11 14 2 20 17 5 6 15 8 19 13 7 10 3 16 9 1 4 12 
student 254: 20 4 13 17 8 19 5 6 7 1 14 18 3 2 16 11 10 12 15 9 
student 255: 19 13 8 10 11 1 12 16 15 2 6 14 20 5 7 18 9 3 4 17 
student 256: 13 18 19 15 8 12 11 20 2 3 7 17 14 16 6 4 10 1 9 5 
student 257: 4 1 8 10 18 9 13 17 16 2 15 7 20 11 6 12 19 3 5 14 
student 258: 14 9 19 2 10 11 13 6 15 20 7 17 18 4 1 16 5 3 12 8 
student 259: 15 10 17 12 13 7 19 9 2 18 11 16 14 4 20 6 5 3 1 8 
student 260: 18 20 6 12 16 14 10 9 7 1 3 15 19 8 5 13 2 4 11 17 
student 261: 9 20 5 2 10 3 8 14 17 4 18 19 13 11 6 15 7 12 16 1 
student 262: 17 8 20 3 14 12 4 16 7 1 2 15 19 10 6 18 13 9 5 11 
student 263: 13 5 17 15 8 16 14 18 9 12 6 7 20 11 10 19 4 2 1 3 
student 264: 20 13 9 1 15 2 14 19 3 4 10 18 12 6 5 17 16 11 7 8 
student 265: 19 14 18 16 7 15 13 17 1 3 8 20 12 5 11 6 10 2 9 4 
student 266: 5 18 8 14 7 12 1 13 16 17 9 10 20 19 3 15 6 4 11 2 
student 267: 16 20 7 13 10 17 6 2 8 1 4 14 15 12 9 19 11 3 18 5 
student 268: 16 20 17 1 12 9 11 8 3 5 7 15 6 19 4 14 10 18 13 2 
student 269: 9 6 14 5 3 16 10 11 7 12 13 15 18 20 4 19 2 8 1 17 
student 270: 18 13 10 14 9 3 8 17 1 7 2 19 11 15 5 6 16 12 4 20 
student 271: 8 2 15 13 19 12 1 16 17 6 10 18 9 11 5 14 3 20 7 4 
student 272: 17 14 20 3 12 16 6 5 4 11 10 9 19 8 18 2 15 1 7 13 
student 273: 13 10 9 17 7 14 18 20 4 8 16 12 19 15 11 5 6 3 2 1 
student 274: 19 6 9 20 12 11 5 16 14 13 3 18 7 15 2 17 8 4 10 1 
student 275: 15 6 4 5 20 16 9 7 18 14 10 19 17 11 8 12 3 13 2 1 
student 276: 8 1 18 17 11 19 14 7 10 3 16 4 20 12 13 6 15 5 2 9 
student 277: 12 16 7 6 3 17 9 1 8 13 15 19 18 20 5 10 4 11 14 2 
student 278: 5 2 10 1 14 7 4 18 15 9 3 12 17 16 19 13 11 6 20 8 
student 279: 19 11 4 6 12 10 1 18 14 9 8 17 20 15 7 16 13 5 2 3 
student 280: 18 6 9 4 12 11 5 1 7 3 15 20 16 8 2 10 14 13 17 19 
student 281: 16 14 20 3 5 9 19 2 15 6 4 13 12 11 8 17 7 10 1 18 
student 282: 14 11 13 17 18 10 4 19 1 12 6 20 15 7 3 16 9 8 2 5 
student 283: 17 12 15 3 20 14 2 11 6 19 8 18 16 10 7 9 5 4 1 13 
student 284: 4 13 7 9 14 12 2 17 11 6 15 18 20 16 10 1 3 8 19 5 
student 285: 9 11 16 2 12 10 6 20 13 1 17 15 18 7 8 19 3 5 14 4 
student 286: 20 16 8 3 2 6 19 17 14 5 4 9 11 10 12 18 13 1 15 7 
student 287: 5 1 16 15 20 19 11 10 13 18 12 7 14 3 4 9 17 2 8 6 
student 288: 15 10 5 14 12 11 4 20 13 1 8 17 18 16 7 19 6 3 9 2 
student 289: 17 10 14 5 20 11 4 12 6 1 7 8 19 16 15 13 3 2 18 9 
student 290: 11 17 4 9 16 3 12 19 6 7 1 18 8 14 13 15 10 5 20 2 
student 291: 16 7 18 15 9 17 14 5 12 4 3 19 20 2 1 10 11 13 6 8 
student 292: 16 6 14 4 8 12 9 18 5 1 7 13 17 10 2 11 20 19 15 3 
student 293: 14 6 17 12 11 18 2 13 16 1 3 20 8 19 7 15 9 5 10 4 
student 294: 16 1 6 2 9 11 15 19 7 8 17 10 3 20 5 18 12 4 14 13 
student 295: 9 17 20 7 14 10 6 15 13 18 12 19 16 11 8 5 2 3 1 4 
student 296: 15 14 8 13 18 16 6 12 11 2 3 5 7 4 20 19 10 17 1 9 
student 297: 11 9 14 20 2 17 5 15 4 1 8 6 16 18 10 19 13 12 7 3 
student 298: 16 8 19 10 20 17 2 7 1 3 13 14 11 12 6 15 18 9 5 4 
student 299: 19 5 4 17 8 20 16 14 11 15 6 18 7 10 12 9 1 13 3 2 
student 300: 17 12 13 11 16 6 15 3 19 10 8 18 14 1 9 20 2 4 7 5 
student 301: 12 6 1 11 16 19 2 10 4 20 5 13 17 8 15 14 7 9 3 18 
student 302: 11 13 20 6 2 8 5 9 17 15 7 12 1 10 18 3 4 14 16 19 
student 303: 19 18 5 10 15 12 14 13 11 4 3 16 17 9 1 20 6 2 7 8 
student 304: 17 9 4 20 11 8 2 14 3 13 10 19 18 15 6 16 12 5 1 7 
student 305: 2 10 8 6 17 20 18 13 16 1 14 19 15 5 3 12 9 7 11 4 
student 306: 13 9 2 4 14 12 6 16 10 5 1 20 18 19 8 17 3 15 11 7 
student 307: 9 2 6 20 17 14 10 7 8 5 3 13 11 12 19 15 1 16 18 4 
student 308: 18 1 3 7 19 6 14 10 15 2 8 20 17 16 4 11 9 12 5 13 
student 309: 17 4 12 7 2 15 19 14 9 10 20 18 11 13 8 3 6 16 1 5 
student 310: 4 18 11 12 6 15 7 10 20 16 1 2 19 14 5 3 9 17 8 13 
student 311: 17 9 19 20 8 13 7 16 14 11 6 3 18 10 1 15 5 2 4 12 
student 312: 18 11 9 10 2 20 15 3 4 12 19 7 8 16 14 5 17 1 13 6 
student 313: 18 2 8 17 19 7 20 15 1 16 5 10 12 9 13 3 4 11 6 14 
student 314: 11 18 9 10 19 12 17 13 7 3 15 1 14 6 4 16 5 8 2 20 
student 315: 10 2 14 20 4 17 7 19 3 9 13 18 16 15 1 8 11 12 6 5 
student 316: 8 19 7 4 16 10 17 9 14 6 5 15 20 1 3 12 13 2 18 11 
student 317: 12 14 2 1 9 17 15 19 5 8 7 20 11 18 10 3 16 6 4 13 
student 318: 18 14 20 9 3 6 17 7 4 11 2 12 8 5 19 16 15 1 13 10 
student 319: 7 17 20 4 14 10 11 19 16 1 5 13 18 2 9 6 15 8 3 12 
student 320: 17 11 8 19 16 6 18 14 13 4 1 9 20 5 7 10 15 3 12 2 
student 321: 1 11 10 8 15 6 7 17 20 5 13 4 16 19 18 12 9 2 14 3 
student 322: 20 2 13 19 5 6 7 10 16 12 3 8 14 4 18 11 9 17 15 1 
student 323: 17 8 15 7 10 19 18 13 11 3 2 12 20 16 1 14 5 4 6 9 
student 324: 8 17 18 1 3 20 6 15 4 10 11 9 12 7 2 19 14 13 16 5 
student 325: 18 16 7 3 19 13 20 4 17 10 6 11 15 14 8 5 12 9 2 1 
student 326: 18 7 9 5 15 14 10 16 8 13 4 19 11 17 2 20 6 1 3 12 
student 327: 18 8 6 16 2 17 5 15 10 11 19 20 7 1 9 12 14 13 4 3 
student 328: 17 18 9 6 11 14 19 1 2 10 8 15 12 7 16 4 13 20 5 3 
student 329: 17 5 20 4 13 16 12 14 10 7 3 1 8 15 11 18 19 9 2 6 
student 330: 16 12 11 17 13 15 10 18 4 14 1 8 20 7 2 6 5 9 19 3 
student 331: 6 14 10 15 19 8 20 5 7 1 16 18 9 3 13 12 4 2 17 11 
student 332: 18 15 8 14 3 13 7 17 16 2 11 5 19 20 9 12 10 4 1 6 
student 333: 15 10 14 1 7 8 4 9 3 12 16 2 18 5 19 13 20 6 11 17 
student 334: 19 8 3 16 10 1 7 6 11 5 9 4 12 14 18 15 2 13 20 17 
student 335: 12 5 10 9 20 13 17 8 4 3 1 19 15 7 6 11 16 14 2 18 
student 336: 15 5 14 12 19 13 8 16 3 1 4 20 18 9 11 7 10 6 17 2 
student 337: 19 14 5 10 16 12 6 15 1 17 2 20 18 9 7 8 11 3 13 4 
student 338: 17 11 16 12 20 3 14 4 9 5 6 15 18 10 19 13 8 7 2 1 
student 339: 12 7 6 3 15 8 20 16 5 4 17 19 13 2 11 14 9 18 1 10 
student 340: 11 12 9 10 17 14 3 16 2 15 5 7 18 20 1 19 8 13 6 4 
student 341: 9 8 6 10 14 12 13 16 11 1 7 18 15 19 5 20 17 4 2 3 
student 342: 14 11 20 8 10 3 15 12 4 6 16 1 13 2 5 18 19 7 9 17 
student 343: 12 1 15 3 19 17 6 16 18 10 9 20 8 11 14 13 5 7 2 4 
student 344: 5 14 19 7 15 13 9 17 10 2 11 16 18 1 3 20 12 4 6 8 
student 345: 20 9 4 8 18 14 1 10 12 7 11 19 6 16 5 17 13 3 15 2 
student 346: 16 3 17 9 19 12 20 11 1 13 8 14 18 10 6 15 5 2 4 7 
student 347: 12 6 15 5 10 14 16 4 1 2 9 17 13 11 19 7 18 8 3 20 
student 348: 18 10 17 5 14 16 1 9 13 15 2 7 19 3 8 20 12 4 6 11 
student 349: 9 16 20 7 10 13 19 5 4 2 3 12 15 6 1 14 8 18 11 17 
student 350: 8 13 7 1 10 19 15 16 11 9 6 18 17 2 12 20 4 14 3 5 
student 351: 4 3 10 18 15 8 12 2 1 9 13 6 17 14 11 19 7 16 5 20 
student 352: 2 9 17 14 10 19 1 12 11 3 4 13 20 7 5 18 16 15 6 8 
student 353: 1 15 9 10 18 8 3 20 2 16 11 14 13 7 19 12 5 6 17 4 
student 354: 17 18 8 20 16 11 15 3 13 2 14 19 5 4 12 10 1 7 6 9 
student 355: 17 10 15 6 13 11 2 4 9 3 19 14 18 12 7 20 5 1 8 16 
student 356: 12 17 11 2 4 14 19 6 13 5 10 16 18 7 8 15 20 3 9 1 
student 357: 20 9 10 8 18 14 11 15 13 1 17 12 4 16 2 19 7 6 5 3 
student 358: 15 16 4 3 18 17 2 9 13 5 14 8 12 7 1 19 20 6 11 10 
student 359: 4 10 18 2 14 20 12 8 9 11 6 19 5 15 13 16 3 17 7 1 
student 360: 12 20 8 19 18 6 1 16 10 15 14 3 13 4 17 9 7 2 11 5 
student 361: 12 16 15 7 10 14 9 1 2 11 17 18 19 5 3 20 13 6 8 4 
student 362: 7 2 14 16 6 17 3 18 19 15 12 10 4 9 11 13 20 8 1 5 
student 363: 9 11 15 8 14 3 20 12 1 7 6 13 10 17 16 18 5 2 4 19 
student 364: 13 12 14 4 6 5 7 18 9 10 8 17 20 19 3 15 2 1 16 11 
student 365: 6 20 5 3 14 8 16 9 18 12 19 15 13 10 2 17 4 7 11 1 
student 366: 16 19 20 13 17 3 11 10 6 12 4 18 14 9 15 8 2 7 5 1 
student 367: 20 16 13 19 12 2 5 15 3 17 11 14 8 9 10 18 7 1 4 6 
student 368: 13 5 16 7 15 18 1 19 6 8 10 20 9 14 3 17 4 2 11 12 
student 369: 11 12 6 10 17 3 7 9 14 8 18 20 5 1 15 19 16 2 4 13 
student 370: 5 16 17 9 12 3 8 13 11 4 19 15 10 18 6 20 14 7 1 2 
student 371: 18 17 16 8 14 12 9 2 15 1 6 13 19 7 3 20 5 10 4 11 
student 372: 8 15 19 16 13 18 9 11 2 10 1 12 7 5 17 20 14 3 4 6 
student 373: 16 4 10 11 9 14 12 15 7 1 13 19 20 6 17 18 5 3 2 8 
student 374: 18 9 15 20 5 13 12 14 10 3 8 17 11 19 7 16 2 1 6 4 
student 375: 15 13 9 6 1 7 11 14 2 5 8 19 16 10 4 18 12 3 17 20 
student 376: 14 16 5 8 17 4 2 11 15 1 10 19 7 13 9 6 12 3 18 20 
student 377: 13 14 5 16 8 1 17 19 9 12 18 11 10 15 3 20 6 7 2 4 
student 378: 18 15 8 7 2 6 3 17 11 5 19 13 16 12 9 20 4 14 10 1 
student 379: 13 18 17 1 12 2 14 10 19 15 7 20 8 11 9 16 4 6 5 3 
student 380: 7 13 10 8 20 9 1 12 4 17 6 14 15 19 2 3 11 5 18 16 
student 381: 14 13 9 18 19 3 8 20 7 11 2 5 15 16 1 12 6 17 10 4 
student 382: 9 5 17 20 1 19 16 10 11 3 15 2 13 8 6 18 14 12 4 7 
student 383: 9 18 7 2 20 16 8 3 5 6 11 15 12 17 14 19 4 1 13 10 
student 384: 4 14 20 11 16 2 9 19 1 8 10 12 5 6 7 15 13 17 18 3 
student 385: 3 11 17 7 14 5 20 6 4 9 12 19 15 13 1 18 8 2 10 16 
student 386: 11 7 9 4 17 14 12 10 6 1 19 8 20 13 15 18 2 16 5 3 
student 387: 6 19 10 18 16 11 1 5 8 4 9 14 13 12 7 20 2 17 15 3 
student 388: 14 13 3 19 2 10 4 15 6 5 18 9 20 12 17 16 1 8 11 7 
student 389: 12 14 13 16 7 10 2 20 6 19 11 15 3 1 8 17 4 9 18 5 
student 390: 16 18 3 15 12 14 5 13 17 8 7 19 10 11 20 4 1 2 6 9 
student 391: 17 11 18 9 13 16 5 15 6 7 1 20 4 2 14 10 12 3 19 8 
student 392: 13 15 12 10 8 17 11 16 3 4 6 14 20 7 9 19 5 2 18 1 
student 393: 18 19 8 14 10 4 20 1 17 9 12 13 7 11 3 6 16 2 5 15 
student 394: 18 11 19 3 6 4 13 8 12 5 17 16 1 15 2 20 14 7 10 9 
student 395: 17 12 5 6 15 10 3 19 13 9 4 20 18 16 2 14 7 11 8 1 
student 396: 12 15 18 9 20 1 13 11 5 2 19 16 3 17 8 7 14 4 6 10 
student 397: 19 16 11 14 7 15 13 3 12 9 20 10 17 8 4 18 2 5 6 1 
student 398: 17 9 4 1 15 10 3 18 19 11 12 6 20 13 7 16 14 2 8 5 
student 399: 13 3 17 1 16 2 10 20 14 4 12 6 8 5 19 15 11 9 7 18 
student 400: 1 8 17 3 7 19 12 15 14 4 9 20 11 18 6 16 10 2 13 5 
student 401: 6 3 7 16 15 18 4 17 14 12 10 20 5 11 13 19 1 2 9 8 
student 402: 14 11 15 16 19 13 5 7 4 2 9 20 8 12 3 17 10 6 1 18 
student 403: 6 3 2 14 19 5 9 16 18 7 10 17 15 12 4 20 13 11 1 8 
student 404: 19 6 12 8 16 14 2 17 1 11 4 10 20 3 13 18 15 5 7 9 
student 405: 16 19 13 1 9 6 5 7 2 4 15 8 12 17 18 20 10 3 14 11 
student 406: 4 6 15 5 8 12 3 11 14 1 9 16 17 20 18 10 19 13 7 2 
student 407: 18 16 20 6 14 12 5 10 7 13 8 3 19 17 2 11 15 9 1 4 
student 408: 16 9 8 1 11 17 2 13 10 5 7 18 15 4 14 19 20 3 6 12 
student 409: 15 16 10 3 13 19 9 14 5 20 7 8 11 12 4 6 17 2 18 1 
student 410: 13 14 17 7 2 11 6 18 16 4 8 15 10 12 9 20 19 3 5 1 
student 411: 16 15 18 9 10 20 14 19 13 12 2 6 8 4 3 17 5 1 11 7 
student 412: 20 15 11 6 8 19 7 12 17 4 18 9 3 10 13 16 1 5 14 2 
student 413: 17 18 3 5 15 8 12 16 10 1 14 9 13 11 20 19 6 7 4 2 
student 414: 5 1 7 9 20 12 4 16 8 13 3 6 11 19 14 18 10 2 17 15 
student 415: 10 12 9 7 4 13 18 15 2 14 1 19 16 20 11 3 6 8 17 5 
student 416: 12 16 17 6 3 2 19 18 8 7 1 13 20 14 9 11 5 15 10 4 
student 417: 14 17 20 2 15 19 16 12 11 5 10 8 18 13 6 9 4 3 1 7 
student 418: 17 19 10 8 6 1 14 15 20 11 7 12 9 16 4 13 5 3 2 18 
student 419: 16 12 13 19 9 11 1 18 5 8 4 10 14 15 20 2 17 3 6 7 
student 420: 16 7 18 9 6 10 17 8 12 1 4 3 13 19 11 20 14 5 2 15 
student 421: 9 17 5 16 19 8 12 15 7 3 11 20 18 6 1 10 13 14 4 2 
student 422: 6 7 19 8 10 5 17 11 3 2 20 18 4 9 16 14 12 13 1 15 
student 423: 15 20 17 3 13 10 8 6 1 9 5 18 19 7 2 11 14 4 12 16 
student 424: 11 13 14 7 16 10 15 20 9 1 5 17 3 18 19 12 4 6 2 8 
student 425: 13 11 2 8 5 9 12 19 1 17 16 20 6 14 15 18 3 4 7 10 
student 426: 20 14 8 7 13 5 11 9 17 6 3 12 19 16 15 18 4 1 2 10 
student 427: 13 18 17 3 5 14 9 6 19 2 11 16 15 10 12 4 1 7 20 8 
student 428: 12 19 4 10 8 18 11 20 2 6 14 16 15 9 1 17 13 3 7 5 
student 429: 12 13 11 1 16 20 4 10 3 18 17 19 8 9 14 6 7 2 5 15 
student 430: 15 12 18 2 7 16 13 20 10 1 5 8 14 6 9 17 3 19 4 11 
student 431: 4 18 13 14 15 16 10 6 8 19 5 20 17 12 2 11 9 7 1 3 
student 432: 15 19 4 8 17 14 3 7 5 2 6 16 10 12 13 20 9 1 18 11 
student 433: 11 4 13 2 17 5 3 20 8 6 19 15 12 9 10 7 16 14 18 1 
student 434: 5 11 18 14 13 9 20 3 12 17 2 8 19 10 7 16 15 1 6 4 
student 435: 17 16 19 5 8 6 20 15 13 3 4 9 7 10 18 11 2 14 1 12 
student 436: 11 8 17 12 1 14 16 18 20 6 10 13 5 19 2 15 3 4 7 9 
student 437: 20 7 11 19 9 14 8 17 16 2 12 15 18 10 3 13 5 4 6 1 
student 438: 7 6 8 5 16 10 4 20 18 2 9 13 19 12 11 17 1 14 15 3 
student 439: 7 20 12 17 18 1 13 14 15 4 3 10 16 5 9 19 6 2 8 11 
student 440: 12 18 13 3 8 17 4 9 14 10 2 19 5 15 6 16 20 7 1 11 
student 441: 10 16 7 8 18 11 4 2 12 19 14 17 13 6 5 20 1 15 3 9 
student 442: 18 16 11 9 4 2 15 12 6 5 14 20 8 17 7 19 1 3 13 10 
student 443: 13 10 18 7 9 20 16 11 4 2 19 17 12 14 5 15 1 3 8 6 
student 444: 19 5 13 14 10 9 3 8 11 1 6 20 12 18 17 15 7 2 16 4 
student 445: 9 19 11 3 8 17 4 20 1 6 18 12 14 15 7 16 2 10 13 5 
student 446: 6 9 11 18 16 20 5 10 13 3 12 19 15 14 7 2 4 8 17 1 
student 447: 15 6 16 8 19 4 1 18 2 20 10 17 11 9 7 13 5 3 14 12 
student 448: 11 15 17 19 1 16 5 18 2 10 6 20 14 3 9 12 13 7 8 4 
student 449: 17 13 20 1 18 11 4 12 5 14 7 10 15 19 3 16 2 9 6 8 
student 450: 15 2 7 8 13 12 17 14 11 1 4 16 19 5 6 18 9 20 10 3 
student 451: 11 18 6 3 7 19 12 20 16 15 10 13 14 9 2 5 8 17 1 4 
student 452: 19 17 14 11 5 10 18 2 1 3 15 16 9 8 4 20 6 7 12 13 
student 453: 18 7 14 2 3 8 17 15 6 9 1 16 13 19 10 11 20 5 12 4 
student 454: 13 19 7 17 6 20 3 11 9 2 10 18 1 12 4 16 15 8 14 5 
student 455: 2 10 9 17 19 11 8 1 15 4 6 13 20 18 3 12 7 16 14 5 
student 456: 16 8 13 10 3 9 19 17 18 5 11 7 6 15 4 14 1 2 20 12 
student 457: 15 17 6 19 18 2 11 3 10 7 1 20 4 9 8 16 14 5 12 13 
student 458: 20 11 12 9 10 3 8 17 1 18 13 19 14 16 15 6 5 4 2 7 
student 459: 11 13 19 10 1 18 7 20 3 9 16 17 15 14 2 12 6 4 5 8 
student 460: 18 3 11 7 17 16 8 19 13 1 4 14 20 12 2 15 9 6 10 5 
student 461: 6 13 1 9 8 14 16 15 12 7 3 17 20 10 5 19 2 18 11 4 
student 462: 16 19 9 18 3 6 10 17 12 15 1 14 20 7 13 11 2 4 5 8 
student 463: 15 8 16 11 4 6 1 13 19 2 18 14 20 9 3 17 12 5 10 7 
student 464: 18 11 5 20 15 16 1 19 12 9 7 14 17 3 8 6 2 4 13 10 
student 465: 14 9 8 19 5 12 10 18 2 3 11 1 13 15 20 17 16 4 7 6 
student 466: 14 6 9 13 11 7 8 12 3 4 15 18 20 2 5 10 16 17 19 1 
student 467: 10 18 9 7 20 12 19 6 13 1 2 15 3 14 17 16 8 5 11 4 
student 468: 18 12 1 20 15 10 16 17 13 4 19 11 8 2 7 14 5 3 9 6 
student 469: 11 10 20 18 13 15 7 14 9 19 4 16 6 17 1 12 3 8 2 5 
student 470: 17 14 10 2 19 6 15 20 12 4 9 18 1 16 5 13 8 3 7 11 
student 471: 19 14 8 6 20 2 9 3 17 1 16 18 15 7 4 12 11 10 13 5 
student 472: 15 6 19 13 2 8 18 14 7 12 3 4 20 17 16 11 5 9 10 1 
student 473: 7 2 16 6 10 3 1 14 19 9 17 4 20 15 5 13 8 11 18 12 
student 474: 17 5 3 12 19 20 4 16 8 6 2 1 15 11 7 13 9 10 14 18 
student 475: 20 15 19 11 12 18 9 1 16 7 14 3 4 5 2 17 6 13 10 8 
student 476: 11 8 20 10 16 19 14 7 5 4 15 18 3 9 17 13 2 6 12 1 
student 477: 5 8 10 1 17 14 19 6 12 11 9 18 15 20 2 16 3 4 13 7 
student 478: 18 7 17 16 9 14 2 3 5 12 13 20 10 8 1 19 11 6 15 4 
student 479: 6 5 18 1 19 16 15 9 8 17 13 12 10 4 3 11 7 14 20 2 
student 480: 1 2 17 13 8 18 11 14 5 9 4 15 10 7 19 20 16 3 12 6 
student 481: 1 19 7 3 6 2 16 14 8 11 4 20 18 10 15 9 5 12 17 13 
student 482: 12 15 20 4 9 6 2 19 11 1 16 17 10 8 3 7 13 18 14 5 
student 483: 18 15 19 1 9 8 20 12 2 10 5 17 11 4 16 6 3 14 13 7 
student 484: 6 19 3 9 5 4 13 20 17 8 7 16 1 2 14 15 11 18 10 12 
student 485: 16 8 15 3 2 10 6 19 14 4 17 11 20 7 12 9 13 18 1 5 
student 486: 17 20 7 2 12 14 16 15 10 6 8 9 11 19 1 18 13 5 4 3 
student 487: 4 8 20 1 9 18 19 17 10 12 14 3 11 13 7 5 2 15 6 16 
student 488: 19 1 20 10 12 18 8 4 9 6 17 11 15 16 5 2 13 3 14 7 
student 489: 11 13 20 15 6 17 9 2 5 1 8 19 14 16 4 7 10 3 18 12 
student 490: 1 6 10 2 11 16 15 18 8 4 14 20 12 9 13 17 19 5 3 7 
student 491: 13 11 8 9 17 18 15 6 1 16 4 7 12 2 10 14 3 19 5 20 
student 492: 16 13 10 9 5 18 1 6 4 7 12 20 19 8 15 14 11 2 17 3 
student 493: 19 7 8 9 12 18 5 15 11 6 10 20 14 17 4 3 16 2 13 1 
student 494: 14 18 12 15 11 17 16 20 4 8 1 19 10 13 9 3 2 7 6 5 
student 495: 19 9 15 10 18 17 7 8 14 5 3 12 16 6 11 13 2 4 20 1 
student 496: 7 3 19 12 18 10 2 15 20 9 16 11 14 4 1 17 5 8 6 13 
student 497: 5 12 9 20 16 14 2 8 1 7 18 17 19 10 11 15 4 3 13 6 
student 498: 19 1 16 8 17 13 11 10 5 9 14 2 3 7 20 6 12 18 4 15 
student 499: 12 5 3 2 19 18 11 20 16 9 8 17 7 13 6 14 10 1 15 4 
student 500: 3 15 7 19 18 6 4 5 14 16 2 13 17 10 20 11 9 1 12 8 
student 501: 17 20 13 4 12 19 14 18 15 6 10 5 16 8 2 1 7 9 3 11 
student 502: 14 16 12 9 5 15 10 20 7 2 6 18 8 17 1 19 13 3 11 4 
student 503: 7 19 10 20 11 8 2 13 12 18 14 17 16 3 5 15 9 4 6 1 
student 504: 20 16 18 13 10 17 9 15 3 1 6 14 2 19 4 12 5 7 8 11 
student 505: 16 10 7 20 15 5 3 8 11 6 13 17 4 14 1 19 12 2 18 9 
student 506: 20 15 14 4 8 11 10 17 1 7 19 16 12 18 3 9 13 2 6 5 
student 507: 2 12 18 5 16 8 15 10 17 11 6 20 19 13 3 9 4 14 1 7 
student 508: 20 11 17 3 9 10 18 13 12 2 1 15 14 7 8 19 16 6 4 5 
student 509: 20 5 2 3 17 19 1 12 7 13 4 11 15 8 6 10 14 16 9 18 
student 510: 10 17 16 13 19 18 7 2 8 5 9 20 11 14 4 15 12 3 1 6 
student 511: 14 12 10 3 15 5 9 17 1 6 8 19 4 11 20 13 7 18 16 2 
student 512: 17 7 18 8 16 4 2 5 3 13 15 11 19 14 12 6 10 1 9 20 
student 513: 8 2 18 17 11 7 3 12 9 16 4 20 19 13 5 6 10 15 14 1 
student 514: 12 7 15 8 19 11 10 4 18 6 14 17 16 5 3 9 2 1 20 13 
student 515: 10 13 4 6 15 16 8 20 17 3 19 14 9 11 7 5 2 12 1 18 
student 516: 18 16 6 12 10 2 14 13 4 19 5 7 20 11 8 9 1 3 17 15 
student 517: 15 7 3 8 17 5 13 9 4 1 18 16 20 6 12 11 2 14 10 19 
student 518: 12 13 18 6 11 2 20 9 19 1 7 10 8 5 15 14 17 3 16 4 
student 519: 17 5 10 14 12 4 6 15 19 2 8 13 20 3 18 11 16 1 9 7 
student 520: 11 17 16 4 15 8 18 19 10 1 13 20 12 5 14 7 2 9 6 3 
student 521: 4 7 17 15 10 2 5 3 1 14 6 13 20 16 9 11 19 12 8 18 
student 522: 10 5 11 1 16 17 3 9 6 8 15 14 7 18 19 20 2 4 12 13 
student 523: 1 18 5 4 14 19 10 3 13 7 15 16 6 20 8 9 11 2 12 17 
student 524: 18 6 9 5 14 17 8 12 11 2 7 19 15 16 3 20 4 1 13 10 
student 525: 4 6 2 19 9 5 11 13 8 7 17 16 18 15 3 20 10 14 12 1 
student 526: 13 10 11 3 2 12 1 20 7 16 17 5 9 18 19 6 4 14 15 8 
student 527: 9 11 18 16 15 3 5 1 19 10 20 12 13 4 7 17 14 6 2 8 
student 528: 19 1 18 17 13 6 4 16 9 3 5 8 20 11 2 15 10 12 7 14 
student 529: 16 11 17 19 14 15 5 6 3 1 4 18 12 20 7 8 10 9 2 13 
student 530: 20 13 11 7 16 12 9 3 5 19 15 2 18 17 6 14 10 8 1 4 
student 531: 5 9 11 18 17 2 16 15 13 6 8 7 14 10 1 20 12 3 4 19 
student 532: 12 8 19 11 3 14 15 10 13 7 2 5 16 6 1 18 9 17 4 20 
student 533: 5 10 16 4 8 20 15 11 17 7 18 12 2 6 19 13 14 1 3 9 
student 534: 2 11 19 15 5 4 18 9 3 1 12 16 20 10 13 17 8 14 6 7 
student 535: 18 14 12 13 7 2 20 9 17 11 6 4 5 1 15 19 3 16 8 10 
student 536: 13 18 20 1 6 15 2 14 5 10 9 11 16 7 17 19 3 8 4 12 
student 537: 13 15 11 3 17 4 7 8 2 9 10 20 19 18 12 16 1 5 14 6 
student 538: 4 19 5 11 17 16 13 15 10 2 8 14 20 18 9 7 1 3 6 12 
student 539: 18 10 16 13 19 20 3 9 11 6 14 15 17 4 2 12 8 7 1 5 
student 540: 7 10 2 12 15 6 17 14 4 9 20 16 11 18 19 13 3 5 1 8 
student 541: 10 11 7 5 14 3 18 12 13 20 1 6 16 17 8 19 4 9 2 15 
student 542: 16 1 12 10 19 14 4 18 7 3 5 17 20 13 8 9 2 11 6 15 
student 543: 6 14 20 11 12 9 17 19 7 3 1 18 13 10 5 16 15 2 8 4 
student 544: 10 9 8 1 19 16 2 12 3 18 15 13 6 4 5 20 11 17 14 7 
student 545: 20 3 5 17 16 7 6 8 11 12 19 18 15 13 4 14 10 9 2 1 
student 546: 15 9 14 11 10 16 20 8 5 1 19 2 12 6 13 17 3 7 18 4 
student 547: 17 14 20 2 8 1 9 6 3 13 7 15 11 10 12 19 18 16 4 5 
student 548: 16 12 13 7 2 10 4 14 18 6 11 17 19 20 8 9 1 3 15 5 
student 549: 19 12 13 20 6 5 7 10 15 1 14 16 11 18 3 17 2 9 4 8 
student 550: 5 10 18 7 15 12 19 13 1 4 6 8 16 9 2 17 14 20 11 3 
student 551: 16 7 20 13 4 3 8 19 18 1 2 15 10 9 5 11 6 17 12 14 
student 552: 20 6 19 12 18 13 8 15 14 1 17 16 5 4 9 10 2 11 7 3 
student 553: 14 6 16 12 13 15 9 10 7 8 1 11 17 18 4 20 19 3 2 5 
student 554: 18 7 2 6 12 14 3 15 4 11 9 16 8 20 19 17 13 10 5 1 
student 555: 8 18 15 16 19 3 7 12 14 6 9 17 20 1 2 10 13 5 11 4 
student 556: 4 7 12 17 20 19 16 14 15 11 10 13 18 1 8 6 3 2 5 9 
student 557: 19 10 15 7 3 20 6 14 11 18 13 16 17 12 4 8 1 5 2 9 
student 558: 6 14 5 10 19 16 15 17 9 8 11 12 20 7 3 1 13 18 4 2 
student 559: 6 11 10 7 17 13 19 3 14 9 18 20 4 1 16 8 5 2 12 15 
student 560: 12 17 13 1 9 15 5 16 18 8 3 19 6 4 7 14 10 20 2 11 
student 561: 1 8 2 4 15 9 11 14 18 7 20 16 10 5 12 6 17 3 19 13 
student 562: 15 19 11 13 9 10 14 17 8 16 1 5 20 18 6 12 7 2 4 3 
student 563: 4 18 6 11 10 7 16 19 9 5 17 14 15 20 8 13 12 3 1 2 
student 564: 9 2 12 19 5 15 1 8 4 20 11 16 14 6 18 10 13 3 17 7 
student 565: 19 17 20 16 12 18 10 11 15 8 9 14 13 6 7 5 2 1 3 4 
student 566: 5 17 6 15 16 3 14 19 13 10 1 18 20 4 12 9 7 8 11 2 
student 567: 20 19 4 14 7 15 2 18 8 12 13 17 1 16 9 10 6 3 11 5 
student 568: 15 18 2 5 14 11 20 12 4 3 16 6 13 8 7 19 17 9 1 10 
student 569: 6 8 10 11 4 15 19 12 5 2 13 17 20 18 3 1 16 14 7 9 
student 570: 12 14 20 9 10 18 8 1 2 3 17 19 13 16 4 11 15 6 7 5 
student 571: 1 6 12 2 19 15 8 17 4 3 16 18 7 13 9 11 10 14 5 20 
student 572: 15 6 5 13 20 7 19 18 8 10 4 9 11 14 3 16 12 2 17 1 
student 573: 13 12 14 10 20 17 7 15 11 3 8 9 16 19 6 18 5 1 4 2 
student 574: 6 16 12 18 11 19 4 9 5 10 8 14 13 20 1 17 7 2 15 3 
student 575: 17 18 13 20 9 6 3 12 11 5 7 15 1 14 8 19 10 4 16 2 
student 576: 17 16 15 9 19 10 6 5 12 8 18 11 7 20 14 13 1 3 4 2 
student 577: 15 6 14 12 18 4 1 3 7 2 10 8 16 11 5 9 20 17 19 13 
student 578: 6 5 18 3 2 4 8 7 16 1 13 19 20 12 17 9 11 15 10 14 
student 579: 5 3 20 2 15 17 14 19 13 1 9 10 11 8 4 7 16 18 12 6 
student 580: 12 11 4 18 14 13 8 17 2 6 5 9 16 3 1 20 7 19 15 10 
student 581: 20 12 2 3 13 4 6 17 15 8 10 16 19 18 5 9 11 7 1 14 
student 582: 20 8 17 15 6 18 4 19 7 16 1 3 5 12 14 9 10 2 13 11 
student 583: 9 5 13 2 16 1 12 10 17 15 14 11 20 19 3 8 18 6 4 7 
student 584: 16 4 8 5 7 12 20 18 11 1 9 14 2 6 15 10 17 13 19 3 
student 585: 11 14 9 3 7 2 18 15 13 1 12 17 10 16 8 20 4 6 5 19 
student 586: 19 14 11 15 18 2 8 7 17 6 13 10 20 16 5 9 12 4 1 3 
student 587: 20 13 9 7 16 12 4 19 5 11 6 17 15 14 3 18 1 2 8 10 
student 588: 9 4 12 10 16 19 7 6 14 11 18 17 15 13 3 20 2 5 8 1 
student 589: 9 8 14 12 13 16 10 15 3 6 7 18 4 5 11 20 19 2 17 1 
student 590: 18 17 3 14 19 13 7 10 5 8 15 9 6 11 20 12 4 16 2 1 
student 591: 19 17 15 1 3 13 14 12 8 2 6 9 18 16 20 7 10 5 11 4 
student 592: 20 14 16 8 13 17 9 4 5 2 10 19 6 1 11 7 15 18 12 3 
student 593: 20 7 2 17 18 15 10 9 16 3 13 6 1 19 14 12 11 8 4 5 
student 594: 9 16 3 6 19 2 18 13 20 1 7 14 8 15 17 11 12 4 5 10 
student 595: 11 19 16 17 14 18 6 4 3 5 7 9 13 12 8 10 20 15 1 2 
student 596: 19 10 15 5 1 12 18 9 4 7 16 3 11 17 14 20 8 13 6 2 
student 597: 16 3 20 8 6 19 5 11 15 7 9 18 13 12 4 17 10 2 14 1 
student 598: 20 14 16 19 1 9 11 18 10 3 5 17 15 8 6 7 2 13 4 12 
student 599: 15 13 19 11 1 14 4 8 3 16 6 7 10 20 18 12 17 9 5 2 
student 600: 17 7 6 14 20 19 8 12 3 1 2 15 13 9 5 18 16 4 11 10 
student 601: 9 18 8 13 3 20 15 19 7 14 12 11 5 6 10 2 17 16 4 1 
student 602: 5 20 12 7 13 2 9 17 6 11 15 16 4 14 8 18 10 1 3 19 
student 603: 12 5 2 6 16 3 14 7 11 4 10 20 18 17 9 13 19 8 1 15 
student 604: 20 11 9 14 13 1 18 12 7 4 17 19 15 10 6 16 5 8 3 2 
student 605: 17 9 16 5 10 12 11 6 7 1 13 20 18 14 2 15 19 8 3 4 
student 606: 6 19 7 17 16 10 5 14 4 8 15 13 9 20 11 12 18 1 3 2 
student 607: 20 2 1 14 5 17 16 13 19 4 11 7 3 9 12 8 18 6 15 10 
student 608: 18 19 11 14 13 17 8 15 2 6 7 3 20 16 10 1 4 5 9 12 
student 609: 6 5 8 4 2 15 10 18 20 7 9 19 16 13 17 14 3 12 1 11 
student 610: 16 18 15 11 12 20 1 6 2 9 8 14 5 7 4 19 10 13 3 17 
student 611: 13 2 17 18 14 16 1 10 11 4 20 19 15 12 9 6 5 7 8 3 
student 612: 18 4 9 14 17 5 15 3 7 6 8 19 10 16 1 20 13 2 11 12 
student 613: 14 6 19 7 12 13 8 5 18 10 3 16 15 17 9 20 4 1 11 2 
student 614: 3 5 17 6 8 14 12 13 16 4 18 19 20 7 15 10 11 2 9 1 
student 615: 18 19 11 10 14 7 5 12 3 9 20 16 15 6 13 17 4 8 1 2 
student 616: 20 13 18 1 14 11 16 15 2 19 4 5 12 3 17 10 7 6 9 8 
student 617: 15 17 20 14 2 13 19 1 7 11 3 12 16 4 5 6 18 9 10 8 
student 618: 9 5 12 19 3 1 17 8 13 10 15 4 20 2 14 6 11 7 18 16 
student 619: 19 8 15 5 20 10 4 13 7 11 6 14 2 9 1 18 12 3 17 16 
student 620: 16 4 17 11 8 18 3 9 20 5 19 6 12 1 2 10 7 14 13 15 
student 621: 15 9 18 5 7 10 20 14 1 13 19 8 11 16 4 17 12 2 6 3 
student 622: 19 1 6 13 11 17 7 4 12 3 8 9 18 20 15 14 5 10 16 2 
student 623: 12 7 3 4 15 6 10 11 1 8 17 9 16 13 5 19 2 14 20 18 
student 624: 16 19 6 20 15 9 14 11 8 1 18 10 13 12 5 17 7 2 3 4 
student 625: 20 5 18 11 14 3 2 17 10 6 12 19 15 1 4 16 7 13 8 9 
student 626: 6 19 7 16 18 11 13 4 15 2 12 3 20 14 8 17 5 1 10 9 
student 627: 20 7 15 11 5 16 18 14 8 13 12 6 17 19 2 1 4 10 9 3 
student 628: 20 15 8 7 14 2 17 10 11 13 16 4 19 9 3 5 18 6 12 1 
student 629: 17 16 18 6 4 13 10 11 19 15 5 14 12 7 8 20 3 1 9 2 
student 630: 13 20 6 18 5 8 12 15 2 3 4 16 9 11 10 1 7 19 17 14 
student 631: 13 3 12 14 20 8 11 19 16 2 5 10 15 1 7 9 18 4 17 6 
student 632: 13 15 17 10 7 6 9 12 8 11 5 1 3 4 20 19 14 16 18 2 
student 633: 16 10 4 15 19 17 11 20 18 13 8 9 14 12 5 2 1 7 6 3 
student 634: 17 6 18 15 11 8 19 14 2 9 7 13 16 1 10 12 3 20 4 5 
student 635: 19 18 5 15 8 2 14 12 7 4 10 6 11 3 9 17 20 1 16 13 
student 636: 1 11 12 17 4 2 16 18 5 10 9 8 20 6 3 14 15 7 13 19 
student 637: 6 8 11 20 16 15 1 3 12 10 5 19 18 13 2 7 4 9 17 14 
student 638: 17 6 18 3 20 19 4 5 14 8 11 9 13 12 15 2 1 10 7 16 
student 639: 12 11 13 9 1 20 8 14 15 3 5 18 10 19 6 17 16 2 4 7 
student 640: 20 14 19 5 8 3 6 12 17 15 11 18 1 4 10 13 9 7 2 16 
student 641: 18 20 13 10 8 6 7 9 14 11 19 16 3 17 1 15 5 4 12 2 
student 642: 11 4 18 16 5 1 7 15 13 10 14 9 20 8 3 19 12 6 2 17 
student 643: 19 7 16 14 4 20 13 17 8 12 18 10 3 15 11 6 9 1 2 5 
student 644: 15 16 7 13 19 9 2 3 8 1 14 20 11 6 12 18 10 4 17 5 
student 645: 16 13 15 11 19 9 10 14 3 12 2 20 17 4 7 18 1 5 6 8 
student 646: 18 13 14 5 20 17 12 19 2 11 10 15 3 8 6 16 1 9 4 7 
student 647: 6 12 11 1 16 14 19 15 2 3 9 18 13 17 5 10 20 8 7 4 
student 648: 6 3 11 5 4 13 15 2 1 8 7 16 18 17 20 19 14 10 12 9 
student 649: 17 5 10 6 12 18 19 11 15 13 7 4 16 14 8 9 20 3 1 2 
student 650: 19 12 17 3 2 18 6 13 16 7 5 10 8 11 9 20 15 14 1 4 
student 651: 5 10 16 19 2 11 20 13 7 6 14 15 17 9 4 12 18 1 8 3 
student 652: 2 6 10 17 13 16 4 15 1 19 5 3 7 20 8 12 11 9 14 18 
student 653: 15 19 2 3 7 10 5 20 11 18 1 17 14 13 9 12 16 4 6 8 
student 654: 20 7 19 6 12 10 8 15 3 11 9 18 16 4 13 2 17 14 5 1 
student 655: 3 13 4 8 12 6 9 15 18 2 7 17 5 19 20 14 10 1 16 11 
student 656: 2 12 6 3 13 17 11 20 10 1 5 14 18 15 8 16 9 4 7 19 
student 657: 12 9 15 6 14 18 8 20 2 3 7 19 11 17 4 10 5 1 13 16 
student 658: 18 20 4 7 3 14 13 17 19 12 2 15 5 6 16 9 11 8 10 1 
student 659: 5 12 13 6 4 11 8 18 7 10 20 9 17 19 2 16 1 14 15 3 
student 660: 5 17 20 13 11 15 12 18 2 1 16 7 19 14 3 9 10 4 8 6 
student 661: 10 5 17 6 1 15 12 9 11 13 18 19 16 4 2 20 14 7 3 8 
student 662: 10 3 18 2 9 8 19 6 7 4 11 20 17 14 12 15 13 1 16 5 
student 663: 15 7 10 2 5 19 14 4 9 6 1 11 18 20 12 17 16 8 13 3 
student 664: 20 18 3 5 9 17 12 10 1 2 11 15 14 8 6 19 13 7 16 4 
student 665: 12 15 3 4 7 18 8 14 1 10 20 17 11 19 16 5 13 2 9 6 
student 666: 7 4 14 17 2 19 5 10 13 6 18 9 20 8 11 15 16 1 12 3 
student 667: 8 15 17 1 19 11 3 6 9 13 20 5 16 14 18 7 2 10 4 12 
student 668: 7 15 16 18 14 12 20 4 3 1 5 17 10 9 6 19 11 13 8 2 
student 669: 15 14 19 1 4 8 2 18 9 5 11 13 6 10 3 20 12 7 17 16 
student 670: 15 10 14 7 11 5 19 16 12 9 8 6 20 1 18 13 17 2 4 3 
student 671: 14 9 11 7 17 5 6 18 4 1 13 20 15 10 19 12 2 8 3 16 
student 672: 13 10 1 8 4 3 18 2 14 6 16 20 15 19 9 17 12 5 7 11 
student 673: 15 13 20 16 18 5 4 17 3 10 2 12 19 9 11 14 1 6 7 8 
student 674: 19 14 11 6 15 16 12 4 1 5 2 18 9 7 3 13 8 17 10 20 
student 675: 11 3 5 2 19 9 20 12 15 8 4 17 18 10 13 16 14 1 7 6 
student 676: 6 9 20 8 16 12 2 13 11 17 7 19 15 14 1 18 4 10 3 5 
student 677: 16 14 6 3 11 4 12 20 8 10 7 15 19 1 5 18 2 9 17 13 
student 678: 6 20 7 12 15 4 9 14 1 10 8 16 17 19 3 11 5 18 2 13 
student 679: 6 11 5 8 12 15 2 16 3 19 4 14 1 18 7 10 9 13 17 20 
student 680: 19 10 14 1 11 4 12 17 2 9 3 15 18 8 7 16 6 5 20 13 
student 681: 18 4 5 9 16 19 17 8 12 3 20 7 13 14 11 15 6 1 10 2 
student 682: 20 10 11 5 13 15 3 17 4 19 7 14 18 1 2 16 8 6 12 9 
student 683: 8 17 11 4 15 18 6 14 1 12 5 19 20 16 9 2 10 3 13 7 
student 684: 19 3 17 18 13 20 4 1 7 8 2 16 12 15 10 6 9 11 5 14 
student 685: 6 8 20 14 11 16 12 10 17 18 4 1 15 13 7 19 5 9 3 2 
student 686: 5 15 18 11 16 6 14 8 2 1 12 10 19 17 13 7 3 4 20 9 
student 687: 5 12 14 3 6 20 15 18 11 9 2 19 17 16 8 7 1 13 10 4 
student 688: 16 13 7 12 11 18 10 19 15 17 14 8 20 1 9 3 4 6 5 2 
student 689: 7 16 15 9 14 17 13 10 8 12 2 11 19 6 4 20 3 5 18 1 
student 690: 15 5 20 9 11 14 19 12 13 6 7 17 8 10 4 2 18 1 3 16 
student 691: 2 8 19 6 11 17 7 15 16 3 10 9 20 18 4 13 5 1 12 14 
student 692: 15 13 19 11 10 16 17 18 7 2 3 5 9 8 6 20 1 4 14 12 
student 693: 9 19 17 12 18 1 11 15 4 7 5 8 20 13 2 16 6 10 3 14 
student 694: 10 11 2 3 8 14 17 5 6 15 13 18 20 19 16 9 12 1 7 4 
student 695: 12 10 19 9 20 3 17 5 2 7 1 18 15 14 4 16 8 11 6 13 
student 696: 15 12 3 7 11 14 20 17 19 4 18 6 10 8 5 1 16 13 9 2 
student 697: 12 14 17 19 3 15 11 16 8 13 20 18 9 4 7 5 10 6 2 1 
student 698: 3 6 12 8 14 10 13 7 5 15 17 19 16 11 2 18 20 9 1 4 
student 699: 7 19 16 9 2 17 20 10 3 5 6 13 12 14 4 15 8 18 1 11 
student 700: 2 11 5 16 6 4 1 20 9 19 18 17 15 10 7 12 13 3 8 14 
student 701: 10 2 9 19 18 12 20 8 11 7 5 15 17 6 4 1 16 3 13 14 
student 702: 4 14 8 13 12 7 1 10 17 3 2 19 9 18 15 20 11 5 16 6 
student 703: 16 13 15 5 7 4 11 20 6 10 1 3 19 17 12 18 8 2 14 9 
student 704: 17 6 8 13 18 1 16 14 12 2 4 7 19 15 5 11 20 10 9 3 
student 705: 16 12 11 4 1 19 7 18 9 6 2 20 3 14 17 13 15 5 10 8 
student 706: 15 19 4 14 17 13 18 16 6 2 3 1 7 10 5 20 12 9 11 8 
student 707: 19 14 12 6 15 10 5 7 17 3 13 11 9 20 16 18 2 4 8 1 
student 708: 20 9 5 10 11 6 2 17 8 13 19 18 3 14 12 16 7 15 4 1 
student 709: 15 12 16 8 20 3 17 13 7 5 11 9 19 18 10 6 1 4 2 14 
student 710: 8 4 17 13 20 3 11 16 10 5 9 14 19 12 18 15 2 6 7 1 
student 711: 16 17 10 8 20 19 18 5 15 7 13 3 4 2 9 11 6 14 12 1 
student 712: 19 17 14 8 3 16 11 18 15 2 4 7 9 12 20 5 1 6 10 13 
student 713: 13 2 5 9 16 15 20 17 6 4 1 14 19 8 11 7 3 12 10 18 
student 714: 19 15 12 14 3 7 13 9 18 5 11 20 6 16 2 17 8 10 1 4 
student 715: 18 14 8 16 15 13 2 4 9 3 12 20 7 5 1 6 11 10 17 19 
student 716: 17 14 20 16 15 7 11 1 9 4 12 10 5 13 8 19 2 3 6 18 
student 717: 4 10 13 8 1 7 19 20 14 3 16 18 15 5 6 17 11 9 2 12 
student 718: 12 3 19 11 6 7 16 17 18 2 13 9 15 14 10 20 5 1 4 8 
student 719: 16 6 2 9 20 17 5 13 10 7 14 15 12 3 8 19 18 1 4 11 
student 720: 18 5 9 4 10 19 12 8 3 13 17 20 14 15 1 16 7 11 2 6 
student 721: 2 16 11 3 20 7 10 17 14 1 5 13 4 15 19 12 9 8 18 6 
student 722: 3 13 15 11 5 18 2 14 9 16 20 10 4 17 7 12 19 8 1 6 
student 723: 10 8 1 2 3 7 18 20 4 9 6 11 15 16 12 17 13 14 19 5 
student 724: 15 1 11 2 16 17 10 3 5 4 9 13 18 19 14 7 20 12 6 8 
student 725: 15 10 18 11 9 4 19 5 17 2 7 6 16 1 14 20 8 3 12 13 
student 726: 17 6 9 18 20 8 12 15 4 10 14 7 16 5 11 19 1 3 2 13 
student 727: 15 2 20 14 1 7 4 9 17 5 10 11 19 3 13 8 16 12 6 18 
student 728: 20 11 19 16 12 18 7 9 14 4 2 10 15 13 3 6 17 1 5 8 
student 729: 4 6 18 20 14 17 7 19 8 5 1 15 12 16 11 2 9 3 13 10 
student 730: 8 3 17 18 9 10 7 19 12 13 2 20 5 1 11 16 14 4 6 15 
student 731: 8 4 16 11 9 12 15 19 1 5 17 13 10 2 7 18 20 3 14 6 
student 732: 15 2 19 6 14 11 9 17 3 8 12 13 20 4 7 18 5 1 16 10 
student 733: 12 9 17 4 7 16 3 15 1 2 13 20 18 6 14 11 10 5 19 8 
student 734: 14 10 2 12 20 1 16 11 8 4 19 18 6 17 15 9 13 5 3 7 
student 735: 14 16 17 18 19 10 15 20 12 6 9 5 13 1 2 7 8 11 3 4 
student 736: 13 6 7 11 8 1 10 20 12 15 3 17 14 16 9 18 19 2 5 4 
student 737: 16 14 1 3 5 17 12 13 20 19 10 11 2 8 4 9 6 18 15 7 
student 738: 15 13 12 1 18 17 19 16 7 3 5 10 20 9 6 4 2 14 11 8 
student 739: 4 18 17 9 3 13 15 7 20 2 12 11 6 14 19 8 5 16 10 1 
student 740: 13 10 20 3 14 5 2 18 12 8 9 15 16 4 11 19 6 17 7 1 
student 741: 18 17 15 3 11 10 9 19 14 5 1 13 16 6 12 20 7 8 4 2 
student 742: 13 2 19 17 7 4 14 12 20 9 8 16 18 11 5 15 6 10 3 1 
student 743: 14 16 17 2 13 3 5 10 6 4 1 18 19 15 9 7 20 12 11 8 
student 744: 15 6 3 18 12 1 20 7 14 13 9 11 19 4 16 10 2 8 17 5 
student 745: 8 16 12 14 17 20 10 15 11 5 6 3 13 18 4 19 1 7 9 2 
student 746: 17 8 4 12 7 1 6 20 10 3 15 14 19 5 11 18 16 9 13 2 
student 747: 13 12 16 11 14 4 5 15 17 20 1 19 18 6 9 8 2 10 3 7 
student 748: 4 19 1 17 7 16 8 12 6 13 14 10 18 9 15 20 5 11 3 2 
student 749: 16 9 19 20 17 15 5 18 8 4 1 10 3 14 2 11 12 13 7 6 
student 750: 17 16 5 6 3 13 1 12 10 2 15 19 7 14 20 18 4 8 11 9 
student 751: 18 13 20 2 16 15 14 1 12 8 6 19 7 11 9 17 5 4 3 10 
student 752: 14 9 17 15 8 20 11 1 5 3 12 18 19 6 13 10 2 16 7 4 
student 753: 19 15 7 13 11 12 2 18 9 5 20 10 16 8 1 3 6 4 17 14 
student 754: 15 12 16 8 6 20 13 19 5 9 14 4 17 3 2 18 11 7 1 10 
student 755: 15 9 4 2 12 14 10 13 17 1 7 20 11 18 3 19 6 8 16 5 
student 756: 11 16 4 10 18 8 14 17 7 15 13 20 3 6 12 5 9 1 19 2 
student 757: 16 20 14 9 13 15 2 10 12 6 5 17 18 8 4 19 7 3 11 1 
student 758: 17 19 13 16 6 10 12 4 3 2 1 7 20 15 5 11 14 9 8 18 
student 759: 12 15 2 11 13 6 9 19 1 7 14 17 10 4 20 18 16 8 3 5 
student 760: 15 14 11 7 16 13 12 9 1 19 10 4 18 20 8 17 2 6 5 3 
student 761: 15 19 11 20 10 8 7 14 9 1 3 5 16 6 12 2 13 4 18 17 
student 762: 7 9 10 1 4 13 19 15 11 3 14 12 17 20 5 18 2 16 8 6 
student 763: 18 4 12 9 20 8 3 16 10 13 19 14 5 2 1 6 15 17 11 7 
student 764: 20 2 16 19 17 15 12 6 4 9 18 11 1 10 3 13 8 7 14 5 
student 765: 10 15 16 11 9 18 3 19 4 1 6 12 7 2 20 14 5 8 17 13 
student 766: 20 7 18 6 13 11 8 15 2 5 12 14 3 16 9 19 1 17 10 4 
student 767: 19 11 12 10 6 1 8 16 14 20 18 17 13 9 2 7 4 3 5 15 
student 768: 3 10 16 13 15 7 5 4 8 20 12 14 17 1 2 19 11 6 9 18 
student 769: 14 20 2 6 18 15 12 5 16 1 13 17 7 19 9 8 11 4 10 3 
student 770: 10 13 14 7 6 3 4 15 8 16 18 19 12 9 17 20 2 1 5 11 
student 771: 18 6 16 19 17 2 9 11 13 7 1 14 20 15 4 3 12 8 10 5 
student 772: 20 12 17 5 2 11 6 15 18 1 3 10 7 14 19 16 13 4 9 8 
student 773: 16 19 9 7 10 3 12 6 11 4 2 20 14 17 18 5 1 15 13 8 
student 774: 13 16 10 17 3 2 18 15 12 1 14 11 4 20 7 19 6 8 9 5 
student 775: 16 9 19 3 6 7 18 20 2 15 10 14 12 4 17 11 8 5 13 1 
student 776: 19 6 8 10 7 20 11 16 15 1 9 13 17 4 5 3 18 2 12 14 
student 777: 17 11 18 1 2 6 19 10 4 7 14 16 12 20 13 15 9 5 3 8 
student 778: 10 9 12 15 16 6 14 17 11 8 7 18 13 5 2 20 19 4 1 3 
student 779: 18 12 19 9 7 14 16 8 6 2 1 3 17 11 4 13 10 20 15 5 
student 780: 13 11 19 15 6 12 7 16 18 14 4 9 8 10 17 20 3 1 5 2 
student 781: 9 20 17 2 18 13 7 10 12 16 1 15 14 4 5 6 8 11 3 19 
student 782: 18 16 19 14 17 15 7 12 10 2 9 13 11 4 6 20 1 8 3 5 
student 783: 11 15 12 6 16 14 20 7 2 3 9 19 18 8 17 10 13 4 1 5 
student 784: 12 15 11 9 20 8 6 19 13 4 1 14 16 2 10 7 17 3 18 5 
student 785: 16 3 18 4 13 9 6 20 2 1 17 15 14 11 8 19 12 10 7 5 
student 786: 6 1 14 2 8 13 20 10 19 3 18 11 12 16 5 15 9 17 4 7 
student 787: 5 6 15 1 17 2 20 11 3 9 8 16 10 14 12 19 7 13 4 18 
student 788: 20 16 10 2 18 6 15 11 13 4 14 12 9 19 8 17 1 5 7 3 
student 789: 12 13 3 20 14 16 7 19 10 15 6 1 18 2 11 17 8 4 5 9 
student 790: 12 13 5 14 15 2 6 17 7 10 3 11 18 4 1 16 19 20 9 8 
student 791: 8 13 9 10 6 14 17 4 15 1 18 11 19 20 5 16 7 2 3 12 
student 792: 20 13 10 2 19 18 7 5 4 9 11 3 14 16 6 15 12 17 1 8 
student 793: 10 15 16 1 18 7 8 11 3 5 2 12 20 13 19 9 4 17 6 14 
student 794: 7 9 19 13 17 5 15 6 18 12 1 8 20 10 4 11 16 3 14 2 
student 795: 14 3 5 10 8 7 16 11 6 12 15 20 18 13 2 19 1 4 17 9 
student 796: 15 10 20 6 12 14 11 19 2 4 7 16 18 13 5 8 17 9 3 1 
student 797: 18 1 15 2 13 5 3 11 16 9 7 6 17 14 4 20 12 10 19 8 
student 798: 11 6 13 18 12 19 10 17 1 14 4 3 8 16 5 20 2 9 7 15 
student 799: 9 2 8 19 10 6 20 11 15 13 3 18 7 17 14 12 5 4 1 16 
