student 0: 19 3 9 18 14 2 16 10 17 6 4 8 20 1 15 7 13 11 12 5 
student 1: 1 2 12 9 3 17 19 5 18 11 15 10 6 16 13 14 7 8 4 20 
student 2: 20 3 6 17 12 13 19 8 4 11 15 2 16 5 10 9 18 14 1 7 
student 3: 6 20 12 14 7 11 10 9 3 5 13 16 4 1 17 8 18 2 15 19 
student 4: 8 6 7 5 9 4 2 16 18 15 13 12 14 17 11 1 19 20 3 10 
student 5: 11 3 8 12 9 19 5 18 4 10 2 6 14 7 20 1 16 15 13 17 
student 6: 1 20 19 2 9 11 4 5 7 14 16 13 8 6 12 17 18 3 10 15 
student 7: 5 11 1 12 14 8 17 6 15 2 7 19 9 4 13 3 16 18 10 20 
student 8: 7 11 12 17 4 2 19 18 5 1 16 14 6 15 9 10 13 20 8 3 
student 9: 19 7 6 14 12 9 18 20 10 3 8 1 5 2 4 15 16 11 13 17 
student 10: 11 7 1 17 20 10 5 4 8 14 16 2 9 6 18 19 3 12 15 13 
student 11: 13 2 11 1 16 18 17 8 7 10 3 9 4 15 19 6 20 12 14 5 
student 12: 17 1 3 11 14 6 13 19 20 10 15 2 4 7 16 8 18 9 5 12 
student 13: 1 15 14 16 9 20 13 11 6 8 3 4 18 7 19 10 12 2 5 17 
student 14: 17 11 1 4 3 16 14 20 9 6 12 2 13 7 19 8 18 10 5 15 
student 15: 6 14 1 19 17 11 10 7 2 5 13 4 9 16 20 8 18 3 12 15 
student 16: 14 5 18 2 19 13 9 20 8 1 11 4 16 3 12 6 7 17 10 15 
student 17: 18 13 9 10 19 17 11 4 3 8 20 1 5 14 16 2 7 6 12 15 
student 18: 5 7 4 8 6 19 18 11 20 12 16 10 15 1 13 3 2 14 9 17 
student 19: 9 4 2 14 6 5 15 3 16 13 20 18 12 10 17 8 11 1 7 19 
student 20: 9 4 1 16 15 11 19 20 2 10 12 8 7 3 6 18 5 14 17 13 
student 21: 5 3 12 10 11 6 16 2 1 13 4 19 20 8 18 17 15 7 9 14 
student 22: 9 8 13 11 17 20 1 7 18 4 10 5 6 2 12 16 15 19 3 14 
student 23: 7 16 18 11 10 5 20 8 1 9 19 3 14 15 12 6 2 17 4 13 
student 24: 20 5 6 16 7 4 11 12 18 10 8 9 15 1 19 14 17 13 2 3 
student 25: 14 8 15 10 20 19 16 7 18 11 5 12 3 2 4 1 13 17 9 6 
student 26: 11 12 15 18 20 6 17 1 14 13 2 4 10 5 16 8 9 3 7 19 
student 27: 12 6 2 7 18 14 19 5 9 3 4 17 10 11 8 20 1 16 13 15 
student 28: 6 8 1 15 19 20 18 14 2 11 13 4 5 12 17 7 16 9 3 10 
student 29: 3 14 5 13 12 2 11 4 7 1 17 9 8 6 19 10 18 15 16 20 
student 30: 12 9 2 11 20 8 19 15 5 18 7 17 10 4 14 16 1 3 6 13 
student 31: 5 13 12 6 19 20 9 4 17 11 16 2 10 1 7 8 15 3 18 14 
student 32: 9 12 1 20 10 2 15 16 14 13 17 11 8 6 3 4 18 5 7 19 
student 33: 7 16 6 12 19 9 15 8 20 4 18 3 14 2 17 1 10 13 5 11 
student 34: 12 6 3 1 17 10 19 11 8 7 2 16 13 9 14 20 18 4 15 5 
student 35: 17 1 15 5 20 2 9 14 10 8 12 4 16 18 6 7 11 13 3 19 
student 36: 16 8 3 17 11 19 12 14 20 15 7 6 10 1 13 5 9 18 2 4 
student 37: 17 15 2 3 20 13 9 12 5 19 16 6 18 10 1 8 7 14 4 11 
student 38: 3 10 4 16 20 2 7 8 13 12 18 11 1 15 19 17 5 6 14 9 
student 39: 5 17 4 19 9 13 14 1 20 18 2 7 6 3 11 8 12 10 15 16 
student 40: 7 8 9 20 18 13 11 6 3 4 17 1 15 2 16 5 12 19 10 14 
student 41: 3 7 6 14 18 8 13 9 4 17 19 15 10 12 11 16 5 20 1 2 
student 42: 3 17 9 4 15 13 18 11 2 6 16 10 5 12 20 8 19 7 1 14 
student 43: 5 10 6 3 14 8 12 13 20 16 19 4 2 1 17 18 7 15 11 9 
student 44: 9 8 6 14 17 7 11 12 15 3 16 5 13 2 20 18 10 19 4 1 
student 45: 4 3 2 16 9 14 20 5 7 8 10 12 15 18 17 11 6 13 1 19 
student 46: 13 1 10 3 6 7 20 11 19 4 17 2 9 12 16 15 18 14 5 8 
student 47: 3 11 10 20 15 13 16 18 5 14 7 8 4 9 12 1 19 6 2 17 
student 48: 4 14 18 3 10 13 20 5 6 17 19 16 7 2 15 12 1 8 9 11 
student 49: 7 3 5 2 17 11 6 1 15 9 14 8 12 18 19 20 10 16 4 13 
student 50: 10 3 4 17 5 11 7 20 12 1 14 16 9 2 18 13 19 8 6 15 
student 51: 13 11 6 16 20 1 9 14 3 17 5 2 12 4 19 10 8 18 7 15 
student 52: 5 20 1 6 16 7 17 19 11 13 9 10 2 4 12 15 14 18 3 8 
student 53: 8 12 3 14 15 6 10 5 18 9 16 17 7 1 13 11 4 20 2 19 
student 54: 7 2 1 8 13 18 19 9 20 4 16 5 6 3 17 12 15 11 10 14 
student 55: 5 10 7 8 6 2 1 12 4 20 16 17 3 19 18 14 9 15 11 13 
student 56: 13 5 7 14 20 10 9 19 15 12 11 2 6 3 18 1 8 16 4 17 
student 57: 19 2 17 20 14 7 10 18 12 11 13 1 5 3 15 9 8 16 6 4 
student 58: 20 9 10 11 8 7 15 5 2 13 6 3 1 4 14 16 17 19 12 18 
student 59: 2 20 19 11 18 5 16 15 4 17 14 6 3 1 13 8 12 9 10 7 
student 60: 14 6 3 18 20 11 19 7 1 8 13 12 9 15 16 5 10 17 2 4 
student 61: 1 11 7 9 15 8 17 16 6 12 13 19 14 2 5 3 10 20 4 18 
student 62: 12 11 1 17 3 15 9 19 5 13 18 6 8 2 20 4 10 16 14 7 
student 63: 3 9 4 10 17 7 19 20 1 15 8 6 14 5 11 18 16 2 12 13 
student 64: 14 5 4 11 13 17 10 20 12 1 9 8 3 19 15 2 7 18 6 16 
student 65: 13 9 1 3 11 2 20 14 18 7 17 8 4 5 12 6 15 19 10 16 
student 66: 12 2 5 18 13 6 7 1 10 8 17 19 9 4 20 11 14 15 3 16 
student 67: 16 20 3 15 2 9 17 14 11 12 7 1 6 5 10 8 13 18 4 19 
student 68: 8 10 17 4 18 16 12 20 13 1 7 2 5 3 15 6 19 11 14 9 
student 69: 13 4 7 11 17 19 14 12 1 5 15 8 2 16 18 9 20 6 3 10 
student 70: 8 5 9 4 11 17 2 13 20 7 18 19 15 10 12 1 6 16 3 14 
student 71: 2 8 5 10 20 14 12 17 18 13 15 1 9 6 19 4 11 16 3 7 
student 72: 1 3 9 6 14 4 12 13 16 2 7 15 17 10 18 5 8 20 11 19 
student 73: 20 6 2 10 15 1 18 7 8 5 13 12 3 11 19 14 9 16 4 17 
student 74: 13 3 4 11 6 20 9 5 12 2 19 1 8 10 7 18 14 15 16 17 
student 75: 7 13 8 9 18 16 17 10 19 11 4 6 20 5 3 2 14 15 1 12 
student 76: 13 16 11 17 7 19 20 12 2 4 9 8 6 1 14 10 3 5 15 18 
student 77: 2 19 6 18 20 9 4 3 15 7 16 5 8 1 14 10 11 13 12 17 
student 78: 5 15 7 8 10 14 2 9 19 18 13 6 12 16 17 4 20 3 11 1 
student 79: 2 6 10 9 19 13 11 5 4 15 14 20 1 3 17 16 18 12 8 7 
student 80: 8 4 11 1 18 12 17 13 10 3 19 5 20 6 15 7 14 16 2 9 
student 81: 20 4 2 10 17 13 19 14 8 1 18 5 12 11 7 9 3 15 6 16 
student 82: 20 5 6 9 11 18 15 7 8 14 13 1 12 2 19 4 17 16 3 10 
student 83: 20 8 13 9 11 14 17 10 19 7 6 2 5 3 1 12 18 15 4 16 
student 84: 9 6 1 15 2 20 19 11 13 4 10 18 7 3 14 8 12 5 16 17 
student 85: 17 14 1 4 9 8 16 2 15 3 18 20 5 19 7 12 11 13 10 6 
student 86: 4 7 6 13 17 8 16 19 20 3 12 5 14 11 10 1 2 9 15 18 
student 87: 19 2 9 11 1 13 7 6 12 15 3 5 4 14 16 20 17 10 8 18 
student 88: 6 11 20 10 15 7 12 5 14 3 1 9 18 2 16 8 17 13 4 19 
student 89: 2 13 7 8 9 1 6 20 18 14 16 15 4 11 19 5 3 17 10 12 
student 90: 4 11 5 19 18 13 8 14 6 20 16 1 9 12 15 10 2 17 7 3 
student 91: 5 9 13 2 20 19 4 7 12 8 10 16 17 11 14 1 6 15 3 18 
student 92: 13 12 2 14 20 17 11 19 5 1 10 7 4 9 16 15 8 3 6 18 
student 93: 6 8 14 5 3 15 4 18 16 2 20 12 11 10 9 17 13 1 7 19 
student 94: 8 16 18 20 17 4 9 13 19 1 7 2 3 6 15 5 12 11 10 14 
student 95: 19 15 2 7 16 6 20 3 5 1 17 14 12 8 13 18 9 11 4 10 
student 96: 8 11 6 16 14 18 19 7 1 5 15 10 20 17 3 2 13 12 4 9 
student 97: 7 10 5 9 19 14 12 2 13 11 1 6 15 16 18 4 3 17 8 20 
student 98: 3 9 19 10 1 4 17 15 6 18 11 2 12 8 5 20 7 13 14 16 
student 99: 2 14 3 12 15 17 10 8 5 7 16 1 9 4 18 19 11 20 6 13 
student 100: 6 9 3 20 14 19 18 4 8 11 12 2 5 10 17 15 13 16 7 1 
student 101: 11 13 2 14 19 18 17 10 4 1 6 7 5 3 20 8 15 9 12 16 
student 102: 9 2 17 4 16 5 10 15 1 12 18 8 19 7 20 6 11 14 3 13 
student 103: 10 3 1 16 18 6 12 20 4 5 17 11 8 19 15 2 9 7 13 14 
student 104: 13 10 4 5 15 20 9 6 8 12 2 1 11 16 19 18 3 17 14 7 
student 105: 16 17 5 10 15 13 1 7 4 20 11 9 6 3 12 18 19 14 8 2 
student 106: 13 7 15 2 1 10 14 12 11 20 17 9 3 5 16 6 19 4 8 18 
student 107: 14 8 2 1 19 9 15 11 4 3 17 13 6 18 16 20 12 5 7 10 
student 108: 10 11 3 14 17 9 15 5 12 7 6 8 20 1 2 18 13 16 4 19 
student 109: 8 9 6 13 19 4 20 12 5 2 17 7 14 3 11 15 16 18 1 10 
student 110: 8 18 2 9 16 17 14 4 13 12 20 3 10 5 11 1 15 6 7 19 
student 111: 4 12 3 9 19 1 5 11 15 20 14 13 2 10 16 7 17 18 6 8 
student 112: 11 1 17 19 16 5 18 8 6 3 20 9 13 2 7 10 4 14 12 15 
student 113: 14 20 4 19 5 11 6 7 1 2 15 9 8 3 16 17 18 12 10 13 
student 114: 6 9 8 5 18 15 17 20 10 2 11 3 12 1 14 19 7 16 13 4 
student 115: 9 19 2 8 15 7 10 3 6 12 18 4 17 16 5 20 11 13 1 14 
student 116: 1 11 4 10 16 12 15 18 20 9 3 2 8 6 19 5 13 17 7 14 
student 117: 16 10 11 17 9 12 2 15 14 4 20 6 3 5 13 18 8 19 7 1 
student 118: 2 16 5 8 11 12 20 7 1 9 18 14 10 6 13 3 17 19 15 4 
student 119: 4 19 11 1 16 12 15 5 14 2 18 7 3 6 20 9 10 13 17 8 
student 120: 11 1 3 17 18 15 19 7 14 9 16 8 5 4 10 2 12 13 6 20 
student 121: 5 8 6 13 19 12 20 16 10 2 17 1 9 4 15 11 7 14 3 18 
student 122: 12 10 6 2 20 18 19 11 3 16 1 9 15 4 8 14 13 5 7 17 
student 123: 3 12 6 5 2 16 19 1 18 9 8 13 10 17 11 14 20 7 4 15 
student 124: 14 13 3 5 18 4 19 15 10 1 2 6 17 9 20 11 7 8 12 16 
student 125: 10 5 2 15 13 18 20 4 14 17 12 11 9 3 1 16 7 6 8 19 
student 126: 7 6 5 18 16 14 17 13 11 9 4 10 3 2 8 12 15 19 1 20 
student 127: 3 18 6 12 19 5 16 8 20 9 15 2 4 14 13 11 1 10 7 17 
student 128: 15 10 19 13 3 18 11 4 7 2 6 17 12 20 16 9 14 1 5 8 
student 129: 13 8 3 18 14 6 11 20 16 10 19 5 1 7 12 17 9 2 15 4 
student 130: 20 12 4 14 15 19 16 13 9 7 17 5 8 2 6 10 1 3 11 18 
student 131: 2 6 9 12 7 8 16 14 3 10 1 5 4 18 20 19 17 11 15 13 
student 132: 16 1 2 9 13 7 20 14 10 6 5 12 19 18 17 8 11 15 3 4 
student 133: 9 1 11 2 18 5 6 15 8 16 19 17 14 13 4 3 10 20 7 12 
student 134: 1 15 6 14 18 17 20 8 7 4 10 5 19 12 13 2 11 16 3 9 
student 135: 10 2 5 18 16 3 15 8 19 6 7 12 9 4 13 1 17 14 11 20 
student 136: 4 13 6 20 16 11 10 8 5 1 15 7 3 9 14 12 19 17 2 18 
student 137: 5 4 2 17 14 7 11 10 18 6 13 9 12 3 19 8 1 20 16 15 
student 138: 9 11 2 15 19 10 3 13 18 5 6 1 20 7 17 14 12 16 8 4 
student 139: 18 1 3 7 13 17 12 9 10 2 8 4 6 5 14 15 19 20 11 16 
student 140: 1 5 13 12 2 20 8 15 11 4 16 14 17 18 19 3 10 9 6 7 
student 141: 20 5 1 6 19 17 18 13 3 16 9 2 4 12 14 15 10 7 8 11 
student 142: 12 17 10 3 5 6 16 4 20 19 11 1 13 9 15 14 7 18 8 2 
student 143: 11 13 10 17 19 14 16 15 7 2 20 8 3 5 9 4 18 6 12 1 
student 144: 6 11 14 18 13 15 20 17 9 3 7 10 5 19 1 8 4 12 2 16 
student 145: 1 4 12 17 19 3 18 10 13 2 16 7 8 20 6 11 14 15 9 5 
student 146: 16 13 15 7 10 2 12 8 9 1 19 18 5 17 14 3 6 20 4 11 
student 147: 2 15 6 17 8 7 16 18 1 3 9 5 11 10 19 20 12 13 4 14 
student 148: 1 17 5 12 19 18 11 9 2 14 4 3 10 6 20 13 15 7 16 8 
student 149: 18 13 4 12 20 14 15 11 3 6 10 7 1 2 16 9 19 8 5 17 
student 150: 20 6 2 7 19 14 16 5 18 4 11 9 10 1 13 3 17 8 15 12 
student 151: 3 1 8 19 20 7 9 5 15 14 6 12 2 10 18 13 4 16 11 17 
student 152: 3 16 10 6 12 9 11 18 20 2 13 4 14 8 17 19 7 5 1 15 
student 153: 12 15 9 16 1 18 4 13 20 2 14 7 5 3 10 8 17 11 6 19 
student 154: 11 20 4 9 6 8 16 7 15 1 17 3 10 12 14 5 13 18 2 19 
student 155: 20 6 2 19 17 15 5 12 3 11 14 10 8 9 13 1 18 16 7 4 
student 156: 4 13 8 16 15 9 19 17 10 5 1 3 12 18 20 6 11 2 7 14 
student 157: 19 3 1 10 17 8 16 14 13 7 6 12 15 2 11 18 9 4 20 5 
student 158: 13 1 4 16 17 7 9 3 6 2 8 18 20 5 19 15 14 12 11 10 
student 159: 13 1 10 4 11 5 9 17 6 3 20 7 16 14 15 12 18 19 8 2 
student 160: 5 3 9 15 11 1 8 19 17 16 4 10 12 2 18 20 6 7 14 13 
student 161: 5 19 8 17 11 4 13 2 7 10 1 6 16 3 14 9 15 20 12 18 
student 162: 2 7 8 19 18 14 5 1 15 6 9 11 13 12 3 20 17 16 10 4 
student 163: 15 8 7 2 12 13 3 11 17 4 18 9 14 1 10 19 20 16 6 5 
student 164: 9 1 5 11 16 13 8 10 18 2 20 6 17 4 19 3 15 14 7 12 
student 165: 15 14 13 6 11 17 20 2 9 10 8 4 3 1 18 12 16 7 5 19 
student 166: 13 2 11 10 20 7 9 15 5 17 3 8 1 4 18 6 19 16 12 14 
student 167: 6 2 18 10 9 13 17 15 19 4 11 7 3 8 16 20 5 14 1 12 
student 168: 2 10 7 8 6 17 15 13 16 5 9 3 1 19 12 20 14 18 4 11 
student 169: 1 9 11 16 19 18 12 3 10 20 14 5 2 15 17 6 8 13 7 4 
student 170: 12 11 5 18 20 15 17 19 3 4 6 8 9 2 14 1 13 16 10 7 
student 171: 4 3 9 6 13 20 16 7 11 15 10 18 12 5 19 8 17 14 2 1 
student 172: 10 14 15 6 2 18 20 4 7 11 8 3 9 16 12 1 19 13 17 5 
student 173: 4 17 8 13 16 5 11 20 12 1 10 2 9 6 15 18 19 7 3 14 
student 174: 7 11 9 5 4 1 16 10 12 2 18 3 6 13 20 8 15 19 17 14 
student 175: 3 5 1 10 17 16 20 9 12 2 13 14 18 7 19 4 15 8 6 11 
student 176: 10 11 14 19 20 2 18 9 3 1 15 6 12 8 5 16 17 4 13 7 
student 177: 8 2 9 12 18 4 19 1 13 15 7 17 11 6 20 10 16 14 3 5 
student 178: 15 3 10 6 18 12 14 11 4 19 7 1 16 5 2 17 20 13 9 8 
student 179: 20 10 3 7 17 11 16 6 13 14 4 8 15 1 12 9 5 19 2 18 
student 180: 8 18 19 6 20 4 16 7 17 5 14 3 9 2 1 12 11 15 13 10 
student 181: 9 6 2 17 20 4 14 12 15 8 10 3 13 5 1 11 19 7 16 18 
student 182: 10 17 4 13 15 1 12 9 11 5 20 3 18 7 16 6 14 19 2 8 
student 183: 3 15 6 17 19 20 7 13 5 11 12 14 2 4 16 1 10 18 8 9 
student 184: 6 20 9 18 17 7 16 11 10 5 13 15 8 19 14 4 3 12 2 1 
student 185: 19 3 4 20 9 14 18 16 11 17 13 6 12 10 5 15 1 8 2 7 
student 186: 19 1 18 6 9 4 16 8 13 12 20 10 11 7 17 3 14 2 15 5 
student 187: 8 6 5 14 11 2 18 10 12 4 9 19 15 20 7 3 16 1 13 17 
student 188: 15 14 7 20 5 17 8 1 12 3 9 4 19 10 13 16 6 18 2 11 
student 189: 1 9 11 13 16 6 2 5 10 7 14 3 8 17 18 12 20 15 19 4 
student 190: 1 3 15 16 9 11 20 6 10 8 7 18 19 4 17 2 13 5 12 14 
student 191: 6 4 11 9 10 16 18 8 17 14 12 1 3 13 20 7 19 15 2 5 
student 192: 3 19 1 17 12 4 14 16 5 7 6 18 13 10 9 8 11 15 2 20 
student 193: 3 2 6 14 19 15 5 16 18 12 9 7 1 13 10 11 4 20 17 8 
student 194: 2 3 8 9 16 1 18 5 17 7 14 4 10 6 12 13 20 11 19 15 
student 195: 1 6 15 16 13 12 8 9 20 3 14 10 18 2 19 7 5 11 17 4 
student 196: 20 6 1 7 17 18 11 3 10 5 14 16 8 9 12 2 19 13 4 15 
student 197: 15 14 11 5 20 12 8 3 7 4 18 10 6 2 17 1 16 9 13 19 
student 198: 13 14 2 9 18 19 17 15 8 3 5 12 6 4 10 7 16 20 1 11 
student 199: 4 9 10 2 19 20 3 15 6 5 13 12 1 8 18 11 17 16 7 14 
student 200: 16 6 1 8 13 19 10 9 3 5 12 17 20 7 15 4 14 11 18 2 
student 201: 1 17 16 11 14 2 10 7 15 12 4 3 20 19 9 5 6 8 18 13 
student 202: 7 9 2 19 14 15 12 3 5 20 16 1 6 13 8 18 17 10 11 4 
student 203: 6 2 11 20 12 8 14 13 19 9 3 1 17 4 16 18 15 10 5 7 
student 204: 19 4 7 15 10 18 13 1 9 14 12 3 8 2 20 11 16 17 5 6 
student 205: 13 2 19 4 20 12 17 15 8 1 16 11 18 7 14 6 9 10 5 3 
student 206: 5 12 8 7 10 13 9 14 2 1 6 3 16 11 18 20 19 15 4 17 
student 207: 20 15 17 19 10 2 16 4 7 13 18 11 1 6 12 3 8 9 5 14 
student 208: 2 5 13 18 12 9 16 4 11 6 14 7 10 1 15 3 19 20 8 17 
student 209: 3 19 2 12 18 11 10 6 4 8 9 7 14 17 20 15 1 13 16 5 
student 210: 2 14 4 18 11 19 20 12 6 9 7 1 10 8 16 3 15 13 17 5 
student 211: 11 3 10 9 7 18 13 5 4 14 12 19 1 8 17 2 20 15 6 16 
student 212: 12 8 18 10 9 17 13 7 14 1 15 3 2 6 4 11 20 19 5 16 
student 213: 13 7 8 6 10 16 20 12 15 11 17 5 3 4 18 2 14 19 1 9 
student 214: 2 11 4 7 17 12 14 10 20 9 18 3 6 5 13 16 8 19 15 1 
student 215: 15 14 6 16 3 8 4 1 12 5 18 2 9 7 13 17 11 19 10 20 
student 216: 15 12 2 4 5 10 1 18 17 11 14 20 7 6 3 8 9 19 13 16 
student 217: 7 6 2 5 19 3 17 15 4 9 14 1 8 10 18 20 12 11 13 16 
student 218: 11 16 17 9 19 13 20 6 7 5 18 3 1 8 12 10 14 2 4 15 
student 219: 13 8 18 20 16 2 15 7 3 14 9 1 17 10 19 6 5 11 4 12 
student 220: 5 10 2 15 12 11 17 8 13 6 7 9 18 3 19 4 16 1 14 20 
student 221: 5 7 10 15 2 18 20 6 19 8 1 12 9 4 17 11 14 16 3 13 
student 222: 8 7 1 14 20 5 11 4 17 6 13 3 15 12 19 9 18 16 2 10 
student 223: 2 11 16 14 9 10 17 4 18 7 20 19 5 1 3 8 13 15 12 6 
student 224: 3 5 1 8 10 15 11 14 4 17 2 7 19 6 12 20 13 16 9 18 
student 225: 14 13 5 15 11 10 20 12 8 3 2 1 9 16 4 6 17 18 7 19 
student 226: 11 6 2 12 9 3 10 17 7 18 15 14 8 4 16 13 5 20 1 19 
student 227: 4 9 12 8 19 6 11 15 14 5 13 2 20 7 16 10 3 18 1 17 
student 228: 6 9 3 20 14 7 2 1 12 4 13 11 8 18 17 16 19 10 15 5 
student 229: 7 17 13 4 9 18 1 16 12 3 11 10 14 6 20 8 5 19 2 15 
student 230: 1 4 8 11 9 16 5 17 13 6 18 12 7 19 15 3 14 2 10 20 
student 231: 14 1 17 8 19 2 11 4 9 3 20 7 5 12 16 15 13 10 6 18 
student 232: 19 11 4 9 18 10 20 2 7 8 16 5 1 3 14 13 17 15 12 6 
student 233: 14 6 1 12 7 19 11 18 4 10 5 8 16 3 17 9 2 15 20 13 
student 234: 14 4 13 3 8 20 19 10 16 2 17 1 18 7 11 12 5 6 9 15 
student 235: 3 15 2 16 7 4 5 14 12 6 20 10 11 18 19 8 17 13 9 1 
student 236: 16 20 2 10 14 15 17 9 19 11 5 1 6 7 18 4 3 13 12 8 
student 237: 5 1 8 9 2 15 19 7 12 4 20 10 17 3 16 14 13 18 6 11 
student 238: 19 2 14 18 9 7 3 6 4 12 16 5 10 13 15 20 1 8 11 17 
student 239: 8 14 2 19 17 4 20 7 13 5 15 1 9 6 10 11 18 12 3 16 
student 240: 2 7 9 6 5 14 11 13 4 8 3 12 20 17 15 10 19 16 1 18 
student 241: 4 12 3 15 14 7 16 13 17 11 2 5 8 10 20 6 19 1 9 18 
student 242: 2 17 12 6 3 13 11 9 16 15 10 4 19 1 14 8 18 20 7 5 
student 243: 1 12 8 3 10 9 19 13 16 11 6 4 20 7 14 2 17 18 15 5 
student 244: 6 13 5 18 9 19 7 17 12 1 14 2 11 4 15 8 3 16 10 20 
student 245: 7 3 13 1 18 14 11 19 20 8 10 5 12 15 4 6 17 16 2 9 
student 246: 5 10 1 17 14 16 12 6 4 9 18 15 3 11 20 8 2 7 13 19 
student 247: 8 9 13 7 18 11 12 6 4 3 14 2 20 10 19 17 5 1 16 15 
student 248: 16 15 6 13 20 17 3 8 12 9 10 4 11 7 19 14 1 18 2 5 
student 249: 6 8 17 14 16 2 20 10 15 11 13 3 4 1 18 9 19 12 7 5 
student 250: 4 6 7 16 18 8 11 9 19 17 14 13 3 1 15 5 12 20 10 2 
student 251: 14 6 15 5 3 16 20 8 2 1 7 10 19 4 12 18 11 9 17 13 
student 252: 11 17 1 4 14 5 15 16 3 13 20 2 9 12 7 18 6 19 10 8 
student 253: 11 16 2 7 9 8 5 10 1 6 13 20 4 14 3 17 12 19 18 15 
student 254: 11 13 2 15 18 20 19 8 7 14 16 6 4 1 9 17 12 10 3 5 
student 255: 3 13 1 11 19 9 8 6 14 16 10 15 5 12 2 7 17 18 4 20 
student 256: 16 12 3 10 6 13 18 4 17 14 8 2 1 5 20 7 11 15 9 19 
student 257: 13 2 1 4 20 19 11 6 5 14 15 10 12 17 18 8 9 16 7 3 
student 258: 1 5 13 12 19 8 18 16 20 10 2 4 15 14 3 9 17 11 6 7 
student 259: 4 12 1 7 18 14 9 19 8 5 3 13 11 2 20 16 10 15 6 17 
student 260: 7 4 10 11 17 18 13 1 16 2 12 8 5 3 19 9 14 15 6 20 
student 261: 12 5 1 16 3 15 14 19 20 8 13 10 4 11 7 6 2 17 9 18 
student 262: 2 15 11 14 20 8 18 1 7 5 13 17 9 4 6 10 16 3 12 19 
student 263: 18 16 14 6 4 7 3 2 5 9 20 15 12 11 17 10 8 13 1 19 
student 264: 9 8 11 17 13 10 6 14 5 16 18 1 3 4 20 19 15 12 7 2 
student 265: 4 11 3 19 17 18 16 14 12 8 10 6 7 5 13 2 15 9 1 20 
student 266: 3 12 11 18 15 13 7 8 5 9 4 2 16 10 20 17 1 19 6 14 
student 267: 8 9 2 1 20 17 15 4 19 5 11 6 14 3 16 13 7 18 12 10 
student 268: 9 5 11 10 13 19 14 12 15 6 16 1 7 4 2 20 8 18 3 17 
student 269: 13 7 12 8 18 17 6 11 20 16 3 1 5 2 10 15 19 14 4 9 
student 270: 9 17 3 18 12 10 7 5 14 4 20 11 8 16 15 1 6 19 2 13 
student 271: 2 1 5 16 15 20 18 6 4 7 14 13 17 8 12 3 11 9 19 10 
student 272: 10 5 19 9 15 12 8 14 16 13 20 1 17 7 18 6 11 3 2 4 
student 273: 13 15 12 19 20 11 7 16 9 3 4 6 14 2 18 8 17 1 5 10 
student 274: 12 1 10 18 20 5 13 11 7 8 4 2 3 9 17 19 14 16 15 6 
student 275: 4 16 7 20 8 12 9 1 13 18 15 5 14 17 6 11 19 10 3 2 
student 276: 13 2 14 1 19 5 8 17 7 20 10 11 6 4 16 9 18 12 15 3 
student 277: 15 2 18 11 17 10 9 16 7 19 4 3 5 13 20 1 8 6 14 12 
student 278: 4 9 5 10 16 3 2 12 6 19 15 1 8 11 13 18 17 20 7 14 
student 279: 5 12 2 6 15 8 16 7 14 18 19 9 10 1 20 13 17 11 3 4 
student 280: 4 9 8 16 19 7 5 3 10 20 1 15 11 6 14 2 17 18 13 12 
student 281: 20 12 3 7 5 10 19 13 9 6 4 17 18 8 2 16 11 14 1 15 
student 282: 9 8 13 18 16 5 2 14 4 7 10 3 19 1 17 6 11 12 20 15 
student 283: 6 18 15 9 16 14 5 12 7 4 10 2 11 13 20 8 3 19 1 17 
student 284: 1 16 18 8 20 12 3 5 9 7 11 19 17 14 15 2 6 4 10 13 
student 285: 15 4 2 14 9 7 16 1 3 10 20 6 11 8 19 13 18 12 5 17 
student 286: 6 10 7 1 4 18 13 12 8 2 9 3 14 20 19 11 16 15 17 5 
student 287: 5 12 10 1 11 7 18 15 14 2 16 9 8 4 13 19 20 6 3 17 
student 288: 10 7 4 5 19 8 20 16 3 18 9 11 6 1 12 15 13 14 2 17 
student 289: 11 9 12 2 13 15 6 17 7 14 3 4 1 5 18 20 16 10 19 8 
student 290: 4 1 12 7 5 6 20 9 11 17 2 16 18 15 19 3 13 8 10 14 
student 291: 19 11 17 10 8 16 13 20 9 7 15 4 2 5 18 6 14 1 3 12 
student 292: 11 12 5 2 9 3 18 14 7 10 19 20 13 6 15 1 16 17 8 4 
student 293: 7 13 11 14 19 4 8 1 20 6 12 2 10 5 15 9 17 3 18 16 
student 294: 4 8 14 15 20 5 10 17 19 12 7 2 13 3 16 1 11 18 6 9 
student 295: 6 4 2 3 19 1 11 10 13 20 17 18 16 7 14 15 8 12 5 9 
student 296: 20 4 5 11 18 7 10 15 14 16 8 1 2 6 19 13 12 17 3 9 
student 297: 20 14 16 4 17 12 10 11 9 6 18 8 5 3 19 1 2 13 7 15 
student 298: 16 13 1 9 5 11 20 18 8 3 15 4 19 6 14 2 17 12 7 10 
student 299: 1 17 20 7 11 13 10 8 5 3 18 16 6 4 19 12 9 14 2 15 
student 300: 6 8 10 18 12 1 5 19 4 17 15 3 14 2 16 9 13 20 7 11 
student 301: 2 17 4 3 6 8 10 11 18 16 19 7 9 1 20 13 12 15 14 5 
student 302: 3 17 2 9 6 19 15 13 8 10 14 12 4 16 7 18 20 5 1 11 
student 303: 1 15 6 18 20 11 9 17 12 5 19 13 2 7 4 3 8 10 16 14 
student 304: 4 16 11 17 18 5 14 7 8 6 20 1 12 2 19 13 15 10 3 9 
student 305: 10 17 14 4 18 16 15 6 20 2 5 3 7 12 19 8 9 11 1 13 
student 306: 4 2 1 19 8 5 13 3 6 10 18 11 7 9 17 16 12 15 20 14 
student 307: 1 11 3 7 15 6 20 2 13 16 18 4 5 14 17 10 9 12 8 19 
student 308: 9 8 4 1 19 11 13 14 3 7 15 2 5 6 20 18 16 17 10 12 
student 309: 4 15 3 7 16 8 11 5 18 17 9 14 1 12 19 2 20 10 13 6 
student 310: 1 14 19 2 16 9 13 4 10 3 12 5 7 20 8 11 18 15 6 17 
student 311: 14 2 4 11 12 16 9 5 19 8 20 15 3 1 10 7 17 6 13 18 
student 312: 8 14 20 15 16 1 13 17 18 9 10 19 5 7 6 4 11 12 2 3 
student 313: 19 9 4 12 2 17 1 11 18 13 8 3 7 5 10 15 14 20 6 16 
student 314: 20 2 3 19 8 5 7 14 11 17 9 13 16 6 10 18 12 1 4 15 
student 315: 5 8 4 11 12 9 17 6 18 10 16 7 14 3 13 15 20 19 1 2 
student 316: 14 11 10 19 7 1 17 6 20 13 15 2 8 9 3 12 16 4 5 18 
student 317: 8 17 2 14 19 13 18 15 10 3 11 5 4 12 20 1 6 9 7 16 
student 318: 10 4 17 5 1 19 11 18 20 14 9 2 15 8 16 7 6 12 3 13 
student 319: 18 8 15 17 10 6 11 7 1 16 14 2 3 5 20 12 9 19 13 4 
student 320: 3 9 4 11 15 16 19 18 20 2 1 8 17 10 7 6 5 14 12 13 
student 321: 2 18 8 10 13 4 1 19 16 3 15 17 9 12 6 5 7 20 11 14 
student 322: 8 6 12 13 20 3 4 17 5 7 19 14 16 1 18 2 9 11 15 10 
student 323: 2 14 7 12 4 6 9 17 18 5 11 1 13 3 20 15 16 10 8 19 
student 324: 10 9 2 5 17 7 8 14 20 3 4 12 1 11 19 6 15 16 13 18 
student 325: 2 20 5 10 15 14 12 7 1 16 13 3 9 11 6 8 4 18 17 19 
student 326: 8 9 6 18 3 12 20 19 11 15 16 7 1 4 13 2 5 10 14 17 
student 327: 14 8 5 6 20 15 17 19 18 2 9 11 4 3 10 12 16 13 1 7 
student 328: 11 6 1 15 14 16 18 10 4 17 5 8 3 12 9 7 20 19 2 13 
student 329: 9 2 10 5 17 18 20 8 16 14 1 13 4 11 12 3 15 6 7 19 
student 330: 6 11 1 12 17 16 3 7 9 15 5 18 8 10 19 13 4 14 2 20 
student 331: 12 2 3 18 20 5 8 10 6 11 14 4 1 7 15 9 19 16 13 17 
student 332: 3 14 11 10 20 12 15 7 2 1 4 6 8 17 18 13 16 19 5 9 
student 333: 6 14 3 18 12 13 8 15 17 1 19 9 11 10 16 5 20 7 4 2 
student 334: 1 13 5 7 17 19 15 4 12 10 11 18 2 6 20 9 3 14 8 16 
student 335: 19 3 1 11 15 17 8 20 10 18 13 4 5 2 16 7 14 9 6 12 
student 336: 9 4 7 16 6 20 8 19 14 5 15 1 12 2 18 11 13 3 10 17 
student 337: 5 8 18 1 19 10 13 20 11 12 15 2 3 9 16 6 14 4 7 17 
student 338: 11 2 7 3 9 6 17 5 14 12 19 4 8 10 20 1 16 18 13 15 
student 339: 15 18 2 7 19 8 16 17 13 14 10 5 6 9 11 1 3 20 4 12 
student 340: 2 18 4 10 14 16 19 1 13 3 17 9 6 7 8 5 11 20 12 15 
student 341: 7 8 2 13 11 15 20 18 1 4 5 3 10 9 12 17 6 14 16 19 
student 342: 15 12 2 5 17 18 6 20 11 10 13 14 1 8 16 9 4 3 7 19 
student 343: 10 18 9 14 12 11 19 16 8 1 7 6 2 3 20 4 15 17 5 13 
student 344: 14 9 19 17 12 11 6 7 13 1 10 5 3 2 20 8 15 18 4 16 
student 345: 2 15 3 16 20 12 9 18 17 1 13 7 10 8 4 6 11 19 5 14 
student 346: 3 18 6 4 19 13 14 12 8 7 17 16 5 1 20 2 9 11 10 15 
student 347: 10 16 8 3 11 2 19 4 15 17 20 1 18 6 12 7 9 14 13 5 
student 348: 1 5 4 10 3 8 20 12 14 7 18 2 9 6 11 17 13 15 16 19 
student 349: 4 2 12 13 18 17 16 10 19 8 1 3 9 5 20 15 6 7 11 14 
student 350: 7 10 6 12 4 9 18 8 15 5 14 1 2 3 20 11 16 19 13 17 
student 351: 2 10 18 19 20 8 3 13 7 4 12 17 9 14 15 1 5 11 6 16 
student 352: 13 12 11 9 7 8 19 14 18 4 1 20 10 2 6 3 15 17 16 5 
student 353: 1 15 18 7 17 11 5 3 12 9 16 4 6 2 13 19 10 8 14 20 
student 354: 8 2 1 11 17 16 3 10 13 9 19 5 7 14 15 4 12 18 6 20 
student 355: 12 5 10 15 20 3 8 13 7 11 1 18 14 6 16 2 4 19 9 17 
student 356: 3 10 12 13 17 6 18 5 2 7 8 15 9 1 19 16 20 14 11 4 
student 357: 19 6 5 9 10 15 16 8 11 1 20 3 13 7 18 17 12 14 4 2 
student 358: 14 12 4 16 3 17 10 15 6 8 19 1 18 2 20 5 11 9 7 13 
student 359: 17 6 5 8 1 11 7 15 16 9 12 18 13 2 4 19 10 20 14 3 
student 360: 17 8 7 19 18 1 16 15 11 20 9 13 4 10 14 3 6 12 2 5 
student 361: 1 10 7 4 17 20 19 15 14 2 11 6 5 12 18 3 16 8 9 13 
student 362: 20 19 11 9 14 13 17 4 15 8 7 16 12 6 10 18 3 5 1 2 
student 363: 3 5 14 7 13 1 17 9 15 6 2 10 20 8 16 12 11 18 19 4 
student 364: 5 3 10 17 20 16 19 11 18 6 2 4 8 1 12 14 7 15 9 13 
student 365: 7 14 11 9 5 19 8 12 15 10 4 6 20 2 18 13 17 1 3 16 
student 366: 9 18 14 7 20 3 19 1 17 6 13 11 15 16 2 12 8 4 5 10 
student 367: 13 7 5 16 12 18 20 8 17 1 10 9 6 4 11 2 14 19 3 15 
student 368: 6 11 12 7 18 9 2 13 1 10 16 14 5 8 19 17 4 15 3 20 
student 369: 9 11 14 6 7 17 20 10 19 4 15 3 5 2 12 8 16 1 18 13 
student 370: 6 18 12 14 16 9 11 1 19 5 20 13 4 2 3 17 8 15 7 10 
student 371: 8 6 4 18 20 9 12 15 16 10 1 7 13 3 17 2 14 19 5 11 
student 372: 3 20 5 9 13 12 18 8 11 1 2 15 10 19 7 6 16 17 4 14 
student 373: 12 7 8 11 3 14 15 20 6 9 1 13 2 19 16 4 5 18 17 10 
student 374: 4 8 3 17 10 11 12 5 18 6 15 9 13 1 16 2 20 14 19 7 
student 375: 11 8 6 2 14 1 20 3 13 10 15 5 12 9 16 7 4 18 17 19 
student 376: 2 10 20 12 3 6 19 11 9 8 5 4 1 15 13 16 7 17 18 14 
student 377: 2 3 8 10 16 4 20 6 18 12 19 1 11 5 15 13 7 17 14 9 
student 378: 7 8 6 13 19 2 1 4 9 5 14 10 12 15 20 11 3 18 17 16 
student 379: 4 18 2 6 7 16 9 13 10 5 19 15 1 3 14 11 20 8 17 12 
student 380: 9 10 2 1 4 11 16 5 20 17 6 14 15 12 19 8 13 18 3 7 
student 381: 4 15 1 3 16 11 10 14 12 6 17 2 8 13 20 9 18 19 5 7 
student 382: 1 16 10 13 18 6 19 11 8 12 4 14 7 20 15 9 5 2 3 17 
student 383: 20 4 3 13 9 16 8 11 7 5 6 15 12 2 10 1 18 17 14 19 
student 384: 10 13 8 17 7 11 6 14 15 5 2 4 16 3 19 18 1 12 9 20 
student 385: 8 7 6 3 9 14 16 2 20 17 18 15 13 4 11 12 10 19 1 5 
student 386: 2 15 3 13 16 8 20 5 10 1 17 4 6 19 12 9 18 11 7 14 
student 387: 3 12 6 20 18 7 4 10 13 5 2 8 11 16 17 14 9 19 1 15 
student 388: 18 7 1 8 6 10 16 20 15 5 19 12 17 14 2 4 3 11 13 9 
student 389: 8 14 3 10 19 20 4 5 9 7 6 16 18 12 11 13 17 1 2 15 
student 390: 4 20 3 8 16 10 19 11 15 9 12 7 13 1 5 2 17 18 6 14 
student 391: 8 2 1 16 12 13 10 4 20 3 17 5 7 19 6 14 9 15 11 18 
student 392: 10 14 2 16 18 11 8 15 19 3 12 6 1 5 7 9 13 20 17 4 
student 393: 3 8 1 9 16 13 14 17 10 2 15 7 6 4 20 11 12 18 5 19 
student 394: 1 12 5 3 16 9 8 15 10 11 19 4 2 7 14 13 18 17 20 6 
student 395: 1 2 19 18 14 5 16 12 7 4 13 6 10 11 15 9 20 8 17 3 
student 396: 4 17 9 18 5 2 10 11 8 6 14 19 15 7 12 3 20 13 1 16 
student 397: 4 3 17 13 10 7 5 2 9 18 12 14 6 11 19 16 8 20 1 15 
student 398: 6 10 17 5 4 16 14 12 13 1 15 3 11 2 8 9 18 20 7 19 
student 399: 19 4 13 20 12 6 17 8 18 1 16 14 7 3 15 5 11 10 2 9 
student 400: 4 3 1 10 15 13 19 16 2 5 11 9 7 6 18 12 14 17 8 20 
student 401: 1 13 11 5 19 3 6 9 2 15 4 10 12 18 16 7 17 20 14 8 
student 402: 12 4 11 9 17 15 8 18 16 7 10 20 6 2 19 3 14 5 1 13 
student 403: 8 11 17 9 14 10 19 3 12 1 16 5 4 6 15 2 13 20 7 18 
student 404: 10 4 13 5 9 17 15 1 14 18 3 7 19 11 6 20 16 12 2 8 
student 405: 11 8 14 18 1 10 3 5 9 6 4 17 13 2 20 12 15 16 7 19 
student 406: 4 2 1 8 12 20 7 16 14 11 10 3 6 5 13 15 17 19 9 18 
student 407: 16 10 15 13 8 3 17 14 1 7 20 18 5 4 19 2 11 6 12 9 
student 408: 16 2 19 12 14 9 11 4 20 8 18 1 7 6 5 10 15 17 3 13 
student 409: 1 19 2 12 8 20 14 6 10 11 13 9 4 18 3 15 16 17 7 5 
student 410: 1 11 12 9 19 20 14 5 3 18 10 7 17 16 6 8 15 13 2 4 
student 411: 12 4 9 3 15 5 8 18 16 1 13 17 11 19 10 6 14 7 2 20 
student 412: 11 15 3 12 19 14 18 9 4 2 7 1 10 8 17 6 16 13 5 20 
student 413: 1 7 2 18 15 11 16 12 3 5 13 9 14 8 19 4 10 20 6 17 
student 414: 2 13 3 1 20 19 8 9 12 4 15 6 17 5 10 14 7 11 16 18 
student 415: 14 2 7 13 8 15 16 5 10 11 20 4 17 1 12 19 18 9 3 6 
student 416: 15 5 3 18 11 10 6 12 14 4 20 7 17 9 19 1 8 16 2 13 
student 417: 13 9 14 6 19 12 20 16 7 11 18 10 17 4 15 3 2 1 5 8 
student 418: 3 6 7 18 20 9 19 16 8 11 5 2 12 15 17 14 10 13 1 4 
student 419: 4 16 5 1 18 8 17 2 19 11 15 6 10 14 20 7 13 12 9 3 
student 420: 14 15 1 18 12 11 16 20 13 10 8 6 17 3 7 4 19 9 2 5 
student 421: 14 20 13 2 3 18 4 11 8 9 7 19 15 12 17 6 1 16 5 10 
student 422: 14 4 8 5 6 13 19 16 9 17 10 2 15 7 11 1 12 18 3 20 
student 423: 11 2 18 15 3 16 14 12 13 1 17 9 8 6 19 4 7 10 5 20 
student 424: 7 5 13 4 15 1 11 2 19 16 18 6 3 8 9 12 14 17 10 20 
student 425: 5 9 10 17 7 8 11 19 14 16 12 4 15 6 20 13 1 18 2 3 
student 426: 7 9 3 18 20 12 15 14 19 5 16 8 4 10 2 11 17 13 6 1 
student 427: 12 1 9 16 20 5 2 4 11 7 10 14 18 6 15 8 19 17 3 13 
student 428: 5 4 6 12 16 8 15 3 7 13 11 19 9 17 20 14 18 10 1 2 
student 429: 6 5 3 18 15 2 20 4 8 12 19 17 13 1 16 7 11 10 14 9 
student 430: 13 14 7 4 10 18 17 6 20 1 2 9 3 16 19 8 5 15 12 11 
student 431: 4 8 2 14 20 17 3 5 11 15 19 10 7 9 6 12 18 13 1 16 
student 432: 17 2 16 11 5 3 10 12 7 14 18 8 13 4 15 6 20 19 1 9 
student 433: 9 13 17 20 5 2 18 7 19 1 10 12 4 11 15 6 14 8 3 16 
student 434: 12 10 2 1 13 11 18 6 8 4 20 5 16 3 19 9 15 17 14 7 
student 435: 7 2 5 13 9 19 15 3 6 12 8 11 10 1 16 18 4 14 17 20 
student 436: 11 8 14 7 18 12 19 13 2 4 9 1 6 5 20 16 15 17 3 10 
student 437: 2 12 16 18 14 9 17 13 4 7 3 8 1 6 19 20 5 10 11 15 
student 438: 16 6 2 11 17 13 10 3 7 4 12 20 8 5 19 18 15 9 1 14 
student 439: 18 12 8 7 10 5 20 9 15 1 13 2 4 14 17 3 19 16 6 11 
student 440: 11 3 7 4 6 20 16 18 10 5 9 13 14 8 19 15 2 12 1 17 
student 441: 4 11 8 9 20 5 19 7 2 17 10 12 15 6 13 3 16 18 1 14 
student 442: 14 19 18 2 17 16 12 3 5 6 10 7 20 1 13 11 15 8 9 4 
student 443: 11 15 6 7 19 5 14 18 17 2 10 12 9 16 20 4 13 3 1 8 
student 444: 3 20 14 1 19 17 8 5 12 11 15 6 10 9 16 2 18 13 7 4 
student 445: 15 2 20 13 18 1 16 10 14 8 6 5 19 12 17 4 11 9 7 3 
student 446: 12 1 14 7 16 20 19 9 10 6 3 2 5 4 18 17 8 11 15 13 
student 447: 16 15 2 3 5 8 20 12 17 9 19 1 13 4 14 6 7 18 11 10 
student 448: 3 14 4 16 8 17 18 11 12 6 10 1 2 5 19 7 20 13 9 15 
student 449: 4 7 16 11 19 8 18 6 9 1 13 5 14 2 17 10 20 12 3 15 
student 450: 14 10 3 5 13 2 12 4 7 8 9 20 16 1 18 6 17 11 19 15 
student 451: 11 18 9 19 17 6 20 14 1 2 10 5 12 3 16 8 7 15 4 13 
student 452: 4 12 2 11 6 7 15 10 17 13 14 8 9 20 19 18 3 1 5 16 
student 453: 2 3 13 14 11 15 6 20 19 18 17 5 10 12 1 8 16 4 9 7 
student 454: 2 19 4 3 16 5 20 15 11 13 6 10 18 7 9 14 8 17 12 1 
student 455: 3 4 6 7 20 14 9 13 5 8 16 12 11 10 15 2 19 18 1 17 
student 456: 20 6 1 10 11 19 18 12 3 8 5 2 9 7 14 13 15 16 4 17 
student 457: 8 9 16 5 14 12 11 3 19 1 10 2 4 6 20 17 7 13 15 18 
student 458: 9 10 5 11 20 16 1 15 19 6 17 2 4 7 8 18 14 13 12 3 
student 459: 2 5 1 7 3 13 11 16 14 17 4 12 10 15 8 18 19 9 6 20 
student 460: 10 18 11 13 9 8 19 1 20 14 17 2 6 16 15 5 12 7 3 4 
student 461: 13 6 15 19 18 11 10 9 16 7 17 1 2 4 5 8 12 14 3 20 
student 462: 11 18 14 3 1 20 4 9 19 8 10 5 2 7 17 15 13 6 16 12 
student 463: 18 8 9 7 20 2 13 14 15 11 4 5 6 10 17 3 19 16 12 1 
student 464: 1 4 11 17 14 15 20 7 13 9 12 10 8 6 16 3 5 2 19 18 
student 465: 17 15 3 11 6 10 20 7 2 13 18 12 1 16 9 5 4 14 8 19 
student 466: 1 6 11 5 16 18 7 4 9 15 20 13 17 3 14 8 19 12 10 2 
student 467: 17 7 2 6 15 18 3 11 13 19 16 5 12 4 1 14 20 10 8 9 
student 468: 20 1 4 2 7 5 18 9 10 16 14 6 3 8 11 12 15 13 19 17 
student 469: 4 3 7 9 17 6 20 14 16 8 15 2 1 5 11 10 12 18 19 13 
student 470: 3 13 6 17 18 7 16 14 19 15 12 4 10 2 20 5 8 11 9 1 
student 471: 3 20 16 2 6 5 18 1 9 8 4 7 15 13 10 12 14 19 17 11 
student 472: 4 19 8 18 14 5 12 17 13 6 16 2 1 7 15 11 9 10 20 3 
student 473: 3 8 18 6 15 2 16 7 11 1 14 12 13 5 4 10 17 20 9 19 
student 474: 11 18 15 5 17 12 7 16 8 3 10 1 2 20 19 13 9 6 4 14 
student 475: 3 20 13 4 5 15 17 18 14 2 1 11 9 8 16 12 7 19 10 6 
student 476: 12 17 13 14 4 20 8 1 18 11 5 3 16 9 19 2 10 15 6 7 
student 477: 11 2 8 20 1 13 10 12 15 18 19 7 6 3 14 9 5 17 4 16 
student 478: 11 1 10 16 12 20 13 6 17 4 19 5 14 7 9 3 8 18 15 2 
student 479: 14 11 7 4 9 8 6 1 19 15 10 16 13 20 18 2 12 3 17 5 
student 480: 1 8 17 11 15 2 16 6 9 7 3 5 12 13 10 4 18 14 19 20 
student 481: 6 19 13 1 15 10 18 14 11 4 16 2 20 12 3 8 9 7 5 17 
student 482: 2 17 1 18 20 10 7 11 12 5 15 3 9 4 14 8 16 13 19 6 
student 483: 14 18 4 1 20 5 2 15 6 10 9 12 8 11 13 7 3 17 16 19 
student 484: 6 10 8 7 20 1 12 3 19 5 9 2 15 14 16 18 11 4 17 13 
student 485: 10 16 6 3 18 1 8 11 9 15 12 2 20 5 19 7 4 17 14 13 
student 486: 4 20 12 8 9 16 5 19 15 17 14 3 10 11 7 6 13 1 2 18 
student 487: 13 8 9 19 18 6 16 7 17 10 12 4 3 1 11 5 14 20 2 15 
student 488: 4 15 13 18 14 9 16 5 17 1 2 3 20 10 19 7 12 6 11 8 
student 489: 15 11 2 6 3 4 20 8 17 7 16 10 19 12 18 5 14 13 1 9 
student 490: 2 3 4 19 17 6 5 16 13 7 9 1 8 11 18 15 14 20 12 10 
student 491: 2 8 9 6 4 18 19 16 15 5 11 13 7 10 20 3 12 14 1 17 
student 492: 4 3 17 9 5 12 19 6 10 15 18 16 7 2 20 1 14 11 8 13 
student 493: 2 5 6 12 20 14 19 8 15 7 17 1 4 18 16 3 13 9 11 10 
student 494: 2 13 14 12 19 1 16 10 8 15 18 3 4 7 11 5 6 20 9 17 
student 495: 6 3 15 13 16 2 10 8 19 12 5 1 20 17 18 11 4 9 14 7 
student 496: 11 18 6 3 20 4 16 9 19 15 12 13 17 2 1 8 14 10 7 5 
student 497: 3 6 18 13 11 8 19 5 16 17 10 7 12 2 14 4 15 20 1 9 
student 498: 9 18 14 16 15 6 19 2 11 3 17 5 20 4 8 12 7 10 13 1 
student 499: 10 14 5 6 18 11 19 1 8 4 12 17 7 9 16 20 3 15 2 13 
student 500: 7 2 20 18 13 8 1 6 11 9 16 12 10 5 19 14 4 17 15 3 
student 501: 20 7 8 1 9 3 15 2 6 18 13 10 5 12 16 17 11 14 4 19 
student 502: 7 11 19 14 20 2 12 13 9 4 16 6 5 10 15 3 18 8 1 17 
student 503: 4 6 3 8 16 13 7 20 11 1 18 19 5 2 10 9 12 17 14 15 
student 504: 20 8 2 15 10 19 18 7 3 14 4 9 13 11 17 6 12 16 1 5 
student 505: 12 5 9 16 10 13 4 19 20 3 14 8 2 17 1 7 18 15 11 6 
student 506: 2 4 16 14 15 11 10 1 9 20 19 3 5 8 18 13 7 17 6 12 
student 507: 14 19 20 17 12 15 4 8 16 2 5 6 13 3 7 1 18 11 10 9 
student 508: 13 1 9 10 12 15 19 7 4 8 11 5 6 3 2 20 16 14 17 18 
student 509: 3 17 1 7 16 8 11 2 5 13 15 12 9 6 18 19 10 14 4 20 
student 510: 2 13 14 16 17 4 10 15 7 5 19 11 3 1 12 20 18 8 6 9 
student 511: 13 8 3 12 15 10 18 4 14 2 7 9 19 1 20 5 6 17 11 16 
student 512: 3 12 6 15 7 1 20 16 17 8 11 9 5 13 14 4 18 19 10 2 
student 513: 10 8 11 2 20 4 18 7 17 6 16 3 14 1 5 15 19 12 13 9 
student 514: 12 3 5 6 20 4 13 9 16 11 7 2 17 1 8 18 10 19 15 14 
student 515: 1 19 6 2 9 7 14 5 18 8 17 4 11 16 13 20 12 15 3 10 
student 516: 10 1 18 19 2 9 12 5 20 11 7 14 15 4 13 17 3 16 6 8 
student 517: 1 2 4 18 5 11 3 6 16 12 13 20 15 7 14 8 9 19 10 17 
student 518: 12 6 13 18 17 5 20 14 2 1 11 4 10 16 9 7 19 3 8 15 
student 519: 3 20 19 10 8 5 14 12 13 4 18 15 7 16 6 2 11 17 9 1 
student 520: 13 9 17 5 15 20 14 18 3 1 4 11 8 7 10 19 12 16 2 6 
student 521: 16 14 3 8 12 15 18 10 4 5 20 6 1 13 11 2 17 9 19 7 
student 522: 3 2 12 17 6 5 18 10 15 20 1 13 16 9 7 4 14 8 19 11 
student 523: 9 10 4 3 5 12 15 19 1 2 8 11 17 6 7 18 20 16 13 14 
student 524: 12 1 3 19 11 13 7 15 9 14 4 6 10 8 16 20 18 17 2 5 
student 525: 4 13 2 8 9 3 12 19 6 1 20 14 11 16 15 5 7 18 10 17 
student 526: 6 10 4 20 16 15 3 9 17 11 19 1 18 12 13 8 7 5 2 14 
student 527: 11 15 7 4 18 8 17 3 19 14 20 5 10 2 16 1 13 6 9 12 
student 528: 10 6 8 9 17 12 13 15 20 4 18 3 11 1 19 2 16 14 7 5 
student 529: 9 7 2 1 19 11 12 8 15 18 17 20 3 6 14 5 4 13 10 16 
student 530: 8 2 4 9 5 12 19 15 14 3 7 10 16 18 1 6 13 17 11 20 
student 531: 5 13 4 10 20 1 15 9 19 3 12 8 2 7 16 6 11 14 18 17 
student 532: 7 11 4 12 17 8 2 15 18 5 6 10 3 16 20 14 19 13 1 9 
student 533: 3 8 2 10 20 18 11 7 15 1 5 12 6 4 9 14 17 19 13 16 
student 534: 15 9 14 12 6 13 10 3 11 2 16 4 7 8 18 5 17 19 1 20 
student 535: 7 9 15 12 18 10 20 13 19 1 6 8 3 14 16 4 11 17 2 5 
student 536: 3 14 4 15 17 11 13 10 7 6 16 19 18 12 20 2 8 9 5 1 
student 537: 5 4 2 7 20 16 17 19 1 8 10 18 6 9 11 3 15 14 12 13 
student 538: 3 10 12 11 15 19 14 6 9 7 16 1 13 2 20 4 5 18 17 8 
student 539: 5 1 7 6 19 8 15 18 12 2 13 3 16 10 9 17 4 11 20 14 
student 540: 2 19 7 15 8 18 9 10 14 4 5 16 1 11 12 6 3 13 17 20 
student 541: 12 3 11 17 14 6 10 4 19 1 15 9 5 16 18 7 8 13 2 20 
student 542: 6 4 2 1 15 10 14 18 12 13 17 8 3 9 20 11 7 5 19 16 
student 543: 16 14 17 11 4 19 9 3 7 2 12 6 5 1 13 15 8 18 10 20 
student 544: 17 7 4 9 15 11 13 2 10 6 3 1 5 8 16 20 14 18 12 19 
student 545: 1 6 16 13 20 17 18 12 5 7 8 4 15 10 11 14 9 2 3 19 
student 546: 1 10 2 8 11 14 4 16 5 3 15 7 13 17 18 9 20 12 6 19 
student 547: 14 13 8 10 9 16 11 15 3 2 18 5 19 4 6 1 20 17 7 12 
student 548: 5 20 9 7 18 10 15 14 17 12 11 4 1 2 19 8 16 6 3 13 
student 549: 8 1 16 5 9 20 17 15 11 10 18 14 12 2 19 13 6 7 4 3 
student 550: 13 10 7 19 20 18 15 17 16 12 6 1 8 5 11 14 3 4 9 2 
student 551: 9 14 7 10 12 2 8 4 11 15 5 1 13 3 20 18 6 19 17 16 
student 552: 10 4 1 18 7 14 16 5 9 8 20 6 15 2 17 19 3 13 11 12 
student 553: 4 12 2 3 10 19 9 17 13 16 8 1 14 6 20 18 7 11 5 15 
student 554: 15 2 7 12 17 9 16 5 8 13 19 3 4 6 18 10 14 11 1 20 
student 555: 14 8 7 10 12 19 20 4 2 9 1 3 11 13 18 17 5 15 16 6 
student 556: 5 1 9 12 7 16 14 6 3 13 2 4 15 11 18 8 17 20 10 19 
student 557: 16 2 3 8 11 14 9 18 1 17 19 10 15 7 6 13 5 4 12 20 
student 558: 14 17 2 9 5 8 18 12 20 11 15 6 3 7 19 16 13 4 1 10 
student 559: 20 4 3 16 11 5 15 2 6 7 17 10 1 8 12 13 19 14 18 9 
student 560: 3 7 20 15 16 10 14 19 18 12 2 9 11 6 13 1 4 5 8 17 
student 561: 3 5 2 4 6 11 15 12 16 8 13 17 7 1 19 9 10 14 20 18 
student 562: 17 7 4 11 20 12 13 8 1 2 9 5 10 3 14 19 15 18 6 16 
student 563: 14 4 1 6 20 10 5 3 8 7 15 18 16 2 17 12 19 13 9 11 
student 564: 20 17 1 13 8 7 19 9 18 3 6 10 2 4 12 5 16 15 11 14 
student 565: 1 15 13 18 6 3 14 5 2 8 19 16 4 11 20 10 12 9 17 7 
student 566: 14 1 8 10 15 11 17 9 3 18 20 2 5 6 7 4 12 19 13 16 
student 567: 14 2 3 7 12 17 10 4 8 6 20 11 19 18 1 16 13 5 9 15 
student 568: 12 15 6 8 17 20 9 18 10 5 19 7 3 16 13 4 2 14 1 11 
student 569: 2 5 9 6 19 3 11 18 20 8 7 14 13 10 15 12 17 16 1 4 
student 570: 20 9 6 8 11 13 17 5 3 1 19 12 4 2 18 14 15 16 7 10 
student 571: 7 15 6 14 19 1 9 13 8 16 2 10 5 4 12 17 3 18 11 20 
student 572: 9 18 8 15 19 2 12 7 17 13 10 6 11 3 4 16 5 14 20 1 
student 573: 14 13 7 8 19 16 12 18 20 10 17 6 1 3 4 5 2 9 11 15 
student 574: 3 14 9 6 20 19 13 17 5 12 16 10 18 1 11 15 7 2 4 8 
student 575: 7 17 5 15 18 14 10 3 12 9 19 1 11 13 4 16 2 6 8 20 
student 576: 12 16 7 2 10 15 4 17 9 3 18 1 13 5 14 8 11 19 6 20 
student 577: 14 1 3 8 5 7 11 13 12 6 2 16 10 9 15 19 20 4 18 17 
student 578: 5 20 2 4 14 15 11 9 19 12 18 7 8 6 3 17 13 10 1 16 
student 579: 1 11 3 8 18 14 5 7 10 17 9 4 16 12 20 2 15 13 6 19 
student 580: 2 6 9 8 12 13 20 16 7 17 10 15 14 4 11 3 1 19 5 18 
student 581: 20 1 6 19 11 7 9 5 18 4 13 17 12 2 16 3 10 15 8 14 
student 582: 1 5 11 16 19 6 18 17 13 12 2 10 3 8 4 9 20 14 7 15 
student 583: 20 9 4 2 14 13 18 5 15 1 17 7 10 8 16 6 12 19 3 11 
student 584: 17 4 10 2 15 16 11 19 18 6 14 5 3 13 7 9 1 20 8 12 
student 585: 2 7 14 8 15 12 13 10 18 5 20 3 11 16 9 6 19 4 1 17 
student 586: 18 2 7 3 20 8 19 12 13 17 1 9 16 11 15 4 6 14 5 10 
student 587: 2 19 12 6 16 3 5 17 15 7 8 4 18 1 20 11 14 9 13 10 
student 588: 2 20 16 12 8 3 9 4 10 6 18 1 15 5 17 11 7 13 19 14 
student 589: 6 3 9 1 7 19 2 17 15 13 18 10 20 4 16 5 11 8 12 14 
student 590: 14 15 2 18 12 13 17 11 10 7 6 3 16 5 20 1 8 4 9 19 
student 591: 8 6 7 10 17 18 16 11 3 14 20 1 2 4 19 9 12 15 5 13 
student 592: 19 10 2 13 20 3 9 12 6 8 7 1 4 5 14 16 17 15 11 18 
student 593: 19 18 9 17 6 2 12 3 20 13 8 1 7 10 4 11 14 15 5 16 
student 594: 20 9 6 4 19 17 1 7 15 2 11 13 16 5 12 3 18 14 10 8 
student 595: 19 4 8 3 10 12 16 13 1 7 6 9 14 2 18 5 11 15 20 17 
student 596: 18 14 7 8 1 2 16 5 4 13 17 19 6 10 20 9 12 11 3 15 
student 597: 10 7 14 9 13 12 3 19 18 11 15 4 6 2 17 8 16 20 5 1 
student 598: 17 14 1 18 19 12 15 7 13 8 16 4 5 9 11 2 10 3 6 20 
student 599: 15 2 14 17 1 5 13 19 12 8 9 3 10 11 4 16 20 18 6 7 
student 600: 6 19 15 2 20 16 9 14 12 1 17 5 10 4 7 11 8 13 3 18 
student 601: 15 6 13 9 5 4 20 19 16 2 18 3 7 1 14 10 11 17 8 12 
student 602: 9 12 6 17 10 7 3 1 2 11 20 5 16 19 8 13 15 14 4 18 
student 603: 3 7 5 11 15 9 14 19 8 13 17 4 20 2 18 6 12 1 10 16 
student 604: 4 6 2 20 9 7 13 14 19 12 16 3 11 8 15 1 18 17 10 5 
student 605: 10 11 6 4 13 20 16 7 17 9 14 12 3 2 19 8 18 15 1 5 
student 606: 13 4 1 12 17 3 9 11 6 20 8 7 15 2 10 19 16 18 14 5 
student 607: 16 8 20 15 14 12 18 19 3 9 10 1 17 11 7 2 5 13 6 4 
student 608: 1 16 14 10 7 5 8 17 3 6 18 15 20 12 2 4 11 13 9 19 
student 609: 11 14 13 9 16 1 8 4 19 18 6 15 2 20 12 5 10 17 7 3 
student 610: 7 14 10 8 20 5 18 15 9 3 11 6 19 1 16 13 4 17 12 2 
student 611: 20 8 13 18 3 10 7 5 1 19 17 2 15 9 11 4 6 12 16 14 
student 612: 15 5 12 7 20 14 18 4 6 3 17 9 13 11 10 1 19 16 2 8 
student 613: 11 19 15 1 20 5 9 13 8 7 16 4 18 14 12 3 2 10 6 17 
student 614: 5 4 11 20 14 7 3 1 12 8 13 9 15 2 6 19 10 18 17 16 
student 615: 8 3 10 7 19 12 9 5 6 16 18 1 17 20 11 14 4 13 2 15 
student 616: 15 13 8 4 5 7 14 9 10 6 2 16 11 1 12 17 20 19 18 3 
student 617: 20 9 1 16 7 11 12 8 15 17 13 2 10 6 19 4 18 5 3 14 
student 618: 1 11 8 7 10 3 19 20 2 14 13 9 15 4 6 12 17 18 5 16 
student 619: 16 12 4 17 3 7 11 20 13 9 2 1 18 6 15 10 8 19 5 14 
student 620: 4 8 5 10 7 16 15 12 19 11 14 1 2 9 6 3 20 18 17 13 
student 621: 3 6 10 13 9 17 18 12 15 7 20 4 11 5 19 1 16 14 2 8 
student 622: 11 7 8 15 13 5 20 12 1 2 9 10 16 14 4 6 18 19 3 17 
student 623: 3 9 10 4 12 5 17 1 7 14 19 2 6 16 20 11 8 13 15 18 
student 624: 1 11 15 17 19 13 4 7 9 14 6 3 12 8 20 5 2 18 10 16 
student 625: 4 5 7 18 20 13 16 2 11 15 17 1 9 6 14 10 8 12 3 19 
student 626: 10 6 17 8 20 7 14 11 5 2 13 9 15 3 19 4 18 16 1 12 
student 627: 14 9 2 11 7 17 20 12 18 1 4 6 10 13 8 3 15 16 19 5 
student 628: 14 6 12 19 20 7 16 10 13 4 17 8 9 1 11 5 3 15 2 18 
student 629: 12 3 11 5 10 7 16 4 13 15 20 9 17 2 19 1 8 18 6 14 
student 630: 19 11 9 15 12 10 3 6 5 20 14 7 8 13 18 1 2 17 4 16 
student 631: 17 10 15 14 5 7 12 2 3 9 11 1 16 4 20 13 6 18 19 8 
student 632: 10 18 17 20 15 8 19 3 16 6 2 5 4 7 9 14 1 13 11 12 
student 633: 17 1 11 4 19 15 8 20 10 12 14 5 9 3 13 2 18 6 16 7 
student 634: 3 16 1 18 19 20 12 13 14 15 10 2 17 4 5 7 11 9 6 8 
student 635: 2 12 20 5 19 14 18 10 15 1 7 6 16 3 8 17 13 4 9 11 
student 636: 12 19 5 2 15 13 7 16 3 6 14 9 1 4 20 18 17 10 11 8 
student 637: 6 9 3 19 16 2 14 20 11 7 12 18 5 8 15 4 10 13 1 17 
student 638: 5 3 1 17 12 11 10 16 18 7 19 20 6 15 14 9 8 13 2 4 
student 639: 4 12 1 5 14 11 17 7 18 13 19 3 8 15 2 20 9 10 6 16 
student 640: 14 1 2 6 13 10 15 5 8 11 18 12 20 3 19 16 7 9 4 17 
student 641: 17 8 1 3 2 15 19 6 11 18 13 4 10 5 20 7 16 9 12 14 
student 642: 18 9 1 14 6 3 19 4 8 12 15 10 5 2 7 16 20 17 11 13 
student 643: 6 14 11 19 17 10 12 4 13 9 5 3 7 2 15 8 16 20 18 1 
student 644: 1 19 2 13 20 14 15 9 4 6 11 5 3 17 7 18 10 12 16 8 
student 645: 14 18 2 7 13 4 15 12 6 5 9 8 20 10 19 1 16 11 3 17 
student 646: 14 10 3 6 16 19 20 2 15 11 5 18 13 1 8 12 4 17 7 9 
student 647: 13 8 1 17 20 19 7 10 16 3 15 5 11 9 12 6 14 18 2 4 
student 648: 5 9 7 15 2 12 19 1 20 13 18 14 8 11 16 4 17 3 6 10 
student 649: 3 13 6 19 15 1 9 17 20 11 14 10 8 5 16 4 2 7 18 12 
student 650: 7 12 6 13 5 20 2 14 3 11 16 8 19 10 17 1 15 18 9 4 
student 651: 3 13 2 19 14 9 12 11 20 10 6 7 5 1 4 15 17 18 8 16 
student 652: 7 11 10 16 18 1 19 20 12 4 8 15 9 6 14 3 17 5 2 13 
student 653: 12 16 4 8 19 6 18 3 2 13 20 7 1 15 14 10 5 9 11 17 
student 654: 5 1 17 7 12 3 2 14 13 6 19 10 4 15 8 9 16 11 18 20 
student 655: 4 14 7 13 3 6 17 2 18 16 15 1 9 5 20 11 19 12 8 10 
student 656: 20 18 7 2 11 4 5 14 1 8 9 12 17 6 16 15 3 13 19 10 
student 657: 10 7 2 16 20 9 5 1 8 4 14 17 15 13 6 11 18 12 3 19 
student 658: 18 8 14 16 13 10 6 20 4 9 17 5 1 3 15 7 19 11 2 12 
student 659: 16 18 8 13 15 5 14 7 1 2 12 17 10 6 11 3 19 4 9 20 
student 660: 17 6 12 18 14 3 15 16 2 1 19 7 20 4 10 13 9 11 8 5 
student 661: 2 17 10 5 11 9 13 4 14 15 19 3 8 6 1 12 18 20 7 16 
student 662: 12 17 10 13 15 4 14 9 8 2 18 5 1 6 16 7 19 20 3 11 
student 663: 11 3 2 7 16 15 1 18 9 5 10 19 13 17 14 8 12 20 4 6 
student 664: 1 17 8 10 13 5 11 9 19 15 20 4 7 16 12 14 3 18 2 6 
student 665: 5 17 9 18 19 7 14 15 2 4 10 6 1 11 12 8 20 16 3 13 
student 666: 11 9 20 17 19 4 12 3 1 15 16 5 8 6 7 13 2 18 14 10 
student 667: 17 2 14 13 18 16 12 7 5 11 15 1 3 6 20 8 10 9 4 19 
student 668: 18 8 10 5 16 15 12 1 17 11 2 9 19 13 20 7 6 14 3 4 
student 669: 6 9 11 18 19 4 10 1 20 5 7 3 14 8 15 12 17 16 2 13 
student 670: 20 9 3 7 10 17 13 6 2 5 14 1 18 12 19 4 11 8 15 16 
student 671: 10 5 11 2 12 15 19 16 9 1 4 18 17 8 6 20 3 13 14 7 
student 672: 20 4 10 16 1 12 6 3 18 7 13 2 9 8 19 14 17 11 5 15 
student 673: 8 3 12 13 4 15 16 9 18 5 11 7 14 1 19 6 17 20 2 10 
student 674: 9 13 4 11 18 12 1 7 16 2 14 5 3 20 8 10 19 17 6 15 
student 675: 13 1 2 10 18 20 3 9 12 15 6 14 8 5 7 4 19 17 11 16 
student 676: 15 12 18 13 1 6 17 19 5 14 7 10 3 2 16 8 9 20 4 11 
student 677: 9 8 13 18 4 19 14 5 1 2 7 6 17 15 10 20 11 12 16 3 
student 678: 8 9 15 1 20 12 19 17 3 6 13 7 18 2 11 10 5 16 4 14 
student 679: 11 10 5 19 16 17 15 2 12 14 7 9 1 8 6 3 13 20 18 4 
student 680: 12 3 4 1 18 9 13 8 20 16 10 11 15 5 19 2 6 17 7 14 
student 681: 14 12 3 20 19 13 17 8 6 15 11 7 5 1 18 4 2 9 10 16 
student 682: 8 15 20 14 6 3 12 1 19 4 11 7 17 5 16 2 13 10 9 18 
student 683: 6 19 4 5 18 1 14 17 9 7 16 11 15 8 20 3 12 2 10 13 
student 684: 7 2 11 12 20 16 19 10 13 3 18 5 9 1 14 8 17 4 6 15 
student 685: 8 6 9 14 18 15 17 12 5 10 3 7 4 1 13 2 19 20 11 16 
student 686: 9 7 4 19 18 1 6 8 11 14 2 16 15 5 20 13 12 17 10 3 
student 687: 1 11 4 9 18 6 16 8 10 19 14 3 7 17 15 13 12 5 2 20 
student 688: 4 5 7 17 11 15 1 2 16 12 18 3 10 13 6 20 14 9 8 19 
student 689: 5 11 7 15 13 14 10 19 17 16 20 3 12 4 8 2 18 9 1 6 
student 690: 6 7 8 17 19 12 18 5 14 10 16 1 15 11 20 9 3 13 4 2 
student 691: 17 13 5 15 11 14 18 7 3 16 19 2 4 10 12 8 6 20 1 9 
student 692: 2 10 12 5 11 3 19 14 9 6 8 16 4 13 15 17 20 18 1 7 
student 693: 12 9 18 1 19 10 17 4 20 11 8 6 13 7 16 14 5 3 2 15 
student 694: 1 9 6 2 11 14 19 4 15 13 8 7 20 3 17 18 5 12 10 16 
student 695: 7 20 12 19 16 17 8 6 4 2 11 1 13 18 5 10 3 9 14 15 
student 696: 8 4 10 11 19 9 17 20 15 3 18 14 2 1 12 7 13 16 6 5 
student 697: 19 1 7 14 6 12 15 10 2 5 4 8 18 9 17 13 20 3 11 16 
student 698: 13 10 1 8 14 12 5 6 16 9 20 2 17 7 19 3 4 18 11 15 
student 699: 10 5 12 15 16 11 20 18 7 1 17 19 4 6 14 2 3 9 8 13 
student 700: 3 17 19 10 2 6 7 1 8 18 15 14 4 13 5 16 9 12 11 20 
student 701: 20 10 2 16 19 15 13 8 12 4 5 6 14 9 18 7 1 17 11 3 
student 702: 20 17 1 5 11 9 8 7 3 13 10 12 4 15 2 16 14 6 18 19 
student 703: 8 1 11 5 16 6 14 18 7 10 4 13 2 9 20 15 17 3 12 19 
student 704: 10 16 5 20 3 15 14 7 11 12 18 2 8 4 19 13 17 1 9 6 
student 705: 11 7 17 2 20 19 6 1 4 14 10 12 3 8 15 9 13 5 16 18 
student 706: 6 3 7 17 16 14 2 4 13 9 19 15 12 5 20 10 8 11 18 1 
student 707: 18 2 16 12 15 9 6 10 5 1 14 8 4 11 20 3 19 17 13 7 
student 708: 10 2 5 18 16 9 17 19 4 6 20 12 3 11 1 7 15 14 13 8 
student 709: 3 15 19 12 13 2 4 5 17 10 9 6 7 8 20 1 14 18 16 11 
student 710: 5 10 1 7 13 15 8 16 19 9 18 12 2 4 17 14 3 6 11 20 
student 711: 4 5 1 20 11 9 12 8 19 2 6 10 3 15 16 14 17 18 13 7 
student 712: 5 4 11 14 6 18 13 9 19 10 20 1 16 2 15 3 8 17 7 12 
student 713: 11 6 13 16 12 20 8 3 19 14 10 5 7 4 17 9 15 2 18 1 
student 714: 3 16 6 10 18 1 15 5 13 9 7 14 8 19 17 20 11 2 4 12 
student 715: 14 15 13 19 5 6 17 8 16 11 18 3 7 9 12 2 4 1 10 20 
student 716: 14 8 18 9 16 19 12 13 10 15 17 2 1 6 20 3 4 11 7 5 
student 717: 5 14 2 10 13 7 12 19 18 1 9 15 8 4 20 17 16 3 6 11 
student 718: 14 4 10 3 8 13 11 19 17 16 18 9 1 7 12 2 15 20 6 5 
student 719: 17 5 18 14 7 15 12 19 10 13 6 3 2 16 8 11 4 9 1 20 
student 720: 6 1 17 10 20 14 19 8 15 13 2 18 11 5 12 4 16 9 3 7 
student 721: 16 13 8 11 5 17 1 12 15 18 7 4 9 3 14 2 19 6 10 20 
student 722: 20 3 2 8 9 6 11 1 14 17 7 16 12 13 19 5 15 10 4 18 
student 723: 5 11 17 8 20 4 19 13 15 10 6 3 14 7 16 9 18 1 12 2 
student 724: 15 8 9 10 6 16 13 4 20 11 19 7 3 12 17 2 1 14 5 18 
student 725: 2 3 4 19 20 14 17 18 12 7 10 6 1 9 11 5 15 8 16 13 
student 726: 1 10 11 2 18 3 12 6 16 8 15 17 14 9 20 5 19 13 4 7 
student 727: 3 5 10 19 1 15 12 13 7 9 6 8 20 2 18 11 14 16 4 17 
student 728: 15 3 17 5 12 13 20 4 7 18 19 9 2 1 11 14 16 6 8 10 
student 729: 15 10 5 1 19 6 13 2 12 11 8 17 3 16 4 18 7 14 9 20 
student 730: 8 11 5 12 15 7 17 3 4 10 9 2 18 1 19 20 13 16 6 14 
student 731: 20 12 6 15 16 13 17 11 4 9 7 8 10 14 19 1 3 5 2 18 
student 732: 5 15 11 10 4 20 14 18 1 17 19 3 7 8 12 13 16 2 9 6 
student 733: 1 4 12 16 15 8 14 18 19 7 9 2 10 3 13 5 6 20 11 17 
student 734: 20 10 14 11 15 9 1 8 3 6 16 13 7 2 18 5 19 17 12 4 
student 735: 1 13 5 8 19 15 11 20 6 4 9 12 3 16 18 7 14 17 2 10 
student 736: 8 10 7 1 18 5 20 12 9 6 3 2 16 13 17 19 15 14 4 11 
student 737: 17 12 1 5 20 15 14 2 16 11 7 3 6 10 18 9 4 19 13 8 
student 738: 6 11 18 12 7 2 15 16 10 5 20 13 1 3 14 4 9 19 8 17 
student 739: 13 4 1 10 16 14 19 12 20 9 8 3 6 2 11 18 17 15 5 7 
student 740: 6 10 8 3 18 11 15 19 9 2 20 4 7 13 17 1 12 14 5 16 
student 741: 6 15 14 19 11 8 7 4 1 20 13 17 10 2 18 3 5 12 16 9 
student 742: 19 8 3 1 6 10 18 12 13 9 14 5 17 15 20 7 16 11 2 4 
student 743: 19 14 5 4 3 20 15 1 18 7 16 10 9 6 13 8 12 17 11 2 
student 744: 7 9 18 15 19 13 11 12 20 1 3 2 17 4 6 8 14 16 5 10 
student 745: 14 16 13 10 18 11 7 4 19 17 20 2 9 5 6 3 15 12 8 1 
student 746: 10 3 4 16 19 18 2 5 15 13 6 7 1 14 20 17 9 8 11 12 
student 747: 1 6 19 16 20 9 15 13 11 5 7 4 2 18 8 3 17 12 10 14 
student 748: 5 15 13 7 10 1 18 9 17 16 6 4 11 12 20 19 3 14 2 8 
student 749: 3 16 2 8 18 20 15 1 6 4 19 12 7 10 14 5 9 17 11 13 
student 750: 6 2 3 20 10 5 1 15 9 19 18 11 12 8 17 7 4 16 13 14 
student 751: 12 2 6 10 3 20 11 1 18 17 16 7 8 4 15 14 5 9 13 19 
student 752: 5 15 2 8 12 16 18 14 17 1 9 13 4 7 20 6 11 19 3 10 
student 753: 10 14 3 6 16 2 18 9 11 5 12 17 1 4 15 13 20 8 7 19 
student 754: 12 18 5 1 20 11 17 8 16 4 7 3 19 2 13 9 14 15 6 10 
student 755: 6 7 15 18 8 1 11 20 14 3 9 13 16 2 19 5 10 17 4 12 
student 756: 15 10 3 11 12 1 19 5 18 8 9 2 16 4 13 7 20 6 17 14 
student 757: 5 18 16 12 7 20 14 13 4 11 15 8 2 6 19 9 3 10 1 17 
student 758: 16 1 12 19 15 6 14 3 18 4 5 2 9 10 20 11 7 13 17 8 
student 759: 6 7 5 8 13 19 10 17 14 4 15 3 11 16 18 20 12 9 1 2 
student 760: 16 18 6 10 5 4 14 12 7 2 13 9 11 15 20 17 8 1 3 19 
student 761: 14 7 20 11 15 3 18 2 17 9 10 13 1 8 12 6 16 19 4 5 
student 762: 1 13 5 9 18 15 19 8 17 16 2 10 7 6 4 14 11 12 3 20 
student 763: 13 6 12 11 14 15 20 9 4 3 18 5 7 10 19 1 16 2 8 17 
student 764: 13 1 12 20 17 5 18 6 14 9 11 16 15 4 7 3 8 10 19 2 
student 765: 10 17 8 4 16 20 11 18 3 1 12 7 2 5 19 14 13 9 15 6 
student 766: 1 15 10 20 19 7 12 8 5 16 13 14 11 6 17 3 4 18 2 9 
student 767: 11 6 9 14 3 1 7 8 17 2 16 13 5 15 10 20 19 4 12 18 
student 768: 13 7 2 5 17 6 12 1 19 4 11 10 14 16 9 15 20 3 18 8 
student 769: 10 16 3 9 1 19 20 11 13 14 17 8 5 2 18 15 4 12 7 6 
student 770: 10 13 20 2 18 17 19 6 8 4 14 3 11 15 12 5 1 7 16 9 
student 771: 8 11 5 3 9 15 13 10 19 6 20 4 18 1 17 2 12 16 7 14 
student 772: 7 12 6 8 15 11 17 9 10 1 20 3 4 5 14 13 18 19 16 2 
student 773: 2 13 12 4 5 15 1 17 8 7 10 9 19 3 18 6 16 20 11 14 
student 774: 1 8 7 3 10 19 17 18 6 4 9 11 12 16 2 13 15 14 5 20 
student 775: 20 14 15 13 8 9 18 5 4 10 17 2 7 3 16 11 12 19 6 1 
student 776: 7 17 10 9 19 15 3 1 14 4 20 13 11 5 18 8 12 6 16 2 
student 777: 8 18 16 5 11 17 3 20 4 15 13 10 6 19 7 14 2 9 1 12 
student 778: 12 2 4 13 19 10 5 11 9 1 8 17 20 18 16 7 3 15 14 6 
student 779: 10 14 5 13 6 7 19 3 17 8 4 1 9 11 18 20 12 16 2 15 
student 780: 3 19 18 7 17 4 14 6 11 13 12 2 20 5 16 1 15 8 9 10 
student 781: 12 10 11 19 16 14 3 15 18 20 1 5 17 4 6 8 13 9 7 2 
student 782: 16 8 10 9 6 17 14 5 7 11 3 2 4 1 13 15 20 12 18 19 
student 783: 5 3 19 17 16 6 20 8 7 1 14 4 10 13 12 18 9 15 11 2 
student 784: 10 8 9 2 7 18 13 12 19 4 15 3 1 14 17 5 16 11 6 20 
student 785: 10 14 12 15 19 5 13 1 7 9 17 4 16 8 11 3 2 20 18 6 
student 786: 5 14 6 7 10 11 20 17 15 4 13 1 9 2 16 12 8 18 3 19 
student 787: 16 9 2 7 17 13 20 19 1 6 12 15 5 3 11 8 10 18 4 14 
student 788: 16 12 9 11 14 19 13 18 17 1 10 2 5 3 15 7 20 8 4 6 
student 789: 1 10 2 4 20 3 8 19 14 7 17 5 11 6 16 9 13 15 12 18 
student 790: 9 4 1 19 11 5 2 18 14 10 7 3 12 15 13 16 20 8 6 17 
student 791: 10 4 18 17 16 14 19 8 15 12 11 5 2 1 20 7 6 9 3 13 
student 792: 9 13 4 8 19 17 10 3 12 5 16 6 2 18 11 1 20 15 14 7 
student 793: 3 4 2 12 19 18 11 7 8 13 15 10 6 14 20 5 9 17 16 1 
student 794: 13 10 1 7 12 9 5 16 4 2 11 8 17 6 15 14 20 18 3 19 
student 795: 6 10 1 14 15 5 20 3 9 17 18 8 7 12 4 13 16 2 11 19 
student 796: 7 10 8 1 20 5 17 13 16 11 9 2 18 3 19 6 15 14 12 4 
student 797: 6 17 2 15 7 4 10 14 16 20 5 13 12 8 18 9 3 11 1 19 
student 798: 14 17 10 4 9 18 15 6 13 12 7 2 5 19 11 1 16 8 3 20 
student 799: 12 18 11 7 19 14 10 17 3 2 15 5 9 1 20 13 16 6 8 4 
