student 0: 18 20 5 9 3 16 15 12 17 4 8 19 13 1 11 2 7 14 6 10 
student 1: 9 12 7 1 8 17 18 6 20 11 16 10 5 4 3 13 2 14 15 19 
student 2: 18 12 4 9 11 14 15 10 19 2 16 3 17 8 20 7 5 1 6 13 
student 3: 7 6 19 20 15 10 13 4 9 2 12 11 18 5 14 3 8 1 16 17 
student 4: 20 8 4 10 16 18 7 5 9 15 14 17 12 11 19 2 1 3 6 13 
student 5: 7 1 2 3 6 5 16 13 10 9 11 14 19 8 15 4 20 18 12 17 
student 6: 2 15 7 12 8 19 5 16 13 11 14 18 6 9 17 4 1 3 10 20 
student 7: 3 18 2 8 19 20 10 5 17 13 15 16 9 6 12 7 1 4 11 14 
student 8: 3 8 13 15 11 9 7 12 16 6 10 19 5 4 20 2 1 17 18 14 
student 9: 1 6 12 20 9 19 18 15 2 10 13 17 16 8 14 7 5 3 4 11 
student 10: 2 15 1 19 17 9 10 12 18 16 4 13 8 14 20 7 3 5 6 11 
student 11: 5 11 16 8 1 20 3 9 2 18 17 14 19 15 6 13 4 10 12 7 
student 12: 2 17 3 9 20 5 11 1 4 19 15 18 12 16 6 8 7 10 13 14 
student 13: 19 15 14 1 13 7 17 3 10 4 18 8 11 16 20 5 2 6 12 9 
student 14: 7 6 3 15 17 18 14 8 9 11 4 12 13 1 16 2 5 19 10 20 
student 15: 2 18 13 14 11 15 5 6 17 9 1 3 12 19 16 4 10 20 8 7 
student 16: 13 17 11 9 16 1 14 6 7 10 20 8 15 19 4 18 12 3 5 2 
student 17: 4 11 18 16 1 19 9 8 5 6 10 14 7 17 12 2 13 15 3 20 
student 18: 6 2 4 8 17 15 3 18 7 13 20 5 12 19 9 14 10 1 11 16 
student 19: 15 17 2 10 4 20 7 12 5 14 6 16 18 13 19 8 3 11 1 9 
student 20: 10 5 17 12 19 9 15 13 8 18 6 7 11 3 20 4 2 1 14 16 
student 21: 4 3 9 7 10 14 20 11 17 8 19 15 13 16 6 1 5 2 12 18 
student 22: 2 19 6 15 12 18 13 10 3 16 9 8 14 11 20 1 4 5 7 17 
student 23: 9 7 4 19 16 11 13 14 17 1 12 6 18 3 8 5 10 15 2 20 
student 24: 3 10 17 19 20 2 15 14 6 9 18 1 16 5 11 8 13 4 7 12 
student 25: 10 18 14 20 3 7 9 11 19 17 15 2 12 8 16 6 1 4 13 5 
student 26: 10 13 11 9 3 7 20 19 15 2 12 8 17 1 14 16 6 4 5 18 
student 27: 2 8 5 18 12 9 7 13 6 10 19 14 17 3 16 15 4 1 11 20 
student 28: 4 19 6 14 15 20 10 2 12 8 1 5 17 7 11 3 18 9 16 13 
student 29: 6 10 13 5 20 7 4 1 17 9 15 2 18 8 12 3 19 14 16 11 
student 30: 6 7 13 11 16 20 8 1 18 14 10 15 17 2 19 3 4 12 9 5 
student 31: 12 8 3 14 18 1 17 16 2 5 7 6 11 10 13 9 4 19 20 15 
student 32: 12 10 7 4 19 17 9 3 16 13 15 2 18 5 20 1 6 14 11 8 
student 33: 3 13 11 1 8 7 20 18 14 16 2 10 9 17 19 12 4 5 6 15 
student 34: 4 13 15 5 20 14 10 6 16 11 12 9 1 3 8 18 7 2 17 19 
student 35: 1 19 15 5 10 6 20 11 7 13 2 14 17 9 18 3 8 16 12 4 
student 36: 7 17 3 1 14 16 8 5 20 11 6 4 19 10 9 13 15 12 2 18 
student 37: 10 4 18 9 12 16 6 19 11 7 17 15 20 1 14 2 13 8 3 5 
student 38: 15 14 4 1 16 10 5 8 3 13 18 2 11 7 17 19 12 20 6 9 
student 39: 2 12 3 14 9 17 7 5 10 8 15 4 20 16 18 1 13 6 11 19 
student 40: 12 19 8 17 11 18 13 4 10 15 3 7 20 16 1 14 2 9 5 6 
student 41: 1 16 13 17 10 11 12 15 8 19 20 18 14 6 3 2 7 5 4 9 
student 42: 5 12 14 18 19 16 4 15 7 9 17 2 20 13 6 10 8 1 3 11 
student 43: 5 14 6 20 8 3 15 9 18 7 11 12 2 13 17 4 10 16 1 19 
student 44: 17 12 1 10 5 11 4 2 18 16 9 13 3 8 20 7 19 15 6 14 
student 45: 1 20 10 16 18 8 12 4 14 15 2 7 19 9 17 13 6 5 3 11 
student 46: 1 15 12 18 19 13 8 7 2 20 10 6 11 4 5 17 9 3 14 16 
student 47: 10 2 6 1 20 4 14 18 5 8 11 17 16 9 3 12 7 13 15 19 
student 48: 18 13 16 17 10 3 7 11 8 14 2 9 12 19 6 1 15 4 5 20 
student 49: 1 7 14 16 15 17 11 6 19 10 20 8 18 12 13 2 5 3 4 9 
student 50: 4 3 1 16 17 2 11 8 12 20 19 9 6 13 10 5 15 14 7 18 
student 51: 6 17 2 1 11 16 19 5 18 14 4 10 12 7 15 8 9 3 13 20 
student 52: 1 4 7 5 20 14 15 6 10 8 19 12 9 18 16 3 11 13 2 17 
student 53: 4 13 1 17 7 14 5 12 6 15 9 10 19 18 2 8 3 11 20 16 
student 54: 2 19 4 13 9 6 16 20 11 18 5 8 15 1 3 10 14 7 12 17 
student 55: 13 2 7 10 17 15 19 5 9 12 20 3 8 18 11 6 14 1 4 16 
student 56: 2 8 7 6 9 12 15 11 20 14 16 3 5 1 10 19 4 18 13 17 
student 57: 11 18 13 5 16 19 9 10 8 20 15 12 6 7 4 1 2 3 17 14 
student 58: 1 20 10 12 9 13 11 15 18 19 14 6 7 8 16 2 5 3 4 17 
student 59: 2 11 5 9 13 19 12 3 6 4 16 18 20 10 17 1 8 7 14 15 
student 60: 7 17 6 9 8 2 1 5 16 11 15 18 20 14 13 3 10 12 4 19 
student 61: 2 9 1 13 7 11 12 8 6 20 19 3 15 10 14 18 16 4 5 17 
student 62: 3 20 11 1 5 19 13 15 17 16 8 10 6 2 4 9 12 14 7 18 
student 63: 5 13 11 2 18 19 12 10 14 17 8 15 6 3 16 7 1 4 9 20 
student 64: 2 20 3 16 14 10 9 4 6 15 5 7 18 11 8 1 19 17 12 13 
student 65: 7 18 6 4 13 20 17 16 11 2 14 9 10 3 1 19 5 12 15 8 
student 66: 3 20 12 6 16 10 15 11 13 14 8 9 19 2 18 1 4 7 5 17 
student 67: 7 18 6 17 14 13 12 15 20 11 10 4 19 2 16 3 8 9 1 5 
student 68: 9 8 2 15 10 19 6 5 7 16 3 17 18 4 14 12 1 13 20 11 
student 69: 3 16 9 14 10 7 15 8 5 20 2 4 12 17 18 11 6 19 1 13 
student 70: 17 8 14 16 10 19 3 2 13 11 18 6 5 7 20 9 1 4 12 15 
student 71: 2 4 7 12 17 3 15 14 16 10 20 13 9 6 18 1 5 8 11 19 
student 72: 4 19 3 16 7 6 1 20 9 8 2 5 11 14 18 13 10 17 15 12 
student 73: 6 12 5 14 3 8 15 2 13 17 16 10 19 4 20 9 11 18 7 1 
student 74: 14 7 19 10 16 17 15 8 1 18 4 13 12 2 11 3 5 6 9 20 
student 75: 3 15 13 2 4 11 9 8 6 10 18 12 16 19 14 1 7 17 5 20 
student 76: 4 10 6 18 14 20 11 1 2 15 9 16 19 12 7 3 5 13 8 17 
student 77: 13 9 1 8 19 11 16 5 17 7 2 4 18 10 12 3 6 15 20 14 
student 78: 5 18 3 15 10 9 11 6 20 13 17 16 8 1 4 2 12 7 14 19 
student 79: 9 18 12 4 5 8 19 6 3 16 15 11 17 2 20 14 13 10 1 7 
student 80: 1 6 2 9 17 13 16 8 14 10 19 4 12 15 11 18 5 7 3 20 
student 81: 2 18 6 3 14 19 4 16 17 5 9 12 15 10 1 7 8 11 13 20 
student 82: 1 14 11 19 15 8 9 5 7 17 10 18 4 6 20 2 3 13 12 16 
student 83: 4 17 1 3 11 16 14 15 19 5 18 2 7 12 10 6 9 8 20 13 
student 84: 2 12 3 7 5 17 10 18 8 15 16 13 19 20 14 9 4 1 11 6 
student 85: 9 14 18 1 12 3 19 10 11 15 2 16 17 8 20 7 5 6 4 13 
student 86: 4 11 5 2 20 18 17 6 14 10 7 15 3 8 16 13 12 19 9 1 
student 87: 12 18 13 4 16 15 17 14 19 6 1 10 20 5 7 2 11 9 3 8 
student 88: 1 9 20 7 19 16 8 11 6 3 4 15 18 5 13 2 10 17 14 12 
student 89: 7 5 20 3 15 13 6 18 17 16 4 8 1 14 11 9 2 12 10 19 
student 90: 9 13 8 17 14 18 6 11 15 10 12 16 20 4 7 5 3 1 2 19 
student 91: 16 17 4 9 12 6 10 8 13 14 1 2 15 5 19 7 20 3 11 18 
student 92: 20 9 3 18 8 2 14 12 1 6 10 17 19 11 16 15 5 4 7 13 
student 93: 5 11 9 6 15 4 14 3 1 17 20 13 16 10 19 2 7 8 18 12 
student 94: 16 3 5 2 14 8 15 11 17 4 12 7 9 1 18 10 6 13 20 19 
student 95: 16 10 4 18 3 14 2 12 1 5 17 11 19 13 20 7 15 6 9 8 
student 96: 8 10 5 17 6 2 7 13 18 9 19 12 15 14 3 4 1 16 11 20 
student 97: 2 9 4 17 1 3 15 16 6 7 11 14 18 8 12 19 10 13 5 20 
student 98: 8 12 3 9 7 14 18 11 10 15 1 16 17 6 5 4 2 20 19 13 
student 99: 12 16 5 18 10 19 11 20 3 9 6 13 17 4 7 8 15 1 2 14 
student 100: 13 20 2 12 17 16 5 6 18 19 10 4 15 8 9 11 1 3 7 14 
student 101: 19 4 16 11 14 18 17 8 1 20 7 5 10 2 15 6 3 9 13 12 
student 102: 4 13 14 2 11 3 20 19 12 10 18 15 9 17 8 5 6 1 7 16 
student 103: 4 2 1 17 20 11 12 15 10 19 8 16 13 6 18 7 9 5 3 14 
student 104: 11 10 2 12 5 19 1 9 14 16 17 4 15 20 18 8 3 7 6 13 
student 105: 9 12 4 8 18 14 13 15 11 6 1 7 20 3 10 16 17 5 2 19 
student 106: 17 16 4 12 3 6 5 10 19 20 8 18 14 7 15 1 2 13 9 11 
student 107: 14 20 19 1 12 4 18 11 13 7 6 3 15 2 17 8 5 16 9 10 
student 108: 13 8 3 16 10 14 7 11 20 5 4 15 18 2 6 9 12 1 17 19 
student 109: 5 16 9 4 11 13 15 2 8 18 6 12 14 1 20 7 3 19 17 10 
student 110: 10 14 6 11 15 3 2 17 8 4 9 18 13 19 5 12 7 20 1 16 
student 111: 8 12 18 11 17 6 1 10 9 14 20 2 19 5 15 3 7 13 4 16 
student 112: 2 15 6 16 20 18 11 4 12 3 19 10 13 7 14 17 5 9 1 8 
student 113: 8 17 2 3 11 7 4 5 20 16 19 13 6 15 12 9 10 18 1 14 
student 114: 1 18 7 10 3 19 16 9 12 8 15 4 13 11 14 6 17 5 2 20 
student 115: 5 8 7 2 11 3 4 17 18 15 10 1 9 19 13 14 6 20 12 16 
student 116: 9 10 7 3 1 17 19 15 2 20 8 14 11 4 5 6 16 18 12 13 
student 117: 16 14 17 18 19 12 6 1 10 15 2 4 13 9 7 8 3 11 5 20 
student 118: 10 13 7 19 3 17 8 16 11 18 6 1 12 9 20 4 5 2 14 15 
student 119: 20 5 3 17 19 18 12 10 15 11 6 2 14 1 7 9 8 4 16 13 
student 120: 2 19 1 11 9 13 20 8 5 7 12 18 3 15 10 4 6 17 14 16 
student 121: 3 2 10 11 7 19 15 6 16 14 9 5 18 4 13 1 20 8 12 17 
student 122: 3 18 2 12 7 9 8 1 13 4 15 19 20 11 14 16 6 10 5 17 
student 123: 10 19 18 16 20 12 7 3 11 17 8 5 15 2 13 6 9 1 4 14 
student 124: 1 8 7 13 18 11 9 19 6 16 20 2 5 4 15 12 10 3 14 17 
student 125: 9 10 16 13 19 4 11 2 14 6 15 12 17 8 18 5 3 7 1 20 
student 126: 8 13 7 16 18 20 10 6 14 15 3 11 19 17 12 2 4 1 5 9 
student 127: 19 6 4 11 8 16 12 15 18 7 5 13 14 1 9 2 17 10 3 20 
student 128: 6 11 9 18 3 7 20 4 14 13 16 12 17 10 5 2 19 8 1 15 
student 129: 2 10 8 4 17 5 18 9 11 20 16 14 13 7 12 6 3 1 15 19 
student 130: 16 13 7 10 3 19 11 8 2 20 5 18 14 1 17 9 4 6 12 15 
student 131: 8 7 5 2 17 19 1 9 4 6 15 10 11 12 13 3 14 16 18 20 
student 132: 14 12 13 8 17 6 19 5 9 20 10 16 15 4 11 7 18 3 1 2 
student 133: 3 11 20 4 9 10 5 15 1 12 18 17 14 13 2 7 19 6 8 16 
student 134: 1 16 3 13 5 14 17 11 12 19 7 4 18 15 10 2 9 6 8 20 
student 135: 2 20 9 3 6 12 18 17 15 16 4 10 13 11 14 8 7 1 5 19 
student 136: 5 10 6 11 17 19 4 7 2 13 16 9 14 18 8 3 20 1 15 12 
student 137: 1 13 7 19 20 14 8 11 16 12 6 10 3 2 9 15 18 4 5 17 
student 138: 1 18 5 11 17 9 14 19 6 4 3 16 13 8 15 12 2 20 10 7 
student 139: 2 10 1 16 18 20 4 15 5 8 14 19 13 7 12 9 3 11 6 17 
student 140: 12 14 16 10 20 18 13 11 7 2 9 1 17 3 5 8 4 6 15 19 
student 141: 5 16 15 13 10 14 2 3 20 18 8 6 12 1 19 17 9 4 11 7 
student 142: 3 20 13 1 18 16 19 9 17 15 5 4 2 12 10 8 7 11 14 6 
student 143: 6 20 17 3 12 18 13 8 4 5 11 2 10 15 1 9 16 19 14 7 
student 144: 2 19 9 10 15 20 12 3 16 14 6 5 8 17 13 4 11 7 1 18 
student 145: 9 19 4 8 20 2 17 15 18 7 6 11 3 5 10 14 1 16 13 12 
student 146: 8 17 2 3 1 6 16 5 14 20 13 12 10 15 9 4 18 7 11 19 
student 147: 4 12 5 14 16 20 9 11 18 13 17 2 19 1 8 3 10 15 7 6 
student 148: 9 5 6 17 20 15 18 3 10 8 7 16 13 19 11 4 2 12 1 14 
student 149: 1 2 15 9 16 17 11 6 13 4 5 10 7 3 14 20 8 18 12 19 
student 150: 8 5 9 10 15 7 16 1 19 14 12 4 6 18 20 2 3 13 17 11 
student 151: 4 11 5 13 19 16 17 15 18 12 20 7 8 1 9 3 2 6 10 14 
student 152: 15 18 2 5 13 20 12 7 11 16 17 14 19 3 10 1 8 9 4 6 
student 153: 12 9 18 6 16 7 8 4 19 13 5 2 14 20 11 10 1 3 15 17 
student 154: 17 7 5 12 13 20 3 2 19 16 14 9 18 11 15 1 10 4 8 6 
student 155: 1 10 18 6 5 20 11 3 15 2 14 17 16 7 19 13 4 8 12 9 
student 156: 3 18 1 7 15 17 13 19 12 2 14 16 20 10 5 11 4 9 6 8 
student 157: 2 12 14 17 13 8 4 3 5 11 1 18 20 16 15 7 19 6 9 10 
student 158: 17 19 6 7 14 8 18 2 20 15 16 13 4 5 9 1 11 12 3 10 
student 159: 16 14 12 13 19 8 17 10 20 4 2 6 1 7 9 18 11 3 5 15 
student 160: 10 4 2 18 13 11 17 8 14 9 12 1 15 19 16 3 7 5 6 20 
student 161: 13 7 2 12 20 19 5 4 16 11 18 8 6 9 17 15 14 3 10 1 
student 162: 8 11 1 4 20 12 6 3 17 13 9 15 10 2 16 5 14 19 7 18 
student 163: 3 19 7 4 17 5 15 13 18 10 11 6 20 1 16 2 9 12 8 14 
student 164: 8 14 15 16 11 18 13 2 10 19 20 5 7 12 17 3 9 4 6 1 
student 165: 2 20 13 12 15 6 5 8 14 9 11 1 18 4 10 7 3 16 17 19 
student 166: 1 16 6 10 15 3 7 12 14 9 4 2 11 5 18 17 20 8 13 19 
student 167: 1 11 6 4 12 19 18 9 16 5 15 13 17 3 20 10 8 7 2 14 
student 168: 1 11 3 5 20 17 6 19 16 18 7 13 8 4 14 12 2 10 9 15 
student 169: 19 5 3 15 14 11 20 12 17 6 16 7 4 13 10 1 2 18 9 8 
student 170: 18 16 2 15 13 6 3 1 9 19 5 11 7 20 10 8 12 17 4 14 
student 171: 16 8 5 9 17 19 20 18 7 13 14 15 2 3 11 4 1 12 6 10 
student 172: 4 19 13 10 7 20 5 1 8 14 3 12 15 11 6 9 16 2 18 17 
student 173: 12 3 14 5 15 17 18 8 10 20 13 16 6 9 19 1 2 4 11 7 
student 174: 5 13 18 1 20 19 15 11 7 3 16 6 17 12 10 4 8 2 14 9 
student 175: 14 11 9 20 19 18 17 12 3 8 1 7 5 4 16 13 15 6 10 2 
student 176: 12 11 9 15 17 4 16 20 18 14 3 6 19 10 13 1 5 2 8 7 
student 177: 5 7 3 20 13 8 17 19 1 18 12 4 10 2 16 6 15 9 14 11 
student 178: 1 14 16 12 19 11 8 5 20 13 3 6 18 2 15 9 7 4 10 17 
student 179: 7 4 16 11 9 5 17 14 12 13 15 18 19 8 20 2 6 10 1 3 
student 180: 4 19 8 11 10 2 9 1 15 7 20 14 16 17 12 3 6 13 5 18 
student 181: 1 13 19 6 17 5 15 12 14 7 11 16 9 4 20 8 3 10 2 18 
student 182: 1 15 17 11 16 20 6 4 14 7 12 3 8 10 13 19 2 5 9 18 
student 183: 15 17 5 4 12 18 8 1 11 14 16 6 7 3 19 10 9 13 2 20 
student 184: 6 17 8 15 18 14 10 16 13 1 11 7 19 5 20 2 4 9 12 3 
student 185: 1 13 3 7 16 11 12 14 17 20 10 8 6 4 9 2 15 18 5 19 
student 186: 16 7 6 12 11 4 2 17 18 13 3 9 14 5 15 1 20 10 8 19 
student 187: 14 7 6 11 5 19 4 3 8 17 20 1 12 10 13 9 18 2 15 16 
student 188: 4 5 8 9 7 20 18 13 11 12 17 16 15 1 6 3 2 14 10 19 
student 189: 13 11 1 5 10 16 7 17 14 18 3 4 8 6 12 2 20 9 19 15 
student 190: 2 6 13 18 7 14 10 19 16 3 8 11 20 12 9 15 1 4 5 17 
student 191: 12 19 6 4 16 17 5 9 10 20 18 13 11 2 14 1 8 7 3 15 
student 192: 8 19 20 15 18 13 10 6 12 1 7 11 17 5 3 9 4 2 14 16 
student 193: 11 17 12 15 19 16 9 14 18 4 20 2 10 13 1 3 6 7 8 5 
student 194: 15 12 13 5 7 10 14 8 1 4 9 16 11 19 17 2 6 3 18 20 
student 195: 7 18 12 8 16 13 9 4 3 10 14 6 19 2 15 11 5 17 1 20 
student 196: 6 10 8 3 4 11 14 17 1 5 18 19 16 12 9 2 20 15 7 13 
student 197: 2 16 17 11 13 9 12 18 1 10 15 20 14 6 19 4 5 8 3 7 
student 198: 8 17 13 2 9 1 19 4 5 16 12 14 11 7 15 6 18 3 10 20 
student 199: 5 7 17 11 10 9 13 1 19 16 8 12 20 2 6 3 15 14 4 18 
student 200: 2 9 1 6 5 8 12 14 16 20 3 10 17 7 15 19 11 18 4 13 
student 201: 1 4 7 17 16 20 8 15 14 9 18 12 13 11 6 5 3 10 2 19 
student 202: 4 13 17 10 9 3 11 12 20 16 8 18 14 5 7 1 2 15 6 19 
student 203: 14 15 3 7 16 2 19 13 17 6 10 8 18 5 20 9 1 11 4 12 
student 204: 5 2 14 13 20 12 15 9 4 17 6 16 19 11 18 3 8 7 10 1 
student 205: 5 20 1 19 11 3 10 14 18 8 6 2 17 9 15 16 13 4 12 7 
student 206: 7 2 8 13 10 17 14 5 9 11 3 15 19 6 12 18 20 1 4 16 
student 207: 4 16 5 10 17 11 20 7 19 6 12 1 2 14 8 18 3 9 15 13 
student 208: 4 8 1 3 14 20 17 15 5 13 2 9 6 16 11 19 10 18 7 12 
student 209: 1 20 3 15 5 4 7 9 11 8 2 13 18 12 16 19 6 10 14 17 
student 210: 17 13 4 5 8 10 12 3 16 14 9 2 20 15 19 7 11 6 1 18 
student 211: 10 4 9 12 3 2 13 17 15 19 20 1 5 18 16 8 7 6 14 11 
student 212: 1 5 7 17 4 12 16 14 13 9 15 10 8 6 19 3 2 18 11 20 
student 213: 4 14 8 13 19 10 6 11 9 5 15 2 20 17 16 1 3 7 18 12 
student 214: 19 17 5 10 20 13 2 14 9 16 3 6 18 1 15 8 11 7 4 12 
student 215: 1 7 19 2 12 20 16 4 3 18 15 9 14 10 13 17 11 8 5 6 
student 216: 3 4 13 6 11 18 19 2 7 14 16 17 20 15 9 8 1 5 12 10 
student 217: 1 3 14 15 16 17 2 18 19 10 8 13 20 11 5 9 4 6 12 7 
student 218: 18 3 4 9 5 11 7 1 13 20 12 10 15 8 16 2 17 6 19 14 
student 219: 5 16 11 10 13 17 8 19 7 20 12 6 4 3 2 9 14 15 1 18 
student 220: 4 18 5 17 15 13 20 14 16 8 6 10 19 11 12 2 7 3 1 9 
student 221: 17 12 5 19 8 14 4 2 18 11 9 10 16 15 20 3 7 6 1 13 
student 222: 8 7 3 14 9 20 4 18 12 13 19 2 17 1 6 15 11 5 10 16 
student 223: 11 2 9 12 16 3 6 18 17 19 8 5 20 13 15 7 4 14 1 10 
student 224: 10 9 2 18 3 5 12 8 6 16 15 1 13 17 7 20 11 4 14 19 
student 225: 11 5 20 16 19 18 6 2 17 12 1 13 10 14 3 7 9 4 15 8 
student 226: 9 17 4 16 10 20 15 8 3 14 13 2 12 7 18 6 1 5 11 19 
student 227: 3 18 20 13 12 19 17 14 4 2 15 8 9 7 11 6 5 10 1 16 
student 228: 9 17 2 19 16 13 8 1 7 20 3 14 15 4 11 6 5 12 18 10 
student 229: 2 13 17 12 14 4 8 3 7 6 19 11 18 9 20 16 10 1 5 15 
student 230: 2 7 6 13 17 16 12 5 9 10 4 15 14 11 18 1 3 8 20 19 
student 231: 2 18 9 15 8 7 4 12 20 19 10 1 16 6 17 3 5 14 11 13 
student 232: 1 18 4 8 19 6 16 17 14 3 15 13 20 10 9 5 7 12 11 2 
student 233: 6 8 20 2 19 14 12 3 11 16 10 4 5 15 17 1 13 18 7 9 
student 234: 2 17 1 6 12 14 15 8 18 7 5 11 19 4 16 13 20 3 10 9 
student 235: 11 8 4 18 20 9 19 17 15 12 2 5 16 14 1 7 13 10 3 6 
student 236: 4 16 6 19 8 18 1 15 10 20 3 2 13 9 11 5 7 17 14 12 
student 237: 5 9 7 18 4 3 11 12 17 15 19 10 2 13 14 6 1 16 8 20 
student 238: 6 17 7 5 12 16 20 14 15 13 8 19 10 4 9 3 11 2 1 18 
student 239: 13 4 10 19 20 8 9 15 11 2 14 7 16 1 12 3 17 6 5 18 
student 240: 20 10 8 1 14 12 11 5 9 7 13 19 16 4 15 6 18 2 3 17 
student 241: 1 18 7 4 19 20 5 12 15 6 13 8 17 2 10 9 14 11 16 3 
student 242: 2 15 7 11 9 19 20 14 17 12 4 8 16 5 13 1 10 6 3 18 
student 243: 10 20 6 18 3 1 9 2 11 13 12 14 17 5 15 7 4 19 8 16 
student 244: 10 6 2 12 18 15 1 8 19 9 13 3 14 16 5 11 4 17 7 20 
student 245: 19 15 6 12 2 14 11 4 18 20 8 7 13 1 10 9 5 3 16 17 
student 246: 14 5 1 2 10 19 13 8 11 16 4 17 20 7 9 3 15 12 6 18 
student 247: 13 12 7 19 11 6 1 3 20 16 18 8 17 4 14 9 2 15 10 5 
student 248: 13 5 10 14 16 19 6 15 11 2 17 18 20 8 7 4 12 1 3 9 
student 249: 11 10 8 19 20 9 18 1 3 16 14 15 6 13 12 2 4 7 5 17 
student 250: 14 16 17 19 18 15 3 5 4 2 20 11 10 1 12 7 8 9 13 6 
student 251: 4 10 3 11 5 13 17 18 6 15 19 7 9 20 14 1 12 8 2 16 
student 252: 13 10 5 2 16 7 4 3 6 19 20 14 12 18 15 8 1 9 11 17 
student 253: 2 13 6 3 15 1 12 16 20 11 9 17 19 7 18 5 4 10 8 14 
student 254: 8 20 1 5 14 15 7 6 18 10 16 11 12 9 19 2 3 17 4 13 
student 255: 14 3 7 11 8 13 12 10 20 2 1 15 9 16 5 4 17 18 6 19 
student 256: 18 15 3 17 5 4 9 10 8 7 6 19 1 14 13 16 12 2 11 20 
student 257: 4 20 15 2 18 14 17 7 10 6 19 8 16 3 11 9 1 5 12 13 
student 258: 12 18 13 3 14 19 15 5 4 16 6 7 8 10 11 2 1 9 17 20 
student 259: 2 3 19 11 4 16 18 20 10 1 8 5 9 7 14 12 15 6 13 17 
student 260: 1 17 11 4 18 6 8 10 14 16 12 13 15 3 19 5 9 20 2 7 
student 261: 7 9 19 13 11 8 10 2 20 17 6 1 3 12 15 5 18 14 4 16 
student 262: 7 10 5 6 18 2 14 19 16 15 11 3 1 4 12 9 8 20 13 17 
student 263: 15 18 3 14 7 12 11 5 17 16 20 6 8 10 2 4 19 13 1 9 
student 264: 9 14 2 11 16 19 12 3 8 20 7 5 1 17 10 6 13 15 18 4 
student 265: 16 14 6 12 15 18 1 13 9 11 4 7 17 10 19 2 3 8 5 20 
student 266: 17 3 1 4 19 11 6 20 10 7 9 5 16 2 18 12 8 13 14 15 
student 267: 11 13 12 20 16 9 15 18 8 6 7 17 5 4 1 10 3 14 2 19 
student 268: 12 18 2 3 19 14 6 8 10 16 17 1 13 7 20 15 5 4 11 9 
student 269: 3 13 10 16 18 8 5 19 12 4 11 2 17 7 1 15 9 14 6 20 
student 270: 13 12 9 16 15 20 17 10 5 18 11 7 1 2 4 8 3 6 14 19 
student 271: 1 11 20 3 10 5 4 7 18 13 8 9 15 16 19 6 2 12 14 17 
student 272: 14 11 5 16 19 10 9 4 13 12 8 6 20 15 17 3 1 18 2 7 
student 273: 1 11 5 20 17 14 18 7 13 15 6 16 19 2 9 12 3 8 4 10 
student 274: 20 17 10 7 15 2 14 16 9 8 6 5 12 4 18 1 19 11 3 13 
student 275: 2 8 3 1 18 16 15 12 11 19 17 7 20 5 10 14 6 9 13 4 
student 276: 5 18 2 16 17 13 20 12 10 15 11 6 8 9 19 4 1 3 7 14 
student 277: 13 7 10 14 15 5 11 8 18 1 16 19 9 3 20 2 6 4 17 12 
student 278: 5 2 3 17 19 8 6 4 1 15 7 10 9 11 13 16 18 20 12 14 
student 279: 4 17 16 10 14 12 9 15 18 13 3 19 20 8 7 1 11 5 6 2 
student 280: 12 13 3 6 16 15 7 11 5 4 10 1 20 14 9 18 2 17 8 19 
student 281: 6 8 7 17 13 20 4 12 19 11 1 2 14 18 10 3 5 9 15 16 
student 282: 3 8 19 7 16 20 17 9 12 11 14 18 15 10 5 1 4 2 6 13 
student 283: 4 2 11 14 19 1 15 12 6 5 13 8 17 16 18 7 9 10 3 20 
student 284: 14 10 5 19 9 16 17 8 15 4 12 6 18 7 13 1 2 3 11 20 
student 285: 8 17 4 6 18 11 14 10 2 20 12 9 7 13 15 5 3 16 1 19 
student 286: 14 15 5 20 7 3 19 16 17 18 6 4 10 2 13 12 8 11 1 9 
student 287: 1 9 5 8 15 13 16 12 4 18 19 17 14 7 20 2 3 6 11 10 
student 288: 2 10 3 5 12 18 8 11 15 14 1 6 17 4 20 13 7 16 19 9 
student 289: 20 19 18 7 1 4 15 2 6 16 10 11 17 9 13 8 5 12 3 14 
student 290: 5 14 16 10 19 13 20 4 9 15 17 8 7 1 3 6 12 18 11 2 
student 291: 15 9 1 16 10 20 5 8 18 17 12 3 11 13 19 4 6 2 7 14 
student 292: 9 13 14 12 15 17 19 5 20 4 6 18 11 10 7 8 16 2 1 3 
student 293: 1 19 4 17 20 13 11 14 9 8 16 7 12 5 18 6 2 10 3 15 
student 294: 10 14 5 6 16 19 11 7 2 12 13 20 4 18 15 8 1 9 3 17 
student 295: 8 10 1 7 13 17 9 11 18 3 5 6 19 16 15 2 4 20 12 14 
student 296: 9 13 4 7 12 20 16 5 18 10 1 8 19 2 11 17 6 3 14 15 
student 297: 13 7 9 1 17 18 8 12 3 10 5 14 16 4 19 2 6 15 11 20 
student 298: 3 16 1 12 14 11 19 10 13 7 4 8 20 2 17 18 5 6 9 15 
student 299: 4 3 1 8 12 16 20 2 11 19 13 7 15 9 10 14 5 6 18 17 
student 300: 7 13 2 6 12 10 9 14 19 20 1 5 11 3 8 17 18 4 15 16 
student 301: 1 12 15 3 20 18 16 9 14 6 5 2 19 11 7 13 8 4 17 10 
student 302: 17 19 10 7 5 13 15 8 12 4 1 11 16 3 20 6 9 14 2 18 
student 303: 8 5 12 1 7 18 3 19 16 11 15 14 20 4 9 10 6 13 2 17 
student 304: 6 2 3 5 17 16 4 7 13 14 10 1 19 9 15 12 8 20 11 18 
student 305: 9 16 2 5 10 14 19 20 11 3 13 17 4 1 12 6 15 7 8 18 
student 306: 4 12 8 13 20 9 19 16 10 14 17 7 5 6 18 1 3 15 11 2 
student 307: 17 18 1 7 8 13 15 3 6 2 10 16 12 5 14 11 19 9 4 20 
student 308: 3 12 11 1 17 16 6 13 15 10 2 20 14 7 9 4 5 18 8 19 
student 309: 8 16 10 11 18 9 14 20 2 3 19 4 12 5 15 1 17 7 6 13 
student 310: 4 17 14 8 20 7 12 13 10 16 6 19 9 5 18 2 1 15 3 11 
student 311: 9 5 8 16 19 20 10 1 18 15 17 14 11 12 6 4 3 7 2 13 
student 312: 7 14 15 1 17 11 6 9 10 12 8 2 16 3 20 4 5 18 13 19 
student 313: 6 15 9 13 12 14 3 7 4 19 18 10 5 1 11 8 16 17 2 20 
student 314: 10 18 3 15 13 12 8 7 14 16 17 19 6 5 20 1 2 11 4 9 
student 315: 13 2 11 12 3 8 5 7 15 16 14 6 20 9 18 4 1 19 10 17 
student 316: 19 12 15 6 10 2 14 17 8 5 9 7 18 1 20 4 3 13 11 16 
student 317: 9 16 14 13 6 12 10 4 1 8 15 5 2 11 20 7 3 18 17 19 
student 318: 7 16 15 3 14 19 11 5 20 4 17 10 18 1 13 2 12 6 9 8 
student 319: 2 11 7 6 13 19 16 1 20 14 8 9 15 12 18 17 4 3 5 10 
student 320: 17 3 4 9 15 14 11 12 19 6 13 2 20 10 7 8 1 16 5 18 
student 321: 12 7 13 8 11 10 15 19 6 9 5 17 14 2 3 1 4 18 16 20 
student 322: 12 15 1 11 17 16 8 4 14 10 19 7 20 13 18 3 5 6 2 9 
student 323: 10 20 4 3 12 18 17 16 19 14 5 15 6 1 8 9 13 7 11 2 
student 324: 3 7 2 8 14 18 19 20 12 15 16 6 11 5 9 1 4 13 10 17 
student 325: 9 20 6 12 19 4 3 10 14 13 11 18 16 7 1 8 2 17 5 15 
student 326: 4 14 8 1 20 9 12 10 2 16 19 15 18 5 6 11 7 13 3 17 
student 327: 3 10 11 9 13 20 1 2 18 19 7 14 5 17 8 4 12 16 6 15 
student 328: 5 14 4 7 10 12 6 20 15 16 8 1 18 11 19 9 2 13 3 17 
student 329: 12 2 18 7 17 1 9 13 19 4 3 16 20 6 14 5 15 11 10 8 
student 330: 17 12 11 20 7 18 15 4 5 13 6 10 14 9 8 1 3 16 2 19 
student 331: 13 18 17 4 15 14 8 10 19 6 5 3 20 7 16 9 12 1 11 2 
student 332: 3 11 20 13 9 2 5 6 15 12 19 8 10 14 17 4 7 1 16 18 
student 333: 8 4 9 13 12 18 7 6 3 17 15 1 16 2 19 11 14 10 5 20 
student 334: 5 18 2 11 15 19 16 8 10 20 9 7 4 3 17 1 6 12 14 13 
student 335: 4 13 12 20 3 8 5 10 19 9 17 11 15 6 16 1 2 14 7 18 
student 336: 1 5 16 11 19 15 13 8 4 14 18 17 2 7 12 10 3 9 6 20 
student 337: 2 14 19 11 13 18 15 12 8 5 3 9 4 6 10 7 1 16 17 20 
student 338: 10 4 12 15 5 11 16 7 13 14 1 6 8 3 19 2 20 9 18 17 
student 339: 7 19 15 10 20 16 1 9 13 12 14 5 18 3 17 2 4 11 6 8 
student 340: 6 17 4 5 9 11 16 8 14 15 2 18 19 3 20 7 10 13 1 12 
student 341: 6 16 20 1 17 18 13 7 4 12 2 14 10 8 15 11 3 9 5 19 
student 342: 7 2 18 10 15 20 17 1 8 14 9 3 6 5 12 16 13 19 4 11 
student 343: 5 10 9 16 11 20 6 2 8 3 7 13 4 18 19 17 12 14 15 1 
student 344: 2 14 18 9 5 20 4 6 15 12 3 7 17 13 10 1 11 8 16 19 
student 345: 7 16 15 3 20 17 19 14 13 8 5 4 18 11 6 2 9 10 1 12 
student 346: 4 19 2 9 12 18 10 8 1 14 6 20 5 13 11 16 7 3 17 15 
student 347: 8 16 1 2 15 17 12 9 18 20 5 11 7 10 3 6 19 4 14 13 
student 348: 3 4 1 10 9 17 11 12 2 16 7 6 8 19 13 14 20 18 5 15 
student 349: 6 16 4 3 15 5 2 20 7 13 14 18 17 9 12 1 8 10 11 19 
student 350: 18 11 4 5 12 20 8 16 14 10 6 2 15 9 19 3 7 13 1 17 
student 351: 17 18 2 10 20 11 6 3 12 14 15 13 19 4 8 1 5 7 9 16 
student 352: 17 16 18 7 2 14 5 12 4 8 10 6 20 11 15 13 1 3 9 19 
student 353: 11 5 1 14 17 4 13 7 12 6 2 15 8 19 16 18 3 9 20 10 
student 354: 5 15 4 6 3 9 14 8 13 11 12 2 20 18 10 16 7 19 1 17 
student 355: 1 18 6 8 14 19 9 17 15 13 4 2 5 11 20 12 16 3 10 7 
student 356: 5 19 10 16 18 15 2 20 9 3 13 6 11 1 17 7 12 8 4 14 
student 357: 12 15 1 4 19 13 18 2 7 14 20 3 6 10 16 5 8 9 11 17 
student 358: 6 5 10 9 4 16 7 19 14 17 20 18 13 2 15 8 1 12 3 11 
student 359: 4 2 9 19 10 6 12 3 20 18 11 13 14 5 17 8 7 1 15 16 
student 360: 19 17 13 12 8 20 1 4 6 9 2 14 15 5 7 3 16 10 11 18 
student 361: 1 11 17 7 13 10 4 8 9 16 2 19 12 14 20 6 5 3 15 18 
student 362: 1 18 3 16 5 8 6 10 15 20 17 11 19 14 7 2 9 13 4 12 
student 363: 2 14 19 3 17 9 11 4 6 18 15 13 5 8 12 20 1 7 16 10 
student 364: 17 14 16 2 11 13 12 3 15 4 6 7 20 8 19 5 1 10 9 18 
student 365: 19 6 4 3 15 13 8 11 17 16 18 14 12 7 9 5 1 10 2 20 
student 366: 2 5 10 9 11 15 6 20 19 17 8 18 14 7 12 4 13 1 3 16 
student 367: 20 2 1 12 3 14 9 7 6 11 18 13 5 10 4 16 19 15 8 17 
student 368: 12 8 1 11 18 4 20 19 14 2 7 17 16 15 13 3 5 6 9 10 
student 369: 8 3 5 17 7 11 14 1 19 2 9 10 20 13 15 12 4 6 18 16 
student 370: 4 19 13 10 14 17 5 3 15 12 9 11 20 8 1 2 16 6 7 18 
student 371: 2 11 18 17 9 1 4 3 5 16 7 8 14 13 12 15 6 10 19 20 
student 372: 3 15 16 9 1 20 12 14 19 13 17 8 7 4 18 2 10 6 5 11 
student 373: 5 10 3 6 9 7 14 11 16 19 8 20 15 1 18 4 12 13 2 17 
student 374: 9 10 13 11 12 17 18 1 8 14 19 3 20 6 16 4 2 7 5 15 
student 375: 4 11 9 5 20 10 17 12 1 7 15 8 19 6 18 2 3 16 14 13 
student 376: 18 9 15 14 17 6 11 10 4 3 8 12 19 2 16 20 5 1 13 7 
student 377: 14 15 1 5 17 20 16 2 9 6 8 3 11 4 19 7 13 12 10 18 
student 378: 5 8 15 4 17 10 14 20 13 2 18 16 19 1 9 11 7 12 6 3 
student 379: 1 12 14 18 8 19 11 17 10 13 6 3 15 2 20 4 9 7 5 16 
student 380: 4 16 1 19 10 17 14 12 20 7 11 2 15 9 13 3 5 6 8 18 
student 381: 2 8 4 5 13 18 3 1 15 14 11 6 17 10 9 7 16 12 20 19 
student 382: 7 19 12 11 6 20 9 2 14 17 4 5 10 3 18 1 15 16 13 8 
student 383: 8 9 3 14 12 17 19 13 4 11 5 1 6 20 7 16 10 15 2 18 
student 384: 4 11 18 5 7 15 3 6 20 8 13 10 17 16 14 1 9 2 12 19 
student 385: 12 15 5 4 17 13 14 10 19 18 11 7 2 9 16 1 8 6 3 20 
student 386: 1 12 9 19 16 20 18 6 11 15 2 10 14 5 13 8 3 4 17 7 
student 387: 1 20 6 10 14 5 8 7 17 16 15 19 18 2 11 9 3 4 13 12 
student 388: 5 20 18 4 15 13 16 6 1 10 3 14 19 11 9 2 12 7 8 17 
student 389: 2 17 6 20 10 19 9 13 16 14 3 11 8 4 15 1 5 7 12 18 
student 390: 7 13 9 20 14 2 3 19 18 8 10 17 16 1 4 11 6 15 5 12 
student 391: 12 8 2 16 17 13 1 15 18 20 11 9 14 5 7 6 4 3 10 19 
student 392: 5 11 12 17 14 19 16 2 18 15 20 9 10 8 13 6 3 4 1 7 
student 393: 7 1 18 6 11 19 20 5 17 10 2 16 15 4 13 3 8 9 14 12 
student 394: 18 5 19 10 15 14 17 16 12 9 13 2 3 6 11 1 7 8 4 20 
student 395: 5 6 2 8 16 12 11 7 18 19 20 4 13 3 9 15 1 17 10 14 
student 396: 1 12 4 7 20 15 5 6 13 17 18 11 19 14 16 9 10 2 3 8 
student 397: 10 15 1 7 5 8 16 2 17 19 9 11 12 3 20 6 14 4 13 18 
student 398: 7 4 3 20 10 14 19 1 2 9 8 16 15 18 5 13 17 6 11 12 
student 399: 15 11 10 7 13 2 16 20 9 17 8 4 19 3 18 5 12 6 14 1 
student 400: 3 15 5 9 19 13 17 4 10 18 1 7 16 11 20 2 6 8 12 14 
student 401: 2 4 18 1 7 5 8 12 19 15 14 6 11 17 13 9 10 20 3 16 
student 402: 6 8 20 17 12 16 14 4 1 13 19 5 15 3 9 10 7 18 2 11 
student 403: 2 14 5 8 7 20 3 6 10 16 19 1 18 15 13 4 11 17 9 12 
student 404: 3 16 9 8 19 15 12 5 13 17 2 7 14 4 18 10 1 11 6 20 
student 405: 4 11 17 14 9 5 15 6 10 19 16 2 20 8 13 7 3 12 1 18 
student 406: 6 3 15 11 7 4 20 16 19 5 18 1 13 9 14 2 17 12 8 10 
student 407: 2 5 9 12 13 10 17 14 20 16 6 11 19 7 8 1 4 15 3 18 
student 408: 3 8 5 1 13 15 4 9 16 19 17 6 20 10 14 2 18 12 7 11 
student 409: 5 9 1 13 18 3 20 17 10 2 11 14 19 15 16 7 4 12 6 8 
student 410: 4 8 2 15 11 17 18 20 13 7 14 6 16 9 19 3 5 12 1 10 
student 411: 10 6 3 12 16 5 20 4 7 18 15 17 14 13 19 9 2 1 11 8 
student 412: 19 12 5 14 6 11 15 1 13 2 16 7 8 4 17 18 3 9 10 20 
student 413: 4 7 9 2 18 13 19 10 14 15 16 3 20 5 17 1 12 11 8 6 
student 414: 16 12 18 6 10 8 11 19 15 7 5 4 13 3 14 2 1 9 17 20 
student 415: 13 2 12 4 17 10 11 3 7 18 5 15 16 1 14 8 6 19 9 20 
student 416: 8 19 9 4 20 2 18 5 15 7 11 3 10 6 14 16 12 13 1 17 
student 417: 1 7 3 11 5 8 15 12 10 13 6 9 17 4 20 2 18 16 14 19 
student 418: 1 9 12 6 4 15 8 14 11 7 3 19 13 5 17 10 2 16 18 20 
student 419: 2 16 11 14 12 20 3 4 6 17 10 8 7 5 15 13 9 1 19 18 
student 420: 1 13 6 16 11 4 17 9 10 14 15 7 19 2 8 18 12 3 5 20 
student 421: 13 5 1 3 11 18 12 8 15 2 14 16 6 4 19 7 17 20 9 10 
student 422: 1 3 4 13 9 10 7 8 14 19 15 20 16 2 12 5 11 17 6 18 
student 423: 18 10 13 9 16 8 11 1 7 4 19 17 12 3 15 6 5 20 2 14 
student 424: 8 14 4 6 5 18 17 7 1 20 13 9 19 3 2 10 16 11 12 15 
student 425: 6 16 20 11 18 13 12 8 1 19 10 9 15 2 14 4 5 7 3 17 
student 426: 2 19 7 14 3 20 10 12 13 18 1 4 16 17 5 6 8 9 11 15 
student 427: 8 15 9 18 19 10 12 17 3 7 1 6 14 13 16 11 5 2 4 20 
student 428: 16 3 15 1 18 10 12 19 9 11 17 8 13 20 4 14 7 5 2 6 
student 429: 9 6 2 8 20 19 14 13 11 10 4 18 17 5 1 7 3 12 16 15 
student 430: 4 7 13 10 6 11 12 15 17 3 19 9 1 14 16 5 2 18 8 20 
student 431: 17 10 11 7 18 20 9 2 1 16 8 6 14 15 13 5 3 12 4 19 
student 432: 11 14 8 3 17 6 2 1 5 7 20 19 9 13 12 16 4 15 10 18 
student 433: 5 10 3 14 9 12 11 18 15 20 4 6 13 16 1 7 2 8 19 17 
student 434: 10 7 6 2 12 11 8 18 3 17 15 14 13 5 9 20 4 16 19 1 
student 435: 11 14 1 3 17 7 13 9 6 12 8 16 4 15 20 2 18 5 10 19 
student 436: 6 17 20 4 13 19 9 18 14 16 8 5 2 15 11 1 7 3 12 10 
student 437: 2 12 1 16 10 11 20 9 13 4 7 8 19 18 14 3 6 5 15 17 
student 438: 19 17 9 6 10 14 8 3 18 13 11 16 15 1 7 5 4 12 2 20 
student 439: 10 16 3 11 20 15 13 9 14 4 7 8 19 2 18 5 1 17 6 12 
student 440: 11 16 2 19 9 7 13 1 14 12 15 10 20 3 17 5 8 6 18 4 
student 441: 6 3 1 9 16 20 18 7 14 5 17 4 8 11 12 10 2 13 15 19 
student 442: 7 20 6 10 14 3 18 16 9 1 19 2 15 4 11 5 12 17 8 13 
student 443: 4 11 13 16 6 17 15 2 12 8 5 9 20 7 19 3 18 10 1 14 
student 444: 11 13 9 5 15 8 16 12 19 4 14 6 1 18 20 10 7 2 3 17 
student 445: 8 13 3 15 12 1 16 20 6 11 2 9 5 18 4 10 14 17 7 19 
student 446: 3 13 9 17 12 7 19 4 8 20 2 18 14 5 11 10 1 6 16 15 
student 447: 5 6 10 9 7 12 15 13 17 14 18 4 19 3 16 8 20 2 1 11 
student 448: 14 12 7 16 20 19 2 5 17 13 8 6 15 1 3 11 4 18 9 10 
student 449: 8 17 15 14 2 18 4 5 13 3 1 12 19 9 16 11 7 6 10 20 
student 450: 2 5 8 9 20 18 16 3 14 10 6 11 17 13 15 7 4 12 1 19 
student 451: 1 10 11 6 8 9 7 20 16 15 14 3 4 12 17 19 13 5 2 18 
student 452: 6 14 5 10 8 9 1 2 11 18 15 12 4 17 13 3 7 20 19 16 
student 453: 4 7 3 10 14 6 16 20 5 13 2 12 15 8 17 1 11 18 9 19 
student 454: 6 7 16 18 14 20 9 1 13 19 11 12 17 8 15 4 5 2 10 3 
student 455: 12 20 6 17 4 18 7 15 9 19 1 16 2 13 5 3 14 10 11 8 
student 456: 12 2 18 1 3 14 11 7 10 9 4 16 20 5 19 6 15 13 8 17 
student 457: 10 13 7 9 20 19 12 5 4 8 3 11 14 18 16 1 2 15 6 17 
student 458: 4 6 3 9 18 15 14 7 13 19 10 17 11 5 20 1 12 8 2 16 
student 459: 1 2 19 17 16 7 12 3 14 13 15 11 20 8 10 6 4 5 9 18 
student 460: 15 17 2 8 14 18 7 11 20 13 9 6 10 4 3 1 16 5 19 12 
student 461: 4 9 7 20 2 14 6 8 18 5 15 12 16 19 10 1 17 11 3 13 
student 462: 7 4 16 14 10 20 17 2 19 1 9 6 18 11 13 12 3 5 8 15 
student 463: 8 5 10 16 20 18 7 2 14 15 9 19 4 3 11 13 6 12 1 17 
student 464: 9 13 7 5 16 6 2 8 12 10 19 1 18 3 11 17 4 14 15 20 
student 465: 2 12 7 20 13 9 3 10 15 8 11 5 17 16 18 4 1 6 14 19 
student 466: 1 12 2 3 19 14 8 9 7 16 17 10 18 6 13 11 5 4 20 15 
student 467: 8 14 6 12 16 19 1 3 11 13 2 17 20 4 18 5 10 15 9 7 
student 468: 9 2 12 18 6 4 5 1 14 19 13 11 3 15 20 7 10 17 8 16 
student 469: 10 8 2 16 19 14 17 7 5 20 12 4 1 6 11 15 9 18 13 3 
student 470: 4 15 5 12 18 7 1 16 17 6 13 19 8 9 20 3 2 11 10 14 
student 471: 20 4 10 14 17 16 15 8 5 18 11 9 19 12 3 1 6 7 2 13 
student 472: 4 9 7 6 14 19 17 11 20 13 15 8 12 1 16 3 10 5 2 18 
student 473: 5 7 4 20 15 6 10 14 9 13 1 17 16 18 2 11 12 3 19 8 
student 474: 5 10 8 11 20 18 13 9 17 14 12 2 1 4 15 3 16 6 7 19 
student 475: 3 7 2 8 10 12 5 9 16 15 13 11 20 18 17 4 19 14 6 1 
student 476: 4 1 11 10 15 3 8 17 6 5 13 12 14 18 2 9 7 19 16 20 
student 477: 2 17 14 7 18 13 15 12 10 11 3 16 8 5 20 6 4 9 19 1 
student 478: 3 5 9 16 13 14 20 11 7 8 15 4 18 1 19 12 17 2 6 10 
student 479: 2 18 11 14 17 6 4 8 20 7 15 5 12 3 19 16 1 10 9 13 
student 480: 4 16 11 1 5 18 13 2 19 20 10 8 14 3 17 12 6 9 7 15 
student 481: 5 10 17 7 4 3 16 2 15 8 18 12 20 1 14 11 13 6 9 19 
student 482: 2 17 11 3 5 16 4 19 14 6 20 9 18 15 12 13 1 8 10 7 
student 483: 8 20 11 9 14 19 5 18 7 3 10 17 12 1 13 6 2 16 15 4 
student 484: 4 10 16 7 12 14 3 9 18 2 19 15 8 11 13 17 1 5 6 20 
student 485: 16 4 1 17 19 12 18 14 7 10 3 8 2 6 20 9 5 15 11 13 
student 486: 8 20 1 11 13 19 15 3 4 5 2 9 6 10 18 14 12 7 17 16 
student 487: 17 10 3 16 11 19 7 12 4 14 15 1 18 8 20 6 9 2 13 5 
student 488: 5 3 11 8 4 17 7 12 14 9 19 2 18 1 20 15 16 10 6 13 
student 489: 9 5 8 20 14 16 3 12 18 2 19 17 11 6 13 7 10 4 15 1 
student 490: 11 5 2 14 13 9 8 19 20 16 6 4 18 17 12 1 7 3 10 15 
student 491: 11 9 1 8 10 17 6 12 4 16 15 19 7 14 18 5 13 2 3 20 
student 492: 1 19 15 13 17 4 5 11 8 6 18 20 14 2 16 3 12 10 9 7 
student 493: 1 8 4 16 20 17 18 15 19 6 9 10 3 2 14 12 13 11 5 7 
student 494: 3 9 2 10 14 17 5 8 12 6 16 15 18 13 4 11 1 19 7 20 
student 495: 13 19 7 3 12 2 8 20 11 18 9 10 4 17 14 6 16 1 15 5 
student 496: 2 20 13 10 3 18 14 16 19 7 11 4 12 5 15 1 8 6 9 17 
student 497: 5 11 4 12 14 19 15 13 18 16 10 7 17 3 6 1 8 9 2 20 
student 498: 5 4 7 18 10 8 20 12 19 14 13 6 2 15 17 1 9 16 3 11 
student 499: 4 10 1 7 16 2 11 5 12 9 3 18 19 14 17 8 6 13 15 20 
student 500: 4 17 3 5 16 9 19 11 10 8 13 2 1 15 6 12 7 18 14 20 
student 501: 5 19 3 9 12 20 7 1 11 8 18 10 15 6 13 4 2 14 16 17 
student 502: 11 5 8 14 4 18 7 17 15 6 19 12 13 1 10 9 2 3 16 20 
student 503: 8 9 5 6 11 12 14 19 15 16 3 17 7 2 18 4 1 13 10 20 
student 504: 20 3 4 14 17 11 18 19 15 12 8 6 16 13 9 1 10 5 2 7 
student 505: 8 2 11 12 6 17 1 9 15 18 7 4 10 14 13 5 19 16 20 3 
student 506: 5 8 6 10 18 9 13 3 17 16 11 1 15 20 19 2 4 7 12 14 
student 507: 9 20 7 8 18 12 4 14 19 16 3 6 15 13 2 11 10 5 1 17 
student 508: 6 19 12 11 8 7 2 10 13 16 18 9 20 4 15 14 5 3 1 17 
student 509: 1 7 4 20 19 6 8 11 18 17 9 10 15 12 13 2 14 5 3 16 
student 510: 4 15 20 19 13 6 7 5 12 1 18 11 3 9 14 2 8 16 17 10 
student 511: 4 20 13 8 6 17 18 3 11 9 10 15 14 2 12 19 5 1 16 7 
student 512: 12 8 2 9 4 14 11 6 1 16 18 20 15 13 10 5 17 3 19 7 
student 513: 2 19 9 3 20 12 16 6 13 14 11 17 8 1 10 4 15 5 18 7 
student 514: 8 9 11 15 18 20 7 17 19 14 6 16 5 12 13 10 2 1 4 3 
student 515: 12 9 7 20 15 11 5 18 16 6 17 8 13 2 19 10 1 14 3 4 
student 516: 4 10 5 2 20 13 3 6 18 17 19 7 1 14 16 12 8 11 9 15 
student 517: 5 14 19 13 9 20 1 10 17 12 15 8 18 4 16 6 7 3 2 11 
student 518: 10 6 5 3 15 16 18 7 13 11 12 8 19 1 17 9 2 4 14 20 
student 519: 17 7 1 18 12 11 15 20 19 3 13 5 14 10 16 2 9 6 8 4 
student 520: 3 5 11 15 10 6 7 13 9 20 17 18 19 2 12 1 14 16 4 8 
student 521: 4 20 1 6 18 14 12 13 10 11 9 5 17 7 15 8 2 16 3 19 
student 522: 14 9 15 13 11 19 7 5 2 6 3 4 10 12 1 18 20 8 17 16 
student 523: 14 11 19 16 20 5 4 15 10 6 8 9 13 1 17 3 2 12 7 18 
student 524: 3 5 4 13 11 18 17 10 1 20 14 2 15 16 6 8 12 7 9 19 
student 525: 14 20 12 10 16 5 11 15 13 17 6 1 4 8 19 2 7 18 9 3 
student 526: 2 5 9 11 10 12 20 15 14 8 17 3 13 7 18 4 1 19 6 16 
student 527: 2 14 17 7 19 18 9 5 15 13 10 4 16 1 11 3 12 8 6 20 
student 528: 15 17 2 9 16 11 12 13 14 18 3 8 19 1 10 7 4 6 5 20 
student 529: 3 1 12 14 8 17 11 2 16 10 20 7 9 5 13 19 4 15 6 18 
student 530: 11 14 1 19 6 13 17 4 2 8 9 18 20 7 5 10 15 12 16 3 
student 531: 15 14 19 13 18 11 7 9 6 16 8 20 17 5 10 3 1 4 2 12 
student 532: 6 10 8 18 5 9 4 7 16 20 12 13 15 14 17 3 1 2 19 11 
student 533: 10 11 12 4 15 20 14 3 5 16 13 7 1 9 19 8 2 18 6 17 
student 534: 11 8 17 9 15 14 2 18 16 6 13 7 19 5 10 3 20 12 1 4 
student 535: 12 14 5 19 16 20 2 8 15 18 7 13 4 17 9 6 3 1 10 11 
student 536: 4 2 6 16 15 10 17 3 20 9 14 11 13 12 7 1 8 19 18 5 
student 537: 3 15 5 6 12 4 13 14 18 19 17 10 2 7 16 9 8 11 20 1 
student 538: 3 19 16 17 15 14 12 18 5 10 20 7 13 2 11 1 6 8 4 9 
student 539: 8 6 19 4 12 7 14 15 20 5 18 1 13 16 11 10 9 2 3 17 
student 540: 16 19 11 10 20 17 1 6 12 7 2 15 18 8 14 4 9 5 3 13 
student 541: 8 6 1 3 5 12 18 17 10 19 9 15 16 4 13 14 7 2 11 20 
student 542: 2 13 4 9 16 3 19 12 10 20 15 6 14 1 11 17 5 7 8 18 
student 543: 12 9 4 1 10 13 8 17 14 6 19 2 5 3 18 11 7 15 16 20 
student 544: 8 17 15 9 6 18 5 1 10 19 20 14 16 4 7 2 3 13 12 11 
student 545: 19 18 17 2 6 12 11 20 13 8 3 5 15 1 4 16 9 14 7 10 
student 546: 1 3 2 15 20 17 18 6 12 4 8 13 14 11 19 5 10 9 7 16 
student 547: 12 18 9 11 8 20 14 1 10 7 15 13 5 3 17 2 19 16 6 4 
student 548: 6 18 10 12 19 20 17 13 3 15 4 8 16 5 14 11 9 7 2 1 
student 549: 11 8 7 13 20 15 14 5 19 17 9 4 18 1 10 16 6 3 2 12 
student 550: 9 13 1 20 18 6 5 7 10 2 15 4 17 19 12 11 14 8 16 3 
student 551: 5 17 12 8 15 11 20 4 9 7 19 3 14 2 13 1 18 6 10 16 
student 552: 15 10 14 7 19 13 18 17 5 16 2 4 9 3 6 11 8 12 1 20 
student 553: 1 15 12 2 18 20 19 10 6 13 11 8 16 9 14 4 17 7 3 5 
student 554: 11 13 20 14 19 9 4 6 7 10 16 3 17 15 12 2 5 1 18 8 
student 555: 6 10 16 17 11 15 12 8 3 14 9 18 13 20 19 2 4 7 5 1 
student 556: 10 13 1 9 20 14 17 5 12 11 18 4 15 2 6 16 7 8 3 19 
student 557: 6 13 18 19 11 17 9 2 7 5 8 14 15 3 10 20 4 1 16 12 
student 558: 12 19 6 20 4 9 13 3 1 17 8 2 14 7 5 11 10 16 15 18 
student 559: 12 13 6 8 17 11 15 9 1 16 18 3 19 4 20 2 7 10 14 5 
student 560: 4 18 8 5 11 16 7 2 6 9 17 3 19 20 13 15 12 10 1 14 
student 561: 1 19 12 9 17 20 4 8 7 14 15 2 10 3 18 6 11 5 16 13 
student 562: 3 2 15 19 7 17 20 1 11 16 6 5 10 4 14 9 8 18 13 12 
student 563: 10 19 5 3 11 15 17 1 9 18 12 14 4 16 20 13 6 7 8 2 
student 564: 8 13 5 4 20 9 19 3 18 10 1 7 2 15 17 6 16 12 14 11 
student 565: 1 11 8 18 15 17 3 20 9 7 6 4 13 2 10 12 19 14 5 16 
student 566: 7 17 12 19 18 6 10 11 4 1 13 20 16 3 15 5 2 14 8 9 
student 567: 2 3 10 19 4 7 5 12 16 14 8 17 18 9 13 1 11 6 15 20 
student 568: 5 13 7 15 16 17 11 8 9 6 10 4 19 1 14 2 18 12 3 20 
student 569: 15 12 11 7 13 8 10 9 1 16 20 14 19 5 17 4 6 2 3 18 
student 570: 5 19 4 3 13 12 11 18 7 20 8 16 1 6 15 2 10 9 17 14 
student 571: 13 1 9 3 20 11 4 15 18 14 10 17 2 6 12 5 7 19 16 8 
student 572: 18 20 5 8 14 12 6 13 10 17 15 3 9 2 16 11 4 7 1 19 
student 573: 3 5 4 7 17 11 8 14 13 18 16 12 6 1 19 9 2 15 10 20 
student 574: 13 11 12 20 9 18 17 5 15 16 8 4 14 6 10 7 1 2 3 19 
student 575: 6 14 15 4 20 1 3 9 17 12 5 2 10 8 19 11 7 16 13 18 
student 576: 13 12 6 16 20 5 15 18 9 3 17 11 14 4 1 7 8 19 2 10 
student 577: 7 4 3 8 13 14 6 5 20 12 15 19 9 18 11 1 16 2 10 17 
student 578: 1 14 9 6 16 19 3 7 2 20 13 17 12 4 10 15 5 8 11 18 
student 579: 6 7 1 17 13 14 16 5 19 12 8 11 2 3 20 4 9 18 10 15 
student 580: 7 12 19 4 16 8 18 15 11 13 17 2 3 5 20 9 6 10 1 14 
student 581: 6 18 16 20 8 14 12 3 17 19 15 9 2 7 5 10 4 13 11 1 
student 582: 1 17 2 13 19 5 15 8 18 10 9 12 14 7 16 6 3 4 11 20 
student 583: 2 5 4 16 11 8 17 9 13 15 7 6 18 1 12 3 20 10 19 14 
student 584: 4 3 14 20 15 18 2 16 8 6 9 17 1 11 19 7 10 13 5 12 
student 585: 9 8 15 4 16 10 3 19 5 12 14 20 13 17 18 2 11 1 7 6 
student 586: 4 3 1 2 12 10 17 7 9 18 8 14 5 13 16 15 19 11 6 20 
student 587: 1 14 10 20 18 13 11 16 19 17 6 4 9 8 2 5 3 12 7 15 
student 588: 10 18 13 9 20 2 5 14 8 1 11 6 19 4 17 15 12 7 3 16 
student 589: 6 7 14 16 8 17 20 10 15 2 5 9 18 1 11 3 13 4 19 12 
student 590: 2 14 7 8 6 10 18 20 19 16 5 4 17 9 11 12 3 1 15 13 
student 591: 19 15 5 20 10 14 16 18 17 9 13 4 11 2 12 3 7 8 6 1 
student 592: 6 20 4 8 19 12 2 14 10 18 11 15 16 3 7 5 13 1 9 17 
student 593: 7 8 5 11 19 18 6 12 15 10 3 14 1 2 20 17 9 4 13 16 
student 594: 6 10 8 19 20 16 1 12 15 4 3 13 14 18 2 5 11 7 9 17 
student 595: 2 11 1 18 4 7 8 19 12 16 6 10 20 3 13 9 15 5 17 14 
student 596: 7 14 16 18 13 20 19 6 9 5 11 1 4 8 17 15 12 10 2 3 
student 597: 5 12 16 13 20 6 14 18 11 4 10 8 2 17 15 1 9 7 3 19 
student 598: 3 16 13 4 20 19 15 11 17 12 1 6 7 9 10 5 2 8 14 18 
student 599: 20 9 17 14 19 7 11 10 6 18 15 5 12 16 2 4 8 3 1 13 
student 600: 3 13 6 4 9 18 8 7 20 12 2 11 16 5 19 1 14 10 15 17 
student 601: 2 18 11 13 1 16 15 17 9 4 20 5 14 12 8 3 10 7 6 19 
student 602: 13 7 6 4 19 14 9 15 20 17 11 2 3 1 10 18 5 8 12 16 
student 603: 3 9 13 5 14 12 11 18 10 20 15 6 16 1 17 2 8 7 4 19 
student 604: 1 11 5 4 20 19 18 10 13 16 15 3 14 2 17 8 7 9 6 12 
student 605: 2 20 6 9 3 18 15 19 14 8 7 11 16 5 13 1 4 12 10 17 
student 606: 3 15 4 12 14 5 9 13 18 11 7 6 16 10 19 8 17 2 1 20 
student 607: 6 8 12 7 16 19 9 20 4 17 14 10 15 1 18 11 3 5 2 13 
student 608: 11 6 10 15 4 20 7 8 3 16 12 2 19 14 18 17 1 5 9 13 
student 609: 8 11 9 2 19 17 4 7 15 13 5 3 16 6 20 1 12 10 14 18 
student 610: 1 3 17 12 20 16 15 8 11 13 10 7 9 2 19 6 18 14 5 4 
student 611: 3 10 1 12 15 17 13 9 18 4 2 11 7 14 6 5 8 16 19 20 
student 612: 1 10 15 16 2 20 3 4 13 8 12 7 18 17 5 6 9 11 14 19 
student 613: 9 10 8 7 6 20 5 2 1 18 13 12 4 16 19 11 14 3 17 15 
student 614: 9 5 10 13 20 11 12 6 15 14 3 1 19 17 16 7 2 18 4 8 
student 615: 5 20 4 13 19 11 18 1 15 12 16 3 14 7 17 6 8 2 9 10 
student 616: 12 6 1 10 8 14 3 17 11 2 20 13 7 15 19 5 4 16 9 18 
student 617: 6 18 10 20 3 13 17 16 7 5 4 12 19 9 15 11 8 2 1 14 
student 618: 1 20 4 9 6 13 10 19 14 15 18 17 16 7 11 2 8 3 5 12 
student 619: 12 15 4 17 7 6 11 3 18 19 10 9 16 8 5 13 14 1 2 20 
student 620: 18 11 20 17 16 13 3 1 5 14 7 6 19 4 12 15 9 2 10 8 
student 621: 2 13 5 10 16 12 9 4 1 11 20 18 15 8 14 3 6 17 7 19 
student 622: 16 10 12 4 15 13 5 14 18 2 6 3 8 7 17 1 11 9 20 19 
student 623: 16 7 8 10 19 18 9 4 6 15 12 13 14 17 5 2 11 1 3 20 
student 624: 5 15 16 2 3 18 12 17 13 10 19 7 14 8 9 6 1 4 11 20 
student 625: 20 14 10 6 8 18 13 19 5 9 15 1 16 4 11 7 2 3 17 12 
student 626: 11 19 5 18 17 20 13 7 10 1 12 3 15 9 16 6 2 14 8 4 
student 627: 16 17 14 13 15 9 20 2 19 7 4 3 12 11 18 6 5 1 10 8 
student 628: 10 1 7 19 15 18 9 3 14 13 20 11 5 4 12 17 16 6 2 8 
student 629: 4 19 1 9 3 7 11 2 10 20 6 12 18 8 16 15 13 5 14 17 
student 630: 7 11 17 10 20 16 6 14 18 5 2 8 9 1 13 12 4 19 3 15 
student 631: 11 10 4 19 16 15 5 17 14 12 1 13 9 7 20 6 18 8 2 3 
student 632: 2 20 15 3 18 13 16 14 12 8 10 9 11 6 17 5 4 7 1 19 
student 633: 12 8 1 7 14 15 20 10 4 6 16 9 5 11 2 18 13 3 19 17 
student 634: 2 12 20 11 14 8 13 17 3 6 19 16 15 5 10 7 4 9 1 18 
student 635: 3 10 6 7 19 15 12 18 5 13 11 2 20 9 16 1 4 14 8 17 
student 636: 7 2 9 18 16 12 1 14 13 19 10 8 15 4 3 5 6 17 11 20 
student 637: 1 17 10 5 3 7 8 11 19 15 12 4 9 6 2 20 18 16 13 14 
student 638: 3 4 18 16 11 2 10 20 8 13 15 6 17 5 1 7 9 14 19 12 
student 639: 2 5 11 6 9 10 16 13 7 14 19 15 18 4 20 3 12 17 1 8 
student 640: 1 11 14 12 6 10 5 7 20 18 15 9 19 4 17 2 8 13 3 16 
student 641: 6 10 16 8 19 14 13 17 12 7 3 9 11 5 18 4 1 15 2 20 
student 642: 16 19 10 9 13 1 12 3 15 11 6 5 20 2 8 4 7 18 17 14 
student 643: 8 17 3 15 20 14 2 11 12 4 9 6 18 7 10 1 16 19 5 13 
student 644: 4 12 19 9 20 17 11 8 16 3 15 1 18 6 14 5 2 10 7 13 
student 645: 6 7 3 8 20 18 16 14 12 11 5 10 15 4 17 2 1 9 13 19 
student 646: 2 16 13 9 12 18 15 1 17 7 5 4 10 3 20 6 14 11 8 19 
student 647: 9 13 3 18 17 15 11 1 14 12 6 7 20 4 16 5 8 2 10 19 
student 648: 2 14 19 13 20 16 3 10 8 11 4 6 18 1 5 7 12 9 17 15 
student 649: 6 2 8 10 18 17 14 1 3 16 9 13 20 12 7 19 11 5 4 15 
student 650: 18 13 5 3 19 1 15 2 16 14 20 8 10 6 12 7 17 4 11 9 
student 651: 6 10 17 19 4 14 15 18 11 3 9 16 20 7 13 5 1 12 2 8 
student 652: 5 12 1 14 9 18 8 19 11 20 7 4 13 17 15 3 2 6 10 16 
student 653: 13 11 2 12 8 19 17 6 10 4 18 9 15 16 3 7 20 5 1 14 
student 654: 9 10 8 16 19 15 1 14 17 20 12 7 13 5 4 2 6 11 3 18 
student 655: 1 19 4 6 9 3 15 5 17 18 10 7 20 11 16 14 12 2 8 13 
student 656: 8 19 14 1 15 10 17 11 16 3 7 4 18 6 20 5 2 13 12 9 
student 657: 3 2 4 6 17 20 15 8 18 9 7 10 13 11 16 5 1 12 14 19 
student 658: 5 19 8 13 10 20 16 9 18 17 2 3 6 1 15 4 7 11 12 14 
student 659: 17 8 9 12 18 10 1 5 2 6 15 14 16 7 11 4 3 19 20 13 
student 660: 1 9 3 8 10 19 14 15 11 7 17 12 6 4 16 5 18 2 13 20 
student 661: 2 19 18 10 20 9 4 13 12 17 15 3 14 5 11 1 8 6 7 16 
student 662: 8 9 18 17 14 1 15 4 20 13 16 11 12 2 19 5 7 3 10 6 
student 663: 12 9 4 16 15 20 17 7 14 8 19 13 11 3 18 6 1 10 5 2 
student 664: 10 12 5 9 4 20 17 2 18 19 11 8 1 6 13 7 3 15 14 16 
student 665: 5 9 7 6 15 11 20 3 17 8 16 2 19 4 10 13 1 18 14 12 
student 666: 10 17 3 14 11 20 13 5 16 18 2 9 4 15 12 8 19 6 1 7 
student 667: 13 15 2 3 17 9 11 1 6 20 18 19 16 8 12 4 5 7 10 14 
student 668: 9 3 1 6 14 16 19 15 10 18 17 8 11 5 20 12 2 7 4 13 
student 669: 3 16 8 5 18 13 9 4 14 19 6 17 12 1 11 15 7 10 2 20 
student 670: 9 5 11 19 1 8 13 7 17 10 16 4 20 15 3 6 2 12 14 18 
student 671: 5 6 11 17 8 18 7 15 9 10 14 12 4 3 19 2 16 20 1 13 
student 672: 12 5 19 9 20 14 18 4 16 17 7 6 15 3 13 2 8 10 1 11 
student 673: 2 14 20 1 11 15 8 12 6 10 5 4 13 9 18 3 16 7 19 17 
student 674: 2 5 13 14 4 7 11 3 6 10 20 18 12 19 9 8 1 17 16 15 
student 675: 7 4 14 11 9 10 13 5 16 19 18 15 20 6 3 12 8 1 2 17 
student 676: 2 19 1 20 4 7 9 16 5 14 15 10 13 3 11 12 6 17 8 18 
student 677: 19 10 11 1 9 16 13 15 17 7 2 6 5 3 18 14 12 4 8 20 
student 678: 1 18 20 2 17 13 19 8 15 12 16 6 10 5 9 3 11 7 4 14 
student 679: 7 8 4 11 12 20 1 13 18 6 15 16 17 5 9 2 3 10 14 19 
student 680: 6 7 11 16 9 17 20 10 3 4 5 12 19 2 14 13 8 18 1 15 
student 681: 11 19 5 16 17 3 12 13 14 20 8 6 4 9 18 10 1 7 2 15 
student 682: 3 20 2 15 5 11 4 13 17 7 8 19 9 10 18 1 16 6 12 14 
student 683: 7 3 2 8 9 13 15 5 19 14 20 18 16 10 12 1 6 11 4 17 
student 684: 5 6 10 1 19 16 12 13 18 17 14 4 3 20 8 11 9 2 15 7 
student 685: 4 9 5 18 19 20 8 2 6 16 11 14 17 3 12 10 7 1 13 15 
student 686: 2 19 7 5 6 18 13 12 11 4 14 1 20 16 17 3 10 9 8 15 
student 687: 20 18 12 2 6 10 15 5 9 4 8 17 13 19 14 3 11 7 1 16 
student 688: 17 11 14 5 8 18 4 13 15 12 20 10 19 6 3 7 1 16 9 2 
student 689: 9 7 11 8 16 14 4 17 20 12 2 10 15 13 18 6 3 5 1 19 
student 690: 7 10 2 16 18 3 4 19 13 14 6 20 11 8 5 17 1 9 12 15 
student 691: 8 6 10 5 7 9 19 15 16 14 18 11 17 1 20 3 4 13 2 12 
student 692: 4 16 7 14 20 6 2 1 17 11 13 5 18 10 8 12 19 15 3 9 
student 693: 6 17 3 8 16 7 12 2 9 20 18 1 10 13 14 19 5 4 11 15 
student 694: 5 19 10 11 15 17 18 14 4 12 3 2 20 8 13 9 6 7 1 16 
student 695: 2 13 18 8 17 6 12 9 14 10 4 20 15 16 19 1 7 3 11 5 
student 696: 5 6 15 10 2 12 9 7 4 20 19 11 17 8 16 1 13 18 3 14 
student 697: 1 20 17 15 14 11 16 10 9 19 5 2 7 13 4 6 12 3 8 18 
student 698: 7 13 6 4 9 18 12 11 20 17 14 8 15 2 1 10 3 5 19 16 
student 699: 7 18 10 9 13 15 11 2 5 14 17 3 20 16 12 8 6 1 4 19 
student 700: 6 14 18 11 15 19 7 8 3 10 2 9 17 12 4 5 1 20 13 16 
student 701: 4 6 5 7 19 17 8 15 20 12 18 11 2 3 13 10 16 14 1 9 
student 702: 9 8 5 11 20 17 16 3 6 12 13 2 15 10 14 1 4 7 19 18 
student 703: 5 12 17 13 19 10 4 15 1 9 3 20 16 8 7 6 14 11 2 18 
student 704: 3 16 7 2 8 9 14 15 4 19 17 18 10 5 6 1 11 13 12 20 
student 705: 2 3 9 10 18 6 12 1 15 7 19 5 17 20 16 14 11 4 8 13 
student 706: 8 2 4 16 17 9 15 11 1 3 20 12 14 19 7 6 10 5 13 18 
student 707: 1 13 3 14 5 17 15 11 16 18 4 9 12 20 19 2 6 7 10 8 
student 708: 2 15 11 14 16 18 4 19 13 5 8 9 12 10 6 1 3 7 17 20 
student 709: 5 8 10 6 13 12 16 15 14 9 19 11 20 7 4 3 18 1 2 17 
student 710: 18 8 7 2 9 20 17 19 15 13 1 5 10 6 11 4 12 14 16 3 
student 711: 10 18 15 8 12 3 13 20 14 5 19 6 11 17 7 2 4 1 9 16 
student 712: 5 20 4 15 8 16 13 6 9 12 17 7 14 2 18 3 11 19 1 10 
student 713: 14 18 5 3 19 13 15 7 20 6 9 11 12 17 16 8 2 4 1 10 
student 714: 4 9 13 10 20 6 16 17 14 12 11 19 3 8 15 2 1 7 18 5 
student 715: 7 8 10 19 1 20 14 3 17 18 13 2 16 5 9 12 4 15 6 11 
student 716: 6 16 1 12 20 2 13 7 19 18 15 14 11 3 9 8 10 4 5 17 
student 717: 10 14 17 3 2 8 18 9 15 20 5 1 7 13 16 4 12 6 11 19 
student 718: 15 17 18 8 4 20 9 10 2 11 13 19 14 1 16 6 3 12 5 7 
student 719: 9 15 17 19 18 20 8 7 14 11 12 2 16 10 1 5 6 4 3 13 
student 720: 2 18 12 5 9 17 10 6 4 8 15 13 19 11 14 1 7 3 20 16 
student 721: 16 20 2 4 11 8 18 3 13 19 17 14 9 1 6 7 15 5 10 12 
student 722: 19 15 8 10 6 5 13 11 7 2 18 9 20 3 17 1 12 14 4 16 
student 723: 5 16 10 17 19 14 13 11 8 12 20 18 2 3 15 4 6 7 1 9 
student 724: 6 20 19 16 5 9 1 14 12 3 4 17 13 7 15 11 2 10 8 18 
student 725: 5 2 12 11 19 1 16 4 15 7 17 14 13 6 18 3 9 10 20 8 
student 726: 5 2 19 18 1 10 15 7 11 8 17 20 12 6 14 9 16 4 3 13 
student 727: 2 16 11 7 20 14 12 6 19 10 15 9 17 1 3 18 4 5 13 8 
student 728: 19 13 12 9 8 17 18 2 15 7 11 14 20 1 10 3 6 16 4 5 
student 729: 1 9 17 18 7 12 6 16 11 19 5 15 13 4 20 10 8 3 2 14 
student 730: 6 19 7 16 11 5 2 4 17 15 9 13 14 8 3 10 18 12 1 20 
student 731: 20 2 15 7 18 17 14 19 12 3 10 8 1 4 16 11 5 6 13 9 
student 732: 16 17 7 10 3 14 12 1 4 2 18 15 9 11 13 6 8 19 5 20 
student 733: 10 4 13 16 15 17 8 9 6 11 18 2 20 14 1 19 7 12 3 5 
student 734: 6 4 8 3 14 13 10 17 20 16 5 12 15 9 19 7 18 11 2 1 
student 735: 2 13 5 8 6 19 18 7 15 16 14 12 17 10 20 11 3 1 4 9 
student 736: 2 6 1 18 13 19 11 9 17 12 4 16 5 8 10 20 3 7 14 15 
student 737: 6 19 12 8 14 18 15 11 17 10 3 9 7 4 20 1 16 5 2 13 
student 738: 8 6 4 17 1 13 16 14 18 11 12 15 20 2 9 10 3 5 7 19 
student 739: 10 4 16 8 7 19 5 2 13 3 1 20 17 12 9 14 11 6 18 15 
student 740: 12 5 2 8 7 14 13 4 19 9 18 11 10 20 16 1 17 6 3 15 
student 741: 4 2 17 19 11 20 6 12 14 16 7 15 9 8 18 1 3 5 10 13 
student 742: 7 2 17 10 11 15 3 1 5 8 16 19 18 6 12 9 4 14 13 20 
student 743: 14 17 2 1 16 10 8 20 11 9 13 5 18 6 19 15 4 12 3 7 
student 744: 19 1 11 16 9 17 5 14 13 3 4 12 18 8 15 2 7 6 10 20 
student 745: 12 17 7 9 20 11 3 6 19 8 14 4 16 10 15 5 2 13 1 18 
student 746: 4 17 1 16 13 12 10 9 7 18 19 2 15 5 14 8 6 3 20 11 
student 747: 1 16 12 18 13 5 2 8 14 10 15 7 11 6 19 9 3 17 4 20 
student 748: 8 16 13 6 14 17 18 4 15 7 5 19 20 12 2 11 9 1 3 10 
student 749: 15 7 4 11 9 17 13 14 16 2 20 1 18 12 10 3 6 5 8 19 
student 750: 14 11 6 18 3 20 15 10 4 16 5 7 12 2 9 13 17 8 1 19 
student 751: 5 12 15 16 2 18 10 4 6 11 14 19 20 13 1 9 3 17 7 8 
student 752: 12 3 8 20 7 18 13 4 17 2 15 1 19 10 14 5 6 11 9 16 
student 753: 2 14 10 17 11 4 7 9 6 20 13 15 18 8 5 1 3 12 19 16 
student 754: 6 18 3 10 19 7 5 9 14 2 20 12 17 13 15 4 11 1 8 16 
student 755: 14 19 12 3 20 18 5 4 11 2 17 6 1 16 13 8 7 10 15 9 
student 756: 8 13 14 5 6 9 19 7 10 3 18 12 20 1 15 16 4 11 2 17 
student 757: 1 5 2 12 19 15 18 3 7 17 16 6 9 13 20 11 4 14 10 8 
student 758: 20 6 12 18 13 10 9 15 17 7 2 11 14 5 19 8 4 3 1 16 
student 759: 4 7 6 14 19 12 3 17 8 13 1 20 18 2 15 11 5 9 10 16 
student 760: 8 17 2 19 3 5 14 11 20 16 9 12 18 4 13 7 10 1 6 15 
student 761: 2 20 9 12 16 19 13 5 10 7 17 4 18 6 14 8 15 11 3 1 
student 762: 17 13 2 10 5 14 6 3 19 16 18 15 1 4 9 11 7 20 12 8 
student 763: 7 16 13 8 10 20 12 1 15 18 11 9 19 4 17 14 2 3 5 6 
student 764: 9 11 1 14 18 15 20 17 6 13 8 4 12 7 19 2 3 10 5 16 
student 765: 9 18 7 10 17 8 15 12 5 16 20 14 19 6 13 4 2 11 3 1 
student 766: 18 20 1 14 15 19 11 10 3 16 12 2 17 4 9 6 7 8 13 5 
student 767: 17 15 14 18 11 10 6 9 16 7 19 1 8 5 12 20 3 4 2 13 
student 768: 4 11 16 3 20 18 5 9 14 17 7 6 2 10 19 1 8 15 12 13 
student 769: 7 9 8 3 20 17 16 13 18 5 19 1 2 6 10 12 11 15 4 14 
student 770: 5 13 10 18 9 1 15 6 8 19 3 4 17 12 20 11 7 14 2 16 
student 771: 14 2 9 1 12 6 10 8 15 11 5 18 13 19 3 7 17 16 4 20 
student 772: 1 12 2 11 14 4 15 5 16 19 20 6 17 3 7 10 13 9 8 18 
student 773: 7 6 14 2 19 10 8 3 17 13 20 16 15 11 1 5 4 9 12 18 
student 774: 4 15 6 13 11 19 1 16 17 7 8 20 14 18 10 2 9 3 5 12 
student 775: 17 15 13 19 20 18 6 1 7 11 16 8 10 9 2 3 14 4 5 12 
student 776: 3 8 2 9 6 13 11 10 7 1 12 16 14 15 17 5 19 18 4 20 
student 777: 8 17 13 16 11 9 14 1 7 19 12 6 18 3 20 2 5 15 10 4 
student 778: 1 8 14 9 19 17 13 6 7 16 20 11 12 2 4 15 10 18 3 5 
student 779: 17 2 3 19 20 10 4 8 15 14 11 16 12 13 9 1 5 7 6 18 
student 780: 9 10 5 12 11 3 20 4 15 19 13 1 16 18 6 8 2 17 7 14 
student 781: 5 19 13 4 18 10 9 1 11 12 16 8 20 3 15 6 2 17 14 7 
student 782: 2 11 1 9 18 13 19 6 12 16 8 3 15 14 20 7 10 5 4 17 
student 783: 4 17 2 7 16 10 20 12 5 18 6 9 11 13 19 1 8 3 14 15 
student 784: 17 14 12 5 13 18 8 2 20 6 11 15 19 16 9 4 3 10 1 7 
student 785: 8 14 20 6 15 18 10 16 7 11 3 1 19 9 5 2 13 4 12 17 
student 786: 2 8 17 10 20 19 12 13 3 9 1 11 14 16 15 7 4 5 6 18 
student 787: 2 19 6 1 13 17 18 3 20 4 12 7 14 9 11 8 5 10 15 16 
student 788: 17 12 7 4 20 5 9 10 11 19 16 14 18 6 3 15 13 2 8 1 
student 789: 10 11 13 1 17 19 3 6 16 5 9 8 14 2 15 20 12 4 7 18 
student 790: 9 17 19 18 15 8 1 5 20 12 11 7 13 4 16 6 3 14 2 10 
student 791: 5 13 15 4 16 12 11 8 14 20 1 6 18 3 10 9 2 7 17 19 
student 792: 12 11 4 5 17 6 16 18 7 20 2 3 10 13 19 8 1 15 9 14 
student 793: 3 14 1 15 20 17 11 8 5 9 12 16 6 4 13 19 2 10 7 18 
student 794: 2 19 1 20 15 13 16 10 17 12 9 11 14 7 18 8 6 3 4 5 
student 795: 7 12 14 13 19 5 8 15 20 10 9 17 16 3 4 6 2 11 1 18 
student 796: 15 16 14 7 19 3 8 6 5 17 9 2 10 12 13 1 11 18 4 20 
student 797: 1 10 16 11 20 13 5 15 14 12 6 7 9 3 17 2 8 4 18 19 
student 798: 6 9 10 3 14 20 17 18 11 15 16 13 19 8 7 1 12 2 5 4 
student 799: 11 8 19 2 15 16 9 6 18 13 7 4 12 1 10 3 5 14 20 17 
