student 0: 1 10 11 20 4 6 17 18 19 12 8 16 14 3 5 7 2 9 15 13 
student 1: 2 9 8 18 13 3 14 20 7 15 12 17 6 16 11 5 4 1 10 19 
student 2: 7 3 15 10 1 20 18 8 16 13 2 19 4 9 11 5 14 17 12 6 
student 3: 17 5 7 3 16 11 12 13 18 8 2 19 1 4 15 20 6 10 14 9 
student 4: 11 2 20 8 13 14 16 15 4 18 5 3 6 9 12 7 1 10 17 19 
student 5: 3 18 19 11 8 14 20 10 12 15 5 2 9 7 1 4 17 6 16 13 
student 6: 6 19 10 15 14 4 3 17 9 16 13 8 2 1 11 5 12 7 20 18 
student 7: 12 9 13 14 5 4 17 20 19 2 16 18 15 1 11 8 10 6 3 7 
student 8: 10 7 8 13 14 16 19 11 9 15 5 18 2 4 20 6 17 3 12 1 
student 9: 1 5 15 17 7 4 9 2 10 11 8 20 12 14 19 6 18 13 3 16 
student 10: 12 9 18 19 10 3 15 16 13 2 6 20 1 11 14 8 5 7 4 17 
student 11: 5 3 7 20 18 4 16 10 17 14 2 8 19 13 1 12 11 9 6 15 
student 12: 4 1 18 11 14 15 9 2 17 6 13 19 5 12 10 7 8 3 16 20 
student 13: 3 14 6 9 2 11 4 18 12 19 7 16 1 5 20 17 13 8 15 10 
student 14: 19 6 9 10 5 3 20 15 12 8 4 14 13 7 16 1 11 17 2 18 
student 15: 2 6 10 14 18 3 11 17 20 19 5 16 4 7 9 1 12 8 13 15 
student 16: 16 5 14 2 4 11 6 9 18 8 15 20 13 1 17 7 19 12 3 10 
student 17: 9 18 14 6 3 8 17 13 11 4 2 15 1 7 5 10 12 16 19 20 
student 18: 8 2 14 9 10 19 16 7 13 15 1 20 4 6 12 3 17 18 11 5 
student 19: 4 8 10 14 1 16 13 17 5 6 2 18 7 3 15 20 9 11 19 12 
student 20: 11 14 13 2 4 16 9 3 17 1 7 10 6 19 8 12 15 5 20 18 
student 21: 11 10 18 5 8 7 9 6 17 13 4 19 2 16 1 12 14 3 15 20 
student 22: 4 10 2 17 1 6 13 14 11 18 3 19 12 16 5 9 8 7 20 15 
student 23: 16 1 5 3 18 10 11 17 20 7 9 13 4 2 14 15 12 6 8 19 
student 24: 11 16 1 14 5 9 15 17 20 3 7 18 8 2 12 6 4 10 19 13 
student 25: 14 7 1 11 19 13 15 12 17 9 3 20 5 8 18 4 2 16 10 6 
student 26: 12 5 18 16 2 14 19 17 20 6 1 15 4 7 13 11 3 9 8 10 
student 27: 12 7 18 10 4 6 13 19 5 9 16 1 2 15 14 3 11 8 17 20 
student 28: 2 10 12 4 6 17 20 11 1 8 3 18 7 15 14 19 16 13 5 9 
student 29: 3 7 1 12 8 9 4 14 16 11 17 19 2 20 10 6 13 5 15 18 
student 30: 12 6 11 18 17 9 13 16 20 5 1 14 10 4 8 7 19 2 3 15 
student 31: 10 8 17 18 11 1 15 16 12 4 6 20 19 3 5 14 13 7 2 9 
student 32: 4 14 17 18 2 16 1 15 20 9 7 19 12 5 3 8 11 10 13 6 
student 33: 8 3 4 17 18 20 10 14 9 2 5 16 13 1 19 11 7 6 12 15 
student 34: 1 11 20 8 16 6 12 19 15 5 4 10 2 3 13 14 18 7 17 9 
student 35: 1 6 10 16 4 3 15 17 7 5 8 13 2 20 9 11 18 14 19 12 
student 36: 5 18 8 15 13 9 14 16 11 2 3 10 6 4 1 12 17 7 20 19 
student 37: 13 17 5 9 7 4 19 16 3 8 2 10 15 1 18 11 14 20 6 12 
student 38: 5 11 15 16 9 1 3 17 14 6 7 20 19 8 12 18 13 2 10 4 
student 39: 2 3 16 7 1 8 13 20 18 14 9 11 4 5 6 15 19 17 12 10 
student 40: 4 2 11 12 5 8 17 19 15 7 1 10 6 3 18 13 16 9 20 14 
student 41: 18 1 7 5 16 19 17 12 4 9 2 11 3 8 20 13 14 6 10 15 
student 42: 14 1 4 8 3 12 7 16 9 17 10 20 5 18 13 11 6 2 15 19 
student 43: 3 20 17 5 1 15 6 18 10 19 7 9 12 14 8 11 4 2 16 13 
student 44: 8 4 5 16 13 3 19 10 20 12 7 11 18 1 6 14 2 9 15 17 
student 45: 7 5 2 14 3 1 17 18 4 6 11 8 19 10 20 15 16 13 12 9 
student 46: 6 2 18 20 9 4 11 15 5 13 17 16 1 19 10 7 3 14 12 8 
student 47: 6 1 11 18 2 14 12 20 5 16 9 19 4 13 15 8 10 7 3 17 
student 48: 1 16 12 7 3 6 11 18 10 13 19 9 14 4 5 8 20 2 15 17 
student 49: 1 16 8 10 9 18 14 12 17 19 13 11 15 2 4 20 5 7 3 6 
student 50: 8 16 9 4 3 7 18 14 19 5 13 15 1 11 17 10 6 2 12 20 
student 51: 15 3 4 19 10 6 5 11 18 12 7 20 14 16 9 1 8 17 2 13 
student 52: 4 3 11 8 6 15 10 14 12 13 2 20 9 17 5 19 1 7 16 18 
student 53: 3 8 13 5 1 9 17 19 6 15 18 2 4 20 14 11 7 10 16 12 
student 54: 8 13 18 2 1 11 12 17 7 10 9 15 5 4 14 16 19 3 6 20 
student 55: 3 14 18 16 7 5 6 1 19 17 2 13 4 12 10 15 20 9 11 8 
student 56: 12 17 15 1 2 16 5 7 10 14 3 18 8 4 13 11 20 9 6 19 
student 57: 7 10 3 8 14 1 17 13 12 15 11 19 4 5 6 9 18 16 2 20 
student 58: 1 15 5 20 7 17 8 2 3 16 13 19 6 4 18 9 11 12 14 10 
student 59: 5 7 17 16 14 6 12 11 20 10 2 9 4 3 18 15 19 8 13 1 
student 60: 14 2 10 8 1 20 5 15 11 18 12 17 3 4 9 13 16 7 19 6 
student 61: 6 8 15 7 10 17 19 16 14 18 13 11 12 3 4 5 1 9 20 2 
student 62: 10 3 13 1 9 4 19 14 5 16 7 18 6 2 11 15 8 12 17 20 
student 63: 12 9 4 8 6 2 15 11 16 1 7 20 5 13 18 14 3 10 17 19 
student 64: 20 7 10 14 4 16 6 17 18 1 8 12 2 19 11 9 15 3 13 5 
student 65: 20 8 15 13 9 17 5 1 19 4 10 6 16 11 12 3 14 2 18 7 
student 66: 14 17 1 16 4 3 2 18 19 8 9 15 13 10 11 5 6 7 20 12 
student 67: 3 4 18 13 8 7 20 15 16 17 5 1 11 10 6 2 12 9 19 14 
student 68: 12 3 6 20 4 14 8 19 13 5 2 16 1 9 15 7 18 10 11 17 
student 69: 19 9 16 17 7 2 8 20 11 3 4 18 13 12 1 5 6 10 15 14 
student 70: 14 3 2 20 11 9 10 12 4 1 5 19 6 7 8 15 16 18 17 13 
student 71: 17 16 12 19 1 18 6 15 13 14 3 10 4 2 7 9 11 8 20 5 
student 72: 2 5 1 13 20 9 19 12 14 10 18 17 8 11 6 3 15 16 7 4 
student 73: 10 14 16 7 11 13 6 9 15 20 17 19 1 3 12 8 4 5 2 18 
student 74: 5 20 7 9 14 6 2 12 18 13 3 15 8 10 11 4 19 1 16 17 
student 75: 15 9 1 5 4 17 19 12 13 16 7 18 14 10 8 6 3 2 20 11 
student 76: 8 13 15 11 12 19 18 7 17 1 3 20 4 14 2 9 5 6 10 16 
student 77: 3 15 12 19 10 1 4 11 20 7 6 5 13 14 16 18 9 2 8 17 
student 78: 10 1 3 7 14 11 18 13 19 17 12 20 16 9 8 5 6 2 4 15 
student 79: 5 4 15 13 20 14 19 11 18 1 16 6 12 3 9 2 10 8 7 17 
student 80: 2 18 10 16 6 12 11 19 1 17 5 20 9 8 15 13 7 3 14 4 
student 81: 6 10 9 12 2 7 8 14 15 16 3 18 11 4 1 17 19 5 13 20 
student 82: 4 2 1 11 20 9 7 19 8 16 3 18 6 14 17 10 12 5 13 15 
student 83: 5 15 2 20 11 8 9 17 19 10 3 18 7 6 1 12 16 14 4 13 
student 84: 3 6 18 20 4 12 9 1 5 13 2 17 15 7 8 16 10 11 19 14 
student 85: 5 17 14 20 11 9 4 10 19 6 13 12 2 1 7 15 18 16 8 3 
student 86: 2 12 16 6 8 10 4 19 20 5 1 11 3 7 14 9 17 13 18 15 
student 87: 10 13 8 6 12 2 1 14 20 7 19 17 3 16 15 18 5 4 11 9 
student 88: 20 5 16 8 6 4 2 13 19 17 9 11 7 3 12 18 10 1 14 15 
student 89: 3 17 5 19 2 1 14 13 12 10 16 20 7 9 8 11 6 4 18 15 
student 90: 4 19 3 7 6 17 5 20 8 1 11 16 14 18 9 15 10 2 12 13 
student 91: 8 14 11 16 5 13 6 1 9 2 4 12 3 18 10 20 17 7 15 19 
student 92: 18 19 7 5 1 3 6 20 9 8 14 17 13 2 4 10 16 11 15 12 
student 93: 2 15 10 9 5 3 19 7 18 13 16 20 11 1 12 6 14 4 17 8 
student 94: 5 13 8 10 6 12 14 9 16 3 19 11 1 4 17 2 18 15 20 7 
student 95: 6 17 1 11 4 13 7 14 12 10 20 2 19 18 9 15 3 8 5 16 
student 96: 13 9 1 10 16 12 8 4 17 6 2 19 15 5 7 20 3 14 18 11 
student 97: 8 3 5 17 6 16 19 20 11 14 2 18 4 9 7 12 1 13 10 15 
student 98: 11 2 10 13 6 14 4 20 15 16 3 7 8 19 5 1 18 17 9 12 
student 99: 7 15 9 12 3 18 14 19 4 20 6 11 2 10 16 1 13 8 5 17 
student 100: 20 12 2 4 6 18 13 3 14 5 16 7 1 19 17 9 8 10 11 15 
student 101: 3 7 17 6 16 18 11 19 1 12 13 14 2 10 4 5 9 15 20 8 
student 102: 10 6 13 5 3 1 14 20 15 8 7 9 4 11 2 17 18 12 19 16 
student 103: 10 16 4 18 8 6 14 12 5 15 7 11 3 13 20 1 19 9 17 2 
student 104: 3 5 15 18 13 4 7 17 20 10 1 6 11 9 14 16 19 12 2 8 
student 105: 17 4 7 12 13 16 14 8 18 1 6 5 15 2 10 19 20 9 11 3 
student 106: 2 13 11 3 12 8 6 18 1 17 5 4 7 16 9 19 20 10 14 15 
student 107: 1 8 6 19 11 3 2 20 13 17 10 15 7 4 14 16 9 12 18 5 
student 108: 4 1 9 14 20 11 16 15 3 17 13 19 6 7 10 12 5 2 8 18 
student 109: 3 15 16 20 5 9 7 11 8 12 2 17 1 6 19 10 18 4 14 13 
student 110: 1 15 8 10 5 16 7 20 17 2 4 11 3 14 9 6 19 12 18 13 
student 111: 1 10 8 6 9 14 17 20 16 15 4 5 7 3 11 12 19 2 18 13 
student 112: 16 5 15 8 3 17 19 2 18 9 4 20 11 1 14 10 12 6 7 13 
student 113: 13 7 17 20 18 11 5 14 16 12 4 19 2 1 10 3 6 8 15 9 
student 114: 7 11 3 5 2 13 4 9 14 18 1 8 6 15 12 10 20 16 19 17 
student 115: 1 17 20 9 3 7 8 13 12 6 2 11 5 4 14 15 16 19 18 10 
student 116: 17 4 5 14 8 18 20 15 19 7 12 11 13 9 3 1 10 2 6 16 
student 117: 5 4 2 11 17 6 20 15 12 16 10 18 13 3 8 9 1 14 7 19 
student 118: 9 13 7 19 12 2 20 18 5 3 8 15 1 17 6 4 16 11 10 14 
student 119: 13 11 17 14 4 8 10 6 19 1 9 16 5 3 2 7 15 12 18 20 
student 120: 12 3 9 17 13 20 2 16 4 6 8 7 15 5 19 10 18 1 11 14 
student 121: 16 14 17 8 15 1 9 5 7 3 18 10 4 11 6 19 13 2 12 20 
student 122: 10 2 6 11 3 4 8 18 17 9 20 19 1 5 13 14 15 7 12 16 
student 123: 12 3 7 20 1 8 18 11 19 6 2 17 9 4 16 13 5 14 10 15 
student 124: 11 7 20 4 1 9 2 18 15 10 5 12 8 3 13 6 19 16 17 14 
student 125: 1 15 3 10 7 9 14 8 13 2 19 16 4 18 20 12 5 6 17 11 
student 126: 6 11 20 10 1 9 19 14 8 18 7 15 2 3 5 4 17 13 12 16 
student 127: 3 12 18 6 4 13 11 20 19 5 9 15 14 8 10 1 2 16 17 7 
student 128: 5 20 9 4 19 3 18 13 14 6 15 8 2 12 16 10 7 1 17 11 
student 129: 6 17 19 10 3 1 9 8 14 13 2 11 15 18 5 4 20 16 12 7 
student 130: 10 1 14 13 9 2 5 16 20 3 12 19 8 11 18 7 17 6 15 4 
student 131: 2 7 9 11 14 6 20 4 12 19 5 10 3 13 8 18 16 17 1 15 
student 132: 1 11 5 19 7 10 12 18 8 14 4 17 20 2 16 6 3 9 15 13 
student 133: 5 8 15 18 19 10 17 13 14 7 3 20 9 4 11 6 16 2 1 12 
student 134: 4 15 19 2 1 6 16 14 9 13 20 5 10 7 3 11 8 17 18 12 
student 135: 1 7 19 17 13 18 4 11 10 8 3 5 16 14 2 15 9 12 20 6 
student 136: 20 17 2 7 19 9 15 18 6 1 4 16 5 10 3 11 12 13 14 8 
student 137: 15 6 8 11 10 7 16 5 9 17 1 20 4 12 14 3 19 2 13 18 
student 138: 1 8 20 2 6 18 11 13 9 14 3 16 4 5 19 10 12 17 15 7 
student 139: 20 11 12 15 4 9 17 13 5 7 18 16 1 6 14 3 10 8 19 2 
student 140: 3 1 13 14 5 2 8 9 4 20 15 12 11 18 6 10 16 17 19 7 
student 141: 1 12 14 13 17 4 8 11 7 18 6 20 10 5 15 2 16 9 19 3 
student 142: 10 4 2 5 15 6 9 14 18 20 1 13 11 7 3 8 12 16 17 19 
student 143: 3 2 18 5 12 4 17 20 9 8 10 19 6 13 7 16 11 1 14 15 
student 144: 4 6 8 15 3 16 18 20 17 2 1 5 11 10 19 13 12 14 7 9 
student 145: 18 8 15 11 4 12 20 17 6 16 3 10 1 19 14 13 9 2 7 5 
student 146: 19 14 15 1 5 4 16 11 9 10 7 13 3 12 20 6 18 8 17 2 
student 147: 11 4 1 13 14 12 20 10 16 19 9 8 3 17 15 7 2 6 18 5 
student 148: 4 11 2 5 9 10 14 13 18 8 15 7 6 12 3 1 16 17 20 19 
student 149: 18 2 9 4 19 17 12 10 20 1 8 15 3 13 16 5 7 11 6 14 
student 150: 20 6 1 10 7 14 5 15 12 19 9 17 4 16 3 13 18 2 11 8 
student 151: 3 20 11 15 6 9 16 19 18 13 14 7 1 8 4 10 17 2 5 12 
student 152: 7 11 5 19 3 15 12 16 20 8 2 13 9 4 6 14 17 1 10 18 
student 153: 8 15 5 2 7 1 17 4 11 19 3 12 9 16 18 13 20 10 6 14 
student 154: 14 12 10 17 11 7 20 8 16 15 4 6 19 3 5 13 18 2 9 1 
student 155: 16 14 8 5 19 9 15 12 10 1 6 3 13 7 17 11 18 4 20 2 
student 156: 17 12 2 7 8 4 14 3 18 5 16 6 13 10 9 15 1 11 20 19 
student 157: 2 15 16 12 10 17 4 20 14 11 9 18 8 19 5 6 13 3 7 1 
student 158: 3 7 14 9 5 2 6 10 18 17 4 11 1 8 12 15 13 19 16 20 
student 159: 7 3 10 5 12 17 18 20 8 2 15 6 11 16 19 9 1 14 13 4 
student 160: 1 14 17 16 7 5 3 9 20 15 2 19 4 6 12 13 18 8 10 11 
student 161: 8 18 9 1 6 16 13 19 4 17 3 20 5 7 10 11 12 2 15 14 
student 162: 3 6 19 16 20 1 17 10 12 4 2 13 11 7 5 15 18 8 14 9 
student 163: 20 8 17 14 1 15 2 19 12 13 9 16 10 3 5 7 18 4 11 6 
student 164: 14 9 17 15 4 8 11 13 7 5 6 20 1 3 18 16 19 10 2 12 
student 165: 4 10 18 9 8 16 2 20 11 3 12 15 6 13 17 1 19 14 5 7 
student 166: 1 16 3 6 12 7 18 19 14 13 10 15 8 17 4 2 20 9 11 5 
student 167: 18 17 4 15 3 11 10 16 1 9 19 8 13 7 5 14 20 12 2 6 
student 168: 15 7 4 14 13 9 17 16 20 5 1 8 3 6 10 2 19 11 12 18 
student 169: 2 5 8 11 3 18 4 19 13 20 14 16 10 6 17 1 9 7 12 15 
student 170: 1 5 19 16 8 20 9 10 18 2 15 14 3 17 12 7 11 6 4 13 
student 171: 9 13 1 11 5 2 7 14 18 6 4 20 12 15 8 17 10 3 16 19 
student 172: 20 17 6 19 2 5 10 18 15 11 12 8 1 4 13 14 7 16 3 9 
student 173: 17 8 12 10 3 14 20 1 7 5 9 16 4 18 15 2 11 6 19 13 
student 174: 5 13 4 11 9 1 8 19 18 2 17 15 3 20 14 6 12 16 7 10 
student 175: 14 6 10 15 19 17 8 18 13 11 3 12 7 1 9 5 4 20 16 2 
student 176: 1 3 13 17 6 19 15 10 16 2 14 20 11 9 18 8 5 12 4 7 
student 177: 13 3 17 20 5 6 2 19 14 12 11 10 1 18 8 16 15 9 7 4 
student 178: 6 12 5 18 2 1 17 20 9 10 7 19 4 14 13 8 11 3 16 15 
student 179: 3 18 7 8 4 14 5 19 15 6 12 17 2 10 13 1 11 9 20 16 
student 180: 20 7 2 1 4 5 9 11 19 3 16 18 14 8 10 17 15 12 6 13 
student 181: 10 14 2 18 1 7 11 9 20 5 13 19 6 16 12 3 8 4 15 17 
student 182: 1 8 16 5 7 3 20 18 11 6 19 13 10 4 9 12 14 2 15 17 
student 183: 2 17 7 3 11 8 6 15 12 13 9 19 4 16 14 10 1 5 20 18 
student 184: 1 9 7 14 10 6 2 8 19 3 12 20 13 16 5 15 11 4 18 17 
student 185: 3 16 2 11 10 15 8 13 19 12 6 14 5 4 1 17 9 18 7 20 
student 186: 16 2 3 11 10 4 13 15 8 5 12 17 9 18 1 20 14 19 6 7 
student 187: 13 20 18 7 9 5 1 2 17 12 16 4 19 15 6 8 11 3 14 10 
student 188: 7 20 8 14 1 3 19 12 17 5 4 16 13 9 10 2 6 18 11 15 
student 189: 8 19 18 10 15 2 17 16 11 13 3 12 4 1 20 6 7 9 14 5 
student 190: 12 11 5 6 13 16 17 20 18 4 7 2 1 3 10 15 19 8 14 9 
student 191: 12 7 10 6 9 14 19 20 15 13 11 5 4 2 8 1 18 3 17 16 
student 192: 11 16 8 13 1 19 3 12 20 15 6 14 10 9 17 7 18 2 4 5 
student 193: 17 16 9 13 11 8 14 19 18 20 3 2 6 4 15 7 12 5 10 1 
student 194: 8 6 13 4 2 3 12 20 15 9 1 10 7 18 16 11 5 17 19 14 
student 195: 7 17 8 10 2 6 12 20 15 14 13 18 3 1 9 4 19 11 5 16 
student 196: 5 11 4 18 1 14 3 12 2 7 9 19 6 8 13 16 17 10 15 20 
student 197: 10 11 2 17 4 3 1 20 18 6 15 19 14 7 8 9 12 5 13 16 
student 198: 7 12 14 18 4 11 6 8 9 5 10 13 2 3 20 1 17 16 19 15 
student 199: 7 6 20 15 17 16 8 12 13 5 1 9 11 18 2 4 10 3 19 14 
student 200: 2 10 18 19 3 13 7 14 20 9 12 1 8 5 17 6 15 16 4 11 
student 201: 3 20 13 14 4 11 5 15 12 18 7 8 1 10 16 9 19 17 6 2 
student 202: 3 2 1 13 10 5 11 9 16 7 4 20 14 6 15 17 12 8 18 19 
student 203: 3 7 8 13 5 15 14 19 20 16 2 9 17 12 1 6 10 11 4 18 
student 204: 2 9 4 16 5 8 14 15 18 7 10 19 20 1 3 6 13 17 11 12 
student 205: 11 3 12 17 5 20 18 9 19 15 1 4 10 7 16 14 8 2 13 6 
student 206: 8 7 20 2 11 15 4 18 3 16 1 13 12 14 19 10 9 5 6 17 
student 207: 6 2 10 9 11 4 7 15 13 8 12 20 3 5 14 16 18 1 17 19 
student 208: 5 6 14 16 9 7 2 18 19 12 4 20 3 13 10 1 8 11 17 15 
student 209: 8 15 17 11 20 3 5 16 19 6 12 13 2 1 14 7 10 9 18 4 
student 210: 9 20 18 17 13 11 2 15 8 6 14 19 5 7 1 3 10 4 16 12 
student 211: 4 10 8 6 11 14 13 15 19 18 7 17 3 9 5 2 1 12 16 20 
student 212: 19 9 16 14 1 10 15 12 5 17 4 20 2 8 11 7 13 3 18 6 
student 213: 11 9 14 18 10 15 8 17 19 3 1 7 2 6 5 12 13 4 16 20 
student 214: 14 8 19 13 18 17 1 9 16 5 7 11 6 12 15 3 20 2 10 4 
student 215: 15 2 7 19 18 12 6 5 3 16 11 1 9 13 17 10 4 8 14 20 
student 216: 6 5 13 11 2 3 10 7 15 4 9 20 8 14 18 16 17 1 19 12 
student 217: 16 11 10 18 9 17 12 19 7 15 1 13 8 4 20 3 6 5 14 2 
student 218: 1 15 18 13 14 16 6 17 11 8 9 19 3 7 20 4 2 10 12 5 
student 219: 16 14 2 10 11 7 18 13 19 3 1 9 12 8 17 6 5 15 4 20 
student 220: 10 17 14 20 19 6 8 18 13 16 7 15 3 2 11 1 4 9 5 12 
student 221: 6 13 1 15 18 3 19 8 4 9 5 17 2 10 12 20 11 7 14 16 
student 222: 9 5 6 2 12 1 16 20 11 10 19 17 3 15 7 4 18 8 13 14 
student 223: 11 1 14 6 20 16 8 17 18 10 3 9 2 7 19 4 15 5 13 12 
student 224: 7 9 2 13 12 1 16 17 5 11 6 15 4 3 20 18 8 14 10 19 
student 225: 9 16 14 15 7 17 3 4 18 10 1 11 2 13 20 6 8 12 19 5 
student 226: 1 6 14 9 18 5 20 17 12 19 4 13 3 2 7 15 8 16 11 10 
student 227: 2 8 4 19 15 12 16 9 20 7 1 11 6 10 17 14 13 3 5 18 
student 228: 3 8 5 13 9 6 18 17 20 19 4 15 10 11 16 2 12 1 14 7 
student 229: 11 6 2 12 4 15 20 19 17 7 8 5 1 13 9 10 3 16 18 14 
student 230: 13 7 14 15 11 2 10 9 16 12 4 20 5 3 1 17 6 19 8 18 
student 231: 10 18 14 4 20 12 16 19 9 17 7 3 5 2 11 13 8 1 15 6 
student 232: 12 13 4 11 8 19 6 18 7 15 3 20 2 10 1 9 17 5 16 14 
student 233: 20 6 5 10 17 18 19 3 7 13 11 4 1 8 15 9 14 12 2 16 
student 234: 14 6 3 5 4 1 8 18 12 2 13 15 16 11 9 10 7 17 19 20 
student 235: 11 7 20 13 16 8 18 9 19 5 3 17 15 14 4 2 1 6 12 10 
student 236: 3 10 11 13 17 6 4 16 19 2 8 5 7 1 18 15 12 9 14 20 
student 237: 1 3 13 2 7 8 14 19 18 15 9 4 12 6 5 11 10 16 17 20 
student 238: 13 4 14 18 8 6 16 15 20 9 2 17 1 3 10 5 19 7 12 11 
student 239: 15 2 7 17 1 4 16 13 18 20 3 12 11 8 9 5 14 19 10 6 
student 240: 3 5 6 8 13 10 19 15 17 4 12 14 20 7 2 16 9 1 11 18 
student 241: 12 3 9 20 6 14 10 16 19 17 1 8 4 11 5 18 13 2 15 7 
student 242: 14 12 3 13 10 2 15 20 16 4 6 5 7 1 17 8 9 18 19 11 
student 243: 19 16 6 7 8 18 12 11 20 2 4 17 1 3 13 15 14 10 9 5 
student 244: 19 16 7 9 4 10 6 12 13 18 15 2 1 8 20 3 17 5 11 14 
student 245: 2 13 16 9 17 5 11 18 12 14 1 15 7 3 20 4 6 8 19 10 
student 246: 3 1 17 11 9 20 6 7 15 14 8 18 2 10 13 16 5 4 19 12 
student 247: 1 4 14 18 11 6 5 13 12 3 2 20 8 7 19 16 10 9 17 15 
student 248: 6 1 4 7 20 13 11 10 18 16 5 15 3 8 17 12 9 2 14 19 
student 249: 15 5 11 2 6 12 4 18 13 16 1 7 8 17 19 20 3 14 10 9 
student 250: 10 2 6 8 5 7 19 18 14 9 3 17 11 16 20 1 13 4 15 12 
student 251: 3 4 7 20 11 16 8 18 19 15 10 14 2 9 12 6 13 1 5 17 
student 252: 11 5 6 3 4 8 12 20 13 9 2 16 18 15 17 1 14 7 10 19 
student 253: 18 6 20 16 10 2 3 7 19 15 11 17 13 12 14 4 5 1 9 8 
student 254: 18 1 17 20 2 7 11 9 16 10 14 12 5 13 8 4 3 6 19 15 
student 255: 9 2 10 6 14 11 5 20 7 15 1 18 4 3 17 16 13 19 8 12 
student 256: 9 5 15 16 10 12 20 18 19 8 1 2 4 14 13 7 6 17 11 3 
student 257: 10 19 14 5 8 1 3 12 4 16 6 20 17 7 11 13 9 18 15 2 
student 258: 6 1 2 16 18 20 3 9 8 19 13 15 4 10 17 14 12 5 7 11 
student 259: 1 5 19 14 3 4 20 18 15 17 11 7 2 16 6 13 12 8 9 10 
student 260: 3 12 9 20 10 1 5 6 16 15 4 14 8 7 19 11 17 13 18 2 
student 261: 12 16 1 10 6 2 3 20 7 9 14 11 4 15 17 8 13 5 19 18 
student 262: 10 5 16 20 19 15 2 14 18 3 13 17 4 9 7 1 11 8 6 12 
student 263: 6 10 11 1 13 14 19 12 20 15 5 18 8 7 16 4 17 2 9 3 
student 264: 5 4 14 11 16 13 15 12 2 18 6 20 10 1 8 19 7 3 9 17 
student 265: 19 17 12 10 8 14 6 11 16 9 7 18 3 4 1 20 13 5 2 15 
student 266: 10 18 19 13 1 12 7 16 3 2 11 17 5 9 4 6 8 14 15 20 
student 267: 6 3 2 19 1 14 12 7 17 13 16 20 4 5 15 8 18 9 10 11 
student 268: 1 17 12 13 7 15 18 19 14 2 6 3 4 5 20 8 9 10 11 16 
student 269: 14 7 13 3 4 9 12 10 17 20 2 15 1 8 11 6 5 18 19 16 
student 270: 11 8 12 1 16 18 15 14 17 13 3 10 2 4 20 7 6 5 19 9 
student 271: 12 8 2 14 11 18 13 17 15 16 6 20 10 7 19 1 9 5 3 4 
student 272: 1 9 4 11 5 13 18 14 19 3 8 17 16 2 6 12 20 15 10 7 
student 273: 14 4 5 9 16 8 6 20 17 13 2 15 18 19 7 1 11 3 12 10 
student 274: 13 7 5 8 9 4 1 20 10 18 11 16 2 14 6 17 19 12 15 3 
student 275: 11 8 9 12 2 10 18 16 7 1 3 20 14 17 19 4 13 6 5 15 
student 276: 1 12 11 10 5 14 7 16 19 18 3 4 2 9 6 8 15 20 13 17 
student 277: 15 3 14 4 5 13 8 16 10 12 6 18 1 11 17 9 20 7 19 2 
student 278: 9 12 1 11 6 4 20 13 14 5 2 7 10 16 19 3 18 17 15 8 
student 279: 2 14 6 20 3 10 1 19 4 5 9 18 8 12 17 11 15 7 16 13 
student 280: 5 16 14 17 11 9 12 19 20 6 1 8 7 18 2 3 15 4 13 10 
student 281: 17 6 3 19 9 8 13 20 11 15 1 5 16 4 7 14 10 2 18 12 
student 282: 5 6 18 16 8 11 9 17 10 15 7 19 12 13 14 4 1 2 3 20 
student 283: 3 10 8 5 12 7 18 15 2 1 6 19 11 20 13 9 4 16 14 17 
student 284: 10 15 4 11 13 18 8 14 17 1 6 16 3 7 9 2 12 5 19 20 
student 285: 2 10 12 6 5 1 18 11 15 16 19 14 4 3 9 20 17 13 8 7 
student 286: 6 9 4 15 1 13 14 3 20 16 2 17 12 7 5 18 19 8 10 11 
student 287: 5 13 12 8 1 11 2 19 16 18 3 10 20 6 14 7 17 4 15 9 
student 288: 2 18 1 17 8 6 15 7 20 12 13 9 16 19 5 14 3 4 11 10 
student 289: 8 7 6 19 4 18 14 11 12 13 2 5 20 1 3 9 15 17 10 16 
student 290: 12 3 14 17 16 10 6 11 20 8 7 13 5 1 19 18 2 4 15 9 
student 291: 9 8 18 2 5 12 4 17 6 3 10 16 11 14 1 20 19 13 7 15 
student 292: 14 2 11 8 1 19 15 17 13 4 10 20 5 12 3 7 9 6 18 16 
student 293: 2 14 1 18 3 7 19 16 20 11 10 8 5 6 15 12 4 9 17 13 
student 294: 8 11 20 6 15 16 17 12 19 3 9 13 1 2 10 14 18 5 7 4 
student 295: 10 9 1 20 18 6 19 7 13 17 15 3 2 14 16 4 5 8 11 12 
student 296: 2 11 8 3 17 10 18 19 5 7 12 14 1 20 4 9 13 16 6 15 
student 297: 3 6 12 9 7 8 16 15 17 11 1 2 4 5 19 18 20 10 13 14 
student 298: 8 17 16 11 1 3 15 14 20 5 9 4 12 6 13 18 7 2 10 19 
student 299: 2 15 4 17 13 5 14 19 16 11 9 18 10 6 8 1 7 3 20 12 
student 300: 7 1 12 4 2 8 3 16 13 9 10 15 5 17 11 6 18 20 14 19 
student 301: 6 16 3 9 5 14 20 4 8 12 10 19 2 13 7 11 15 1 17 18 
student 302: 7 1 4 8 17 12 16 13 19 11 3 20 2 6 14 15 10 9 18 5 
student 303: 12 9 7 8 6 19 16 13 15 4 14 18 2 3 10 1 11 17 5 20 
student 304: 1 12 9 19 18 3 13 16 8 2 5 11 4 20 14 6 17 10 7 15 
student 305: 2 10 20 14 3 15 18 19 17 12 9 16 4 1 11 13 7 6 5 8 
student 306: 5 8 10 2 12 15 9 16 18 17 14 20 3 1 4 19 11 7 6 13 
student 307: 4 7 18 15 6 13 5 8 20 12 19 14 9 11 2 10 16 1 3 17 
student 308: 1 7 20 12 6 17 5 4 18 11 3 19 8 10 2 16 9 14 13 15 
student 309: 7 5 6 11 17 13 8 4 16 14 1 19 15 2 10 18 3 12 20 9 
student 310: 15 1 6 10 3 14 20 8 16 11 9 13 2 5 17 19 18 12 7 4 
student 311: 1 2 18 10 11 4 12 5 20 3 7 9 13 8 19 16 15 6 14 17 
student 312: 3 16 15 17 7 14 19 11 12 20 13 18 4 2 10 5 9 6 1 8 
student 313: 1 3 18 2 20 4 8 5 14 13 7 6 9 11 12 15 16 10 19 17 
student 314: 7 17 15 18 8 5 20 19 16 11 10 6 4 1 14 3 9 12 13 2 
student 315: 7 5 8 6 2 14 15 20 4 1 12 9 3 18 13 11 16 19 17 10 
student 316: 1 2 9 12 15 5 3 19 14 17 4 16 18 8 6 7 13 10 11 20 
student 317: 1 6 2 16 3 10 12 14 9 20 18 11 8 7 19 5 17 4 13 15 
student 318: 2 6 13 15 4 18 12 19 17 16 14 20 3 10 1 11 7 8 5 9 
student 319: 12 6 13 15 3 10 9 11 20 17 5 14 1 2 16 19 8 4 7 18 
student 320: 10 19 15 6 2 12 20 7 16 5 14 9 4 1 13 11 17 18 8 3 
student 321: 16 7 2 6 5 15 12 13 14 18 3 19 1 4 9 11 8 17 20 10 
student 322: 5 2 4 11 1 17 9 20 10 13 3 14 8 16 19 6 7 12 15 18 
student 323: 9 16 12 1 15 14 18 19 17 2 6 20 5 11 8 3 13 4 7 10 
student 324: 3 6 10 12 7 19 17 15 18 4 1 20 5 2 13 9 11 8 16 14 
student 325: 1 2 18 11 9 5 8 17 3 6 4 20 15 10 7 13 12 14 16 19 
student 326: 6 11 13 3 12 14 1 18 15 7 10 8 2 5 16 4 17 9 19 20 
student 327: 17 1 5 13 8 20 12 15 11 18 7 10 6 14 16 3 2 19 4 9 
student 328: 11 15 1 2 9 10 20 3 6 19 7 13 5 8 17 14 4 12 16 18 
student 329: 4 12 7 20 16 1 8 5 14 10 11 18 13 17 9 3 2 6 15 19 
student 330: 6 8 3 14 7 1 17 18 16 5 13 19 9 12 10 4 15 2 20 11 
student 331: 5 7 11 18 17 9 14 12 15 10 3 16 1 4 6 19 8 2 20 13 
student 332: 11 5 7 6 10 20 4 16 19 9 1 18 2 3 8 13 12 15 14 17 
student 333: 7 12 1 17 3 16 4 2 18 10 6 19 13 15 9 20 14 5 11 8 
student 334: 7 2 11 20 9 5 6 8 15 4 3 17 10 18 12 19 16 13 14 1 
student 335: 3 17 14 20 8 5 9 18 6 10 11 16 4 13 2 19 15 7 1 12 
student 336: 3 1 12 7 10 2 20 4 5 9 6 17 13 19 16 8 18 14 11 15 
student 337: 3 16 14 2 6 9 20 15 10 8 7 19 5 1 18 13 4 11 12 17 
student 338: 12 2 3 8 7 15 4 11 20 9 17 6 10 14 13 16 19 1 18 5 
student 339: 3 17 10 14 2 4 20 16 15 18 1 19 12 9 7 5 13 6 11 8 
student 340: 14 8 13 11 12 10 7 18 17 4 6 20 3 2 9 5 1 19 15 16 
student 341: 6 4 10 2 5 20 14 16 11 9 7 15 3 8 13 1 12 18 19 17 
student 342: 1 7 11 18 3 16 9 19 14 15 2 12 4 6 20 8 13 5 10 17 
student 343: 9 14 5 6 4 17 10 20 12 15 2 3 8 1 13 16 11 18 19 7 
student 344: 8 4 10 15 11 18 3 7 13 6 5 19 2 9 1 17 12 16 14 20 
student 345: 9 1 14 8 6 4 17 18 19 2 16 10 13 3 15 12 7 5 20 11 
student 346: 16 13 12 20 9 6 10 14 8 2 1 19 11 3 7 17 18 5 4 15 
student 347: 15 6 3 4 13 17 20 12 10 5 19 9 1 14 11 8 16 2 18 7 
student 348: 10 5 11 9 4 17 13 14 20 3 12 16 2 8 15 18 19 1 6 7 
student 349: 17 4 11 6 10 1 9 15 13 19 2 16 3 14 18 5 12 7 20 8 
student 350: 6 9 16 4 2 12 3 11 17 5 1 18 19 10 15 20 14 13 7 8 
student 351: 1 13 10 12 2 4 17 14 3 18 8 15 20 7 11 9 19 5 16 6 
student 352: 17 1 9 16 13 10 12 4 20 2 5 15 11 8 7 19 3 6 14 18 
student 353: 11 8 6 18 15 16 5 9 14 3 1 19 4 20 2 17 10 7 12 13 
student 354: 7 9 13 10 4 6 20 19 17 12 8 18 2 15 3 1 5 16 11 14 
student 355: 12 13 6 10 4 15 14 16 20 5 7 19 1 9 11 2 17 3 8 18 
student 356: 2 1 17 20 7 10 12 8 15 11 6 18 4 5 3 13 16 9 14 19 
student 357: 2 10 14 18 7 8 17 16 11 3 1 20 9 6 15 4 5 12 13 19 
student 358: 15 11 16 14 4 17 6 18 3 9 2 19 5 7 20 13 12 8 10 1 
student 359: 7 5 12 17 14 3 18 15 8 16 10 13 4 1 6 20 11 9 19 2 
student 360: 11 1 7 10 2 5 12 18 17 13 14 20 16 4 15 3 19 8 9 6 
student 361: 5 20 16 4 13 2 18 17 8 6 12 14 11 7 3 1 10 9 19 15 
student 362: 4 1 14 8 5 12 11 18 20 17 3 19 2 7 6 16 10 15 9 13 
student 363: 3 6 14 17 12 19 11 16 8 10 9 18 7 1 4 2 20 13 15 5 
student 364: 5 10 17 6 9 14 18 4 13 8 2 20 1 12 16 7 15 11 3 19 
student 365: 2 1 18 10 7 16 9 11 8 12 14 20 5 6 15 17 4 3 19 13 
student 366: 4 1 12 20 10 16 19 13 15 11 17 18 3 2 6 5 14 8 7 9 
student 367: 11 3 16 20 6 15 1 9 10 17 13 18 12 14 19 8 4 2 7 5 
student 368: 16 3 18 19 5 20 15 13 4 11 14 8 6 1 2 7 9 12 17 10 
student 369: 19 9 7 5 17 2 3 20 18 13 11 6 4 1 8 14 15 12 10 16 
student 370: 4 3 16 8 9 12 18 14 15 6 10 20 7 19 5 2 11 1 13 17 
student 371: 10 1 20 6 5 4 15 16 8 7 19 11 3 2 13 9 14 18 17 12 
student 372: 5 1 16 4 14 13 20 18 9 7 2 6 3 8 15 12 19 10 11 17 
student 373: 2 3 5 11 10 17 9 1 14 4 16 19 8 7 18 15 13 6 20 12 
student 374: 8 6 13 14 10 4 12 19 20 17 1 5 18 2 3 11 7 9 16 15 
student 375: 6 1 17 7 13 18 12 8 10 15 4 5 2 9 20 11 3 14 19 16 
student 376: 13 14 10 5 1 2 4 15 16 18 3 19 6 12 7 9 8 11 17 20 
student 377: 7 9 11 2 16 12 3 8 10 5 13 19 4 6 14 17 20 1 18 15 
student 378: 5 11 16 4 3 17 18 15 14 19 7 13 9 1 20 2 8 6 12 10 
student 379: 2 17 18 19 9 10 14 13 12 7 4 8 1 6 16 11 20 5 3 15 
student 380: 4 13 1 19 8 11 12 15 10 16 2 6 3 18 5 9 20 17 7 14 
student 381: 2 11 13 3 7 17 12 19 16 8 1 10 4 5 14 18 6 9 15 20 
student 382: 8 1 18 9 2 10 19 14 13 11 5 17 7 6 4 12 16 20 15 3 
student 383: 2 14 1 17 9 4 12 3 6 7 10 19 15 5 13 20 8 18 16 11 
student 384: 5 3 9 18 4 16 12 17 7 15 2 20 1 8 19 11 6 10 13 14 
student 385: 19 6 14 7 11 4 2 9 12 13 3 17 8 5 20 1 15 16 10 18 
student 386: 12 9 15 1 6 10 16 17 19 8 5 14 7 4 18 13 11 2 20 3 
student 387: 15 14 10 18 2 13 3 20 4 11 19 17 8 9 16 6 7 5 1 12 
student 388: 2 12 7 10 8 15 13 17 3 6 1 19 18 11 20 9 4 5 14 16 
student 389: 7 1 8 6 2 16 9 12 5 20 18 17 10 11 15 3 13 4 14 19 
student 390: 12 2 16 20 6 5 17 15 18 14 9 4 1 7 10 11 3 19 13 8 
student 391: 13 3 11 15 6 2 4 14 17 20 18 9 8 7 5 10 12 1 16 19 
student 392: 18 10 11 9 4 12 7 5 13 15 8 17 16 6 20 19 14 2 1 3 
student 393: 5 17 14 20 9 1 15 19 2 16 4 11 3 10 7 12 13 6 18 8 
student 394: 8 15 13 11 14 7 16 12 9 17 1 20 4 3 6 10 18 5 2 19 
student 395: 20 8 17 11 19 6 2 13 15 7 10 1 5 3 12 4 9 18 14 16 
student 396: 7 8 9 13 1 5 15 10 16 12 2 17 3 6 11 4 18 14 19 20 
student 397: 20 3 9 13 10 5 11 7 18 8 12 17 6 19 1 4 16 15 14 2 
student 398: 15 6 13 9 3 1 8 14 16 10 4 17 5 7 19 12 20 2 18 11 
student 399: 8 12 11 14 10 2 5 9 15 16 6 19 4 1 17 3 20 7 18 13 
student 400: 8 5 4 15 16 9 3 7 20 11 18 17 6 19 14 10 12 1 13 2 
student 401: 6 10 5 16 14 20 15 4 17 19 1 8 3 9 2 7 18 12 13 11 
student 402: 17 3 14 15 8 1 7 19 11 5 18 13 4 6 9 2 16 20 10 12 
student 403: 3 2 15 16 12 13 20 17 8 5 1 7 9 14 11 6 10 18 4 19 
student 404: 15 3 16 5 2 4 14 7 20 19 10 17 8 1 11 6 18 12 13 9 
student 405: 17 18 14 16 9 11 4 15 19 6 8 13 1 7 2 5 20 3 10 12 
student 406: 17 4 12 20 2 13 6 18 7 11 1 9 5 16 8 15 10 3 19 14 
student 407: 8 14 13 20 18 11 9 16 6 7 4 15 3 5 19 1 10 17 12 2 
student 408: 2 3 16 19 7 17 5 6 12 4 9 11 10 15 20 8 1 13 14 18 
student 409: 11 15 18 13 3 14 5 20 19 10 17 7 2 4 6 12 1 8 16 9 
student 410: 11 10 13 9 17 6 19 12 5 20 14 16 4 18 7 2 1 3 8 15 
student 411: 12 16 17 8 11 13 5 6 19 10 15 9 2 1 4 18 20 3 7 14 
student 412: 17 7 19 8 5 11 1 9 12 18 6 13 14 4 3 10 15 2 16 20 
student 413: 3 4 12 14 1 17 19 11 20 18 2 7 16 5 10 8 6 9 15 13 
student 414: 12 2 15 19 14 4 16 17 11 9 20 8 3 6 10 13 5 1 18 7 
student 415: 4 18 7 14 8 10 13 9 12 2 3 16 19 1 17 6 15 5 20 11 
student 416: 13 14 18 17 3 15 7 16 20 6 4 5 8 1 11 19 9 2 12 10 
student 417: 5 7 6 20 15 2 4 17 19 14 1 13 11 12 18 3 9 10 8 16 
student 418: 8 10 6 15 2 12 19 20 13 4 1 16 3 11 18 5 7 14 9 17 
student 419: 6 16 5 17 10 2 4 14 20 1 8 9 15 13 12 11 18 7 3 19 
student 420: 7 6 14 1 15 8 16 4 2 12 9 18 17 11 13 10 5 3 19 20 
student 421: 17 1 8 19 9 14 20 4 16 7 18 13 11 5 6 10 15 2 3 12 
student 422: 2 16 8 3 17 9 7 4 18 19 20 14 1 6 10 13 15 5 12 11 
student 423: 5 12 19 17 7 20 18 6 14 2 11 16 13 15 3 1 9 4 10 8 
student 424: 5 13 15 4 12 7 11 8 19 10 1 18 16 2 17 6 3 14 20 9 
student 425: 10 20 6 4 7 18 9 14 19 11 3 15 1 17 13 5 16 2 12 8 
student 426: 19 16 2 18 8 5 10 17 13 3 1 20 4 15 7 9 11 14 6 12 
student 427: 6 15 3 18 1 10 8 13 19 4 2 20 12 14 17 9 16 5 7 11 
student 428: 8 12 6 11 1 15 5 16 17 3 4 19 9 20 2 18 7 10 13 14 
student 429: 4 17 14 13 2 7 16 15 10 18 12 20 11 6 5 1 8 3 9 19 
student 430: 7 4 18 12 9 6 11 19 5 14 1 13 10 8 15 2 16 3 20 17 
student 431: 15 9 5 8 1 3 19 20 13 18 4 10 11 7 14 12 16 2 6 17 
student 432: 8 6 20 7 12 9 13 14 17 11 5 15 19 2 18 3 10 1 16 4 
student 433: 14 16 3 5 9 20 6 15 2 1 13 8 7 11 19 4 12 10 17 18 
student 434: 8 11 12 18 7 6 10 19 15 5 9 13 4 1 20 14 2 17 3 16 
student 435: 17 9 18 2 8 11 5 19 16 12 1 3 6 4 20 15 10 7 13 14 
student 436: 6 3 4 16 13 12 8 15 20 9 18 14 2 1 10 17 11 7 19 5 
student 437: 14 7 11 5 12 10 13 19 18 1 4 17 2 16 6 15 3 8 20 9 
student 438: 2 4 20 17 5 19 3 13 6 11 8 12 9 1 15 7 16 10 18 14 
student 439: 1 8 12 16 2 9 17 11 18 14 13 10 5 4 19 7 20 3 15 6 
student 440: 5 2 18 20 16 4 6 13 1 19 10 17 14 12 11 7 15 9 8 3 
student 441: 8 6 9 7 11 3 16 14 18 10 17 15 4 20 5 1 19 13 2 12 
student 442: 4 10 9 19 5 3 7 20 12 6 2 14 17 18 13 16 11 8 1 15 
student 443: 2 8 18 4 19 6 1 12 20 7 5 16 10 3 17 9 11 13 15 14 
student 444: 9 15 6 10 7 11 12 3 18 13 4 19 2 5 14 16 17 1 8 20 
student 445: 12 15 3 13 5 1 6 14 11 7 2 20 4 16 10 8 18 9 17 19 
student 446: 8 18 14 6 17 1 11 16 10 12 7 13 4 5 15 2 20 3 19 9 
student 447: 3 14 2 8 5 19 20 15 18 10 6 16 1 4 12 7 9 11 13 17 
student 448: 5 9 18 19 10 15 13 20 17 2 16 12 1 8 11 7 14 4 6 3 
student 449: 2 9 11 20 3 4 8 14 19 18 7 17 1 6 10 5 13 15 12 16 
student 450: 9 7 13 2 6 10 19 4 16 17 5 18 3 14 11 1 12 15 8 20 
student 451: 7 2 11 9 1 19 20 16 17 14 3 10 8 13 12 18 5 4 6 15 
student 452: 3 16 15 9 2 7 4 1 14 17 11 20 5 18 6 12 10 13 19 8 
student 453: 17 2 18 9 11 12 4 16 14 10 5 15 3 13 6 1 20 8 7 19 
student 454: 11 6 5 10 18 16 12 19 17 20 2 14 3 4 8 13 15 1 9 7 
student 455: 6 2 11 18 7 15 3 19 16 12 9 20 8 1 4 13 10 14 17 5 
student 456: 2 10 14 5 3 1 12 20 17 11 4 19 6 8 13 15 9 7 18 16 
student 457: 5 19 15 18 10 7 17 6 8 20 3 13 2 1 11 12 4 9 16 14 
student 458: 1 10 14 6 2 11 19 12 9 4 17 18 15 13 7 3 5 20 8 16 
student 459: 3 10 15 18 5 8 9 20 13 1 7 16 6 4 11 2 17 12 14 19 
student 460: 2 20 12 18 1 14 19 4 16 13 3 9 8 11 10 15 5 17 7 6 
student 461: 1 12 9 16 5 8 7 17 19 18 4 15 14 13 11 2 10 6 20 3 
student 462: 19 2 10 17 6 12 3 7 16 1 5 14 13 9 8 11 4 15 20 18 
student 463: 2 3 18 17 1 13 8 20 6 10 16 19 14 11 4 12 7 9 5 15 
student 464: 6 2 8 18 12 7 5 15 10 9 1 13 11 16 3 20 4 17 14 19 
student 465: 2 13 15 17 3 6 11 20 19 1 4 16 10 5 18 8 12 9 14 7 
student 466: 10 1 11 7 8 12 18 16 13 2 15 14 5 17 4 6 20 9 3 19 
student 467: 5 14 8 7 15 10 9 12 16 11 20 18 1 3 19 6 13 4 2 17 
student 468: 11 1 12 7 3 6 15 20 5 8 4 17 9 14 16 13 19 2 18 10 
student 469: 12 6 13 19 8 3 7 4 15 14 10 17 2 16 11 20 5 18 1 9 
student 470: 1 6 7 2 14 18 4 20 9 13 16 12 19 11 5 8 3 15 17 10 
student 471: 16 2 20 17 11 18 15 14 6 1 4 12 5 10 3 19 9 7 8 13 
student 472: 2 16 17 5 12 4 14 10 8 3 9 19 11 1 13 7 15 6 20 18 
student 473: 2 12 1 5 11 8 6 20 18 15 3 13 7 19 17 9 16 4 10 14 
student 474: 17 10 18 3 13 8 5 16 14 9 2 19 4 6 15 7 11 1 20 12 
student 475: 6 7 1 20 15 19 17 16 12 9 3 5 2 13 14 18 10 8 11 4 
student 476: 5 2 18 13 11 6 10 7 20 9 12 16 19 1 14 8 3 4 17 15 
student 477: 8 2 17 12 1 10 5 19 7 6 9 4 14 16 11 18 20 15 3 13 
student 478: 19 14 3 9 10 8 6 17 20 13 4 15 2 16 18 1 11 5 7 12 
student 479: 2 10 8 15 14 7 19 13 17 4 3 16 9 1 5 11 12 6 20 18 
student 480: 6 5 17 9 3 8 2 20 16 18 10 19 12 14 15 4 11 1 7 13 
student 481: 1 16 6 14 4 2 12 18 8 5 10 20 9 3 11 15 13 7 17 19 
student 482: 4 10 7 18 17 2 15 3 14 9 12 20 1 5 16 6 19 8 13 11 
student 483: 3 8 12 4 10 14 1 7 17 18 15 16 5 9 20 2 19 6 11 13 
student 484: 9 2 4 20 19 6 16 18 8 11 14 15 1 12 10 5 7 3 17 13 
student 485: 3 13 10 18 7 20 14 4 11 9 8 1 19 12 16 2 5 15 17 6 
student 486: 3 4 19 1 16 9 12 17 15 18 10 8 2 7 20 11 5 6 13 14 
student 487: 2 3 17 11 12 8 6 9 7 14 1 18 15 16 20 10 19 5 13 4 
student 488: 8 17 7 1 13 6 18 19 15 2 3 20 4 10 9 14 5 11 16 12 
student 489: 5 4 3 1 7 19 10 17 20 12 6 14 2 8 16 11 15 18 9 13 
student 490: 9 7 8 12 4 18 10 19 20 17 3 11 13 1 5 6 15 2 14 16 
student 491: 4 6 18 15 20 7 8 11 12 5 9 13 17 19 1 14 16 3 2 10 
student 492: 2 3 11 5 1 10 8 20 13 7 4 16 19 14 17 9 15 6 12 18 
student 493: 5 4 13 16 19 17 3 6 20 2 10 12 8 18 15 9 7 1 11 14 
student 494: 11 18 17 16 4 5 9 15 2 12 7 19 1 6 8 14 20 3 10 13 
student 495: 7 5 20 18 6 9 4 16 19 1 8 10 14 2 12 13 11 15 3 17 
student 496: 9 7 4 19 14 12 8 16 10 6 1 3 11 17 20 15 2 5 13 18 
student 497: 5 2 15 9 1 13 18 17 3 14 16 11 4 6 10 7 20 8 12 19 
student 498: 2 9 11 14 12 4 17 16 20 10 5 3 8 6 19 1 15 18 13 7 
student 499: 16 2 8 4 7 10 13 6 14 1 5 15 3 17 19 11 12 9 18 20 
student 500: 10 6 5 1 2 12 16 11 8 9 3 15 13 20 14 4 18 7 17 19 
student 501: 13 5 16 14 2 9 10 3 15 1 7 12 8 18 19 11 20 4 17 6 
student 502: 10 7 11 19 2 8 14 17 20 12 5 15 3 1 18 6 4 13 16 9 
student 503: 8 3 6 16 11 19 4 20 17 10 1 9 12 2 7 14 18 5 13 15 
student 504: 5 6 12 15 14 10 8 16 17 4 2 18 13 19 11 7 3 9 1 20 
student 505: 8 7 10 3 2 12 14 20 11 15 17 16 13 6 5 1 18 9 19 4 
student 506: 9 14 3 16 4 12 1 18 19 13 7 2 5 6 11 15 8 10 20 17 
student 507: 2 3 4 15 8 10 7 14 5 12 18 13 1 9 6 11 20 17 16 19 
student 508: 2 11 16 19 8 1 18 15 9 7 12 10 6 4 5 14 17 20 3 13 
student 509: 1 18 16 9 2 19 10 11 17 5 7 6 4 14 20 8 15 13 12 3 
student 510: 3 17 1 20 7 15 13 19 18 4 12 11 8 2 9 10 16 5 14 6 
student 511: 5 13 2 10 4 17 11 16 20 8 15 12 1 18 6 19 14 9 7 3 
student 512: 9 14 1 19 4 18 15 17 16 3 5 20 8 2 12 10 11 13 6 7 
student 513: 20 13 4 8 6 12 10 14 17 16 15 19 3 2 1 11 7 9 5 18 
student 514: 12 11 8 9 4 19 5 14 20 10 3 17 1 2 13 7 16 6 18 15 
student 515: 5 11 16 18 1 13 14 20 7 8 4 19 10 12 6 9 17 15 3 2 
student 516: 15 17 1 20 5 10 3 13 6 14 4 18 11 19 8 12 2 16 9 7 
student 517: 14 17 4 6 7 18 3 13 8 5 11 9 1 2 16 12 15 10 20 19 
student 518: 7 6 15 10 3 18 16 12 17 8 1 19 2 4 5 9 11 20 14 13 
student 519: 4 1 8 14 9 3 17 10 18 12 6 19 5 15 7 11 2 13 20 16 
student 520: 2 14 6 11 16 4 1 19 20 12 3 7 10 5 9 8 15 18 13 17 
student 521: 17 13 5 9 4 10 3 6 14 16 11 20 1 7 2 15 8 12 19 18 
student 522: 16 7 10 19 11 4 17 15 9 18 13 6 2 20 5 1 8 3 14 12 
student 523: 13 1 18 5 12 14 10 7 19 17 6 4 3 11 2 16 15 9 8 20 
student 524: 11 7 5 10 3 4 17 12 15 20 19 6 13 18 2 9 14 1 16 8 
student 525: 8 4 14 15 5 19 12 20 17 2 11 1 6 9 3 16 18 10 7 13 
student 526: 14 4 6 7 9 17 11 10 16 20 3 15 5 2 8 13 12 18 19 1 
student 527: 9 17 14 4 1 13 20 2 11 15 8 18 10 3 19 12 16 6 7 5 
student 528: 15 17 4 2 7 18 16 10 14 9 11 19 6 1 5 13 20 8 12 3 
student 529: 3 9 14 16 5 6 7 11 20 19 12 18 2 13 17 10 15 1 4 8 
student 530: 8 4 12 3 6 18 19 10 20 15 14 11 7 2 9 5 16 13 1 17 
student 531: 4 15 10 20 8 14 1 6 16 9 7 17 2 5 12 3 19 13 11 18 
student 532: 4 7 8 19 14 10 15 1 20 11 6 9 2 18 17 16 3 5 12 13 
student 533: 3 2 19 18 14 12 9 20 4 16 6 15 8 7 11 10 13 5 1 17 
student 534: 4 16 5 3 1 17 13 15 19 9 2 11 14 8 20 18 6 10 7 12 
student 535: 3 13 15 4 9 5 10 14 19 7 8 17 20 1 11 2 6 12 18 16 
student 536: 12 6 5 19 1 17 14 7 2 11 16 9 3 15 10 8 18 13 4 20 
student 537: 1 17 7 12 9 5 18 8 15 20 13 10 19 2 4 6 16 11 14 3 
student 538: 6 9 16 5 1 15 14 20 18 10 7 19 3 4 13 8 12 11 17 2 
student 539: 12 15 3 14 5 19 16 17 20 13 1 6 2 10 18 7 11 4 9 8 
student 540: 3 2 17 9 16 19 18 13 7 6 8 12 5 4 15 1 11 10 14 20 
student 541: 3 8 7 6 17 1 4 19 11 10 2 14 16 18 12 9 13 5 15 20 
student 542: 19 11 15 5 10 6 1 12 3 13 7 20 2 4 8 17 14 9 18 16 
student 543: 8 16 7 11 19 17 4 2 18 20 5 13 1 6 9 15 10 3 12 14 
student 544: 4 5 14 19 12 9 11 17 8 20 7 6 3 10 15 18 1 16 13 2 
student 545: 11 1 13 8 9 12 3 14 7 5 17 6 15 4 16 2 20 18 10 19 
student 546: 8 9 14 17 6 1 3 19 11 10 13 5 16 4 15 2 18 20 12 7 
student 547: 20 17 7 15 3 19 6 1 14 16 2 18 9 8 12 10 4 11 13 5 
student 548: 2 1 14 12 9 10 5 15 17 4 8 19 3 7 16 18 13 6 11 20 
student 549: 15 10 8 7 14 16 11 1 12 13 9 19 6 4 2 3 17 5 20 18 
student 550: 7 11 15 14 2 10 12 20 17 4 5 19 1 8 3 6 13 9 16 18 
student 551: 14 13 3 2 4 5 19 16 8 7 15 17 1 20 9 6 12 10 18 11 
student 552: 8 18 3 6 15 2 19 5 16 11 10 17 9 7 4 12 14 1 20 13 
student 553: 1 13 14 2 11 4 15 18 8 6 3 20 9 12 19 7 16 17 5 10 
student 554: 6 2 17 9 14 18 10 13 5 8 4 1 3 15 12 11 20 19 7 16 
student 555: 6 9 16 1 11 2 17 14 18 8 20 10 15 5 7 3 12 4 13 19 
student 556: 18 7 2 15 5 9 10 12 19 11 4 17 8 13 16 3 20 6 14 1 
student 557: 4 2 10 15 3 12 5 18 16 11 1 20 6 7 13 19 8 17 9 14 
student 558: 8 1 19 20 10 15 14 5 9 4 3 2 16 7 11 13 17 18 12 6 
student 559: 12 16 5 6 9 15 19 14 10 1 11 20 3 8 17 13 7 4 18 2 
student 560: 10 11 9 13 5 1 2 16 18 12 8 20 4 17 19 7 14 15 3 6 
student 561: 1 9 15 8 12 10 14 19 3 7 5 18 4 2 20 11 6 17 13 16 
student 562: 15 3 9 5 11 6 10 7 20 16 4 1 17 13 18 2 14 12 8 19 
student 563: 1 7 13 15 5 4 18 17 19 20 6 2 3 11 14 16 10 9 12 8 
student 564: 3 15 13 17 12 11 1 18 14 20 7 2 5 16 4 8 10 6 9 19 
student 565: 7 12 5 17 10 20 4 14 11 13 2 15 19 9 16 1 6 3 18 8 
student 566: 1 8 4 14 10 6 11 9 15 3 5 7 2 20 12 13 16 19 17 18 
student 567: 2 14 13 19 4 16 18 20 8 7 5 15 6 10 3 11 12 1 17 9 
student 568: 10 19 11 9 14 13 17 18 20 6 4 8 1 2 15 12 7 3 5 16 
student 569: 3 1 19 2 7 15 4 14 16 13 20 9 8 10 5 12 18 11 17 6 
student 570: 10 12 13 7 15 8 19 2 16 3 6 17 1 5 9 11 4 14 20 18 
student 571: 2 15 6 17 1 12 8 16 7 13 11 19 9 4 3 14 20 18 10 5 
student 572: 8 6 4 12 18 15 13 19 14 7 2 20 3 11 16 5 1 9 10 17 
student 573: 10 15 14 13 5 6 8 17 16 20 12 19 3 4 1 2 9 7 18 11 
student 574: 5 12 19 15 7 17 13 4 20 2 3 8 1 14 9 6 10 11 16 18 
student 575: 20 4 15 8 1 13 5 18 16 6 3 19 7 9 11 2 17 14 10 12 
student 576: 7 6 10 9 8 11 4 16 1 5 13 20 19 2 14 3 12 17 15 18 
student 577: 5 8 3 13 12 2 17 19 10 15 20 11 16 4 9 6 14 1 7 18 
student 578: 12 13 14 16 3 4 15 19 18 11 8 10 9 1 20 5 2 6 17 7 
student 579: 11 19 6 20 1 15 4 10 9 12 7 13 5 3 18 16 8 2 14 17 
student 580: 7 3 12 6 15 5 14 18 1 17 2 8 4 19 9 11 13 20 16 10 
student 581: 12 8 7 20 5 1 17 19 18 13 10 16 3 2 15 14 6 4 11 9 
student 582: 19 4 13 7 3 11 10 18 20 2 6 17 1 5 8 9 15 16 12 14 
student 583: 19 13 15 16 8 11 5 17 4 6 12 18 9 3 2 20 7 14 10 1 
student 584: 8 4 19 18 1 11 7 17 15 10 9 14 6 12 5 13 20 16 2 3 
student 585: 8 18 16 9 5 7 10 17 19 20 1 13 2 14 3 15 12 4 6 11 
student 586: 1 8 17 14 4 9 18 16 13 15 5 19 2 7 10 3 20 6 12 11 
student 587: 1 4 7 10 8 2 18 15 14 3 20 9 5 16 11 17 12 13 19 6 
student 588: 2 16 1 17 4 13 7 20 19 6 9 3 5 15 14 12 10 8 11 18 
student 589: 4 3 13 9 5 7 6 12 2 14 17 16 1 18 11 8 20 10 15 19 
student 590: 7 4 9 1 15 10 5 13 11 14 2 20 3 8 19 17 18 6 16 12 
student 591: 3 15 11 9 4 10 8 17 5 18 2 16 20 12 19 13 14 7 6 1 
student 592: 16 7 19 5 12 1 3 18 14 13 2 6 4 8 20 10 17 9 15 11 
student 593: 7 5 10 17 15 14 3 16 11 20 1 12 2 18 13 8 6 4 9 19 
student 594: 3 15 9 16 11 1 13 18 19 8 12 17 7 4 10 2 5 6 20 14 
student 595: 10 2 8 15 7 12 17 16 20 9 3 13 11 6 14 1 18 4 19 5 
student 596: 4 11 16 14 8 19 18 12 17 7 5 13 10 6 15 1 9 3 2 20 
student 597: 3 15 10 20 8 2 13 7 19 9 12 4 6 14 18 11 1 17 5 16 
student 598: 14 12 6 19 13 5 15 18 1 9 4 7 3 2 10 17 20 11 16 8 
student 599: 9 7 11 18 8 20 13 6 15 17 1 5 10 16 2 12 14 4 19 3 
student 600: 4 11 5 15 7 1 16 18 9 13 2 10 20 8 14 3 12 6 19 17 
student 601: 2 7 13 20 15 11 12 17 6 14 1 18 8 5 10 16 3 4 19 9 
student 602: 8 4 19 16 7 14 18 10 12 2 11 6 20 3 15 1 13 9 17 5 
student 603: 4 5 6 8 14 9 13 16 20 18 7 15 1 2 10 3 17 19 12 11 
student 604: 7 6 14 2 4 11 12 17 19 10 20 18 5 13 15 9 1 3 16 8 
student 605: 10 13 2 11 17 15 5 8 18 4 1 20 16 9 6 12 14 7 3 19 
student 606: 4 8 1 19 3 2 10 20 17 9 5 18 12 13 7 11 14 6 15 16 
student 607: 8 15 5 16 3 20 18 11 14 19 6 13 4 1 2 10 12 9 17 7 
student 608: 13 8 16 2 3 10 5 15 14 20 1 18 7 17 9 12 4 6 19 11 
student 609: 9 2 3 20 6 10 7 12 16 4 5 15 13 19 18 1 8 11 17 14 
student 610: 11 13 2 15 7 8 12 4 20 18 10 16 17 5 9 3 19 1 14 6 
student 611: 17 20 5 18 7 10 14 13 19 8 2 15 1 6 16 9 11 4 3 12 
student 612: 6 1 5 12 4 7 19 20 10 14 3 2 9 16 13 17 11 8 18 15 
student 613: 4 10 15 20 13 3 17 11 16 2 8 19 6 14 5 12 7 1 18 9 
student 614: 7 6 5 12 18 8 1 15 9 16 13 19 4 2 10 11 17 3 14 20 
student 615: 1 16 18 2 10 20 6 5 15 12 3 19 4 7 11 9 8 17 13 14 
student 616: 15 10 16 18 6 9 14 3 5 11 2 4 1 12 17 7 20 8 19 13 
student 617: 6 14 5 16 4 7 17 13 20 12 1 8 10 9 3 11 18 15 19 2 
student 618: 9 7 14 3 8 6 13 4 20 11 5 19 1 2 15 12 17 10 18 16 
student 619: 5 16 13 18 19 8 9 11 1 15 14 6 7 17 20 2 12 3 4 10 
student 620: 8 9 2 5 10 15 17 18 6 7 1 20 11 12 14 13 16 19 4 3 
student 621: 7 3 9 20 8 17 18 6 16 4 11 15 1 2 19 12 13 10 5 14 
student 622: 14 9 8 10 17 7 15 19 3 13 2 16 1 18 5 12 20 6 11 4 
student 623: 6 9 7 1 2 5 16 13 19 15 3 20 8 14 12 4 18 11 10 17 
student 624: 15 5 7 13 8 12 11 10 18 16 1 20 2 6 3 14 19 4 17 9 
student 625: 19 14 5 4 15 17 1 20 18 10 3 11 2 13 9 6 12 8 7 16 
student 626: 20 8 3 17 9 14 6 12 13 19 2 18 5 10 16 1 11 4 7 15 
student 627: 6 13 8 10 5 3 14 19 16 17 9 7 4 12 18 1 2 11 20 15 
student 628: 2 3 12 4 8 20 6 19 18 5 10 14 1 7 11 13 16 9 17 15 
student 629: 17 1 14 15 9 16 5 11 3 20 2 4 8 13 12 6 18 7 10 19 
student 630: 4 13 12 17 6 14 5 19 16 15 10 8 2 3 20 1 9 11 7 18 
student 631: 17 9 5 4 18 16 12 10 20 11 1 19 8 3 14 7 6 2 13 15 
student 632: 3 17 16 10 20 8 19 14 6 18 12 15 13 2 7 9 1 4 11 5 
student 633: 17 15 7 8 16 9 4 13 2 11 1 12 3 5 20 10 19 6 18 14 
student 634: 6 4 12 7 5 1 11 17 15 8 20 18 16 9 3 10 19 2 13 14 
student 635: 11 9 12 10 15 5 7 18 14 1 2 8 4 19 3 13 17 20 6 16 
student 636: 1 6 4 15 14 7 5 16 20 13 9 8 3 10 2 18 12 17 11 19 
student 637: 12 5 18 3 10 15 2 13 17 20 4 19 11 6 14 1 8 7 16 9 
student 638: 6 8 12 2 1 20 7 10 16 15 4 13 3 14 17 5 11 9 18 19 
student 639: 2 14 5 12 6 13 15 19 17 3 8 11 10 4 9 20 16 1 18 7 
student 640: 20 15 14 13 10 2 19 12 16 17 1 5 11 9 6 4 7 8 18 3 
student 641: 7 13 4 14 6 9 10 15 3 16 1 12 19 20 11 5 2 8 18 17 
student 642: 3 9 12 2 10 4 20 15 16 5 7 17 6 13 19 14 18 1 11 8 
student 643: 6 13 5 3 12 20 8 17 1 4 18 10 7 19 14 15 11 2 9 16 
student 644: 5 10 16 9 12 13 1 19 15 3 7 11 17 18 6 4 14 2 20 8 
student 645: 3 2 15 16 13 20 5 14 9 11 4 6 18 8 17 1 7 19 10 12 
student 646: 6 13 11 8 12 20 16 3 15 17 2 18 9 14 4 5 19 1 7 10 
student 647: 12 6 7 16 10 18 5 9 19 17 3 15 11 4 1 20 8 2 14 13 
student 648: 17 2 12 13 6 5 16 18 19 15 3 7 1 4 8 11 10 9 20 14 
student 649: 1 4 6 10 2 20 7 14 8 9 3 19 5 18 16 15 13 17 12 11 
student 650: 9 16 2 17 6 18 12 11 19 10 4 7 1 14 3 8 13 15 20 5 
student 651: 19 4 20 2 8 1 3 11 16 10 12 7 5 9 13 14 17 6 15 18 
student 652: 20 8 6 16 17 3 4 10 15 7 5 13 18 9 19 12 1 2 11 14 
student 653: 8 13 17 18 7 1 9 19 4 15 6 5 3 10 16 12 20 11 14 2 
student 654: 3 8 5 11 1 14 9 2 20 13 18 16 6 4 17 10 12 7 15 19 
student 655: 6 15 7 14 3 5 13 12 16 10 9 18 1 17 11 2 4 8 19 20 
student 656: 7 16 5 17 20 11 19 15 9 6 4 13 10 12 8 2 18 3 1 14 
student 657: 8 1 5 20 17 9 11 19 14 16 6 12 7 4 13 3 18 15 2 10 
student 658: 8 5 18 1 6 12 11 17 16 19 15 20 4 2 14 3 13 7 9 10 
student 659: 18 3 19 17 8 7 14 4 15 1 5 20 9 10 16 13 2 6 11 12 
student 660: 2 14 11 9 4 16 12 8 18 7 1 20 3 13 15 17 19 6 10 5 
student 661: 7 14 6 4 15 11 3 16 17 13 8 18 5 9 19 12 2 20 10 1 
student 662: 9 8 11 17 3 16 2 7 15 6 10 4 1 13 20 19 5 14 12 18 
student 663: 16 8 12 15 3 4 18 14 11 10 9 17 1 2 6 5 19 20 13 7 
student 664: 1 12 20 17 5 14 15 13 7 9 6 16 2 4 11 3 19 10 18 8 
student 665: 15 17 9 2 1 10 13 14 6 7 3 18 11 8 19 20 5 4 12 16 
student 666: 5 8 19 9 12 10 20 15 18 3 6 14 2 11 4 13 16 7 17 1 
student 667: 2 6 15 12 16 8 20 17 19 1 11 18 3 5 10 4 13 7 9 14 
student 668: 2 14 8 7 9 3 12 18 11 19 10 20 6 1 5 16 17 13 15 4 
student 669: 5 17 10 13 1 4 16 15 11 8 2 19 6 9 12 20 3 7 18 14 
student 670: 12 20 9 6 8 2 4 14 15 3 1 18 10 13 5 7 11 19 17 16 
student 671: 19 1 17 14 13 18 8 20 12 6 5 16 4 9 2 15 3 10 11 7 
student 672: 18 5 17 19 7 3 13 9 16 15 11 4 10 12 6 14 8 2 20 1 
student 673: 10 5 3 11 6 12 1 20 2 18 16 17 9 7 4 8 14 15 13 19 
student 674: 2 5 10 13 6 9 17 14 7 18 1 15 3 4 12 19 20 8 16 11 
student 675: 13 8 10 16 4 6 2 20 12 14 9 7 18 11 15 17 19 1 5 3 
student 676: 10 11 19 13 9 5 7 18 17 14 6 8 3 4 15 16 20 2 12 1 
student 677: 3 4 8 10 1 19 15 18 16 20 2 9 6 5 14 12 7 11 13 17 
student 678: 14 1 20 13 19 5 15 16 11 18 2 8 3 7 4 10 12 6 17 9 
student 679: 2 6 3 13 9 20 15 16 1 7 11 17 18 4 12 14 5 19 10 8 
student 680: 5 8 16 1 4 9 19 20 17 15 10 12 14 6 18 2 3 13 11 7 
student 681: 9 1 3 16 6 8 19 20 17 14 12 11 4 15 7 2 13 10 5 18 
student 682: 4 10 20 9 8 17 7 6 14 2 3 1 15 12 19 11 16 13 18 5 
student 683: 8 10 3 18 15 16 9 17 5 2 1 11 13 4 6 12 14 19 20 7 
student 684: 7 5 9 8 4 3 2 18 11 19 16 20 1 12 13 10 15 6 17 14 
student 685: 4 5 8 13 9 10 12 15 18 17 2 19 1 7 14 11 20 16 6 3 
student 686: 18 12 19 14 2 13 4 11 16 10 1 3 5 8 15 9 17 6 20 7 
student 687: 1 12 20 15 7 2 16 13 4 19 17 11 6 18 14 3 8 9 10 5 
student 688: 9 19 14 5 2 3 17 13 16 18 8 7 4 6 12 1 10 15 11 20 
student 689: 19 18 15 10 2 4 6 17 3 14 13 20 7 16 9 12 1 8 11 5 
student 690: 10 8 19 15 13 17 16 11 18 14 2 9 5 1 6 4 20 3 7 12 
student 691: 19 17 3 5 1 9 7 11 20 16 15 14 6 2 18 8 12 13 4 10 
student 692: 4 7 18 8 13 1 11 9 6 3 19 14 2 5 20 17 10 15 16 12 
student 693: 2 8 6 7 4 15 12 16 20 19 10 18 14 3 11 9 17 1 13 5 
student 694: 2 10 4 15 3 8 16 18 17 1 6 19 7 12 9 14 11 5 13 20 
student 695: 12 13 9 11 15 4 20 10 17 7 1 16 6 18 3 8 19 2 5 14 
student 696: 1 9 19 7 12 18 11 17 6 20 10 16 8 5 2 3 14 15 4 13 
student 697: 17 6 12 8 14 7 15 10 2 19 1 18 4 5 13 3 11 9 16 20 
student 698: 3 13 14 19 16 1 5 18 17 7 4 20 2 15 6 10 9 8 12 11 
student 699: 1 4 3 12 7 2 14 20 13 8 10 19 5 6 9 11 16 17 18 15 
student 700: 16 2 18 12 3 7 13 17 19 4 15 20 9 1 11 8 10 5 6 14 
student 701: 8 6 17 15 18 1 10 16 11 7 4 20 13 12 9 2 3 14 19 5 
student 702: 20 7 17 18 11 3 9 6 2 12 5 14 10 8 19 4 15 1 16 13 
student 703: 9 6 19 13 17 15 18 1 20 3 7 11 5 8 14 12 2 10 4 16 
student 704: 2 11 19 12 16 18 14 17 4 6 8 7 10 15 5 3 9 1 13 20 
student 705: 6 13 14 3 11 16 19 9 2 4 7 5 15 1 12 8 20 10 18 17 
student 706: 11 6 12 8 7 2 16 17 10 14 5 20 3 4 18 9 15 1 13 19 
student 707: 9 3 13 8 1 17 14 2 6 16 7 15 5 11 20 12 10 4 19 18 
student 708: 5 8 12 7 13 17 20 15 10 4 1 9 19 3 16 6 2 14 18 11 
student 709: 4 3 15 19 5 6 14 12 17 13 2 20 8 10 9 7 18 1 16 11 
student 710: 13 6 16 15 17 20 10 18 3 1 8 19 5 2 4 11 7 9 12 14 
student 711: 8 10 16 7 17 5 9 11 2 4 12 18 14 19 6 3 13 1 20 15 
student 712: 20 3 10 7 1 5 4 13 12 19 8 14 6 9 17 16 2 15 11 18 
student 713: 5 8 18 16 1 10 2 17 7 9 14 19 12 11 15 4 20 3 13 6 
student 714: 19 4 15 17 6 12 1 18 11 9 3 8 10 20 7 16 13 2 14 5 
student 715: 1 8 13 4 6 5 14 17 18 3 2 7 12 9 19 10 11 20 15 16 
student 716: 11 5 3 10 2 9 7 18 16 4 13 6 1 14 19 12 15 8 17 20 
student 717: 4 13 1 19 5 7 20 15 14 10 6 16 9 17 2 3 11 8 12 18 
student 718: 16 5 6 7 12 15 13 2 4 17 18 14 3 11 9 10 19 1 8 20 
student 719: 5 9 14 20 2 1 8 19 18 13 3 16 6 11 17 15 12 4 10 7 
student 720: 3 4 10 13 11 18 16 9 7 6 12 15 1 14 19 5 20 2 17 8 
student 721: 11 16 6 17 10 8 18 19 12 1 13 14 7 2 9 4 5 15 20 3 
student 722: 9 3 11 12 1 18 2 13 19 15 7 20 8 14 5 6 10 16 4 17 
student 723: 11 7 10 16 12 13 2 14 15 17 4 19 1 6 8 3 20 9 5 18 
student 724: 10 5 16 15 8 4 1 19 7 20 2 17 11 14 13 6 3 18 12 9 
student 725: 1 10 2 14 5 17 11 13 16 3 19 15 8 6 12 7 20 4 18 9 
student 726: 2 15 11 5 6 12 13 17 16 14 1 20 7 4 8 9 18 10 3 19 
student 727: 15 7 2 4 1 12 13 14 9 17 11 19 10 3 8 5 16 6 18 20 
student 728: 1 10 9 11 5 20 12 14 2 19 3 18 7 6 16 15 13 4 8 17 
student 729: 1 6 10 5 3 8 18 13 14 17 15 2 7 4 16 12 11 9 19 20 
student 730: 4 1 10 2 11 16 3 17 20 19 6 13 18 12 5 8 14 7 15 9 
student 731: 1 6 9 11 5 10 12 18 19 3 2 4 8 15 13 7 17 20 14 16 
student 732: 2 7 18 15 17 4 10 19 14 9 3 5 8 11 20 1 6 12 16 13 
student 733: 9 5 8 18 7 15 14 16 10 20 1 19 2 12 4 13 6 3 17 11 
student 734: 6 12 13 20 2 9 14 11 19 5 1 17 8 3 15 16 10 4 7 18 
student 735: 13 1 5 16 6 3 19 11 15 8 2 20 4 9 10 7 17 14 18 12 
student 736: 1 12 19 15 4 16 7 8 18 10 5 20 6 14 9 17 13 2 3 11 
student 737: 1 14 15 18 11 10 2 8 20 3 19 6 7 5 13 12 4 17 9 16 
student 738: 6 9 15 8 18 16 14 20 17 10 3 12 2 7 13 11 4 1 19 5 
student 739: 8 1 20 18 16 14 15 19 17 11 10 7 5 3 12 6 9 2 4 13 
student 740: 14 5 3 13 9 6 20 7 12 18 11 8 10 2 1 15 4 17 16 19 
student 741: 6 9 8 17 12 2 1 13 7 5 14 11 4 10 20 16 19 3 18 15 
student 742: 3 13 11 6 2 5 20 17 12 9 18 15 14 19 4 8 7 1 10 16 
student 743: 13 12 11 16 8 15 20 18 1 17 9 6 5 10 3 2 7 4 14 19 
student 744: 13 4 7 20 6 18 14 16 11 19 2 3 5 10 9 8 1 17 15 12 
student 745: 2 8 15 6 3 17 20 14 16 12 9 13 1 18 11 7 4 5 10 19 
student 746: 16 4 15 8 5 3 20 11 17 2 7 9 10 1 6 12 14 19 18 13 
student 747: 6 11 15 8 1 9 2 10 13 12 5 18 4 14 16 3 20 7 19 17 
student 748: 9 2 17 19 4 5 20 18 13 12 6 3 1 14 7 11 10 8 15 16 
student 749: 9 2 4 7 18 8 17 15 6 19 1 20 13 14 12 10 16 11 5 3 
student 750: 3 5 17 10 1 12 8 11 19 18 16 13 6 2 20 9 4 14 15 7 
student 751: 11 2 5 10 1 8 17 16 19 15 3 9 6 14 4 20 18 7 13 12 
student 752: 2 14 20 13 7 6 16 8 19 5 10 18 1 4 17 15 9 3 12 11 
student 753: 12 3 11 2 4 20 8 6 7 14 1 19 17 15 5 13 18 10 16 9 
student 754: 4 8 11 15 16 9 18 19 20 3 7 17 10 6 5 12 13 1 14 2 
student 755: 16 2 18 14 8 19 7 5 10 13 1 11 9 4 20 6 12 15 3 17 
student 756: 7 12 14 9 10 4 8 11 20 1 13 6 16 3 17 5 2 18 15 19 
student 757: 6 4 5 20 1 10 15 14 18 9 19 16 3 13 2 12 11 8 7 17 
student 758: 1 5 2 12 3 14 9 20 6 7 16 17 4 10 11 15 13 8 19 18 
student 759: 17 15 19 5 11 8 9 18 13 3 12 7 4 14 10 1 16 2 20 6 
student 760: 2 7 9 17 10 4 8 1 19 12 11 6 14 15 5 20 18 3 13 16 
student 761: 10 15 11 3 9 19 7 17 16 14 2 4 5 13 8 12 6 1 20 18 
student 762: 16 20 7 11 10 13 15 17 14 19 12 5 8 2 4 1 6 9 18 3 
student 763: 20 19 10 9 6 2 16 12 18 7 1 15 3 17 14 8 13 5 11 4 
student 764: 4 1 8 14 5 3 13 17 9 6 2 19 20 11 12 10 7 18 16 15 
student 765: 2 11 6 8 20 3 14 16 7 5 1 17 13 15 18 4 19 9 10 12 
student 766: 16 4 17 20 5 6 8 9 12 1 7 2 3 13 19 18 11 15 10 14 
student 767: 11 8 4 20 5 13 6 19 18 10 7 17 16 14 1 15 3 2 12 9 
student 768: 2 7 5 12 6 4 16 19 17 10 11 18 8 3 9 15 20 1 14 13 
student 769: 8 5 13 19 15 6 2 11 16 12 18 14 10 9 1 7 17 4 3 20 
student 770: 4 7 9 20 2 8 1 14 17 16 5 19 15 11 12 10 13 3 6 18 
student 771: 6 1 10 16 9 19 15 4 17 14 2 12 7 11 5 3 18 13 20 8 
student 772: 17 8 18 9 2 12 4 16 1 6 14 10 15 20 11 3 13 7 19 5 
student 773: 13 14 6 1 8 11 12 16 10 7 4 20 3 5 2 15 18 17 9 19 
student 774: 14 2 18 12 6 15 9 17 7 16 3 20 13 5 4 11 1 10 19 8 
student 775: 9 1 12 13 2 6 4 20 11 5 3 19 7 14 8 16 10 18 15 17 
student 776: 8 2 9 12 3 18 15 4 16 1 5 17 7 11 14 10 13 19 20 6 
student 777: 3 17 13 16 14 19 7 20 10 2 6 8 5 9 12 11 18 1 15 4 
student 778: 5 10 13 7 16 15 8 20 17 11 9 4 1 3 6 2 18 19 14 12 
student 779: 20 19 6 2 8 15 12 17 3 11 14 18 10 5 9 1 13 7 4 16 
student 780: 4 19 17 6 2 1 13 8 16 12 9 11 14 7 10 5 15 3 18 20 
student 781: 15 16 7 13 5 17 9 20 10 4 12 14 2 8 11 6 3 1 18 19 
student 782: 4 10 5 20 6 16 2 14 13 18 17 9 3 19 7 12 8 15 11 1 
student 783: 13 7 6 2 10 3 18 20 15 12 8 11 17 14 19 1 5 4 9 16 
student 784: 14 15 10 1 20 19 11 9 18 13 5 17 2 16 12 4 8 3 6 7 
student 785: 9 3 10 13 4 6 12 17 15 5 8 20 11 1 7 18 19 16 2 14 
student 786: 8 5 14 19 1 9 3 20 7 2 10 18 4 6 15 13 17 12 16 11 
student 787: 18 8 20 6 19 1 11 3 12 16 9 13 4 7 17 5 15 14 2 10 
student 788: 9 3 10 16 18 13 19 15 20 12 14 8 1 5 11 7 6 2 17 4 
student 789: 12 11 16 13 6 10 8 18 19 20 7 3 1 2 4 5 17 9 15 14 
student 790: 18 7 1 10 6 15 2 11 19 5 3 12 9 16 13 14 8 17 4 20 
student 791: 11 5 19 7 3 6 13 15 9 18 12 20 1 2 8 14 4 16 17 10 
student 792: 16 15 10 8 12 19 3 6 1 5 7 14 4 18 13 9 11 2 17 20 
student 793: 13 3 9 4 1 15 8 20 16 6 10 17 2 19 18 12 11 5 14 7 
student 794: 14 1 18 20 2 16 10 17 11 15 6 8 7 4 12 9 5 19 3 13 
student 795: 3 18 7 5 4 17 2 16 15 20 9 19 13 6 8 11 1 10 14 12 
student 796: 2 7 14 15 11 6 18 1 10 3 5 4 20 8 16 13 17 9 12 19 
student 797: 5 18 9 13 2 16 10 12 19 17 4 6 1 7 11 3 20 8 15 14 
student 798: 3 9 7 17 12 16 14 19 6 4 2 8 10 1 20 5 18 11 15 13 
student 799: 14 11 19 9 15 8 1 2 13 16 6 18 5 17 20 3 12 4 10 7 
