student 0: 18 19 15 17 5 6 7 12 8 16 20 13 3 11 1 14 10 2 9 4 
student 1: 12 13 8 15 19 11 3 16 6 7 20 2 4 18 17 14 9 1 5 10 
student 2: 3 19 11 6 8 7 5 10 1 13 16 2 17 15 9 20 18 12 14 4 
student 3: 1 17 7 8 14 6 3 11 19 16 20 9 13 4 18 15 10 5 2 12 
student 4: 19 7 14 12 2 11 13 10 9 20 6 1 8 17 16 15 4 18 3 5 
student 5: 2 6 7 15 19 4 13 20 18 14 9 10 3 8 11 17 12 16 5 1 
student 6: 6 14 13 3 20 1 9 11 19 16 7 2 4 15 18 12 8 17 5 10 
student 7: 15 14 1 12 5 11 18 7 9 19 13 3 16 20 2 8 4 6 17 10 
student 8: 11 10 9 7 20 13 19 18 6 15 16 1 12 5 14 8 2 4 3 17 
student 9: 4 17 12 16 6 1 8 9 20 11 19 13 3 5 10 18 7 15 14 2 
student 10: 13 18 9 6 1 5 7 3 11 16 17 4 19 8 20 14 10 15 12 2 
student 11: 2 14 19 17 18 16 6 13 15 5 20 4 3 12 1 11 10 7 9 8 
student 12: 1 11 5 3 19 18 10 20 4 17 16 6 2 12 14 13 15 8 9 7 
student 13: 5 20 17 18 7 13 6 4 11 12 15 16 14 10 19 2 1 3 8 9 
student 14: 5 17 14 16 2 19 11 10 12 1 18 15 13 9 4 20 7 3 6 8 
student 15: 14 2 20 17 8 11 5 4 12 19 16 9 10 3 15 13 18 1 6 7 
student 16: 4 12 18 17 11 14 2 13 15 10 20 6 16 19 9 1 7 5 8 3 
student 17: 17 16 19 13 15 10 9 8 12 7 14 3 4 6 20 5 2 11 18 1 
student 18: 11 10 17 8 7 19 14 20 5 1 13 6 15 16 18 12 3 2 9 4 
student 19: 14 15 9 16 8 13 10 12 7 2 17 5 3 6 19 20 11 1 18 4 
student 20: 11 3 19 15 6 20 5 2 16 18 4 1 13 7 10 17 12 9 14 8 
student 21: 12 16 1 17 6 10 5 9 18 20 19 13 3 11 15 8 7 2 14 4 
student 22: 9 19 4 17 3 13 2 16 11 14 6 7 12 18 5 15 10 1 20 8 
student 23: 1 18 9 17 6 12 4 5 14 19 20 7 15 16 8 2 13 3 10 11 
student 24: 17 15 13 8 20 9 18 11 16 1 6 4 7 3 5 10 14 2 12 19 
student 25: 9 15 1 10 8 2 5 14 20 19 11 18 4 17 13 6 12 16 7 3 
student 26: 1 3 20 14 5 17 16 6 9 7 8 4 11 2 15 18 10 12 13 19 
student 27: 12 14 9 18 8 7 1 17 16 6 15 5 4 20 2 19 11 3 13 10 
student 28: 19 13 18 20 8 15 11 9 12 14 4 1 2 16 6 17 7 5 10 3 
student 29: 6 20 10 11 18 19 7 13 5 9 8 16 4 14 15 1 12 17 3 2 
student 30: 10 14 16 12 4 19 1 3 11 18 20 2 5 6 9 17 8 13 7 15 
student 31: 13 9 15 5 19 10 14 17 20 18 6 11 8 12 2 3 7 1 16 4 
student 32: 9 11 18 19 10 5 7 4 20 16 6 1 2 12 3 8 13 14 15 17 
student 33: 3 18 5 12 4 13 7 19 20 9 17 6 16 14 15 8 11 10 1 2 
student 34: 9 19 15 6 2 10 7 1 20 11 16 17 18 8 12 14 13 3 5 4 
student 35: 5 16 20 9 18 11 7 19 13 6 17 14 12 8 4 10 3 2 15 1 
student 36: 7 5 9 4 11 6 2 20 18 13 15 10 1 19 16 8 17 3 12 14 
student 37: 7 17 6 1 9 16 5 19 3 14 8 13 4 10 2 15 20 18 12 11 
student 38: 3 20 11 12 17 5 14 10 8 19 13 7 9 18 16 4 1 6 2 15 
student 39: 1 16 3 4 6 18 15 12 10 14 13 5 19 17 11 8 9 7 2 20 
student 40: 5 4 17 19 3 6 13 9 1 2 20 11 10 16 14 18 12 15 7 8 
student 41: 1 5 14 3 2 19 18 20 4 7 11 16 12 13 17 6 15 9 10 8 
student 42: 3 20 9 2 14 11 19 7 13 18 16 5 6 10 15 8 17 1 4 12 
student 43: 7 19 20 10 9 2 12 13 5 17 18 3 15 8 6 1 14 11 16 4 
student 44: 19 11 20 2 4 12 8 15 10 17 16 13 6 14 9 18 7 3 5 1 
student 45: 19 20 10 16 4 11 15 7 14 12 1 3 9 8 13 18 17 6 5 2 
student 46: 3 17 14 19 8 13 6 12 9 2 15 1 16 18 20 11 4 10 5 7 
student 47: 2 19 15 7 3 12 6 10 16 8 14 4 17 5 1 13 20 11 9 18 
student 48: 2 17 13 6 9 12 4 11 10 8 18 7 14 15 16 20 5 1 3 19 
student 49: 18 16 20 12 13 11 3 6 9 15 17 14 2 19 5 8 10 7 4 1 
student 50: 4 19 13 17 15 6 3 20 7 14 16 2 10 18 11 12 9 1 8 5 
student 51: 20 16 3 19 15 1 6 11 18 17 8 10 12 9 5 7 2 13 14 4 
student 52: 18 19 9 10 20 11 13 5 15 6 14 7 4 17 2 16 8 3 12 1 
student 53: 4 19 8 17 9 12 1 2 5 20 11 16 14 18 6 15 10 3 13 7 
student 54: 9 16 11 13 6 19 17 14 7 18 20 15 2 4 10 8 1 5 12 3 
student 55: 2 19 12 20 13 7 11 6 10 5 9 8 4 17 3 16 15 1 18 14 
student 56: 3 19 16 1 10 2 12 7 20 18 6 4 11 13 8 17 15 5 14 9 
student 57: 6 16 1 8 18 3 5 14 19 10 11 17 15 7 13 9 4 20 12 2 
student 58: 1 18 10 15 14 6 11 4 5 16 3 2 7 17 13 9 19 8 20 12 
student 59: 17 3 14 13 18 11 12 8 20 19 4 1 9 5 15 10 7 6 16 2 
student 60: 11 20 4 12 13 16 18 5 14 8 17 19 6 9 15 2 7 3 1 10 
student 61: 14 8 10 16 20 17 11 3 13 18 12 15 7 19 6 4 9 5 2 1 
student 62: 5 17 14 13 19 10 3 18 16 15 11 1 8 2 7 20 9 4 12 6 
student 63: 10 20 9 2 19 15 7 5 13 16 3 14 4 18 1 8 17 12 6 11 
student 64: 8 15 4 18 7 10 12 5 14 20 17 13 1 19 16 11 6 2 9 3 
student 65: 11 18 3 4 12 16 14 1 8 17 15 10 5 9 2 6 20 7 19 13 
student 66: 4 14 10 18 9 17 15 11 12 20 13 5 2 3 6 16 19 1 7 8 
student 67: 9 14 16 3 18 6 7 2 8 17 12 13 19 5 15 20 1 11 4 10 
student 68: 20 10 16 1 6 5 9 15 8 12 7 19 11 18 17 3 13 14 2 4 
student 69: 16 15 18 20 14 12 8 6 19 7 10 4 3 17 11 13 2 5 9 1 
student 70: 3 19 8 5 4 9 12 2 11 17 16 15 6 18 14 7 10 1 13 20 
student 71: 14 18 15 12 6 8 10 17 13 16 19 9 11 4 5 7 3 1 20 2 
student 72: 7 6 14 3 19 4 8 16 5 17 13 9 18 20 11 12 15 1 10 2 
student 73: 4 16 20 9 19 14 8 11 13 17 10 2 1 3 12 7 6 18 5 15 
student 74: 5 18 7 12 17 19 10 13 6 3 8 9 2 14 4 20 16 15 1 11 
student 75: 15 18 2 5 6 16 13 9 4 8 7 10 11 14 20 19 3 1 12 17 
student 76: 8 19 20 14 10 12 13 7 15 2 16 3 11 5 17 6 9 4 1 18 
student 77: 12 20 10 9 14 3 13 5 18 11 19 8 2 16 7 15 17 1 6 4 
student 78: 1 20 19 11 18 13 5 10 6 14 8 2 4 12 16 9 15 17 7 3 
student 79: 7 12 20 8 9 14 18 13 19 16 10 6 11 1 2 17 3 4 15 5 
student 80: 7 10 19 20 4 9 18 13 2 17 15 12 14 11 5 8 16 1 6 3 
student 81: 17 7 19 2 6 3 18 12 16 15 5 10 4 13 20 11 14 9 8 1 
student 82: 6 18 1 14 10 12 3 7 17 16 13 19 4 9 2 15 8 5 20 11 
student 83: 11 15 12 8 17 3 14 20 10 9 19 6 1 7 16 18 5 4 13 2 
student 84: 6 18 1 10 8 17 9 5 11 16 20 12 14 15 7 13 2 3 19 4 
student 85: 15 13 7 12 16 17 6 5 19 20 10 4 2 18 8 11 14 3 1 9 
student 86: 10 11 13 17 2 1 19 6 18 9 8 16 5 4 14 3 20 15 7 12 
student 87: 7 17 9 15 16 6 19 13 14 3 11 8 4 20 12 2 10 1 18 5 
student 88: 4 9 13 15 16 11 18 8 10 17 7 12 5 6 2 3 20 1 19 14 
student 89: 17 16 4 11 1 20 2 10 5 14 3 12 8 19 15 13 6 18 9 7 
student 90: 14 19 8 20 7 12 15 1 9 18 16 10 4 11 13 5 2 6 3 17 
student 91: 1 10 20 5 6 9 7 8 15 11 13 4 16 18 17 19 14 3 12 2 
student 92: 8 19 20 15 18 6 14 10 2 13 17 5 9 12 1 7 11 4 16 3 
student 93: 6 15 9 14 16 19 13 12 5 11 2 4 8 17 18 20 7 10 1 3 
student 94: 8 12 17 6 5 10 1 15 16 14 18 7 2 19 9 20 4 3 11 13 
student 95: 11 13 2 14 8 19 4 7 17 16 18 5 9 15 10 20 1 12 3 6 
student 96: 6 16 11 19 1 10 20 18 2 14 4 12 5 17 8 15 9 3 13 7 
student 97: 8 9 6 17 13 2 7 3 10 20 19 5 12 11 4 16 14 1 15 18 
student 98: 12 13 18 10 14 17 19 9 1 4 20 16 3 11 15 7 8 2 5 6 
student 99: 18 9 19 1 16 10 20 17 11 12 8 5 15 14 13 4 3 2 7 6 
student 100: 11 13 15 19 8 20 4 14 2 3 6 12 18 17 5 9 1 7 16 10 
student 101: 4 16 8 2 19 17 15 11 7 20 9 10 3 12 18 5 13 1 14 6 
student 102: 12 4 9 2 19 6 18 3 15 7 17 11 16 14 20 13 1 5 10 8 
student 103: 3 13 16 7 9 17 10 20 12 15 19 11 2 18 5 4 8 6 14 1 
student 104: 17 5 8 19 11 10 3 2 15 12 16 9 14 18 1 20 7 6 4 13 
student 105: 4 20 10 6 5 8 19 11 17 2 18 12 14 9 3 15 16 1 13 7 
student 106: 6 18 20 7 12 4 16 5 11 13 2 1 14 17 19 15 9 8 3 10 
student 107: 10 11 8 15 16 1 4 9 13 17 14 5 7 19 12 18 3 20 6 2 
student 108: 1 9 5 12 18 11 15 8 16 19 20 7 2 14 4 17 10 6 13 3 
student 109: 13 16 17 19 6 20 15 14 9 5 18 2 4 1 12 8 11 10 3 7 
student 110: 7 19 10 12 15 16 6 5 17 18 14 3 2 20 11 13 9 1 4 8 
student 111: 11 6 14 5 18 20 4 16 17 7 8 10 1 15 2 12 13 3 19 9 
student 112: 19 20 9 5 18 12 2 10 4 16 15 6 14 11 13 17 7 3 8 1 
student 113: 18 9 5 7 15 6 10 19 3 13 20 17 11 16 8 12 4 1 2 14 
student 114: 4 19 15 17 3 13 20 5 11 16 10 7 1 14 18 12 8 9 2 6 
student 115: 14 11 18 10 4 16 6 17 8 20 3 9 5 13 15 19 2 12 1 7 
student 116: 1 10 18 6 3 13 8 2 11 12 17 4 7 20 15 19 9 16 14 5 
student 117: 9 13 20 8 7 14 3 1 19 6 10 12 4 15 18 17 11 2 16 5 
student 118: 10 18 14 20 17 19 8 13 11 15 9 7 3 16 12 4 6 1 5 2 
student 119: 18 14 1 15 10 8 12 13 20 17 19 5 9 16 7 11 2 4 3 6 
student 120: 9 19 6 16 14 7 2 10 17 18 20 1 11 15 3 8 12 4 5 13 
student 121: 3 14 19 16 8 5 2 7 15 18 6 20 9 12 17 13 1 10 11 4 
student 122: 15 20 6 9 11 19 7 1 14 10 17 8 16 18 5 12 4 3 2 13 
student 123: 14 13 2 8 11 3 20 7 12 15 6 18 9 19 4 5 10 16 1 17 
student 124: 15 20 2 10 12 4 11 1 19 16 14 7 6 5 18 17 13 3 9 8 
student 125: 3 19 4 16 6 18 11 1 14 13 12 10 20 17 15 8 9 5 7 2 
student 126: 2 11 5 16 4 17 8 19 9 6 12 18 7 20 13 14 3 15 10 1 
student 127: 13 15 11 6 8 1 16 4 2 10 20 7 9 19 18 14 12 5 17 3 
student 128: 5 15 19 17 11 14 12 10 4 3 13 18 20 6 9 16 7 2 8 1 
student 129: 6 3 7 18 1 13 17 5 15 14 8 19 12 11 10 9 2 20 16 4 
student 130: 18 17 6 16 2 3 10 4 8 14 13 1 7 15 5 12 11 20 19 9 
student 131: 4 16 19 7 3 1 15 17 12 14 13 5 18 8 20 9 10 11 2 6 
student 132: 1 16 13 11 5 18 2 10 4 20 17 8 12 19 3 14 6 7 9 15 
student 133: 2 15 3 18 5 7 17 4 13 6 16 14 10 19 11 20 1 9 12 8 
student 134: 6 4 16 19 18 15 20 10 12 13 9 2 11 8 5 14 7 17 3 1 
student 135: 8 13 19 16 3 7 9 11 12 14 18 6 5 20 17 4 2 10 1 15 
student 136: 4 14 17 13 10 1 6 20 11 8 15 9 3 18 5 19 16 7 2 12 
student 137: 4 12 11 6 8 13 17 2 20 10 19 15 14 16 9 7 1 5 18 3 
student 138: 3 13 18 6 10 7 2 1 8 15 20 5 14 12 9 16 19 11 4 17 
student 139: 12 15 3 17 9 19 20 7 10 13 8 2 16 6 18 14 5 4 11 1 
student 140: 1 17 8 2 5 16 12 4 19 11 14 13 10 15 6 9 20 18 3 7 
student 141: 6 2 10 8 3 9 14 20 13 16 15 12 7 19 4 17 1 11 5 18 
student 142: 8 17 18 15 5 16 12 10 19 20 13 3 9 14 7 11 6 2 1 4 
student 143: 20 10 19 13 4 18 3 2 16 1 15 14 6 7 11 17 8 9 12 5 
student 144: 1 7 5 12 11 13 8 4 19 20 17 2 6 15 16 14 9 10 3 18 
student 145: 20 7 12 10 16 11 9 3 2 17 5 1 8 15 19 6 13 4 14 18 
student 146: 4 16 18 11 2 17 7 15 13 14 20 12 9 10 8 19 5 6 3 1 
student 147: 8 14 18 9 16 20 15 10 17 7 11 13 1 19 4 5 3 2 12 6 
student 148: 3 18 2 1 4 13 9 19 17 14 20 5 7 12 16 15 8 11 10 6 
student 149: 6 11 17 16 7 13 3 20 12 4 9 1 15 8 5 19 18 10 2 14 
student 150: 9 7 6 18 14 12 15 11 20 19 17 10 13 16 1 2 8 3 4 5 
student 151: 2 17 15 4 12 9 7 3 5 14 8 6 1 13 20 16 19 18 10 11 
student 152: 13 8 9 19 12 10 4 16 15 14 18 5 1 20 7 17 11 6 2 3 
student 153: 8 4 6 12 2 3 9 14 11 13 15 10 5 19 18 7 1 17 16 20 
student 154: 6 13 15 7 14 1 16 12 19 17 18 10 9 2 8 4 11 5 20 3 
student 155: 5 12 11 14 8 3 7 20 10 17 15 4 16 18 9 1 19 6 13 2 
student 156: 12 4 11 20 1 15 7 5 13 17 19 2 14 10 8 6 18 3 16 9 
student 157: 8 16 20 5 12 17 18 4 7 14 13 9 1 6 3 15 19 10 2 11 
student 158: 10 12 18 1 2 7 20 19 17 13 9 5 6 8 11 4 16 3 14 15 
student 159: 7 18 16 11 20 1 19 6 12 17 15 13 5 14 4 8 2 3 9 10 
student 160: 8 2 11 17 19 18 12 10 14 16 20 3 5 15 13 1 7 9 6 4 
student 161: 6 18 7 3 15 14 2 12 20 13 17 11 4 16 9 19 8 5 10 1 
student 162: 14 5 1 6 17 2 12 13 18 15 19 10 4 20 8 16 9 11 3 7 
student 163: 8 19 15 2 10 16 13 17 6 9 20 12 1 14 5 18 11 7 3 4 
student 164: 5 16 19 14 10 15 11 18 3 8 17 4 2 20 1 13 12 9 6 7 
student 165: 7 16 2 11 5 15 9 18 3 17 20 12 19 6 4 14 8 10 1 13 
student 166: 10 20 11 12 1 15 19 13 7 16 14 2 9 18 8 17 4 5 6 3 
student 167: 13 16 5 14 11 15 7 9 20 17 19 3 12 10 8 18 6 2 4 1 
student 168: 1 17 20 4 6 14 15 12 3 8 9 11 16 7 5 2 18 13 19 10 
student 169: 16 15 18 9 3 6 2 7 13 19 11 5 8 20 14 17 4 12 10 1 
student 170: 13 19 10 3 12 6 7 18 15 4 14 8 17 2 11 20 16 9 5 1 
student 171: 3 15 20 2 12 13 7 16 19 14 10 5 8 18 4 1 9 6 17 11 
student 172: 12 16 10 20 1 19 17 13 3 6 15 2 5 14 7 11 9 8 18 4 
student 173: 1 13 16 4 7 12 8 18 2 20 15 19 3 17 11 14 9 5 10 6 
student 174: 5 14 10 15 1 8 2 16 20 19 13 9 7 12 6 18 11 4 17 3 
student 175: 5 14 12 18 6 4 11 3 13 17 19 7 10 9 20 2 8 15 1 16 
student 176: 16 17 4 2 18 12 8 15 20 14 13 6 1 7 19 5 11 10 9 3 
student 177: 3 20 16 6 17 8 15 13 5 2 19 10 12 18 9 11 7 4 14 1 
student 178: 7 15 18 16 11 9 17 1 14 2 20 4 6 19 12 8 13 10 3 5 
student 179: 14 18 5 11 15 20 1 17 10 9 2 3 4 19 7 16 12 13 6 8 
student 180: 1 17 16 13 15 3 5 7 19 10 14 9 8 18 20 12 11 4 2 6 
student 181: 1 9 20 6 11 12 17 8 13 18 7 4 15 19 5 16 10 14 2 3 
student 182: 8 3 19 15 11 12 9 2 18 20 6 1 7 14 10 17 13 4 16 5 
student 183: 10 17 14 5 12 18 15 1 11 13 16 2 4 7 8 6 20 3 19 9 
student 184: 6 20 9 14 2 5 19 18 13 17 16 3 8 11 15 7 12 4 1 10 
student 185: 6 8 18 7 19 20 11 10 17 12 13 2 9 15 16 4 5 1 14 3 
student 186: 5 13 9 11 12 1 3 17 15 14 16 4 20 10 8 18 7 2 19 6 
student 187: 1 10 12 15 5 9 14 18 11 16 8 2 17 19 3 20 4 7 6 13 
student 188: 19 16 9 12 17 18 10 11 13 6 4 7 1 20 8 15 14 5 2 3 
student 189: 8 14 11 7 5 13 2 6 18 9 20 4 10 15 16 3 17 1 19 12 
student 190: 3 10 11 8 4 20 19 2 17 9 5 6 14 12 15 18 16 1 13 7 
student 191: 1 20 2 19 3 9 17 6 14 16 7 11 4 15 10 12 18 13 8 5 
student 192: 20 10 8 9 15 4 6 2 12 16 13 19 5 11 3 18 7 1 14 17 
student 193: 2 13 20 15 8 5 18 14 3 11 16 1 9 4 6 10 12 17 19 7 
student 194: 1 2 20 6 14 17 3 5 8 15 10 9 12 18 4 19 7 16 11 13 
student 195: 11 18 6 7 16 14 9 3 2 20 15 10 8 12 5 17 4 1 19 13 
student 196: 12 2 15 14 4 11 13 10 8 20 19 17 3 16 5 18 7 1 6 9 
student 197: 7 17 9 4 11 14 1 5 18 6 12 3 19 15 16 13 8 20 10 2 
student 198: 7 15 10 11 16 12 4 5 13 17 19 1 2 20 3 18 14 6 9 8 
student 199: 15 10 8 16 19 13 3 2 18 11 12 14 7 9 20 6 4 5 1 17 
student 200: 4 7 17 9 10 18 1 11 6 14 13 5 12 19 3 2 8 20 15 16 
student 201: 20 4 15 17 14 2 7 6 16 13 12 3 1 5 8 10 9 11 18 19 
student 202: 2 17 16 19 20 12 18 8 1 9 10 6 7 14 5 15 4 3 13 11 
student 203: 1 13 14 20 12 16 3 9 10 7 5 2 11 17 4 18 6 8 19 15 
student 204: 15 16 19 8 7 17 1 18 13 5 12 6 2 14 4 10 20 11 3 9 
student 205: 9 16 12 17 11 6 18 2 10 13 19 8 4 1 20 14 15 3 5 7 
student 206: 2 17 3 20 13 19 14 12 15 7 18 8 4 9 1 16 6 5 10 11 
student 207: 3 13 8 9 18 16 6 10 19 7 17 14 1 20 5 11 15 2 12 4 
student 208: 11 16 8 20 15 4 19 12 17 7 13 6 2 14 1 18 5 9 3 10 
student 209: 20 14 9 18 7 1 3 10 19 16 2 12 5 15 11 13 17 6 8 4 
student 210: 7 19 20 11 12 6 15 17 16 14 18 5 13 10 1 2 8 9 3 4 
student 211: 16 17 8 6 14 7 5 13 19 10 4 9 20 15 11 12 3 2 1 18 
student 212: 7 12 14 9 18 1 15 10 8 16 19 17 2 20 6 11 13 3 4 5 
student 213: 10 20 18 8 13 4 12 16 2 17 14 6 3 19 5 1 15 11 7 9 
student 214: 6 11 12 10 20 4 2 7 17 13 18 16 19 9 14 15 1 8 5 3 
student 215: 12 10 18 16 7 19 2 9 15 13 20 4 6 1 11 17 8 3 5 14 
student 216: 7 19 16 11 1 4 3 20 15 6 9 5 8 17 10 13 12 18 2 14 
student 217: 5 3 17 11 13 20 8 10 14 6 18 1 19 12 15 16 7 2 9 4 
student 218: 4 12 16 5 3 19 1 14 18 6 20 2 17 13 10 11 9 15 7 8 
student 219: 12 19 20 15 6 5 2 10 11 16 8 4 7 9 3 17 18 1 13 14 
student 220: 6 20 16 15 2 4 11 9 19 8 1 17 10 7 14 3 5 12 13 18 
student 221: 4 7 3 16 11 14 2 18 17 19 8 15 6 10 13 20 5 1 9 12 
student 222: 2 20 16 9 14 1 4 19 12 10 3 13 15 17 18 11 8 5 7 6 
student 223: 3 16 18 20 10 5 6 7 15 1 8 12 19 17 2 13 11 9 14 4 
student 224: 16 7 20 1 15 17 4 3 6 14 8 10 9 19 13 18 11 2 12 5 
student 225: 10 13 16 14 6 4 9 1 7 17 3 5 12 8 20 11 19 2 18 15 
student 226: 14 6 17 12 5 19 15 10 1 13 18 7 3 20 16 11 8 4 9 2 
student 227: 6 13 19 15 17 10 4 7 9 5 12 16 14 20 2 11 8 3 1 18 
student 228: 5 7 13 2 1 3 16 19 8 15 14 20 12 6 11 17 9 4 18 10 
student 229: 13 16 19 17 10 11 20 6 14 15 1 8 3 9 7 18 4 12 5 2 
student 230: 14 16 11 6 8 4 19 15 20 5 10 1 9 17 12 2 7 18 3 13 
student 231: 12 18 9 14 10 6 3 4 20 15 16 8 5 7 17 11 13 19 1 2 
student 232: 3 19 7 20 6 4 10 18 1 17 12 5 8 13 14 11 16 2 15 9 
student 233: 8 16 15 3 17 6 13 9 18 4 19 5 1 14 11 12 7 20 10 2 
student 234: 13 20 9 7 6 11 1 19 15 5 18 16 14 17 3 8 4 2 10 12 
student 235: 9 2 12 6 7 17 18 4 11 19 14 1 10 15 20 16 13 8 5 3 
student 236: 3 12 17 6 19 8 14 15 13 16 20 2 4 1 10 18 11 7 5 9 
student 237: 18 6 4 12 9 7 13 16 8 17 14 15 1 5 3 10 19 11 2 20 
student 238: 5 16 6 7 8 14 11 3 4 12 18 15 1 19 10 17 9 13 20 2 
student 239: 2 14 13 17 4 9 10 8 15 18 6 3 1 12 20 16 5 11 7 19 
student 240: 1 7 6 19 11 14 12 18 17 5 15 20 10 9 13 16 3 8 4 2 
student 241: 6 15 17 12 1 11 13 10 14 3 18 19 4 20 8 16 2 5 9 7 
student 242: 13 20 8 1 11 14 10 17 2 18 6 16 3 15 5 7 12 4 9 19 
student 243: 5 16 20 8 18 11 13 14 15 4 6 1 7 17 3 19 12 2 10 9 
student 244: 13 19 1 3 18 17 5 12 20 14 4 6 15 10 9 16 2 7 11 8 
student 245: 7 19 17 4 11 18 15 3 16 20 10 12 6 14 2 8 9 1 13 5 
student 246: 19 5 10 9 7 16 20 15 3 18 17 14 1 11 4 12 13 8 2 6 
student 247: 8 17 20 9 11 19 5 14 10 16 13 7 4 2 15 1 6 12 18 3 
student 248: 4 11 19 15 7 13 1 6 14 16 17 3 2 10 9 5 8 20 18 12 
student 249: 2 20 16 12 4 9 17 13 11 1 18 6 19 14 8 3 10 5 15 7 
student 250: 5 4 11 14 2 1 6 15 13 16 20 9 18 12 17 19 10 7 3 8 
student 251: 16 2 15 14 10 8 3 6 18 13 19 12 11 20 9 17 4 7 1 5 
student 252: 6 20 12 4 5 2 16 17 10 14 8 18 3 1 9 19 11 15 13 7 
student 253: 10 13 17 9 20 14 7 18 1 19 11 4 15 8 3 16 5 6 12 2 
student 254: 6 20 13 1 9 10 8 11 17 5 14 15 19 16 3 18 2 7 12 4 
student 255: 4 12 15 9 6 16 14 13 11 7 18 10 1 17 5 8 2 3 20 19 
student 256: 5 15 13 10 19 11 7 8 14 9 20 4 6 17 3 2 1 18 12 16 
student 257: 20 16 10 3 13 5 2 7 9 17 14 4 8 12 1 19 15 6 18 11 
student 258: 11 17 16 9 4 20 15 18 3 14 10 2 12 8 7 19 1 13 5 6 
student 259: 7 6 17 18 14 11 9 13 10 1 4 16 3 15 2 20 19 8 12 5 
student 260: 7 20 6 17 8 15 16 12 4 9 19 3 1 10 18 11 2 5 13 14 
student 261: 19 9 18 17 6 10 1 7 20 14 2 4 8 13 12 11 16 3 15 5 
student 262: 12 7 13 14 1 20 11 8 16 17 9 15 4 10 3 18 2 5 19 6 
student 263: 5 20 10 19 15 7 16 11 6 12 14 2 4 8 3 17 13 1 9 18 
student 264: 18 6 17 10 14 7 12 4 2 16 13 20 11 15 8 19 1 9 5 3 
student 265: 17 16 1 3 5 8 11 12 9 15 18 4 7 14 20 19 6 2 10 13 
student 266: 12 14 3 18 19 8 9 6 15 10 16 20 5 13 2 17 7 1 4 11 
student 267: 16 8 20 15 5 10 6 11 13 14 18 7 4 17 2 19 12 3 9 1 
student 268: 2 6 9 8 12 15 3 4 14 20 13 1 17 11 18 19 16 7 10 5 
student 269: 5 8 20 17 16 19 3 13 2 7 11 10 12 18 6 14 9 1 15 4 
student 270: 1 20 17 18 19 6 5 16 3 12 15 8 11 10 2 7 9 4 14 13 
student 271: 6 14 7 17 2 11 3 4 9 19 10 5 12 20 18 15 16 8 13 1 
student 272: 4 14 9 8 10 3 16 11 18 17 13 2 1 20 15 12 5 7 6 19 
student 273: 2 12 18 3 9 13 10 16 17 20 19 14 7 15 4 5 11 8 6 1 
student 274: 5 15 16 20 12 17 9 10 18 19 14 8 1 13 7 4 3 11 6 2 
student 275: 4 2 9 20 1 3 10 13 12 11 16 5 14 15 8 6 19 17 18 7 
student 276: 16 14 13 7 15 3 6 1 12 19 20 18 9 8 10 17 2 5 11 4 
student 277: 15 1 14 8 12 17 19 6 5 18 13 9 11 10 2 16 7 20 3 4 
student 278: 8 6 18 13 15 10 9 14 11 17 19 1 12 20 7 3 16 4 2 5 
student 279: 20 14 13 4 10 16 12 18 15 9 19 2 1 7 3 8 6 5 11 17 
student 280: 14 19 15 17 5 12 20 16 11 6 13 7 2 9 18 10 3 1 4 8 
student 281: 5 16 18 7 15 20 19 1 3 12 11 14 8 13 17 4 6 2 10 9 
student 282: 1 15 19 10 13 11 18 12 9 7 17 3 20 2 14 16 8 5 6 4 
student 283: 8 10 15 11 6 19 4 5 2 17 18 7 12 13 14 16 9 1 20 3 
student 284: 7 10 14 12 2 9 5 13 17 18 16 4 6 15 3 11 8 1 19 20 
student 285: 19 13 20 3 8 10 5 16 12 17 9 1 6 4 2 14 11 18 15 7 
student 286: 2 13 10 19 5 6 9 7 8 17 16 12 3 11 4 20 14 1 18 15 
student 287: 5 9 4 6 10 19 3 15 14 17 18 12 2 20 13 8 7 1 11 16 
student 288: 11 13 10 19 20 12 8 2 9 15 16 6 1 18 5 14 7 4 17 3 
student 289: 3 2 16 12 4 8 13 18 9 17 15 5 1 20 19 11 14 7 6 10 
student 290: 10 13 19 6 8 15 4 1 16 7 20 17 14 11 9 5 12 18 3 2 
student 291: 2 20 16 4 3 13 12 10 7 18 15 1 9 17 11 19 8 5 6 14 
student 292: 2 14 13 18 7 12 6 8 16 10 20 11 17 15 3 19 9 1 4 5 
student 293: 4 20 7 17 15 13 11 9 18 10 6 3 19 16 14 5 2 1 12 8 
student 294: 15 16 5 11 7 13 8 18 19 14 20 6 12 2 9 10 17 4 3 1 
student 295: 8 10 7 19 14 20 5 11 17 16 12 6 1 15 3 18 2 9 13 4 
student 296: 4 18 12 9 8 11 7 15 14 16 19 1 5 17 6 2 13 20 10 3 
student 297: 3 10 19 7 8 4 12 11 13 17 15 1 2 18 6 20 9 5 16 14 
student 298: 5 11 18 12 8 6 10 13 19 16 1 3 7 14 2 20 4 9 15 17 
student 299: 5 17 16 20 7 3 8 10 14 9 12 1 4 11 6 18 15 19 13 2 
student 300: 4 19 6 3 17 15 8 9 18 7 14 5 1 11 13 20 2 12 10 16 
student 301: 16 20 3 13 17 10 8 9 4 15 2 12 19 11 6 18 14 1 7 5 
student 302: 6 18 2 20 19 17 4 16 14 10 15 3 5 9 8 7 13 11 12 1 
student 303: 19 17 8 1 12 6 14 7 10 11 16 9 13 18 2 20 15 3 5 4 
student 304: 1 13 18 16 11 8 3 12 17 9 20 6 14 15 5 19 10 7 4 2 
student 305: 2 12 18 15 14 17 9 11 13 6 16 19 4 8 20 10 3 1 7 5 
student 306: 18 3 12 9 1 20 17 4 16 11 19 5 13 6 2 15 8 7 10 14 
student 307: 10 12 19 14 16 17 9 13 20 8 7 18 2 11 5 1 15 4 6 3 
student 308: 4 17 14 20 19 11 8 13 12 16 1 5 3 10 7 2 6 15 9 18 
student 309: 10 17 8 15 20 7 9 13 11 19 18 3 1 6 2 16 14 4 5 12 
student 310: 6 18 8 11 10 2 12 20 14 15 13 1 4 17 16 9 3 5 7 19 
student 311: 7 10 4 8 12 1 2 14 13 18 5 6 3 19 15 11 9 17 20 16 
student 312: 11 15 16 19 20 14 3 12 7 5 18 17 9 8 2 13 4 10 1 6 
student 313: 3 1 18 14 12 20 5 6 13 10 19 2 4 17 11 16 9 15 7 8 
student 314: 19 20 15 18 13 5 12 14 9 17 11 4 2 6 10 1 7 8 3 16 
student 315: 13 6 14 2 12 19 1 4 8 5 9 18 7 17 3 10 16 11 20 15 
student 316: 2 18 15 13 14 5 8 10 17 20 12 3 4 9 6 7 1 11 16 19 
student 317: 1 18 7 14 9 8 4 16 17 20 19 10 12 11 6 15 2 5 3 13 
student 318: 4 14 12 7 11 17 10 3 5 16 19 9 20 13 15 18 6 8 1 2 
student 319: 2 19 16 18 5 9 11 15 20 12 13 4 3 14 8 17 10 7 6 1 
student 320: 6 18 9 17 13 11 8 7 15 19 20 2 3 14 5 12 4 1 16 10 
student 321: 9 6 5 11 15 18 10 12 16 3 19 8 1 20 13 4 2 7 14 17 
student 322: 18 19 5 4 11 8 17 9 13 10 20 1 6 14 15 3 16 2 7 12 
student 323: 1 19 12 20 5 7 18 14 10 17 8 9 3 11 6 16 2 15 13 4 
student 324: 10 14 18 19 7 13 6 2 8 20 3 17 15 9 12 11 1 16 5 4 
student 325: 3 13 9 17 11 14 18 19 20 15 16 10 12 5 1 6 2 4 8 7 
student 326: 1 17 14 12 5 7 16 11 19 18 4 2 9 8 6 20 10 3 15 13 
student 327: 4 7 1 9 3 17 15 18 11 5 19 14 20 13 10 16 2 12 6 8 
student 328: 2 10 15 20 19 8 4 13 3 9 7 6 1 17 18 14 16 5 12 11 
student 329: 11 20 6 17 5 13 12 1 2 7 10 14 16 18 4 15 8 3 19 9 
student 330: 15 8 17 14 19 6 4 12 20 13 16 9 11 3 18 1 10 7 5 2 
student 331: 4 2 17 11 8 20 10 6 18 9 13 12 5 16 3 1 15 19 7 14 
student 332: 14 8 13 6 19 10 16 4 9 12 5 15 20 11 3 18 7 17 2 1 
student 333: 3 19 10 7 13 16 6 15 2 14 20 11 9 18 5 8 4 1 12 17 
student 334: 10 20 8 5 19 13 11 15 16 7 17 1 4 12 3 18 6 2 14 9 
student 335: 15 17 6 18 1 11 7 5 19 14 12 8 20 13 2 16 3 4 9 10 
student 336: 3 16 5 17 8 15 9 11 13 4 12 1 18 6 14 20 2 19 7 10 
student 337: 14 2 12 8 3 6 16 9 13 20 1 4 15 19 10 17 18 5 7 11 
student 338: 3 17 6 7 16 5 9 1 13 8 10 18 4 12 20 14 11 2 15 19 
student 339: 1 19 20 2 11 15 17 3 16 9 7 12 14 10 6 4 13 18 8 5 
student 340: 10 15 12 19 4 8 16 2 3 17 13 6 11 18 9 14 20 1 7 5 
student 341: 14 19 17 15 13 18 12 10 11 16 8 7 3 1 9 20 2 5 6 4 
student 342: 6 15 7 16 12 5 17 4 1 20 19 13 2 18 11 10 9 8 14 3 
student 343: 10 18 13 15 14 9 3 7 20 6 8 2 4 17 5 12 19 11 16 1 
student 344: 8 4 7 5 18 15 19 3 14 11 12 13 2 16 1 6 17 10 20 9 
student 345: 12 7 17 14 19 15 8 6 16 13 11 4 20 9 10 2 1 18 5 3 
student 346: 2 12 19 17 4 9 10 14 6 11 8 13 15 3 20 1 18 16 7 5 
student 347: 10 20 16 4 14 18 13 19 17 8 9 1 7 11 6 12 2 3 5 15 
student 348: 3 18 4 20 15 19 11 13 12 10 16 8 7 17 5 14 9 2 6 1 
student 349: 2 19 7 6 16 1 17 14 8 15 9 13 5 18 12 20 11 10 3 4 
student 350: 9 15 4 3 14 6 13 11 19 12 18 5 17 16 7 20 1 2 10 8 
student 351: 16 2 7 11 13 1 8 18 15 19 3 17 12 14 4 20 5 6 9 10 
student 352: 13 18 19 10 11 7 15 3 20 16 14 9 17 8 6 12 1 4 5 2 
student 353: 13 10 18 8 2 20 1 12 4 11 15 17 9 6 3 14 16 7 19 5 
student 354: 7 9 17 19 14 10 13 1 8 18 15 4 12 20 5 6 11 3 2 16 
student 355: 11 20 13 19 15 14 4 10 6 7 17 2 3 16 9 12 8 1 5 18 
student 356: 10 18 14 17 5 16 2 11 4 6 7 13 8 15 12 19 3 1 20 9 
student 357: 10 19 3 12 16 11 14 15 20 17 18 2 6 8 1 5 9 13 4 7 
student 358: 3 5 19 12 13 11 20 4 18 6 7 14 9 17 15 1 2 10 8 16 
student 359: 15 10 9 8 16 5 14 20 6 12 11 1 3 17 19 18 13 2 4 7 
student 360: 11 20 5 18 3 1 19 14 8 12 10 16 9 15 13 17 7 6 2 4 
student 361: 18 19 15 4 8 20 7 2 14 12 16 11 13 17 6 10 1 3 5 9 
student 362: 8 18 17 20 13 10 4 9 11 19 12 15 2 14 1 6 5 7 3 16 
student 363: 2 1 18 6 12 17 4 15 14 5 20 7 9 16 19 13 10 8 3 11 
student 364: 4 3 15 9 20 19 8 14 11 17 18 2 7 12 13 16 10 1 6 5 
student 365: 15 10 5 16 18 4 12 6 14 13 1 7 11 9 20 19 8 3 17 2 
student 366: 8 19 5 13 11 10 9 15 20 18 16 2 1 7 14 12 4 3 17 6 
student 367: 5 16 9 17 7 13 12 10 19 8 3 1 4 11 15 20 6 18 14 2 
student 368: 13 8 3 15 5 16 12 20 19 17 14 6 9 11 4 2 10 18 7 1 
student 369: 4 19 18 13 14 11 7 12 10 16 17 5 3 15 6 20 8 9 2 1 
student 370: 3 7 12 9 8 4 10 1 20 2 19 6 14 17 18 16 11 5 15 13 
student 371: 4 9 19 16 8 13 14 5 1 6 20 10 7 3 17 18 15 12 2 11 
student 372: 2 16 4 10 9 12 19 1 11 3 20 13 5 15 8 18 7 17 6 14 
student 373: 8 5 20 14 2 17 10 16 3 1 18 4 7 11 19 9 15 6 12 13 
student 374: 2 19 17 13 3 8 6 1 15 16 9 7 11 20 5 12 18 14 10 4 
student 375: 1 18 19 17 15 13 14 5 20 2 3 4 11 12 6 16 9 7 8 10 
student 376: 8 18 5 1 11 9 2 12 6 13 19 14 3 17 15 10 7 4 16 20 
student 377: 14 18 5 7 20 12 9 4 11 19 8 10 15 17 2 13 3 1 6 16 
student 378: 6 20 11 9 14 13 18 16 8 19 7 17 10 2 3 15 12 1 5 4 
student 379: 1 16 13 18 17 14 6 9 3 11 19 5 15 10 4 20 2 12 8 7 
student 380: 15 10 19 1 11 6 12 18 2 20 9 8 5 17 7 14 16 3 4 13 
student 381: 17 20 19 9 5 2 4 10 3 11 15 14 18 16 8 12 6 13 7 1 
student 382: 1 10 14 18 11 3 12 19 20 15 17 7 2 4 16 6 13 9 5 8 
student 383: 8 17 18 2 6 3 10 12 15 16 11 5 9 4 19 20 13 1 14 7 
student 384: 5 16 7 14 13 3 10 18 20 2 6 12 17 9 4 8 15 11 19 1 
student 385: 16 18 3 8 17 1 4 13 15 14 19 2 10 6 11 12 9 7 5 20 
student 386: 10 13 3 19 11 7 9 14 20 17 16 2 5 15 12 18 4 6 1 8 
student 387: 19 16 17 11 14 6 10 9 12 4 3 7 2 18 13 20 1 15 5 8 
student 388: 8 5 15 19 2 6 20 16 14 4 13 17 11 12 10 18 7 9 1 3 
student 389: 1 17 2 11 19 9 7 20 5 12 14 8 13 6 3 18 10 16 4 15 
student 390: 1 6 11 7 13 19 16 3 14 15 10 9 12 20 4 5 2 18 17 8 
student 391: 15 12 20 4 11 9 8 13 17 3 16 2 18 14 7 19 10 1 6 5 
student 392: 3 12 15 16 7 10 9 19 6 14 11 13 8 20 2 18 5 1 4 17 
student 393: 1 19 14 5 7 6 3 17 11 15 18 16 10 12 20 2 4 8 13 9 
student 394: 1 18 20 6 17 14 12 10 19 11 15 3 4 8 13 16 5 7 2 9 
student 395: 9 20 16 4 17 19 12 13 10 5 15 3 2 14 18 8 11 7 6 1 
student 396: 20 15 14 9 6 4 13 19 18 16 7 11 5 1 8 17 10 2 3 12 
student 397: 13 10 18 7 20 16 1 11 9 19 17 5 8 14 12 15 3 2 4 6 
student 398: 18 9 4 15 3 6 20 16 7 1 5 8 2 11 12 17 19 10 14 13 
student 399: 2 13 20 1 15 5 19 9 4 17 11 3 10 7 14 18 12 8 16 6 
student 400: 7 15 5 6 8 3 9 11 2 10 20 13 14 16 1 4 19 17 12 18 
student 401: 20 15 18 13 5 3 7 14 16 17 8 11 6 19 10 12 4 1 2 9 
student 402: 12 5 15 2 16 13 10 9 4 18 20 1 17 19 3 7 11 6 14 8 
student 403: 6 20 9 2 18 13 12 16 11 14 17 1 4 10 15 8 7 3 5 19 
student 404: 15 20 18 6 1 10 3 7 14 16 11 17 4 13 8 9 12 5 19 2 
student 405: 4 20 1 8 17 11 5 7 19 10 15 6 9 18 2 12 13 3 16 14 
student 406: 12 10 11 13 6 15 19 4 1 17 8 2 5 20 3 14 9 7 16 18 
student 407: 10 17 14 5 11 15 8 6 12 13 19 20 4 18 3 16 2 9 1 7 
student 408: 17 2 15 12 6 4 8 14 16 10 9 3 7 11 19 13 20 5 1 18 
student 409: 2 19 5 18 12 16 7 1 14 20 6 10 8 17 4 11 9 15 13 3 
student 410: 9 16 11 10 4 6 8 20 7 13 19 2 1 15 5 17 18 12 14 3 
student 411: 13 20 18 19 4 1 12 14 16 8 3 5 15 6 9 17 2 10 11 7 
student 412: 1 18 15 2 7 10 6 19 17 4 16 8 3 12 13 14 20 9 5 11 
student 413: 5 16 13 18 15 11 9 20 17 14 19 4 7 6 10 8 3 1 2 12 
student 414: 1 4 17 10 20 6 9 2 8 11 14 15 5 3 12 18 13 7 19 16 
student 415: 1 9 20 11 7 6 2 5 19 12 18 14 3 13 15 17 8 16 4 10 
student 416: 16 20 5 14 8 10 6 13 15 11 7 1 18 3 17 12 19 2 4 9 
student 417: 20 13 6 11 4 1 8 15 18 10 19 16 3 14 5 12 17 2 7 9 
student 418: 5 18 16 2 15 19 17 10 20 13 11 14 3 8 12 6 7 4 1 9 
student 419: 3 7 16 9 20 8 1 13 17 5 15 6 11 10 18 19 14 4 2 12 
student 420: 12 20 13 16 1 7 14 4 15 2 11 9 3 19 8 17 5 6 10 18 
student 421: 10 8 18 16 15 12 4 9 20 6 17 1 2 13 19 11 3 5 14 7 
student 422: 3 15 6 20 13 4 12 14 16 17 19 8 1 9 11 18 7 2 5 10 
student 423: 3 7 16 18 15 20 4 5 9 17 19 11 12 14 8 10 13 2 1 6 
student 424: 4 18 3 5 7 13 15 12 20 6 2 14 8 11 9 19 16 10 17 1 
student 425: 7 20 15 6 2 17 9 18 3 16 13 5 1 19 11 12 14 10 8 4 
student 426: 5 18 10 19 14 11 9 7 17 3 20 2 13 15 1 8 16 6 4 12 
student 427: 9 19 11 17 4 2 3 6 8 15 10 5 12 13 14 16 20 7 1 18 
student 428: 18 19 7 20 5 16 9 17 12 15 10 1 3 2 8 14 4 11 6 13 
student 429: 9 14 6 13 8 16 18 4 15 17 5 1 7 20 12 19 3 11 2 10 
student 430: 6 10 1 2 11 13 17 18 12 20 4 5 8 16 14 15 3 7 9 19 
student 431: 2 13 12 17 4 15 16 7 20 8 6 10 18 3 5 19 14 1 11 9 
student 432: 15 16 20 2 12 10 19 5 11 17 18 4 7 6 14 1 9 13 8 3 
student 433: 1 6 19 13 12 2 5 8 3 18 16 4 9 15 17 20 11 14 7 10 
student 434: 14 9 6 16 12 8 4 18 3 19 7 1 10 17 11 5 20 15 13 2 
student 435: 3 20 12 9 10 14 4 5 11 15 19 8 1 18 17 13 2 7 6 16 
student 436: 6 11 17 18 19 12 20 9 3 1 2 10 7 13 4 16 14 8 5 15 
student 437: 7 1 18 11 10 9 17 16 14 15 8 19 6 13 12 5 20 2 4 3 
student 438: 7 17 9 8 16 2 10 11 20 15 3 18 4 14 5 6 1 13 19 12 
student 439: 2 9 20 17 7 8 18 4 15 19 10 1 5 14 12 16 11 13 6 3 
student 440: 11 20 16 10 9 6 17 1 15 8 7 12 2 19 14 18 13 4 3 5 
student 441: 4 19 11 16 13 17 20 5 9 7 14 3 1 12 8 18 2 10 15 6 
student 442: 10 12 7 16 1 3 15 17 14 5 19 6 20 8 11 18 13 4 9 2 
student 443: 19 5 17 8 1 2 7 13 16 18 14 12 6 10 3 11 15 20 9 4 
student 444: 13 17 1 15 20 11 14 6 18 4 10 12 7 8 9 19 5 3 16 2 
student 445: 7 20 4 17 9 19 6 13 15 16 14 10 11 3 12 18 1 5 8 2 
student 446: 5 13 20 9 4 14 3 15 7 19 16 18 2 17 11 12 1 10 6 8 
student 447: 9 18 7 11 1 20 12 8 16 14 19 4 6 3 15 13 17 2 10 5 
student 448: 16 4 19 17 10 15 7 20 1 13 6 5 18 12 3 14 8 2 11 9 
student 449: 19 12 8 20 9 18 15 6 1 4 17 11 13 2 14 5 10 3 16 7 
student 450: 16 17 19 2 20 1 3 9 12 6 13 15 8 4 10 14 18 11 5 7 
student 451: 14 15 13 11 18 6 20 8 10 12 2 4 17 9 7 19 3 1 5 16 
student 452: 8 16 11 12 7 10 3 6 20 4 19 1 2 18 13 14 5 15 17 9 
student 453: 2 17 11 5 13 9 14 12 18 20 16 6 15 19 10 7 3 8 4 1 
student 454: 8 15 13 19 7 17 10 12 5 18 16 4 2 6 9 11 20 3 14 1 
student 455: 20 15 19 9 16 12 3 13 18 17 11 10 2 4 7 5 8 6 14 1 
student 456: 6 19 18 3 17 9 8 16 13 20 5 4 2 10 11 14 15 12 1 7 
student 457: 13 8 15 11 4 16 5 14 12 17 7 10 2 20 9 19 6 1 18 3 
student 458: 10 19 17 2 12 16 3 20 18 13 8 1 9 5 7 15 11 14 4 6 
student 459: 8 1 20 10 11 6 16 12 18 5 4 13 14 15 9 19 3 2 7 17 
student 460: 11 19 9 16 3 5 18 6 15 12 7 10 1 4 20 13 8 2 17 14 
student 461: 5 17 2 1 10 6 11 4 16 14 12 9 15 18 8 20 7 13 19 3 
student 462: 3 10 16 13 19 14 2 5 11 17 18 12 1 7 4 15 8 9 20 6 
student 463: 7 2 12 20 6 17 16 10 11 18 19 9 1 15 8 13 4 5 14 3 
student 464: 2 8 5 16 9 3 13 18 19 17 10 4 7 1 11 20 15 12 14 6 
student 465: 4 14 7 9 2 8 19 6 20 1 13 3 5 18 17 10 16 12 15 11 
student 466: 12 2 15 3 9 17 18 8 19 13 14 11 7 5 10 6 4 1 20 16 
student 467: 3 19 12 15 8 20 16 2 14 11 10 9 5 4 6 18 17 1 7 13 
student 468: 14 8 17 20 3 15 13 10 18 19 4 12 2 9 16 6 11 1 7 5 
student 469: 9 16 17 10 13 20 8 14 18 15 19 12 11 4 5 7 6 3 2 1 
student 470: 6 19 10 16 20 13 3 9 18 17 1 11 2 7 14 8 4 5 15 12 
student 471: 7 18 3 19 12 11 4 16 17 8 13 1 9 15 14 2 20 6 5 10 
student 472: 16 1 17 19 12 18 6 4 13 5 3 2 8 20 10 9 11 14 15 7 
student 473: 8 14 15 20 19 11 12 17 3 16 6 7 10 5 9 18 1 13 4 2 
student 474: 5 16 9 11 20 12 10 6 19 15 17 3 7 18 2 14 4 1 8 13 
student 475: 12 13 2 14 20 11 10 4 16 8 9 18 5 19 3 17 15 6 7 1 
student 476: 19 13 8 5 7 10 3 9 12 18 11 16 4 20 2 17 6 1 15 14 
student 477: 2 20 10 19 7 15 13 4 17 16 6 11 1 3 9 12 18 14 5 8 
student 478: 1 10 4 18 12 9 8 3 14 20 11 5 13 19 6 17 16 2 7 15 
student 479: 1 18 17 19 13 16 6 7 20 15 8 2 9 14 4 10 11 3 12 5 
student 480: 8 16 18 3 2 6 15 1 14 5 11 4 19 17 10 9 7 12 20 13 
student 481: 14 20 13 10 15 7 19 17 11 18 4 1 5 6 16 12 8 2 9 3 
student 482: 20 5 10 19 12 15 17 7 3 9 1 8 4 13 16 14 2 6 18 11 
student 483: 12 15 10 1 11 8 17 5 14 7 20 9 2 6 18 19 3 4 16 13 
student 484: 9 1 17 4 10 14 8 15 2 16 20 7 3 19 12 6 18 13 5 11 
student 485: 3 10 6 12 14 16 9 13 17 20 15 19 2 1 8 11 7 4 5 18 
student 486: 9 19 6 18 2 20 13 15 10 17 14 11 1 12 5 3 4 8 16 7 
student 487: 6 19 20 11 13 16 18 15 10 4 14 17 7 12 8 3 2 1 5 9 
student 488: 14 11 18 8 6 12 13 5 4 17 15 2 7 20 19 16 9 3 10 1 
student 489: 1 18 10 8 11 9 19 2 20 13 17 3 5 14 16 15 4 7 12 6 
student 490: 2 12 18 6 16 4 10 3 11 14 19 8 15 20 1 17 7 13 9 5 
student 491: 8 20 2 18 16 7 15 10 12 4 11 9 5 19 6 17 3 1 13 14 
student 492: 5 11 7 12 18 4 6 19 13 20 15 1 3 16 9 2 17 8 14 10 
student 493: 1 4 15 10 6 11 14 20 16 5 18 12 17 19 3 13 2 8 7 9 
student 494: 2 17 8 4 20 3 5 13 14 16 19 1 15 18 10 11 6 9 12 7 
student 495: 2 15 19 16 12 14 7 6 17 20 5 9 13 10 8 18 3 4 11 1 
student 496: 7 2 18 11 12 16 15 9 13 5 3 6 17 19 14 20 1 4 8 10 
student 497: 15 11 7 19 9 1 14 18 3 12 17 16 2 5 6 20 8 13 10 4 
student 498: 14 20 6 1 8 9 19 18 17 10 3 7 4 12 5 16 11 2 13 15 
student 499: 10 16 13 14 4 15 17 6 20 1 7 3 8 2 12 19 18 5 9 11 
student 500: 6 3 19 18 2 4 17 9 15 20 13 1 8 12 5 14 10 11 16 7 
student 501: 20 7 17 12 1 15 11 13 19 3 16 8 2 18 6 5 9 4 10 14 
student 502: 9 10 19 13 3 15 20 2 12 17 14 4 18 11 7 1 16 5 8 6 
student 503: 2 20 3 12 14 8 6 10 4 7 9 15 13 17 18 11 19 1 16 5 
student 504: 11 4 13 17 6 10 20 7 8 18 19 5 3 14 1 16 9 12 15 2 
student 505: 1 16 20 7 4 13 8 14 6 12 15 5 10 3 2 17 19 18 11 9 
student 506: 8 18 10 3 9 20 16 14 6 15 13 2 17 19 1 11 12 5 7 4 
student 507: 14 17 11 10 19 4 3 7 15 12 16 5 13 9 1 20 18 2 8 6 
student 508: 10 9 13 2 11 20 7 3 14 18 16 8 15 5 6 4 19 1 17 12 
student 509: 4 17 13 14 19 16 3 18 9 20 5 10 1 12 6 15 8 7 2 11 
student 510: 19 15 8 4 3 11 13 18 16 20 17 2 10 14 12 6 5 7 9 1 
student 511: 10 1 6 7 15 8 11 2 19 16 20 17 5 4 13 18 14 3 12 9 
student 512: 1 16 2 13 18 5 4 10 12 6 17 11 7 19 20 9 8 15 14 3 
student 513: 12 18 11 17 5 16 3 6 1 15 20 4 2 13 9 10 19 14 7 8 
student 514: 3 9 8 4 11 16 18 17 19 15 20 10 1 6 13 14 12 7 5 2 
student 515: 1 20 12 19 10 6 8 16 11 15 13 5 9 18 17 14 7 3 2 4 
student 516: 18 9 7 3 16 8 6 15 11 14 20 1 12 10 2 4 19 17 13 5 
student 517: 7 13 14 11 5 9 2 12 20 18 15 10 4 19 8 17 6 16 3 1 
student 518: 1 20 9 14 18 12 3 8 15 19 17 4 6 10 16 7 5 13 11 2 
student 519: 1 18 10 13 15 19 3 17 8 16 5 9 11 4 14 12 6 20 7 2 
student 520: 4 2 15 10 19 6 18 17 16 1 20 11 7 5 3 13 9 8 14 12 
student 521: 15 12 2 17 8 16 14 1 20 13 19 18 10 9 4 5 3 7 11 6 
student 522: 5 15 10 3 17 20 8 7 19 1 12 13 11 14 16 18 6 2 9 4 
student 523: 13 15 17 18 6 5 9 8 12 19 16 1 11 7 14 20 10 2 3 4 
student 524: 14 4 10 9 13 3 6 15 16 19 17 2 7 1 5 20 11 8 12 18 
student 525: 4 17 14 13 7 10 15 9 20 12 6 5 3 18 11 8 19 16 1 2 
student 526: 8 20 19 14 4 15 13 9 12 1 18 3 2 5 16 17 7 10 11 6 
student 527: 1 13 19 6 9 14 4 7 15 16 18 8 5 17 10 11 12 2 20 3 
student 528: 2 19 20 3 14 7 13 1 18 17 11 10 5 4 8 15 6 12 16 9 
student 529: 8 5 19 4 16 1 12 13 9 20 17 7 6 18 14 15 3 2 11 10 
student 530: 5 20 13 17 19 18 1 7 4 14 15 3 8 11 12 16 10 2 9 6 
student 531: 15 12 5 19 14 8 11 10 16 17 20 3 13 18 1 9 7 4 2 6 
student 532: 17 8 19 11 20 3 1 7 16 15 4 9 5 12 13 10 18 6 2 14 
student 533: 5 10 1 19 9 18 13 7 17 8 12 11 15 20 16 14 6 3 2 4 
student 534: 2 18 10 14 15 1 4 8 6 20 12 7 13 19 11 5 3 17 9 16 
student 535: 4 11 8 10 13 14 18 3 9 20 17 12 5 19 2 1 15 6 16 7 
student 536: 10 19 2 20 11 7 13 15 12 5 17 6 1 18 16 9 8 3 4 14 
student 537: 7 10 16 20 17 12 13 1 4 8 18 15 6 9 19 14 5 3 11 2 
student 538: 6 10 8 16 9 20 11 19 15 13 14 3 1 17 5 18 7 4 2 12 
student 539: 13 19 17 8 10 9 2 11 4 18 20 5 1 15 7 14 12 6 16 3 
student 540: 3 18 17 10 11 1 7 9 13 19 20 8 2 15 4 12 5 6 16 14 
student 541: 15 16 8 13 3 20 10 4 2 11 18 17 9 14 1 5 19 6 12 7 
student 542: 7 8 18 6 14 16 10 11 20 12 17 2 4 15 3 13 19 1 9 5 
student 543: 13 19 15 10 11 7 12 1 4 17 8 9 20 14 6 18 16 2 5 3 
student 544: 1 14 10 9 5 11 2 15 17 13 19 4 3 18 7 16 6 12 20 8 
student 545: 10 17 20 13 6 2 18 9 12 15 7 3 11 14 5 19 8 1 16 4 
student 546: 11 8 19 15 1 16 13 9 17 20 12 2 3 10 18 14 4 7 5 6 
student 547: 9 15 18 8 2 17 3 5 16 20 1 10 14 4 7 6 12 19 13 11 
student 548: 18 5 10 19 12 11 14 4 15 13 20 7 8 3 9 17 6 1 2 16 
student 549: 16 19 20 9 13 4 1 11 18 2 14 15 5 12 3 10 8 17 7 6 
student 550: 12 8 16 11 3 20 15 19 14 9 10 6 4 17 7 5 2 1 18 13 
student 551: 18 3 6 19 16 17 12 11 14 13 20 10 9 4 2 7 5 1 15 8 
student 552: 5 17 16 15 14 12 9 19 8 18 11 20 4 7 6 10 13 1 2 3 
student 553: 3 15 8 20 7 13 5 2 4 11 17 12 18 1 14 10 9 16 19 6 
student 554: 11 12 15 16 20 19 8 9 14 6 13 1 18 7 3 5 10 2 4 17 
student 555: 14 16 18 13 1 11 3 17 2 6 15 5 19 10 9 20 12 8 7 4 
student 556: 5 17 16 12 9 8 20 3 15 19 10 1 7 18 2 13 4 6 14 11 
student 557: 5 18 17 20 12 14 3 13 7 4 19 8 15 10 9 11 16 2 1 6 
student 558: 7 14 10 16 20 18 3 19 1 5 12 9 2 11 13 17 15 6 8 4 
student 559: 15 17 19 5 14 2 9 7 4 20 12 3 11 1 18 13 16 8 10 6 
student 560: 15 12 19 7 17 8 20 11 13 9 18 16 3 10 4 5 6 1 2 14 
student 561: 9 20 15 12 3 5 17 19 2 14 13 11 6 18 16 8 1 4 10 7 
student 562: 1 17 15 9 4 14 16 7 6 5 18 11 3 19 12 13 20 2 8 10 
student 563: 5 15 17 10 12 20 8 7 18 19 11 4 9 16 6 2 1 14 13 3 
student 564: 7 17 13 11 2 15 6 10 16 5 14 20 3 12 1 18 9 19 4 8 
student 565: 4 17 16 7 2 12 5 13 14 1 20 15 18 10 8 11 9 6 3 19 
student 566: 7 16 9 20 8 13 17 11 4 18 15 1 19 2 10 12 14 5 6 3 
student 567: 7 14 16 15 5 18 17 8 10 6 20 9 2 4 11 19 13 1 12 3 
student 568: 2 3 15 11 6 18 8 9 12 14 16 17 1 10 7 5 20 13 19 4 
student 569: 4 19 17 5 18 9 10 1 11 8 20 3 2 13 14 15 12 16 6 7 
student 570: 14 15 17 18 5 9 16 12 13 8 4 3 7 2 19 20 1 11 6 10 
student 571: 19 15 4 11 20 8 9 13 10 14 18 7 5 16 6 12 3 1 17 2 
student 572: 4 17 7 8 2 3 6 1 15 12 9 11 5 19 14 20 18 10 16 13 
student 573: 1 15 10 14 12 11 8 9 7 13 17 16 6 20 3 19 4 18 5 2 
student 574: 9 19 8 4 3 6 10 5 16 17 13 14 1 20 11 15 7 18 2 12 
student 575: 14 16 15 17 4 8 3 13 20 19 10 12 7 5 1 9 2 6 18 11 
student 576: 13 20 15 1 9 14 6 3 7 19 18 4 5 11 8 12 17 10 2 16 
student 577: 10 19 8 4 15 7 6 13 20 12 16 5 11 17 3 18 14 1 2 9 
student 578: 1 9 8 20 7 2 19 16 4 14 11 5 17 18 13 10 12 3 15 6 
student 579: 5 4 13 7 17 19 14 16 12 3 20 10 6 9 2 18 11 15 8 1 
student 580: 4 19 10 15 18 7 2 11 20 12 5 13 6 17 3 9 16 14 8 1 
student 581: 1 2 14 4 11 13 19 10 9 17 15 18 7 3 16 20 12 6 5 8 
student 582: 4 14 13 12 8 10 19 3 17 15 20 1 5 18 9 16 2 7 6 11 
student 583: 2 4 6 5 14 17 1 9 8 18 20 19 7 12 11 15 3 16 13 10 
student 584: 8 9 20 15 7 12 14 16 17 13 6 3 11 18 10 5 19 1 4 2 
student 585: 11 10 18 15 12 16 5 14 9 6 8 1 2 17 7 13 4 20 19 3 
student 586: 6 14 10 16 20 7 12 13 17 15 11 2 5 19 9 1 4 3 8 18 
student 587: 11 10 19 20 16 18 2 13 14 4 12 5 9 15 3 8 6 1 7 17 
student 588: 16 7 12 5 14 2 13 20 15 10 19 9 1 11 6 17 18 4 3 8 
student 589: 4 18 15 2 12 14 10 6 17 7 16 3 9 8 5 20 11 13 1 19 
student 590: 12 19 8 20 5 2 15 1 7 6 16 4 17 13 14 18 11 3 10 9 
student 591: 9 17 4 13 16 12 14 19 11 20 2 10 8 18 3 5 7 1 15 6 
student 592: 10 18 1 11 7 14 9 4 16 13 20 3 6 12 15 17 19 5 8 2 
student 593: 4 7 16 20 6 10 11 19 5 1 17 12 15 14 2 13 9 3 8 18 
student 594: 7 19 14 6 11 5 8 18 10 4 17 3 15 16 12 9 1 13 2 20 
student 595: 17 8 10 16 7 4 11 6 13 20 9 5 18 14 3 15 19 1 12 2 
student 596: 11 14 5 2 20 17 16 9 18 7 8 4 13 12 6 15 1 3 19 10 
student 597: 14 16 13 17 9 3 19 1 20 8 10 6 4 11 15 18 12 2 5 7 
student 598: 9 6 12 18 16 20 5 10 13 14 19 1 7 17 4 8 2 11 15 3 
student 599: 7 16 8 9 4 18 6 14 15 19 11 2 12 13 17 10 1 20 3 5 
student 600: 16 9 14 7 1 5 11 6 13 18 15 19 3 12 17 20 10 8 2 4 
student 601: 13 8 10 3 18 11 19 16 20 12 5 15 4 17 9 7 14 1 6 2 
student 602: 3 15 10 1 4 18 5 17 7 11 16 2 9 14 13 12 8 19 6 20 
student 603: 9 20 14 6 15 17 5 11 16 8 13 10 18 7 1 19 12 4 3 2 
student 604: 7 14 8 12 17 6 11 4 20 15 16 3 1 18 10 19 5 2 13 9 
student 605: 17 19 8 20 2 11 10 7 14 5 6 15 9 12 4 18 1 16 13 3 
student 606: 10 15 1 16 18 9 14 5 20 12 6 8 17 7 4 19 11 3 2 13 
student 607: 5 7 14 6 2 10 19 15 20 8 17 11 9 16 12 4 18 1 13 3 
student 608: 15 14 7 11 8 9 2 6 13 1 20 4 19 10 18 17 16 5 12 3 
student 609: 9 12 2 18 14 20 10 13 7 16 1 8 3 17 19 15 11 4 5 6 
student 610: 2 11 12 3 7 14 16 5 13 20 9 15 8 10 6 1 4 19 17 18 
student 611: 5 16 14 20 18 7 13 8 15 6 19 1 3 10 12 17 11 4 9 2 
student 612: 15 20 19 6 10 17 12 13 8 14 2 9 5 7 3 18 4 11 16 1 
student 613: 12 16 7 4 2 1 13 9 14 20 17 3 10 15 6 18 19 5 8 11 
student 614: 18 8 2 13 4 17 1 7 20 16 5 11 10 6 9 19 15 14 3 12 
student 615: 5 18 14 7 16 3 8 17 2 11 20 4 6 9 10 19 1 13 15 12 
student 616: 10 4 20 5 12 14 3 17 9 11 7 13 8 18 16 19 2 6 1 15 
student 617: 7 10 15 9 6 20 13 14 16 19 8 1 2 17 12 18 4 11 5 3 
student 618: 7 10 9 5 1 17 15 20 19 8 12 2 13 6 14 18 3 16 11 4 
student 619: 17 18 8 14 4 20 9 12 11 5 10 13 2 15 1 19 3 16 7 6 
student 620: 3 5 15 12 1 20 14 4 19 10 17 16 6 13 8 11 18 2 7 9 
student 621: 20 13 16 19 11 2 3 10 5 12 4 8 15 18 9 14 6 1 17 7 
student 622: 4 20 18 1 5 15 3 7 9 12 13 17 2 10 14 19 6 8 16 11 
student 623: 16 20 17 5 18 15 6 14 10 7 8 9 2 19 12 11 13 3 4 1 
student 624: 17 5 13 12 20 16 11 1 14 18 19 9 6 15 7 10 8 2 4 3 
student 625: 5 7 10 14 2 11 18 15 20 12 19 3 9 17 13 4 8 6 16 1 
student 626: 6 4 7 11 13 9 1 15 16 19 10 2 17 18 5 14 12 20 8 3 
student 627: 5 17 7 16 13 4 11 3 15 6 20 10 9 19 14 12 2 1 8 18 
student 628: 1 18 7 2 17 6 19 16 4 9 11 8 20 10 14 15 5 3 12 13 
student 629: 12 19 17 5 14 7 3 4 15 18 16 10 2 9 13 20 11 8 6 1 
student 630: 4 1 12 9 19 7 17 18 11 6 13 14 10 8 16 20 15 5 2 3 
student 631: 5 18 20 17 2 12 13 6 16 19 8 14 11 10 7 15 9 1 3 4 
student 632: 3 12 18 13 7 15 2 8 10 19 11 6 9 20 17 5 4 1 14 16 
student 633: 5 7 18 17 20 11 16 12 8 6 19 1 15 2 9 10 14 3 4 13 
student 634: 8 18 17 15 6 12 2 1 20 16 19 5 11 9 14 3 10 4 13 7 
student 635: 4 18 3 20 9 16 17 10 13 5 12 6 19 15 1 11 8 7 14 2 
student 636: 2 18 15 19 20 17 6 5 7 13 10 4 12 16 11 14 3 1 8 9 
student 637: 10 14 7 12 2 13 5 17 11 1 16 18 3 8 6 15 9 20 19 4 
student 638: 16 9 8 15 10 17 11 3 20 12 19 2 5 13 1 6 18 7 14 4 
student 639: 11 18 15 8 1 10 16 4 5 14 19 3 9 17 6 13 20 7 12 2 
student 640: 4 19 9 12 8 17 13 14 2 16 18 5 11 20 10 15 6 3 7 1 
student 641: 16 9 13 5 6 11 14 20 8 12 18 19 7 3 2 15 17 1 4 10 
student 642: 7 16 14 13 3 17 11 6 10 18 4 12 1 19 20 9 2 8 5 15 
student 643: 4 10 20 16 5 11 1 2 7 15 17 8 9 12 18 19 6 3 13 14 
student 644: 4 19 20 16 13 15 1 10 17 7 18 9 5 14 3 8 11 6 2 12 
student 645: 20 16 11 1 9 13 17 15 12 5 10 6 19 18 8 3 4 14 7 2 
student 646: 17 18 20 7 5 13 19 6 14 16 10 3 4 15 2 8 1 11 9 12 
student 647: 5 4 19 2 17 10 18 20 8 1 16 3 14 13 12 11 9 15 7 6 
student 648: 2 7 4 6 5 12 9 15 18 16 8 3 1 17 11 20 19 10 13 14 
student 649: 9 16 17 14 11 20 1 15 10 12 13 2 19 5 8 18 4 7 3 6 
student 650: 4 15 18 16 9 6 12 2 19 20 1 10 5 13 14 17 3 8 11 7 
student 651: 4 7 17 15 5 11 10 18 3 20 16 8 6 19 9 12 1 2 13 14 
student 652: 11 8 6 18 14 16 13 1 9 12 10 2 4 20 3 15 7 17 19 5 
student 653: 6 10 9 17 12 19 16 20 2 14 18 4 5 11 1 15 8 3 13 7 
student 654: 4 18 1 20 3 11 16 6 8 15 7 10 13 14 17 12 9 2 19 5 
student 655: 8 18 19 20 3 13 15 6 11 7 2 17 10 14 16 9 4 12 1 5 
student 656: 7 12 14 20 15 3 4 16 17 8 19 2 9 13 10 11 1 5 18 6 
student 657: 7 14 9 16 4 11 8 12 17 13 5 6 1 20 15 19 18 3 2 10 
student 658: 1 18 4 13 2 11 16 7 9 5 17 10 8 19 3 20 12 15 14 6 
student 659: 8 17 9 11 14 7 6 15 12 19 5 1 2 20 3 18 10 16 4 13 
student 660: 6 14 15 17 18 7 1 8 13 5 2 16 9 20 4 12 3 11 10 19 
student 661: 19 11 13 2 14 5 17 20 9 6 7 15 16 18 3 4 1 10 8 12 
student 662: 1 20 17 16 4 8 12 15 18 11 9 3 5 19 13 10 2 6 7 14 
student 663: 2 20 11 3 13 12 7 18 4 19 15 17 16 9 6 14 1 10 8 5 
student 664: 17 13 7 12 11 18 6 5 4 19 9 3 1 20 16 14 10 8 15 2 
student 665: 14 18 20 17 6 15 12 16 10 7 19 9 5 1 13 8 11 4 3 2 
student 666: 5 17 16 6 8 20 15 13 11 18 12 3 4 19 7 14 2 1 10 9 
student 667: 2 1 14 10 18 20 12 13 16 5 15 6 7 19 11 17 4 3 9 8 
student 668: 11 13 3 8 18 19 14 4 5 6 15 7 9 17 20 12 10 1 16 2 
student 669: 20 19 10 1 12 11 5 2 6 17 8 7 4 15 13 14 3 9 18 16 
student 670: 18 19 13 12 14 1 15 8 7 20 6 17 5 3 4 16 9 11 2 10 
student 671: 16 14 19 2 17 12 10 3 11 13 20 5 4 18 8 1 7 9 6 15 
student 672: 12 2 7 6 4 10 13 20 8 15 19 18 9 5 3 16 14 1 17 11 
student 673: 14 20 10 8 9 7 3 11 4 19 15 12 16 17 18 13 6 1 2 5 
student 674: 2 12 1 11 10 8 18 13 19 5 20 3 7 6 16 4 14 15 9 17 
student 675: 1 12 14 16 9 17 8 20 10 5 19 6 11 18 7 15 4 3 13 2 
student 676: 5 18 4 13 15 17 3 9 10 19 20 11 1 14 12 8 2 7 16 6 
student 677: 7 16 1 2 19 5 14 17 20 6 3 18 13 15 12 9 4 11 10 8 
student 678: 6 17 20 16 1 14 13 10 5 2 19 4 7 18 3 11 15 8 9 12 
student 679: 3 14 2 20 1 5 19 4 8 13 18 6 10 15 12 16 11 9 17 7 
student 680: 18 5 19 17 10 9 13 15 12 8 6 7 3 2 11 20 1 14 16 4 
student 681: 13 14 10 20 5 4 15 16 12 6 9 2 7 11 1 18 3 8 19 17 
student 682: 16 3 8 20 7 17 11 4 18 19 10 5 9 2 12 6 1 15 14 13 
student 683: 19 14 12 5 10 3 8 20 18 2 17 1 11 4 9 16 6 13 15 7 
student 684: 11 6 17 12 16 8 20 10 19 15 5 1 7 3 13 14 4 2 9 18 
student 685: 7 6 15 14 8 9 20 10 17 18 16 11 4 19 5 1 13 3 12 2 
student 686: 17 19 16 11 15 6 9 13 7 12 20 8 10 18 14 3 4 1 2 5 
student 687: 7 19 6 13 12 3 4 10 9 18 11 5 20 15 17 14 2 8 16 1 
student 688: 8 14 13 17 5 12 19 1 6 20 15 18 9 10 16 4 2 3 11 7 
student 689: 8 19 20 16 13 14 1 4 5 15 17 9 11 10 2 18 12 7 6 3 
student 690: 15 16 17 11 13 8 6 1 9 12 14 10 2 3 19 18 7 4 20 5 
student 691: 14 11 20 19 15 1 18 12 8 5 10 7 13 16 6 4 2 9 17 3 
student 692: 9 8 6 17 1 18 3 12 20 13 19 5 16 10 7 4 11 15 2 14 
student 693: 13 6 15 12 20 11 5 9 16 17 10 18 2 19 7 8 1 14 3 4 
student 694: 15 12 10 6 3 1 2 16 13 19 20 7 17 11 4 14 8 18 9 5 
student 695: 9 12 13 1 14 19 16 11 17 2 8 3 10 18 15 7 5 20 4 6 
student 696: 8 20 13 19 11 7 16 12 15 1 10 5 17 18 14 2 6 4 3 9 
student 697: 12 4 19 14 10 13 11 18 17 20 7 5 16 8 15 1 3 6 2 9 
student 698: 5 7 20 4 10 16 9 14 19 11 18 12 6 13 3 17 15 8 2 1 
student 699: 5 11 14 3 4 6 20 15 9 13 8 7 12 17 10 16 18 2 19 1 
student 700: 6 16 7 4 13 20 2 15 11 19 10 9 8 14 17 12 3 5 1 18 
student 701: 14 9 12 20 11 10 7 19 3 17 15 2 6 4 13 16 1 18 5 8 
student 702: 7 16 18 14 11 10 8 5 2 1 6 19 3 17 9 15 4 12 20 13 
student 703: 13 15 1 6 16 17 5 9 20 3 8 7 10 4 12 19 11 18 14 2 
student 704: 1 5 17 7 12 6 8 13 9 15 18 3 16 20 10 19 14 2 11 4 
student 705: 3 12 5 19 11 14 13 10 6 7 20 17 1 16 8 9 2 15 4 18 
student 706: 16 8 9 11 19 3 18 13 20 14 5 17 6 15 1 4 12 2 7 10 
student 707: 14 18 7 10 16 17 9 12 19 5 6 8 13 11 15 1 3 4 20 2 
student 708: 10 8 4 2 12 1 6 11 7 20 19 15 5 13 16 14 3 9 17 18 
student 709: 11 18 1 14 17 13 4 20 19 2 12 3 10 15 5 9 16 8 7 6 
student 710: 9 1 4 15 19 10 12 5 3 18 6 16 2 14 11 13 20 8 17 7 
student 711: 4 10 18 3 19 12 8 13 16 14 15 6 7 5 11 20 1 9 17 2 
student 712: 5 19 17 8 6 13 7 14 3 15 1 2 11 18 12 20 9 4 16 10 
student 713: 11 18 3 9 5 12 6 14 16 20 1 4 2 17 13 15 19 7 8 10 
student 714: 5 16 12 14 4 13 1 9 2 15 17 8 10 19 3 20 11 7 6 18 
student 715: 5 7 2 14 3 18 11 19 9 17 13 6 4 20 12 15 10 1 16 8 
student 716: 5 7 9 10 8 14 18 2 19 6 16 12 17 15 3 20 1 4 11 13 
student 717: 7 20 8 13 1 12 15 17 5 3 16 18 10 14 19 2 4 9 6 11 
student 718: 2 16 18 15 10 5 17 20 11 19 1 4 8 7 6 9 12 13 3 14 
student 719: 9 18 1 19 2 16 3 20 6 10 12 13 5 4 8 15 11 7 14 17 
student 720: 4 16 10 2 14 12 7 20 17 15 19 8 6 13 11 3 18 1 9 5 
student 721: 11 19 2 20 18 5 9 14 17 10 6 15 13 8 12 16 7 4 3 1 
student 722: 17 20 9 10 15 8 19 13 12 11 16 1 7 18 6 14 2 4 5 3 
student 723: 16 13 19 20 6 10 7 18 1 11 15 3 12 17 5 2 9 8 4 14 
student 724: 6 20 8 4 19 14 11 10 9 13 18 15 5 16 1 12 17 2 3 7 
student 725: 14 18 3 8 7 11 19 20 13 6 15 5 17 10 9 12 4 2 16 1 
student 726: 14 15 7 9 1 5 11 10 18 16 17 6 20 19 3 13 8 12 4 2 
student 727: 4 7 9 18 13 19 1 11 6 10 20 3 2 17 16 14 12 8 15 5 
student 728: 17 19 5 7 2 11 18 12 1 20 6 10 13 16 8 14 4 15 3 9 
student 729: 19 8 13 9 18 17 1 3 6 20 16 5 2 12 4 14 11 7 10 15 
student 730: 20 15 11 13 5 16 19 12 2 7 8 1 9 18 4 10 3 14 17 6 
student 731: 8 20 15 12 1 13 2 4 11 14 10 9 7 18 16 6 19 3 17 5 
student 732: 6 7 16 20 12 4 1 15 10 18 19 13 2 17 11 14 8 9 5 3 
student 733: 5 16 20 8 6 3 11 15 14 18 13 9 1 17 10 19 4 2 7 12 
student 734: 7 11 6 8 16 13 20 10 12 4 17 2 5 15 1 18 14 9 3 19 
student 735: 18 15 3 13 12 7 1 11 16 14 20 4 9 5 19 10 8 6 17 2 
student 736: 8 15 12 10 18 14 13 2 3 20 11 4 1 19 7 17 6 9 5 16 
student 737: 10 13 15 2 11 16 14 1 18 8 19 12 20 9 4 5 17 3 6 7 
student 738: 9 4 10 18 12 1 14 7 16 17 13 3 11 19 8 20 2 6 15 5 
student 739: 13 6 15 7 19 10 3 18 20 16 14 5 17 9 2 4 1 11 12 8 
student 740: 11 18 19 13 17 8 10 3 16 12 14 1 9 15 6 20 2 5 4 7 
student 741: 4 11 12 5 8 13 3 9 20 15 14 16 7 19 18 10 1 2 6 17 
student 742: 1 20 16 6 14 18 19 10 15 11 8 4 13 5 7 17 2 3 12 9 
student 743: 8 18 20 12 6 7 9 11 10 2 19 3 16 14 4 13 5 1 17 15 
student 744: 3 19 6 11 18 4 8 9 20 12 10 2 13 17 5 16 1 14 7 15 
student 745: 18 16 5 8 9 13 7 14 4 1 20 3 10 2 15 17 19 6 12 11 
student 746: 6 15 13 14 8 12 16 18 19 11 17 2 3 10 4 20 7 5 9 1 
student 747: 5 18 16 19 15 10 14 1 8 12 4 11 13 17 3 20 9 2 7 6 
student 748: 19 8 17 1 7 3 16 11 5 20 14 10 4 15 9 18 6 12 13 2 
student 749: 3 18 4 15 5 20 12 13 8 16 17 9 1 11 14 6 10 2 7 19 
student 750: 1 19 4 8 15 17 6 16 14 20 18 3 2 7 11 12 13 10 9 5 
student 751: 18 4 9 12 7 8 15 2 3 5 6 13 17 11 19 14 16 1 10 20 
student 752: 6 19 15 18 16 20 2 5 1 7 11 13 10 8 14 12 9 3 17 4 
student 753: 8 13 19 14 6 15 12 5 20 16 7 11 9 17 10 18 4 2 1 3 
student 754: 14 12 20 18 9 16 19 13 11 4 6 1 3 15 10 5 7 2 17 8 
student 755: 3 18 1 9 14 20 13 16 19 12 15 5 8 6 10 17 4 2 11 7 
student 756: 2 20 5 16 18 10 14 15 3 9 19 17 7 12 4 13 6 8 11 1 
student 757: 16 20 15 14 11 7 19 13 3 5 17 4 9 10 18 8 1 6 12 2 
student 758: 16 4 12 19 2 8 13 1 10 5 18 11 7 9 17 20 3 14 15 6 
student 759: 2 12 20 1 16 18 4 17 13 10 11 8 19 7 14 15 5 6 9 3 
student 760: 5 13 3 17 1 8 16 19 20 4 15 2 7 14 10 18 12 6 9 11 
student 761: 5 20 15 10 16 8 7 17 14 1 19 6 18 9 3 12 4 2 13 11 
student 762: 13 19 8 7 15 5 2 11 4 3 16 10 1 20 6 18 17 12 14 9 
student 763: 3 16 6 19 10 17 12 9 2 20 7 8 15 4 5 11 1 18 14 13 
student 764: 15 16 14 13 4 11 19 9 5 7 8 6 17 12 18 20 2 1 10 3 
student 765: 6 19 20 13 17 16 11 15 18 12 8 10 1 2 9 14 3 4 7 5 
student 766: 2 5 14 6 11 19 3 15 17 12 18 9 8 4 20 7 13 10 1 16 
student 767: 2 11 10 19 14 13 17 9 8 18 15 1 3 20 7 12 16 5 4 6 
student 768: 1 15 20 17 5 10 11 12 13 8 19 3 2 9 16 14 18 6 4 7 
student 769: 4 18 11 10 9 16 14 19 8 15 17 2 1 20 3 7 13 5 6 12 
student 770: 11 18 3 9 7 14 4 12 15 8 16 5 6 20 1 19 2 17 13 10 
student 771: 7 20 12 8 5 4 16 13 11 9 19 15 2 14 10 3 6 17 1 18 
student 772: 4 7 10 13 2 20 11 14 16 15 18 19 17 5 9 12 6 1 8 3 
student 773: 2 9 10 8 4 14 5 6 18 16 11 7 13 15 3 19 17 1 20 12 
student 774: 12 2 19 14 13 11 1 8 5 20 16 4 7 15 18 17 9 6 10 3 
student 775: 12 18 5 3 17 8 13 9 4 16 15 14 2 11 1 20 10 6 7 19 
student 776: 7 15 17 13 5 6 8 3 11 20 19 4 10 18 16 14 12 1 2 9 
student 777: 6 17 10 9 20 8 14 12 19 18 7 1 3 13 4 5 16 11 2 15 
student 778: 14 13 12 3 5 17 1 19 7 18 11 8 2 20 6 10 16 15 9 4 
student 779: 13 15 7 19 6 18 8 16 2 11 20 10 9 14 1 12 3 4 17 5 
student 780: 12 11 19 4 8 17 14 20 13 10 6 16 18 15 2 9 7 1 3 5 
student 781: 7 17 8 6 16 20 14 18 13 15 11 1 2 4 10 3 12 5 19 9 
student 782: 3 18 19 13 16 8 14 5 10 9 12 6 11 17 1 20 15 2 7 4 
student 783: 8 2 19 9 13 14 11 3 20 15 12 1 6 18 7 16 4 10 17 5 
student 784: 13 12 15 2 18 17 10 3 11 14 16 6 4 7 8 19 20 1 9 5 
student 785: 4 13 6 10 1 3 8 19 20 9 17 7 12 18 11 14 5 2 15 16 
student 786: 13 18 14 16 19 10 7 9 8 11 6 4 2 20 3 17 15 1 12 5 
student 787: 3 19 10 6 9 5 4 13 17 7 11 18 12 16 1 15 20 8 14 2 
student 788: 10 16 12 7 4 3 14 2 9 13 19 6 1 8 17 11 18 5 20 15 
student 789: 13 20 10 19 17 11 12 6 14 16 18 8 15 9 7 5 3 2 4 1 
student 790: 11 8 20 12 6 10 14 15 13 17 18 2 1 16 5 4 3 7 19 9 
student 791: 2 4 7 11 12 9 1 15 6 17 16 20 3 18 13 14 8 10 19 5 
student 792: 2 10 19 18 20 4 12 13 15 8 3 1 16 5 17 14 9 11 7 6 
student 793: 6 8 20 14 13 9 11 17 10 19 12 1 15 18 4 16 3 7 2 5 
student 794: 4 10 17 8 18 12 7 5 11 13 16 15 20 3 14 9 1 2 6 19 
student 795: 3 14 10 15 6 2 16 4 5 9 19 11 18 8 12 17 20 13 7 1 
student 796: 4 13 3 12 9 15 14 18 11 16 20 6 5 19 7 17 10 8 1 2 
student 797: 8 14 9 5 17 19 1 18 13 20 15 6 7 12 16 3 2 10 11 4 
student 798: 4 11 17 13 7 20 8 5 6 19 12 3 2 1 10 15 16 14 9 18 
student 799: 12 2 20 18 1 6 13 14 15 7 10 8 9 19 3 5 16 11 4 17 
