student 0: 12 7 19 17 3 1 16 9 15 10 13 2 20 8 18 6 4 11 5 14 
student 1: 2 10 20 6 9 1 7 8 17 15 16 4 18 14 13 3 5 11 12 19 
student 2: 17 8 10 6 15 14 2 1 9 3 19 13 11 18 16 20 7 12 4 5 
student 3: 2 7 8 17 3 16 4 10 13 9 20 5 1 11 15 14 6 12 19 18 
student 4: 14 18 15 5 13 20 16 11 8 2 4 3 6 19 12 17 10 7 1 9 
student 5: 5 4 20 12 16 2 19 9 15 10 11 7 8 13 18 1 14 17 3 6 
student 6: 11 20 18 14 10 16 4 5 6 15 3 12 9 19 8 7 2 17 1 13 
student 7: 13 3 12 2 8 7 1 11 10 4 15 9 5 20 18 17 6 19 14 16 
student 8: 18 11 17 4 10 12 5 8 13 1 2 9 3 16 20 6 15 7 14 19 
student 9: 13 15 14 7 1 12 18 3 2 11 19 6 17 5 9 20 10 16 8 4 
student 10: 4 14 11 15 2 7 1 12 3 13 8 10 20 9 18 5 6 19 17 16 
student 11: 7 15 6 14 9 18 3 10 2 17 20 5 16 4 12 11 8 19 1 13 
student 12: 13 3 7 20 6 4 9 18 1 16 14 8 2 17 5 10 12 15 19 11 
student 13: 1 9 14 6 2 10 3 12 13 8 20 11 19 16 15 7 4 18 5 17 
student 14: 17 10 20 13 2 1 14 4 8 7 19 3 6 12 11 15 9 16 18 5 
student 15: 10 13 12 18 1 16 8 14 6 9 15 2 17 20 19 5 4 7 3 11 
student 16: 12 5 14 11 10 18 3 13 15 8 7 1 17 9 16 20 2 19 6 4 
student 17: 11 5 16 8 2 19 15 7 4 13 12 14 20 18 6 3 1 17 10 9 
student 18: 19 7 12 13 5 1 2 4 15 9 17 16 20 14 8 18 10 6 11 3 
student 19: 8 6 11 19 9 5 14 7 2 13 12 10 1 3 15 17 18 20 16 4 
student 20: 17 3 15 12 4 8 19 2 9 13 11 6 16 18 7 20 5 1 14 10 
student 21: 7 17 10 15 4 3 13 19 8 12 16 5 6 11 20 9 1 14 2 18 
student 22: 19 15 16 14 2 6 1 9 5 8 3 20 17 13 10 7 11 18 4 12 
student 23: 11 14 16 3 20 7 1 4 8 6 9 5 17 18 10 15 2 13 12 19 
student 24: 11 8 14 10 13 18 6 5 9 19 7 16 3 12 4 1 2 17 15 20 
student 25: 6 4 1 14 17 9 19 16 7 8 11 10 12 20 5 2 13 18 3 15 
student 26: 9 11 17 1 6 2 7 3 20 14 16 8 15 18 13 10 12 19 5 4 
student 27: 19 18 13 17 3 2 6 5 12 7 10 9 8 15 11 16 1 14 4 20 
student 28: 20 4 19 15 6 5 8 11 10 2 13 3 18 16 7 17 1 14 12 9 
student 29: 18 13 12 10 1 3 6 7 19 8 4 14 16 15 11 9 20 5 2 17 
student 30: 13 2 12 9 17 10 6 1 8 14 5 4 11 7 19 15 16 20 3 18 
student 31: 19 4 8 6 11 9 2 10 3 15 14 1 18 16 13 7 12 20 5 17 
student 32: 16 13 19 17 9 15 6 3 18 12 7 4 14 2 5 1 8 20 10 11 
student 33: 19 18 2 16 5 15 9 20 1 4 13 3 14 11 17 10 8 12 7 6 
student 34: 13 11 5 6 4 2 3 1 9 8 20 10 18 17 12 14 15 16 19 7 
student 35: 6 12 14 15 10 4 13 9 2 8 16 7 18 17 3 5 20 11 1 19 
student 36: 19 4 13 8 9 10 7 6 11 15 14 12 17 18 2 1 3 20 16 5 
student 37: 12 9 18 15 5 4 8 3 6 14 19 2 10 20 7 13 1 17 16 11 
student 38: 16 3 19 11 12 17 14 10 9 18 20 1 13 6 8 4 5 15 7 2 
student 39: 6 1 19 12 13 10 4 3 2 5 16 11 17 20 15 18 9 14 8 7 
student 40: 5 12 1 18 8 13 10 9 15 16 11 14 20 19 17 7 2 3 4 6 
student 41: 14 11 10 19 6 5 1 18 4 8 17 20 12 16 9 7 15 13 2 3 
student 42: 18 5 8 7 12 10 15 20 1 2 19 17 9 6 16 3 14 13 4 11 
student 43: 7 17 14 19 2 15 10 12 6 20 4 16 1 13 9 18 8 11 3 5 
student 44: 19 9 14 4 11 10 6 7 17 1 13 8 16 12 2 15 18 5 3 20 
student 45: 5 1 19 15 4 2 12 10 14 17 7 3 11 16 8 20 18 6 9 13 
student 46: 2 9 4 8 6 12 15 3 16 5 20 1 13 11 10 14 17 18 7 19 
student 47: 1 4 3 2 13 9 10 8 20 15 7 11 18 19 17 14 5 6 12 16 
student 48: 4 2 5 10 3 12 16 1 15 11 13 9 7 18 14 6 8 19 20 17 
student 49: 8 17 19 2 14 10 11 4 9 15 13 12 3 18 16 6 5 20 7 1 
student 50: 7 14 4 20 1 5 10 6 12 9 2 3 18 17 16 11 8 19 15 13 
student 51: 14 15 7 13 4 10 17 1 12 11 20 8 6 2 9 3 5 18 19 16 
student 52: 4 12 19 3 14 20 9 11 13 7 15 1 16 17 6 8 5 18 10 2 
student 53: 12 7 20 11 16 3 5 4 10 19 18 1 14 13 8 6 15 17 2 9 
student 54: 3 15 17 18 16 6 4 8 14 12 13 9 5 19 2 7 11 20 10 1 
student 55: 9 17 8 10 11 3 15 12 7 6 18 20 14 4 19 5 1 2 13 16 
student 56: 15 1 16 12 3 19 9 18 8 20 13 10 4 14 5 6 11 17 7 2 
student 57: 6 20 10 8 4 11 9 13 16 15 18 2 17 19 5 14 1 7 3 12 
student 58: 14 16 20 11 18 17 9 6 15 10 19 2 8 12 5 13 1 7 4 3 
student 59: 5 6 8 17 1 14 12 16 2 4 15 13 18 19 10 9 11 7 3 20 
student 60: 12 7 3 19 4 14 15 8 6 11 13 16 17 2 10 9 5 18 1 20 
student 61: 10 20 8 19 18 3 7 2 4 14 12 1 15 17 13 9 6 16 5 11 
student 62: 14 18 13 5 3 1 9 15 8 4 16 11 12 19 6 20 2 17 10 7 
student 63: 7 11 14 19 5 4 1 10 12 20 2 17 18 9 16 8 3 13 6 15 
student 64: 5 16 7 18 4 9 13 17 3 8 11 2 6 19 15 20 10 14 12 1 
student 65: 2 14 16 9 10 19 4 18 1 20 7 12 15 17 8 11 6 13 3 5 
student 66: 9 10 8 7 6 19 5 14 11 1 13 3 15 16 12 17 18 2 4 20 
student 67: 12 8 16 13 3 19 6 2 5 10 18 7 20 4 11 14 1 15 17 9 
student 68: 10 1 15 3 14 16 8 7 17 12 4 6 18 13 2 20 5 19 9 11 
student 69: 5 15 19 2 3 1 7 8 14 20 18 4 12 16 10 17 9 13 6 11 
student 70: 8 15 17 18 20 10 7 5 3 6 14 4 19 11 16 1 2 12 9 13 
student 71: 5 19 2 17 10 18 1 6 11 14 13 9 20 3 12 7 8 16 4 15 
student 72: 11 6 9 16 3 5 20 8 13 1 14 15 19 12 10 4 2 17 7 18 
student 73: 5 4 20 18 1 6 17 12 7 10 8 3 16 14 15 11 2 19 9 13 
student 74: 2 6 16 14 8 13 19 9 12 4 3 11 10 17 20 5 1 18 7 15 
student 75: 14 12 15 11 7 10 1 20 13 16 8 5 19 17 3 6 2 4 9 18 
student 76: 9 20 18 8 15 1 13 7 5 10 16 11 6 12 19 17 4 2 3 14 
student 77: 8 12 6 18 2 4 5 9 3 1 16 7 20 11 19 13 10 14 15 17 
student 78: 19 9 7 15 12 14 10 13 4 8 3 2 20 11 17 6 1 18 5 16 
student 79: 13 15 20 19 1 16 10 3 11 7 14 2 5 9 17 6 8 18 4 12 
student 80: 8 6 14 11 1 5 15 9 3 16 19 4 10 20 7 17 2 13 12 18 
student 81: 16 8 5 4 14 3 2 6 10 17 20 12 19 13 18 11 1 15 7 9 
student 82: 7 8 9 18 6 15 1 19 10 4 13 12 17 20 2 3 5 14 16 11 
student 83: 18 19 10 5 1 17 8 15 11 4 14 3 9 12 20 7 13 16 2 6 
student 84: 4 3 18 12 15 11 1 2 20 6 13 8 16 19 10 9 14 7 5 17 
student 85: 19 16 17 14 12 10 4 15 6 3 7 2 20 5 13 18 8 11 1 9 
student 86: 19 15 14 4 2 20 5 12 8 11 6 3 16 18 7 9 1 13 17 10 
student 87: 2 1 12 17 6 14 20 4 9 15 5 18 11 13 10 19 8 7 3 16 
student 88: 9 14 3 13 8 5 16 2 17 19 1 10 6 12 20 18 7 15 4 11 
student 89: 1 13 15 14 8 18 10 16 19 6 7 9 12 5 20 2 4 17 3 11 
student 90: 4 13 11 15 7 12 17 2 10 18 8 9 16 1 19 5 3 20 6 14 
student 91: 12 10 5 16 14 15 4 19 13 17 6 3 18 2 8 11 7 9 1 20 
student 92: 20 14 15 17 3 4 2 9 10 6 11 1 16 19 12 7 8 13 18 5 
student 93: 12 4 1 15 19 14 9 11 20 7 16 2 17 13 3 6 8 18 5 10 
student 94: 8 14 7 18 10 19 2 5 6 1 16 3 4 17 13 9 12 15 11 20 
student 95: 17 5 14 19 1 11 7 4 8 9 12 6 18 3 2 13 16 20 15 10 
student 96: 7 14 11 16 6 5 18 4 3 15 13 17 20 8 10 2 12 19 1 9 
student 97: 16 19 6 10 5 18 1 20 12 11 13 4 9 14 8 3 17 15 7 2 
student 98: 20 9 5 18 14 13 4 7 19 2 12 8 16 3 11 1 17 10 6 15 
student 99: 20 3 19 2 15 17 6 4 7 14 18 8 12 10 13 11 1 9 5 16 
student 100: 16 4 3 15 13 11 5 17 19 18 20 6 8 9 14 12 10 7 1 2 
student 101: 18 2 15 6 19 20 5 7 9 13 16 11 12 14 8 4 1 17 3 10 
student 102: 1 15 19 3 8 6 18 10 2 11 9 4 13 5 12 17 14 16 7 20 
student 103: 2 14 20 7 4 10 9 16 5 8 18 3 17 19 15 1 12 11 6 13 
student 104: 18 6 19 9 20 10 4 2 5 7 15 3 17 11 8 13 14 16 1 12 
student 105: 2 4 1 7 5 18 12 19 3 16 13 9 8 6 20 10 11 14 15 17 
student 106: 13 7 12 1 4 17 18 3 2 16 6 9 15 11 8 19 5 10 14 20 
student 107: 14 15 7 16 11 9 4 3 5 6 10 13 18 20 1 12 17 8 2 19 
student 108: 16 9 14 10 8 1 17 2 3 5 11 12 15 6 20 7 4 18 13 19 
student 109: 2 12 15 9 11 1 13 20 3 4 7 5 16 17 10 6 8 19 18 14 
student 110: 4 19 15 14 13 1 18 7 3 10 16 9 6 8 5 17 12 20 2 11 
student 111: 14 20 19 15 5 10 1 18 6 3 8 7 11 17 4 12 16 13 2 9 
student 112: 16 1 10 15 6 12 19 18 4 14 20 3 17 9 11 8 13 5 2 7 
student 113: 15 5 4 16 6 10 7 3 13 14 17 8 9 20 18 12 2 19 1 11 
student 114: 2 3 15 12 16 8 7 4 18 20 19 9 13 10 5 17 6 1 14 11 
student 115: 2 12 18 15 7 3 19 4 1 14 6 9 17 5 20 16 13 10 8 11 
student 116: 5 11 10 12 2 18 1 13 4 15 8 3 20 19 16 14 6 17 9 7 
student 117: 18 5 8 10 4 9 6 17 3 13 19 2 14 16 12 1 11 20 7 15 
student 118: 16 11 12 13 5 8 14 9 4 2 20 17 7 3 15 1 10 18 6 19 
student 119: 10 20 18 2 11 14 15 13 3 17 4 1 7 12 5 9 6 19 8 16 
student 120: 17 2 19 9 8 18 7 5 11 10 6 16 13 3 12 4 14 20 1 15 
student 121: 13 8 18 14 6 5 4 9 2 7 19 17 16 20 1 11 12 15 10 3 
student 122: 16 6 10 17 19 20 8 3 14 15 7 13 11 9 4 12 2 1 18 5 
student 123: 16 6 11 13 14 8 9 12 4 20 10 15 18 2 17 5 1 7 3 19 
student 124: 15 8 4 10 3 9 11 17 7 5 20 1 16 18 12 19 2 14 6 13 
student 125: 9 17 13 7 18 3 10 15 6 12 5 2 11 16 14 4 8 19 1 20 
student 126: 5 10 17 7 14 3 4 8 2 9 18 16 12 19 6 20 1 11 15 13 
student 127: 10 14 17 12 16 18 2 8 3 11 6 9 20 1 4 5 7 15 13 19 
student 128: 20 5 11 4 7 9 14 13 19 10 15 3 12 16 6 2 17 1 8 18 
student 129: 4 2 15 13 3 5 12 1 17 6 7 14 16 18 20 10 9 11 8 19 
student 130: 13 6 9 7 14 18 20 2 8 5 17 12 16 19 11 1 4 15 3 10 
student 131: 4 11 5 17 6 14 15 7 9 19 2 12 8 3 16 13 1 10 20 18 
student 132: 16 19 12 10 17 20 8 4 1 3 14 9 15 7 11 13 5 18 2 6 
student 133: 14 2 18 20 13 4 12 19 11 7 9 1 16 17 15 5 10 8 6 3 
student 134: 10 8 9 12 5 11 1 15 2 13 20 3 4 17 19 7 14 16 6 18 
student 135: 12 9 14 17 4 8 13 2 15 19 6 1 20 11 16 7 10 18 3 5 
student 136: 19 9 2 20 13 15 3 1 10 16 4 8 11 17 12 5 14 6 7 18 
student 137: 20 6 11 16 9 15 3 14 2 13 17 8 12 10 19 1 5 4 7 18 
student 138: 16 20 9 1 4 18 10 11 3 6 12 19 5 7 2 13 14 15 8 17 
student 139: 18 12 11 19 10 16 17 3 4 9 20 7 13 8 6 1 2 14 5 15 
student 140: 20 8 3 15 1 7 17 4 9 11 19 13 12 14 16 2 18 6 5 10 
student 141: 15 1 8 20 5 6 10 19 11 16 2 12 9 7 3 18 13 14 4 17 
student 142: 11 5 15 19 13 14 3 10 7 6 9 2 12 20 8 16 1 17 4 18 
student 143: 18 20 16 13 15 6 19 7 11 12 14 9 1 4 2 17 10 3 5 8 
student 144: 11 6 19 18 8 2 12 10 5 15 20 3 14 13 9 16 4 17 1 7 
student 145: 8 18 20 17 11 10 7 2 16 15 12 6 5 13 1 4 9 19 3 14 
student 146: 17 9 6 4 2 14 7 3 12 10 19 1 16 18 11 13 15 8 5 20 
student 147: 16 10 15 9 4 20 11 12 5 1 18 13 19 17 14 2 3 6 8 7 
student 148: 13 20 16 3 8 9 7 1 10 4 12 6 5 19 15 14 2 18 11 17 
student 149: 4 2 20 9 8 13 1 16 5 10 14 7 18 15 19 6 11 17 3 12 
student 150: 2 8 20 17 11 9 7 13 14 3 12 1 6 18 16 15 4 10 5 19 
student 151: 15 11 20 17 2 14 8 9 10 5 3 7 12 18 13 6 1 19 4 16 
student 152: 20 3 17 18 1 9 13 6 7 14 5 11 19 12 15 8 4 16 2 10 
student 153: 17 5 8 14 2 19 11 9 7 4 18 1 16 15 20 13 3 10 6 12 
student 154: 13 14 11 20 1 4 12 18 5 19 2 17 6 15 10 16 7 3 8 9 
student 155: 14 5 16 13 18 20 1 12 4 6 7 2 15 17 9 11 3 8 10 19 
student 156: 3 11 8 4 15 18 5 12 7 20 14 2 10 16 17 1 6 19 9 13 
student 157: 8 10 14 3 15 7 12 17 5 16 6 2 20 13 18 4 1 11 9 19 
student 158: 9 13 4 11 6 17 8 5 12 15 10 2 19 16 18 14 3 1 7 20 
student 159: 7 16 17 11 8 6 19 9 10 4 15 1 3 14 18 5 12 20 2 13 
student 160: 18 16 9 10 1 4 7 20 11 13 8 2 19 6 3 5 15 17 14 12 
student 161: 20 7 17 4 13 15 6 10 2 8 14 3 9 18 16 19 5 1 12 11 
student 162: 13 15 19 6 2 7 20 12 4 14 11 1 16 17 8 9 5 10 3 18 
student 163: 16 1 19 12 4 11 14 6 2 17 5 20 18 8 7 10 3 15 9 13 
student 164: 12 17 15 5 1 9 18 4 13 3 19 8 2 20 7 6 14 10 16 11 
student 165: 14 11 2 19 3 5 9 15 13 1 16 4 12 20 6 17 7 18 10 8 
student 166: 14 20 15 11 10 4 7 3 13 19 18 8 12 16 6 2 5 9 1 17 
student 167: 8 16 11 15 19 10 1 2 7 13 18 3 6 9 17 5 4 20 14 12 
student 168: 9 15 3 19 8 16 12 13 5 11 14 2 17 4 18 10 7 20 6 1 
student 169: 14 6 10 8 13 17 3 12 11 16 15 1 19 18 5 4 7 9 2 20 
student 170: 20 15 16 12 4 2 6 9 1 13 19 7 8 10 11 14 18 5 3 17 
student 171: 19 9 11 16 6 3 20 2 4 1 8 7 15 14 12 10 5 18 13 17 
student 172: 5 12 20 15 2 6 16 17 10 4 14 8 1 9 18 3 7 13 11 19 
student 173: 18 12 16 4 7 10 15 19 8 11 9 1 13 6 20 2 5 17 14 3 
student 174: 6 10 1 16 17 7 13 11 9 5 8 20 14 4 12 19 3 18 2 15 
student 175: 11 19 7 20 3 1 10 13 16 8 5 15 14 9 18 12 4 6 2 17 
student 176: 17 3 4 7 9 18 8 6 16 14 13 15 2 20 19 10 1 11 5 12 
student 177: 19 13 7 16 17 1 5 18 10 14 12 3 6 8 4 15 2 20 11 9 
student 178: 12 16 14 9 13 11 15 7 3 20 19 5 1 17 8 2 4 18 10 6 
student 179: 13 20 7 15 14 12 19 4 3 5 11 2 16 17 6 1 9 18 10 8 
student 180: 5 10 17 15 4 14 2 7 16 6 18 3 20 13 9 8 1 12 19 11 
student 181: 19 12 18 6 11 3 1 7 8 17 9 15 16 2 10 5 13 20 14 4 
student 182: 10 8 12 13 19 16 14 4 7 2 6 3 11 17 18 9 1 20 5 15 
student 183: 19 7 16 15 12 6 3 2 10 9 20 8 4 11 14 5 1 13 18 17 
student 184: 13 9 20 10 17 5 6 12 2 19 7 4 11 14 8 16 3 18 1 15 
student 185: 10 15 16 14 1 17 3 13 2 6 18 12 19 8 9 20 5 11 7 4 
student 186: 12 9 3 20 15 13 10 5 4 16 19 2 11 18 14 7 1 17 6 8 
student 187: 12 20 15 1 7 14 3 10 6 5 19 4 16 18 2 11 9 8 13 17 
student 188: 16 10 20 14 5 13 19 8 9 17 11 3 18 2 15 4 1 7 12 6 
student 189: 16 17 8 5 13 1 20 18 6 12 14 3 2 19 9 10 7 15 11 4 
student 190: 13 17 8 20 2 12 1 3 14 7 16 10 15 19 4 18 9 11 5 6 
student 191: 19 8 16 1 14 20 6 5 4 13 17 10 9 18 11 3 7 15 12 2 
student 192: 2 8 19 12 3 7 10 16 1 6 14 4 17 5 15 13 9 20 11 18 
student 193: 3 10 15 16 11 19 17 2 6 8 13 4 18 5 14 9 1 20 12 7 
student 194: 17 15 10 12 11 4 5 14 6 13 20 2 16 18 1 19 3 8 9 7 
student 195: 18 2 11 15 12 20 19 16 9 13 14 4 5 8 7 10 3 17 1 6 
student 196: 18 7 10 14 4 16 5 8 9 12 17 2 11 15 19 6 1 20 3 13 
student 197: 1 16 18 17 3 11 15 20 10 12 2 5 14 7 4 9 13 6 8 19 
student 198: 14 3 20 16 7 8 1 11 6 10 4 12 18 19 17 2 5 9 13 15 
student 199: 12 19 11 4 1 15 9 10 7 8 16 5 14 2 6 18 3 17 20 13 
student 200: 14 9 19 10 7 16 1 17 2 5 8 6 12 20 11 4 3 13 15 18 
student 201: 10 19 18 16 2 9 6 15 1 13 7 8 12 20 11 4 5 14 3 17 
student 202: 14 12 15 16 1 17 4 5 2 11 18 3 19 7 9 13 8 20 6 10 
student 203: 19 11 14 16 8 7 4 10 6 1 20 2 9 13 12 17 15 18 5 3 
student 204: 17 6 9 13 11 4 16 14 15 20 7 5 19 8 18 12 10 1 3 2 
student 205: 19 10 13 15 7 16 18 11 3 5 4 1 17 14 20 6 9 12 2 8 
student 206: 11 18 12 15 17 19 7 5 6 3 20 4 16 14 13 8 2 9 1 10 
student 207: 19 20 18 11 9 7 3 16 8 5 14 6 4 15 1 10 12 17 13 2 
student 208: 6 19 14 2 10 12 5 8 4 17 11 7 13 20 9 15 3 16 1 18 
student 209: 18 3 10 1 6 5 19 8 17 12 2 15 13 14 20 4 16 7 11 9 
student 210: 14 20 10 7 1 18 11 5 2 6 12 16 9 4 17 3 15 13 19 8 
student 211: 7 1 11 10 5 14 8 6 3 18 20 2 12 4 17 15 9 13 16 19 
student 212: 1 11 8 10 14 4 20 3 7 17 13 16 15 18 9 12 2 6 5 19 
student 213: 18 13 12 19 11 4 2 10 15 14 17 3 16 7 20 8 1 6 5 9 
student 214: 20 10 18 9 13 12 1 7 14 3 17 8 11 19 2 6 5 16 15 4 
student 215: 10 4 16 12 17 6 5 19 20 2 8 9 15 14 13 11 18 7 3 1 
student 216: 20 3 18 2 1 6 7 9 11 14 12 4 19 13 15 8 16 10 5 17 
student 217: 3 12 15 6 11 7 13 17 14 19 2 10 9 8 18 16 4 20 5 1 
student 218: 12 3 11 2 18 14 8 9 16 10 15 7 6 20 17 4 1 13 5 19 
student 219: 8 20 9 5 10 18 7 3 12 2 15 1 14 19 11 17 4 13 16 6 
student 220: 19 9 12 16 8 2 5 10 7 11 15 18 20 17 13 14 3 1 6 4 
student 221: 14 6 20 5 15 3 19 4 1 12 16 2 10 8 9 11 13 7 18 17 
student 222: 10 4 13 1 9 18 6 16 2 5 19 7 11 15 12 17 8 20 3 14 
student 223: 17 11 19 4 8 12 15 13 5 18 7 2 20 6 10 9 1 14 16 3 
student 224: 11 10 9 14 4 12 6 8 5 1 17 3 19 18 20 7 2 16 13 15 
student 225: 16 8 19 20 15 9 1 11 4 5 2 7 18 6 10 13 3 14 12 17 
student 226: 3 15 4 5 2 11 6 7 17 18 9 13 20 12 19 8 10 14 16 1 
student 227: 2 16 19 3 10 13 15 8 1 5 14 4 9 18 20 7 6 12 11 17 
student 228: 2 18 16 13 1 15 4 8 11 5 17 3 20 19 12 9 6 7 10 14 
student 229: 17 13 19 14 10 16 4 11 2 6 9 12 8 15 5 18 1 20 7 3 
student 230: 3 13 1 10 7 15 20 4 6 2 9 11 16 14 12 19 18 17 8 5 
student 231: 9 13 6 16 1 19 10 8 2 14 7 20 15 18 3 5 4 17 11 12 
student 232: 3 19 1 10 7 5 2 20 18 11 12 4 15 14 13 8 6 17 16 9 
student 233: 3 15 2 7 1 10 12 6 5 16 14 19 20 18 17 9 4 11 13 8 
student 234: 4 3 12 14 18 20 6 11 8 1 17 7 5 9 10 13 15 16 19 2 
student 235: 16 1 9 14 12 20 15 6 10 17 11 3 7 18 4 8 2 19 13 5 
student 236: 10 14 20 13 8 3 16 2 19 5 7 6 12 11 1 4 15 18 17 9 
student 237: 15 5 11 10 7 8 13 9 1 18 12 2 17 19 16 6 4 20 14 3 
student 238: 20 15 12 18 17 5 13 11 10 4 16 9 14 2 1 3 8 19 6 7 
student 239: 20 1 19 9 18 15 11 16 4 7 3 10 5 13 14 17 12 6 8 2 
student 240: 18 19 3 16 5 10 9 2 7 15 8 6 12 17 11 20 4 14 13 1 
student 241: 9 3 11 17 19 10 13 8 16 6 1 4 5 20 12 14 15 18 7 2 
student 242: 13 14 20 17 3 4 12 10 1 6 19 2 5 8 16 11 7 18 15 9 
student 243: 15 13 19 16 6 5 1 9 4 7 14 2 17 18 3 12 10 20 11 8 
student 244: 19 8 6 18 3 17 5 20 9 4 12 2 11 7 15 16 14 13 1 10 
student 245: 13 20 3 1 6 4 2 10 18 12 15 8 17 7 19 9 5 14 11 16 
student 246: 13 18 7 19 6 14 5 12 3 1 11 20 17 15 10 9 8 16 4 2 
student 247: 11 3 20 14 6 8 9 19 2 10 15 18 4 13 7 5 17 16 1 12 
student 248: 5 14 16 13 2 12 8 6 1 19 9 11 20 3 7 10 4 18 15 17 
student 249: 12 15 20 11 13 17 18 7 4 1 2 3 14 8 16 5 6 19 10 9 
student 250: 13 6 20 10 19 1 11 15 8 14 16 9 5 7 12 4 3 18 17 2 
student 251: 2 19 20 10 9 13 14 18 3 17 12 4 15 16 11 1 6 8 5 7 
student 252: 20 8 9 4 2 7 5 14 3 6 19 10 15 18 17 11 1 16 12 13 
student 253: 13 20 9 7 8 11 17 4 3 16 1 18 19 14 10 6 2 15 12 5 
student 254: 19 15 5 8 2 11 4 7 12 20 10 18 16 14 9 1 6 17 3 13 
student 255: 8 10 16 5 17 12 6 15 3 20 7 9 14 18 13 11 4 2 1 19 
student 256: 11 16 14 1 6 2 15 8 9 20 3 17 5 18 13 19 7 10 12 4 
student 257: 18 1 17 8 5 13 9 7 4 3 15 2 19 14 12 10 6 20 11 16 
student 258: 8 12 20 15 2 16 4 11 14 1 17 6 3 5 18 13 9 19 10 7 
student 259: 6 3 18 11 15 13 9 2 17 5 12 1 7 20 8 16 4 19 10 14 
student 260: 15 18 11 3 1 16 2 5 7 6 8 10 14 20 9 4 13 19 17 12 
student 261: 11 9 17 4 10 7 15 1 8 2 19 12 20 13 14 3 18 6 5 16 
student 262: 17 5 19 16 6 3 13 11 12 10 15 4 7 18 8 9 2 20 1 14 
student 263: 19 6 4 9 2 20 15 1 11 7 3 5 13 18 16 17 10 8 12 14 
student 264: 7 1 18 15 11 4 10 12 5 2 20 13 17 6 19 9 14 8 3 16 
student 265: 11 13 18 16 8 19 5 17 9 6 1 2 15 14 12 3 7 4 20 10 
student 266: 1 13 9 7 11 12 3 2 8 17 18 5 15 20 6 16 19 4 10 14 
student 267: 15 5 9 3 10 19 12 2 6 7 18 1 11 20 14 13 4 17 8 16 
student 268: 20 15 12 13 19 18 2 9 3 16 6 1 4 7 17 11 10 14 8 5 
student 269: 6 2 18 12 7 17 3 19 5 4 9 14 20 15 10 13 8 16 11 1 
student 270: 13 9 17 19 11 18 7 1 6 2 15 3 20 12 5 14 10 16 8 4 
student 271: 14 1 19 12 15 5 11 3 7 16 13 4 20 6 2 8 10 18 9 17 
student 272: 15 4 3 7 16 6 8 2 20 9 5 12 17 14 13 11 18 10 19 1 
student 273: 17 20 4 19 10 16 18 15 7 2 13 3 14 1 6 8 5 11 12 9 
student 274: 3 16 9 14 15 12 11 2 1 7 8 5 19 18 10 13 6 20 4 17 
student 275: 12 11 13 15 9 5 6 2 17 1 10 8 20 16 14 18 7 19 4 3 
student 276: 14 11 17 6 9 3 20 5 12 10 1 4 19 18 15 16 7 13 2 8 
student 277: 15 14 10 13 19 7 9 20 2 1 5 4 11 12 8 3 18 17 6 16 
student 278: 14 10 11 8 17 19 3 5 6 13 16 1 15 9 18 4 7 12 2 20 
student 279: 12 11 18 10 17 9 13 5 1 7 14 3 20 8 2 16 6 19 4 15 
student 280: 5 20 7 6 1 15 19 16 4 12 14 2 11 13 3 18 9 17 8 10 
student 281: 11 7 20 13 12 15 6 4 3 5 14 1 10 19 16 17 18 9 2 8 
student 282: 19 9 13 6 11 5 3 2 12 4 17 1 18 8 15 16 14 10 20 7 
student 283: 20 15 12 11 6 8 7 13 5 17 19 1 14 2 18 3 9 16 4 10 
student 284: 20 18 19 17 2 5 11 4 10 3 9 13 12 16 1 8 6 7 15 14 
student 285: 10 13 1 6 12 20 19 8 17 5 18 7 11 15 3 9 14 16 2 4 
student 286: 14 10 17 8 19 6 20 18 2 15 5 9 11 16 3 4 7 12 13 1 
student 287: 8 5 15 16 2 1 14 6 13 9 17 4 19 10 11 18 7 20 12 3 
student 288: 17 8 12 11 9 5 7 2 1 10 20 3 15 13 19 16 14 18 4 6 
student 289: 17 6 11 10 3 7 12 1 2 15 16 19 18 20 13 5 8 9 14 4 
student 290: 18 12 19 9 4 3 2 11 15 8 14 1 7 5 17 6 20 10 13 16 
student 291: 10 7 16 13 2 18 17 5 9 6 8 1 11 20 12 4 19 14 3 15 
student 292: 18 9 13 5 1 10 12 20 7 2 14 17 19 15 11 4 3 16 6 8 
student 293: 14 18 10 17 11 5 16 15 3 2 9 7 12 1 20 6 19 8 4 13 
student 294: 19 8 10 18 14 7 1 3 2 4 20 5 16 17 12 6 15 11 9 13 
student 295: 9 1 13 12 7 17 18 3 20 5 6 16 19 8 15 14 10 11 2 4 
student 296: 3 7 12 20 15 13 6 9 2 16 1 4 14 18 17 5 10 19 11 8 
student 297: 6 1 19 17 10 14 2 16 11 4 20 5 13 15 9 8 3 18 7 12 
student 298: 15 20 10 13 4 6 12 2 1 18 19 8 7 17 3 14 11 16 5 9 
student 299: 15 16 13 4 11 9 6 2 12 1 5 17 7 18 10 8 14 20 19 3 
student 300: 10 13 6 7 16 4 5 12 1 2 20 3 17 18 11 14 19 8 9 15 
student 301: 6 19 13 9 7 14 2 3 12 11 10 5 20 4 16 15 8 18 17 1 
student 302: 18 16 17 2 4 14 7 5 13 15 6 9 12 1 11 10 3 8 20 19 
student 303: 13 11 19 15 12 8 1 7 6 14 17 5 10 9 20 16 3 18 2 4 
student 304: 19 16 10 12 8 14 11 9 2 1 15 6 4 13 20 3 18 17 7 5 
student 305: 1 15 9 17 3 16 7 20 13 11 12 4 2 10 19 8 6 18 5 14 
student 306: 19 5 13 12 16 11 10 14 6 15 3 8 7 17 18 4 1 2 9 20 
student 307: 18 3 2 20 11 5 9 15 7 19 16 6 14 17 12 4 1 13 8 10 
student 308: 18 15 11 20 3 6 12 2 14 8 10 1 17 13 19 4 16 9 7 5 
student 309: 13 16 19 15 9 8 4 7 14 17 2 5 20 18 1 10 12 3 11 6 
student 310: 15 9 5 19 13 4 20 3 2 8 14 7 17 10 16 12 1 18 11 6 
student 311: 13 11 20 12 14 4 6 8 1 9 15 3 17 18 19 16 2 10 5 7 
student 312: 3 18 4 15 9 14 19 2 10 5 16 8 20 11 13 7 1 12 6 17 
student 313: 16 4 10 11 1 20 5 9 12 19 14 17 7 6 15 3 8 2 13 18 
student 314: 4 7 8 19 5 12 3 18 1 2 10 15 9 17 13 16 6 14 11 20 
student 315: 14 4 13 11 9 8 19 6 12 7 16 5 17 1 2 20 10 18 3 15 
student 316: 19 10 20 18 13 5 15 6 3 14 12 17 7 9 2 11 4 1 8 16 
student 317: 8 4 1 20 2 13 16 12 6 9 18 15 3 5 19 10 14 11 7 17 
student 318: 19 11 7 4 8 10 3 6 1 15 17 2 18 20 16 5 12 9 13 14 
student 319: 8 9 20 16 5 6 7 1 4 15 12 3 14 2 19 13 18 17 11 10 
student 320: 17 12 7 3 5 13 9 18 10 11 15 4 19 16 2 1 6 14 20 8 
student 321: 11 3 15 17 2 12 6 16 8 10 14 9 5 19 1 18 7 20 13 4 
student 322: 15 9 19 11 17 8 3 4 2 5 6 1 18 7 12 13 20 14 10 16 
student 323: 2 13 14 10 11 16 3 15 8 5 1 9 7 6 20 19 4 18 17 12 
student 324: 12 17 15 7 14 8 2 5 10 4 16 1 18 19 13 11 9 20 6 3 
student 325: 17 7 14 16 1 12 5 3 8 15 13 2 20 18 10 6 9 11 4 19 
student 326: 10 7 14 19 6 11 8 2 3 5 16 1 18 12 4 15 20 17 13 9 
student 327: 19 4 11 10 6 17 18 5 13 9 15 2 8 1 12 16 7 20 3 14 
student 328: 8 9 18 4 15 3 17 10 1 14 2 6 16 12 7 19 5 20 11 13 
student 329: 10 3 18 5 7 8 9 1 20 11 12 4 15 13 16 14 2 17 19 6 
student 330: 14 16 15 4 2 19 3 9 10 5 11 12 8 17 6 1 20 7 13 18 
student 331: 18 5 15 17 9 6 8 1 3 16 20 7 4 12 13 14 2 19 11 10 
student 332: 8 17 20 18 10 3 7 12 5 4 15 2 11 1 13 9 14 16 19 6 
student 333: 4 8 16 9 3 11 7 5 15 6 17 1 18 13 19 2 14 10 20 12 
student 334: 6 17 7 19 15 2 11 3 8 5 18 14 12 4 13 10 1 20 16 9 
student 335: 8 6 1 11 15 14 7 5 16 2 12 3 9 19 13 4 18 17 10 20 
student 336: 20 14 18 11 12 19 1 8 5 4 17 2 10 9 3 6 7 15 16 13 
student 337: 18 12 15 19 5 10 14 16 8 6 13 11 2 3 17 9 7 4 20 1 
student 338: 15 11 17 6 16 12 13 4 8 9 14 1 19 10 18 7 2 5 3 20 
student 339: 18 1 16 7 12 13 4 11 17 5 19 8 20 10 9 14 6 2 15 3 
student 340: 9 3 11 15 14 17 8 6 1 16 19 2 7 13 20 18 4 12 5 10 
student 341: 18 2 12 3 15 6 5 14 9 19 11 7 8 17 4 13 1 16 10 20 
student 342: 3 13 16 20 9 2 14 17 6 1 8 5 19 18 7 15 10 12 4 11 
student 343: 16 20 18 12 5 1 13 6 7 15 2 3 19 9 8 11 4 17 14 10 
student 344: 11 8 5 10 14 9 17 2 1 19 18 3 6 20 15 12 4 16 7 13 
student 345: 17 1 5 9 3 2 10 12 13 4 11 15 20 16 19 18 6 7 8 14 
student 346: 20 6 17 10 8 5 7 1 16 3 14 2 18 9 13 19 11 15 4 12 
student 347: 8 10 12 11 13 14 1 5 3 9 15 7 16 18 20 19 4 17 2 6 
student 348: 17 2 10 13 3 12 9 14 5 15 4 1 11 19 6 20 7 18 16 8 
student 349: 6 20 11 19 9 17 1 5 4 16 15 8 3 14 7 10 12 18 2 13 
student 350: 6 12 17 2 3 1 9 8 19 4 16 7 11 10 14 20 13 5 18 15 
student 351: 11 15 17 7 6 9 5 12 1 8 20 3 19 13 14 4 10 18 2 16 
student 352: 12 19 11 15 1 2 20 18 5 10 4 3 8 13 17 6 14 9 7 16 
student 353: 11 8 15 19 2 9 20 5 10 3 17 16 12 18 13 4 1 14 7 6 
student 354: 10 19 17 8 3 13 1 11 9 16 14 7 15 20 18 6 5 12 2 4 
student 355: 8 13 5 14 16 15 11 9 17 3 20 1 18 12 10 2 4 19 6 7 
student 356: 18 14 9 13 12 8 3 5 11 7 16 2 1 19 15 4 6 20 17 10 
student 357: 11 5 15 7 6 16 10 8 14 9 19 2 20 12 18 13 17 1 4 3 
student 358: 18 14 1 6 4 16 17 20 11 5 19 9 2 8 3 15 10 7 12 13 
student 359: 16 6 11 5 7 12 9 15 8 4 1 18 19 20 2 14 13 3 10 17 
student 360: 16 9 20 18 6 13 14 12 1 10 15 3 17 11 7 2 8 19 4 5 
student 361: 10 7 17 14 13 8 6 19 5 1 11 2 9 4 18 15 12 3 16 20 
student 362: 5 17 9 12 3 11 13 7 2 16 20 6 10 8 14 15 4 19 1 18 
student 363: 11 20 6 4 10 8 12 13 7 9 19 1 17 18 16 3 5 14 2 15 
student 364: 15 19 8 4 7 12 2 13 6 5 10 3 18 14 17 16 9 11 1 20 
student 365: 5 4 16 14 7 1 19 3 2 17 18 8 15 11 6 13 12 20 10 9 
student 366: 10 3 11 18 7 20 5 1 8 13 4 6 15 12 9 14 16 17 19 2 
student 367: 15 7 6 8 13 5 10 3 20 14 9 1 16 12 19 11 2 18 4 17 
student 368: 10 16 4 13 5 2 1 3 12 14 9 11 20 18 17 15 6 19 8 7 
student 369: 11 17 6 7 15 19 2 3 9 4 14 8 18 10 12 20 1 16 5 13 
student 370: 11 1 12 16 2 3 18 5 10 19 7 9 14 20 6 4 17 15 8 13 
student 371: 4 7 8 14 18 6 2 16 3 19 17 10 20 15 11 12 9 13 5 1 
student 372: 11 16 17 2 1 12 10 3 5 19 13 7 20 18 9 6 8 14 4 15 
student 373: 15 11 20 2 12 13 4 5 17 1 16 6 14 3 8 19 9 7 18 10 
student 374: 17 19 18 8 2 7 12 15 11 4 16 6 3 14 20 1 5 9 10 13 
student 375: 14 7 15 19 8 11 6 16 2 10 9 13 17 4 18 20 1 5 3 12 
student 376: 4 20 13 9 15 8 3 5 2 7 1 11 19 14 18 6 16 10 12 17 
student 377: 19 12 14 13 15 5 17 2 6 7 18 20 11 16 8 9 1 3 4 10 
student 378: 1 2 14 20 5 17 16 13 7 19 18 4 15 9 6 12 8 10 11 3 
student 379: 19 17 16 6 20 3 2 1 12 4 14 15 13 5 18 9 11 8 10 7 
student 380: 16 4 15 12 2 7 9 5 6 10 19 11 18 17 3 13 14 20 1 8 
student 381: 10 12 20 15 2 5 19 1 3 7 8 11 16 13 14 4 9 18 17 6 
student 382: 2 15 19 8 11 10 9 6 1 17 7 3 13 18 20 14 5 12 4 16 
student 383: 1 12 9 15 8 7 3 16 17 5 20 2 11 13 6 10 4 14 18 19 
student 384: 15 10 9 4 13 8 20 1 2 11 19 3 18 6 5 16 17 12 7 14 
student 385: 17 9 20 13 14 8 19 1 3 4 7 2 15 11 12 18 6 16 10 5 
student 386: 7 5 15 18 4 14 9 6 10 3 17 8 2 19 12 13 16 11 1 20 
student 387: 19 1 10 4 12 7 15 17 6 8 16 2 20 5 14 3 11 9 18 13 
student 388: 5 8 2 13 6 9 15 1 3 16 12 4 20 10 19 17 18 11 7 14 
student 389: 2 16 20 12 6 8 4 17 5 11 1 7 14 18 19 3 9 15 10 13 
student 390: 15 7 17 16 9 10 12 6 3 11 14 4 18 13 19 5 8 20 2 1 
student 391: 18 13 15 19 3 17 20 16 8 12 9 5 6 11 10 7 1 14 4 2 
student 392: 13 9 4 14 20 7 16 6 1 3 17 11 12 19 18 2 8 15 5 10 
student 393: 1 17 16 12 8 14 4 5 2 9 3 15 13 20 11 18 6 7 10 19 
student 394: 17 16 8 5 12 3 11 2 10 4 13 6 7 18 19 9 1 20 14 15 
student 395: 6 10 14 12 8 11 17 2 5 1 20 3 16 4 19 9 15 18 7 13 
student 396: 13 11 8 9 1 5 2 18 12 10 19 14 3 15 6 20 4 16 7 17 
student 397: 13 12 20 10 9 1 6 11 4 14 17 5 19 3 18 7 15 16 2 8 
student 398: 9 3 18 4 15 11 2 12 1 7 17 20 19 14 16 6 8 13 10 5 
student 399: 12 16 19 17 9 14 5 8 3 7 18 1 20 2 15 10 4 13 6 11 
student 400: 9 6 18 12 5 4 11 7 15 16 8 3 14 19 17 1 10 20 2 13 
student 401: 19 15 10 3 9 8 2 4 12 7 13 11 18 20 1 17 5 16 14 6 
student 402: 13 19 20 14 7 9 4 5 11 16 10 2 12 8 1 17 6 15 3 18 
student 403: 9 13 19 15 14 20 6 17 5 18 4 3 16 10 1 7 2 11 12 8 
student 404: 8 12 13 10 1 5 17 16 6 15 18 7 3 20 19 2 4 14 11 9 
student 405: 15 7 1 9 6 14 18 2 5 3 19 16 13 20 12 11 10 17 4 8 
student 406: 12 19 1 2 17 10 11 20 8 14 16 3 7 18 4 6 5 15 9 13 
student 407: 13 8 3 10 5 14 12 11 4 18 20 2 7 19 15 6 1 16 9 17 
student 408: 7 1 12 15 10 8 11 4 2 9 17 14 18 13 20 5 16 6 19 3 
student 409: 12 18 15 16 4 1 14 10 5 8 17 19 6 20 11 3 7 9 2 13 
student 410: 16 8 10 20 9 3 14 2 6 1 13 5 19 7 18 15 4 11 12 17 
student 411: 12 3 1 14 9 17 8 10 18 6 5 11 19 16 4 7 2 13 15 20 
student 412: 15 14 16 10 6 11 2 13 19 7 17 9 12 18 20 4 3 8 5 1 
student 413: 9 17 18 14 13 19 4 8 11 6 3 5 12 16 10 7 20 15 2 1 
student 414: 7 6 12 19 5 8 9 11 17 1 10 14 2 16 20 13 3 18 4 15 
student 415: 20 2 14 9 7 19 11 13 3 5 18 6 10 16 15 12 8 1 4 17 
student 416: 11 13 16 15 10 9 6 5 2 19 17 14 18 7 12 8 3 20 4 1 
student 417: 7 1 10 17 13 5 20 11 16 9 15 2 6 18 4 8 12 19 3 14 
student 418: 8 13 14 2 10 3 18 17 12 20 15 7 11 5 16 9 4 19 1 6 
student 419: 1 3 7 14 17 15 5 9 2 8 13 4 10 20 12 19 11 16 18 6 
student 420: 18 4 20 7 9 11 12 8 5 2 14 6 17 19 13 1 3 10 16 15 
student 421: 11 17 8 16 12 14 6 10 13 7 2 9 19 18 1 3 5 20 4 15 
student 422: 6 15 14 9 10 13 12 1 5 7 20 2 19 8 16 11 3 18 4 17 
student 423: 15 9 11 4 20 13 18 8 12 2 16 3 19 7 17 6 5 14 10 1 
student 424: 12 11 20 10 4 8 5 2 7 6 19 1 18 15 14 3 13 17 16 9 
student 425: 18 12 14 20 13 3 1 4 6 16 9 8 17 7 15 10 5 11 2 19 
student 426: 20 9 3 2 11 14 18 10 8 4 15 6 1 19 13 7 17 16 12 5 
student 427: 20 3 7 19 2 5 13 15 12 11 17 18 6 16 10 8 4 9 1 14 
student 428: 12 20 7 14 11 8 16 2 1 3 13 5 19 6 15 9 4 17 18 10 
student 429: 6 15 19 5 8 2 7 20 3 13 16 4 11 14 17 18 9 12 1 10 
student 430: 7 11 18 5 1 6 15 4 9 8 17 14 16 12 10 13 3 19 20 2 
student 431: 10 8 13 1 2 17 19 7 5 11 20 16 14 15 12 4 9 18 6 3 
student 432: 13 11 8 20 6 1 9 3 2 4 15 7 18 12 19 17 10 16 5 14 
student 433: 18 19 5 17 1 16 14 6 8 4 15 9 20 7 3 10 13 12 2 11 
student 434: 3 6 19 20 2 15 12 11 4 7 8 9 16 18 5 17 1 14 10 13 
student 435: 10 2 20 7 11 8 18 15 6 3 12 1 13 17 16 4 9 19 14 5 
student 436: 13 3 6 8 2 15 17 19 14 5 16 10 11 18 12 4 9 20 1 7 
student 437: 19 3 5 18 7 12 11 15 4 9 6 14 8 1 10 17 2 20 16 13 
student 438: 12 19 10 17 15 16 11 14 1 6 2 5 3 7 8 9 13 18 20 4 
student 439: 16 2 19 5 17 11 4 3 12 10 13 7 18 6 8 15 9 14 1 20 
student 440: 13 15 18 19 1 16 12 6 2 8 14 4 17 20 11 9 3 7 5 10 
student 441: 5 18 2 12 9 11 7 3 4 6 17 8 14 13 1 19 10 16 15 20 
student 442: 20 12 2 16 6 17 4 10 3 9 5 14 19 18 8 13 1 15 7 11 
student 443: 8 11 20 14 4 6 12 17 5 9 19 1 13 16 2 7 18 15 10 3 
student 444: 19 14 7 5 17 11 1 12 2 16 10 4 20 15 13 6 3 9 8 18 
student 445: 12 13 18 14 5 9 7 11 6 1 20 10 16 2 15 8 4 3 17 19 
student 446: 17 14 19 12 16 15 18 3 11 5 6 20 8 4 9 2 1 13 10 7 
student 447: 20 12 18 10 15 7 11 6 4 16 17 5 19 14 9 2 8 13 1 3 
student 448: 10 15 8 11 9 12 6 5 2 7 4 13 19 18 3 1 17 20 16 14 
student 449: 10 9 7 11 13 19 4 16 3 2 15 12 17 20 1 6 18 8 5 14 
student 450: 2 15 16 7 6 12 1 10 11 17 13 5 19 18 9 14 3 20 4 8 
student 451: 8 5 18 6 10 11 3 2 14 16 12 1 15 7 19 13 4 20 9 17 
student 452: 1 16 11 9 13 18 12 14 10 8 19 15 20 6 3 2 4 17 7 5 
student 453: 2 13 17 7 6 5 15 3 4 14 20 8 10 9 16 11 1 12 18 19 
student 454: 12 8 13 19 5 3 6 2 18 4 14 10 15 20 9 16 11 17 1 7 
student 455: 20 11 15 18 2 9 1 13 7 14 12 5 19 17 10 8 4 16 3 6 
student 456: 16 20 15 7 6 1 10 12 5 13 4 19 14 11 17 3 2 18 9 8 
student 457: 19 9 18 13 5 6 7 12 15 17 8 1 14 20 3 10 11 16 2 4 
student 458: 11 6 16 2 3 18 7 10 19 4 12 17 20 15 1 5 9 14 13 8 
student 459: 3 6 11 18 16 19 9 4 8 7 20 5 10 14 17 13 2 12 1 15 
student 460: 13 6 7 20 5 11 1 17 2 14 15 10 19 18 8 3 12 4 16 9 
student 461: 16 1 3 8 5 11 12 6 4 18 13 17 15 7 9 2 20 19 10 14 
student 462: 10 1 14 20 17 5 12 4 7 16 8 13 18 15 19 9 2 6 11 3 
student 463: 16 2 9 6 4 7 5 3 11 19 13 1 18 10 17 12 20 15 8 14 
student 464: 16 7 20 13 3 2 8 11 17 10 18 4 5 6 12 19 15 9 14 1 
student 465: 13 8 16 20 12 19 2 7 4 9 10 11 17 6 14 15 3 5 18 1 
student 466: 16 4 6 2 9 18 8 1 7 13 20 3 15 17 11 19 14 12 5 10 
student 467: 19 14 10 20 11 13 17 5 4 3 15 6 2 16 8 18 1 9 7 12 
student 468: 13 20 7 9 2 6 11 3 17 15 10 16 14 18 19 8 4 12 1 5 
student 469: 6 18 19 8 2 15 4 13 9 12 11 1 20 16 3 14 5 7 10 17 
student 470: 12 4 19 9 7 14 2 11 16 13 15 3 10 20 6 5 1 17 18 8 
student 471: 1 6 17 11 5 7 3 15 4 8 20 9 19 13 18 12 2 14 10 16 
student 472: 18 12 1 17 4 6 8 10 15 2 14 9 7 11 20 13 3 16 5 19 
student 473: 9 16 19 1 5 15 7 11 8 10 13 2 4 6 17 12 14 18 3 20 
student 474: 6 8 13 11 10 5 4 2 3 14 19 1 17 20 16 18 9 15 7 12 
student 475: 15 9 4 7 5 20 12 3 2 10 8 1 17 16 13 6 14 18 11 19 
student 476: 18 15 7 8 12 9 13 4 6 2 14 16 10 20 17 5 1 11 3 19 
student 477: 13 15 19 1 11 6 4 5 9 10 7 2 3 16 20 12 18 17 8 14 
student 478: 8 12 3 13 14 1 9 6 7 17 10 16 20 18 5 2 15 19 4 11 
student 479: 5 17 8 12 3 19 18 15 10 11 2 1 14 13 16 20 7 9 6 4 
student 480: 15 4 9 6 16 14 10 8 18 11 20 3 13 12 19 1 17 7 2 5 
student 481: 17 4 9 2 6 12 14 16 3 1 18 11 13 15 20 19 10 7 5 8 
student 482: 15 6 18 5 7 1 20 8 12 13 10 2 3 9 14 11 17 19 4 16 
student 483: 12 7 11 5 8 2 15 14 3 10 16 9 18 20 4 13 6 19 1 17 
student 484: 7 9 17 19 12 3 10 11 18 6 2 4 15 14 8 5 20 16 1 13 
student 485: 13 7 11 2 5 8 15 10 1 16 14 12 20 17 18 9 3 19 4 6 
student 486: 7 12 10 4 16 13 20 3 1 6 19 11 9 14 2 17 18 15 5 8 
student 487: 17 9 20 11 2 6 5 16 1 10 14 8 7 19 12 13 4 15 3 18 
student 488: 8 9 20 12 3 6 7 4 2 18 15 1 11 13 14 16 5 10 17 19 
student 489: 10 4 8 3 13 11 6 2 9 5 18 1 15 19 7 17 12 16 14 20 
student 490: 12 18 4 16 7 11 6 15 8 10 3 1 9 17 5 14 2 19 13 20 
student 491: 14 8 20 1 3 10 12 11 6 17 13 9 2 18 4 15 7 16 5 19 
student 492: 18 3 16 5 10 8 14 4 19 6 15 9 12 20 13 7 1 17 2 11 
student 493: 12 20 18 4 17 6 2 5 13 3 14 11 8 19 15 16 9 10 7 1 
student 494: 13 16 11 6 3 8 2 1 10 4 15 5 20 7 17 12 9 18 19 14 
student 495: 20 7 15 19 9 17 4 2 8 12 6 5 14 16 11 1 10 18 13 3 
student 496: 19 15 11 16 2 20 5 10 8 12 18 13 17 6 3 14 9 7 4 1 
student 497: 1 5 15 18 8 20 7 12 2 4 19 6 10 13 11 14 9 17 3 16 
student 498: 2 11 20 3 17 15 8 12 4 9 18 1 19 13 14 6 16 5 10 7 
student 499: 14 8 15 6 10 16 2 1 19 11 13 5 9 18 7 17 12 20 3 4 
student 500: 9 14 8 6 2 10 18 3 20 1 16 7 17 19 12 11 5 13 15 4 
student 501: 9 16 18 1 7 19 8 10 13 11 2 4 12 20 14 3 6 15 5 17 
student 502: 10 9 13 1 5 17 7 11 18 6 14 3 15 19 4 20 2 16 8 12 
student 503: 19 3 18 12 9 2 6 14 13 16 15 8 5 20 4 17 1 11 7 10 
student 504: 6 10 9 4 13 14 5 8 16 2 12 3 20 18 17 7 11 19 1 15 
student 505: 19 6 4 7 9 3 14 18 16 11 17 1 2 10 13 15 8 20 5 12 
student 506: 9 5 15 4 14 11 18 17 20 2 16 3 8 12 10 6 7 19 1 13 
student 507: 14 3 15 7 19 18 6 4 17 10 9 1 16 5 8 13 20 11 2 12 
student 508: 16 5 20 17 3 6 2 14 12 1 8 11 9 7 15 13 10 19 18 4 
student 509: 18 1 8 16 7 4 5 13 12 9 20 17 14 6 2 19 15 11 10 3 
student 510: 1 18 15 3 11 8 4 12 6 5 16 9 13 17 10 7 2 14 20 19 
student 511: 13 17 5 18 8 16 9 2 1 12 20 6 14 3 19 15 10 11 4 7 
student 512: 9 8 13 19 4 15 2 1 11 10 12 5 17 18 6 14 7 20 3 16 
student 513: 18 15 11 20 4 1 12 16 8 2 10 3 14 7 5 6 9 17 13 19 
student 514: 5 1 16 9 17 4 14 3 8 6 18 2 20 15 13 12 10 11 7 19 
student 515: 11 13 1 16 7 5 12 4 19 6 2 15 8 18 17 14 3 9 10 20 
student 516: 5 13 17 20 1 14 4 3 16 15 10 8 12 2 19 11 7 18 9 6 
student 517: 16 7 10 13 2 11 4 5 12 17 20 1 8 19 15 18 3 6 14 9 
student 518: 15 20 6 4 10 13 9 11 14 16 1 2 3 19 5 17 7 18 12 8 
student 519: 16 8 14 6 18 1 3 9 17 15 13 2 11 10 19 4 7 20 12 5 
student 520: 15 4 16 8 5 10 12 7 3 9 11 2 13 19 20 14 6 18 17 1 
student 521: 6 12 19 9 7 3 14 1 8 16 10 5 20 13 11 4 15 18 17 2 
student 522: 18 7 9 13 3 8 20 11 12 1 4 10 15 16 14 5 2 17 6 19 
student 523: 4 19 18 20 13 9 5 8 17 2 7 14 12 11 6 16 1 3 15 10 
student 524: 17 4 19 10 1 2 9 8 12 14 16 15 18 20 13 5 3 6 11 7 
student 525: 17 20 12 16 7 19 1 14 3 11 8 2 10 4 5 9 13 15 18 6 
student 526: 18 14 20 8 12 13 3 16 7 1 4 11 19 17 5 6 10 15 2 9 
student 527: 8 4 9 6 2 17 12 7 1 10 15 3 20 16 14 13 11 19 5 18 
student 528: 16 6 7 5 3 1 9 19 4 14 15 8 18 17 12 20 10 13 2 11 
student 529: 10 4 9 13 2 16 12 6 3 5 20 14 7 8 19 15 1 18 11 17 
student 530: 9 2 19 18 1 8 11 14 3 5 10 6 20 7 17 15 12 4 13 16 
student 531: 19 6 15 14 5 12 4 2 3 10 16 13 8 11 20 1 7 17 9 18 
student 532: 14 7 17 16 5 13 1 2 6 10 15 3 20 11 19 9 4 12 8 18 
student 533: 17 3 18 16 4 9 12 7 13 5 6 1 11 20 15 19 2 10 14 8 
student 534: 14 13 8 12 1 4 10 18 3 9 20 2 19 7 15 16 5 17 6 11 
student 535: 20 8 16 7 5 19 14 15 1 2 13 12 18 17 4 9 11 3 10 6 
student 536: 7 3 16 1 8 20 14 10 5 9 15 4 17 13 11 2 6 18 19 12 
student 537: 8 18 9 1 3 7 16 19 15 2 14 6 11 13 10 20 4 12 17 5 
student 538: 14 11 12 5 6 3 1 16 4 19 13 15 18 20 10 2 7 17 9 8 
student 539: 12 1 7 16 11 4 10 18 19 5 2 8 3 13 9 14 6 15 17 20 
student 540: 13 1 10 9 14 18 8 2 5 12 6 20 7 11 17 4 15 16 3 19 
student 541: 11 13 19 18 15 10 1 12 7 14 20 2 17 8 9 6 4 16 3 5 
student 542: 9 2 11 10 3 5 8 13 12 7 17 6 1 20 16 19 4 18 15 14 
student 543: 5 15 2 8 10 9 19 6 1 4 20 18 13 7 17 16 11 14 3 12 
student 544: 5 7 18 9 3 2 8 16 20 17 13 10 19 15 11 4 1 12 6 14 
student 545: 18 12 13 4 9 19 20 10 3 8 1 6 15 5 17 7 11 14 16 2 
student 546: 9 5 13 12 14 11 10 1 4 2 18 19 16 17 15 8 7 20 6 3 
student 547: 18 17 4 20 12 16 9 2 7 13 14 5 6 8 11 10 1 19 3 15 
student 548: 18 2 19 6 7 1 14 11 10 15 4 5 9 17 3 12 13 16 8 20 
student 549: 8 13 7 19 4 6 12 10 16 9 14 3 11 17 18 2 15 20 1 5 
student 550: 3 7 10 16 12 13 17 1 2 14 11 5 9 18 8 4 6 19 15 20 
student 551: 5 2 10 8 1 14 6 19 9 3 12 18 4 15 17 20 7 11 13 16 
student 552: 18 7 20 14 6 9 10 3 4 5 12 1 11 13 17 16 15 19 2 8 
student 553: 18 17 20 2 1 10 12 7 3 4 8 11 14 16 15 6 9 19 5 13 
student 554: 19 2 8 12 5 20 4 10 11 13 17 6 7 16 18 15 3 1 9 14 
student 555: 9 3 13 5 11 4 10 18 17 14 16 6 20 15 19 7 2 12 1 8 
student 556: 1 13 12 18 11 20 3 5 19 8 4 10 16 15 6 7 2 14 17 9 
student 557: 11 5 3 19 17 9 8 15 18 2 20 16 14 12 4 1 13 6 7 10 
student 558: 1 9 16 15 14 6 7 8 3 4 17 5 2 19 20 12 13 11 10 18 
student 559: 4 15 17 13 11 10 6 9 2 12 7 20 8 19 14 16 1 18 5 3 
student 560: 17 1 15 8 13 11 19 6 10 12 5 3 14 16 2 9 7 18 4 20 
student 561: 10 5 20 19 1 2 17 3 11 13 7 6 16 8 14 4 15 9 12 18 
student 562: 16 20 11 9 15 13 4 7 1 10 12 17 3 18 2 8 5 19 14 6 
student 563: 9 10 17 12 8 3 4 13 1 2 15 7 19 18 16 20 11 14 5 6 
student 564: 11 13 10 16 18 1 15 12 5 9 17 2 19 8 6 3 14 20 4 7 
student 565: 2 17 14 11 1 9 16 6 8 12 13 3 19 18 4 7 10 20 5 15 
student 566: 12 14 10 11 19 13 8 17 1 5 16 2 4 15 9 20 3 18 7 6 
student 567: 20 19 17 5 3 12 8 9 18 7 10 2 1 4 14 11 6 16 15 13 
student 568: 20 7 16 8 5 1 19 10 2 4 14 13 9 3 15 6 12 18 11 17 
student 569: 13 19 10 15 7 18 9 6 14 4 2 3 12 16 17 20 1 11 8 5 
student 570: 7 10 4 17 18 14 15 20 6 12 16 19 8 13 9 1 5 11 2 3 
student 571: 19 8 9 20 11 2 10 5 13 16 17 4 12 6 15 3 7 14 1 18 
student 572: 3 18 9 17 4 8 11 12 1 5 7 10 19 13 2 6 14 16 20 15 
student 573: 7 10 12 13 6 8 5 14 2 17 20 18 19 15 1 4 11 16 9 3 
student 574: 11 13 14 17 9 5 1 3 4 10 18 6 19 20 12 16 15 8 2 7 
student 575: 16 14 17 5 1 13 9 11 2 12 15 7 19 18 20 3 4 10 8 6 
student 576: 6 9 8 17 19 14 5 11 4 18 13 1 15 12 16 3 2 10 7 20 
student 577: 13 19 12 8 1 10 4 9 15 6 18 2 20 17 11 3 5 14 7 16 
student 578: 20 2 11 10 5 7 3 4 6 1 13 12 18 16 8 17 14 15 9 19 
student 579: 5 12 17 20 7 16 2 10 4 15 18 3 19 14 6 1 13 11 8 9 
student 580: 13 15 4 20 12 11 6 5 3 1 14 19 17 10 8 9 7 2 18 16 
student 581: 15 5 18 14 1 10 3 13 17 4 11 12 7 20 19 6 2 8 16 9 
student 582: 10 11 20 5 2 15 4 19 13 3 7 17 14 16 6 1 12 18 8 9 
student 583: 11 17 18 20 12 2 9 4 7 8 14 1 3 16 15 13 6 19 10 5 
student 584: 14 20 15 19 9 18 17 5 2 12 10 7 13 11 1 8 3 16 4 6 
student 585: 2 17 6 10 15 20 5 9 13 11 19 14 16 18 12 1 4 8 3 7 
student 586: 15 10 20 3 14 17 6 18 2 7 19 4 16 9 11 8 5 12 13 1 
student 587: 20 5 1 14 11 12 7 2 3 16 13 6 18 10 17 15 4 19 8 9 
student 588: 3 8 17 4 7 15 16 1 9 10 20 5 19 13 11 12 2 6 18 14 
student 589: 8 12 15 14 4 3 6 2 11 16 19 5 10 20 7 17 9 18 1 13 
student 590: 16 3 11 17 2 12 13 6 4 20 14 1 5 18 19 10 9 7 8 15 
student 591: 10 9 7 18 5 8 12 4 3 1 6 14 15 20 16 11 19 2 13 17 
student 592: 15 18 7 11 9 6 3 17 10 5 19 14 12 13 8 20 2 16 1 4 
student 593: 12 2 18 4 5 11 7 17 9 13 20 3 10 19 8 16 14 15 1 6 
student 594: 19 18 5 1 3 8 2 17 12 9 7 16 10 11 14 13 4 6 15 20 
student 595: 15 14 18 9 12 19 6 10 16 5 13 1 8 4 20 7 3 11 2 17 
student 596: 9 20 7 18 14 17 3 13 2 11 1 4 16 6 19 5 10 12 8 15 
student 597: 19 5 3 18 14 20 6 4 2 9 12 8 1 15 11 16 17 7 13 10 
student 598: 13 8 16 14 1 9 4 7 15 3 11 6 20 19 12 17 5 18 2 10 
student 599: 3 20 7 16 9 15 5 19 1 14 18 2 6 17 12 8 11 13 4 10 
student 600: 12 18 6 14 1 7 3 16 8 13 20 17 19 11 4 10 15 9 5 2 
student 601: 20 14 10 8 4 11 17 7 2 3 12 18 15 5 6 9 16 13 1 19 
student 602: 8 15 3 6 17 12 10 9 4 16 13 1 19 11 18 7 14 5 20 2 
student 603: 18 8 14 17 3 9 7 6 5 11 16 2 12 13 10 19 4 20 1 15 
student 604: 6 20 18 14 11 16 17 5 2 19 4 1 10 9 15 12 13 8 3 7 
student 605: 3 12 6 16 2 14 8 13 9 7 17 5 15 20 18 1 4 11 19 10 
student 606: 1 10 19 12 17 9 8 18 2 3 5 20 6 11 16 7 15 13 4 14 
student 607: 11 8 9 15 6 19 7 1 17 2 10 3 20 13 14 12 5 16 18 4 
student 608: 7 18 9 10 12 1 5 6 16 13 15 8 17 3 20 4 14 19 2 11 
student 609: 5 13 6 9 4 14 17 18 10 7 15 2 8 19 20 12 16 11 3 1 
student 610: 1 3 7 15 6 16 2 8 5 11 18 10 19 14 12 20 4 17 9 13 
student 611: 12 8 2 16 9 19 11 5 3 6 17 4 20 18 7 10 1 13 14 15 
student 612: 11 10 1 14 7 9 3 2 8 12 17 5 20 19 13 4 15 16 6 18 
student 613: 7 13 8 16 11 2 1 17 19 12 4 5 9 10 15 18 3 20 6 14 
student 614: 5 8 16 15 1 7 9 14 12 20 18 3 10 19 4 6 2 11 13 17 
student 615: 11 3 15 20 12 10 16 1 5 2 7 4 18 14 13 9 8 17 6 19 
student 616: 15 8 19 16 14 13 2 1 12 7 6 5 20 17 18 9 4 3 10 11 
student 617: 20 3 19 17 2 10 6 8 1 11 13 5 16 7 12 9 4 18 14 15 
student 618: 7 13 5 3 15 10 4 6 18 1 16 9 11 17 8 20 12 19 2 14 
student 619: 13 5 18 10 3 7 8 20 4 2 15 6 9 17 14 12 19 11 16 1 
student 620: 17 13 18 10 14 4 9 2 1 16 5 8 20 3 15 6 7 19 11 12 
student 621: 6 17 10 14 15 5 19 16 4 18 20 13 11 7 9 3 1 12 8 2 
student 622: 15 9 19 14 3 17 13 5 10 1 11 4 20 8 16 18 7 2 6 12 
student 623: 14 9 1 10 5 8 4 3 2 7 17 6 19 15 11 13 12 18 16 20 
student 624: 7 18 19 15 1 2 3 12 11 4 6 8 14 9 10 20 13 17 5 16 
student 625: 16 18 6 9 14 5 19 11 4 7 17 12 20 15 2 1 3 10 8 13 
student 626: 17 12 11 14 5 1 20 2 6 10 16 13 18 7 8 3 19 15 9 4 
student 627: 13 3 16 11 7 2 12 9 5 15 10 1 20 19 18 14 4 17 6 8 
student 628: 13 9 11 10 14 3 7 8 20 15 17 5 12 16 19 2 4 18 1 6 
student 629: 18 2 15 10 7 12 16 4 8 17 9 14 20 5 19 11 3 1 13 6 
student 630: 3 11 8 14 2 17 5 6 7 12 16 15 18 13 20 9 1 10 19 4 
student 631: 18 17 10 9 11 15 20 13 1 7 2 4 16 5 14 3 12 19 6 8 
student 632: 17 20 18 6 1 16 2 13 15 4 10 7 9 12 19 5 11 14 8 3 
student 633: 16 13 6 8 7 11 15 2 18 19 10 14 9 5 17 3 1 12 4 20 
student 634: 8 7 10 9 4 5 3 20 6 15 1 2 14 18 17 19 11 16 13 12 
student 635: 2 14 1 6 7 11 20 10 5 8 9 4 15 12 17 13 18 19 3 16 
student 636: 19 4 8 9 16 10 2 13 5 7 12 3 20 18 15 11 6 17 1 14 
student 637: 15 10 17 7 13 9 18 4 1 5 19 14 16 12 8 11 6 3 2 20 
student 638: 20 18 16 5 9 13 17 10 7 1 19 4 14 3 11 6 8 15 12 2 
student 639: 12 14 19 17 10 15 1 9 3 13 5 6 16 18 2 7 8 4 20 11 
student 640: 16 18 15 9 4 19 12 8 17 3 20 5 1 6 13 11 7 14 10 2 
student 641: 19 4 5 20 16 6 2 13 7 3 17 1 10 18 15 11 9 8 14 12 
student 642: 3 16 14 13 19 5 10 18 12 20 15 6 11 7 17 9 2 4 1 8 
student 643: 3 7 19 9 8 14 11 4 2 12 17 15 6 20 13 1 5 10 16 18 
student 644: 15 11 16 13 5 4 6 8 3 17 12 1 7 20 10 9 2 18 19 14 
student 645: 6 19 18 14 5 9 11 7 2 16 1 10 12 15 3 8 4 20 17 13 
student 646: 10 19 7 12 4 13 18 9 11 14 5 15 6 16 3 17 1 20 8 2 
student 647: 11 7 1 15 3 20 8 17 19 13 18 4 6 16 12 9 5 14 10 2 
student 648: 5 13 15 20 2 16 12 17 8 9 18 7 1 19 10 14 4 11 6 3 
student 649: 20 4 15 17 16 3 10 9 14 5 13 18 7 8 1 6 19 11 2 12 
student 650: 8 13 7 4 6 12 20 9 18 15 3 5 14 19 17 2 10 16 11 1 
student 651: 19 1 20 3 7 16 10 12 9 17 15 11 18 8 2 14 6 5 4 13 
student 652: 11 16 14 3 9 19 12 1 5 4 7 6 17 15 10 13 2 18 8 20 
student 653: 12 16 11 9 4 20 14 5 7 1 3 10 19 13 17 15 8 18 2 6 
student 654: 12 4 15 16 1 13 7 11 3 6 19 10 14 9 20 8 5 18 17 2 
student 655: 11 5 14 17 9 2 8 3 10 12 4 1 19 15 16 20 13 6 18 7 
student 656: 7 1 18 20 2 4 3 10 9 11 15 16 17 14 6 5 13 19 8 12 
student 657: 14 8 6 2 1 3 15 4 12 13 9 5 17 16 20 18 7 19 11 10 
student 658: 20 2 13 8 4 14 7 10 17 5 18 6 19 3 1 11 16 12 15 9 
student 659: 12 11 19 15 5 3 18 20 10 6 7 4 2 16 9 13 1 17 14 8 
student 660: 18 5 12 16 1 4 17 6 3 20 9 2 19 10 8 13 7 11 15 14 
student 661: 14 4 2 7 16 1 11 3 9 10 13 19 12 8 5 17 15 18 6 20 
student 662: 18 3 12 10 5 2 1 4 6 15 11 8 20 13 19 16 9 7 14 17 
student 663: 14 8 19 17 13 9 4 3 2 20 12 1 18 11 16 5 7 15 10 6 
student 664: 16 2 14 11 9 6 4 3 8 13 18 1 20 19 15 10 7 17 12 5 
student 665: 18 17 10 1 15 9 16 20 3 14 19 6 8 7 12 11 4 13 2 5 
student 666: 2 8 19 9 11 16 5 14 3 12 6 4 17 18 15 13 10 1 7 20 
student 667: 16 6 13 12 3 7 14 15 1 8 4 2 17 9 19 5 11 20 18 10 
student 668: 10 20 16 8 12 1 17 4 19 9 14 2 18 11 15 6 5 13 3 7 
student 669: 19 10 5 20 4 9 15 7 3 1 2 16 8 11 14 17 6 18 13 12 
student 670: 13 8 3 11 6 7 4 2 20 15 12 5 16 17 9 14 1 18 19 10 
student 671: 6 15 8 16 1 12 2 14 9 5 19 17 13 7 20 4 3 18 11 10 
student 672: 17 10 12 15 6 7 18 5 4 2 20 3 16 14 1 8 9 11 13 19 
student 673: 10 12 13 9 4 14 15 17 7 18 8 2 19 11 3 5 1 16 6 20 
student 674: 20 2 5 12 18 7 1 10 4 14 19 9 6 17 8 3 15 13 16 11 
student 675: 19 18 13 7 5 10 16 4 9 14 17 8 20 2 15 6 3 11 1 12 
student 676: 14 15 9 5 16 19 8 18 4 10 17 6 20 11 12 13 1 3 2 7 
student 677: 7 13 18 14 8 6 5 2 1 4 20 15 9 19 17 16 3 12 11 10 
student 678: 19 15 14 10 12 8 1 11 2 4 17 7 16 9 18 3 6 20 5 13 
student 679: 12 6 11 14 5 15 17 1 9 3 2 13 20 16 4 18 7 8 19 10 
student 680: 14 17 19 4 12 13 7 1 6 3 18 15 11 5 16 9 2 20 10 8 
student 681: 17 13 15 14 1 11 20 19 4 8 10 3 5 18 7 2 6 12 16 9 
student 682: 7 19 11 12 1 10 8 5 4 6 17 18 14 20 15 3 9 16 13 2 
student 683: 12 9 11 19 17 1 13 2 8 6 10 5 18 16 7 4 3 14 20 15 
student 684: 8 12 5 18 17 4 11 9 15 7 1 13 20 19 14 3 10 16 6 2 
student 685: 15 8 19 3 6 9 1 4 7 17 18 2 13 11 14 12 16 20 5 10 
student 686: 19 1 14 11 5 6 3 2 20 7 16 10 12 15 18 13 9 17 4 8 
student 687: 13 16 11 2 5 1 15 9 3 10 20 19 7 14 8 18 6 17 4 12 
student 688: 13 12 1 3 9 16 6 8 11 17 18 2 10 15 7 14 4 20 19 5 
student 689: 4 17 15 20 19 3 10 8 5 9 18 13 12 11 1 16 14 2 6 7 
student 690: 13 5 11 6 12 2 3 9 1 16 4 10 17 8 20 19 14 18 15 7 
student 691: 15 2 14 4 5 9 1 12 7 10 19 3 16 17 18 11 13 6 8 20 
student 692: 19 6 5 16 8 2 7 11 1 13 4 10 15 18 17 3 12 20 9 14 
student 693: 11 9 16 4 19 6 5 3 2 15 13 12 14 8 18 1 17 20 7 10 
student 694: 18 16 4 15 3 6 2 20 13 10 11 8 12 19 1 9 14 17 7 5 
student 695: 11 4 18 6 1 7 8 3 13 12 19 9 15 14 10 17 5 20 2 16 
student 696: 13 11 18 20 5 4 10 6 12 15 19 1 17 8 2 7 3 16 14 9 
student 697: 17 11 12 5 8 13 7 15 4 16 2 3 9 19 6 10 1 14 18 20 
student 698: 10 12 20 14 11 1 18 2 8 13 16 9 19 3 5 6 7 17 4 15 
student 699: 6 5 9 14 4 19 7 2 1 10 11 13 15 12 18 16 20 17 3 8 
student 700: 10 18 3 19 1 14 20 13 4 2 11 5 17 16 7 6 15 8 9 12 
student 701: 16 6 10 2 13 15 1 5 4 11 8 20 19 14 18 7 3 17 12 9 
student 702: 20 11 10 3 17 16 8 4 18 2 5 13 19 12 15 7 9 1 6 14 
student 703: 2 16 3 9 6 5 10 19 20 12 18 1 7 17 8 11 4 13 15 14 
student 704: 8 17 3 19 12 6 16 13 11 15 2 5 14 9 18 4 7 20 10 1 
student 705: 15 4 19 13 9 14 11 3 1 12 18 6 20 10 2 17 5 8 16 7 
student 706: 16 3 10 5 4 1 20 2 7 19 15 6 8 17 11 14 12 9 18 13 
student 707: 20 10 18 7 8 1 9 13 14 6 5 17 11 19 12 16 4 15 3 2 
student 708: 8 11 19 13 4 15 7 2 12 10 17 6 5 9 18 20 3 16 1 14 
student 709: 10 14 1 12 3 2 11 19 5 15 18 4 13 20 17 9 8 16 7 6 
student 710: 13 6 14 20 7 8 18 4 1 11 5 19 2 16 12 15 9 10 3 17 
student 711: 20 12 17 19 5 9 1 2 7 4 15 14 18 16 10 6 8 3 13 11 
student 712: 14 10 15 12 2 8 9 13 5 18 7 1 20 11 6 3 4 16 19 17 
student 713: 17 11 15 19 14 10 7 2 13 16 8 4 12 6 3 18 9 20 1 5 
student 714: 20 1 7 12 5 2 14 9 17 6 16 13 4 15 3 8 18 11 10 19 
student 715: 9 18 13 15 14 11 8 16 3 6 4 12 5 20 19 7 1 17 2 10 
student 716: 13 19 12 11 1 4 8 2 18 9 14 15 7 16 10 5 6 17 3 20 
student 717: 9 4 10 19 11 15 17 3 2 16 13 1 20 14 7 8 12 18 5 6 
student 718: 17 7 18 15 4 12 9 10 3 8 6 11 14 19 16 1 13 20 2 5 
student 719: 15 6 10 14 11 19 17 2 13 7 20 4 8 9 1 12 5 18 3 16 
student 720: 9 5 17 20 8 6 3 13 16 4 7 1 12 19 15 14 10 18 2 11 
student 721: 19 15 11 6 7 13 4 8 9 14 20 2 17 3 5 12 16 18 1 10 
student 722: 13 6 4 8 11 19 17 14 15 2 12 5 16 9 20 1 10 18 3 7 
student 723: 6 9 3 10 15 5 8 19 1 13 11 12 18 16 17 2 4 20 14 7 
student 724: 12 8 17 10 2 4 5 1 14 18 19 3 20 13 11 7 9 15 16 6 
student 725: 19 17 1 20 11 7 9 12 4 6 2 10 14 16 3 8 5 18 15 13 
student 726: 17 2 13 6 15 7 3 4 20 5 18 14 1 16 8 11 10 19 12 9 
student 727: 18 17 12 4 5 9 3 19 13 10 8 1 11 14 20 6 7 15 16 2 
student 728: 8 4 12 6 15 16 9 14 17 11 13 1 19 10 18 2 5 20 7 3 
student 729: 11 4 14 5 7 19 15 10 12 18 2 20 17 13 9 1 6 8 3 16 
student 730: 13 4 1 8 11 10 6 20 9 18 19 2 14 16 15 17 3 5 7 12 
student 731: 17 12 7 19 2 10 18 1 4 14 20 13 9 5 16 15 3 8 6 11 
student 732: 14 6 16 15 7 20 1 5 17 13 11 9 19 4 8 2 3 18 12 10 
student 733: 3 4 11 20 6 16 8 18 10 9 5 14 17 13 19 7 2 12 15 1 
student 734: 17 10 20 13 3 5 1 4 8 12 16 14 18 15 9 7 6 19 2 11 
student 735: 17 12 9 5 6 14 8 13 10 20 15 7 19 4 1 3 11 18 2 16 
student 736: 2 1 17 16 12 14 6 15 5 11 18 3 10 8 20 13 4 9 7 19 
student 737: 11 10 4 9 8 19 2 13 1 12 14 6 20 18 16 17 5 15 3 7 
student 738: 16 5 8 6 4 13 2 9 12 11 19 7 17 18 14 3 1 15 20 10 
student 739: 19 11 17 15 1 7 3 9 5 12 13 8 4 6 2 10 16 18 14 20 
student 740: 5 19 16 7 13 3 2 14 1 8 18 15 20 10 11 6 4 9 12 17 
student 741: 19 6 3 4 14 10 18 17 1 11 12 2 5 15 20 13 7 16 8 9 
student 742: 12 9 10 4 6 17 3 7 1 14 20 2 5 18 15 13 8 16 11 19 
student 743: 17 10 15 12 6 13 5 4 8 2 16 14 18 3 7 19 1 20 9 11 
student 744: 6 5 18 8 10 15 11 7 2 16 4 9 13 20 19 12 1 14 3 17 
student 745: 3 16 15 5 4 10 18 7 12 11 9 2 20 13 1 17 19 8 6 14 
student 746: 11 17 20 8 5 3 2 7 1 4 10 14 15 16 13 6 9 12 19 18 
student 747: 18 1 5 14 2 3 7 15 9 6 19 12 13 20 11 10 8 4 17 16 
student 748: 2 12 20 8 3 11 4 9 13 5 14 16 15 10 17 6 18 19 7 1 
student 749: 17 8 20 11 7 9 4 3 5 19 15 10 2 13 12 6 18 16 1 14 
student 750: 4 16 2 12 13 14 1 5 6 9 18 11 19 17 15 7 8 20 3 10 
student 751: 19 20 11 17 5 12 13 9 2 18 8 7 16 15 1 6 3 14 10 4 
student 752: 10 7 17 14 6 19 2 12 1 9 3 8 11 15 16 4 5 20 18 13 
student 753: 18 3 11 8 7 16 13 20 2 1 12 15 4 17 6 19 14 5 10 9 
student 754: 1 6 20 4 8 2 15 5 13 19 11 7 10 12 18 17 16 14 3 9 
student 755: 5 8 10 6 16 19 3 4 1 11 14 9 17 15 2 18 7 12 13 20 
student 756: 16 5 18 11 7 14 17 4 10 2 15 12 1 19 8 3 13 9 6 20 
student 757: 17 9 8 1 10 19 14 6 11 12 20 2 3 13 15 16 7 18 5 4 
student 758: 15 12 8 2 18 3 6 10 7 1 14 5 17 19 16 13 20 4 9 11 
student 759: 10 5 11 2 4 18 20 17 1 6 3 12 16 14 13 7 9 19 8 15 
student 760: 17 3 4 9 12 14 10 1 11 8 18 19 20 16 5 6 2 15 7 13 
student 761: 14 10 7 9 8 17 12 13 1 18 16 2 20 19 6 15 4 5 3 11 
student 762: 5 20 12 15 19 6 14 18 4 2 16 11 9 17 13 7 3 1 8 10 
student 763: 19 8 7 16 13 18 11 9 2 17 15 10 6 5 12 4 1 14 3 20 
student 764: 4 14 18 15 17 5 13 7 6 2 19 1 11 3 8 16 10 12 20 9 
student 765: 6 12 2 4 1 5 20 13 9 8 15 16 17 18 7 3 10 19 14 11 
student 766: 18 6 17 19 3 4 13 1 9 15 16 20 11 7 12 5 2 10 14 8 
student 767: 14 12 18 6 11 8 3 2 1 10 5 4 13 16 17 9 20 15 7 19 
student 768: 17 2 7 10 6 4 15 19 16 1 3 11 12 14 8 5 9 20 13 18 
student 769: 16 10 9 12 3 4 13 7 6 20 18 2 15 17 11 5 14 1 8 19 
student 770: 7 6 5 13 17 20 19 2 4 18 9 11 3 16 8 12 10 14 1 15 
student 771: 13 18 8 10 3 14 16 19 1 9 6 2 11 17 20 15 7 5 12 4 
student 772: 16 13 5 15 2 14 17 18 7 11 19 6 3 4 1 10 9 20 12 8 
student 773: 12 20 13 15 1 3 5 4 2 6 16 7 8 17 9 11 10 18 19 14 
student 774: 15 16 18 4 2 20 9 8 12 1 10 3 14 5 7 13 11 19 6 17 
student 775: 2 10 16 13 9 11 4 19 8 1 17 15 14 3 18 7 5 20 6 12 
student 776: 6 3 17 20 11 9 16 10 5 12 13 4 14 19 1 15 2 7 18 8 
student 777: 2 16 12 7 6 15 8 1 5 13 10 3 19 11 17 9 4 20 18 14 
student 778: 2 16 7 8 11 13 5 20 6 3 17 10 15 9 19 12 1 18 4 14 
student 779: 8 5 19 2 7 17 14 16 20 11 13 1 12 10 18 9 15 3 4 6 
student 780: 19 5 12 2 13 3 10 17 11 1 8 6 20 16 14 7 18 15 9 4 
student 781: 7 5 19 11 12 20 6 18 2 13 4 8 17 14 1 15 3 9 16 10 
student 782: 2 17 10 6 1 13 11 14 7 8 5 15 12 19 18 16 4 20 3 9 
student 783: 9 5 18 19 10 1 16 3 15 2 13 8 7 20 12 11 14 6 4 17 
student 784: 17 18 15 11 4 3 20 14 6 7 19 5 10 12 13 2 1 16 9 8 
student 785: 9 7 19 20 10 5 3 12 1 6 13 2 15 14 4 16 17 18 8 11 
student 786: 3 7 19 5 18 11 17 4 1 8 16 2 13 14 20 15 12 9 6 10 
student 787: 11 16 8 14 19 4 3 12 2 1 15 6 20 18 7 17 9 13 5 10 
student 788: 7 11 18 2 15 3 13 9 20 16 10 1 19 12 5 4 8 14 6 17 
student 789: 13 17 15 12 7 18 11 4 1 8 16 10 3 19 14 5 2 6 20 9 
student 790: 9 10 2 16 12 7 6 18 5 14 20 3 17 1 13 11 4 15 19 8 
student 791: 20 9 16 7 2 18 10 5 8 4 6 11 15 17 19 3 1 13 14 12 
student 792: 19 6 15 9 2 16 12 5 3 1 13 17 20 11 7 8 14 10 4 18 
student 793: 18 17 20 12 14 1 4 3 8 19 5 16 7 9 10 11 2 15 13 6 
student 794: 8 5 19 13 9 20 2 6 12 1 15 4 16 14 7 10 3 17 18 11 
student 795: 7 6 16 12 2 10 8 3 4 17 13 5 20 15 19 18 11 9 14 1 
student 796: 17 11 20 10 1 3 13 14 8 2 9 12 5 15 19 18 7 6 16 4 
student 797: 19 20 16 18 11 9 1 3 17 13 8 4 15 14 6 12 5 10 2 7 
student 798: 10 3 2 17 1 16 12 9 18 13 5 6 14 20 8 19 7 4 11 15 
student 799: 6 18 14 12 8 10 13 5 1 7 17 4 19 16 15 9 2 11 20 3 
