student 0: 15 11 20 16 9 8 12 10 1 18 13 6 2 4 17 3 19 5 14 7 
student 1: 17 11 16 13 2 8 6 12 20 3 10 1 4 7 14 5 9 18 15 19 
student 2: 18 5 16 20 19 13 11 8 6 4 2 7 14 12 17 10 3 1 15 9 
student 3: 10 2 6 13 12 18 7 8 14 9 1 3 4 17 16 5 19 11 20 15 
student 4: 20 18 14 9 6 4 16 19 5 15 11 17 2 12 7 10 8 3 1 13 
student 5: 5 2 9 10 14 13 4 17 1 19 12 3 16 8 20 7 11 15 18 6 
student 6: 11 6 18 20 16 12 2 8 13 14 3 10 9 15 5 1 7 4 19 17 
student 7: 19 10 15 4 9 6 12 3 5 18 14 13 11 8 16 7 20 1 17 2 
student 8: 20 16 7 9 14 19 8 18 15 17 1 6 3 11 2 12 5 10 13 4 
student 9: 3 1 19 15 7 11 17 10 18 20 2 13 14 16 12 9 4 6 8 5 
student 10: 8 6 5 19 12 17 13 4 1 7 15 11 2 9 16 20 10 3 18 14 
student 11: 7 6 11 15 5 10 1 14 2 12 19 17 16 8 13 20 3 4 18 9 
student 12: 19 17 3 7 14 20 13 9 6 8 5 1 12 16 15 2 11 10 18 4 
student 13: 12 5 3 17 19 15 13 11 14 2 1 4 16 10 18 9 8 20 7 6 
student 14: 19 2 6 8 16 10 9 20 4 18 1 12 3 7 15 5 14 17 11 13 
student 15: 20 2 12 11 18 16 19 9 17 7 6 10 13 1 15 5 14 3 8 4 
student 16: 8 4 10 16 15 12 20 3 17 9 1 11 6 7 2 18 5 13 19 14 
student 17: 16 15 9 19 13 8 12 20 1 10 5 4 7 2 18 6 3 11 17 14 
student 18: 15 19 5 10 13 20 4 18 6 14 1 16 3 7 9 12 2 17 8 11 
student 19: 3 6 2 5 8 11 15 12 7 20 14 13 1 16 18 10 19 4 17 9 
student 20: 19 9 1 15 10 8 13 7 4 14 16 3 17 20 18 2 12 5 6 11 
student 21: 20 3 5 11 8 19 13 15 6 9 4 7 12 2 1 18 17 14 10 16 
student 22: 13 1 20 3 6 19 12 5 7 18 4 15 2 9 17 8 11 14 16 10 
student 23: 17 5 15 9 20 12 7 14 2 8 10 4 1 18 11 16 13 6 19 3 
student 24: 18 4 9 10 3 20 13 7 6 11 1 19 17 16 8 12 2 14 5 15 
student 25: 17 1 9 20 7 5 12 2 11 19 14 4 3 13 10 6 15 8 16 18 
student 26: 17 14 18 16 5 20 1 6 10 2 8 3 12 4 13 7 9 11 15 19 
student 27: 15 17 8 14 1 18 3 11 2 13 12 19 20 9 10 16 5 4 6 7 
student 28: 1 11 10 15 5 2 4 17 7 13 8 19 3 16 20 14 9 6 18 12 
student 29: 20 4 5 19 9 14 11 6 2 18 3 10 13 12 15 1 16 7 17 8 
student 30: 13 7 19 8 9 12 6 20 5 15 17 4 11 2 18 1 16 14 10 3 
student 31: 15 14 10 17 20 16 13 19 4 18 5 9 7 6 2 3 1 8 11 12 
student 32: 18 3 12 14 13 15 17 16 20 4 9 1 10 7 19 2 11 5 6 8 
student 33: 11 4 1 19 3 18 15 17 5 20 9 12 8 10 6 2 7 13 16 14 
student 34: 13 19 10 3 16 17 2 20 8 1 18 11 6 5 12 9 7 4 14 15 
student 35: 17 4 15 1 6 16 20 7 3 12 8 11 9 5 10 2 13 19 14 18 
student 36: 17 14 3 10 9 15 6 13 4 12 2 7 1 20 11 18 19 8 16 5 
student 37: 13 8 12 19 16 20 3 10 4 14 5 7 9 11 2 15 1 18 17 6 
student 38: 20 2 12 15 10 7 14 17 11 4 6 18 5 3 13 9 1 16 19 8 
student 39: 17 1 14 3 20 13 15 18 7 5 9 10 4 8 11 12 2 19 6 16 
student 40: 12 3 5 16 20 17 1 13 18 8 6 10 7 9 14 15 19 2 11 4 
student 41: 19 13 15 14 17 9 7 3 1 4 5 10 6 18 20 11 12 8 16 2 
student 42: 15 2 8 4 16 11 7 17 13 14 5 6 19 9 10 3 12 18 20 1 
student 43: 17 3 18 19 16 20 4 14 2 13 10 1 15 9 12 7 5 8 11 6 
student 44: 19 7 18 20 12 15 14 11 1 13 4 2 10 6 8 5 3 9 17 16 
student 45: 20 12 18 15 7 19 9 11 17 8 2 4 16 6 3 5 1 10 14 13 
student 46: 16 11 17 9 19 12 1 10 4 18 2 6 20 14 3 15 13 5 8 7 
student 47: 18 13 14 20 7 8 2 16 9 6 15 10 17 5 11 4 12 3 1 19 
student 48: 9 13 17 12 15 10 14 16 19 20 2 5 18 11 8 3 1 4 7 6 
student 49: 15 18 12 8 13 16 7 9 14 19 10 1 11 4 5 17 3 6 20 2 
student 50: 12 10 15 17 11 13 1 19 3 20 2 9 5 14 4 6 8 7 18 16 
student 51: 18 4 12 13 7 9 11 14 3 5 10 1 19 15 8 17 16 20 6 2 
student 52: 10 13 16 5 1 19 4 9 2 15 11 7 17 3 18 8 6 12 20 14 
student 53: 18 16 11 8 5 15 3 7 1 19 10 4 17 2 12 14 9 13 20 6 
student 54: 11 6 15 20 16 14 19 18 1 17 2 12 13 10 4 7 5 8 9 3 
student 55: 20 11 5 16 14 13 10 7 12 9 4 17 2 18 19 3 15 6 8 1 
student 56: 18 8 1 3 13 17 4 16 9 10 11 7 15 19 5 20 6 2 14 12 
student 57: 16 20 6 19 10 12 8 18 4 14 3 2 17 11 13 9 1 7 15 5 
student 58: 18 4 9 14 15 17 11 8 5 13 3 12 7 16 10 19 6 1 20 2 
student 59: 15 10 11 9 17 6 13 3 8 16 2 1 14 7 12 20 5 19 18 4 
student 60: 7 16 14 4 8 9 1 12 3 11 15 10 20 13 6 2 5 17 19 18 
student 61: 18 4 9 19 6 10 14 16 8 5 2 7 3 17 15 13 1 20 11 12 
student 62: 19 6 17 18 2 14 9 3 7 10 12 8 15 5 20 16 4 13 11 1 
student 63: 14 1 13 5 20 18 16 15 7 10 3 11 12 8 9 2 4 19 17 6 
student 64: 15 14 5 3 19 16 17 4 8 20 6 7 11 1 18 9 13 10 12 2 
student 65: 20 9 6 18 10 7 17 19 4 2 5 11 1 16 14 8 13 15 3 12 
student 66: 14 6 15 7 3 16 20 17 19 10 2 1 18 9 4 8 11 5 13 12 
student 67: 10 14 9 8 19 18 13 17 4 20 1 11 16 3 12 2 7 5 15 6 
student 68: 16 6 15 20 19 2 7 18 5 12 3 13 1 14 10 11 4 8 17 9 
student 69: 6 12 8 19 5 15 4 13 14 9 3 20 2 1 10 7 17 16 18 11 
student 70: 20 13 2 5 18 7 16 17 4 10 1 8 3 6 19 12 11 15 9 14 
student 71: 13 9 5 1 11 19 2 12 3 20 4 10 7 8 17 15 16 14 18 6 
student 72: 9 6 19 12 1 17 7 16 4 13 2 11 5 15 18 14 3 8 20 10 
student 73: 18 5 2 13 4 11 12 10 9 8 3 6 1 14 17 7 19 15 20 16 
student 74: 11 12 5 3 8 16 2 19 20 18 4 13 7 1 6 10 9 17 15 14 
student 75: 16 1 3 7 12 11 17 5 2 13 4 15 18 8 20 19 9 6 10 14 
student 76: 9 12 17 16 7 20 8 18 6 10 11 3 1 5 14 13 4 2 19 15 
student 77: 12 13 5 19 3 15 1 14 10 11 2 7 4 8 18 16 6 9 17 20 
student 78: 17 9 12 5 10 15 6 19 1 14 2 11 7 8 18 4 16 3 13 20 
student 79: 6 1 16 10 5 12 20 19 2 14 3 15 4 9 13 8 17 7 11 18 
student 80: 12 16 19 4 15 17 9 8 3 14 20 1 2 10 6 5 11 7 18 13 
student 81: 15 8 3 14 12 2 17 19 5 10 13 4 6 7 9 16 11 20 1 18 
student 82: 19 5 20 15 17 1 4 18 16 7 11 2 3 9 8 6 10 14 13 12 
student 83: 17 14 6 8 9 7 13 11 12 2 1 10 3 20 16 19 18 15 5 4 
student 84: 12 1 4 13 19 11 15 20 17 8 5 3 18 2 14 6 9 7 16 10 
student 85: 15 5 11 17 2 12 6 19 8 14 3 1 13 10 7 9 4 16 20 18 
student 86: 9 8 20 16 17 14 5 13 2 10 6 4 7 12 3 1 18 15 19 11 
student 87: 18 6 5 13 11 19 15 7 1 4 2 8 17 10 9 3 20 14 16 12 
student 88: 10 9 2 12 8 19 6 18 11 13 3 1 17 14 15 4 7 5 16 20 
student 89: 17 7 2 9 15 19 4 16 8 18 3 13 5 10 12 14 1 6 20 11 
student 90: 5 3 10 18 17 19 14 13 1 2 15 9 4 6 12 8 16 11 7 20 
student 91: 18 8 10 13 6 20 7 17 14 5 3 1 11 19 15 4 9 12 16 2 
student 92: 18 13 10 19 6 14 3 8 1 9 2 4 15 7 11 17 16 5 20 12 
student 93: 15 5 4 19 12 2 1 7 8 17 3 13 20 18 9 11 6 14 10 16 
student 94: 12 8 15 13 17 19 11 18 3 6 4 7 1 20 2 10 5 14 9 16 
student 95: 18 4 3 19 15 17 8 13 5 14 16 6 9 1 10 2 11 20 12 7 
student 96: 20 9 12 1 10 18 4 2 19 16 3 6 8 11 13 5 7 15 14 17 
student 97: 10 14 11 19 20 8 6 15 16 17 7 18 3 9 4 1 5 2 13 12 
student 98: 19 5 16 12 1 8 7 20 4 18 10 15 11 14 9 3 13 2 17 6 
student 99: 18 8 5 17 6 19 7 13 3 4 1 12 10 9 2 20 14 15 16 11 
student 100: 6 17 7 4 8 16 15 11 20 13 3 1 5 18 14 10 9 2 19 12 
student 101: 20 8 13 16 19 6 3 17 14 9 10 15 1 5 18 4 12 2 7 11 
student 102: 11 10 5 4 13 14 3 8 17 15 9 12 1 6 19 2 16 7 18 20 
student 103: 4 18 14 7 6 20 3 9 13 2 1 15 8 19 16 5 12 10 11 17 
student 104: 15 7 5 8 16 19 18 20 14 12 3 4 13 10 9 1 11 17 6 2 
student 105: 17 15 3 20 11 13 8 18 6 19 7 9 10 14 1 12 4 2 5 16 
student 106: 19 5 8 18 16 6 2 15 7 4 11 14 12 9 3 1 13 17 20 10 
student 107: 8 9 10 20 19 14 2 6 3 16 1 15 7 5 13 18 4 17 12 11 
student 108: 20 16 8 5 19 13 1 11 2 9 17 3 7 6 18 4 15 10 12 14 
student 109: 13 9 14 18 6 19 8 10 20 5 15 11 16 7 1 17 2 4 12 3 
student 110: 17 15 20 14 9 10 6 19 4 5 3 7 1 11 2 8 13 12 18 16 
student 111: 15 4 19 7 20 10 18 5 6 14 11 3 9 1 16 12 2 8 13 17 
student 112: 18 3 15 10 20 16 13 11 14 7 9 4 6 1 17 12 8 5 2 19 
student 113: 14 5 4 12 11 13 8 7 1 17 10 3 20 2 19 18 16 9 15 6 
student 114: 19 6 13 17 4 16 2 9 14 15 5 20 11 7 10 3 8 1 18 12 
student 115: 6 3 12 14 11 1 10 20 7 16 4 2 8 13 9 5 19 15 17 18 
student 116: 16 2 9 14 6 19 17 1 8 13 5 4 7 3 20 11 12 10 18 15 
student 117: 20 9 15 10 19 12 4 13 8 18 1 3 11 17 16 7 2 5 14 6 
student 118: 20 18 2 5 3 10 4 6 13 7 9 1 19 8 11 14 17 15 12 16 
student 119: 17 2 3 18 19 20 16 6 4 1 7 8 13 10 11 9 12 5 14 15 
student 120: 16 2 6 8 15 10 1 19 4 18 20 7 9 5 12 3 14 13 17 11 
student 121: 15 7 14 20 6 12 10 17 13 18 3 11 5 2 19 1 9 16 8 4 
student 122: 14 4 19 13 12 10 7 11 5 18 6 17 3 2 16 1 15 8 9 20 
student 123: 17 7 8 15 13 4 1 16 9 19 6 2 10 5 20 3 14 18 12 11 
student 124: 12 8 18 1 3 10 14 13 11 7 6 9 15 5 20 4 2 17 16 19 
student 125: 8 4 3 20 14 17 9 11 5 18 1 2 6 7 15 13 12 19 16 10 
student 126: 13 19 3 15 17 11 10 4 16 2 8 9 5 1 6 14 7 12 20 18 
student 127: 16 2 4 20 17 12 3 15 1 14 18 13 5 7 8 10 6 11 9 19 
student 128: 9 1 12 19 20 6 7 10 3 2 14 5 16 4 17 13 11 15 18 8 
student 129: 9 4 12 16 15 20 11 14 13 17 5 2 18 6 19 3 10 8 1 7 
student 130: 7 10 14 17 20 19 15 8 18 5 1 2 4 11 13 3 16 6 12 9 
student 131: 20 17 14 9 10 11 2 19 1 16 12 4 13 5 7 6 15 3 8 18 
student 132: 10 9 17 13 3 15 2 12 8 6 5 1 4 20 19 18 14 7 16 11 
student 133: 11 3 1 15 10 16 12 14 20 7 6 18 2 4 5 8 13 9 19 17 
student 134: 19 20 6 16 13 12 1 17 3 15 7 9 5 2 10 4 18 14 11 8 
student 135: 17 7 3 18 13 10 2 1 9 11 6 4 14 15 5 19 20 12 16 8 
student 136: 14 1 12 20 6 8 5 13 11 19 18 2 3 7 9 4 17 16 10 15 
student 137: 20 15 17 18 19 10 5 11 6 2 7 4 8 13 3 1 12 14 9 16 
student 138: 19 16 8 12 11 18 17 20 7 1 15 9 14 5 6 10 3 4 2 13 
student 139: 5 13 9 20 19 11 1 12 2 17 7 6 8 18 10 15 3 16 14 4 
student 140: 9 4 6 5 17 7 10 1 11 12 13 2 3 18 8 15 20 16 14 19 
student 141: 1 17 15 7 3 10 5 11 9 13 20 12 2 6 16 8 19 4 18 14 
student 142: 6 8 12 15 11 13 20 10 19 3 2 9 18 16 17 14 1 5 4 7 
student 143: 17 4 3 9 10 11 16 14 18 13 2 8 12 1 20 5 7 15 19 6 
student 144: 10 8 20 16 1 2 3 7 17 18 4 14 5 12 6 19 9 11 13 15 
student 145: 14 2 3 20 6 11 12 9 1 17 16 5 19 8 13 18 4 15 10 7 
student 146: 4 16 17 19 5 1 12 15 2 10 13 7 9 8 11 14 6 18 20 3 
student 147: 6 9 2 14 13 10 5 11 1 17 12 3 15 18 7 4 8 16 20 19 
student 148: 16 7 13 17 4 10 6 18 3 14 12 20 5 1 15 2 8 11 19 9 
student 149: 11 6 14 12 4 3 8 5 10 16 13 17 7 2 19 18 1 15 20 9 
student 150: 15 3 9 19 5 17 4 2 1 20 7 10 18 11 16 13 8 12 14 6 
student 151: 20 18 12 17 13 16 11 14 3 6 8 4 10 9 15 1 5 7 19 2 
student 152: 19 17 3 14 5 1 13 11 9 16 10 15 7 2 4 6 20 12 18 8 
student 153: 13 2 20 11 14 15 1 16 5 17 12 10 3 4 19 6 9 18 8 7 
student 154: 14 5 11 4 2 20 10 6 18 1 8 7 13 3 19 9 17 16 15 12 
student 155: 10 4 3 20 16 13 5 18 7 12 9 15 2 14 6 8 19 11 17 1 
student 156: 14 18 17 3 16 11 8 10 1 5 13 15 7 2 19 4 6 9 20 12 
student 157: 7 17 6 3 11 12 14 5 13 18 9 10 1 20 16 15 8 2 19 4 
student 158: 13 4 5 20 14 9 7 15 3 10 8 6 12 2 19 16 18 11 1 17 
student 159: 16 7 3 19 13 14 8 10 15 17 5 1 18 4 12 2 9 20 6 11 
student 160: 20 2 16 18 17 15 7 10 5 13 3 6 4 9 12 19 1 8 14 11 
student 161: 15 19 5 14 11 6 8 20 3 16 7 4 18 10 9 1 2 17 12 13 
student 162: 16 4 15 6 11 3 5 10 7 13 12 1 8 19 14 2 17 18 20 9 
student 163: 16 8 19 11 7 14 13 10 9 15 17 3 12 6 20 5 1 18 4 2 
student 164: 8 13 4 10 3 16 5 15 19 20 1 18 9 11 14 2 7 12 17 6 
student 165: 19 5 8 10 12 16 13 18 1 14 6 2 3 7 11 20 17 15 4 9 
student 166: 9 3 18 14 15 19 17 10 8 2 12 4 20 6 11 7 13 5 1 16 
student 167: 11 7 20 5 15 18 17 14 6 12 1 13 10 8 2 9 16 3 19 4 
student 168: 12 11 10 20 17 18 3 15 14 4 8 9 19 7 13 2 6 5 1 16 
student 169: 19 3 11 18 9 17 2 15 16 20 8 7 14 5 6 4 10 13 12 1 
student 170: 7 15 3 18 13 16 20 2 4 8 6 5 9 11 14 1 17 10 19 12 
student 171: 18 5 15 19 12 13 20 4 2 6 9 10 1 3 11 8 16 7 17 14 
student 172: 11 3 10 18 8 6 7 13 5 19 2 12 20 17 15 9 4 1 14 16 
student 173: 17 4 7 19 18 12 10 20 1 15 3 11 14 6 8 16 5 9 13 2 
student 174: 10 18 16 9 13 12 3 19 2 14 8 1 15 17 20 11 6 7 5 4 
student 175: 17 12 11 18 5 16 7 14 8 19 6 1 3 13 15 4 2 10 9 20 
student 176: 19 5 10 18 13 4 11 8 3 7 1 9 14 15 20 12 6 2 16 17 
student 177: 16 1 8 19 18 5 10 11 13 12 7 3 15 6 17 2 14 20 9 4 
student 178: 19 11 17 18 20 15 4 2 13 7 1 5 3 10 16 9 14 12 8 6 
student 179: 16 5 15 9 19 17 12 20 7 10 6 3 18 4 1 2 8 14 11 13 
student 180: 18 2 4 10 13 15 8 16 1 5 14 7 9 12 6 3 17 19 20 11 
student 181: 9 8 10 19 13 5 3 1 17 20 12 2 18 16 14 15 7 4 11 6 
student 182: 3 16 17 13 7 15 2 4 1 19 20 12 11 5 18 8 6 9 14 10 
student 183: 19 1 4 12 6 13 10 17 3 14 15 8 9 2 7 16 20 5 11 18 
student 184: 20 3 4 5 2 16 13 11 7 18 12 15 17 6 19 10 14 1 9 8 
student 185: 16 8 9 19 4 17 1 14 12 15 13 3 2 6 10 7 11 5 20 18 
student 186: 7 6 15 9 11 18 2 12 19 1 20 5 4 3 17 8 10 13 16 14 
student 187: 12 3 16 2 9 7 8 20 5 14 17 1 15 18 10 13 4 6 19 11 
student 188: 6 13 2 7 14 18 12 19 4 11 5 1 8 10 9 17 3 15 16 20 
student 189: 3 18 10 20 6 13 5 1 16 9 4 2 15 8 14 17 11 7 19 12 
student 190: 20 16 10 19 6 15 8 7 13 3 1 2 14 5 11 4 18 9 17 12 
student 191: 11 7 20 19 13 5 17 16 1 18 4 3 14 2 9 8 6 12 10 15 
student 192: 15 3 14 11 4 10 20 19 1 13 12 7 2 17 9 5 18 16 6 8 
student 193: 20 5 7 17 16 18 11 12 2 10 4 1 8 9 3 13 6 19 15 14 
student 194: 18 1 14 20 11 10 9 12 3 19 5 2 13 4 17 7 6 15 16 8 
student 195: 16 4 19 8 17 3 11 20 5 2 10 7 12 15 18 13 6 9 14 1 
student 196: 10 5 16 11 6 14 3 4 2 9 20 12 15 8 7 13 18 17 19 1 
student 197: 19 3 12 18 16 15 1 17 10 2 5 6 7 13 9 14 4 8 20 11 
student 198: 11 4 7 8 16 18 3 14 15 20 2 17 9 1 5 10 13 12 19 6 
student 199: 9 4 12 2 3 15 6 14 13 19 5 8 18 1 10 7 20 16 11 17 
student 200: 12 11 9 14 4 20 1 16 5 19 2 3 18 7 10 17 6 15 13 8 
student 201: 12 14 15 6 18 20 11 8 1 4 5 9 2 10 3 17 7 16 19 13 
student 202: 18 1 5 14 19 17 3 12 2 9 15 6 8 13 16 4 10 11 20 7 
student 203: 20 10 9 2 13 17 7 6 1 15 4 3 16 8 18 14 5 11 12 19 
student 204: 18 5 3 16 13 20 12 8 1 15 2 17 10 19 14 4 6 9 7 11 
student 205: 13 8 9 19 11 18 1 12 7 16 10 14 6 2 3 15 5 20 17 4 
student 206: 15 10 20 17 6 5 3 16 14 8 1 2 9 19 12 11 18 7 13 4 
student 207: 20 19 16 15 17 14 1 18 10 4 8 5 2 6 12 3 11 7 9 13 
student 208: 20 7 10 19 3 18 4 17 2 13 6 8 15 1 14 16 11 9 12 5 
student 209: 15 5 17 8 2 20 7 18 10 9 4 1 12 6 19 13 14 16 11 3 
student 210: 19 9 15 13 4 2 12 17 18 20 8 5 16 6 14 7 1 10 3 11 
student 211: 12 7 3 19 16 10 11 18 9 17 1 6 5 13 14 8 4 15 20 2 
student 212: 4 9 5 13 18 12 2 3 10 6 15 1 16 7 19 8 17 14 11 20 
student 213: 17 3 16 18 2 1 15 19 9 7 4 5 14 6 10 8 12 13 11 20 
student 214: 1 8 4 3 14 19 13 10 20 17 15 9 11 6 16 2 5 7 18 12 
student 215: 17 3 16 20 8 2 1 19 11 9 10 7 5 14 18 6 4 12 13 15 
student 216: 12 14 8 6 19 13 20 5 9 15 2 3 7 10 17 4 1 11 16 18 
student 217: 5 1 10 18 19 13 12 14 7 20 4 2 8 11 15 9 3 6 16 17 
student 218: 17 6 11 18 7 20 1 15 2 12 9 16 5 3 13 4 10 19 8 14 
student 219: 19 1 5 13 3 17 6 15 2 9 8 11 10 12 20 16 4 7 18 14 
student 220: 8 9 2 19 1 11 3 20 6 13 5 4 18 15 12 14 17 7 10 16 
student 221: 19 9 7 14 17 15 18 12 16 4 2 1 10 6 11 3 20 5 13 8 
student 222: 19 17 15 4 5 18 1 8 16 14 2 11 6 7 9 12 10 13 20 3 
student 223: 13 1 7 19 14 10 3 8 11 20 4 12 2 15 17 6 9 16 5 18 
student 224: 1 19 13 10 16 20 4 2 15 6 14 8 17 9 7 5 3 11 12 18 
student 225: 12 9 4 1 20 18 7 6 14 11 2 3 17 5 8 19 10 13 16 15 
student 226: 11 2 12 9 13 19 14 17 1 15 16 10 7 8 18 3 5 6 20 4 
student 227: 9 14 16 6 1 10 5 11 4 2 8 3 17 13 7 19 15 12 18 20 
student 228: 18 1 9 19 14 17 20 3 13 16 7 5 4 6 8 10 2 11 15 12 
student 229: 19 2 3 18 14 20 4 11 6 10 1 16 13 7 15 9 12 8 17 5 
student 230: 17 9 14 12 16 3 11 18 6 10 5 8 2 20 19 15 1 7 4 13 
student 231: 6 1 5 12 20 8 3 15 18 16 11 2 14 4 10 9 7 17 13 19 
student 232: 11 8 10 18 20 19 13 15 6 2 4 7 12 9 17 5 16 14 3 1 
student 233: 18 7 19 17 20 13 15 11 16 9 1 2 6 8 10 14 4 3 12 5 
student 234: 17 7 16 4 11 15 1 10 8 6 5 9 13 12 19 14 18 2 20 3 
student 235: 6 4 2 15 8 20 1 18 16 7 10 11 17 13 19 9 3 14 12 5 
student 236: 13 15 3 18 12 19 11 17 4 14 5 2 9 10 20 8 7 16 1 6 
student 237: 15 19 9 3 12 17 10 1 2 18 5 8 6 16 14 11 20 13 7 4 
student 238: 19 10 20 12 11 15 6 14 18 2 5 3 13 4 17 9 1 16 8 7 
student 239: 18 12 4 10 15 20 8 16 1 13 5 19 6 14 2 3 11 9 17 7 
student 240: 13 9 7 17 16 19 3 6 11 12 2 20 1 5 8 14 4 10 18 15 
student 241: 11 6 9 10 18 16 20 12 4 15 7 1 2 17 5 8 13 14 19 3 
student 242: 6 14 5 17 11 9 15 7 12 13 4 10 2 8 3 20 1 16 18 19 
student 243: 4 11 18 15 19 16 17 8 2 13 3 1 14 10 5 12 9 7 6 20 
student 244: 17 7 13 6 4 16 12 10 9 19 2 5 11 20 14 1 3 8 15 18 
student 245: 11 6 4 3 18 14 16 13 10 17 8 12 1 9 7 20 5 15 19 2 
student 246: 15 3 17 19 7 18 1 16 20 13 12 8 10 6 14 2 5 11 9 4 
student 247: 18 8 17 9 5 20 14 15 4 16 3 6 11 13 19 1 2 7 12 10 
student 248: 12 16 19 8 13 17 6 18 5 1 7 11 2 3 4 14 10 9 20 15 
student 249: 18 4 5 19 15 20 10 3 7 17 8 16 11 1 12 9 13 2 14 6 
student 250: 14 4 3 17 20 11 10 19 2 8 13 15 16 1 6 7 12 18 5 9 
student 251: 13 1 5 15 9 14 7 18 8 10 17 12 11 19 4 3 6 2 20 16 
student 252: 20 12 11 15 3 16 13 17 6 8 1 9 5 2 18 7 4 10 14 19 
student 253: 12 3 14 15 19 16 7 18 9 13 4 1 17 2 20 10 5 11 6 8 
student 254: 20 13 16 18 19 12 17 2 6 10 1 7 8 4 9 3 14 15 11 5 
student 255: 18 5 20 19 9 1 15 8 10 7 2 16 3 14 6 17 13 4 12 11 
student 256: 12 8 3 1 18 19 2 10 7 16 6 15 4 14 5 13 9 11 20 17 
student 257: 9 11 15 6 19 17 5 12 16 20 4 13 14 2 3 1 7 10 18 8 
student 258: 5 13 15 12 10 14 6 19 9 20 3 8 2 16 11 17 7 1 18 4 
student 259: 18 7 16 10 11 15 5 17 4 12 1 6 19 3 2 9 20 8 13 14 
student 260: 20 2 4 19 7 15 5 17 1 8 6 11 14 3 12 13 9 18 10 16 
student 261: 4 2 16 8 13 15 9 14 6 1 20 11 18 3 10 5 17 19 7 12 
student 262: 11 1 7 4 5 18 19 13 16 8 12 2 3 14 17 6 9 20 15 10 
student 263: 20 2 11 12 13 19 14 17 7 10 6 16 1 9 15 5 4 18 3 8 
student 264: 16 11 3 5 12 13 14 10 15 6 19 20 9 17 18 1 2 7 8 4 
student 265: 15 10 16 20 17 8 2 5 13 18 3 7 12 9 14 4 1 6 11 19 
student 266: 15 4 12 14 3 11 8 16 20 17 2 7 6 1 13 18 9 5 19 10 
student 267: 20 1 19 8 11 16 2 13 5 7 3 15 17 10 18 4 6 9 14 12 
student 268: 18 11 19 3 5 15 2 16 10 13 8 14 7 20 1 4 6 12 17 9 
student 269: 10 1 20 9 8 15 6 7 3 5 13 2 12 11 16 4 19 17 18 14 
student 270: 4 10 6 20 13 14 3 12 1 2 5 8 9 15 18 16 11 19 17 7 
student 271: 14 16 12 19 15 20 18 9 1 2 3 8 7 5 17 11 6 10 13 4 
student 272: 20 5 10 8 14 1 4 18 11 19 6 2 7 12 16 9 17 3 13 15 
student 273: 11 16 14 20 6 5 15 7 1 4 3 12 17 2 10 18 9 19 8 13 
student 274: 20 7 12 15 10 16 2 18 3 11 9 8 14 6 4 5 1 17 19 13 
student 275: 4 18 1 17 20 15 6 3 8 11 2 10 14 7 16 5 13 12 9 19 
student 276: 9 7 18 14 15 3 5 17 2 19 12 6 4 11 8 10 16 13 20 1 
student 277: 6 1 15 2 19 18 10 20 5 17 16 7 14 4 11 9 3 13 8 12 
student 278: 7 9 4 16 13 20 6 18 3 11 10 5 12 15 19 14 8 1 17 2 
student 279: 12 8 13 2 1 19 5 9 3 18 10 17 11 15 16 4 7 14 20 6 
student 280: 9 5 16 19 8 10 18 17 12 4 1 15 7 3 20 6 2 11 14 13 
student 281: 15 2 11 19 12 16 13 20 17 7 4 18 14 3 10 6 1 5 9 8 
student 282: 20 7 17 18 3 16 2 19 1 8 4 6 9 14 12 10 5 15 13 11 
student 283: 8 7 4 12 17 11 14 3 2 18 6 1 13 19 9 20 5 10 15 16 
student 284: 13 5 11 3 10 4 20 15 9 8 6 1 7 12 16 17 2 19 18 14 
student 285: 19 12 9 18 4 5 3 10 11 15 16 7 6 20 13 17 8 14 1 2 
student 286: 15 18 5 20 8 11 14 12 13 10 19 3 1 2 7 9 6 4 16 17 
student 287: 17 12 7 9 18 14 10 8 3 19 1 5 15 4 13 6 2 11 16 20 
student 288: 19 6 9 12 8 20 4 16 17 15 11 14 10 5 7 1 3 2 13 18 
student 289: 15 3 10 12 7 17 6 18 5 4 11 8 14 16 9 1 2 20 19 13 
student 290: 1 11 12 14 19 20 3 15 7 16 9 2 10 4 17 5 18 13 8 6 
student 291: 13 1 9 19 15 10 7 16 14 8 2 11 4 5 20 6 18 3 17 12 
student 292: 7 14 13 20 2 19 18 12 5 15 1 6 10 9 17 3 8 16 11 4 
student 293: 14 2 15 18 19 6 16 8 3 17 13 1 7 10 11 9 5 4 20 12 
student 294: 5 14 4 19 15 16 20 11 9 7 8 2 17 12 3 10 1 18 6 13 
student 295: 6 4 5 13 15 19 8 17 7 2 20 9 14 12 16 18 3 11 1 10 
student 296: 1 2 20 19 8 13 5 18 17 11 4 3 10 12 9 15 14 7 6 16 
student 297: 16 12 13 17 5 14 6 20 3 11 10 4 2 7 8 18 1 9 15 19 
student 298: 19 5 16 18 8 17 7 4 14 12 1 9 10 20 3 13 15 2 6 11 
student 299: 20 11 18 8 19 7 9 10 5 17 3 2 12 1 4 16 14 6 13 15 
student 300: 19 14 17 12 4 20 1 8 5 11 3 7 2 16 18 15 10 6 13 9 
student 301: 19 16 12 15 8 14 17 7 10 4 5 18 2 11 6 9 1 3 13 20 
student 302: 8 11 18 1 14 20 19 4 2 13 5 15 6 9 7 17 10 3 16 12 
student 303: 10 16 17 12 1 3 15 18 20 8 2 9 13 14 19 11 4 6 7 5 
student 304: 7 15 17 1 6 19 8 5 11 20 12 10 18 4 2 14 13 3 16 9 
student 305: 13 1 4 8 18 10 16 19 5 12 7 3 6 2 17 15 20 11 14 9 
student 306: 12 1 13 20 18 9 7 11 8 16 6 19 2 5 15 4 3 10 17 14 
student 307: 2 3 14 12 7 20 10 9 8 17 6 5 19 1 13 18 16 11 4 15 
student 308: 7 8 9 20 4 16 2 14 18 3 1 6 5 10 17 12 11 13 19 15 
student 309: 4 2 10 17 8 13 9 14 7 12 6 1 18 11 19 15 5 3 16 20 
student 310: 9 7 4 20 19 10 3 14 1 16 5 15 17 11 18 2 8 6 13 12 
student 311: 19 1 13 16 2 18 8 7 5 11 6 9 20 14 4 10 3 12 17 15 
student 312: 18 17 8 5 20 19 9 4 14 12 1 16 7 6 13 10 3 11 15 2 
student 313: 16 17 15 13 20 3 2 7 1 18 4 5 19 9 8 12 6 14 10 11 
student 314: 10 8 13 16 17 14 5 20 19 4 6 3 18 1 15 12 2 7 11 9 
student 315: 19 2 10 8 3 12 20 16 11 1 13 9 4 18 5 15 7 6 17 14 
student 316: 7 18 6 13 10 20 12 19 4 15 9 3 2 14 16 8 1 17 5 11 
student 317: 11 15 6 20 2 8 4 18 9 5 1 7 17 10 16 3 14 19 13 12 
student 318: 17 4 20 16 7 12 15 18 14 1 8 2 3 5 9 11 19 13 10 6 
student 319: 19 17 3 13 12 5 11 9 2 14 1 20 15 4 7 6 10 16 18 8 
student 320: 8 7 2 10 13 16 1 17 19 20 11 4 5 12 6 9 3 15 14 18 
student 321: 7 20 6 8 4 9 12 1 2 10 11 15 13 14 16 17 5 18 3 19 
student 322: 9 6 11 20 12 17 14 16 2 19 5 10 15 4 18 13 3 1 8 7 
student 323: 15 7 5 20 12 14 8 19 6 17 18 16 2 4 11 10 13 1 9 3 
student 324: 5 2 16 13 19 20 3 10 17 1 8 4 11 7 18 12 14 6 15 9 
student 325: 18 12 5 15 9 17 4 14 8 19 2 3 11 1 13 20 10 6 16 7 
student 326: 19 5 16 1 8 7 11 17 10 3 12 6 4 18 20 9 2 15 13 14 
student 327: 4 2 10 19 14 16 8 15 9 20 5 11 12 13 1 7 3 18 6 17 
student 328: 8 7 18 20 4 3 6 17 10 15 1 11 12 14 5 16 2 13 19 9 
student 329: 12 5 16 11 20 13 4 18 15 1 2 6 7 10 3 9 8 19 17 14 
student 330: 14 12 2 20 15 6 3 19 1 16 11 5 18 13 8 17 4 10 9 7 
student 331: 7 8 2 15 14 16 10 6 12 4 11 13 5 1 9 17 20 3 18 19 
student 332: 14 9 17 7 2 16 20 5 8 18 3 6 13 4 10 12 15 19 1 11 
student 333: 13 11 20 6 10 9 15 3 12 17 5 1 14 18 8 7 16 4 2 19 
student 334: 15 5 4 20 16 19 14 1 2 11 12 9 8 6 18 7 10 13 3 17 
student 335: 18 11 6 15 16 17 14 13 9 4 12 8 20 10 19 1 7 2 5 3 
student 336: 12 13 15 19 3 6 20 9 8 5 2 1 17 7 14 11 16 10 18 4 
student 337: 7 11 16 4 1 19 6 17 9 18 12 5 15 13 10 2 3 14 20 8 
student 338: 19 2 5 13 15 11 12 6 8 17 16 14 1 9 18 7 4 3 20 10 
student 339: 15 6 10 20 3 17 11 19 4 2 7 1 16 12 9 13 14 8 18 5 
student 340: 13 5 17 20 12 14 8 16 6 9 2 7 4 10 15 3 1 19 11 18 
student 341: 10 4 14 5 16 20 18 12 3 9 1 11 6 19 13 8 7 2 17 15 
student 342: 15 10 12 13 2 5 19 8 6 18 4 11 3 17 9 7 14 16 20 1 
student 343: 17 1 15 16 12 13 6 18 7 5 20 3 14 9 19 11 2 10 4 8 
student 344: 10 11 12 13 17 19 3 9 18 16 7 2 4 8 20 15 1 5 6 14 
student 345: 12 6 18 17 10 8 11 14 1 15 5 4 13 2 20 19 7 3 9 16 
student 346: 4 16 7 17 19 11 2 12 5 6 8 1 20 9 18 14 3 10 15 13 
student 347: 10 9 6 20 7 16 5 18 4 19 3 1 11 15 17 12 8 13 14 2 
student 348: 9 14 12 4 7 17 3 16 5 15 13 2 19 8 18 10 6 1 20 11 
student 349: 20 4 11 5 16 12 7 17 1 18 10 6 3 9 2 19 8 13 14 15 
student 350: 2 13 9 1 20 19 6 17 5 8 3 7 10 4 18 14 12 11 15 16 
student 351: 19 11 7 14 13 20 17 8 3 4 9 2 5 6 16 10 12 15 1 18 
student 352: 15 20 16 7 3 8 17 10 18 11 5 9 2 13 12 6 14 1 19 4 
student 353: 7 12 13 10 16 15 9 17 8 18 3 6 14 1 20 4 2 5 19 11 
student 354: 13 4 1 6 20 9 5 14 10 8 3 17 15 11 16 7 19 18 2 12 
student 355: 15 18 19 13 11 20 1 9 10 7 8 4 6 2 14 5 17 12 3 16 
student 356: 5 11 7 8 15 14 2 18 3 4 1 6 17 9 12 13 20 16 19 10 
student 357: 16 3 15 19 17 20 12 2 11 8 7 5 10 14 18 4 1 13 9 6 
student 358: 15 1 9 11 4 13 20 7 6 12 16 5 14 8 3 18 17 10 19 2 
student 359: 18 4 20 14 12 15 10 11 3 13 2 19 5 6 16 8 1 7 17 9 
student 360: 11 9 16 10 15 17 14 18 3 4 12 1 13 5 2 8 6 7 19 20 
student 361: 11 18 4 3 17 16 6 14 2 8 9 1 13 19 12 5 15 7 20 10 
student 362: 15 1 3 19 11 2 4 8 6 18 13 16 9 5 10 20 7 14 17 12 
student 363: 19 3 7 11 10 9 13 18 15 6 17 1 2 16 14 5 4 12 20 8 
student 364: 20 5 14 11 15 19 16 18 10 9 12 7 8 1 2 6 3 17 13 4 
student 365: 6 12 14 20 2 19 15 3 8 5 4 18 1 16 11 7 9 10 17 13 
student 366: 13 4 6 20 10 15 17 12 7 14 1 19 9 3 8 5 2 11 16 18 
student 367: 6 15 2 7 3 20 13 14 5 10 1 17 16 11 9 12 4 8 19 18 
student 368: 4 6 20 17 18 3 2 15 14 5 7 19 8 12 9 1 11 13 10 16 
student 369: 8 4 11 19 9 17 7 18 16 15 6 3 14 10 20 13 5 12 1 2 
student 370: 8 19 12 6 18 20 13 5 9 4 3 1 11 16 15 2 10 17 7 14 
student 371: 18 4 17 19 20 14 15 8 10 6 2 13 3 7 12 1 9 5 16 11 
student 372: 20 15 3 18 7 13 16 4 9 10 12 2 1 14 17 6 5 8 19 11 
student 373: 14 1 13 20 18 17 10 12 6 7 5 16 8 2 9 15 3 4 19 11 
student 374: 18 7 11 14 9 10 5 2 1 19 6 17 13 12 16 3 8 15 4 20 
student 375: 20 9 11 12 17 15 2 14 10 16 1 8 18 19 7 4 5 3 6 13 
student 376: 19 3 20 11 17 4 13 15 7 10 12 8 14 9 6 1 2 16 18 5 
student 377: 9 20 15 8 4 11 17 12 2 10 6 19 18 7 1 5 16 3 14 13 
student 378: 8 1 15 2 9 14 13 19 17 10 5 3 7 16 20 6 18 4 12 11 
student 379: 1 6 20 12 16 14 9 18 4 17 10 2 5 11 19 15 3 13 7 8 
student 380: 15 7 3 14 11 16 2 12 5 17 18 10 9 1 20 4 8 6 13 19 
student 381: 9 5 11 20 1 19 16 3 2 6 10 8 14 4 12 17 15 18 13 7 
student 382: 13 11 4 14 7 15 12 18 2 1 8 10 19 6 17 5 3 9 20 16 
student 383: 8 2 1 6 5 17 19 20 3 18 7 13 4 9 16 10 14 15 12 11 
student 384: 13 1 16 2 20 11 9 17 15 10 3 8 12 18 14 6 7 4 5 19 
student 385: 17 1 6 16 14 18 5 11 3 10 7 8 4 9 12 2 13 20 15 19 
student 386: 20 3 6 18 11 17 1 19 16 9 15 2 4 13 14 12 7 8 10 5 
student 387: 8 20 17 1 6 14 4 7 10 15 9 3 18 11 19 5 2 12 13 16 
student 388: 17 5 18 4 9 11 13 12 2 16 6 15 7 1 3 10 8 14 19 20 
student 389: 18 12 5 16 15 6 10 3 2 17 7 19 8 4 14 20 11 1 13 9 
student 390: 19 3 8 18 17 11 16 7 10 13 4 9 15 6 2 1 5 14 12 20 
student 391: 14 7 13 16 4 10 18 15 6 8 3 1 5 17 19 2 12 11 20 9 
student 392: 14 4 16 20 3 18 2 19 12 11 8 15 7 1 17 9 13 6 5 10 
student 393: 16 17 2 11 10 12 7 19 1 18 13 4 3 20 8 15 5 6 14 9 
student 394: 19 13 3 18 11 14 12 10 6 17 5 1 16 8 7 15 9 4 20 2 
student 395: 18 16 14 15 12 13 10 5 4 7 9 2 19 1 20 3 11 8 17 6 
student 396: 10 8 13 14 7 9 5 6 12 17 1 2 11 3 19 4 18 15 16 20 
student 397: 18 2 20 19 1 14 17 4 15 10 9 7 6 11 13 5 3 12 16 8 
student 398: 20 4 18 17 2 5 7 10 15 16 3 1 8 9 11 13 6 12 19 14 
student 399: 18 15 1 17 4 16 20 6 8 12 3 10 13 19 14 9 5 7 2 11 
student 400: 5 14 11 7 18 19 4 17 6 20 3 8 2 15 16 13 10 9 1 12 
student 401: 12 18 15 20 9 19 13 6 14 16 3 4 8 2 1 7 10 11 5 17 
student 402: 18 12 4 15 3 9 6 8 19 20 2 10 5 16 11 17 1 14 13 7 
student 403: 20 12 11 4 14 9 7 18 10 19 15 2 6 1 8 5 3 13 17 16 
student 404: 19 3 15 20 16 6 9 12 13 11 5 1 14 10 2 18 7 8 17 4 
student 405: 16 5 7 20 3 15 17 8 1 13 12 11 6 10 14 19 2 9 18 4 
student 406: 19 13 15 18 2 16 6 14 12 9 1 10 7 11 8 20 4 3 17 5 
student 407: 8 14 2 20 1 15 17 16 6 18 5 9 7 10 3 13 4 19 11 12 
student 408: 13 18 2 17 5 14 20 15 1 16 4 6 3 12 19 7 11 8 9 10 
student 409: 12 11 15 20 7 13 18 10 19 9 5 16 6 3 17 8 2 14 4 1 
student 410: 20 19 11 15 14 10 17 6 13 5 12 7 9 3 4 16 1 18 8 2 
student 411: 14 1 12 17 7 3 15 9 18 13 20 5 11 16 10 2 8 4 6 19 
student 412: 19 16 9 18 14 13 3 17 11 5 6 15 10 8 7 2 1 12 20 4 
student 413: 14 1 12 3 6 20 10 18 8 19 2 7 11 4 15 9 16 13 17 5 
student 414: 18 5 4 20 7 17 1 6 15 11 8 3 16 10 14 2 9 13 12 19 
student 415: 15 7 19 20 18 12 6 13 1 9 4 5 14 11 8 2 17 3 10 16 
student 416: 7 15 10 16 12 2 4 18 19 14 9 1 8 13 20 17 6 3 11 5 
student 417: 20 4 7 14 17 10 19 18 9 16 6 5 1 12 13 2 15 3 8 11 
student 418: 20 10 11 5 19 3 7 9 4 16 6 1 13 8 17 15 12 2 18 14 
student 419: 16 13 3 18 8 12 4 20 1 11 6 17 7 10 15 2 14 5 19 9 
student 420: 15 8 9 10 20 13 7 17 18 11 16 3 19 5 6 2 4 14 12 1 
student 421: 16 5 18 7 15 19 17 12 14 6 2 11 8 20 1 4 3 9 10 13 
student 422: 12 10 19 6 20 5 9 13 14 3 4 18 7 11 17 2 15 8 16 1 
student 423: 11 5 10 15 16 18 14 12 9 6 7 3 4 13 17 1 8 2 19 20 
student 424: 20 6 2 13 4 19 15 12 14 16 11 9 8 18 7 5 1 10 3 17 
student 425: 20 12 17 18 14 19 2 10 7 5 15 8 6 3 9 4 16 11 1 13 
student 426: 20 1 6 19 13 11 2 16 8 7 3 4 12 18 9 5 10 15 14 17 
student 427: 9 6 4 20 12 14 18 17 3 16 10 8 13 2 19 7 5 1 11 15 
student 428: 12 8 10 6 20 13 15 4 1 17 9 14 11 7 16 3 2 19 5 18 
student 429: 16 6 14 10 19 12 20 18 4 1 2 3 15 9 17 11 7 13 5 8 
student 430: 17 10 9 2 1 16 20 19 13 18 8 3 4 14 6 5 11 7 12 15 
student 431: 18 2 4 19 6 20 11 12 3 9 7 1 10 13 16 8 15 14 17 5 
student 432: 13 7 9 17 16 19 3 14 5 12 4 20 8 11 10 1 2 6 15 18 
student 433: 19 3 8 13 17 15 11 18 10 20 2 5 1 16 14 6 4 12 7 9 
student 434: 19 16 15 20 1 14 11 4 12 9 6 3 18 5 17 10 2 8 13 7 
student 435: 9 12 17 6 18 8 2 1 3 13 15 11 20 14 19 5 7 4 16 10 
student 436: 20 3 17 7 16 12 13 9 5 14 11 1 10 8 2 6 4 18 19 15 
student 437: 18 5 6 11 8 9 1 20 4 13 10 17 7 3 15 12 14 2 16 19 
student 438: 6 11 18 20 19 5 8 7 4 9 17 10 1 12 13 14 2 15 16 3 
student 439: 10 1 3 20 6 17 13 11 12 18 9 16 2 7 15 4 5 14 19 8 
student 440: 7 1 12 15 19 18 5 13 9 3 2 4 6 8 11 20 14 10 17 16 
student 441: 18 14 2 12 19 13 6 20 8 9 16 1 10 17 11 5 4 7 3 15 
student 442: 18 7 14 17 10 16 19 12 3 4 6 1 20 2 8 5 13 11 9 15 
student 443: 15 9 6 16 4 19 20 11 5 17 13 12 7 10 14 18 1 2 8 3 
student 444: 14 17 9 8 18 20 7 11 1 3 2 12 6 4 16 19 13 10 15 5 
student 445: 19 13 1 20 17 18 11 15 6 4 5 12 10 14 2 7 9 16 3 8 
student 446: 3 8 18 14 16 7 19 20 12 9 11 6 17 2 10 13 1 5 15 4 
student 447: 13 4 8 15 12 9 10 19 16 5 14 2 20 11 18 7 6 3 1 17 
student 448: 15 4 14 18 17 13 19 11 6 8 5 1 2 10 20 3 9 12 16 7 
student 449: 19 6 17 3 12 16 5 10 4 20 11 8 18 13 9 2 7 1 15 14 
student 450: 12 1 8 15 10 20 17 7 14 18 5 16 2 4 9 6 19 11 13 3 
student 451: 15 6 19 18 4 1 14 10 20 17 3 5 2 9 13 16 12 11 8 7 
student 452: 18 3 1 15 16 20 8 19 5 7 4 2 12 14 17 10 9 13 11 6 
student 453: 14 9 20 18 3 6 11 1 2 19 4 7 13 10 15 12 8 17 16 5 
student 454: 15 3 18 9 5 6 10 19 11 16 2 17 1 12 7 4 14 8 20 13 
student 455: 14 2 16 6 18 15 8 17 9 20 3 1 13 10 19 4 7 5 11 12 
student 456: 16 10 9 14 1 20 2 3 5 15 4 17 7 13 12 8 6 19 18 11 
student 457: 15 2 12 14 18 20 9 6 4 17 3 7 19 13 8 5 1 16 11 10 
student 458: 2 18 8 11 17 12 14 16 10 15 4 3 6 7 9 13 1 5 20 19 
student 459: 18 13 14 7 16 5 11 8 6 19 2 1 12 15 17 4 3 9 20 10 
student 460: 20 15 14 19 5 17 18 8 9 12 7 1 2 16 6 10 4 3 13 11 
student 461: 15 1 19 10 11 17 4 16 3 18 14 8 2 12 9 5 7 6 20 13 
student 462: 18 1 11 10 19 12 17 5 13 16 2 8 20 4 3 15 14 9 7 6 
student 463: 20 6 3 16 17 15 9 8 18 2 7 1 5 4 12 14 10 11 13 19 
student 464: 16 18 9 4 3 5 11 14 10 19 17 20 1 15 7 8 6 12 13 2 
student 465: 14 7 6 18 13 19 8 16 1 9 15 10 5 17 11 12 2 4 20 3 
student 466: 16 17 19 5 13 14 10 4 6 20 18 2 15 7 3 11 8 1 9 12 
student 467: 12 1 15 20 18 8 13 14 2 6 3 5 4 11 16 19 10 7 17 9 
student 468: 16 9 17 11 14 4 13 20 12 3 10 19 1 6 8 2 5 18 15 7 
student 469: 15 3 13 14 19 20 16 2 1 8 17 5 6 9 10 11 4 12 18 7 
student 470: 13 16 8 12 15 20 9 19 4 6 1 11 7 2 3 18 17 10 14 5 
student 471: 6 11 17 9 5 1 13 14 7 12 3 2 15 4 20 16 8 18 19 10 
student 472: 6 7 11 15 5 8 19 17 1 2 9 13 20 18 14 3 4 16 12 10 
student 473: 5 4 17 13 19 10 15 18 1 11 8 3 6 14 9 7 12 16 20 2 
student 474: 19 1 12 15 3 18 4 9 6 20 2 17 16 11 7 5 13 8 14 10 
student 475: 7 9 14 11 6 13 1 18 3 15 12 10 4 19 8 2 5 20 16 17 
student 476: 20 10 12 14 7 15 3 11 6 19 13 1 5 8 18 2 9 16 17 4 
student 477: 18 4 16 14 2 19 12 10 1 13 9 8 17 15 11 20 5 3 7 6 
student 478: 17 13 10 3 4 15 19 14 1 8 2 11 20 5 6 12 18 9 16 7 
student 479: 16 1 18 11 3 20 15 2 13 9 7 10 5 17 14 6 8 12 4 19 
student 480: 13 2 4 17 8 15 5 20 7 14 1 9 3 12 18 16 10 11 19 6 
student 481: 17 4 13 6 5 18 1 20 8 12 3 2 10 19 16 9 15 11 7 14 
student 482: 16 11 3 9 20 17 8 15 12 19 18 2 4 7 6 14 1 5 13 10 
student 483: 9 18 14 8 10 13 1 20 7 12 11 6 2 17 15 4 3 19 16 5 
student 484: 6 15 17 19 10 14 12 7 5 16 8 1 3 20 18 4 2 13 9 11 
student 485: 17 8 3 13 7 16 14 10 9 12 18 5 20 19 1 4 6 11 15 2 
student 486: 19 13 3 17 14 20 7 12 10 2 1 18 8 5 16 15 9 4 6 11 
student 487: 20 2 17 11 10 12 7 18 6 3 1 16 9 4 13 15 19 5 14 8 
student 488: 20 4 19 18 12 8 1 13 7 11 6 2 5 10 16 9 15 3 14 17 
student 489: 13 7 12 9 4 11 14 17 6 10 5 2 15 16 19 3 8 1 18 20 
student 490: 20 8 15 5 10 18 1 2 14 19 13 4 3 17 7 6 12 16 11 9 
student 491: 18 1 7 11 2 17 6 19 4 13 15 9 14 10 5 3 12 16 20 8 
student 492: 6 9 12 11 13 8 4 15 5 19 16 7 18 2 20 10 3 1 17 14 
student 493: 3 2 12 11 13 9 14 19 10 4 6 7 5 8 15 1 18 16 20 17 
student 494: 1 5 12 13 18 20 3 11 17 14 8 16 6 15 19 7 4 2 9 10 
student 495: 13 11 10 17 19 20 6 16 4 8 7 2 18 1 15 3 14 9 5 12 
student 496: 19 18 2 8 1 20 16 11 13 14 15 4 12 7 5 10 6 9 17 3 
student 497: 13 8 5 16 19 17 14 18 1 12 6 7 15 4 11 10 9 2 20 3 
student 498: 3 20 5 16 8 11 4 18 15 17 9 6 2 7 14 12 1 13 19 10 
student 499: 17 3 15 11 14 13 6 12 2 20 16 8 4 5 10 1 9 18 19 7 
student 500: 2 11 10 8 12 20 5 15 13 7 6 17 9 14 16 3 4 19 18 1 
student 501: 19 5 2 13 17 7 11 20 6 15 1 12 14 18 3 8 9 16 10 4 
student 502: 18 1 17 9 8 16 10 12 6 14 19 4 5 13 2 15 7 11 20 3 
student 503: 18 6 17 14 15 13 20 12 4 8 3 2 9 7 11 5 16 19 10 1 
student 504: 6 15 16 11 13 17 10 19 4 20 5 2 12 1 3 8 9 14 7 18 
student 505: 3 20 12 19 11 13 14 10 4 1 15 5 8 9 17 6 16 2 18 7 
student 506: 15 13 20 17 8 12 6 10 14 16 19 11 1 4 18 2 5 9 7 3 
student 507: 11 3 13 17 2 15 9 6 1 14 20 8 10 4 5 19 18 12 7 16 
student 508: 20 6 18 15 5 14 3 16 11 8 4 2 7 19 9 1 10 12 17 13 
student 509: 10 19 5 11 3 8 6 20 16 12 1 9 18 13 14 17 15 2 7 4 
student 510: 18 9 4 15 5 11 19 12 10 8 1 16 13 3 17 14 6 7 2 20 
student 511: 10 18 7 1 17 16 20 12 2 8 11 15 14 13 5 3 6 9 19 4 
student 512: 11 4 10 15 6 3 13 16 14 19 20 7 2 5 1 18 17 8 12 9 
student 513: 15 2 20 8 14 13 4 5 11 19 1 12 9 10 3 18 16 17 6 7 
student 514: 2 20 9 11 17 12 4 13 19 15 6 1 7 3 5 18 8 16 14 10 
student 515: 1 8 4 13 6 18 20 19 3 16 2 5 14 17 15 10 9 12 11 7 
student 516: 8 17 10 16 2 11 14 13 12 19 6 9 5 7 4 15 20 18 3 1 
student 517: 16 19 10 20 2 8 1 13 3 15 4 18 12 17 9 14 6 7 11 5 
student 518: 20 11 13 7 4 9 17 8 10 16 2 3 18 5 15 12 14 6 19 1 
student 519: 20 5 14 13 8 18 11 3 1 16 7 6 4 12 9 19 2 17 10 15 
student 520: 3 20 7 14 5 16 6 10 8 17 9 13 11 1 2 4 15 12 18 19 
student 521: 14 10 15 12 20 9 17 13 11 19 8 1 2 6 18 5 4 3 7 16 
student 522: 16 2 10 13 18 6 5 15 12 19 1 8 4 11 3 20 17 7 9 14 
student 523: 11 1 20 4 5 6 12 18 13 15 9 3 19 17 16 7 14 10 8 2 
student 524: 13 5 14 4 16 8 6 12 18 20 9 11 19 3 15 7 10 2 1 17 
student 525: 7 3 10 6 8 19 2 11 12 17 4 5 15 20 18 14 13 9 1 16 
student 526: 19 2 20 10 15 13 14 8 18 17 11 6 1 12 16 3 7 5 9 4 
student 527: 17 6 7 18 9 19 14 12 1 10 3 2 15 5 13 4 20 8 16 11 
student 528: 8 4 19 6 14 12 2 15 11 20 1 10 5 13 17 3 7 16 9 18 
student 529: 19 3 16 10 6 5 8 11 12 9 15 14 20 7 18 2 1 4 13 17 
student 530: 4 2 3 10 5 13 12 6 14 7 1 8 19 17 11 16 18 9 15 20 
student 531: 17 10 19 4 9 18 7 13 8 1 14 5 6 2 12 3 15 20 11 16 
student 532: 19 5 7 16 15 14 9 11 18 12 6 13 2 10 17 3 1 8 20 4 
student 533: 7 12 13 14 16 9 11 17 8 19 5 2 3 15 20 10 6 18 4 1 
student 534: 13 1 9 19 11 14 3 5 16 20 2 12 7 8 17 4 6 18 10 15 
student 535: 19 10 3 12 7 20 17 11 13 8 9 6 4 14 15 16 2 1 18 5 
student 536: 10 11 17 18 16 12 3 20 1 2 4 6 9 19 5 13 15 14 7 8 
student 537: 14 1 10 16 20 5 8 2 6 12 13 18 17 3 4 11 7 9 19 15 
student 538: 9 2 11 19 10 5 13 14 8 7 1 20 3 18 4 6 15 12 16 17 
student 539: 8 9 1 13 14 18 5 7 3 17 20 2 19 12 10 16 15 4 6 11 
student 540: 13 20 9 15 14 17 19 6 5 2 10 7 11 4 12 3 8 16 18 1 
student 541: 11 1 15 5 18 20 8 2 16 13 14 7 17 6 10 12 9 4 19 3 
student 542: 20 4 1 14 11 19 12 17 18 3 15 2 8 16 7 5 13 6 10 9 
student 543: 16 7 10 20 15 18 6 9 3 19 12 4 2 14 13 5 1 17 11 8 
student 544: 20 6 7 19 14 11 1 16 9 5 8 17 18 13 15 12 2 4 3 10 
student 545: 17 8 1 18 15 16 19 20 4 10 3 7 13 5 2 11 6 12 9 14 
student 546: 9 3 5 18 10 2 1 16 15 14 17 11 19 6 8 20 12 13 7 4 
student 547: 14 4 16 19 15 6 17 13 10 8 7 3 20 5 11 9 2 1 18 12 
student 548: 11 13 5 20 15 3 2 17 4 12 1 18 10 9 19 16 7 14 6 8 
student 549: 13 8 11 20 3 16 2 12 4 14 5 1 6 15 17 18 7 10 9 19 
student 550: 7 11 1 9 13 12 5 20 15 19 6 14 10 4 3 8 16 18 2 17 
student 551: 13 1 20 12 6 15 16 14 2 8 10 7 11 3 9 4 5 19 17 18 
student 552: 2 6 17 12 3 14 19 11 9 10 4 5 16 18 1 8 7 13 20 15 
student 553: 5 9 11 12 17 16 3 15 4 18 8 1 7 20 19 6 10 2 13 14 
student 554: 4 2 17 13 19 10 3 14 7 18 8 5 11 12 15 16 20 1 9 6 
student 555: 13 8 19 11 16 17 12 5 14 4 10 7 6 3 18 1 15 9 20 2 
student 556: 4 13 10 12 7 19 16 8 1 6 2 11 9 5 20 3 17 14 15 18 
student 557: 18 20 7 14 1 9 10 6 15 12 11 2 3 13 17 5 16 8 19 4 
student 558: 1 10 17 11 12 14 7 5 3 9 2 16 15 20 8 6 18 13 19 4 
student 559: 1 6 7 16 20 17 19 18 4 14 3 5 10 13 12 2 15 8 11 9 
student 560: 7 3 17 12 4 6 1 15 2 20 10 9 5 19 11 16 18 8 13 14 
student 561: 15 8 13 5 10 14 11 20 1 19 2 3 17 18 16 4 9 6 7 12 
student 562: 12 4 5 15 18 16 11 3 17 14 8 2 10 9 20 19 6 1 13 7 
student 563: 9 8 19 20 5 2 16 11 3 13 4 6 12 7 1 17 10 14 18 15 
student 564: 12 13 7 6 3 11 19 16 15 9 10 8 4 20 18 1 5 14 17 2 
student 565: 16 10 6 18 20 19 9 13 8 17 2 11 3 5 15 1 14 12 7 4 
student 566: 11 2 8 10 14 16 9 15 18 17 12 3 6 4 19 5 7 1 20 13 
student 567: 3 19 14 10 5 6 18 11 2 7 8 4 12 16 15 9 20 1 17 13 
student 568: 18 6 8 13 14 7 3 16 2 9 12 5 20 1 11 4 10 17 15 19 
student 569: 18 5 15 20 13 11 2 14 12 8 1 7 4 19 10 9 6 16 3 17 
student 570: 15 12 17 18 16 4 14 7 3 6 2 13 10 1 19 8 11 9 20 5 
student 571: 4 6 19 18 5 13 1 9 14 20 3 8 10 2 15 17 7 12 16 11 
student 572: 7 14 2 17 9 19 8 5 18 16 20 3 6 11 10 4 1 12 13 15 
student 573: 2 5 19 18 11 17 13 16 3 6 8 14 15 10 9 1 7 4 12 20 
student 574: 20 4 8 19 15 16 9 12 14 6 2 7 10 1 13 11 18 5 17 3 
student 575: 6 12 3 17 14 18 19 11 5 13 1 2 4 10 16 20 8 7 15 9 
student 576: 17 14 8 19 18 20 3 16 4 1 13 5 2 6 9 12 11 7 15 10 
student 577: 10 5 20 12 11 9 7 18 1 13 3 8 19 17 16 2 6 14 4 15 
student 578: 11 14 15 5 8 20 12 9 18 6 10 4 1 13 17 7 3 2 19 16 
student 579: 14 3 4 18 8 17 13 19 2 10 1 6 7 16 15 11 20 5 9 12 
student 580: 16 1 2 10 19 9 11 18 14 12 4 7 15 6 3 8 5 20 17 13 
student 581: 20 12 3 16 15 14 17 11 6 8 1 7 5 19 10 4 18 9 2 13 
student 582: 13 7 9 16 20 4 3 18 8 17 1 6 10 11 14 15 2 12 19 5 
student 583: 12 8 16 19 15 13 1 11 4 10 6 17 5 18 14 7 2 9 20 3 
student 584: 15 9 7 19 12 8 16 20 5 6 2 11 17 18 10 14 3 1 4 13 
student 585: 15 19 17 14 18 16 3 4 1 2 8 12 10 7 20 9 5 13 11 6 
student 586: 13 16 15 2 14 17 4 11 8 18 6 7 10 9 5 12 3 20 19 1 
student 587: 12 4 2 20 13 18 7 10 14 17 1 6 9 11 3 19 16 5 8 15 
student 588: 17 10 20 13 8 15 6 19 14 9 4 11 12 2 18 5 1 7 16 3 
student 589: 20 2 13 19 14 17 16 6 7 11 5 4 15 10 12 18 3 9 1 8 
student 590: 15 14 10 20 19 11 1 7 6 13 2 3 16 8 5 17 9 12 4 18 
student 591: 11 20 3 2 18 7 6 13 1 9 8 5 15 17 16 10 14 12 4 19 
student 592: 19 4 1 14 6 17 18 16 8 13 9 15 7 12 3 2 5 11 20 10 
student 593: 18 2 4 17 11 16 3 20 5 14 15 13 9 12 7 8 6 10 1 19 
student 594: 18 9 10 14 13 7 11 19 16 15 1 3 2 12 17 4 6 20 8 5 
student 595: 18 9 13 17 8 19 6 16 2 14 5 4 12 10 15 3 1 11 20 7 
student 596: 15 2 16 10 17 19 11 12 7 5 8 9 6 4 1 20 3 14 18 13 
student 597: 20 6 2 16 18 19 15 14 3 5 1 7 9 11 8 4 12 13 10 17 
student 598: 20 1 19 15 12 10 3 5 16 18 7 4 14 11 13 2 8 9 17 6 
student 599: 20 2 7 15 17 4 9 16 6 14 12 10 1 19 13 8 11 5 3 18 
student 600: 16 12 13 15 8 19 7 20 4 10 5 3 1 2 17 14 9 11 18 6 
student 601: 18 7 14 15 3 16 5 12 8 11 1 2 20 4 17 9 13 6 10 19 
student 602: 18 10 9 2 11 17 6 20 12 7 1 4 14 8 15 13 3 19 16 5 
student 603: 17 6 2 4 8 16 9 13 11 15 12 1 3 14 19 20 18 7 5 10 
student 604: 12 3 19 2 18 13 9 15 6 4 7 11 10 17 20 5 16 1 8 14 
student 605: 16 20 5 15 9 12 7 10 19 11 1 4 17 2 8 13 3 6 14 18 
student 606: 18 17 14 15 6 16 1 19 8 20 3 4 2 5 10 9 13 7 12 11 
student 607: 18 11 9 8 1 20 6 12 10 17 13 15 19 2 4 14 3 7 5 16 
student 608: 14 4 6 18 16 19 5 10 3 20 2 17 7 11 12 8 1 15 9 13 
student 609: 20 6 8 18 3 14 7 5 13 9 4 19 12 2 17 10 15 11 16 1 
student 610: 6 13 18 20 17 15 5 16 7 3 10 2 11 1 12 19 4 8 14 9 
student 611: 17 11 4 9 19 13 7 8 20 15 3 6 1 2 5 12 18 16 10 14 
student 612: 8 5 20 13 7 17 10 2 4 19 3 1 15 6 12 9 11 16 14 18 
student 613: 12 3 19 9 2 18 11 14 10 16 1 20 8 15 13 4 6 17 7 5 
student 614: 8 11 2 14 18 7 15 20 10 5 12 16 17 13 6 1 3 4 19 9 
student 615: 20 1 8 15 18 17 12 13 16 7 19 3 2 14 10 6 4 5 9 11 
student 616: 15 13 4 9 19 11 2 5 16 14 20 12 10 7 8 1 6 18 17 3 
student 617: 17 5 19 15 8 18 2 14 1 10 9 6 20 7 16 11 4 3 12 13 
student 618: 15 6 5 8 20 14 13 3 7 12 17 18 10 1 4 11 9 2 19 16 
student 619: 18 6 19 13 9 15 4 20 14 17 3 1 11 16 8 2 10 5 7 12 
student 620: 14 2 19 16 20 18 11 3 6 4 5 7 12 10 15 9 1 13 8 17 
student 621: 19 10 8 2 12 13 6 14 5 20 9 3 17 15 16 1 11 7 18 4 
student 622: 17 7 1 13 14 9 20 15 19 2 3 4 6 10 16 18 11 8 12 5 
student 623: 14 5 9 13 2 20 11 19 4 17 1 12 15 3 10 7 6 16 8 18 
student 624: 14 3 8 15 10 17 19 18 1 4 12 20 2 16 6 9 5 11 13 7 
student 625: 11 3 13 14 10 19 15 12 9 5 4 1 16 8 18 2 7 6 20 17 
student 626: 19 12 10 15 18 14 17 1 3 8 16 2 4 20 6 9 5 11 13 7 
student 627: 12 19 20 14 2 18 15 5 1 9 3 11 7 17 8 4 6 13 10 16 
student 628: 20 14 6 19 2 15 5 8 11 9 4 10 1 18 17 16 3 13 7 12 
student 629: 18 1 19 16 10 4 15 8 14 11 2 9 7 13 3 17 5 6 20 12 
student 630: 4 8 16 18 2 19 20 9 15 3 6 13 11 1 7 5 10 14 17 12 
student 631: 8 3 16 19 4 17 6 14 15 12 13 11 9 5 20 2 10 18 1 7 
student 632: 16 6 18 12 11 17 5 20 1 3 4 2 15 13 8 9 7 19 14 10 
student 633: 19 7 6 10 2 20 13 5 17 1 8 4 12 11 9 18 3 14 16 15 
student 634: 8 1 18 14 17 4 13 19 15 20 2 5 12 7 16 6 3 9 10 11 
student 635: 17 9 14 19 15 10 6 13 20 2 7 3 11 12 16 5 4 1 18 8 
student 636: 11 1 10 20 19 6 5 14 4 12 7 2 13 18 15 16 8 9 17 3 
student 637: 20 1 8 17 11 15 5 9 10 13 14 7 6 3 12 16 19 2 4 18 
student 638: 14 8 19 15 5 4 16 13 6 7 12 11 1 3 17 10 20 9 18 2 
student 639: 14 3 8 12 16 18 5 10 4 6 11 2 1 19 17 13 7 15 9 20 
student 640: 12 15 3 17 6 4 14 13 18 19 7 11 10 8 2 5 1 9 20 16 
student 641: 19 5 17 18 16 15 13 20 1 8 10 4 11 7 12 6 3 9 14 2 
student 642: 20 1 16 18 13 17 19 9 10 12 6 2 14 5 4 3 8 11 7 15 
student 643: 16 7 13 14 19 6 10 5 1 15 8 3 11 12 9 2 20 17 18 4 
student 644: 20 19 6 16 11 5 3 18 14 2 1 4 17 7 15 8 9 10 12 13 
student 645: 19 2 7 18 17 16 9 4 10 8 11 1 12 5 3 6 13 15 14 20 
student 646: 12 3 1 8 5 20 7 17 13 9 2 6 11 14 10 18 4 19 16 15 
student 647: 18 15 19 14 4 12 16 2 6 20 17 9 10 5 8 11 13 1 7 3 
student 648: 20 19 9 15 12 18 1 3 2 13 11 4 6 8 17 7 16 10 14 5 
student 649: 6 10 14 19 4 20 11 15 5 18 2 16 7 12 17 1 13 8 3 9 
student 650: 15 1 14 12 19 13 4 5 2 18 9 3 20 10 6 8 7 11 16 17 
student 651: 12 14 17 18 3 7 1 6 19 11 4 10 15 16 9 2 13 20 8 5 
student 652: 19 3 14 15 7 18 1 6 9 10 11 4 20 2 8 16 12 5 17 13 
student 653: 8 11 12 19 3 20 4 13 15 10 1 6 9 5 18 7 17 2 16 14 
student 654: 19 11 15 20 8 5 10 1 4 14 7 13 12 6 16 9 2 17 18 3 
student 655: 13 6 18 16 20 14 10 15 1 19 7 5 2 9 17 4 12 8 3 11 
student 656: 18 13 7 15 9 6 17 20 10 16 12 14 1 2 19 8 4 5 11 3 
student 657: 17 12 19 13 20 3 14 9 6 18 10 16 8 1 5 7 15 11 4 2 
student 658: 14 1 8 12 19 10 15 20 3 9 16 6 4 7 11 13 2 17 5 18 
student 659: 16 9 13 20 7 17 1 10 8 12 6 3 11 2 19 14 5 18 15 4 
student 660: 17 15 16 12 8 11 4 20 10 19 7 1 18 9 3 2 5 14 13 6 
student 661: 13 12 15 18 3 7 9 8 6 16 17 2 5 11 19 4 20 10 14 1 
student 662: 14 8 15 6 10 5 13 18 9 19 11 1 20 4 7 3 2 16 12 17 
student 663: 18 2 13 19 11 20 1 10 16 17 4 3 12 15 5 8 7 9 14 6 
student 664: 6 12 19 17 1 11 10 15 7 2 9 3 14 13 20 8 18 5 4 16 
student 665: 10 15 12 17 20 7 16 5 6 1 11 4 13 8 19 2 18 14 3 9 
student 666: 9 1 8 20 19 3 12 18 5 16 2 11 4 15 6 13 10 14 17 7 
student 667: 19 2 11 15 7 13 3 10 17 20 4 14 18 5 9 6 1 8 16 12 
student 668: 15 1 20 5 11 19 12 14 17 2 9 6 8 7 16 13 3 4 18 10 
student 669: 16 13 20 14 2 19 5 10 3 6 12 4 8 18 9 17 1 15 11 7 
student 670: 11 2 6 16 19 13 7 12 17 10 8 5 18 9 15 3 20 1 4 14 
student 671: 10 1 3 4 2 14 6 19 13 9 7 16 20 5 12 11 8 17 15 18 
student 672: 15 4 20 9 16 5 11 14 10 18 1 7 6 17 3 12 8 13 19 2 
student 673: 5 2 15 17 18 16 13 20 1 11 10 6 9 12 14 3 7 8 4 19 
student 674: 20 2 1 13 12 16 14 3 18 9 5 8 19 7 6 10 17 15 11 4 
student 675: 11 5 2 20 7 9 3 13 8 17 4 14 1 18 15 6 10 12 19 16 
student 676: 6 9 14 17 7 19 1 13 3 16 2 4 11 10 12 15 8 5 18 20 
student 677: 17 11 9 2 13 19 5 16 14 4 8 6 20 12 18 3 1 10 7 15 
student 678: 14 5 19 17 10 8 2 3 15 11 20 9 16 4 13 7 18 6 1 12 
student 679: 17 12 19 9 5 8 15 2 16 1 11 3 6 20 14 13 10 7 18 4 
student 680: 7 6 18 17 10 4 9 12 2 15 19 5 20 14 1 8 3 11 16 13 
student 681: 14 6 20 16 11 4 2 15 17 5 12 8 9 1 19 18 10 13 3 7 
student 682: 15 18 13 19 6 11 3 8 2 16 4 10 14 12 9 7 17 5 20 1 
student 683: 10 5 9 4 11 1 16 15 7 17 3 2 6 14 18 12 13 20 19 8 
student 684: 15 5 1 10 14 18 6 19 4 9 17 7 20 3 12 8 11 16 2 13 
student 685: 18 10 6 8 14 15 9 5 11 16 12 2 7 17 19 20 4 13 1 3 
student 686: 14 9 20 11 5 4 13 19 7 8 1 17 10 6 18 3 2 12 16 15 
student 687: 20 1 7 6 19 10 2 18 8 17 13 4 14 15 9 11 5 16 12 3 
student 688: 16 9 3 8 17 11 12 19 1 20 2 14 10 5 13 4 6 7 15 18 
student 689: 14 7 20 17 16 2 4 11 5 10 19 1 8 18 13 6 3 12 9 15 
student 690: 11 13 15 10 19 4 14 1 16 20 5 3 2 6 18 12 8 17 9 7 
student 691: 7 1 19 14 3 17 13 16 12 8 5 11 6 4 2 20 9 18 15 10 
student 692: 18 4 2 20 19 14 11 5 3 17 9 10 1 7 13 8 6 12 16 15 
student 693: 8 4 17 2 19 14 10 18 9 3 7 1 15 16 20 12 11 13 5 6 
student 694: 19 1 3 2 11 8 16 17 18 6 9 4 12 10 7 5 15 13 20 14 
student 695: 7 18 13 12 20 17 10 6 4 11 1 5 8 2 16 9 3 15 14 19 
student 696: 2 7 11 13 6 17 1 16 8 14 3 9 15 12 18 19 5 10 20 4 
student 697: 7 12 5 15 19 14 17 1 3 6 16 2 9 18 20 8 13 4 10 11 
student 698: 19 1 14 20 2 11 15 17 10 6 12 7 9 3 13 8 5 4 16 18 
student 699: 18 11 13 20 9 6 5 16 4 14 19 1 8 2 15 12 3 10 17 7 
student 700: 20 13 6 16 5 19 11 15 4 9 2 18 3 1 8 12 10 14 17 7 
student 701: 4 7 3 16 20 11 1 19 12 15 10 6 14 17 18 9 13 8 5 2 
student 702: 16 19 7 9 15 14 11 17 6 4 1 2 13 18 8 12 10 3 5 20 
student 703: 15 6 11 20 16 5 17 9 1 3 10 2 4 12 14 7 8 18 19 13 
student 704: 7 20 6 15 1 16 9 17 8 14 18 4 3 11 19 12 13 5 10 2 
student 705: 9 17 13 11 3 12 7 4 14 15 1 10 5 20 18 2 6 8 19 16 
student 706: 12 8 15 18 3 17 7 20 6 9 11 10 14 4 2 1 5 19 16 13 
student 707: 14 20 12 18 3 19 4 7 5 6 9 2 13 10 16 1 15 11 8 17 
student 708: 10 9 8 14 18 7 1 12 2 17 15 3 16 20 5 4 11 6 19 13 
student 709: 5 3 8 18 2 9 11 15 10 14 1 7 17 16 12 6 13 4 20 19 
student 710: 17 13 15 11 9 16 5 20 3 6 10 8 2 7 14 1 4 18 12 19 
student 711: 18 4 1 20 17 5 13 16 19 14 3 6 8 11 15 7 10 9 12 2 
student 712: 20 17 13 19 6 16 8 18 10 11 5 2 7 15 12 3 1 9 4 14 
student 713: 20 6 11 17 12 13 9 16 7 15 3 14 8 1 4 2 18 5 10 19 
student 714: 18 5 7 19 14 20 8 10 6 9 13 3 15 12 4 1 17 16 11 2 
student 715: 13 8 11 16 14 20 1 7 4 15 6 5 10 9 17 3 2 12 18 19 
student 716: 12 13 3 7 15 10 18 19 5 2 20 4 17 16 9 1 14 8 11 6 
student 717: 6 13 10 12 18 17 5 9 14 20 4 15 1 16 2 3 8 7 19 11 
student 718: 14 19 20 18 11 3 9 13 17 1 15 4 10 5 6 2 7 8 16 12 
student 719: 15 5 13 18 1 16 12 11 19 17 14 3 2 7 6 9 10 4 20 8 
student 720: 15 1 2 19 14 5 11 16 8 10 7 12 13 4 20 3 6 18 17 9 
student 721: 5 14 4 11 15 12 20 9 2 7 19 10 8 13 18 6 1 3 17 16 
student 722: 8 4 18 13 15 20 12 7 9 16 5 6 3 17 19 14 2 1 11 10 
student 723: 15 8 9 19 10 20 6 18 2 17 14 12 13 16 4 3 5 1 7 11 
student 724: 19 3 17 11 1 14 20 9 13 10 12 4 15 8 16 6 7 5 18 2 
student 725: 18 2 12 16 17 15 7 14 1 8 10 3 19 5 6 20 4 11 9 13 
student 726: 8 10 12 19 18 20 7 9 2 17 1 16 6 4 5 14 3 13 15 11 
student 727: 11 5 12 19 17 15 13 9 2 14 4 6 10 20 3 1 18 7 16 8 
student 728: 4 8 10 15 1 14 12 16 17 20 7 6 5 2 11 3 19 18 13 9 
student 729: 8 7 17 10 6 9 15 13 18 19 11 2 16 5 3 4 1 14 20 12 
student 730: 20 19 12 13 15 18 16 14 6 4 5 2 11 7 8 10 9 1 17 3 
student 731: 18 7 19 17 9 10 1 20 2 5 15 4 14 6 13 11 3 12 16 8 
student 732: 19 16 12 14 2 18 7 17 9 6 4 3 5 1 8 13 11 10 15 20 
student 733: 13 19 14 20 15 18 5 3 8 7 1 9 4 6 11 2 12 16 17 10 
student 734: 19 9 18 12 15 16 3 20 8 10 4 1 11 2 5 17 13 7 14 6 
student 735: 17 8 9 2 14 3 18 20 5 13 7 11 10 6 16 4 1 15 19 12 
student 736: 19 8 10 4 6 5 12 11 1 18 14 15 7 17 3 13 2 16 9 20 
student 737: 1 9 6 14 19 20 13 15 7 8 11 5 2 12 3 4 16 18 10 17 
student 738: 11 4 17 12 14 15 13 3 7 6 2 1 5 16 19 20 10 18 8 9 
student 739: 20 7 11 18 12 4 8 19 10 17 1 5 9 2 3 15 16 13 14 6 
student 740: 20 13 2 14 16 11 18 9 4 19 6 1 7 15 17 12 5 10 3 8 
student 741: 11 2 12 14 4 5 15 7 20 16 9 6 10 3 18 1 17 13 8 19 
student 742: 15 18 14 16 13 4 7 20 6 8 9 11 10 3 19 2 1 5 12 17 
student 743: 20 17 14 1 19 12 11 6 2 9 16 7 8 18 13 10 5 4 15 3 
student 744: 11 1 7 8 12 10 15 18 6 9 19 20 2 14 17 4 5 3 16 13 
student 745: 19 10 15 18 13 20 1 4 3 16 6 2 9 11 17 5 8 7 14 12 
student 746: 17 15 12 20 14 1 16 10 2 13 7 4 9 3 11 6 5 19 18 8 
student 747: 6 18 16 1 14 10 20 17 13 15 3 12 4 11 9 8 2 19 7 5 
student 748: 12 7 4 1 19 18 13 2 10 17 6 5 16 15 20 3 14 11 8 9 
student 749: 19 16 17 20 8 9 5 1 4 14 10 3 15 2 18 12 7 11 6 13 
student 750: 13 8 17 10 5 14 12 15 11 3 1 16 6 7 2 20 19 4 9 18 
student 751: 6 5 1 14 19 20 9 18 8 4 17 11 10 2 15 13 3 12 16 7 
student 752: 16 17 7 2 15 12 5 19 20 14 6 13 11 9 18 1 3 8 10 4 
student 753: 14 5 8 20 15 18 19 17 3 9 2 1 7 4 10 11 6 16 13 12 
student 754: 3 7 9 18 15 6 5 16 11 20 14 1 10 17 13 8 4 12 19 2 
student 755: 10 4 8 18 16 17 3 15 7 11 1 5 2 9 13 19 6 14 20 12 
student 756: 6 17 4 9 5 14 16 20 8 10 3 1 7 13 18 15 11 2 19 12 
student 757: 9 14 3 18 10 19 13 1 2 11 16 6 15 8 17 4 20 5 12 7 
student 758: 16 6 11 14 18 17 7 8 13 9 2 3 12 1 20 4 15 5 10 19 
student 759: 16 18 6 15 2 7 8 10 9 20 3 1 14 17 4 12 5 13 11 19 
student 760: 17 6 19 18 2 11 13 3 14 12 5 4 16 10 8 9 20 1 15 7 
student 761: 16 4 13 11 10 20 5 1 2 18 17 7 6 3 19 14 8 9 15 12 
student 762: 8 20 2 15 1 14 10 3 13 11 4 17 7 9 16 6 5 18 12 19 
student 763: 14 15 17 6 16 19 12 9 8 20 11 2 3 1 4 13 7 5 18 10 
student 764: 13 1 11 16 10 15 5 20 8 17 7 2 4 14 9 3 6 19 12 18 
student 765: 19 2 6 12 14 11 5 20 8 3 10 7 18 9 17 1 16 4 15 13 
student 766: 15 13 2 19 14 5 4 17 3 20 16 11 8 1 10 7 6 9 12 18 
student 767: 5 15 18 19 13 20 2 6 9 8 4 3 12 11 16 1 17 10 7 14 
student 768: 13 12 20 19 18 4 5 15 6 11 14 2 10 9 17 3 16 7 1 8 
student 769: 16 3 9 12 19 14 7 15 5 10 20 2 18 1 11 4 13 8 6 17 
student 770: 20 1 7 12 9 16 14 8 13 2 17 11 3 15 18 4 10 6 19 5 
student 771: 19 8 2 20 14 16 18 11 1 4 12 6 3 5 7 17 10 13 9 15 
student 772: 4 9 16 8 10 20 5 12 6 14 3 2 17 11 19 15 18 1 7 13 
student 773: 6 15 19 12 20 17 5 13 1 3 2 8 9 10 11 4 16 7 18 14 
student 774: 15 12 3 6 16 8 11 13 5 17 10 7 1 18 9 2 14 4 19 20 
student 775: 16 11 10 12 9 20 7 17 5 14 2 15 3 8 19 1 13 18 6 4 
student 776: 16 3 9 14 17 19 13 18 1 12 20 7 15 8 6 10 4 2 11 5 
student 777: 2 13 20 9 5 1 7 12 10 17 3 18 19 14 15 4 6 8 16 11 
student 778: 18 6 16 7 15 19 10 2 4 11 20 12 9 5 8 3 1 13 17 14 
student 779: 18 8 10 6 5 20 2 4 12 13 14 15 16 3 7 9 1 19 17 11 
student 780: 10 6 7 5 19 2 4 14 8 20 11 9 18 15 12 3 13 16 17 1 
student 781: 9 7 11 5 4 1 20 10 2 15 6 3 16 8 14 12 17 19 13 18 
student 782: 18 8 2 20 14 19 11 6 1 16 9 10 4 12 15 3 7 5 17 13 
student 783: 16 4 13 6 9 11 19 1 18 20 8 2 14 10 15 17 7 5 12 3 
student 784: 16 5 7 13 20 19 2 15 14 6 4 18 3 11 17 1 9 12 10 8 
student 785: 16 2 11 19 17 18 13 7 10 4 15 9 6 3 5 8 12 1 14 20 
student 786: 10 7 6 8 2 20 17 14 9 16 4 1 15 18 5 3 19 12 13 11 
student 787: 19 2 18 7 15 13 17 12 8 6 10 1 4 5 16 9 11 20 3 14 
student 788: 15 6 20 17 14 9 1 7 11 3 16 2 13 12 4 10 8 5 18 19 
student 789: 18 7 13 14 6 16 20 9 1 8 5 3 12 11 19 17 10 2 15 4 
student 790: 18 6 1 13 14 9 5 10 2 3 8 11 17 19 7 15 12 16 4 20 
student 791: 17 2 3 18 12 13 5 10 4 20 8 15 16 6 11 7 1 9 14 19 
student 792: 16 9 2 20 3 15 17 1 6 13 11 7 14 4 18 12 8 10 19 5 
student 793: 9 14 7 3 15 19 6 17 10 5 8 4 18 11 20 13 1 16 2 12 
student 794: 7 18 15 19 16 17 3 14 20 13 4 6 11 8 5 9 1 2 10 12 
student 795: 15 14 11 7 8 20 3 13 2 9 1 17 5 16 19 6 10 12 18 4 
student 796: 10 1 7 17 15 5 18 3 9 20 6 12 19 2 8 4 13 11 14 16 
student 797: 14 4 12 10 16 18 6 13 17 15 11 3 7 8 9 1 2 5 19 20 
student 798: 6 15 10 18 17 9 2 19 16 7 12 3 5 1 14 13 4 11 8 20 
student 799: 17 2 14 15 11 10 8 19 9 16 6 3 13 4 18 12 5 1 20 7 
