student 0: 16 6 7 8 19 18 12 10 17 11 5 20 3 1 9 13 14 15 4 2 
student 1: 3 7 8 10 13 17 18 15 9 6 2 16 19 5 12 14 1 4 20 11 
student 2: 15 11 8 2 20 5 16 10 6 3 9 7 13 1 14 12 4 18 17 19 
student 3: 2 19 11 8 16 20 3 1 9 13 4 17 15 7 6 12 18 5 10 14 
student 4: 8 1 10 3 18 13 6 4 16 2 5 19 14 11 17 7 20 15 9 12 
student 5: 6 8 13 1 15 3 14 5 17 19 12 20 9 7 11 10 4 18 2 16 
student 6: 5 6 10 11 16 15 18 20 13 1 17 14 4 3 12 7 8 19 2 9 
student 7: 4 1 15 16 19 12 3 11 7 8 2 20 6 14 10 18 5 9 17 13 
student 8: 1 5 17 2 11 18 15 6 13 20 10 7 19 8 9 14 12 3 4 16 
student 9: 6 13 18 12 20 16 15 5 10 2 8 19 7 1 9 3 17 11 4 14 
student 10: 1 17 2 16 19 20 6 10 7 14 4 12 15 5 9 11 3 13 18 8 
student 11: 11 5 9 4 17 8 6 19 7 14 10 3 18 2 16 1 13 15 20 12 
student 12: 3 4 13 12 20 19 14 6 7 10 9 11 18 5 17 16 1 8 15 2 
student 13: 7 10 12 2 17 3 9 1 11 18 16 8 15 5 4 13 14 20 6 19 
student 14: 7 17 5 12 14 10 15 2 6 4 11 16 20 19 1 8 18 9 3 13 
student 15: 14 3 20 2 15 7 13 1 5 10 12 11 8 6 9 18 16 19 4 17 
student 16: 20 12 6 7 10 15 8 9 14 13 2 19 17 3 1 16 5 4 18 11 
student 17: 9 19 12 7 20 4 17 16 8 10 18 5 11 1 14 3 15 13 6 2 
student 18: 14 8 10 11 20 3 13 12 4 5 17 19 7 2 6 16 18 9 1 15 
student 19: 20 2 11 16 12 19 7 14 17 3 4 10 13 1 8 15 6 9 18 5 
student 20: 6 7 1 16 9 11 4 17 10 20 2 13 8 3 15 12 14 19 5 18 
student 21: 12 15 11 13 18 17 6 5 2 10 7 8 4 3 16 14 1 19 9 20 
student 22: 4 7 6 13 15 17 2 3 14 19 10 16 5 11 1 8 9 18 12 20 
student 23: 9 12 5 3 6 1 17 13 2 10 7 20 19 8 14 11 16 18 15 4 
student 24: 17 16 3 6 8 1 12 5 9 2 19 13 15 10 4 7 14 20 11 18 
student 25: 16 17 12 3 10 5 8 4 9 14 1 19 6 7 13 15 11 20 18 2 
student 26: 2 9 3 11 6 14 8 4 10 7 12 20 13 5 1 18 16 19 15 17 
student 27: 5 6 10 18 20 19 16 8 7 15 1 9 14 2 4 13 12 17 3 11 
student 28: 7 10 5 20 3 16 9 2 8 19 1 11 12 4 14 18 6 15 13 17 
student 29: 4 18 11 15 9 8 2 6 10 14 7 3 5 1 16 12 19 20 17 13 
student 30: 14 4 3 9 19 20 2 16 12 10 6 17 8 1 5 11 7 18 15 13 
student 31: 2 6 5 16 19 8 14 11 13 18 1 20 9 3 4 15 12 7 10 17 
student 32: 15 5 7 9 18 17 16 2 19 8 14 13 12 4 6 1 20 11 10 3 
student 33: 18 3 7 9 16 11 4 17 19 5 10 13 1 6 8 15 14 20 2 12 
student 34: 16 9 20 13 7 12 2 11 4 3 10 15 14 6 1 5 19 17 18 8 
student 35: 8 7 2 4 9 15 10 1 20 11 5 18 16 3 13 6 12 14 19 17 
student 36: 10 15 5 6 12 16 4 2 1 19 8 18 17 9 13 11 14 20 3 7 
student 37: 6 13 7 2 12 16 14 4 18 9 3 10 5 1 8 11 20 17 15 19 
student 38: 8 15 7 4 14 12 13 16 19 10 2 9 1 20 6 3 5 11 17 18 
student 39: 10 9 4 17 11 15 1 14 16 7 5 18 19 6 2 20 13 12 8 3 
student 40: 3 6 14 5 17 11 12 20 16 10 9 19 15 18 2 4 8 13 1 7 
student 41: 7 12 3 14 4 13 8 2 5 18 11 19 15 1 17 6 9 16 10 20 
student 42: 7 9 8 15 13 14 12 5 10 1 20 18 6 11 3 19 2 16 4 17 
student 43: 4 5 10 6 15 13 3 7 18 11 2 20 14 1 16 19 8 17 12 9 
student 44: 4 2 10 3 19 18 7 5 12 9 6 20 15 1 8 13 11 16 17 14 
student 45: 5 12 10 3 16 13 11 8 6 19 1 20 15 2 7 14 9 17 4 18 
student 46: 10 4 14 2 13 19 1 11 12 5 7 18 6 15 20 16 3 17 9 8 
student 47: 17 7 8 16 9 2 12 3 5 14 4 20 6 11 1 13 19 15 10 18 
student 48: 2 8 5 13 17 20 1 6 10 4 3 14 9 11 7 12 19 16 18 15 
student 49: 17 3 19 1 12 16 7 14 11 6 4 20 5 2 8 13 18 15 10 9 
student 50: 14 18 7 8 16 12 1 5 4 9 2 11 19 6 17 10 13 20 3 15 
student 51: 2 4 14 7 10 5 15 3 13 16 17 9 19 6 8 18 12 20 1 11 
student 52: 3 1 10 6 15 13 16 5 2 12 7 19 11 14 20 4 17 18 8 9 
student 53: 5 9 4 2 14 13 3 20 15 10 8 7 17 19 6 18 11 16 1 12 
student 54: 7 5 19 10 3 18 16 8 4 14 17 15 20 6 2 1 11 9 13 12 
student 55: 2 3 19 16 15 17 5 4 13 11 12 10 9 14 20 8 18 7 1 6 
student 56: 18 12 15 3 4 8 2 6 10 9 5 14 1 11 16 20 17 19 7 13 
student 57: 18 7 4 13 15 14 6 11 3 12 10 20 2 9 5 1 17 8 16 19 
student 58: 12 15 2 11 7 6 8 20 4 10 9 19 18 3 13 14 1 17 5 16 
student 59: 14 1 19 2 17 15 12 6 16 9 5 13 18 8 7 11 4 3 20 10 
student 60: 4 6 9 3 18 13 10 17 7 12 8 16 11 1 5 20 19 15 2 14 
student 61: 7 11 6 4 17 13 20 12 2 1 10 16 18 8 9 19 5 15 14 3 
student 62: 4 3 13 5 1 18 14 20 8 6 11 10 17 15 7 19 16 9 2 12 
student 63: 2 17 6 4 10 19 12 14 15 9 3 20 5 7 11 8 1 13 16 18 
student 64: 19 10 15 5 20 14 2 9 16 6 4 12 18 11 3 1 8 7 13 17 
student 65: 1 3 2 16 12 18 8 7 9 20 4 11 15 13 14 17 10 6 5 19 
student 66: 15 6 1 14 9 13 8 11 4 16 5 19 18 17 7 12 10 3 2 20 
student 67: 19 2 18 12 17 9 14 7 20 16 1 5 8 13 6 10 4 11 3 15 
student 68: 7 6 15 13 12 2 10 4 8 20 1 19 14 16 3 5 18 9 11 17 
student 69: 2 8 9 4 20 15 6 16 14 12 13 18 5 1 7 3 11 17 10 19 
student 70: 2 4 17 7 19 13 8 9 16 3 6 14 12 1 15 5 10 11 18 20 
student 71: 8 12 18 4 7 11 9 13 5 3 20 17 16 1 19 10 15 2 6 14 
student 72: 3 9 12 18 19 11 20 17 7 2 4 13 8 14 5 10 16 15 6 1 
student 73: 3 15 18 11 13 2 12 9 16 20 6 17 8 4 1 19 10 14 5 7 
student 74: 13 7 5 15 19 14 6 8 18 11 4 9 1 17 12 2 10 20 3 16 
student 75: 4 6 14 7 13 20 10 1 11 17 2 12 8 18 15 9 3 16 5 19 
student 76: 6 1 14 7 18 19 13 8 5 2 9 12 16 15 3 20 4 17 11 10 
student 77: 16 19 12 18 14 11 9 1 8 10 13 17 5 2 7 6 20 15 3 4 
student 78: 15 20 10 5 3 12 11 14 4 6 2 7 19 16 13 8 17 1 18 9 
student 79: 11 19 9 2 18 17 13 10 15 3 5 14 20 1 7 4 12 8 6 16 
student 80: 6 12 3 8 15 13 9 10 1 17 2 19 16 11 5 18 4 14 7 20 
student 81: 3 10 14 8 7 9 17 13 16 20 2 4 1 5 6 18 15 19 11 12 
student 82: 6 1 7 10 8 13 12 3 11 2 18 9 15 17 5 4 14 19 16 20 
student 83: 3 9 10 2 4 13 6 8 12 18 1 15 17 5 11 20 14 16 19 7 
student 84: 15 3 13 8 4 18 6 7 19 17 1 20 10 5 2 12 11 14 16 9 
student 85: 15 13 4 9 19 3 5 14 10 6 1 11 2 12 17 7 16 20 18 8 
student 86: 19 10 5 2 18 8 3 11 4 13 1 20 16 15 6 7 17 9 14 12 
student 87: 2 3 12 6 18 17 8 10 15 14 5 4 9 1 16 11 13 7 20 19 
student 88: 8 3 12 11 16 6 15 4 17 5 9 20 19 2 1 13 14 7 10 18 
student 89: 9 6 19 11 3 7 15 1 13 4 2 10 20 5 14 16 17 12 8 18 
student 90: 2 10 4 18 20 19 3 11 17 6 5 12 14 9 8 13 15 7 16 1 
student 91: 7 4 18 3 13 8 6 5 17 14 2 10 11 1 9 19 16 12 20 15 
student 92: 17 14 15 1 20 10 5 12 8 11 18 13 9 4 19 7 6 2 3 16 
student 93: 2 12 13 1 4 7 19 9 16 10 15 20 18 5 8 17 11 14 3 6 
student 94: 15 13 4 17 16 20 10 8 6 14 1 12 11 2 9 5 7 19 3 18 
student 95: 2 6 1 9 12 8 10 5 3 4 17 11 20 7 13 15 18 19 16 14 
student 96: 3 12 13 15 11 9 7 1 18 5 19 14 8 4 10 17 20 2 6 16 
student 97: 4 14 11 9 8 6 13 16 3 15 1 19 2 10 20 17 7 18 5 12 
student 98: 15 19 2 10 20 6 3 7 12 9 1 18 14 5 8 11 4 16 17 13 
student 99: 2 9 18 8 16 13 12 6 20 7 1 14 17 5 4 10 11 19 3 15 
student 100: 13 2 20 11 19 5 9 18 14 12 3 8 16 4 7 15 6 10 17 1 
student 101: 14 3 13 7 4 1 8 9 10 12 5 16 2 11 18 6 19 15 20 17 
student 102: 15 3 2 7 20 8 6 13 9 12 1 19 14 5 4 16 11 17 10 18 
student 103: 13 5 7 6 14 3 15 8 19 2 16 10 12 20 1 9 11 18 17 4 
student 104: 1 9 16 10 3 19 5 8 6 7 2 14 20 13 4 18 11 15 17 12 
student 105: 9 2 7 1 19 8 13 6 16 4 20 5 3 17 11 15 14 18 10 12 
student 106: 7 19 12 2 18 8 5 10 4 16 9 11 15 3 14 17 1 13 20 6 
student 107: 3 11 8 10 9 1 18 7 16 6 13 14 17 2 19 12 15 4 20 5 
student 108: 1 7 10 15 20 9 16 17 13 3 11 18 2 6 12 14 19 8 5 4 
student 109: 8 5 13 1 17 16 14 12 7 6 2 9 18 15 11 20 3 4 10 19 
student 110: 2 3 4 9 15 6 8 10 13 19 16 11 18 7 12 20 1 14 5 17 
student 111: 9 12 2 18 11 15 13 7 20 19 4 17 8 1 16 14 3 5 10 6 
student 112: 8 10 9 4 1 18 17 6 3 15 13 11 7 5 2 16 20 12 19 14 
student 113: 16 1 5 13 12 6 10 4 15 8 3 18 7 9 11 19 2 20 17 14 
student 114: 1 20 13 15 10 11 3 4 12 2 7 6 17 16 18 19 9 5 8 14 
student 115: 10 2 20 18 15 4 14 8 7 13 11 9 5 17 6 12 16 19 3 1 
student 116: 9 3 15 10 4 18 1 20 14 8 11 7 6 2 5 13 19 16 17 12 
student 117: 10 1 7 6 14 3 4 17 8 12 2 20 9 16 15 11 19 18 13 5 
student 118: 1 7 3 12 19 20 14 11 5 9 6 16 15 8 2 17 10 13 18 4 
student 119: 3 1 4 6 18 19 10 13 17 14 9 15 7 5 12 8 11 20 2 16 
student 120: 19 4 1 8 20 17 15 12 2 6 18 13 14 9 11 3 5 10 16 7 
student 121: 4 17 6 3 15 9 18 19 1 13 7 11 10 16 2 20 14 8 12 5 
student 122: 4 15 11 20 13 18 1 7 6 3 2 16 12 5 14 17 19 8 9 10 
student 123: 6 12 14 19 9 7 3 1 13 11 8 18 17 2 4 15 10 16 5 20 
student 124: 14 20 8 3 16 11 5 4 15 9 18 12 2 1 13 19 10 6 17 7 
student 125: 3 2 7 11 8 6 10 17 12 18 9 14 13 4 1 5 20 15 16 19 
student 126: 8 16 13 4 12 7 14 6 18 10 5 17 9 3 2 1 11 20 19 15 
student 127: 5 7 19 10 4 6 13 1 20 15 18 9 16 12 2 8 3 14 11 17 
student 128: 11 16 10 3 1 18 2 6 4 19 13 8 14 15 9 7 5 17 20 12 
student 129: 2 11 5 9 15 18 17 4 12 14 6 8 13 19 3 16 1 20 10 7 
student 130: 3 4 1 5 14 19 11 17 7 18 20 10 13 2 12 16 9 15 8 6 
student 131: 14 3 20 4 15 16 11 18 8 13 2 9 12 6 10 1 19 5 7 17 
student 132: 16 8 9 6 10 17 1 11 7 12 19 15 14 2 13 4 5 3 20 18 
student 133: 4 3 20 2 18 11 12 15 1 6 10 13 14 5 9 17 8 19 7 16 
student 134: 8 1 4 15 19 14 11 17 13 6 7 18 5 9 3 20 16 10 2 12 
student 135: 4 11 10 17 13 16 1 2 7 15 5 18 19 6 12 14 3 20 8 9 
student 136: 3 1 16 10 13 7 19 4 5 17 14 20 18 8 2 15 6 11 9 12 
student 137: 6 4 14 9 10 19 2 5 16 11 3 15 12 8 13 17 20 7 1 18 
student 138: 3 4 16 20 8 15 13 11 6 10 7 18 1 9 2 12 5 19 17 14 
student 139: 2 5 4 7 12 16 17 10 20 18 13 15 19 3 1 11 9 8 6 14 
student 140: 5 1 6 10 17 4 7 8 18 3 9 20 16 2 11 14 13 19 15 12 
student 141: 5 6 9 3 17 20 18 8 19 7 11 12 14 4 2 16 15 1 13 10 
student 142: 7 9 1 19 20 17 14 13 18 3 6 5 2 15 8 12 10 16 11 4 
student 143: 9 6 12 20 19 17 3 4 16 10 1 15 13 14 5 8 7 11 2 18 
student 144: 20 7 11 15 17 2 6 13 5 10 3 19 9 18 1 4 8 12 16 14 
student 145: 5 7 16 13 3 6 18 12 8 19 4 11 10 1 2 9 20 15 14 17 
student 146: 4 15 10 5 2 14 18 3 7 11 17 12 13 9 16 8 6 1 19 20 
student 147: 10 16 19 5 6 9 12 14 13 3 4 8 7 11 2 20 18 15 1 17 
student 148: 2 5 6 10 9 17 18 7 12 11 13 15 8 1 4 3 20 19 14 16 
student 149: 3 4 6 10 2 18 12 14 9 16 13 20 5 19 11 7 1 15 8 17 
student 150: 1 15 3 18 20 4 19 13 9 16 12 6 11 5 14 2 10 8 7 17 
student 151: 1 13 5 12 20 18 6 10 17 16 4 8 15 9 2 19 11 14 7 3 
student 152: 13 11 8 6 16 15 3 2 12 10 17 18 1 7 9 4 5 14 19 20 
student 153: 20 6 16 19 10 8 14 15 5 12 3 9 4 1 7 2 11 17 18 13 
student 154: 10 8 7 3 20 13 1 14 2 16 6 17 5 9 11 19 12 4 15 18 
student 155: 12 6 18 11 17 9 10 14 7 13 19 1 2 8 4 20 15 5 16 3 
student 156: 8 13 18 19 3 20 11 4 2 9 7 12 17 10 5 16 6 14 15 1 
student 157: 3 2 14 19 16 10 4 13 7 5 17 9 18 1 15 12 8 20 6 11 
student 158: 5 3 7 8 20 1 17 4 6 11 16 9 19 15 13 2 10 12 14 18 
student 159: 5 20 1 16 19 9 13 2 18 7 17 10 14 11 3 6 12 15 4 8 
student 160: 19 7 4 5 13 18 2 3 6 9 16 14 15 8 17 10 11 20 12 1 
student 161: 1 5 10 9 18 15 7 14 3 6 13 20 16 4 8 19 17 11 12 2 
student 162: 19 5 20 12 15 14 9 3 4 2 6 1 8 10 7 18 13 11 17 16 
student 163: 15 1 4 7 14 16 11 9 6 3 13 20 12 2 17 18 10 5 8 19 
student 164: 1 6 20 16 19 18 13 3 10 15 8 9 5 2 4 11 17 14 12 7 
student 165: 4 2 5 18 19 14 3 1 8 7 6 10 17 11 12 9 16 15 13 20 
student 166: 9 20 11 7 12 17 10 16 2 4 1 19 6 3 15 5 14 18 8 13 
student 167: 2 14 11 12 16 15 3 6 10 19 1 18 9 8 7 20 13 5 4 17 
student 168: 4 9 13 1 10 16 14 5 19 17 7 2 15 11 12 3 6 8 20 18 
student 169: 10 5 2 14 4 1 9 19 6 12 11 16 17 3 8 20 13 7 15 18 
student 170: 7 8 16 20 6 17 9 15 1 12 4 18 14 11 3 19 13 2 10 5 
student 171: 5 10 2 18 6 8 17 16 4 1 15 9 11 20 14 13 7 12 3 19 
student 172: 3 14 1 11 13 19 4 7 17 15 16 20 18 2 9 10 5 12 6 8 
student 173: 12 2 19 15 7 11 6 10 8 16 3 5 13 4 9 18 14 17 1 20 
student 174: 13 5 19 1 9 17 7 8 20 3 15 6 12 16 11 4 10 18 2 14 
student 175: 4 16 1 7 20 2 3 8 13 11 14 6 18 19 9 5 17 10 12 15 
student 176: 12 13 9 11 10 17 5 2 18 14 6 19 7 1 4 20 15 8 16 3 
student 177: 8 19 17 10 5 20 3 7 11 2 9 16 12 1 14 13 15 4 6 18 
student 178: 15 13 2 3 5 16 7 17 11 20 8 4 6 1 10 12 14 18 9 19 
student 179: 16 3 15 8 14 10 11 12 9 20 18 5 4 6 2 7 13 1 19 17 
student 180: 3 5 4 1 15 6 11 12 16 18 7 17 10 9 2 20 14 8 13 19 
student 181: 9 12 7 2 19 15 4 3 16 20 17 14 5 1 11 8 13 6 10 18 
student 182: 5 14 1 19 11 20 12 18 9 8 16 6 4 2 3 17 7 15 13 10 
student 183: 3 12 16 7 8 19 11 10 13 4 5 15 6 1 18 20 2 14 9 17 
student 184: 15 1 2 10 17 16 19 4 5 9 8 6 20 3 12 13 14 18 11 7 
student 185: 6 2 16 11 18 14 19 5 12 20 9 3 15 7 8 10 1 13 4 17 
student 186: 6 8 3 13 20 18 16 2 17 10 1 19 14 4 7 9 11 5 12 15 
student 187: 3 11 2 5 15 12 10 8 17 1 16 13 19 4 7 20 14 9 6 18 
student 188: 9 10 20 4 11 7 8 19 15 5 6 18 13 12 3 16 14 2 1 17 
student 189: 18 14 8 13 16 2 10 3 5 1 17 19 7 11 15 6 9 20 12 4 
student 190: 3 12 14 11 15 4 6 1 9 16 8 20 18 10 2 7 19 13 5 17 
student 191: 2 5 19 10 17 11 1 13 18 4 9 8 16 3 12 14 7 15 6 20 
student 192: 19 17 15 4 16 13 14 1 10 5 6 18 9 20 12 7 8 2 11 3 
student 193: 2 9 8 17 12 5 6 4 20 10 16 14 7 13 1 19 3 15 18 11 
student 194: 1 3 10 8 4 2 19 7 17 11 9 16 18 5 6 15 20 12 14 13 
student 195: 5 17 1 19 13 8 6 18 15 4 3 16 10 2 9 11 20 12 7 14 
student 196: 2 16 7 17 4 18 5 13 11 19 12 20 1 15 6 10 3 8 14 9 
student 197: 17 8 7 1 2 11 18 14 19 3 15 13 20 4 5 10 12 16 6 9 
student 198: 8 20 7 10 17 15 11 18 6 13 1 12 14 3 16 19 5 2 9 4 
student 199: 5 6 9 20 19 8 1 18 4 10 13 16 7 15 14 17 3 11 12 2 
student 200: 2 10 9 7 18 12 19 1 16 11 8 4 5 20 3 17 14 6 15 13 
student 201: 4 3 12 18 10 13 2 11 16 6 1 19 14 8 15 5 20 17 7 9 
student 202: 2 17 3 15 11 19 6 13 8 7 12 10 14 4 5 18 9 1 16 20 
student 203: 16 4 6 8 20 9 7 14 19 18 5 17 15 10 13 1 12 2 3 11 
student 204: 16 6 5 13 18 4 12 17 8 9 7 20 10 15 1 14 19 2 11 3 
student 205: 3 2 14 20 15 12 18 7 8 9 4 13 10 6 5 16 11 17 19 1 
student 206: 7 15 4 3 19 11 12 13 16 2 10 9 5 6 1 20 18 14 8 17 
student 207: 4 10 1 2 19 8 12 9 11 6 3 15 5 7 14 18 20 16 17 13 
student 208: 6 3 8 2 16 18 13 12 10 4 9 11 5 1 20 19 15 7 14 17 
student 209: 3 1 8 5 17 19 4 13 6 14 11 18 9 2 7 16 10 15 20 12 
student 210: 3 10 6 1 15 16 14 2 9 11 4 19 18 8 5 13 17 12 7 20 
student 211: 2 3 9 6 20 4 10 5 18 17 8 13 11 1 15 12 7 19 14 16 
student 212: 10 1 7 9 18 16 17 2 4 20 6 11 13 5 3 14 15 12 8 19 
student 213: 12 4 5 10 20 18 16 2 17 8 14 19 11 1 6 13 7 15 3 9 
student 214: 3 7 14 17 2 5 11 1 9 13 6 20 15 16 4 8 18 12 10 19 
student 215: 5 1 12 4 8 14 7 17 13 16 9 20 19 2 10 15 6 3 11 18 
student 216: 2 6 5 19 20 16 8 1 9 17 7 11 12 13 4 14 3 10 18 15 
student 217: 11 13 7 5 17 15 9 3 14 4 2 16 12 1 6 8 18 19 10 20 
student 218: 4 11 7 3 8 14 13 2 20 12 10 15 19 1 16 17 5 9 18 6 
student 219: 9 7 8 13 18 4 6 3 14 16 11 10 17 2 1 15 19 20 12 5 
student 220: 1 5 10 7 12 15 6 2 11 14 20 18 17 8 4 16 13 19 9 3 
student 221: 12 2 11 17 18 10 16 4 3 15 1 6 5 8 7 19 9 20 13 14 
student 222: 3 19 17 10 20 15 5 4 2 14 12 18 13 6 1 16 7 11 8 9 
student 223: 4 11 6 13 19 17 15 12 8 20 16 7 2 5 10 18 3 9 1 14 
student 224: 5 4 9 15 19 20 13 16 6 1 10 17 12 2 8 11 14 18 7 3 
student 225: 15 4 2 13 18 16 12 5 14 11 1 17 19 3 6 7 9 10 8 20 
student 226: 3 12 15 14 20 18 10 13 5 7 8 19 2 1 4 16 11 6 9 17 
student 227: 4 8 5 9 18 11 19 2 13 10 7 14 16 3 6 20 17 15 1 12 
student 228: 7 12 3 19 17 10 20 16 13 5 18 15 14 8 11 2 6 9 4 1 
student 229: 10 1 5 3 14 19 17 12 6 8 4 18 20 7 2 13 9 16 11 15 
student 230: 10 4 12 6 19 16 15 11 9 8 2 7 17 13 1 14 3 18 20 5 
student 231: 2 4 19 10 7 17 1 14 12 18 8 15 9 3 6 5 20 13 11 16 
student 232: 3 19 4 7 11 16 5 9 6 13 15 20 2 1 12 10 17 8 14 18 
student 233: 4 14 20 2 11 5 13 7 12 10 9 17 1 8 3 18 16 15 19 6 
student 234: 10 17 11 6 14 18 3 4 13 9 1 20 12 2 8 7 16 15 19 5 
student 235: 2 18 11 8 1 9 7 10 12 16 3 19 20 5 14 15 13 4 17 6 
student 236: 2 6 16 20 19 7 3 13 15 1 4 11 10 12 8 5 17 9 18 14 
student 237: 3 11 10 4 15 8 19 18 14 1 2 9 12 5 17 7 16 6 20 13 
student 238: 5 15 11 17 7 13 8 4 1 16 14 10 2 3 12 9 20 18 6 19 
student 239: 11 13 2 14 6 17 3 7 4 18 20 15 16 1 5 9 10 12 8 19 
student 240: 2 1 6 11 9 7 10 17 13 4 15 19 5 8 3 12 14 20 18 16 
student 241: 3 16 1 2 19 5 12 6 13 10 9 17 20 8 4 7 14 11 15 18 
student 242: 9 13 15 3 18 20 2 6 12 17 1 10 14 7 4 8 19 11 5 16 
student 243: 5 2 12 4 13 8 11 9 19 15 3 16 18 10 14 20 1 7 6 17 
student 244: 8 4 9 2 15 20 14 11 1 17 10 7 19 3 5 13 18 16 12 6 
student 245: 7 4 10 8 3 19 17 5 12 15 11 16 9 1 6 18 20 14 2 13 
student 246: 9 3 5 15 10 11 1 12 2 18 17 16 6 4 7 8 14 19 13 20 
student 247: 8 1 7 13 20 17 14 2 4 16 15 5 3 6 18 10 9 11 12 19 
student 248: 10 13 1 17 8 11 4 2 7 12 5 16 14 3 15 19 9 6 20 18 
student 249: 20 2 4 7 18 13 6 5 19 15 1 17 8 11 14 16 9 10 3 12 
student 250: 3 7 11 18 14 13 20 19 2 9 8 17 1 6 10 12 15 5 4 16 
student 251: 17 10 12 5 20 9 2 14 7 11 6 19 13 3 8 18 15 16 4 1 
student 252: 17 12 9 2 14 6 5 20 16 10 7 19 11 3 13 4 8 15 1 18 
student 253: 12 17 7 14 13 15 8 3 19 4 10 16 9 2 6 20 5 18 1 11 
student 254: 17 7 15 11 20 2 13 8 19 10 5 18 14 16 4 1 6 3 12 9 
student 255: 19 12 7 10 20 6 11 8 3 18 9 17 14 1 15 16 13 4 2 5 
student 256: 14 1 2 13 19 16 4 5 8 6 18 12 9 7 3 11 17 10 15 20 
student 257: 9 3 13 15 17 6 12 11 20 19 5 16 4 8 7 2 18 10 1 14 
student 258: 19 8 15 9 16 10 5 12 11 13 6 20 18 4 1 2 14 3 7 17 
student 259: 9 2 1 10 6 13 19 5 12 16 3 20 14 4 11 7 18 15 8 17 
student 260: 16 1 19 11 4 3 18 5 12 20 14 10 17 2 7 9 13 6 8 15 
student 261: 16 1 17 9 15 18 4 7 3 13 19 20 2 6 11 5 12 14 8 10 
student 262: 2 4 5 14 20 3 11 9 16 8 17 19 12 7 1 6 15 18 10 13 
student 263: 9 4 6 11 16 13 15 10 5 3 7 20 19 1 14 18 12 8 2 17 
student 264: 2 12 8 1 17 3 14 9 13 11 7 15 20 4 6 19 16 18 5 10 
student 265: 11 16 3 1 10 20 6 13 9 8 5 17 4 2 14 12 15 19 18 7 
student 266: 3 8 20 14 13 19 7 5 12 6 11 18 9 2 4 17 16 15 1 10 
student 267: 6 19 17 12 14 8 1 18 3 5 10 20 15 2 16 13 11 7 4 9 
student 268: 1 12 20 11 18 14 4 13 10 3 6 9 15 19 5 2 17 16 7 8 
student 269: 10 2 11 16 17 19 9 4 3 8 1 14 12 6 20 15 13 7 18 5 
student 270: 13 3 7 17 10 1 16 18 6 9 4 11 8 14 2 19 12 15 20 5 
student 271: 16 15 11 19 6 13 12 1 8 18 7 20 17 3 4 5 2 14 10 9 
student 272: 16 17 8 6 15 11 1 5 19 2 13 7 18 12 3 10 9 20 4 14 
student 273: 11 13 9 14 17 3 4 16 20 6 2 10 5 18 8 15 19 1 12 7 
student 274: 9 3 18 8 13 20 10 14 2 4 5 19 7 17 12 11 6 15 16 1 
student 275: 5 8 16 11 18 2 7 4 12 20 9 13 19 1 10 3 6 17 14 15 
student 276: 1 4 2 8 20 13 7 10 12 9 5 19 11 6 3 18 17 15 14 16 
student 277: 7 13 18 11 17 16 4 10 8 19 15 14 12 5 2 6 1 9 3 20 
student 278: 3 11 12 10 14 20 5 1 7 18 19 17 2 8 4 15 13 16 6 9 
student 279: 6 7 5 11 20 16 17 4 18 15 2 19 9 3 14 13 10 1 8 12 
student 280: 1 12 7 2 17 13 10 19 11 9 16 8 6 14 3 4 5 20 18 15 
student 281: 2 11 6 15 20 12 5 7 17 9 4 10 13 16 1 14 18 3 8 19 
student 282: 7 10 4 2 19 9 5 12 1 15 11 16 8 18 14 3 20 6 17 13 
student 283: 13 10 18 2 20 9 8 3 19 11 5 15 16 7 1 4 12 14 6 17 
student 284: 1 8 7 13 12 6 20 3 9 17 15 5 16 2 4 10 14 18 11 19 
student 285: 3 16 14 7 9 17 6 11 8 2 4 13 12 5 10 1 15 18 19 20 
student 286: 11 2 12 4 20 18 16 9 13 5 10 19 15 6 14 7 17 3 1 8 
student 287: 8 2 13 12 1 10 19 5 18 3 7 20 11 9 4 16 6 14 15 17 
student 288: 9 2 11 14 16 8 15 4 7 19 1 18 6 5 3 17 10 20 13 12 
student 289: 12 9 1 4 16 14 2 11 19 13 15 5 10 6 20 3 18 7 8 17 
student 290: 4 2 6 7 17 5 3 9 14 20 8 16 10 15 13 18 11 19 12 1 
student 291: 8 5 9 13 17 1 11 4 10 3 19 7 15 6 16 14 18 2 12 20 
student 292: 3 9 16 15 2 7 11 4 19 13 8 1 20 6 18 12 17 10 5 14 
student 293: 1 3 16 5 17 13 19 8 2 14 10 15 12 6 4 20 18 7 9 11 
student 294: 8 3 20 13 4 11 18 7 16 17 12 14 2 6 1 5 9 10 19 15 
student 295: 11 6 5 2 20 12 4 3 13 7 14 16 15 9 1 17 19 18 8 10 
student 296: 3 4 10 8 17 7 11 15 14 12 5 16 19 13 6 18 2 20 1 9 
student 297: 7 15 12 5 8 13 2 1 20 3 19 18 17 4 10 14 11 16 6 9 
student 298: 4 7 12 9 11 18 17 5 1 13 19 16 15 3 2 20 14 6 8 10 
student 299: 6 14 1 18 5 9 11 10 3 7 13 20 19 4 8 12 16 15 2 17 
student 300: 6 9 4 12 16 14 19 15 5 18 2 1 13 3 17 7 8 10 11 20 
student 301: 1 10 5 4 18 13 9 15 8 6 3 19 11 7 2 12 20 14 16 17 
student 302: 4 18 1 15 17 12 20 5 8 3 7 14 6 2 16 13 11 10 9 19 
student 303: 11 12 19 4 14 2 5 8 20 16 1 15 3 13 10 7 18 9 6 17 
student 304: 9 4 11 1 10 16 3 7 18 5 12 15 19 2 13 6 14 20 8 17 
student 305: 16 1 2 3 15 19 5 20 18 13 4 6 10 9 8 17 12 11 7 14 
student 306: 3 15 12 20 8 14 18 9 6 10 5 19 13 7 2 4 16 1 11 17 
student 307: 6 9 18 8 17 20 15 2 14 3 12 13 10 7 11 19 1 4 5 16 
student 308: 11 9 3 1 7 13 15 5 2 16 18 19 12 4 10 6 20 17 8 14 
student 309: 2 3 11 12 18 19 13 10 7 15 6 8 17 5 4 9 14 1 20 16 
student 310: 1 9 12 8 15 13 6 20 10 5 16 19 11 3 4 7 14 17 2 18 
student 311: 2 9 1 4 16 8 11 17 14 6 13 18 15 12 7 19 3 20 10 5 
student 312: 1 7 3 13 17 9 15 6 16 5 8 10 19 4 2 14 12 11 18 20 
student 313: 1 18 5 11 13 14 6 2 4 10 12 7 16 8 20 3 15 19 9 17 
student 314: 4 16 3 18 17 19 7 10 9 14 20 15 5 6 8 12 2 13 1 11 
student 315: 6 9 7 8 17 16 14 13 3 10 2 19 15 1 5 11 4 12 18 20 
student 316: 5 11 2 17 18 13 3 14 9 4 19 1 12 8 7 6 16 10 15 20 
student 317: 5 6 15 20 13 11 2 10 1 7 9 18 16 3 8 14 12 19 4 17 
student 318: 5 2 15 7 20 9 12 14 8 11 1 18 13 6 3 17 19 4 16 10 
student 319: 10 2 17 11 12 16 5 8 14 20 3 15 13 6 7 9 4 19 18 1 
student 320: 7 18 10 2 19 16 3 9 6 20 1 5 13 4 8 11 12 14 17 15 
student 321: 2 16 6 15 8 19 3 7 17 4 11 13 5 1 14 20 9 12 10 18 
student 322: 8 13 17 3 16 11 4 14 9 6 5 18 19 2 7 1 15 20 12 10 
student 323: 8 17 12 5 9 19 4 18 13 1 3 7 20 10 2 15 11 16 6 14 
student 324: 6 16 11 3 14 15 18 19 5 9 4 13 12 1 8 2 7 10 17 20 
student 325: 9 1 8 19 20 3 2 4 18 11 7 12 13 6 5 15 16 10 14 17 
student 326: 17 15 2 6 13 7 1 5 8 14 3 10 20 16 11 12 9 4 19 18 
student 327: 19 17 10 3 13 20 9 4 7 6 8 16 12 1 2 15 5 14 11 18 
student 328: 12 19 4 5 7 20 8 11 9 2 1 15 10 16 3 17 18 14 13 6 
student 329: 2 20 4 10 1 5 18 3 11 12 9 7 15 14 16 17 8 19 6 13 
student 330: 8 5 2 1 15 20 17 14 16 11 3 12 9 6 10 4 13 7 19 18 
student 331: 14 11 13 15 19 9 1 6 16 10 8 20 17 7 3 18 2 4 5 12 
student 332: 19 2 4 9 8 15 14 20 16 7 3 17 10 1 5 13 11 18 12 6 
student 333: 15 1 5 10 18 19 4 2 14 16 3 8 20 7 6 11 17 13 12 9 
student 334: 12 3 4 10 8 19 7 9 17 11 15 16 2 1 6 14 5 18 13 20 
student 335: 10 8 11 1 19 7 17 4 20 16 2 5 3 6 13 18 9 15 12 14 
student 336: 11 12 9 6 7 10 3 13 15 14 4 17 5 8 2 1 18 19 16 20 
student 337: 11 8 14 9 17 18 13 7 6 10 5 20 19 2 1 15 16 4 3 12 
student 338: 13 6 19 12 15 3 8 9 18 16 2 20 5 7 1 11 10 17 4 14 
student 339: 2 12 3 18 15 7 9 11 20 16 1 10 5 8 13 4 17 6 14 19 
student 340: 20 2 18 9 8 3 4 16 17 10 12 5 15 19 7 11 13 1 6 14 
student 341: 4 2 6 5 14 19 10 8 18 16 7 20 12 9 1 17 11 15 13 3 
student 342: 11 4 5 19 20 7 3 1 17 10 12 14 18 8 6 15 13 16 2 9 
student 343: 9 11 5 20 10 15 3 8 14 19 12 6 1 2 7 17 16 13 4 18 
student 344: 2 1 8 19 5 15 6 4 3 9 13 12 16 11 14 18 7 17 10 20 
student 345: 5 17 18 7 16 19 15 4 10 12 6 20 2 13 8 3 14 11 9 1 
student 346: 3 5 1 11 10 18 19 14 7 12 2 6 16 4 20 8 15 13 9 17 
student 347: 4 7 12 9 20 19 13 16 3 10 8 11 6 2 1 14 15 17 5 18 
student 348: 18 11 4 15 12 5 17 3 8 16 13 7 10 14 6 9 2 19 1 20 
student 349: 1 2 14 17 19 9 11 5 16 6 13 20 10 3 4 12 7 15 8 18 
student 350: 4 2 20 9 16 3 1 13 12 19 18 17 6 11 14 5 15 7 10 8 
student 351: 8 12 3 11 9 19 2 5 1 7 4 18 20 10 6 15 14 13 16 17 
student 352: 20 6 8 7 12 3 11 9 15 17 4 10 2 1 14 5 16 13 19 18 
student 353: 13 7 4 10 14 19 15 1 9 2 12 11 5 20 6 3 8 18 17 16 
student 354: 1 8 10 12 16 7 18 9 19 15 5 20 14 4 2 3 6 11 13 17 
student 355: 2 13 11 5 19 12 6 10 17 7 16 3 8 15 1 4 20 18 14 9 
student 356: 4 10 19 7 17 15 8 3 5 2 1 12 14 6 18 16 9 20 11 13 
student 357: 16 9 6 1 13 2 17 8 15 10 7 14 19 11 4 12 5 18 20 3 
student 358: 3 9 1 8 20 17 10 11 18 14 5 16 15 13 4 2 6 19 7 12 
student 359: 6 12 8 1 17 10 4 18 16 15 14 20 11 5 7 3 13 9 2 19 
student 360: 3 6 14 16 5 8 10 4 15 17 1 20 11 12 9 7 13 19 2 18 
student 361: 6 18 5 9 4 7 3 8 17 13 1 16 15 2 11 19 12 20 14 10 
student 362: 3 5 16 13 9 8 6 18 4 14 20 19 1 2 10 17 15 11 7 12 
student 363: 11 8 4 1 20 19 3 2 14 12 7 9 17 6 13 5 16 18 10 15 
student 364: 1 9 2 6 13 8 14 17 5 11 12 18 4 3 15 20 10 19 7 16 
student 365: 6 16 14 3 12 11 13 10 1 15 8 7 19 4 9 2 20 18 5 17 
student 366: 4 5 8 7 13 6 11 17 1 12 3 18 10 20 2 9 15 19 16 14 
student 367: 4 9 7 8 19 17 13 2 14 16 15 10 6 12 3 5 11 20 1 18 
student 368: 16 6 14 3 19 18 12 2 17 1 10 5 15 11 7 8 13 9 20 4 
student 369: 4 1 13 8 14 11 17 9 5 19 16 20 6 2 12 3 7 10 18 15 
student 370: 9 13 5 10 19 15 16 7 8 2 3 18 17 6 1 14 11 12 20 4 
student 371: 10 13 12 19 8 7 9 6 11 4 5 17 1 2 15 20 3 14 18 16 
student 372: 7 12 8 5 15 2 17 1 20 19 3 6 16 4 13 11 9 10 14 18 
student 373: 7 18 20 8 17 19 16 9 14 1 5 15 11 2 6 4 13 12 10 3 
student 374: 4 1 20 16 18 13 10 8 17 12 5 15 6 3 9 19 2 14 7 11 
student 375: 3 10 1 12 15 17 16 19 18 20 9 11 7 2 8 14 5 4 13 6 
student 376: 15 5 9 13 12 18 2 4 7 1 3 20 17 16 6 14 10 11 8 19 
student 377: 14 10 15 13 5 20 7 11 1 3 19 6 16 9 12 4 2 18 17 8 
student 378: 6 4 8 2 19 1 3 10 11 15 17 14 16 12 5 9 18 13 7 20 
student 379: 9 6 2 15 16 17 14 5 7 20 4 18 11 3 12 10 1 8 19 13 
student 380: 3 16 10 20 19 2 1 4 5 9 6 17 14 11 18 8 13 12 15 7 
student 381: 19 3 1 17 9 20 7 11 12 13 5 10 16 2 4 6 14 18 15 8 
student 382: 2 10 20 1 16 13 5 9 19 4 14 12 17 11 18 3 8 15 6 7 
student 383: 16 7 10 2 18 14 20 12 19 15 8 13 9 5 3 11 4 6 1 17 
student 384: 4 5 3 12 20 15 1 8 6 9 10 18 19 7 2 13 11 17 16 14 
student 385: 18 1 20 12 16 10 9 5 15 2 17 8 14 19 4 3 11 13 6 7 
student 386: 3 1 2 11 16 13 10 14 19 5 8 6 20 7 9 4 17 18 12 15 
student 387: 5 3 16 4 7 18 11 10 8 20 19 17 15 9 2 1 14 6 12 13 
student 388: 12 7 17 16 13 9 4 8 10 20 5 15 19 3 11 1 18 6 2 14 
student 389: 2 16 19 7 18 10 9 11 12 13 5 15 20 3 4 14 6 1 8 17 
student 390: 9 5 18 19 7 15 16 8 14 11 12 2 4 10 13 20 3 1 17 6 
student 391: 15 16 20 1 14 18 3 5 13 11 6 8 2 7 4 19 10 17 9 12 
student 392: 10 7 14 8 18 12 1 5 3 2 11 20 19 13 4 15 17 9 6 16 
student 393: 1 3 8 16 9 2 14 11 18 15 13 20 12 7 17 4 19 10 5 6 
student 394: 7 1 5 15 20 8 6 13 14 17 9 16 18 2 3 10 19 12 11 4 
student 395: 19 8 10 9 5 2 1 3 14 12 15 20 13 4 16 6 11 18 7 17 
student 396: 9 15 4 6 8 17 5 1 11 19 3 10 18 2 12 7 20 13 14 16 
student 397: 9 17 10 7 13 15 6 1 12 16 3 5 2 4 11 18 14 20 8 19 
student 398: 7 4 3 14 15 17 16 1 9 2 19 8 13 18 10 6 12 20 5 11 
student 399: 10 6 14 18 11 16 2 9 13 15 12 20 5 8 3 7 19 17 1 4 
student 400: 14 10 13 11 1 16 3 8 6 4 19 5 7 17 12 2 9 18 15 20 
student 401: 18 1 17 12 16 10 14 6 15 4 5 13 7 8 2 9 11 3 20 19 
student 402: 2 9 19 17 14 7 6 4 16 13 1 18 20 8 11 12 10 15 5 3 
student 403: 14 20 11 17 15 12 18 10 4 2 7 5 9 1 8 6 19 3 13 16 
student 404: 3 6 8 18 20 12 7 15 11 19 4 16 10 1 9 14 2 5 13 17 
student 405: 6 1 9 17 20 11 19 12 15 2 3 16 4 5 8 10 7 14 13 18 
student 406: 6 3 17 4 18 11 9 13 7 14 12 19 16 2 1 5 10 8 15 20 
student 407: 3 11 4 13 19 8 6 12 7 9 2 16 5 14 1 20 15 10 17 18 
student 408: 19 20 7 18 15 9 6 12 2 5 16 14 8 4 3 13 17 1 11 10 
student 409: 2 8 14 12 18 6 16 11 20 13 5 19 3 15 17 7 10 9 4 1 
student 410: 5 3 6 11 12 14 19 7 20 17 13 10 15 4 2 16 18 8 1 9 
student 411: 6 8 11 12 19 15 2 16 4 1 9 7 17 3 5 10 14 18 20 13 
student 412: 5 14 10 8 20 16 15 7 12 17 4 18 11 1 6 9 2 3 13 19 
student 413: 20 1 5 17 4 13 14 7 8 15 12 19 6 11 18 3 9 16 2 10 
student 414: 1 2 3 4 19 9 7 18 11 8 13 15 6 14 10 5 20 17 12 16 
student 415: 6 10 13 12 17 18 4 8 1 9 2 5 15 7 16 19 3 11 20 14 
student 416: 5 10 17 4 12 20 14 9 16 2 6 1 19 7 8 15 3 18 11 13 
student 417: 3 11 14 9 15 8 1 17 5 12 4 18 2 19 10 6 16 7 13 20 
student 418: 9 5 4 11 16 2 13 12 10 1 17 15 3 7 6 20 19 14 8 18 
student 419: 2 17 10 16 18 20 5 4 1 8 9 13 14 7 12 6 15 19 3 11 
student 420: 20 4 6 3 10 7 5 17 19 12 2 18 1 9 11 8 14 15 16 13 
student 421: 9 6 4 12 20 17 2 5 10 11 7 15 8 3 19 14 1 16 13 18 
student 422: 7 3 6 5 13 19 20 17 12 16 1 11 2 4 10 9 18 8 15 14 
student 423: 12 3 17 5 20 8 4 7 2 13 14 16 18 6 11 15 19 1 10 9 
student 424: 7 3 1 15 13 18 5 17 12 20 2 19 16 6 4 14 10 9 8 11 
student 425: 5 16 20 19 9 18 7 1 15 6 2 17 10 4 11 8 3 12 14 13 
student 426: 2 11 13 19 12 5 18 6 3 8 14 16 17 7 15 4 1 20 9 10 
student 427: 5 8 10 6 13 17 9 11 4 7 1 16 12 2 3 15 19 14 20 18 
student 428: 8 14 1 2 6 7 18 4 15 17 11 20 16 9 13 5 10 12 3 19 
student 429: 2 18 1 3 10 11 14 13 8 17 5 19 7 16 4 15 6 9 12 20 
student 430: 9 16 18 2 1 6 11 14 8 12 4 7 17 19 5 20 3 10 13 15 
student 431: 10 16 1 6 20 11 15 3 19 2 5 14 8 18 4 9 13 17 7 12 
student 432: 12 4 8 3 13 19 11 2 15 5 6 10 17 7 1 18 20 16 14 9 
student 433: 1 9 20 15 18 19 4 7 3 8 13 10 16 12 2 6 5 17 11 14 
student 434: 5 6 12 4 8 15 19 10 1 13 9 14 3 2 7 11 17 18 20 16 
student 435: 8 3 16 5 19 12 6 17 10 2 11 18 15 4 1 13 20 14 7 9 
student 436: 16 8 12 15 18 4 6 14 11 9 2 5 10 1 7 13 17 20 3 19 
student 437: 4 2 7 15 19 10 13 20 17 11 5 14 3 1 16 9 6 12 18 8 
student 438: 4 10 14 3 20 13 2 8 11 9 7 16 18 5 12 15 17 6 1 19 
student 439: 14 7 6 2 11 4 17 8 9 20 12 18 19 1 10 5 3 13 15 16 
student 440: 12 17 6 3 4 9 18 7 1 14 5 8 16 2 19 15 13 20 10 11 
student 441: 4 5 1 11 6 10 20 12 15 14 8 19 2 3 17 9 7 18 13 16 
student 442: 19 11 13 1 15 12 7 14 6 17 4 20 2 5 8 10 3 16 9 18 
student 443: 13 19 11 5 18 9 16 8 12 17 1 10 20 4 2 14 3 7 15 6 
student 444: 1 3 2 8 18 11 6 4 17 15 9 16 20 5 13 14 10 19 7 12 
student 445: 2 14 17 4 10 15 1 8 6 12 7 19 16 13 5 18 3 20 11 9 
student 446: 1 18 17 3 16 5 6 9 4 13 20 11 8 2 19 12 14 10 15 7 
student 447: 3 16 9 12 4 14 17 1 19 7 13 10 20 2 5 11 6 18 8 15 
student 448: 7 10 4 1 18 15 6 19 5 14 11 12 2 9 3 20 17 16 8 13 
student 449: 4 9 2 10 6 12 5 13 3 11 20 18 14 1 7 19 15 8 16 17 
student 450: 14 19 3 12 10 17 20 9 7 5 6 16 15 2 1 11 18 4 13 8 
student 451: 6 1 2 11 14 17 12 10 16 13 7 8 19 5 4 9 18 20 15 3 
student 452: 1 10 16 5 17 15 3 2 6 4 11 18 13 9 8 20 12 19 7 14 
student 453: 1 8 7 19 5 6 15 17 2 20 14 16 12 11 3 18 10 13 4 9 
student 454: 6 11 13 3 10 17 7 2 19 9 5 15 4 1 8 18 12 20 14 16 
student 455: 1 8 9 7 3 6 11 13 2 10 17 14 16 19 4 5 12 20 15 18 
student 456: 15 4 7 12 20 10 16 1 9 19 11 5 14 3 6 2 17 13 18 8 
student 457: 17 11 2 6 5 20 10 8 18 9 1 16 12 3 14 19 4 7 15 13 
student 458: 15 5 8 7 19 11 10 1 13 6 12 4 20 3 2 18 17 9 14 16 
student 459: 17 4 5 13 10 20 15 1 7 14 11 8 16 3 9 12 19 18 2 6 
student 460: 14 9 3 17 20 8 15 12 10 11 1 13 7 4 16 5 6 18 2 19 
student 461: 7 12 4 13 16 8 18 9 19 15 3 6 10 11 17 20 1 5 2 14 
student 462: 8 20 3 16 14 19 18 13 2 10 4 15 9 1 5 11 6 17 12 7 
student 463: 18 5 20 13 11 17 1 14 8 4 6 9 15 10 12 2 7 16 3 19 
student 464: 10 3 16 1 13 14 4 15 6 7 2 19 8 12 9 17 20 11 5 18 
student 465: 11 19 14 2 6 20 8 15 12 3 5 4 17 18 7 1 13 9 10 16 
student 466: 9 11 1 14 12 20 18 3 16 15 2 13 6 5 8 10 19 7 17 4 
student 467: 10 3 7 8 19 6 14 18 12 5 4 17 20 16 9 2 11 13 1 15 
student 468: 16 13 19 3 9 17 12 7 11 10 6 20 4 8 5 2 14 18 15 1 
student 469: 4 11 15 16 14 2 6 17 20 10 9 8 18 1 5 7 19 13 12 3 
student 470: 3 5 11 20 18 12 19 10 13 15 6 17 9 4 7 8 16 14 1 2 
student 471: 7 5 12 14 15 19 20 13 2 3 11 18 9 8 1 17 6 10 4 16 
student 472: 16 7 12 1 9 14 2 13 20 6 4 11 17 3 5 8 10 19 15 18 
student 473: 1 6 9 4 20 19 8 10 3 12 7 15 18 5 11 16 2 14 13 17 
student 474: 1 7 12 2 11 19 15 5 18 6 8 20 9 4 3 10 13 16 14 17 
student 475: 10 9 12 1 14 17 13 6 18 8 11 16 3 4 5 15 7 20 2 19 
student 476: 4 14 3 5 20 13 1 10 7 17 15 2 18 6 9 19 11 8 16 12 
student 477: 20 11 2 14 6 16 18 13 4 3 1 19 9 10 15 12 17 7 5 8 
student 478: 10 6 12 7 20 14 16 1 13 2 8 5 15 4 11 17 19 3 18 9 
student 479: 1 5 10 7 20 16 11 3 12 4 9 6 17 2 13 14 15 8 19 18 
student 480: 6 2 17 9 18 4 20 16 15 19 13 14 7 5 3 8 11 12 1 10 
student 481: 8 10 6 9 20 17 5 2 13 7 4 12 1 11 3 15 14 19 16 18 
student 482: 4 12 16 9 6 18 5 7 1 13 2 10 17 14 8 11 20 15 3 19 
student 483: 7 9 1 19 17 15 5 6 18 10 14 20 2 12 8 16 11 13 4 3 
student 484: 10 6 4 1 18 17 13 5 19 15 7 16 11 8 9 14 12 20 3 2 
student 485: 6 17 2 15 19 10 9 3 11 20 14 16 18 13 4 12 5 8 7 1 
student 486: 2 10 20 9 11 16 17 12 4 14 8 18 7 6 1 3 5 15 13 19 
student 487: 5 17 7 14 11 10 2 4 6 3 18 19 9 12 8 1 15 16 20 13 
student 488: 12 6 7 3 18 19 4 8 11 10 5 14 1 15 2 17 9 20 13 16 
student 489: 3 4 20 1 7 8 16 9 17 2 10 18 13 5 6 11 19 12 15 14 
student 490: 3 15 2 11 20 14 7 12 13 4 10 18 19 5 9 16 8 6 1 17 
student 491: 9 2 12 17 19 1 10 20 8 6 15 5 14 16 7 13 4 11 3 18 
student 492: 8 5 20 2 15 12 14 13 10 16 1 9 6 3 7 17 4 19 11 18 
student 493: 4 15 1 2 7 17 6 20 10 13 8 18 9 16 11 14 5 19 12 3 
student 494: 1 3 10 7 14 18 15 4 17 19 5 20 11 9 6 8 13 16 2 12 
student 495: 13 1 12 14 15 20 7 16 8 5 3 18 2 6 10 17 19 4 9 11 
student 496: 1 11 5 14 20 15 19 7 2 4 17 9 16 3 6 13 8 12 18 10 
student 497: 14 16 15 5 6 7 12 2 1 19 20 13 8 3 11 10 18 17 4 9 
student 498: 5 17 16 8 10 6 9 12 1 11 7 13 14 2 3 20 4 18 19 15 
student 499: 12 14 7 5 16 18 6 4 13 10 1 17 15 3 9 2 8 11 20 19 
student 500: 6 8 3 7 9 19 12 16 10 14 2 15 13 5 4 1 11 18 17 20 
student 501: 3 5 4 6 16 17 1 8 12 13 2 15 18 11 14 10 19 20 7 9 
student 502: 11 15 4 17 10 20 18 1 6 8 5 19 16 14 13 7 12 9 2 3 
student 503: 17 4 10 1 19 9 5 13 15 11 12 14 7 6 3 8 20 18 16 2 
student 504: 18 16 2 5 19 12 1 11 13 14 15 9 7 4 3 20 6 10 8 17 
student 505: 16 4 12 1 15 19 20 9 17 18 5 8 14 3 2 6 10 7 11 13 
student 506: 5 12 16 14 18 10 17 13 7 19 6 20 1 2 4 15 8 3 11 9 
student 507: 4 5 18 13 19 8 9 7 12 16 20 17 10 6 1 14 15 11 3 2 
student 508: 9 16 6 10 17 13 15 4 11 5 2 18 3 8 1 12 14 19 20 7 
student 509: 4 2 17 12 14 15 11 5 18 16 13 8 1 3 10 19 7 20 6 9 
student 510: 12 10 3 20 18 14 5 4 2 15 19 9 16 8 7 1 17 11 6 13 
student 511: 7 17 1 10 11 4 16 13 15 6 3 12 14 2 8 18 9 19 20 5 
student 512: 14 6 10 8 3 13 4 11 17 1 15 20 5 16 7 12 19 9 18 2 
student 513: 2 5 14 9 13 19 15 20 8 3 10 6 11 1 7 18 17 4 12 16 
student 514: 2 3 16 14 20 6 4 11 12 9 18 15 7 5 8 1 13 19 17 10 
student 515: 5 17 18 16 10 9 2 8 7 1 4 14 13 12 6 11 19 20 15 3 
student 516: 8 2 14 6 17 10 9 19 7 16 5 18 20 13 1 11 3 15 4 12 
student 517: 10 18 11 13 1 12 9 8 6 5 3 16 20 7 2 19 17 15 4 14 
student 518: 19 3 16 12 14 20 10 5 8 6 9 13 11 18 4 2 7 17 1 15 
student 519: 2 17 13 11 12 16 4 10 15 5 20 1 3 8 7 6 9 19 14 18 
student 520: 1 2 14 16 20 17 8 4 7 12 5 15 6 3 10 13 18 19 9 11 
student 521: 1 15 5 17 13 11 19 2 12 10 8 9 18 14 7 6 4 16 20 3 
student 522: 2 6 17 14 1 15 13 4 8 12 9 10 7 3 5 11 20 19 16 18 
student 523: 3 19 11 7 6 13 20 1 5 14 8 10 17 4 2 15 16 9 12 18 
student 524: 5 1 14 9 13 20 3 4 10 12 8 15 19 7 2 17 6 11 18 16 
student 525: 5 20 13 11 4 10 8 7 14 16 1 12 18 3 6 9 19 2 15 17 
student 526: 4 19 10 9 17 12 6 20 8 16 1 14 11 5 2 7 3 13 15 18 
student 527: 11 9 10 1 18 2 19 5 7 3 8 12 14 4 15 20 6 13 17 16 
student 528: 6 2 11 10 20 7 3 15 16 8 4 19 13 18 17 9 12 1 5 14 
student 529: 13 5 16 17 20 6 3 8 4 19 14 18 7 12 1 10 9 2 15 11 
student 530: 2 12 13 19 20 17 6 3 8 7 9 15 18 1 11 4 5 16 10 14 
student 531: 6 10 18 13 16 20 1 8 12 5 14 19 17 4 3 2 11 9 7 15 
student 532: 4 6 19 16 7 18 17 3 9 10 12 8 5 1 13 20 14 2 15 11 
student 533: 6 8 16 4 12 18 15 10 3 14 7 11 17 9 13 5 20 2 1 19 
student 534: 6 16 19 13 15 3 10 4 7 18 1 8 9 2 5 11 14 12 17 20 
student 535: 6 15 2 1 19 3 9 17 11 12 13 20 18 8 7 14 5 10 4 16 
student 536: 4 16 9 7 3 14 13 1 5 8 2 18 6 11 12 10 17 20 15 19 
student 537: 1 6 13 4 20 12 2 10 17 5 9 7 14 8 15 16 18 11 3 19 
student 538: 5 14 16 10 11 13 7 12 19 9 3 20 17 15 2 8 4 18 1 6 
student 539: 6 3 5 7 11 10 16 14 20 9 2 18 17 1 13 12 15 19 8 4 
student 540: 6 7 18 13 16 4 3 14 12 15 8 10 5 11 1 9 2 17 19 20 
student 541: 1 20 14 5 13 11 8 3 18 6 16 9 15 12 7 17 2 19 4 10 
student 542: 5 16 15 8 19 2 6 7 18 11 9 1 4 3 10 12 13 17 20 14 
student 543: 4 15 5 1 13 8 10 18 20 7 11 17 3 12 2 14 19 6 16 9 
student 544: 16 13 10 9 17 2 5 7 18 11 4 14 19 3 8 20 6 15 12 1 
student 545: 11 6 13 4 20 15 2 10 17 5 12 18 19 1 3 8 14 9 7 16 
student 546: 16 4 11 10 19 14 6 20 8 17 1 9 18 3 12 5 7 13 2 15 
student 547: 10 9 4 15 12 20 14 1 16 6 7 19 18 2 3 8 5 17 13 11 
student 548: 5 1 20 10 8 11 14 15 16 13 6 3 7 9 12 18 19 17 2 4 
student 549: 8 10 4 13 18 14 11 3 6 9 19 15 2 7 1 17 16 5 12 20 
student 550: 4 8 5 1 19 14 18 10 11 13 3 12 6 9 16 15 2 17 7 20 
student 551: 16 1 20 6 3 11 13 14 8 4 15 18 12 2 5 7 9 17 10 19 
student 552: 13 20 3 4 6 8 12 18 14 11 15 16 10 2 9 19 17 1 7 5 
student 553: 2 7 12 11 15 20 9 19 6 16 10 4 3 1 8 5 14 18 13 17 
student 554: 2 4 17 20 12 18 11 13 7 16 3 1 9 15 6 19 5 14 10 8 
student 555: 13 10 3 12 20 9 7 11 14 16 18 15 5 4 2 6 17 19 1 8 
student 556: 4 3 8 18 17 16 1 9 10 15 7 2 13 12 11 6 5 19 14 20 
student 557: 5 17 18 11 9 14 20 10 4 1 2 3 12 16 7 19 13 6 8 15 
student 558: 12 7 18 20 16 17 5 2 8 3 6 19 4 10 14 1 13 15 11 9 
student 559: 11 7 1 15 12 13 10 16 5 18 4 19 2 8 6 14 9 20 3 17 
student 560: 12 3 2 5 7 1 9 14 15 10 17 20 19 4 6 11 13 18 8 16 
student 561: 9 15 1 7 12 17 14 11 8 19 2 20 18 4 10 5 6 3 13 16 
student 562: 4 12 5 19 20 18 1 8 13 11 17 14 10 6 3 15 9 2 7 16 
student 563: 5 12 20 4 2 3 16 17 19 11 1 10 14 6 13 8 9 15 7 18 
student 564: 1 12 6 20 13 16 8 2 15 14 5 19 9 7 3 10 4 17 11 18 
student 565: 4 5 12 9 16 11 19 17 13 6 1 7 20 2 3 8 10 18 15 14 
student 566: 17 11 18 1 10 19 2 16 8 4 3 20 12 13 5 15 9 14 7 6 
student 567: 10 9 6 11 18 3 14 1 15 16 2 12 17 4 5 7 19 13 20 8 
student 568: 11 16 14 6 17 20 10 5 19 9 7 8 13 4 1 2 3 18 15 12 
student 569: 4 3 17 15 12 6 2 11 20 5 10 14 7 8 18 13 1 19 16 9 
student 570: 4 10 7 9 5 2 12 15 11 6 8 20 19 13 3 18 17 16 14 1 
student 571: 2 1 7 13 9 19 5 6 17 15 3 16 11 10 8 20 14 4 18 12 
student 572: 8 1 6 5 12 4 13 20 9 19 2 11 18 10 15 16 17 7 3 14 
student 573: 5 7 19 14 17 15 2 20 6 11 10 12 8 18 1 4 9 13 3 16 
student 574: 14 20 4 13 18 16 9 12 5 1 3 15 7 11 6 8 17 2 10 19 
student 575: 12 3 5 15 2 20 1 10 18 4 7 13 14 8 6 9 19 17 16 11 
student 576: 16 9 5 19 18 14 6 13 12 7 3 20 8 15 1 4 11 17 2 10 
student 577: 7 6 3 15 20 12 8 18 2 13 5 19 17 1 4 10 16 14 11 9 
student 578: 6 2 15 16 20 19 8 14 5 4 18 1 11 10 7 17 12 3 9 13 
student 579: 19 12 20 3 16 18 8 1 5 7 17 4 10 14 2 9 13 15 11 6 
student 580: 4 3 16 6 19 10 13 2 12 5 18 15 1 17 7 14 9 20 11 8 
student 581: 3 8 10 1 12 7 15 11 5 2 6 19 13 17 4 9 16 20 14 18 
student 582: 6 5 9 12 17 16 14 1 11 20 4 18 13 7 19 2 3 15 8 10 
student 583: 9 2 10 19 14 15 7 11 6 4 5 17 20 8 12 18 13 1 16 3 
student 584: 16 13 3 6 19 5 9 18 7 4 1 20 11 14 12 10 17 8 2 15 
student 585: 2 3 17 11 20 1 10 5 8 14 4 6 15 7 9 19 16 18 13 12 
student 586: 2 15 4 14 19 11 12 8 3 9 1 17 20 5 10 18 6 13 16 7 
student 587: 18 16 5 8 15 19 13 20 12 7 10 17 2 3 4 9 11 14 1 6 
student 588: 19 7 8 12 11 10 3 9 18 17 5 15 14 2 4 16 6 20 1 13 
student 589: 8 7 9 6 12 15 5 2 1 3 13 20 16 18 19 14 10 11 4 17 
student 590: 9 12 4 7 20 13 11 1 3 10 6 18 19 5 15 17 14 16 8 2 
student 591: 2 4 8 9 13 10 7 11 12 3 18 20 16 6 1 15 14 19 5 17 
student 592: 18 2 7 6 19 17 12 10 4 15 9 11 16 1 3 8 5 13 20 14 
student 593: 12 3 1 2 19 4 13 16 17 8 10 14 7 9 15 5 11 6 18 20 
student 594: 18 2 6 5 16 13 17 8 10 11 14 9 7 4 12 15 20 3 1 19 
student 595: 5 20 16 1 12 11 15 2 14 8 19 13 10 4 7 6 9 18 17 3 
student 596: 17 1 5 11 10 9 2 4 8 7 19 16 14 3 6 18 20 15 13 12 
student 597: 6 12 19 10 7 8 18 4 17 15 1 11 16 2 13 3 9 14 20 5 
student 598: 10 3 15 6 9 5 4 8 19 13 7 16 17 11 1 18 2 20 12 14 
student 599: 1 8 3 17 20 6 5 11 9 14 4 18 13 7 2 12 10 16 19 15 
student 600: 6 15 11 20 18 14 8 7 9 1 4 19 2 3 5 17 13 16 10 12 
student 601: 10 1 2 5 15 19 4 8 9 12 7 14 17 3 13 16 20 18 6 11 
student 602: 7 6 5 14 10 20 13 3 15 4 12 1 19 2 9 17 16 11 8 18 
student 603: 11 12 20 14 17 19 13 10 18 9 4 15 7 8 2 1 6 3 16 5 
student 604: 12 13 7 8 17 5 18 11 19 1 9 4 20 2 14 3 15 16 10 6 
student 605: 3 6 4 17 19 8 12 10 11 9 5 15 14 2 7 1 20 18 16 13 
student 606: 3 7 13 1 11 20 9 12 14 17 2 10 8 5 6 4 18 19 15 16 
student 607: 10 11 9 12 2 17 4 15 13 18 6 20 3 16 1 8 5 14 7 19 
student 608: 14 19 11 16 13 12 4 20 2 8 6 9 10 3 1 15 5 17 7 18 
student 609: 3 4 13 7 16 15 12 6 8 19 18 14 5 9 1 11 20 10 2 17 
student 610: 2 8 7 18 17 20 10 5 1 12 14 4 19 13 6 16 11 15 3 9 
student 611: 4 7 2 20 17 11 5 9 12 18 1 6 13 3 14 10 16 19 8 15 
student 612: 6 1 9 5 12 11 16 3 17 10 18 14 4 2 15 20 8 19 7 13 
student 613: 6 8 7 18 16 9 15 2 20 12 5 19 13 4 1 3 11 14 10 17 
student 614: 5 1 7 12 4 11 13 20 16 6 18 17 10 19 3 2 15 14 8 9 
student 615: 5 14 12 7 20 18 16 4 6 2 8 10 1 9 3 13 19 15 11 17 
student 616: 15 16 2 5 12 7 14 1 19 4 3 18 20 11 9 10 17 8 6 13 
student 617: 1 7 20 3 17 5 18 14 2 19 9 16 11 6 10 4 8 12 13 15 
student 618: 7 3 5 16 19 14 2 6 9 8 12 10 18 1 15 17 4 20 11 13 
student 619: 1 8 5 19 16 2 15 11 17 12 7 20 6 4 9 10 18 14 3 13 
student 620: 9 8 4 2 15 20 3 7 6 17 5 14 18 12 1 16 11 19 13 10 
student 621: 16 4 5 10 12 6 17 11 14 9 3 19 13 8 18 15 1 2 20 7 
student 622: 4 7 6 15 11 20 2 12 14 8 18 3 17 9 10 19 5 13 1 16 
student 623: 20 18 13 10 12 8 6 11 19 9 7 3 1 16 2 4 17 14 15 5 
student 624: 8 2 15 18 16 3 6 4 17 11 10 14 9 13 5 1 20 7 12 19 
student 625: 16 3 9 6 15 5 2 7 18 8 10 13 11 19 4 12 1 17 14 20 
student 626: 5 20 6 11 10 17 2 1 7 16 13 18 12 8 4 3 15 14 19 9 
student 627: 8 17 7 16 6 5 12 11 10 15 2 20 13 3 1 4 14 9 18 19 
student 628: 11 3 18 15 13 7 17 1 14 5 6 9 10 4 2 16 20 12 19 8 
student 629: 2 9 4 1 8 6 10 7 13 14 11 18 3 12 17 5 19 15 16 20 
student 630: 2 8 18 3 20 10 6 11 9 12 4 16 17 15 7 1 14 13 5 19 
student 631: 2 16 11 18 12 15 14 10 7 3 5 9 8 4 1 20 13 17 6 19 
student 632: 4 12 18 5 17 20 2 11 9 7 8 15 3 10 6 19 14 13 16 1 
student 633: 4 8 18 1 20 6 5 13 10 16 3 17 19 7 2 12 14 15 9 11 
student 634: 9 12 2 11 17 18 14 8 1 4 7 16 3 13 10 15 19 20 6 5 
student 635: 3 16 9 5 10 12 1 4 11 8 19 20 18 2 7 14 6 17 13 15 
student 636: 14 1 8 6 4 20 11 3 5 19 2 9 12 13 10 7 17 15 18 16 
student 637: 5 6 1 11 16 12 14 8 9 3 15 17 18 7 10 2 19 13 4 20 
student 638: 5 1 7 15 18 16 12 11 9 8 10 14 13 4 3 6 20 19 17 2 
student 639: 8 2 17 4 6 14 18 10 5 12 9 20 11 3 7 13 1 16 19 15 
student 640: 12 1 14 18 4 13 15 6 9 17 8 16 5 7 2 3 20 19 10 11 
student 641: 18 2 20 19 17 7 6 12 9 5 4 14 10 1 11 3 13 15 16 8 
student 642: 18 10 13 1 16 9 6 20 8 14 4 7 11 3 17 2 19 15 5 12 
student 643: 16 1 9 7 19 11 2 18 4 12 5 17 8 6 13 20 14 15 3 10 
student 644: 5 14 7 6 19 20 13 2 10 11 3 8 12 9 1 4 17 18 16 15 
student 645: 10 1 6 4 12 8 9 2 3 18 5 15 14 7 16 11 17 19 13 20 
student 646: 3 14 18 19 12 16 13 5 8 1 11 4 17 9 2 10 7 20 6 15 
student 647: 3 4 7 11 16 18 8 20 1 6 14 12 13 10 2 17 5 15 9 19 
student 648: 9 2 4 7 15 11 6 14 8 5 18 10 20 1 13 12 16 19 3 17 
student 649: 4 7 9 20 17 12 5 6 11 3 13 1 10 19 14 2 15 16 18 8 
student 650: 7 11 4 9 20 17 10 2 14 12 8 18 19 5 1 6 13 3 16 15 
student 651: 18 11 14 17 12 5 8 10 15 4 3 16 20 2 6 9 13 7 19 1 
student 652: 2 3 1 7 11 16 9 17 4 14 15 13 19 5 6 8 12 18 10 20 
student 653: 16 10 9 4 19 5 7 14 18 12 3 20 1 6 13 8 17 2 11 15 
student 654: 13 2 6 11 18 14 9 4 3 15 8 7 16 5 1 20 10 17 19 12 
student 655: 4 10 20 11 15 16 8 1 9 12 13 19 7 2 6 17 18 3 5 14 
student 656: 14 6 2 18 20 1 15 3 16 9 5 19 10 7 4 11 13 8 12 17 
student 657: 3 11 10 8 20 19 12 7 6 13 14 1 16 2 5 9 15 18 17 4 
student 658: 7 18 6 3 19 20 11 12 13 16 8 17 1 4 14 2 5 9 10 15 
student 659: 6 12 15 5 19 2 7 20 3 17 4 14 16 8 10 1 13 9 11 18 
student 660: 5 8 6 9 15 16 14 7 4 11 17 19 10 3 2 13 1 12 20 18 
student 661: 3 11 12 7 20 5 1 4 15 10 14 18 13 8 17 16 2 19 6 9 
student 662: 11 1 6 18 19 8 4 2 9 10 7 20 17 5 12 3 13 14 16 15 
student 663: 4 10 17 7 20 18 6 12 14 15 3 16 2 1 11 19 13 5 8 9 
student 664: 10 3 17 1 18 4 8 14 15 11 5 13 9 19 12 16 20 2 6 7 
student 665: 7 8 2 20 19 18 10 1 9 13 17 16 5 4 6 3 14 15 12 11 
student 666: 1 19 17 18 20 5 7 3 8 12 6 14 11 4 10 9 15 16 2 13 
student 667: 1 5 4 14 10 15 20 9 13 8 7 19 3 6 11 2 17 18 16 12 
student 668: 20 15 13 3 14 10 8 5 12 6 1 18 17 16 4 11 2 19 7 9 
student 669: 2 17 6 9 18 7 11 1 5 3 10 16 20 15 13 19 4 12 8 14 
student 670: 2 7 12 14 20 18 13 3 15 17 5 10 4 9 1 16 11 8 19 6 
student 671: 15 10 9 18 7 16 12 8 3 20 14 4 5 2 1 11 17 19 6 13 
student 672: 18 10 8 7 16 3 2 13 11 20 5 9 6 17 12 14 4 1 19 15 
student 673: 7 1 19 18 20 10 6 4 8 2 5 17 16 11 12 9 15 14 3 13 
student 674: 7 14 16 19 18 8 20 4 15 13 12 11 6 9 3 17 2 10 1 5 
student 675: 1 2 7 4 14 20 9 15 3 5 11 19 18 12 8 17 10 13 16 6 
student 676: 18 5 4 8 17 13 7 15 16 9 3 19 12 1 6 2 20 14 10 11 
student 677: 1 4 18 14 19 11 16 5 9 7 17 12 3 6 2 13 8 15 10 20 
student 678: 3 1 4 6 16 11 17 2 19 14 7 15 5 12 10 8 9 18 13 20 
student 679: 16 2 4 3 13 12 9 6 11 8 20 15 19 1 17 5 14 18 10 7 
student 680: 12 13 19 20 15 10 1 14 11 4 9 17 16 2 7 18 5 6 8 3 
student 681: 14 1 13 7 3 16 2 15 19 11 10 20 4 6 8 18 9 17 12 5 
student 682: 3 7 9 5 14 16 6 11 19 17 15 12 10 2 4 8 13 1 18 20 
student 683: 10 1 3 18 8 16 7 9 17 4 13 19 5 2 6 11 14 12 15 20 
student 684: 3 17 2 16 14 18 1 10 8 12 4 20 11 7 9 5 6 15 19 13 
student 685: 2 8 12 7 18 4 5 15 1 11 3 16 19 14 10 13 17 20 9 6 
student 686: 8 13 14 16 7 17 2 12 5 3 4 19 15 1 9 6 11 20 10 18 
student 687: 14 3 6 4 20 17 10 9 11 1 2 5 16 8 7 15 18 12 19 13 
student 688: 3 18 17 1 4 15 5 11 19 14 6 8 20 9 2 13 16 10 7 12 
student 689: 7 10 5 1 20 11 19 8 9 17 6 15 14 13 4 2 3 16 18 12 
student 690: 3 7 19 6 15 13 17 14 5 4 1 20 11 10 8 9 12 18 2 16 
student 691: 2 3 8 5 17 18 19 16 4 12 9 11 7 20 1 13 14 6 15 10 
student 692: 4 2 1 10 6 20 16 9 8 18 3 17 11 5 15 14 7 13 19 12 
student 693: 9 8 4 16 19 17 5 18 12 2 7 20 3 6 13 1 14 11 10 15 
student 694: 9 3 4 5 16 10 6 15 13 11 1 2 19 7 8 17 20 18 14 12 
student 695: 4 7 6 3 17 9 20 1 8 10 12 13 2 11 16 18 15 19 14 5 
student 696: 20 1 3 6 17 2 8 11 5 12 10 15 16 14 9 18 7 13 19 4 
student 697: 4 15 17 3 14 20 18 12 13 11 6 2 8 16 1 9 7 10 5 19 
student 698: 2 10 18 1 17 7 4 8 5 14 13 16 12 3 19 20 9 11 6 15 
student 699: 2 17 5 1 18 10 11 4 19 15 9 20 8 3 6 14 12 16 7 13 
student 700: 5 2 7 1 13 12 4 18 6 3 11 20 14 17 8 9 19 16 10 15 
student 701: 1 7 5 8 9 19 15 13 3 2 16 12 6 4 11 14 18 17 10 20 
student 702: 12 10 3 20 2 17 18 7 11 6 1 5 15 19 4 9 16 8 14 13 
student 703: 4 3 1 6 20 12 19 2 18 11 5 17 14 8 15 9 16 13 7 10 
student 704: 12 14 13 3 18 2 5 9 16 11 19 10 15 8 6 7 4 20 1 17 
student 705: 7 17 15 14 4 20 18 3 8 11 6 10 2 13 16 12 1 9 5 19 
student 706: 7 2 11 5 20 9 18 17 6 3 14 19 12 4 15 13 10 16 1 8 
student 707: 3 5 6 15 14 11 12 2 19 7 4 20 10 16 1 8 9 18 17 13 
student 708: 3 5 16 4 7 15 17 14 12 8 2 18 11 1 9 10 13 6 19 20 
student 709: 17 7 4 1 10 5 12 6 15 16 2 20 13 3 11 9 18 14 8 19 
student 710: 2 7 8 13 16 19 11 17 9 4 1 3 20 6 5 14 10 12 18 15 
student 711: 7 16 9 3 15 13 12 2 1 14 5 17 8 6 4 18 10 20 19 11 
student 712: 14 16 4 18 17 20 2 11 9 7 8 15 12 3 10 13 6 19 1 5 
student 713: 13 3 4 8 19 20 15 18 14 10 1 9 7 2 12 11 5 17 16 6 
student 714: 2 10 12 4 16 8 14 15 19 18 6 13 5 3 1 7 9 11 17 20 
student 715: 1 12 18 9 19 20 5 2 8 10 17 15 14 4 3 13 11 6 7 16 
student 716: 6 4 11 1 12 16 14 7 5 18 20 10 9 8 2 3 13 17 15 19 
student 717: 12 4 8 7 6 16 9 2 14 3 1 18 11 17 5 10 20 19 15 13 
student 718: 19 1 2 9 15 8 14 3 16 20 6 11 12 18 5 4 17 7 13 10 
student 719: 3 13 1 19 20 9 5 16 11 7 6 14 4 8 2 15 17 18 10 12 
student 720: 11 9 10 5 17 18 7 2 12 20 15 16 1 3 4 13 6 14 8 19 
student 721: 10 4 2 15 12 18 14 6 3 20 1 9 19 5 13 8 16 7 11 17 
student 722: 12 7 4 13 8 10 2 6 11 17 1 18 14 3 5 9 16 20 15 19 
student 723: 2 13 12 3 19 14 6 11 7 18 15 20 9 4 17 1 5 16 10 8 
student 724: 2 15 14 4 17 6 16 10 1 9 5 19 8 7 11 18 20 3 13 12 
student 725: 8 10 16 15 20 17 13 9 3 18 6 11 4 1 2 5 19 7 14 12 
student 726: 3 12 11 15 10 16 7 13 4 14 8 6 18 1 2 20 9 19 5 17 
student 727: 1 2 20 7 15 19 16 4 14 18 12 13 11 3 5 8 10 9 6 17 
student 728: 11 3 5 2 15 10 17 6 4 7 13 19 14 16 12 8 18 20 9 1 
student 729: 7 4 15 17 6 3 8 11 10 12 1 18 13 5 9 2 14 20 16 19 
student 730: 5 2 20 9 12 10 8 17 14 15 16 18 13 1 3 7 4 11 19 6 
student 731: 12 17 3 4 11 15 20 2 10 6 7 19 9 1 8 5 16 13 14 18 
student 732: 15 8 1 12 20 9 5 7 14 13 2 18 4 19 3 17 11 16 10 6 
student 733: 4 5 20 13 12 15 18 6 8 2 7 19 16 10 3 14 17 11 9 1 
student 734: 3 19 11 18 14 20 1 10 6 13 5 15 17 4 7 8 12 16 9 2 
student 735: 1 14 9 8 7 17 6 4 15 12 18 2 19 3 11 5 16 20 10 13 
student 736: 3 1 7 10 6 11 5 9 16 12 8 18 15 19 4 2 14 20 13 17 
student 737: 5 10 4 15 12 13 3 11 19 9 17 8 2 6 1 16 18 7 14 20 
student 738: 7 19 11 15 16 17 20 3 2 5 14 13 9 8 6 10 4 18 1 12 
student 739: 20 9 6 13 5 3 19 15 14 7 4 18 17 12 1 8 10 16 11 2 
student 740: 7 20 4 1 18 17 14 2 13 19 8 6 11 16 3 12 15 9 10 5 
student 741: 1 4 13 8 17 3 14 16 15 12 7 20 18 10 6 9 11 19 5 2 
student 742: 12 4 15 6 17 20 7 2 13 5 9 19 18 1 14 3 11 16 8 10 
student 743: 7 1 2 15 16 3 11 12 13 17 9 18 6 14 5 8 20 10 4 19 
student 744: 11 7 12 9 13 5 10 17 19 20 6 18 2 14 3 4 1 8 15 16 
student 745: 12 8 9 18 15 6 7 1 10 14 19 3 17 4 13 5 16 20 2 11 
student 746: 17 18 6 9 19 12 2 16 7 3 15 5 10 14 1 13 11 4 8 20 
student 747: 17 7 5 20 13 4 3 11 18 10 15 12 14 6 1 2 8 19 9 16 
student 748: 12 14 4 5 17 19 13 7 3 9 1 20 8 2 6 15 10 16 11 18 
student 749: 1 7 20 19 14 9 12 5 18 4 3 16 6 2 15 13 17 11 10 8 
student 750: 6 14 16 17 1 15 5 10 20 4 9 11 18 2 3 12 7 19 8 13 
student 751: 10 4 11 14 15 8 5 18 1 20 2 17 6 9 12 19 13 16 3 7 
student 752: 4 17 15 12 20 5 8 9 7 3 2 10 19 13 1 11 18 6 16 14 
student 753: 9 6 5 2 17 7 15 1 11 19 12 13 16 20 3 14 18 4 10 8 
student 754: 3 7 6 17 12 16 4 2 5 20 15 10 11 1 9 13 14 18 8 19 
student 755: 15 18 7 19 6 5 3 1 11 10 4 12 13 2 9 20 17 16 8 14 
student 756: 1 18 4 6 10 13 17 2 9 16 14 5 20 8 3 19 15 11 12 7 
student 757: 15 17 2 5 20 13 8 4 1 9 6 19 18 12 10 7 16 14 3 11 
student 758: 11 1 16 10 5 12 17 7 15 8 4 14 6 2 3 13 20 19 9 18 
student 759: 10 4 19 1 9 15 17 18 8 14 2 20 5 7 6 3 16 13 11 12 
student 760: 1 19 4 3 17 12 8 2 18 15 7 20 6 13 14 16 11 9 5 10 
student 761: 2 5 9 8 20 10 16 6 11 3 7 12 18 14 4 17 1 13 15 19 
student 762: 2 10 7 16 19 15 13 14 3 8 18 9 12 11 1 4 20 6 5 17 
student 763: 5 8 18 10 11 7 6 1 17 4 19 15 20 2 12 14 13 16 3 9 
student 764: 1 11 15 13 7 20 4 10 19 2 14 9 16 18 5 17 8 3 12 6 
student 765: 18 15 10 19 13 16 9 12 8 2 5 4 14 1 7 6 20 17 11 3 
student 766: 3 19 6 16 9 1 15 18 17 10 14 5 2 7 12 11 20 13 4 8 
student 767: 2 3 1 19 10 4 12 6 8 14 17 20 18 5 15 7 11 13 16 9 
student 768: 5 1 2 6 19 8 18 7 15 20 4 11 3 12 16 10 9 13 14 17 
student 769: 12 9 16 2 19 13 6 3 11 20 4 18 15 1 8 10 17 7 14 5 
student 770: 8 3 15 17 20 14 18 12 6 1 13 9 11 2 5 16 10 19 7 4 
student 771: 16 15 14 19 1 18 9 13 8 4 3 2 17 6 11 20 7 12 10 5 
student 772: 14 4 13 7 10 6 12 1 5 15 20 19 11 17 2 18 8 3 16 9 
student 773: 10 11 16 3 13 20 15 12 8 1 19 2 18 5 17 9 4 6 14 7 
student 774: 9 1 8 2 15 12 14 20 4 17 3 10 13 7 16 5 11 19 6 18 
student 775: 12 3 16 10 17 9 1 20 6 13 8 2 19 5 18 7 14 15 11 4 
student 776: 11 19 8 13 17 7 9 16 6 20 1 2 4 3 5 18 14 15 10 12 
student 777: 4 12 17 6 9 8 11 3 19 20 1 14 18 5 10 16 15 7 13 2 
student 778: 9 7 4 1 19 12 11 13 15 2 10 17 18 8 16 5 20 3 14 6 
student 779: 10 18 11 12 1 13 9 8 2 20 14 19 17 3 5 7 6 16 15 4 
student 780: 10 12 15 13 14 20 7 5 9 6 3 1 16 8 4 19 18 11 17 2 
student 781: 7 14 10 15 2 12 8 4 1 18 17 9 20 6 11 13 5 16 19 3 
student 782: 8 4 9 2 17 13 7 6 5 14 15 12 18 3 1 11 16 20 10 19 
student 783: 7 8 19 4 13 2 14 12 1 16 15 20 6 5 3 17 18 11 9 10 
student 784: 1 17 12 5 20 19 2 7 4 15 16 13 10 3 11 8 18 9 14 6 
student 785: 13 10 7 18 11 2 4 1 12 3 5 16 6 19 8 14 15 20 9 17 
student 786: 19 16 7 8 12 18 10 11 2 13 1 20 5 3 6 14 9 15 4 17 
student 787: 9 10 11 1 14 7 4 8 17 6 12 20 18 2 3 15 13 19 16 5 
student 788: 3 2 19 8 7 17 16 13 4 14 5 11 18 6 1 15 10 20 12 9 
student 789: 2 16 13 9 15 17 12 14 6 10 4 11 3 7 5 18 8 19 20 1 
student 790: 1 8 3 6 12 5 17 14 20 4 15 11 18 2 10 7 16 9 13 19 
student 791: 17 18 1 15 20 11 8 19 2 14 13 16 9 4 3 7 5 12 10 6 
student 792: 6 4 5 15 19 7 1 8 16 13 3 17 10 2 9 12 11 14 18 20 
student 793: 5 7 19 9 10 20 12 15 17 1 4 6 13 2 3 18 14 11 16 8 
student 794: 1 3 10 9 17 16 2 4 5 13 8 11 6 12 7 18 15 19 14 20 
student 795: 2 1 5 3 20 19 11 12 17 6 10 15 16 13 4 7 18 14 8 9 
student 796: 5 4 10 11 9 8 16 17 14 20 2 18 15 1 6 7 3 13 19 12 
student 797: 10 3 20 4 5 18 1 12 19 11 2 9 6 8 15 17 7 13 16 14 
student 798: 4 11 10 17 18 1 20 8 9 13 15 7 6 5 12 3 19 14 2 16 
student 799: 2 14 1 8 20 15 5 7 17 10 9 3 16 4 11 18 13 19 6 12 
