student 0: 9 15 2 19 10 1 8 5 4 16 13 12 18 11 17 3 20 14 6 7 
student 1: 12 19 6 4 16 15 17 3 10 11 7 2 8 9 18 1 13 20 5 14 
student 2: 14 20 13 4 7 2 8 16 18 9 19 1 17 6 15 11 10 12 3 5 
student 3: 9 1 16 14 3 20 5 2 8 15 11 4 19 10 17 7 6 18 12 13 
student 4: 6 14 15 19 5 11 9 10 13 2 7 4 20 3 17 16 18 12 8 1 
student 5: 9 3 7 17 15 19 8 4 1 10 5 16 2 14 12 20 13 11 6 18 
student 6: 16 13 11 1 12 5 14 4 2 6 9 8 10 20 17 3 7 18 15 19 
student 7: 1 17 14 19 13 2 4 12 8 5 11 7 15 9 3 16 20 10 18 6 
student 8: 16 5 17 9 20 1 4 6 8 19 2 12 18 14 10 13 11 3 15 7 
student 9: 15 14 1 17 20 8 10 19 12 2 6 5 7 16 18 4 13 9 11 3 
student 10: 2 16 1 8 13 10 15 3 18 19 14 9 4 12 11 5 20 17 7 6 
student 11: 9 3 17 15 20 6 14 5 16 10 18 12 11 1 13 2 19 7 8 4 
student 12: 10 3 13 16 20 1 8 14 5 18 9 7 17 11 4 15 12 19 6 2 
student 13: 4 18 5 11 16 12 14 3 17 6 7 9 19 13 15 1 8 20 2 10 
student 14: 18 12 15 3 8 2 11 1 14 5 7 6 9 10 17 19 16 20 4 13 
student 15: 19 8 5 11 1 9 13 4 7 10 20 18 14 17 3 16 15 6 12 2 
student 16: 1 7 20 19 13 4 9 2 8 6 14 12 16 11 17 3 10 18 5 15 
student 17: 13 19 17 5 16 2 18 7 10 3 14 8 1 9 12 4 15 20 6 11 
student 18: 4 3 7 9 15 5 20 16 6 13 19 1 12 8 14 2 10 11 17 18 
student 19: 2 13 11 16 3 12 6 7 20 4 19 8 9 5 18 17 15 10 14 1 
student 20: 7 14 11 2 17 18 16 10 9 19 3 1 15 13 20 5 12 6 8 4 
student 21: 13 11 20 18 15 5 6 3 8 1 10 14 4 16 17 2 12 19 9 7 
student 22: 3 7 15 11 18 13 2 1 10 8 14 6 20 17 9 16 19 12 5 4 
student 23: 13 10 16 17 20 11 9 18 6 14 7 5 8 2 15 12 4 1 3 19 
student 24: 14 11 3 9 18 8 13 1 19 16 2 5 7 15 6 12 20 17 4 10 
student 25: 9 13 3 7 19 8 14 2 20 12 18 16 15 17 10 5 6 11 1 4 
student 26: 6 12 4 3 13 2 8 14 17 15 7 1 19 18 5 10 9 16 20 11 
student 27: 6 18 7 15 11 12 1 14 8 10 3 4 5 2 16 9 17 20 13 19 
student 28: 13 10 3 15 17 1 8 9 19 7 4 14 12 16 18 5 11 20 2 6 
student 29: 4 7 10 19 17 15 9 8 2 6 20 14 13 11 5 1 16 18 12 3 
student 30: 4 14 2 3 13 19 16 17 7 5 12 1 11 8 20 9 18 15 10 6 
student 31: 6 16 14 3 10 2 19 17 4 20 13 5 18 11 9 1 15 8 7 12 
student 32: 12 20 1 5 15 7 3 13 14 8 10 11 9 2 19 16 18 6 4 17 
student 33: 3 15 6 19 11 14 18 13 8 9 16 12 7 10 20 5 1 4 17 2 
student 34: 2 15 9 16 17 7 1 6 19 5 8 14 20 4 11 13 10 18 3 12 
student 35: 14 2 16 15 18 4 1 6 12 8 3 17 11 7 10 5 9 20 19 13 
student 36: 1 15 11 5 9 20 10 19 3 17 16 8 14 2 12 4 13 18 6 7 
student 37: 9 15 4 19 2 18 17 3 6 11 10 20 12 1 16 7 8 14 13 5 
student 38: 8 20 12 17 7 1 19 11 16 6 14 15 4 10 13 2 5 9 3 18 
student 39: 11 16 14 12 13 8 10 20 9 2 3 1 17 7 4 18 15 19 5 6 
student 40: 8 18 20 14 15 11 6 17 2 4 9 7 19 3 13 16 10 1 12 5 
student 41: 6 19 16 9 18 8 17 15 11 5 7 13 10 4 14 3 20 12 1 2 
student 42: 3 18 6 7 11 13 4 8 19 1 2 17 15 12 14 9 10 20 16 5 
student 43: 9 13 6 2 18 3 15 11 20 7 8 19 12 14 16 10 1 17 5 4 
student 44: 1 18 13 12 10 4 14 8 3 7 5 17 2 11 6 15 9 20 19 16 
student 45: 18 15 13 10 4 7 5 17 8 3 12 2 9 1 19 14 16 11 6 20 
student 46: 6 12 7 5 16 2 13 9 3 10 1 11 20 8 18 4 15 14 17 19 
student 47: 2 20 16 17 13 11 12 4 15 1 3 7 19 10 18 14 6 9 8 5 
student 48: 8 19 10 1 17 2 15 6 12 3 16 5 20 4 18 7 11 13 9 14 
student 49: 2 20 13 15 11 18 17 10 19 12 4 9 14 6 8 5 16 1 3 7 
student 50: 16 20 13 9 11 3 19 2 10 5 4 14 7 6 15 18 17 8 1 12 
student 51: 6 2 10 16 13 11 8 1 17 9 12 3 4 20 18 7 15 19 14 5 
student 52: 11 16 1 9 18 20 5 12 7 19 13 8 2 6 10 17 15 14 3 4 
student 53: 18 20 5 1 16 3 17 4 12 10 13 14 8 9 19 11 6 15 7 2 
student 54: 3 7 6 20 13 8 9 1 15 14 2 19 17 16 11 10 18 4 12 5 
student 55: 17 7 19 10 6 9 14 3 16 2 4 1 11 18 15 5 12 20 13 8 
student 56: 5 15 17 11 14 6 7 9 1 19 8 20 16 12 18 4 10 13 3 2 
student 57: 7 4 15 16 17 13 5 10 9 14 6 3 19 18 12 8 2 20 1 11 
student 58: 7 15 4 9 2 14 20 5 1 12 6 18 19 10 17 8 11 16 13 3 
student 59: 7 9 15 20 17 1 8 10 16 5 2 6 14 13 19 3 11 18 4 12 
student 60: 8 6 13 7 11 12 5 20 17 1 10 19 15 3 16 4 2 18 9 14 
student 61: 4 13 3 14 1 6 11 17 18 20 19 7 8 5 16 2 12 10 15 9 
student 62: 8 17 20 12 14 6 15 16 2 5 7 1 10 11 18 4 13 19 3 9 
student 63: 6 17 8 13 20 12 15 14 10 18 3 11 19 5 4 1 7 9 2 16 
student 64: 14 20 11 16 12 13 18 4 2 9 5 15 7 8 1 17 6 19 10 3 
student 65: 6 13 1 9 11 18 17 7 10 8 2 19 15 3 5 4 16 14 12 20 
student 66: 1 6 4 8 2 13 7 5 17 3 14 16 20 19 15 9 11 10 12 18 
student 67: 3 9 8 19 17 1 11 18 5 16 14 4 10 7 20 2 13 15 12 6 
student 68: 8 19 14 6 17 7 18 13 9 15 4 3 5 12 10 2 20 16 1 11 
student 69: 1 4 12 15 20 8 3 9 18 11 16 5 19 2 17 14 10 13 6 7 
student 70: 10 8 7 2 4 20 13 6 16 5 12 3 15 17 18 11 9 14 1 19 
student 71: 9 7 5 19 8 11 17 13 6 3 10 16 1 2 18 12 15 20 14 4 
student 72: 5 11 12 19 20 4 9 3 15 8 18 1 14 17 7 2 16 10 6 13 
student 73: 3 17 7 11 13 5 15 6 12 16 8 1 10 4 14 2 18 19 9 20 
student 74: 7 14 13 8 5 4 2 18 16 1 10 12 11 3 20 6 19 17 15 9 
student 75: 5 12 8 2 1 3 20 6 18 10 13 4 9 19 15 11 7 14 16 17 
student 76: 11 3 5 9 18 7 20 1 10 14 15 6 8 2 19 17 13 12 16 4 
student 77: 6 18 9 14 19 10 12 3 13 20 8 11 16 5 7 4 17 1 2 15 
student 78: 11 8 14 19 9 16 10 7 6 13 12 3 20 1 15 4 18 17 5 2 
student 79: 5 18 3 9 14 1 11 10 6 2 8 7 19 15 12 4 16 17 20 13 
student 80: 8 18 14 19 10 1 7 20 12 5 3 13 11 17 9 16 2 4 6 15 
student 81: 8 19 18 3 20 9 15 6 13 11 5 7 16 10 17 2 14 12 1 4 
student 82: 3 11 10 7 17 6 15 14 4 12 13 5 20 8 1 16 9 19 18 2 
student 83: 9 17 5 12 16 7 19 2 4 8 3 15 13 18 20 6 10 14 1 11 
student 84: 1 16 10 19 9 7 5 11 13 2 3 17 12 18 6 15 20 14 8 4 
student 85: 7 1 10 19 17 6 9 11 2 14 16 3 18 20 12 4 5 13 8 15 
student 86: 8 12 7 9 3 11 17 19 1 4 20 13 15 18 16 2 14 6 5 10 
student 87: 12 20 7 18 14 16 3 9 19 8 1 5 15 2 6 4 17 13 11 10 
student 88: 2 10 7 8 18 11 6 20 13 15 5 14 9 1 16 12 4 17 3 19 
student 89: 1 18 16 11 7 4 13 12 3 10 6 8 14 2 20 19 9 15 17 5 
student 90: 9 17 4 7 6 18 8 11 16 13 10 1 15 14 3 2 19 12 5 20 
student 91: 4 6 16 17 9 1 13 2 5 18 15 12 11 8 7 10 20 19 3 14 
student 92: 8 11 9 4 15 13 5 20 18 6 2 3 14 12 19 16 17 10 7 1 
student 93: 14 4 17 7 10 2 18 12 20 1 5 13 9 19 8 15 11 16 3 6 
student 94: 17 9 4 19 5 6 15 14 8 11 13 20 10 12 2 1 3 18 7 16 
student 95: 5 8 19 20 14 3 16 4 17 11 13 2 6 10 9 18 1 12 15 7 
student 96: 17 11 5 4 10 3 16 8 15 18 9 12 2 6 14 7 20 19 13 1 
student 97: 11 18 17 15 20 16 19 13 8 1 3 7 12 4 5 10 14 2 6 9 
student 98: 20 11 12 19 17 7 9 5 8 3 4 16 14 15 6 10 13 2 1 18 
student 99: 7 15 2 3 16 17 4 8 12 10 14 18 6 13 11 1 9 20 19 5 
student 100: 9 19 10 5 18 6 12 2 13 4 17 16 11 3 8 1 7 20 15 14 
student 101: 3 8 11 20 13 6 15 1 5 7 9 2 4 14 19 10 16 12 18 17 
student 102: 12 19 16 18 14 4 8 9 11 13 7 5 20 6 1 15 17 2 3 10 
student 103: 3 20 7 17 14 6 2 10 12 1 8 9 11 18 15 5 13 4 19 16 
student 104: 11 13 10 7 12 9 17 3 6 1 19 4 14 16 15 2 5 18 20 8 
student 105: 5 17 8 19 3 13 4 10 16 2 9 7 15 14 20 1 11 18 12 6 
student 106: 3 6 17 9 20 1 4 2 18 10 16 14 15 7 8 5 19 11 13 12 
student 107: 9 13 8 3 18 15 1 2 4 11 19 16 6 10 20 7 17 12 5 14 
student 108: 10 6 18 8 2 3 1 15 9 13 7 11 19 20 14 4 16 17 5 12 
student 109: 5 15 6 13 16 7 14 9 12 10 19 3 11 2 18 4 17 1 20 8 
student 110: 3 7 10 17 20 5 2 14 18 9 1 13 8 19 15 4 11 16 12 6 
student 111: 20 7 10 17 16 19 14 1 11 18 5 4 9 13 12 3 15 6 2 8 
student 112: 1 12 7 8 9 4 19 5 16 18 3 17 14 11 13 6 15 20 10 2 
student 113: 14 9 16 19 6 1 4 3 7 10 17 5 18 2 12 13 15 20 11 8 
student 114: 10 13 20 17 2 11 4 16 7 9 14 8 1 12 19 15 6 18 3 5 
student 115: 5 3 6 14 2 4 16 12 1 13 11 8 7 15 18 9 19 17 20 10 
student 116: 5 18 1 13 12 3 10 15 11 2 4 16 14 8 19 6 20 17 7 9 
student 117: 9 7 19 16 13 6 11 8 12 1 4 18 10 5 17 2 20 15 14 3 
student 118: 12 15 10 7 2 20 16 13 6 1 8 5 18 11 3 4 19 17 9 14 
student 119: 6 3 9 17 10 1 12 14 19 5 7 13 18 15 16 4 11 20 2 8 
student 120: 3 17 19 8 16 9 11 4 13 1 2 18 12 5 14 7 20 6 10 15 
student 121: 6 4 11 19 10 9 7 5 14 2 3 1 20 8 13 18 15 16 12 17 
student 122: 20 13 8 16 18 1 3 4 5 17 7 11 9 14 12 2 10 19 6 15 
student 123: 2 18 19 1 12 8 6 15 4 14 20 7 16 17 9 5 3 10 11 13 
student 124: 4 2 8 20 9 5 13 1 3 11 16 6 19 14 17 10 15 7 12 18 
student 125: 6 19 1 18 16 4 13 3 11 15 10 12 14 17 7 2 9 20 5 8 
student 126: 3 19 15 14 18 12 4 13 16 17 2 10 9 6 20 1 7 8 11 5 
student 127: 5 15 4 19 14 1 7 8 10 12 17 18 6 9 20 2 16 13 3 11 
student 128: 19 13 5 16 10 11 14 12 6 17 4 9 8 1 18 3 20 15 2 7 
student 129: 7 18 14 20 15 1 13 3 12 9 6 11 17 10 5 8 16 2 19 4 
student 130: 10 9 8 12 2 1 15 5 16 14 11 20 4 18 13 19 6 17 7 3 
student 131: 5 8 15 11 19 13 10 3 20 4 6 16 18 2 14 1 9 17 12 7 
student 132: 9 20 10 3 13 7 17 4 1 11 16 12 19 2 14 5 6 18 8 15 
student 133: 16 14 5 19 17 20 18 1 9 12 11 4 13 7 10 8 2 6 3 15 
student 134: 10 11 18 19 12 14 20 6 9 1 2 13 16 7 17 5 8 15 4 3 
student 135: 9 20 6 17 13 4 3 14 19 7 1 12 18 11 15 10 8 16 5 2 
student 136: 1 7 3 15 18 2 6 13 4 20 9 8 19 5 11 16 17 12 10 14 
student 137: 9 10 6 19 16 1 18 5 7 3 11 20 17 15 12 2 14 4 13 8 
student 138: 3 9 7 18 20 16 8 5 4 12 17 6 13 10 14 2 19 15 1 11 
student 139: 9 3 1 7 20 2 8 18 12 11 13 5 10 14 16 4 6 15 17 19 
student 140: 7 13 4 15 17 14 6 5 12 10 2 16 9 1 20 8 18 11 3 19 
student 141: 12 20 18 19 17 7 10 6 2 9 5 1 3 4 16 13 11 15 14 8 
student 142: 11 5 19 13 20 9 16 2 6 8 7 15 3 17 14 10 12 18 1 4 
student 143: 9 19 17 4 10 6 7 5 16 14 1 8 12 11 20 3 13 15 2 18 
student 144: 11 20 15 5 8 1 14 16 10 2 7 9 12 13 18 6 17 3 4 19 
student 145: 19 17 16 18 7 6 13 1 8 3 5 9 10 15 20 2 4 14 12 11 
student 146: 4 9 8 11 7 5 15 6 18 3 2 19 16 10 17 14 20 12 13 1 
student 147: 9 11 17 19 12 18 4 2 6 16 8 1 15 3 20 5 14 10 7 13 
student 148: 6 17 16 7 18 9 12 2 13 8 3 14 11 15 10 4 5 20 1 19 
student 149: 5 4 8 15 19 6 13 1 3 2 12 11 14 10 18 9 17 16 20 7 
student 150: 8 17 19 1 6 18 14 7 16 9 20 10 13 4 15 2 12 11 5 3 
student 151: 3 2 19 10 13 12 7 1 6 15 14 9 8 17 16 4 18 20 5 11 
student 152: 14 1 9 20 18 16 12 2 7 3 5 6 17 10 19 8 4 13 15 11 
student 153: 14 19 17 10 15 11 7 18 1 6 12 5 20 13 4 3 16 2 8 9 
student 154: 14 17 15 9 12 8 1 6 20 11 7 16 13 19 2 10 3 4 5 18 
student 155: 5 14 18 19 16 2 13 10 1 7 12 6 20 9 8 11 17 3 15 4 
student 156: 12 11 2 7 4 6 13 14 5 15 3 1 19 16 20 8 9 18 10 17 
student 157: 16 8 4 1 2 6 5 10 19 9 15 13 14 20 7 3 18 17 12 11 
student 158: 1 16 6 7 13 12 11 4 2 14 17 8 9 15 18 3 20 10 5 19 
student 159: 7 6 3 15 14 4 20 5 9 16 13 8 2 11 19 1 12 17 18 10 
student 160: 4 8 6 20 18 3 16 9 19 13 17 12 14 2 10 1 5 11 7 15 
student 161: 1 5 12 17 16 7 20 11 6 4 18 13 3 14 15 9 2 19 10 8 
student 162: 18 20 10 4 2 12 13 1 6 14 9 19 8 17 11 5 15 7 3 16 
student 163: 20 17 7 13 2 4 10 5 15 8 11 18 12 3 9 1 16 6 14 19 
student 164: 4 17 9 18 14 13 5 15 12 1 10 11 6 2 16 7 20 8 19 3 
student 165: 4 18 2 16 12 14 20 7 1 15 3 11 10 17 19 9 5 13 8 6 
student 166: 6 10 17 20 13 5 2 19 16 3 12 8 15 1 18 4 11 14 9 7 
student 167: 4 13 16 17 20 5 14 10 7 19 8 2 11 6 12 9 3 18 15 1 
student 168: 12 14 11 3 6 7 9 13 19 20 15 2 1 8 16 10 17 18 5 4 
student 169: 2 20 7 3 13 5 18 8 11 15 17 10 12 4 16 14 1 19 9 6 
student 170: 7 9 12 18 20 5 4 13 11 14 1 15 16 17 3 8 19 6 2 10 
student 171: 8 14 11 17 19 5 20 18 12 2 16 15 13 6 9 4 7 1 3 10 
student 172: 6 20 10 11 18 2 4 13 12 7 19 16 9 5 1 8 14 15 3 17 
student 173: 17 20 19 18 14 9 5 15 2 10 1 11 13 6 8 7 12 16 4 3 
student 174: 15 13 19 11 16 5 9 12 6 2 18 1 17 7 20 8 14 4 3 10 
student 175: 1 16 9 19 15 14 17 18 6 11 5 4 7 8 13 10 20 2 3 12 
student 176: 12 20 2 17 13 10 6 8 4 7 5 16 11 14 18 19 15 9 3 1 
student 177: 6 17 20 16 11 4 13 14 9 2 15 1 19 5 8 7 12 18 10 3 
student 178: 7 15 18 17 11 1 5 9 13 14 3 20 6 8 19 16 12 10 4 2 
student 179: 4 20 17 12 7 8 1 19 11 18 2 13 10 9 15 3 14 16 6 5 
student 180: 15 14 12 18 13 3 2 8 5 1 16 7 11 9 6 4 19 10 17 20 
student 181: 6 10 18 17 8 5 16 3 9 4 11 1 12 14 19 20 13 15 2 7 
student 182: 1 18 7 8 11 4 14 6 17 13 10 12 15 3 20 2 19 16 5 9 
student 183: 5 8 14 18 19 11 6 12 9 2 16 3 4 10 20 7 17 15 13 1 
student 184: 20 14 11 17 2 1 13 6 8 10 9 18 12 3 16 15 4 19 7 5 
student 185: 2 19 7 10 5 9 1 15 17 12 8 4 18 20 11 16 13 6 3 14 
student 186: 20 10 14 15 19 6 16 7 11 8 13 12 9 2 5 3 17 18 1 4 
student 187: 14 12 11 7 16 5 13 15 2 20 18 17 6 9 8 1 10 19 3 4 
student 188: 10 19 3 16 13 15 18 11 5 4 12 7 17 1 20 8 6 14 9 2 
student 189: 13 20 1 17 11 2 19 16 10 18 8 9 12 4 6 7 14 15 5 3 
student 190: 15 18 8 3 13 2 11 7 5 16 10 6 20 4 19 14 12 17 9 1 
student 191: 10 13 16 5 12 18 2 20 3 19 14 6 7 8 17 1 4 9 11 15 
student 192: 3 18 20 15 19 4 7 14 11 17 12 10 13 9 16 1 8 5 6 2 
student 193: 9 12 5 8 7 17 1 10 2 3 11 4 15 14 19 13 16 20 6 18 
student 194: 11 18 6 8 15 1 19 5 14 9 17 20 12 7 10 4 16 13 3 2 
student 195: 4 10 17 12 19 3 9 5 16 6 2 1 15 11 20 7 18 14 8 13 
student 196: 9 12 3 16 14 1 15 7 18 17 6 5 2 19 13 4 11 8 20 10 
student 197: 6 18 19 11 12 4 7 13 3 16 2 15 9 8 10 1 14 17 5 20 
student 198: 13 17 18 19 9 15 16 10 7 12 8 3 5 4 14 6 11 20 1 2 
student 199: 4 16 14 8 13 5 15 12 17 20 10 3 7 9 19 2 11 18 1 6 
student 200: 1 2 10 15 19 4 7 3 14 11 20 6 12 5 16 17 9 18 13 8 
student 201: 3 14 1 16 20 7 6 5 9 2 10 17 13 19 11 4 15 18 8 12 
student 202: 14 18 9 8 12 7 11 1 17 6 4 5 3 2 20 13 16 15 19 10 
student 203: 13 20 17 8 11 3 4 14 1 5 18 16 7 10 9 19 15 12 6 2 
student 204: 10 7 12 14 17 9 18 13 2 3 16 20 1 11 19 4 8 15 6 5 
student 205: 9 15 18 7 6 3 11 10 17 12 5 4 20 16 2 1 19 14 8 13 
student 206: 3 17 19 14 11 6 18 5 20 12 8 7 16 1 15 13 9 4 2 10 
student 207: 1 13 6 12 16 9 19 3 8 4 15 5 14 2 18 17 10 11 20 7 
student 208: 13 19 1 18 4 12 20 8 16 17 10 14 15 11 9 3 5 7 6 2 
student 209: 7 17 16 10 15 8 3 9 2 1 14 4 18 13 6 12 19 11 20 5 
student 210: 7 6 14 5 17 12 16 11 15 2 10 8 1 13 18 4 3 19 20 9 
student 211: 8 12 11 4 14 7 9 16 10 5 3 17 19 13 18 2 20 15 1 6 
student 212: 15 13 4 14 11 6 7 8 9 16 12 17 2 3 20 1 10 5 18 19 
student 213: 3 2 12 20 15 1 4 6 8 17 11 5 14 13 18 9 19 10 16 7 
student 214: 5 9 4 11 6 7 8 17 10 12 3 16 15 20 19 2 13 18 14 1 
student 215: 9 8 13 10 19 11 1 20 15 4 16 7 14 2 3 18 12 17 6 5 
student 216: 1 4 19 17 18 7 11 16 14 2 8 9 15 12 10 3 13 20 6 5 
student 217: 8 13 6 16 19 5 11 20 9 3 18 15 14 1 17 4 7 10 2 12 
student 218: 5 18 8 7 9 13 16 2 10 20 11 4 3 19 14 1 17 15 12 6 
student 219: 1 15 5 16 7 14 11 10 12 2 20 13 3 4 9 17 6 19 8 18 
student 220: 7 10 12 19 18 5 6 8 11 20 1 9 16 15 13 2 3 17 14 4 
student 221: 14 9 12 2 10 11 15 13 17 8 7 1 3 4 16 6 5 19 18 20 
student 222: 1 14 12 11 8 4 17 13 2 6 10 18 9 3 16 7 19 15 5 20 
student 223: 6 14 7 18 13 4 5 9 8 1 2 12 17 15 20 3 11 19 16 10 
student 224: 20 12 5 1 16 7 18 3 8 11 4 14 17 9 15 10 19 13 6 2 
student 225: 11 12 7 10 16 20 15 6 13 2 8 17 18 5 19 4 14 9 1 3 
student 226: 1 14 17 12 5 6 19 4 20 13 2 15 9 16 10 8 11 7 18 3 
student 227: 4 12 15 20 8 2 13 6 16 17 11 18 19 1 3 5 14 10 7 9 
student 228: 11 8 15 3 13 1 16 2 10 14 7 12 19 9 18 6 4 17 20 5 
student 229: 4 18 8 15 20 14 17 11 19 12 6 1 2 3 13 5 10 9 7 16 
student 230: 6 3 12 14 16 10 13 17 15 1 11 2 20 7 19 8 5 18 9 4 
student 231: 13 17 7 15 12 19 16 2 10 8 6 3 14 11 18 4 5 20 1 9 
student 232: 1 17 18 9 10 11 5 13 12 4 3 6 14 15 8 20 19 7 2 16 
student 233: 9 20 6 7 1 5 8 19 11 3 17 13 14 12 15 2 16 18 10 4 
student 234: 17 19 13 14 9 7 10 12 18 15 11 6 3 5 8 2 4 16 1 20 
student 235: 16 14 8 2 10 3 5 19 9 17 1 7 6 12 20 4 11 18 15 13 
student 236: 17 9 10 2 19 3 12 4 16 1 20 5 13 11 18 8 7 15 14 6 
student 237: 11 13 5 17 12 2 8 9 20 3 16 1 10 15 7 4 19 18 14 6 
student 238: 19 9 4 10 16 6 5 11 8 3 17 13 14 15 20 1 7 12 18 2 
student 239: 2 18 11 19 1 15 12 8 5 9 16 6 20 10 7 13 17 3 14 4 
student 240: 8 2 1 16 15 5 17 7 6 14 3 20 18 12 9 4 11 19 10 13 
student 241: 3 15 18 13 10 20 5 1 17 9 11 7 8 6 14 16 19 2 4 12 
student 242: 5 18 11 8 1 19 3 17 10 20 14 12 7 4 6 2 9 13 16 15 
student 243: 8 11 14 18 19 15 7 4 12 9 5 3 1 6 20 2 16 17 10 13 
student 244: 2 18 8 3 7 13 6 10 14 9 12 1 16 11 20 4 17 19 5 15 
student 245: 4 14 18 17 16 13 5 9 8 3 6 7 11 12 19 1 2 20 10 15 
student 246: 12 20 9 18 15 7 5 2 8 1 11 4 19 16 14 3 13 17 10 6 
student 247: 4 11 6 20 19 7 1 5 14 16 8 10 13 17 15 12 3 2 18 9 
student 248: 19 15 5 11 12 7 14 10 8 4 6 2 9 3 20 13 17 18 1 16 
student 249: 13 15 4 14 5 7 6 18 8 20 16 10 3 2 11 9 12 19 17 1 
student 250: 5 20 8 17 13 6 16 15 19 2 18 14 11 1 12 10 9 4 3 7 
student 251: 16 17 2 13 10 4 1 15 18 9 12 5 3 20 19 14 6 7 11 8 
student 252: 13 7 11 16 8 2 10 5 17 3 6 1 20 12 18 19 4 14 15 9 
student 253: 1 16 14 6 4 3 15 7 8 12 11 17 19 13 18 9 5 10 2 20 
student 254: 2 3 20 19 11 4 9 1 7 15 17 10 13 14 16 5 8 18 6 12 
student 255: 3 16 6 10 14 4 5 1 8 9 17 19 18 11 20 2 13 15 12 7 
student 256: 5 15 2 20 9 1 10 3 13 8 14 6 16 7 17 11 19 18 4 12 
student 257: 12 9 13 3 5 11 17 7 16 2 14 1 18 8 20 19 6 15 4 10 
student 258: 2 5 6 18 11 16 9 3 4 19 13 14 12 7 10 20 1 8 15 17 
student 259: 14 7 9 20 6 8 17 12 2 15 3 11 19 13 16 4 5 18 1 10 
student 260: 6 16 19 20 17 7 13 2 5 10 14 11 12 4 8 1 9 15 18 3 
student 261: 8 11 15 17 1 2 10 3 14 5 13 20 18 19 7 6 4 16 9 12 
student 262: 1 19 15 20 9 2 4 11 5 3 6 7 16 12 18 10 17 14 13 8 
student 263: 4 17 5 15 2 3 8 6 13 1 16 9 7 18 14 12 20 11 10 19 
student 264: 8 7 12 6 13 4 5 2 15 14 3 11 10 9 16 1 18 20 17 19 
student 265: 8 1 16 4 14 6 17 3 10 2 11 5 7 12 18 20 15 19 13 9 
student 266: 14 17 18 15 10 5 8 11 4 7 3 2 12 20 9 16 13 1 6 19 
student 267: 5 10 16 17 11 12 6 7 13 9 19 8 14 1 4 18 20 2 3 15 
student 268: 4 11 8 2 18 13 14 10 16 12 15 6 1 3 5 9 20 19 17 7 
student 269: 7 6 10 18 19 2 3 8 12 1 14 5 9 11 20 4 13 16 17 15 
student 270: 20 4 10 14 9 6 19 2 3 16 12 13 1 15 11 5 7 18 8 17 
student 271: 2 5 9 15 16 3 4 13 17 6 8 7 14 12 19 1 20 18 11 10 
student 272: 2 1 12 15 5 8 4 10 11 18 9 19 17 14 20 6 13 16 7 3 
student 273: 5 18 6 11 9 4 16 7 10 8 3 15 13 20 12 14 19 17 2 1 
student 274: 6 12 5 18 11 15 10 4 1 8 17 3 19 13 16 9 20 2 14 7 
student 275: 17 20 16 2 8 4 14 19 18 3 15 12 7 1 6 11 13 10 9 5 
student 276: 13 7 14 10 17 6 5 19 16 9 2 8 18 20 11 12 15 4 3 1 
student 277: 4 17 15 12 7 1 3 6 16 9 5 19 20 14 13 2 11 18 8 10 
student 278: 2 9 20 18 15 6 19 8 11 1 13 3 12 16 10 7 14 5 4 17 
student 279: 7 14 8 10 9 5 20 6 19 4 2 13 12 11 16 1 3 18 15 17 
student 280: 10 5 20 3 14 2 12 6 9 13 11 17 19 7 15 1 8 18 16 4 
student 281: 12 9 6 2 10 7 18 4 3 17 8 20 13 5 14 19 1 11 16 15 
student 282: 11 19 10 12 6 16 8 1 5 9 14 13 7 15 20 2 18 17 3 4 
student 283: 20 19 6 13 8 15 5 16 10 2 14 3 11 18 9 1 7 17 12 4 
student 284: 2 3 17 7 18 19 12 1 11 8 5 6 15 20 14 9 13 16 10 4 
student 285: 15 16 3 6 19 11 18 1 2 7 12 5 14 9 17 10 13 20 8 4 
student 286: 13 9 18 8 4 1 14 10 3 15 2 7 12 20 17 5 6 19 11 16 
student 287: 1 12 10 15 6 9 8 5 20 17 11 7 2 14 19 4 3 13 16 18 
student 288: 6 20 5 15 4 7 12 14 1 9 16 11 17 19 18 3 10 13 8 2 
student 289: 19 10 20 18 14 5 8 6 1 2 15 13 12 3 11 7 16 17 9 4 
student 290: 1 4 7 2 19 15 14 12 3 10 5 6 16 8 13 17 18 20 9 11 
student 291: 18 15 8 17 12 11 16 4 2 6 5 14 20 10 13 1 9 19 3 7 
student 292: 18 8 6 17 3 4 9 11 12 10 15 7 14 2 20 13 16 19 1 5 
student 293: 17 7 13 10 18 2 14 9 11 19 6 16 4 5 12 3 15 8 1 20 
student 294: 1 17 15 14 5 3 16 20 4 11 13 10 9 2 18 19 12 7 8 6 
student 295: 2 6 14 1 19 9 18 3 13 4 10 12 11 8 16 7 15 20 17 5 
student 296: 9 2 16 11 15 7 19 8 17 14 1 10 18 13 12 4 3 20 5 6 
student 297: 3 14 12 13 9 1 19 7 8 17 6 4 20 18 11 5 15 16 2 10 
student 298: 1 20 18 17 11 13 12 7 9 3 2 16 14 19 4 10 15 5 8 6 
student 299: 5 17 14 13 18 4 8 12 11 1 6 19 20 15 3 9 7 16 10 2 
student 300: 17 8 5 10 12 1 11 6 19 14 2 7 4 16 20 3 15 18 9 13 
student 301: 12 13 5 6 20 14 11 19 9 18 8 4 2 16 17 1 7 15 3 10 
student 302: 6 12 19 3 20 4 7 2 14 10 5 15 11 16 18 13 9 17 1 8 
student 303: 6 16 13 15 12 10 19 8 5 4 7 2 14 3 17 18 11 20 9 1 
student 304: 5 18 13 15 19 6 12 4 7 2 10 8 9 3 20 17 1 11 14 16 
student 305: 14 17 18 10 16 1 3 5 2 15 4 11 6 7 20 8 13 19 9 12 
student 306: 12 3 5 19 18 17 11 6 7 14 15 4 16 9 10 1 13 8 2 20 
student 307: 5 14 17 6 13 4 19 8 9 3 1 12 18 2 16 10 11 20 7 15 
student 308: 5 20 17 16 14 1 10 7 12 8 4 9 19 3 18 6 2 11 15 13 
student 309: 5 7 15 16 20 11 1 6 10 3 2 8 14 19 12 4 17 18 9 13 
student 310: 6 16 15 18 3 9 4 13 1 20 12 2 7 19 8 14 10 11 5 17 
student 311: 4 17 13 6 7 5 1 11 18 8 12 16 3 15 14 9 2 19 10 20 
student 312: 6 5 3 17 19 9 16 8 13 4 1 18 12 20 15 2 7 14 10 11 
student 313: 14 5 17 12 7 20 9 10 1 13 15 16 11 8 19 2 6 18 3 4 
student 314: 1 5 11 14 16 3 18 15 9 7 17 8 12 6 13 19 2 10 4 20 
student 315: 2 12 19 7 18 6 14 5 9 8 20 1 13 15 4 11 10 17 16 3 
student 316: 9 11 8 13 19 1 6 12 16 7 5 15 14 10 20 4 18 17 2 3 
student 317: 18 8 15 16 2 3 9 6 13 11 14 7 19 4 17 5 20 12 1 10 
student 318: 10 18 20 11 3 9 15 1 13 4 2 5 16 17 14 7 6 19 8 12 
student 319: 19 18 10 13 16 1 20 14 8 7 11 2 12 9 15 5 6 17 4 3 
student 320: 3 19 8 16 14 12 1 6 5 9 7 10 15 17 13 2 18 20 4 11 
student 321: 3 6 8 17 7 13 20 14 19 1 12 5 9 10 18 4 11 16 15 2 
student 322: 5 15 17 11 10 2 6 4 14 18 12 16 3 19 13 1 20 8 9 7 
student 323: 7 13 15 10 18 1 5 2 11 4 12 9 16 8 17 20 14 19 3 6 
student 324: 2 5 10 17 14 15 19 6 13 11 1 3 20 4 18 12 16 8 7 9 
student 325: 12 3 6 19 9 1 17 16 13 8 11 20 15 5 18 2 10 14 4 7 
student 326: 2 11 19 3 16 1 10 7 17 5 13 4 20 9 18 8 14 12 15 6 
student 327: 18 9 3 20 2 14 13 5 12 11 15 19 10 16 4 6 17 8 1 7 
student 328: 8 16 6 10 9 17 20 1 13 14 7 11 18 3 12 2 4 15 5 19 
student 329: 4 14 2 5 13 7 15 17 16 9 1 19 12 20 3 10 11 18 8 6 
student 330: 9 13 14 10 20 11 2 6 3 15 7 1 8 17 16 5 18 19 4 12 
student 331: 1 6 15 16 20 5 11 3 12 4 17 9 13 8 19 2 10 7 14 18 
student 332: 5 8 10 13 19 3 15 20 18 16 6 11 12 14 2 4 9 1 7 17 
student 333: 2 14 17 7 8 3 10 12 15 4 9 13 20 6 19 1 11 18 16 5 
student 334: 1 20 11 18 3 8 4 2 13 9 10 7 17 6 5 12 15 14 16 19 
student 335: 8 6 10 13 19 4 14 11 20 12 3 7 2 18 17 1 15 16 5 9 
student 336: 11 4 18 15 14 20 8 19 3 5 1 2 7 10 12 13 16 9 17 6 
student 337: 1 5 15 9 10 8 16 7 2 12 3 4 11 14 18 6 19 17 20 13 
student 338: 3 13 6 18 20 4 14 10 16 5 2 1 17 7 9 8 19 15 12 11 
student 339: 6 5 1 12 14 8 17 9 3 10 2 19 18 4 20 16 13 7 11 15 
student 340: 16 13 17 20 15 1 7 14 6 10 18 4 12 3 11 5 2 19 8 9 
student 341: 6 7 19 12 20 4 17 18 13 11 2 16 10 8 9 14 3 15 5 1 
student 342: 17 5 2 19 10 14 6 20 4 15 7 3 13 12 9 8 18 16 11 1 
student 343: 8 1 20 5 14 11 15 13 19 3 6 7 17 12 18 10 4 16 9 2 
student 344: 1 12 3 16 10 9 20 14 2 4 7 15 8 18 17 11 19 6 13 5 
student 345: 1 15 2 8 3 5 20 12 13 18 6 14 11 17 7 9 10 19 4 16 
student 346: 6 5 11 13 19 10 14 12 16 7 20 17 18 3 4 8 9 1 2 15 
student 347: 2 9 3 15 12 7 10 14 16 4 20 8 13 5 19 1 18 17 6 11 
student 348: 2 15 18 14 3 7 19 10 5 17 6 4 12 1 13 11 9 16 8 20 
student 349: 13 18 8 9 3 20 6 12 16 14 11 1 5 7 15 4 10 19 2 17 
student 350: 20 9 19 16 15 2 5 3 13 4 14 8 18 6 10 1 7 11 17 12 
student 351: 11 20 13 18 17 1 12 6 7 2 14 5 19 15 16 10 3 9 4 8 
student 352: 16 12 15 14 17 2 8 7 4 3 1 19 13 11 18 5 10 20 9 6 
student 353: 9 20 18 1 2 7 10 19 4 15 11 5 14 17 6 8 13 12 3 16 
student 354: 19 13 2 14 18 6 20 16 4 5 12 1 15 10 11 3 17 8 9 7 
student 355: 10 14 16 15 11 6 7 3 20 1 17 4 5 9 19 18 12 13 2 8 
student 356: 5 12 7 10 4 19 9 18 8 13 14 6 3 15 17 1 20 16 11 2 
student 357: 3 20 2 11 5 10 18 15 17 8 13 6 7 9 16 12 19 14 4 1 
student 358: 6 16 9 7 13 11 18 5 19 10 17 1 15 2 14 12 8 20 4 3 
student 359: 2 7 6 19 20 3 9 15 8 13 16 11 18 10 14 1 5 12 17 4 
student 360: 2 13 11 12 14 7 18 1 19 20 10 6 16 5 15 17 9 4 3 8 
student 361: 15 9 12 3 17 7 16 18 5 1 6 13 4 2 10 8 14 19 11 20 
student 362: 19 2 3 5 8 18 11 1 14 12 4 7 15 17 10 6 20 13 9 16 
student 363: 6 11 2 8 16 14 19 1 9 5 13 3 4 7 15 20 17 18 10 12 
student 364: 8 16 6 12 10 4 18 1 5 2 3 11 14 9 7 17 15 19 20 13 
student 365: 9 16 3 15 20 13 17 2 8 4 14 18 7 6 11 5 10 19 1 12 
student 366: 13 12 5 8 16 10 6 1 19 4 3 15 7 9 18 17 14 20 11 2 
student 367: 7 16 2 10 14 4 8 11 15 17 5 13 20 9 12 1 19 18 6 3 
student 368: 4 19 20 12 18 8 5 3 13 2 11 10 17 15 16 9 1 6 7 14 
student 369: 6 15 1 12 14 18 7 9 8 16 11 4 20 3 17 2 19 10 5 13 
student 370: 18 17 16 14 2 12 13 19 11 10 3 20 5 6 15 8 9 1 4 7 
student 371: 2 19 5 4 18 9 17 6 7 13 11 1 14 8 12 10 3 15 20 16 
student 372: 20 12 19 4 9 1 18 15 16 11 8 5 7 10 13 2 17 14 3 6 
student 373: 16 20 6 15 1 9 7 5 19 10 12 3 17 14 11 2 18 8 4 13 
student 374: 3 11 12 14 10 15 20 6 9 8 13 18 19 4 17 5 2 7 16 1 
student 375: 7 11 15 6 20 2 1 4 19 13 10 8 14 9 16 5 3 18 17 12 
student 376: 3 13 17 20 11 14 4 15 6 8 2 5 10 19 18 1 9 12 7 16 
student 377: 13 16 8 19 6 4 15 10 18 1 17 3 14 7 5 11 12 20 9 2 
student 378: 7 8 12 14 6 5 15 18 1 2 16 13 9 4 10 3 20 17 11 19 
student 379: 8 15 9 18 19 3 4 6 12 20 14 1 10 13 11 5 2 16 17 7 
student 380: 1 15 18 19 2 8 13 4 17 5 12 3 16 14 10 6 20 9 7 11 
student 381: 14 20 18 10 12 11 17 13 3 2 8 4 15 16 6 5 7 19 9 1 
student 382: 3 18 16 6 10 4 11 1 7 8 5 20 13 19 12 15 14 17 2 9 
student 383: 19 12 20 13 17 11 4 5 15 8 16 9 7 6 2 1 10 18 14 3 
student 384: 17 16 20 12 15 2 1 6 19 11 3 5 9 8 18 7 13 14 4 10 
student 385: 9 13 17 11 16 8 19 4 5 12 7 14 6 1 3 2 10 20 15 18 
student 386: 11 7 12 14 10 2 3 13 16 1 8 5 4 9 20 6 15 19 18 17 
student 387: 6 17 14 16 7 8 20 2 4 9 1 11 15 19 10 12 18 5 3 13 
student 388: 19 3 7 15 6 10 13 8 11 5 18 1 12 20 16 14 4 17 2 9 
student 389: 6 12 9 16 4 3 5 19 17 7 14 8 15 11 20 2 18 13 1 10 
student 390: 2 7 8 16 20 4 14 13 5 6 11 10 19 15 17 1 12 18 3 9 
student 391: 2 18 12 16 17 11 6 3 5 15 4 13 20 9 8 7 14 19 1 10 
student 392: 19 17 13 11 9 6 8 18 5 16 1 4 12 14 10 3 2 20 7 15 
student 393: 2 7 5 19 11 9 18 12 15 14 3 6 10 1 4 16 17 8 13 20 
student 394: 1 17 18 10 12 5 2 3 11 7 19 16 14 4 9 13 8 20 6 15 
student 395: 3 18 20 2 17 9 11 6 10 1 4 15 14 16 12 8 13 19 5 7 
student 396: 19 7 5 14 20 17 8 13 16 6 10 9 11 1 15 3 12 18 2 4 
student 397: 1 20 15 17 2 11 8 5 12 9 7 6 14 19 3 4 10 16 13 18 
student 398: 5 17 1 14 12 16 13 4 11 15 10 3 18 8 19 2 9 20 7 6 
student 399: 15 16 3 9 12 17 19 10 13 6 2 14 8 7 18 4 5 20 11 1 
student 400: 6 15 14 5 18 4 17 2 1 3 12 11 16 13 20 9 8 10 7 19 
student 401: 7 18 9 5 11 15 2 3 16 4 20 14 10 8 12 1 19 13 17 6 
student 402: 6 18 7 12 17 1 11 4 15 5 14 20 10 16 9 2 13 19 3 8 
student 403: 11 9 5 8 7 6 13 20 16 14 3 2 15 10 19 12 18 17 1 4 
student 404: 15 9 6 12 3 10 13 20 16 4 11 7 17 18 19 5 8 2 14 1 
student 405: 8 13 17 16 11 19 15 1 14 10 5 2 20 18 4 3 12 7 6 9 
student 406: 10 20 13 12 19 1 11 2 6 14 7 3 16 9 18 5 8 15 17 4 
student 407: 4 17 9 15 3 14 5 18 16 8 2 12 19 11 13 1 10 7 6 20 
student 408: 14 20 15 11 19 1 8 7 5 17 6 2 10 16 9 3 4 13 12 18 
student 409: 3 1 12 19 20 16 15 11 2 14 6 13 17 9 10 7 8 18 4 5 
student 410: 10 16 11 13 19 5 18 4 15 17 6 14 12 9 3 2 8 20 7 1 
student 411: 10 17 15 16 12 7 20 9 11 5 8 14 18 6 19 3 13 4 2 1 
student 412: 15 20 9 7 11 8 12 14 6 13 10 4 16 18 1 2 19 17 5 3 
student 413: 1 15 5 6 17 2 16 7 20 14 12 8 19 9 18 4 11 13 3 10 
student 414: 13 10 4 8 3 20 19 1 5 11 6 15 18 14 17 9 12 16 7 2 
student 415: 1 7 19 12 16 4 6 15 8 14 2 10 18 20 17 5 9 13 3 11 
student 416: 9 17 3 13 5 11 10 18 7 4 14 8 19 2 15 16 1 20 6 12 
student 417: 2 5 8 19 11 12 4 13 20 18 17 10 9 14 3 6 16 7 15 1 
student 418: 20 16 19 5 1 4 14 13 8 3 17 6 7 11 12 2 18 15 10 9 
student 419: 1 18 6 17 7 11 14 2 12 19 3 15 10 5 4 9 16 13 20 8 
student 420: 19 7 1 2 15 11 9 6 20 3 4 16 10 8 17 14 13 5 18 12 
student 421: 4 15 1 2 6 11 14 3 12 20 8 5 18 16 13 9 10 17 7 19 
student 422: 6 11 14 5 19 4 16 1 7 15 3 9 12 2 18 17 10 20 13 8 
student 423: 2 16 18 19 9 6 17 13 3 7 15 14 1 11 12 5 8 20 10 4 
student 424: 12 13 9 2 17 1 7 3 4 5 8 10 16 18 20 14 19 6 11 15 
student 425: 12 16 15 13 11 6 7 4 1 5 9 14 8 20 18 17 10 19 2 3 
student 426: 5 16 10 19 20 2 12 3 14 8 4 17 13 7 15 18 6 11 1 9 
student 427: 2 3 6 7 19 4 11 15 10 13 12 5 16 8 17 9 14 20 18 1 
student 428: 7 15 13 10 20 9 12 2 8 1 5 6 16 11 19 3 18 14 17 4 
student 429: 5 4 13 18 14 8 11 2 16 7 20 10 19 1 12 6 3 17 9 15 
student 430: 10 15 19 17 12 6 9 3 20 2 4 8 13 14 18 1 5 11 7 16 
student 431: 2 1 19 16 9 12 7 14 3 15 6 4 20 11 18 8 10 17 5 13 
student 432: 10 20 9 16 19 2 7 1 6 4 12 3 11 15 17 8 13 14 5 18 
student 433: 1 11 3 10 20 5 13 17 6 4 16 9 8 12 14 2 19 18 7 15 
student 434: 2 6 15 11 13 3 20 14 19 5 12 7 8 18 17 1 9 16 4 10 
student 435: 7 16 9 6 20 13 15 3 5 8 19 18 17 12 10 2 1 4 14 11 
student 436: 5 20 4 8 15 2 14 3 6 13 12 7 17 18 16 1 11 10 9 19 
student 437: 13 16 8 17 1 15 18 14 5 7 11 12 2 19 6 9 10 20 3 4 
student 438: 12 18 6 16 20 15 13 3 7 17 1 5 4 14 11 9 2 19 10 8 
student 439: 12 8 7 17 14 6 11 2 18 3 9 5 16 10 20 1 13 15 19 4 
student 440: 5 19 14 9 20 1 2 7 8 12 18 16 15 10 13 4 17 11 3 6 
student 441: 19 16 17 20 15 4 9 2 7 11 8 1 14 10 13 5 12 18 3 6 
student 442: 5 11 20 6 17 8 10 4 14 12 7 9 15 16 18 2 19 13 1 3 
student 443: 1 13 17 14 19 2 16 7 11 9 4 12 20 6 10 5 18 15 8 3 
student 444: 16 13 7 19 11 9 14 2 17 8 18 12 3 5 20 6 15 10 4 1 
student 445: 2 4 10 8 17 7 3 18 15 13 5 6 20 12 19 16 14 1 11 9 
student 446: 7 16 18 17 15 2 12 6 11 9 19 8 1 20 3 4 14 10 5 13 
student 447: 7 13 19 6 9 17 3 2 11 18 14 16 8 4 12 1 15 10 5 20 
student 448: 11 19 15 9 13 5 4 10 20 12 1 18 6 2 17 7 8 14 3 16 
student 449: 19 20 9 7 16 13 10 3 14 18 12 11 15 6 17 1 5 4 2 8 
student 450: 6 13 16 15 10 12 14 2 7 4 3 9 8 1 20 5 18 11 19 17 
student 451: 5 8 11 20 16 13 4 2 19 1 10 15 12 18 17 9 7 14 6 3 
student 452: 3 16 1 4 15 20 9 2 7 8 10 13 18 17 14 5 11 19 12 6 
student 453: 5 1 3 16 14 20 7 4 10 13 19 8 15 18 12 17 9 11 2 6 
student 454: 1 3 14 9 16 4 15 2 6 8 17 10 11 18 5 13 19 20 12 7 
student 455: 6 18 3 13 17 10 14 5 15 1 16 11 20 8 9 2 7 19 4 12 
student 456: 3 6 8 18 11 2 19 4 17 12 7 13 10 16 15 5 14 1 9 20 
student 457: 4 8 16 20 12 3 10 11 17 2 15 13 19 14 1 5 7 6 18 9 
student 458: 3 11 13 18 16 8 19 5 15 12 7 4 2 14 9 6 17 20 10 1 
student 459: 3 8 17 4 11 15 5 1 13 2 18 20 12 9 14 16 6 19 10 7 
student 460: 17 13 5 19 18 1 10 8 12 11 20 15 6 3 14 9 2 16 7 4 
student 461: 13 20 11 16 5 2 4 7 10 18 12 15 9 14 19 6 3 8 17 1 
student 462: 7 17 20 1 8 12 18 14 19 4 11 5 16 9 10 3 13 15 2 6 
student 463: 1 10 8 20 19 17 2 16 12 4 6 9 18 11 13 7 5 3 14 15 
student 464: 7 4 3 5 16 19 9 20 17 13 8 6 11 15 18 1 10 14 12 2 
student 465: 4 14 16 13 18 6 5 3 7 11 20 2 15 17 19 9 8 1 10 12 
student 466: 9 20 14 13 7 3 1 6 2 10 4 8 5 15 12 18 11 16 17 19 
student 467: 3 13 2 6 14 7 15 9 1 20 4 10 17 5 11 8 12 18 19 16 
student 468: 1 19 5 8 12 17 2 4 18 15 16 6 7 10 9 14 13 20 3 11 
student 469: 11 7 13 14 20 1 19 9 8 18 2 6 12 15 17 3 10 4 5 16 
student 470: 5 12 3 11 19 13 15 14 4 6 8 2 1 10 16 17 18 20 7 9 
student 471: 15 5 18 11 16 14 9 17 3 2 6 13 12 20 7 10 1 19 4 8 
student 472: 4 7 18 15 16 3 19 6 13 17 9 8 14 2 20 10 1 12 5 11 
student 473: 20 6 5 9 4 10 2 1 13 3 15 12 14 18 7 17 16 19 8 11 
student 474: 1 14 20 5 7 16 12 11 3 18 10 2 19 13 15 4 6 17 9 8 
student 475: 12 9 18 5 13 3 20 4 15 17 2 8 19 10 14 6 11 16 1 7 
student 476: 8 13 9 16 10 5 7 12 19 1 18 3 6 15 20 11 17 14 2 4 
student 477: 13 16 2 8 19 7 6 5 17 1 9 18 15 11 20 3 12 14 10 4 
student 478: 2 19 10 12 1 8 15 9 16 20 17 18 11 5 13 4 7 6 3 14 
student 479: 11 18 5 13 20 17 12 7 19 15 4 1 3 8 2 6 14 16 9 10 
student 480: 3 6 5 17 16 1 18 7 9 2 15 14 8 20 11 13 12 19 4 10 
student 481: 4 12 6 15 16 1 18 9 19 13 11 7 10 17 8 2 20 14 3 5 
student 482: 4 8 20 13 19 12 6 15 7 17 9 5 1 3 16 2 18 10 14 11 
student 483: 7 17 13 12 9 10 2 11 8 20 5 18 6 16 15 4 14 19 1 3 
student 484: 14 9 10 12 16 5 13 1 7 2 20 3 18 6 19 4 17 11 8 15 
student 485: 16 1 6 19 4 11 20 17 14 2 18 13 9 7 12 10 15 5 3 8 
student 486: 5 16 20 19 14 18 12 3 8 17 13 1 9 7 4 10 15 11 6 2 
student 487: 2 12 10 19 9 13 3 18 17 8 14 4 5 7 20 15 11 16 1 6 
student 488: 8 19 2 20 5 1 18 3 14 6 17 13 12 7 11 16 4 10 9 15 
student 489: 8 4 14 11 7 10 16 2 6 5 9 17 20 12 18 3 15 13 1 19 
student 490: 10 1 18 20 16 6 15 5 9 8 12 17 13 19 7 2 14 11 4 3 
student 491: 3 2 12 10 14 5 20 1 8 18 11 15 13 19 17 9 7 16 4 6 
student 492: 2 14 4 17 12 1 19 9 5 18 11 7 20 13 16 3 15 6 10 8 
student 493: 1 18 12 2 4 6 20 16 9 15 5 8 19 13 14 17 10 11 3 7 
student 494: 8 13 11 6 19 4 10 7 14 3 18 1 17 20 12 16 5 15 2 9 
student 495: 1 9 8 18 16 12 6 20 3 15 7 10 4 11 19 2 13 14 17 5 
student 496: 11 20 13 15 8 9 12 1 5 18 17 7 3 19 14 16 6 2 10 4 
student 497: 4 14 19 15 1 6 9 18 7 2 17 12 8 3 11 5 16 20 10 13 
student 498: 1 6 5 14 12 2 7 19 3 13 9 8 11 10 17 16 20 18 4 15 
student 499: 9 12 6 18 7 11 20 17 4 13 2 10 16 3 1 5 15 14 19 8 
student 500: 16 7 15 18 2 10 12 9 19 13 8 6 14 20 17 4 3 11 1 5 
student 501: 14 18 10 11 7 1 16 3 20 8 12 17 5 9 19 2 6 4 13 15 
student 502: 6 13 12 8 17 11 14 20 10 7 4 3 2 5 18 1 9 19 16 15 
student 503: 6 18 5 2 13 1 16 9 17 15 11 14 8 7 20 19 3 4 12 10 
student 504: 12 20 9 19 17 1 16 2 15 8 11 4 5 13 14 6 7 18 10 3 
student 505: 7 8 5 20 13 3 4 1 12 2 11 10 19 14 16 15 9 17 6 18 
student 506: 17 4 5 9 3 10 6 8 18 13 19 15 7 1 16 12 2 11 20 14 
student 507: 2 7 9 14 15 10 8 6 5 13 11 12 19 16 20 1 17 18 3 4 
student 508: 2 13 3 12 9 8 11 20 4 10 7 5 17 15 16 1 14 19 18 6 
student 509: 19 7 9 6 14 3 20 8 11 2 10 4 13 5 15 16 12 17 1 18 
student 510: 5 16 17 6 10 7 19 13 20 1 4 9 15 11 14 12 3 8 18 2 
student 511: 1 5 16 4 10 20 6 8 18 15 3 17 11 12 13 19 7 14 9 2 
student 512: 6 15 20 11 16 4 18 2 5 14 9 1 7 13 19 10 8 12 17 3 
student 513: 7 19 4 13 17 5 20 9 11 6 10 14 3 18 15 2 12 1 8 16 
student 514: 3 4 7 15 14 19 11 16 18 5 9 12 10 8 17 6 2 20 1 13 
student 515: 18 15 4 1 17 6 11 14 7 9 8 19 5 10 16 3 12 13 2 20 
student 516: 6 16 8 20 17 9 19 10 18 7 15 2 11 3 5 12 4 14 1 13 
student 517: 7 10 16 15 13 18 11 20 5 2 8 1 6 14 19 4 17 3 12 9 
student 518: 7 6 18 16 15 1 8 4 2 3 17 10 14 13 20 5 11 19 9 12 
student 519: 7 4 12 14 15 18 11 2 17 19 1 13 8 5 16 6 10 20 3 9 
student 520: 13 10 1 3 6 11 19 16 9 12 8 17 20 15 5 4 18 2 7 14 
student 521: 15 13 3 10 9 2 7 14 6 18 11 5 4 8 12 16 19 17 1 20 
student 522: 7 2 17 14 15 1 10 3 18 13 9 6 5 16 19 4 11 12 8 20 
student 523: 19 18 12 9 15 3 11 20 4 17 8 6 13 16 14 10 1 7 2 5 
student 524: 16 18 20 6 14 5 13 1 8 10 19 4 17 2 3 12 11 15 9 7 
student 525: 13 16 12 20 9 4 15 2 7 1 11 14 19 5 18 6 8 10 17 3 
student 526: 10 17 12 20 9 11 13 1 14 4 15 7 18 19 16 5 2 3 6 8 
student 527: 4 18 1 5 17 2 19 8 10 6 3 15 20 7 14 9 12 13 16 11 
student 528: 2 4 13 14 15 17 12 9 8 6 20 7 19 11 16 3 5 18 10 1 
student 529: 1 18 3 14 20 2 9 4 15 11 12 10 17 16 19 8 7 5 13 6 
student 530: 5 11 8 20 9 3 4 14 17 7 19 6 2 10 18 1 12 15 16 13 
student 531: 17 18 8 9 14 3 20 1 19 13 5 4 12 11 15 2 10 7 6 16 
student 532: 15 17 14 4 2 18 20 1 3 12 10 16 11 6 13 7 9 19 5 8 
student 533: 4 6 10 5 20 13 14 1 2 15 12 8 17 9 18 19 7 16 11 3 
student 534: 2 14 16 5 7 20 9 4 13 10 8 12 11 17 19 15 18 6 3 1 
student 535: 3 11 12 13 14 18 2 9 16 6 7 4 10 5 15 20 17 19 8 1 
student 536: 7 15 13 11 17 5 3 6 9 20 14 10 18 12 1 4 8 19 16 2 
student 537: 2 20 18 16 19 5 11 8 1 13 7 10 15 12 14 4 17 3 9 6 
student 538: 1 10 11 20 5 13 16 6 2 18 4 19 14 12 7 8 15 17 9 3 
student 539: 5 17 15 19 18 13 16 2 8 7 12 4 14 1 10 6 11 20 9 3 
student 540: 15 4 18 12 9 14 11 13 6 17 2 7 8 10 19 1 5 16 3 20 
student 541: 1 14 20 5 16 8 13 12 4 2 11 3 9 17 19 15 10 18 7 6 
student 542: 3 1 16 7 18 2 14 13 5 9 17 6 4 19 15 8 20 11 12 10 
student 543: 7 20 11 17 3 1 5 14 16 12 4 9 8 18 13 15 10 19 2 6 
student 544: 9 17 14 20 15 3 12 1 11 13 10 19 6 7 4 8 16 18 2 5 
student 545: 17 7 20 13 10 2 12 1 11 16 19 14 9 6 3 15 18 4 5 8 
student 546: 9 16 10 14 19 1 13 7 17 8 18 3 6 15 20 5 12 4 2 11 
student 547: 19 13 3 7 17 1 4 2 20 14 8 11 9 16 10 15 6 18 5 12 
student 548: 10 11 6 20 19 8 9 15 12 4 17 1 3 16 18 7 13 2 5 14 
student 549: 3 9 12 2 17 16 5 13 6 4 15 10 14 18 11 19 8 20 7 1 
student 550: 1 12 17 9 18 8 10 5 14 15 7 2 11 6 16 4 19 13 3 20 
student 551: 10 11 16 12 7 5 18 2 17 15 14 6 4 19 9 3 13 8 1 20 
student 552: 8 19 20 12 18 13 14 10 5 1 9 7 17 16 11 6 3 15 2 4 
student 553: 1 14 13 8 9 4 18 15 2 17 16 5 11 3 10 7 20 19 12 6 
student 554: 2 20 16 17 14 8 10 6 9 12 15 11 3 19 18 4 7 13 1 5 
student 555: 19 11 16 2 8 7 5 13 4 1 14 9 20 6 10 12 3 18 17 15 
student 556: 18 19 15 12 11 6 1 9 13 5 7 10 17 14 16 20 4 8 2 3 
student 557: 4 18 1 15 11 20 13 6 10 14 8 2 9 19 12 3 16 7 5 17 
student 558: 13 7 16 6 18 1 20 9 17 12 14 4 8 5 19 2 3 15 10 11 
student 559: 1 17 6 12 19 18 15 3 13 11 7 4 9 2 14 5 10 20 8 16 
student 560: 8 6 12 16 14 3 1 17 4 5 13 9 18 10 20 2 11 15 7 19 
student 561: 11 8 12 6 20 5 19 10 15 14 3 2 13 18 16 7 17 1 9 4 
student 562: 9 13 4 19 14 17 18 2 10 12 5 6 16 8 15 1 11 20 7 3 
student 563: 6 19 1 11 14 18 9 7 10 4 5 17 3 15 8 2 12 16 13 20 
student 564: 10 19 20 14 13 8 11 3 18 17 6 9 4 2 7 15 12 16 5 1 
student 565: 11 10 19 7 18 6 9 5 17 2 16 4 3 20 12 8 13 14 1 15 
student 566: 15 8 19 18 4 12 5 3 17 2 10 6 14 11 7 1 20 13 16 9 
student 567: 12 18 17 6 16 13 15 4 20 9 14 2 7 10 5 3 8 1 19 11 
student 568: 11 4 3 19 14 2 1 9 16 15 5 8 17 18 7 10 13 20 6 12 
student 569: 12 19 14 5 13 4 17 15 8 11 6 10 18 9 20 2 7 1 3 16 
student 570: 7 15 13 16 1 8 14 3 17 2 18 4 6 10 19 9 11 20 12 5 
student 571: 16 19 17 11 14 7 4 12 20 2 3 9 13 5 18 8 6 10 1 15 
student 572: 9 6 2 18 11 1 14 5 3 20 10 12 17 13 16 7 19 4 8 15 
student 573: 7 16 18 9 12 3 2 5 8 13 15 14 6 11 17 10 19 20 1 4 
student 574: 10 16 14 5 18 8 4 3 1 2 7 9 17 13 19 20 15 11 6 12 
student 575: 10 6 11 19 14 1 12 3 7 18 15 5 16 2 17 4 13 9 20 8 
student 576: 17 7 16 18 14 11 13 3 6 8 15 10 20 4 9 1 19 5 2 12 
student 577: 16 11 17 18 4 5 9 1 13 7 10 8 3 14 12 15 20 19 6 2 
student 578: 10 19 18 2 5 6 20 4 1 3 9 12 8 13 15 11 16 17 14 7 
student 579: 13 1 9 19 18 4 5 6 14 10 20 8 17 16 11 2 7 12 15 3 
student 580: 12 15 16 1 9 2 7 6 8 20 13 10 14 4 18 5 11 19 3 17 
student 581: 11 14 4 12 19 13 20 16 9 5 18 6 1 17 8 2 7 10 3 15 
student 582: 2 9 17 14 20 6 1 7 16 11 18 13 12 3 19 5 10 8 4 15 
student 583: 3 10 12 18 17 1 15 8 4 20 7 14 11 6 16 9 2 5 19 13 
student 584: 16 20 10 11 14 15 5 4 1 2 6 9 17 8 18 7 13 12 3 19 
student 585: 9 14 1 19 12 6 15 7 17 13 16 3 18 5 8 10 2 20 4 11 
student 586: 4 20 10 6 11 9 12 3 17 7 5 8 15 1 19 2 14 13 16 18 
student 587: 14 18 7 2 19 10 4 12 1 16 9 3 15 6 20 5 13 8 11 17 
student 588: 4 5 9 18 3 11 15 7 16 1 6 2 13 14 19 12 20 8 10 17 
student 589: 6 1 5 14 17 4 11 12 16 9 2 3 19 15 10 7 13 20 18 8 
student 590: 1 9 20 3 14 8 4 12 10 5 7 2 11 19 16 15 13 17 6 18 
student 591: 9 18 17 12 19 11 6 8 1 15 16 10 14 3 20 7 13 2 5 4 
student 592: 2 10 6 16 17 13 14 15 20 7 4 1 12 8 3 9 19 11 18 5 
student 593: 5 18 20 14 10 9 11 12 19 8 15 1 6 2 16 3 17 13 4 7 
student 594: 12 18 11 13 6 5 4 20 9 8 10 15 7 2 16 1 19 17 3 14 
student 595: 2 12 13 11 8 20 19 3 17 14 10 7 15 6 9 5 18 16 1 4 
student 596: 5 14 17 11 19 18 16 6 12 1 13 15 4 7 9 10 8 20 3 2 
student 597: 2 19 10 8 16 12 11 6 7 5 13 14 3 1 18 15 17 20 4 9 
student 598: 13 14 8 12 17 3 18 1 19 11 4 7 20 2 15 5 16 10 9 6 
student 599: 17 6 8 14 19 18 13 16 12 11 4 5 1 3 10 2 15 7 9 20 
student 600: 1 16 17 6 10 9 8 12 15 2 19 11 14 3 13 4 20 18 5 7 
student 601: 3 5 14 17 19 7 15 12 16 6 13 8 1 11 9 2 10 18 20 4 
student 602: 1 19 13 9 10 8 12 20 6 5 15 4 7 17 18 3 11 14 2 16 
student 603: 14 10 7 11 12 8 17 2 20 3 4 13 18 16 15 9 5 19 1 6 
student 604: 17 20 1 11 15 10 13 3 9 18 12 8 7 4 19 6 2 16 14 5 
student 605: 18 11 19 2 9 7 17 6 10 8 20 15 16 4 14 1 5 12 3 13 
student 606: 14 19 17 20 8 2 12 4 18 7 11 6 16 5 13 15 10 3 9 1 
student 607: 7 14 9 19 18 4 6 8 12 10 20 13 11 2 17 3 16 5 15 1 
student 608: 13 20 9 17 3 7 19 2 14 10 12 11 6 4 15 5 1 16 18 8 
student 609: 2 13 17 20 19 18 14 6 4 8 10 1 15 7 11 3 9 12 5 16 
student 610: 14 11 9 12 15 13 16 3 10 2 8 1 18 19 17 7 20 5 4 6 
student 611: 11 14 18 19 12 8 6 5 3 16 17 1 7 10 4 20 13 15 9 2 
student 612: 20 16 14 12 15 7 4 8 3 1 6 2 10 13 18 5 11 17 19 9 
student 613: 2 14 13 20 4 1 18 7 9 8 16 3 19 17 11 5 15 12 6 10 
student 614: 5 15 10 19 18 12 13 8 1 2 7 17 14 9 20 3 11 16 4 6 
student 615: 1 8 4 14 19 2 20 7 16 12 11 5 9 13 17 6 18 15 3 10 
student 616: 19 9 11 2 8 4 3 17 5 1 14 16 18 15 12 10 6 13 7 20 
student 617: 9 20 2 19 7 18 8 6 5 11 17 10 3 16 12 1 13 15 14 4 
student 618: 1 9 12 17 8 4 11 5 10 15 14 16 20 18 13 6 19 2 3 7 
student 619: 17 6 10 7 18 1 16 5 15 3 9 2 11 12 19 4 8 20 13 14 
student 620: 3 10 9 18 16 11 12 14 4 15 20 6 7 17 13 2 19 1 5 8 
student 621: 8 13 11 14 16 1 2 5 18 4 10 15 17 7 12 9 20 19 3 6 
student 622: 11 5 16 6 17 3 13 4 2 14 20 18 7 15 19 10 1 9 12 8 
student 623: 6 12 16 20 17 10 7 5 1 2 15 3 14 9 19 13 18 4 8 11 
student 624: 11 14 6 15 17 8 9 1 7 4 18 2 19 3 20 10 5 16 13 12 
student 625: 12 13 2 3 11 5 1 18 16 8 10 4 19 20 6 15 9 17 7 14 
student 626: 2 19 10 15 11 9 16 4 7 1 14 13 18 5 12 8 17 6 3 20 
student 627: 14 11 13 19 12 5 20 7 10 2 9 15 18 8 1 4 16 17 6 3 
student 628: 5 20 10 19 16 8 13 3 17 12 15 11 9 7 14 2 18 6 1 4 
student 629: 17 14 9 16 11 20 13 1 2 10 7 8 5 4 12 15 18 19 6 3 
student 630: 19 7 16 13 8 14 17 11 4 2 6 5 3 20 9 15 12 10 1 18 
student 631: 3 2 10 7 19 20 4 13 11 14 5 16 6 1 15 12 18 9 8 17 
student 632: 13 1 20 16 17 6 2 5 18 19 12 4 7 14 3 15 9 8 10 11 
student 633: 10 9 13 19 16 4 8 5 2 14 12 1 11 3 15 6 18 20 7 17 
student 634: 2 19 17 9 18 5 14 7 16 3 10 15 11 13 4 6 20 8 1 12 
student 635: 2 17 18 14 15 5 6 12 10 1 9 13 19 16 11 8 7 20 3 4 
student 636: 14 7 2 10 11 15 5 9 1 8 12 16 4 17 18 3 20 19 6 13 
student 637: 6 13 18 11 15 8 3 20 2 12 14 9 1 7 19 5 10 17 4 16 
student 638: 17 16 20 19 18 5 2 14 7 15 6 3 12 11 10 1 8 13 4 9 
student 639: 9 7 13 10 15 1 14 11 18 3 20 17 19 5 6 8 12 4 2 16 
student 640: 15 18 5 2 10 11 20 8 9 13 4 1 19 16 7 14 3 12 6 17 
student 641: 16 17 20 5 13 1 14 3 9 10 2 7 8 18 19 15 11 12 4 6 
student 642: 4 14 16 18 17 19 1 2 9 12 7 5 15 11 8 20 6 10 13 3 
student 643: 7 14 19 15 18 2 17 9 13 11 1 6 12 3 16 4 10 20 8 5 
student 644: 5 10 2 9 13 17 3 16 6 7 1 12 8 11 18 4 19 14 20 15 
student 645: 1 7 14 13 20 17 18 11 6 8 2 4 10 9 15 5 16 19 3 12 
student 646: 3 13 8 16 10 4 15 14 17 18 2 1 20 12 19 6 7 11 9 5 
student 647: 4 18 14 5 16 11 3 8 9 20 13 12 19 2 17 10 1 7 6 15 
student 648: 7 6 11 8 12 10 2 1 3 16 13 9 4 14 20 18 17 19 5 15 
student 649: 4 8 9 20 13 15 14 5 3 7 16 6 12 2 19 17 10 18 1 11 
student 650: 13 15 20 16 17 8 18 12 9 10 4 5 7 1 19 3 2 14 6 11 
student 651: 1 15 6 11 19 13 18 9 17 5 10 4 16 14 7 8 2 20 12 3 
student 652: 4 15 3 17 6 12 13 5 1 11 8 10 9 16 20 2 19 18 14 7 
student 653: 13 8 20 19 6 11 16 18 5 9 7 14 10 4 15 3 1 17 12 2 
student 654: 9 19 11 17 8 4 20 1 5 7 10 12 13 6 16 15 2 18 14 3 
student 655: 9 16 17 20 8 12 1 5 4 3 14 10 18 11 7 6 13 19 2 15 
student 656: 7 13 8 1 11 17 12 2 16 5 10 6 18 4 20 9 14 15 19 3 
student 657: 11 12 10 17 7 6 8 2 16 20 3 5 15 18 19 1 13 9 14 4 
student 658: 13 1 12 14 19 5 4 7 9 20 6 8 10 18 16 11 3 17 2 15 
student 659: 8 7 16 2 1 12 15 9 18 6 5 4 3 10 14 20 11 19 17 13 
student 660: 19 14 20 11 3 5 15 12 9 17 6 13 16 2 18 4 10 7 1 8 
student 661: 14 16 13 8 4 5 19 10 6 1 3 11 18 9 20 7 17 12 15 2 
student 662: 13 5 7 18 19 12 2 6 8 1 14 4 10 17 20 3 16 15 11 9 
student 663: 11 20 1 2 18 9 4 17 7 5 16 3 13 6 19 10 12 15 14 8 
student 664: 2 1 20 4 7 9 14 11 10 16 3 17 15 6 18 8 5 19 13 12 
student 665: 14 18 5 15 13 4 8 16 17 6 10 2 12 9 19 20 11 7 1 3 
student 666: 4 17 10 16 20 18 9 2 6 7 12 3 15 13 5 1 19 14 8 11 
student 667: 7 20 1 13 16 10 15 6 18 8 14 5 11 17 12 3 9 19 4 2 
student 668: 5 16 14 4 7 19 13 18 8 10 1 9 6 12 17 11 15 2 3 20 
student 669: 1 20 14 9 18 15 17 11 6 12 8 13 4 19 2 5 10 7 3 16 
student 670: 8 17 15 11 19 9 4 7 3 2 6 1 14 10 5 13 16 20 12 18 
student 671: 6 20 18 13 1 5 15 8 14 10 9 11 12 17 16 2 7 19 4 3 
student 672: 1 18 17 8 16 7 20 11 2 10 13 3 19 12 14 6 15 9 4 5 
student 673: 15 4 1 8 12 3 6 18 5 20 17 9 11 2 14 13 19 16 10 7 
student 674: 9 20 3 14 11 12 7 5 13 4 19 1 18 15 8 2 10 16 6 17 
student 675: 2 7 6 18 10 11 12 1 4 8 5 14 19 9 17 3 20 13 16 15 
student 676: 17 5 1 20 13 8 18 9 14 11 15 2 16 10 19 7 6 12 4 3 
student 677: 1 13 12 6 7 11 8 5 4 16 10 17 2 20 14 15 9 19 18 3 
student 678: 1 14 17 15 3 12 8 2 20 5 10 4 18 11 19 7 9 16 6 13 
student 679: 5 12 15 11 14 6 10 19 4 1 9 7 8 18 20 3 16 17 2 13 
student 680: 8 19 16 12 20 6 13 4 7 3 9 18 1 15 14 5 10 11 2 17 
student 681: 2 19 4 16 20 9 5 13 7 1 12 11 6 10 15 3 14 17 18 8 
student 682: 4 3 7 8 14 2 20 1 11 5 13 9 12 18 16 6 10 19 17 15 
student 683: 19 11 20 7 6 5 2 9 14 10 8 18 13 4 16 3 15 17 12 1 
student 684: 16 20 1 9 5 10 11 17 4 6 8 2 12 19 18 3 7 14 15 13 
student 685: 11 14 13 18 12 7 17 3 4 9 5 2 6 20 10 19 8 16 1 15 
student 686: 5 2 12 14 9 3 15 7 8 20 19 13 1 6 16 11 4 17 10 18 
student 687: 1 5 13 19 14 2 4 10 18 3 8 11 17 9 20 6 15 16 7 12 
student 688: 5 18 20 16 7 8 19 1 10 2 6 12 4 11 15 3 13 17 9 14 
student 689: 12 8 5 4 2 10 7 13 9 11 1 3 16 20 19 6 18 17 15 14 
student 690: 7 14 20 3 13 18 19 6 10 9 16 8 15 1 2 5 17 12 11 4 
student 691: 1 10 17 18 12 16 8 11 13 4 5 2 15 14 9 3 20 19 6 7 
student 692: 3 12 2 15 20 6 10 16 9 14 1 13 8 4 17 7 11 19 18 5 
student 693: 2 10 12 17 18 15 14 8 1 11 3 19 20 9 13 7 5 16 6 4 
student 694: 17 13 12 11 18 2 6 4 8 20 5 15 14 3 9 16 10 19 1 7 
student 695: 18 9 5 17 12 14 19 3 10 1 16 6 8 7 13 11 15 20 4 2 
student 696: 11 18 20 14 16 1 6 3 5 8 9 7 4 15 17 13 10 19 12 2 
student 697: 14 8 11 20 1 16 18 4 3 19 7 2 5 10 12 17 9 13 15 6 
student 698: 9 16 10 2 15 3 19 14 5 4 17 1 20 13 8 6 12 18 7 11 
student 699: 2 8 6 11 20 13 9 18 16 15 10 4 17 3 7 12 5 14 1 19 
student 700: 7 4 14 20 13 2 6 17 11 16 10 1 15 9 18 3 19 8 5 12 
student 701: 12 2 1 18 5 6 7 10 13 4 15 17 20 14 9 3 16 19 11 8 
student 702: 5 10 3 16 8 12 2 15 9 6 20 17 14 13 11 1 18 19 7 4 
student 703: 6 9 4 16 8 5 10 20 7 2 12 15 19 13 17 1 11 14 18 3 
student 704: 19 13 9 10 2 7 6 12 15 5 1 4 20 18 16 3 11 14 8 17 
student 705: 3 15 11 2 1 13 6 7 4 9 10 20 5 16 14 8 12 18 19 17 
student 706: 4 8 18 10 6 2 12 3 5 1 14 11 20 19 16 7 9 15 17 13 
student 707: 12 16 15 11 9 19 14 6 7 10 20 17 5 4 18 2 13 3 1 8 
student 708: 3 10 7 19 20 5 15 18 4 8 11 17 9 2 16 6 1 13 14 12 
student 709: 2 14 4 20 10 1 17 8 6 12 9 11 19 16 7 5 15 13 3 18 
student 710: 2 7 12 8 4 3 1 9 15 11 20 10 14 17 6 5 13 19 16 18 
student 711: 11 12 4 7 13 1 10 17 15 16 9 19 18 20 2 14 8 6 5 3 
student 712: 20 6 3 17 5 1 19 11 14 9 8 12 13 2 4 7 18 15 10 16 
student 713: 12 18 15 16 11 20 9 3 10 14 17 13 19 5 6 1 2 8 7 4 
student 714: 19 11 6 20 12 4 1 3 7 2 18 8 13 5 17 10 15 14 16 9 
student 715: 8 20 3 12 15 11 17 13 5 2 14 9 18 4 10 1 7 6 19 16 
student 716: 8 18 14 4 5 1 7 10 2 6 9 13 19 11 20 15 12 16 3 17 
student 717: 6 12 17 5 13 1 15 8 14 11 2 16 7 18 20 3 9 4 10 19 
student 718: 6 11 5 18 10 17 20 15 12 2 19 4 3 13 9 8 16 14 1 7 
student 719: 3 17 6 14 19 2 18 13 20 5 4 12 7 16 15 1 10 11 9 8 
student 720: 4 9 13 3 16 1 15 10 8 11 19 14 6 5 18 2 20 17 7 12 
student 721: 2 18 12 4 16 7 20 13 10 9 15 11 19 17 14 8 1 6 5 3 
student 722: 6 5 13 14 16 3 8 9 10 15 11 2 4 12 18 7 20 17 1 19 
student 723: 2 4 8 9 12 10 3 13 20 14 6 7 11 18 15 1 16 17 5 19 
student 724: 19 20 18 14 13 12 9 17 11 7 5 4 8 1 15 3 6 2 10 16 
student 725: 2 10 13 17 20 12 16 4 6 9 11 14 7 18 15 1 8 19 3 5 
student 726: 6 9 14 5 20 10 16 4 3 15 11 18 8 19 17 1 2 13 7 12 
student 727: 18 14 10 6 16 11 19 4 13 7 8 3 12 5 15 9 17 1 2 20 
student 728: 9 16 20 11 18 5 4 12 15 19 10 3 13 17 7 2 1 8 6 14 
student 729: 11 10 6 8 14 19 7 3 20 1 4 9 13 18 16 2 15 17 12 5 
student 730: 3 14 1 18 9 4 10 16 12 15 8 13 20 17 19 2 6 11 7 5 
student 731: 2 14 20 9 15 12 7 6 5 11 8 4 16 13 19 1 3 17 10 18 
student 732: 1 6 10 15 8 9 2 13 7 17 5 3 11 12 19 16 14 18 20 4 
student 733: 3 20 1 15 7 8 18 19 4 11 2 17 9 5 12 13 6 10 16 14 
student 734: 11 20 2 10 19 8 6 4 1 17 14 9 16 7 15 12 13 18 3 5 
student 735: 14 16 19 17 5 7 3 6 12 2 9 8 1 13 18 11 4 20 10 15 
student 736: 12 13 6 9 18 7 15 5 4 10 17 11 14 20 19 3 8 1 16 2 
student 737: 6 16 10 1 11 5 19 20 4 12 18 14 7 17 8 13 15 2 3 9 
student 738: 1 11 12 19 20 16 3 9 4 6 14 5 17 10 18 13 2 8 7 15 
student 739: 7 8 19 10 15 9 3 17 5 13 16 18 6 20 4 1 2 14 11 12 
student 740: 1 8 17 4 15 3 19 11 5 18 13 12 10 2 16 7 20 6 9 14 
student 741: 6 5 2 17 9 1 7 8 11 18 14 10 20 4 3 15 16 13 12 19 
student 742: 6 8 4 20 19 14 1 13 9 2 15 10 18 16 3 5 17 12 7 11 
student 743: 1 13 15 14 19 3 8 5 4 2 11 18 20 9 17 6 10 16 7 12 
student 744: 4 17 11 3 7 2 13 15 18 5 1 16 10 6 19 14 8 20 12 9 
student 745: 13 17 10 14 12 3 8 9 7 1 19 20 11 16 15 5 2 18 6 4 
student 746: 10 8 2 15 19 4 7 20 17 13 18 12 9 16 6 11 14 3 1 5 
student 747: 3 19 12 6 15 1 4 2 17 9 14 8 10 16 18 5 11 13 7 20 
student 748: 4 18 13 7 20 3 19 1 6 10 17 8 11 12 16 14 5 15 9 2 
student 749: 8 16 15 1 2 14 20 4 17 6 9 3 5 12 19 10 18 11 7 13 
student 750: 7 15 3 19 17 2 4 16 1 10 9 5 18 8 11 12 14 20 6 13 
student 751: 3 10 6 19 18 8 11 15 14 7 9 17 2 12 5 1 16 20 4 13 
student 752: 8 11 7 9 14 1 13 15 3 16 17 20 19 4 10 5 12 18 2 6 
student 753: 10 4 11 16 5 15 19 8 14 3 1 7 18 17 6 2 12 20 9 13 
student 754: 15 9 11 13 12 3 16 7 6 17 19 4 18 5 14 1 8 20 2 10 
student 755: 12 20 9 13 16 7 17 3 4 14 19 18 11 8 5 1 10 2 15 6 
student 756: 6 12 15 17 11 2 7 9 1 4 10 5 14 19 20 3 18 13 8 16 
student 757: 3 15 5 6 8 11 18 20 9 14 12 1 13 7 19 10 2 16 4 17 
student 758: 16 6 14 13 20 11 12 15 9 5 3 1 7 8 17 18 10 19 2 4 
student 759: 6 4 15 8 18 2 12 10 9 7 20 13 17 14 19 3 11 5 1 16 
student 760: 8 19 17 10 20 1 5 4 12 2 9 15 11 3 14 7 13 18 16 6 
student 761: 12 13 15 9 20 4 16 8 10 1 19 2 5 3 17 6 18 7 11 14 
student 762: 1 20 11 16 12 10 8 7 6 14 2 17 13 18 15 5 3 19 9 4 
student 763: 3 9 6 14 20 17 11 15 16 18 12 7 5 10 19 1 4 2 8 13 
student 764: 4 7 6 19 11 9 10 2 20 17 12 14 16 5 1 3 13 18 8 15 
student 765: 13 20 16 5 9 4 6 8 15 19 10 12 14 7 17 1 3 18 11 2 
student 766: 13 20 15 19 9 1 17 11 12 6 18 3 10 14 7 16 2 4 5 8 
student 767: 1 13 11 2 9 6 18 8 14 5 16 15 3 10 17 4 19 20 7 12 
student 768: 20 7 12 6 18 3 13 15 5 8 16 11 2 14 17 4 19 1 9 10 
student 769: 13 20 19 2 18 6 9 5 11 3 4 7 16 8 12 1 17 14 10 15 
student 770: 2 17 11 14 13 5 1 6 10 12 9 4 16 18 3 7 20 15 8 19 
student 771: 7 14 11 9 16 8 12 2 15 18 19 6 17 3 20 4 1 5 13 10 
student 772: 3 12 19 14 10 4 18 15 13 6 8 2 1 11 17 5 20 16 9 7 
student 773: 13 11 16 2 15 18 9 3 14 19 1 10 17 8 20 5 6 4 7 12 
student 774: 5 13 10 14 17 18 9 6 7 1 4 2 16 19 3 12 11 15 8 20 
student 775: 7 8 18 5 12 14 19 15 13 17 1 9 6 4 10 3 11 20 2 16 
student 776: 3 9 5 17 4 12 7 14 6 20 2 8 19 15 18 16 10 11 1 13 
student 777: 11 16 5 6 15 7 8 3 13 10 14 18 4 1 17 12 20 19 2 9 
student 778: 5 18 6 7 17 14 16 2 4 13 19 11 1 15 10 8 9 20 3 12 
student 779: 5 16 13 10 7 6 12 1 11 4 2 8 19 3 20 9 14 18 17 15 
student 780: 2 18 12 7 17 11 19 16 13 10 3 14 20 6 15 9 8 5 4 1 
student 781: 3 18 13 12 15 19 6 11 16 10 5 8 7 1 17 2 14 20 4 9 
student 782: 1 15 20 2 17 12 10 8 19 5 11 4 14 18 9 6 13 16 3 7 
student 783: 12 15 4 1 9 7 13 5 11 17 20 2 8 10 18 16 14 19 3 6 
student 784: 13 7 14 15 20 5 11 10 18 19 9 16 8 17 12 3 6 4 2 1 
student 785: 11 19 1 18 17 5 6 14 9 10 15 20 4 2 13 3 8 16 12 7 
student 786: 9 15 4 8 20 3 16 7 19 10 14 13 17 12 18 6 2 11 1 5 
student 787: 2 13 18 1 7 8 3 9 6 4 12 16 17 5 20 10 14 19 11 15 
student 788: 4 19 17 13 5 10 3 6 14 7 9 12 20 16 2 11 18 1 15 8 
student 789: 2 19 7 3 4 16 17 1 13 20 14 9 12 18 15 11 6 8 5 10 
student 790: 9 10 4 19 2 5 3 6 14 8 18 15 13 17 12 1 7 20 16 11 
student 791: 16 8 15 11 17 18 9 4 3 12 7 19 13 1 6 14 5 20 2 10 
student 792: 6 17 2 14 18 15 3 19 13 12 16 5 8 11 9 4 7 20 10 1 
student 793: 6 19 8 16 12 10 11 17 3 13 9 2 5 1 18 7 20 15 4 14 
student 794: 11 16 12 8 20 2 14 15 5 4 3 10 6 17 9 1 18 13 7 19 
student 795: 5 18 13 4 9 6 20 10 14 17 7 1 15 12 16 11 3 19 2 8 
student 796: 13 12 5 16 8 9 3 20 7 11 17 14 6 19 15 4 18 10 1 2 
student 797: 4 9 17 7 16 8 12 20 18 3 14 11 10 15 2 13 6 19 1 5 
student 798: 1 13 20 10 9 6 14 4 11 19 5 15 17 12 18 7 2 16 8 3 
student 799: 2 20 8 18 7 12 15 1 13 4 9 17 19 10 11 5 14 16 3 6 
