student 0: 18 13 10 16 11 1 7 9 20 6 17 12 4 15 2 3 8 5 19 14 
student 1: 11 16 4 7 12 17 19 8 14 2 9 3 1 15 18 13 5 20 10 6 
student 2: 13 8 10 9 17 12 20 16 14 3 15 6 5 19 4 7 1 18 11 2 
student 3: 8 10 17 12 15 18 19 2 9 5 6 4 16 20 7 13 1 14 11 3 
student 4: 19 11 3 9 18 6 10 16 14 4 15 5 17 13 2 1 12 8 7 20 
student 5: 5 19 2 15 4 6 14 1 10 12 17 11 20 13 3 18 16 8 7 9 
student 6: 7 19 4 11 17 12 8 16 20 1 14 13 15 18 9 6 5 3 2 10 
student 7: 6 3 14 8 17 5 7 16 15 1 12 2 10 9 18 13 11 4 20 19 
student 8: 18 2 6 13 5 7 4 12 8 17 9 1 14 11 19 20 3 15 10 16 
student 9: 20 2 5 10 11 13 8 19 17 16 4 7 6 18 3 14 15 1 9 12 
student 10: 18 17 3 5 9 6 13 4 10 7 16 1 12 20 2 11 19 15 8 14 
student 11: 8 11 3 15 20 6 17 16 18 1 10 2 19 12 5 4 7 13 9 14 
student 12: 2 9 7 17 16 11 13 14 10 6 15 3 8 19 12 1 4 5 20 18 
student 13: 8 19 10 20 14 16 18 17 7 12 5 6 11 3 1 9 4 2 13 15 
student 14: 16 12 8 5 13 2 19 10 17 3 18 15 14 11 1 4 7 9 20 6 
student 15: 14 15 16 13 5 7 12 17 19 1 3 6 18 20 9 4 8 2 10 11 
student 16: 17 4 1 7 6 9 14 8 12 5 20 16 13 15 3 10 2 11 18 19 
student 17: 13 18 5 10 15 19 16 17 20 2 7 3 4 12 14 11 1 6 8 9 
student 18: 4 7 1 10 17 13 3 20 12 14 18 8 5 16 2 6 15 9 19 11 
student 19: 11 1 15 14 19 5 17 18 8 9 3 6 7 10 13 2 20 12 4 16 
student 20: 17 8 20 3 10 19 18 5 9 12 1 2 14 7 15 6 4 11 16 13 
student 21: 11 3 10 14 8 17 16 7 2 6 19 20 1 5 9 13 12 18 4 15 
student 22: 14 3 5 12 4 19 11 16 17 1 6 9 7 15 2 8 18 20 10 13 
student 23: 9 3 17 2 4 6 14 5 18 8 19 1 15 16 10 12 13 20 11 7 
student 24: 16 8 7 12 11 1 19 5 18 6 10 2 4 17 9 13 14 15 3 20 
student 25: 12 18 11 13 5 9 2 20 1 3 16 6 17 4 14 8 7 19 10 15 
student 26: 14 2 5 13 20 9 10 19 6 4 18 16 8 12 15 1 3 7 11 17 
student 27: 8 13 10 5 15 16 17 18 3 9 19 12 20 7 1 11 2 6 4 14 
student 28: 18 7 19 17 16 13 12 11 6 9 20 3 4 8 5 14 2 1 10 15 
student 29: 10 15 6 8 19 5 9 12 16 1 14 17 11 18 3 2 4 20 7 13 
student 30: 12 9 18 5 2 14 13 20 16 19 3 11 17 8 4 15 7 1 10 6 
student 31: 15 18 4 6 16 5 20 3 9 2 17 10 14 7 8 12 13 19 11 1 
student 32: 14 13 8 1 4 9 2 16 11 19 17 10 12 20 5 3 7 15 6 18 
student 33: 11 12 4 10 9 5 13 15 18 1 17 6 3 19 7 16 14 20 8 2 
student 34: 20 1 2 14 4 12 18 9 17 5 3 7 15 10 11 16 6 8 13 19 
student 35: 15 4 14 5 13 12 11 20 18 16 10 8 3 9 6 7 19 1 17 2 
student 36: 15 3 9 18 17 8 4 5 11 1 7 10 2 16 20 13 12 19 6 14 
student 37: 10 16 17 8 5 3 4 19 15 12 20 2 13 18 1 6 7 11 9 14 
student 38: 18 15 3 10 20 14 16 6 5 7 11 12 8 9 1 17 4 2 13 19 
student 39: 13 18 12 3 17 9 8 20 5 10 19 2 7 16 1 4 11 6 14 15 
student 40: 18 19 1 11 10 9 2 14 12 3 8 16 15 20 6 13 4 5 7 17 
student 41: 19 9 4 12 14 3 10 13 15 2 16 1 7 8 20 6 18 5 11 17 
student 42: 13 5 8 2 6 12 20 1 15 7 3 16 9 11 19 17 14 18 4 10 
student 43: 17 3 9 10 12 20 18 14 19 7 5 8 16 15 6 1 4 2 11 13 
student 44: 17 2 4 1 19 18 13 15 6 9 14 11 16 12 7 8 5 20 3 10 
student 45: 11 16 12 6 18 17 5 8 13 1 10 7 9 14 4 15 2 20 3 19 
student 46: 3 12 2 1 5 13 17 20 11 19 8 6 16 9 10 7 18 4 15 14 
student 47: 20 18 5 17 11 12 9 19 6 4 7 15 2 10 14 8 13 16 3 1 
student 48: 14 13 16 10 20 7 8 2 15 5 18 1 17 4 19 12 6 3 9 11 
student 49: 12 3 18 5 13 19 15 7 9 6 16 2 10 4 8 17 11 1 20 14 
student 50: 7 18 3 19 10 9 12 17 16 6 15 14 1 5 2 20 11 4 13 8 
student 51: 9 17 1 11 15 6 19 20 13 8 12 10 16 7 18 3 4 2 14 5 
student 52: 12 3 10 5 8 17 6 2 9 7 16 15 14 19 1 20 13 11 4 18 
student 53: 13 7 1 8 6 2 10 9 11 18 17 20 15 3 14 5 4 12 19 16 
student 54: 14 12 4 3 6 16 11 20 5 8 19 1 13 17 7 2 10 15 9 18 
student 55: 14 11 9 4 7 13 12 19 17 8 18 3 5 16 2 6 10 1 20 15 
student 56: 10 9 1 12 17 3 14 16 4 2 19 11 8 20 13 15 5 7 6 18 
student 57: 8 3 5 7 14 13 18 6 15 4 11 1 2 17 12 16 10 9 19 20 
student 58: 20 9 17 13 5 18 7 10 15 1 8 6 11 19 2 4 14 3 16 12 
student 59: 15 14 2 4 11 13 18 16 17 7 1 10 12 19 3 5 9 6 8 20 
student 60: 17 9 5 18 4 16 2 13 14 7 20 11 10 19 8 6 3 12 15 1 
student 61: 4 5 13 8 7 12 14 17 10 9 19 20 11 6 3 15 2 1 16 18 
student 62: 11 1 7 19 9 4 14 13 20 12 15 2 17 16 18 5 6 3 8 10 
student 63: 14 19 6 2 3 10 17 16 13 5 20 15 1 4 7 11 12 9 18 8 
student 64: 20 4 15 11 5 1 19 16 7 2 17 10 6 8 18 9 14 3 12 13 
student 65: 6 13 7 18 11 10 15 19 2 1 5 9 4 17 3 12 8 16 14 20 
student 66: 13 11 4 17 16 12 19 7 14 8 18 3 20 10 1 9 6 5 2 15 
student 67: 12 3 7 1 14 10 9 20 17 2 16 11 15 13 4 8 6 5 19 18 
student 68: 1 17 4 2 6 8 11 13 15 9 20 5 3 12 14 7 16 10 18 19 
student 69: 12 5 2 16 17 7 20 1 11 3 8 10 6 18 4 13 14 9 19 15 
student 70: 6 16 13 7 9 8 19 20 18 14 15 11 12 1 4 2 3 5 10 17 
student 71: 18 3 15 7 20 5 12 4 8 9 16 2 11 13 6 10 19 14 1 17 
student 72: 14 10 7 13 11 12 20 19 16 8 9 5 4 18 3 6 2 17 15 1 
student 73: 15 2 4 17 19 8 11 9 20 12 10 1 5 14 6 13 3 7 16 18 
student 74: 19 3 17 5 1 20 12 16 14 6 11 2 8 4 13 7 10 18 15 9 
student 75: 8 9 6 12 2 18 11 16 1 3 13 7 19 20 4 15 10 14 5 17 
student 76: 14 9 13 2 12 16 11 15 3 1 17 8 5 20 4 7 6 19 10 18 
student 77: 9 7 19 4 3 18 16 12 15 2 14 20 8 17 11 6 1 10 13 5 
student 78: 8 10 4 2 9 16 15 13 12 20 18 11 5 17 3 14 6 7 19 1 
student 79: 6 2 19 10 9 4 8 13 16 1 14 3 11 17 7 5 15 20 12 18 
student 80: 5 9 12 4 7 8 19 16 11 2 20 13 10 17 1 15 14 6 18 3 
student 81: 13 11 19 5 15 2 10 17 14 16 20 4 3 7 8 1 18 12 9 6 
student 82: 13 5 17 2 18 11 10 19 16 1 15 3 6 20 7 12 8 4 9 14 
student 83: 17 9 3 8 5 4 10 12 16 1 18 7 2 13 11 15 20 6 19 14 
student 84: 4 5 20 2 18 1 8 11 10 6 15 17 14 12 7 16 3 19 9 13 
student 85: 16 1 9 8 7 18 17 13 4 10 20 2 6 19 11 3 12 5 15 14 
student 86: 7 2 4 13 12 5 14 20 11 6 18 3 8 17 1 9 10 19 16 15 
student 87: 13 3 4 8 6 14 9 19 16 10 17 2 5 11 1 12 18 15 7 20 
student 88: 11 16 3 5 18 9 17 1 13 8 14 19 10 20 6 2 12 4 7 15 
student 89: 14 6 7 10 4 16 15 18 11 1 13 12 17 20 8 3 5 2 9 19 
student 90: 14 20 8 4 15 17 10 18 2 9 13 3 12 19 7 11 1 5 6 16 
student 91: 14 20 5 18 1 6 19 11 12 13 16 8 15 17 10 4 2 9 3 7 
student 92: 11 19 3 10 18 6 15 20 12 1 14 13 4 16 2 7 8 9 5 17 
student 93: 14 7 13 16 6 18 9 1 20 3 10 2 17 11 15 8 4 5 12 19 
student 94: 7 12 14 1 18 2 20 13 11 3 19 17 6 16 15 10 5 8 4 9 
student 95: 14 6 16 10 8 7 12 17 5 19 18 13 15 9 1 2 3 4 11 20 
student 96: 11 2 9 4 12 18 7 15 17 3 16 20 13 10 1 14 8 5 6 19 
student 97: 1 9 2 6 11 17 10 5 16 4 3 12 18 20 7 13 14 15 8 19 
student 98: 11 2 19 18 9 15 20 12 7 17 10 14 5 13 4 1 8 6 3 16 
student 99: 17 10 4 14 8 12 9 19 3 6 18 16 2 13 5 1 20 7 11 15 
student 100: 13 4 1 7 12 18 14 3 11 6 17 5 9 15 2 20 16 8 10 19 
student 101: 13 15 14 17 20 6 4 10 11 16 8 2 19 18 9 7 3 12 5 1 
student 102: 12 15 16 2 8 6 4 11 19 17 20 3 10 7 18 1 5 9 14 13 
student 103: 11 9 5 16 14 20 15 17 3 4 12 8 1 7 6 18 13 2 19 10 
student 104: 19 2 6 4 20 17 8 18 12 10 16 5 11 15 1 3 13 9 7 14 
student 105: 15 20 14 8 19 2 18 1 17 3 16 11 6 7 5 4 9 12 13 10 
student 106: 18 3 11 1 14 17 15 10 8 13 12 16 2 19 7 4 5 20 9 6 
student 107: 10 7 6 19 17 1 9 18 3 13 4 2 11 15 12 16 8 14 5 20 
student 108: 7 17 1 20 3 10 18 19 14 4 13 6 16 15 9 5 2 8 11 12 
student 109: 13 18 4 20 2 8 19 17 10 3 1 14 6 12 9 7 11 16 5 15 
student 110: 7 1 4 20 9 18 11 15 12 3 16 13 17 10 6 14 5 2 8 19 
student 111: 19 10 6 18 1 16 12 17 7 13 8 5 9 20 15 3 11 4 14 2 
student 112: 1 7 6 15 16 2 13 20 14 4 5 9 11 8 3 12 10 19 18 17 
student 113: 2 14 5 20 19 10 16 13 9 11 7 1 18 17 8 12 6 15 4 3 
student 114: 3 7 18 2 9 4 17 15 14 1 16 5 12 19 13 11 10 20 8 6 
student 115: 5 16 11 1 12 17 13 8 7 4 18 14 2 6 10 15 9 3 20 19 
student 116: 12 7 11 8 4 13 17 19 18 14 16 3 6 15 5 2 1 20 10 9 
student 117: 17 7 4 11 18 12 16 5 6 10 20 19 2 13 3 1 9 15 14 8 
student 118: 19 1 7 13 5 18 10 17 15 11 12 9 16 8 4 3 2 14 6 20 
student 119: 5 18 1 20 4 3 19 13 7 9 15 11 17 6 8 2 14 16 10 12 
student 120: 19 3 2 4 6 20 14 18 16 9 12 5 7 15 8 17 1 10 13 11 
student 121: 12 1 13 11 10 17 20 18 7 5 16 6 19 9 4 2 14 15 3 8 
student 122: 16 7 3 8 11 6 17 9 15 19 18 10 1 20 13 4 12 5 14 2 
student 123: 18 5 2 11 13 6 4 16 10 19 14 3 12 20 7 8 1 9 15 17 
student 124: 12 20 3 5 6 15 10 8 9 19 13 14 4 18 16 7 17 11 1 2 
student 125: 19 5 11 4 2 7 16 13 15 3 12 6 10 14 9 8 18 20 17 1 
student 126: 10 1 8 5 11 16 9 12 20 4 19 18 15 17 2 14 3 13 6 7 
student 127: 8 19 4 9 3 6 13 16 14 15 10 2 1 18 11 17 7 20 12 5 
student 128: 9 7 1 18 6 2 5 11 17 8 13 3 19 16 4 15 10 12 20 14 
student 129: 9 14 5 10 15 17 6 16 12 4 18 3 2 13 20 1 8 7 11 19 
student 130: 7 20 5 6 4 10 15 18 8 2 11 3 16 9 1 14 17 12 13 19 
student 131: 10 2 8 6 11 9 14 18 13 4 17 3 1 16 12 20 19 5 7 15 
student 132: 20 12 10 6 5 19 2 7 14 18 17 4 13 15 8 1 9 11 3 16 
student 133: 18 2 10 13 17 12 19 3 14 5 8 7 16 20 1 4 9 6 11 15 
student 134: 2 14 16 7 1 15 10 19 9 3 17 8 4 12 6 5 11 13 20 18 
student 135: 1 17 20 8 15 6 19 3 16 14 18 9 10 11 7 2 5 12 13 4 
student 136: 3 16 15 2 7 4 17 13 14 6 19 8 11 18 1 9 12 5 20 10 
student 137: 7 18 15 6 9 5 14 16 20 2 10 19 11 17 1 3 4 8 12 13 
student 138: 12 5 11 8 13 3 7 18 17 2 14 6 9 20 1 15 19 10 16 4 
student 139: 9 6 12 3 17 7 19 13 15 4 10 1 20 14 11 2 16 18 8 5 
student 140: 3 6 2 1 11 13 18 14 8 10 20 12 17 9 7 15 16 5 4 19 
student 141: 1 10 18 16 7 2 20 8 17 3 19 9 6 12 14 13 5 4 11 15 
student 142: 19 9 17 4 10 8 14 12 18 6 20 5 1 11 16 2 7 15 3 13 
student 143: 13 14 2 8 11 15 20 9 12 6 16 3 18 1 5 17 4 10 7 19 
student 144: 8 6 15 10 20 17 13 18 16 4 11 2 14 9 1 5 12 7 3 19 
student 145: 10 11 4 6 18 2 5 20 13 17 15 3 19 8 9 1 14 7 16 12 
student 146: 11 18 7 8 16 17 19 1 5 6 12 4 9 10 3 2 20 13 14 15 
student 147: 7 8 11 6 16 5 17 10 14 3 15 4 18 19 2 20 1 9 12 13 
student 148: 8 15 2 12 11 20 16 17 19 3 1 5 10 18 6 4 7 9 14 13 
student 149: 10 7 6 3 2 9 18 19 4 5 12 17 11 15 8 1 20 13 14 16 
student 150: 8 5 2 7 11 18 10 3 4 17 9 16 13 19 1 12 15 14 6 20 
student 151: 20 8 7 4 14 18 17 10 19 2 15 6 13 1 5 9 3 12 16 11 
student 152: 15 8 9 12 10 7 3 16 20 14 19 11 4 17 6 1 2 13 5 18 
student 153: 19 9 12 5 7 3 8 6 11 16 20 4 14 15 2 10 1 13 18 17 
student 154: 10 14 5 17 19 11 9 18 4 2 20 1 6 8 3 12 7 15 16 13 
student 155: 20 4 3 15 5 6 18 13 17 1 11 8 12 14 9 2 10 7 16 19 
student 156: 14 20 9 6 2 7 11 1 19 3 18 4 8 10 16 17 5 12 15 13 
student 157: 18 1 3 7 15 20 16 19 12 8 6 2 11 17 5 10 4 9 13 14 
student 158: 12 6 13 5 20 2 7 15 14 8 16 3 18 10 11 1 9 4 19 17 
student 159: 11 12 2 7 4 8 20 15 14 1 18 17 13 19 3 5 9 16 10 6 
student 160: 16 15 12 10 13 9 19 20 4 6 11 2 1 18 8 5 3 7 17 14 
student 161: 11 6 18 15 8 10 5 13 9 7 20 1 16 19 4 3 2 14 12 17 
student 162: 18 10 6 13 2 15 12 3 4 5 7 17 14 16 1 8 20 9 19 11 
student 163: 3 4 1 18 17 9 15 20 13 12 19 14 16 11 5 7 10 2 8 6 
student 164: 12 6 11 17 10 7 16 13 18 4 20 3 15 14 8 19 1 9 5 2 
student 165: 1 11 8 18 7 13 2 19 4 3 6 9 5 17 12 10 14 15 16 20 
student 166: 17 10 7 14 12 4 5 18 11 2 20 3 16 19 1 8 13 9 6 15 
student 167: 16 13 9 8 6 18 15 17 14 5 12 7 10 19 3 1 2 11 20 4 
student 168: 19 3 8 2 13 14 10 4 7 5 20 11 16 15 9 6 17 1 12 18 
student 169: 5 12 8 11 19 10 15 14 16 1 13 18 17 20 4 3 6 9 7 2 
student 170: 19 10 6 7 2 14 20 18 11 5 3 12 16 17 9 1 13 8 15 4 
student 171: 16 6 20 2 9 18 17 14 5 4 10 11 12 7 3 1 8 15 19 13 
student 172: 20 4 6 5 2 11 16 14 19 3 13 8 10 17 18 1 7 15 9 12 
student 173: 13 9 5 20 7 3 6 8 17 12 11 15 16 18 4 10 1 19 2 14 
student 174: 18 14 6 13 4 12 9 1 3 11 19 2 20 16 15 7 5 17 8 10 
student 175: 5 17 4 15 18 19 9 14 12 11 10 2 3 16 1 7 13 8 6 20 
student 176: 20 2 4 7 14 6 15 18 12 5 13 1 10 9 8 17 19 3 11 16 
student 177: 7 15 4 3 10 19 9 8 17 2 6 5 13 11 12 18 1 20 16 14 
student 178: 1 4 3 14 20 6 16 12 5 7 19 9 13 17 8 10 2 11 18 15 
student 179: 15 14 8 6 11 5 20 4 16 10 17 12 9 2 1 19 7 18 3 13 
student 180: 14 10 4 12 5 13 3 20 9 11 16 1 18 15 6 7 8 2 17 19 
student 181: 13 15 20 9 11 10 7 14 17 2 16 5 6 4 18 19 3 1 12 8 
student 182: 14 16 7 5 4 11 20 15 8 2 1 12 17 19 6 9 3 10 13 18 
student 183: 2 16 9 5 3 17 1 11 12 15 19 13 7 18 10 4 6 14 8 20 
student 184: 18 4 15 9 19 3 12 16 11 1 20 10 6 2 8 7 17 5 14 13 
student 185: 1 5 7 6 20 15 8 18 17 4 11 16 19 13 2 9 10 14 3 12 
student 186: 5 4 1 2 8 14 15 20 3 9 7 10 6 19 18 16 13 12 17 11 
student 187: 16 10 2 20 11 9 15 1 19 14 12 6 4 18 3 7 13 8 5 17 
student 188: 18 5 11 7 10 4 3 20 17 9 8 15 6 12 14 19 16 1 13 2 
student 189: 5 12 20 11 6 17 4 18 9 1 16 7 19 14 3 8 15 10 2 13 
student 190: 4 16 5 11 17 9 7 19 13 3 18 6 10 14 1 2 8 15 12 20 
student 191: 9 17 16 2 15 20 14 18 10 8 19 1 11 13 7 6 5 3 4 12 
student 192: 10 5 1 18 13 6 14 17 20 7 12 3 16 11 4 19 15 9 2 8 
student 193: 15 2 5 14 7 20 11 16 18 6 19 4 13 8 3 1 10 9 12 17 
student 194: 16 19 2 3 11 15 1 12 13 14 4 10 6 20 7 17 5 8 18 9 
student 195: 18 11 14 19 5 3 4 7 2 17 12 10 9 20 15 16 13 1 8 6 
student 196: 17 5 1 14 8 6 10 4 11 9 15 20 3 19 12 2 7 13 16 18 
student 197: 18 10 2 8 16 11 12 13 6 3 17 1 14 20 5 7 15 9 4 19 
student 198: 15 10 9 4 2 18 14 11 7 12 19 5 17 20 1 13 3 6 8 16 
student 199: 9 3 14 19 18 6 15 11 20 5 12 4 7 10 1 16 17 8 2 13 
student 200: 15 18 17 4 10 7 12 20 16 9 8 11 19 2 1 6 3 5 14 13 
student 201: 9 8 12 3 6 13 14 20 19 11 18 5 7 15 1 2 16 10 17 4 
student 202: 16 7 4 15 3 18 9 8 19 14 20 5 6 11 1 12 13 2 10 17 
student 203: 17 12 5 3 16 15 18 11 20 8 19 7 1 6 10 4 13 9 14 2 
student 204: 7 6 9 12 5 17 20 8 14 1 15 3 4 19 11 18 2 13 10 16 
student 205: 15 12 1 8 9 18 17 20 19 6 11 2 3 14 4 7 5 10 13 16 
student 206: 17 2 1 3 18 19 16 15 10 7 11 6 9 5 13 20 4 14 8 12 
student 207: 19 20 8 13 4 17 14 18 11 3 2 6 9 10 7 12 1 15 5 16 
student 208: 7 3 18 20 9 11 13 12 17 10 14 8 2 5 19 6 1 15 16 4 
student 209: 20 16 13 10 9 11 14 2 17 3 6 1 15 12 8 4 7 5 18 19 
student 210: 3 7 18 9 1 12 6 20 13 8 19 5 2 17 15 10 4 14 16 11 
student 211: 19 4 2 5 16 11 18 8 14 6 7 10 9 13 12 3 17 1 20 15 
student 212: 18 2 20 11 16 13 19 8 3 6 9 12 17 15 5 1 7 4 10 14 
student 213: 16 7 5 9 14 18 13 10 17 2 19 1 20 11 4 3 8 6 12 15 
student 214: 11 10 15 9 1 16 4 13 17 6 14 2 3 5 19 12 8 20 7 18 
student 215: 10 17 13 8 19 14 6 15 7 5 16 9 18 20 3 1 2 11 4 12 
student 216: 15 16 9 1 13 18 3 7 19 14 17 2 11 5 12 8 4 6 10 20 
student 217: 17 10 1 6 13 14 7 12 18 3 16 2 8 15 20 5 11 4 9 19 
student 218: 5 19 3 14 2 11 20 10 8 16 17 7 9 15 1 4 13 6 18 12 
student 219: 13 11 10 4 8 17 19 9 7 2 15 6 20 16 12 3 1 5 14 18 
student 220: 6 12 1 19 5 3 10 13 20 14 18 17 9 15 2 4 11 7 16 8 
student 221: 6 7 14 12 5 19 13 17 15 16 1 4 11 20 2 10 9 8 18 3 
student 222: 16 7 5 3 15 9 17 8 13 14 20 2 18 6 1 11 12 4 19 10 
student 223: 5 2 12 6 20 17 16 15 13 3 19 1 18 14 11 10 4 8 9 7 
student 224: 18 11 10 5 15 14 17 20 2 19 12 7 4 9 6 1 8 16 13 3 
student 225: 9 6 8 4 18 17 15 14 5 20 12 3 1 11 2 13 7 16 10 19 
student 226: 19 13 14 3 8 17 1 10 18 4 9 2 5 12 6 15 7 11 16 20 
student 227: 10 12 7 17 19 2 15 14 18 11 4 5 1 20 6 9 8 13 3 16 
student 228: 19 12 11 5 1 16 2 20 10 13 15 7 14 17 8 18 4 6 9 3 
student 229: 2 18 13 19 7 12 17 16 10 20 3 8 9 15 4 6 5 14 11 1 
student 230: 8 12 3 11 10 13 20 15 17 5 4 9 16 14 2 18 7 6 1 19 
student 231: 15 20 3 4 18 9 14 13 16 12 10 11 8 7 5 6 2 1 19 17 
student 232: 12 1 10 16 17 9 20 5 19 15 14 2 4 18 6 13 11 3 8 7 
student 233: 15 5 20 4 14 7 18 12 2 9 19 6 17 10 1 11 13 3 8 16 
student 234: 14 15 8 16 3 11 19 20 9 13 18 17 2 4 6 1 5 10 7 12 
student 235: 7 6 2 14 19 15 13 18 17 1 8 16 5 11 20 4 9 3 10 12 
student 236: 10 1 16 11 20 12 18 19 15 5 17 4 9 6 3 8 14 7 13 2 
student 237: 9 5 16 7 12 13 10 8 14 20 18 19 11 17 3 6 2 4 1 15 
student 238: 16 5 2 18 15 9 20 10 12 14 19 4 11 8 1 13 6 7 17 3 
student 239: 11 5 16 9 13 17 10 19 6 15 4 12 8 7 18 20 14 2 1 3 
student 240: 19 15 9 2 10 11 16 20 17 6 1 3 8 18 5 12 4 14 7 13 
student 241: 4 7 15 10 14 8 20 18 11 6 16 5 9 2 12 1 19 3 13 17 
student 242: 13 17 14 15 8 5 11 19 20 2 18 1 6 12 4 3 10 9 7 16 
student 243: 13 6 1 10 3 19 18 20 15 2 16 9 14 17 8 4 7 5 11 12 
student 244: 6 11 5 13 12 15 17 9 3 8 20 7 4 16 14 19 2 1 10 18 
student 245: 6 2 1 9 12 16 7 20 14 11 19 10 18 17 3 4 15 5 8 13 
student 246: 6 3 18 1 11 12 20 5 15 10 14 4 13 17 8 2 16 7 9 19 
student 247: 4 18 12 20 17 6 7 13 3 10 14 11 9 16 2 15 8 5 1 19 
student 248: 11 15 1 5 9 16 13 8 18 6 10 20 19 4 2 14 3 12 7 17 
student 249: 11 16 20 3 7 15 5 17 9 1 13 4 12 14 10 8 2 6 18 19 
student 250: 4 20 13 14 7 19 10 9 12 16 6 1 18 15 3 5 17 8 2 11 
student 251: 13 12 5 2 11 16 19 7 18 3 20 6 9 17 8 4 14 1 10 15 
student 252: 2 6 4 13 8 20 15 17 16 11 14 19 18 12 3 5 10 7 9 1 
student 253: 14 9 4 6 8 12 11 5 13 2 18 16 17 15 7 1 3 10 20 19 
student 254: 9 2 8 4 19 3 16 15 11 12 17 5 10 6 1 14 7 13 18 20 
student 255: 17 14 4 3 9 11 15 13 16 2 19 7 10 18 1 5 8 6 20 12 
student 256: 20 2 3 14 9 15 10 16 8 1 17 11 12 18 4 5 19 7 6 13 
student 257: 15 11 17 6 16 2 14 20 8 7 18 10 13 9 1 3 5 4 12 19 
student 258: 8 13 5 6 20 11 19 14 16 7 12 17 18 9 2 4 1 10 15 3 
student 259: 14 4 7 12 8 2 6 11 20 1 19 13 5 18 10 9 16 3 15 17 
student 260: 20 3 2 16 18 12 14 4 10 1 13 6 7 9 11 8 19 5 17 15 
student 261: 16 10 4 7 15 9 18 3 8 19 1 20 11 17 6 5 12 2 13 14 
student 262: 14 8 7 10 18 16 20 13 17 1 19 2 5 9 12 15 3 6 4 11 
student 263: 15 8 2 5 7 13 18 6 1 12 16 14 9 17 11 3 4 10 19 20 
student 264: 6 8 3 13 17 19 1 7 14 2 12 4 16 18 11 15 5 10 9 20 
student 265: 7 11 10 4 19 2 17 20 18 3 16 6 8 12 13 5 15 1 9 14 
student 266: 18 7 5 12 11 6 15 14 17 4 9 1 3 16 10 13 20 8 2 19 
student 267: 15 18 5 16 20 1 9 14 12 4 11 13 7 6 19 3 8 10 2 17 
student 268: 10 12 4 20 14 2 6 17 1 5 9 18 7 11 3 19 13 15 16 8 
student 269: 15 9 8 10 19 12 16 11 13 20 1 2 7 17 5 6 3 4 18 14 
student 270: 19 7 10 5 8 11 20 17 3 1 18 14 4 6 13 2 9 15 16 12 
student 271: 20 1 11 13 14 2 7 15 18 3 19 4 12 10 8 5 17 16 9 6 
student 272: 17 10 5 2 7 8 14 11 20 3 19 12 4 18 9 15 1 6 16 13 
student 273: 6 9 1 3 13 7 11 2 8 4 14 15 16 18 12 17 5 10 20 19 
student 274: 5 13 20 17 10 9 14 7 6 1 11 2 19 16 4 15 12 3 18 8 
student 275: 10 12 3 20 1 19 15 16 11 5 14 13 7 17 2 6 8 4 9 18 
student 276: 6 14 7 5 19 11 20 16 9 1 10 13 12 4 15 8 3 2 18 17 
student 277: 19 9 11 2 15 20 5 8 12 3 7 1 10 14 13 16 4 6 17 18 
student 278: 11 7 4 10 13 16 20 1 18 12 5 3 19 14 9 2 8 15 17 6 
student 279: 7 2 20 16 5 6 12 4 11 10 14 18 3 15 17 8 13 1 19 9 
student 280: 12 9 5 8 17 18 7 16 14 4 15 6 13 20 3 19 10 2 11 1 
student 281: 2 14 20 6 18 1 13 12 19 3 16 5 8 7 4 10 11 9 17 15 
student 282: 7 20 10 11 19 9 18 2 14 1 6 8 15 13 4 5 17 3 16 12 
student 283: 16 15 2 1 17 5 4 14 12 18 19 10 6 13 3 11 7 8 9 20 
student 284: 10 4 11 20 8 13 2 16 15 6 17 18 1 19 5 9 3 7 12 14 
student 285: 14 6 15 16 4 10 12 9 18 2 20 8 13 19 1 17 3 5 11 7 
student 286: 1 4 7 3 14 8 10 6 18 16 19 2 9 11 12 17 13 15 5 20 
student 287: 10 17 12 2 5 15 20 6 18 7 13 19 3 14 1 4 11 16 8 9 
student 288: 14 6 9 1 4 11 19 7 12 3 15 13 18 17 16 8 10 5 2 20 
student 289: 10 7 8 4 18 5 12 13 3 2 6 15 11 16 1 20 14 9 19 17 
student 290: 16 1 17 19 15 20 14 9 18 7 12 10 2 8 13 11 3 6 4 5 
student 291: 17 16 3 2 15 11 9 19 6 5 18 7 13 14 8 4 20 12 10 1 
student 292: 2 3 6 15 11 18 20 13 10 9 16 19 7 14 4 8 5 1 17 12 
student 293: 5 3 15 14 12 11 18 17 9 20 19 2 4 16 13 10 7 1 8 6 
student 294: 5 11 3 14 7 9 19 12 13 15 10 18 4 17 2 6 8 20 1 16 
student 295: 15 14 2 13 19 16 20 6 9 11 12 1 7 3 5 10 4 17 8 18 
student 296: 5 13 2 8 16 4 20 7 9 3 1 6 18 11 12 14 15 10 19 17 
student 297: 14 13 1 12 15 16 17 18 4 20 7 5 19 8 11 2 3 9 10 6 
student 298: 18 15 2 19 20 17 6 12 14 4 16 8 10 7 3 1 5 13 11 9 
student 299: 15 6 16 20 11 3 9 12 14 13 18 10 7 19 1 4 2 8 5 17 
student 300: 4 1 8 15 16 11 17 18 2 3 9 13 7 19 10 5 12 6 14 20 
student 301: 16 1 9 7 20 15 19 5 4 2 18 17 10 3 8 13 12 6 14 11 
student 302: 13 10 14 6 5 1 17 11 9 12 20 3 19 4 7 2 16 8 18 15 
student 303: 19 16 5 6 3 11 14 15 13 8 20 18 9 7 2 12 4 10 1 17 
student 304: 15 7 8 3 4 17 11 18 10 5 19 16 20 6 1 2 13 12 14 9 
student 305: 13 14 8 2 9 6 4 20 17 3 19 7 15 12 10 5 11 1 16 18 
student 306: 11 18 3 9 12 17 19 1 14 8 20 6 4 5 10 2 7 15 13 16 
student 307: 18 7 10 8 13 5 9 1 6 17 12 2 14 11 20 4 3 19 16 15 
student 308: 12 1 7 3 20 17 19 13 8 2 15 5 6 11 14 18 16 4 10 9 
student 309: 5 11 18 15 13 19 16 14 4 20 12 6 8 17 1 3 9 7 2 10 
student 310: 18 8 2 4 14 19 11 16 7 15 13 1 9 3 12 17 10 6 20 5 
student 311: 9 12 3 2 11 5 18 6 7 17 10 16 1 14 20 19 13 4 8 15 
student 312: 3 18 8 6 9 14 17 13 5 10 15 2 4 20 1 7 16 11 12 19 
student 313: 19 8 3 7 11 13 18 16 20 1 10 2 4 14 6 12 9 5 17 15 
student 314: 9 5 8 6 18 16 11 4 19 2 10 14 3 13 1 7 15 17 12 20 
student 315: 12 17 4 6 7 8 1 18 14 5 20 13 19 2 10 16 15 9 3 11 
student 316: 4 16 17 1 18 10 12 5 19 13 14 3 8 6 2 7 9 15 11 20 
student 317: 9 2 14 5 10 18 12 17 19 11 20 7 4 16 1 3 13 15 6 8 
student 318: 17 15 14 9 7 18 19 1 20 4 6 8 3 11 16 13 2 5 12 10 
student 319: 7 6 1 3 15 12 4 13 18 17 9 19 5 8 2 11 10 20 16 14 
student 320: 5 12 13 3 7 6 15 11 16 4 18 2 14 19 1 10 9 8 17 20 
student 321: 7 8 13 5 19 10 1 11 15 14 16 17 6 18 3 2 4 12 9 20 
student 322: 5 2 6 14 19 1 18 4 12 7 11 8 9 15 16 17 13 3 10 20 
student 323: 12 9 3 4 15 16 14 11 20 2 10 5 8 18 1 19 7 13 6 17 
student 324: 14 8 1 11 19 13 16 5 18 2 20 3 6 10 15 9 4 17 7 12 
student 325: 18 19 7 9 11 1 10 8 2 6 12 4 3 15 16 13 17 14 5 20 
student 326: 10 19 5 11 15 16 13 7 2 18 20 6 3 8 1 4 14 9 17 12 
student 327: 5 20 3 7 9 10 18 13 11 6 2 8 4 15 1 12 16 14 19 17 
student 328: 17 16 5 12 9 6 20 15 14 3 18 13 1 19 7 11 2 8 4 10 
student 329: 8 6 1 15 9 13 18 19 17 3 20 7 12 10 2 5 11 4 14 16 
student 330: 4 11 1 19 12 15 8 16 20 3 17 10 2 13 7 9 14 6 5 18 
student 331: 13 11 8 15 14 5 4 16 17 1 9 3 12 20 6 2 10 7 18 19 
student 332: 7 15 4 5 6 8 19 13 14 1 20 3 12 10 16 2 9 11 17 18 
student 333: 20 5 6 2 16 8 9 12 17 3 19 14 11 18 1 13 7 15 10 4 
student 334: 19 5 8 7 15 16 9 18 13 14 20 11 12 3 10 4 1 6 17 2 
student 335: 20 11 3 1 10 2 14 16 18 6 17 19 13 15 5 4 7 8 9 12 
student 336: 9 6 3 8 19 14 2 5 20 15 12 7 18 17 1 10 13 4 11 16 
student 337: 10 14 2 4 8 15 20 18 16 17 19 1 5 12 9 3 6 7 13 11 
student 338: 17 1 11 7 13 9 3 12 19 6 18 14 4 20 5 2 16 8 15 10 
student 339: 19 15 4 18 11 9 17 3 16 8 5 14 7 20 10 13 1 2 12 6 
student 340: 15 19 1 8 16 14 11 18 20 7 17 2 9 13 10 5 12 6 4 3 
student 341: 2 17 6 16 4 9 18 11 10 12 8 15 1 5 3 7 14 20 13 19 
student 342: 15 17 2 19 14 11 16 12 18 7 5 3 8 13 6 9 1 4 10 20 
student 343: 14 12 13 6 8 9 19 15 18 11 17 1 16 3 2 7 5 20 10 4 
student 344: 11 3 14 12 1 13 19 7 20 15 17 10 9 16 2 18 8 5 6 4 
student 345: 12 14 9 1 17 19 16 8 2 7 20 10 4 18 3 15 6 11 5 13 
student 346: 20 11 4 17 3 15 16 13 5 7 9 1 14 12 8 10 2 19 6 18 
student 347: 10 5 13 12 19 6 20 17 14 3 4 1 11 7 15 9 2 8 18 16 
student 348: 17 1 15 13 20 9 16 10 6 3 18 19 4 2 11 7 5 12 8 14 
student 349: 11 5 6 7 12 2 18 1 16 13 9 17 20 19 3 8 4 15 14 10 
student 350: 4 8 19 6 10 14 13 18 12 3 7 2 15 11 1 9 20 5 17 16 
student 351: 11 20 19 9 15 4 18 6 13 7 10 17 16 1 5 8 3 2 12 14 
student 352: 1 9 8 14 15 10 17 18 6 16 3 5 7 19 4 20 13 12 11 2 
student 353: 11 4 1 5 17 2 13 15 18 12 6 16 14 9 10 7 3 8 19 20 
student 354: 11 6 2 5 18 15 17 8 9 1 12 14 3 19 16 13 4 7 10 20 
student 355: 15 6 8 10 7 19 4 13 9 12 20 2 1 17 18 3 11 5 14 16 
student 356: 19 14 6 11 17 13 20 18 10 1 7 4 15 9 2 5 3 8 12 16 
student 357: 20 4 12 3 6 11 8 10 18 5 16 14 19 7 9 15 13 1 2 17 
student 358: 7 14 8 1 5 6 10 20 16 3 4 12 17 15 2 19 9 13 11 18 
student 359: 20 19 5 2 7 13 18 16 12 3 6 1 10 14 15 11 8 9 17 4 
student 360: 11 20 6 1 18 12 14 10 17 7 4 3 5 8 2 19 9 15 13 16 
student 361: 16 12 4 8 15 9 6 17 18 1 10 13 14 19 2 7 11 5 3 20 
student 362: 3 5 13 7 8 12 16 18 2 4 19 6 15 17 11 1 9 14 10 20 
student 363: 7 18 16 4 11 15 14 13 17 8 9 5 12 1 20 19 2 10 3 6 
student 364: 15 16 1 14 10 20 18 2 5 8 9 3 11 17 12 4 7 6 13 19 
student 365: 2 3 8 4 20 19 16 1 18 5 17 10 11 14 15 6 13 12 7 9 
student 366: 10 14 3 7 2 8 16 5 19 20 18 4 9 13 6 17 12 1 11 15 
student 367: 16 11 10 1 9 12 15 6 18 4 17 3 5 19 7 20 14 8 13 2 
student 368: 20 14 17 13 10 6 19 11 1 8 16 3 15 12 2 9 7 18 5 4 
student 369: 7 10 6 11 16 18 5 9 20 8 19 3 15 2 1 4 13 12 17 14 
student 370: 14 9 7 11 16 17 10 5 2 1 15 8 19 20 12 13 3 6 18 4 
student 371: 14 4 8 7 11 19 13 20 12 2 15 3 9 18 1 6 10 5 17 16 
student 372: 19 18 2 10 17 13 3 9 6 8 12 16 7 20 1 4 5 14 15 11 
student 373: 7 9 12 6 10 8 20 16 17 13 18 4 2 5 1 3 11 15 19 14 
student 374: 10 11 9 2 16 12 19 20 4 6 18 7 1 17 3 5 8 13 14 15 
student 375: 13 16 2 11 18 10 5 19 6 4 20 12 7 15 8 17 1 3 9 14 
student 376: 9 1 12 16 19 14 5 17 20 2 13 6 11 10 15 3 4 8 7 18 
student 377: 18 2 1 14 9 11 17 16 8 6 15 13 4 3 7 12 10 20 5 19 
student 378: 19 4 12 20 16 18 7 8 11 14 17 2 5 1 3 9 15 6 13 10 
student 379: 15 14 12 10 17 3 9 4 1 13 8 18 2 20 6 16 5 7 11 19 
student 380: 9 20 3 8 16 10 2 19 15 6 17 11 1 5 4 14 18 7 13 12 
student 381: 3 9 6 13 17 4 20 16 8 2 19 10 7 18 5 14 12 1 15 11 
student 382: 15 4 9 8 13 16 12 10 7 5 17 6 11 20 3 1 14 19 2 18 
student 383: 18 16 7 12 15 14 17 19 6 4 10 1 3 13 8 5 2 9 20 11 
student 384: 11 4 9 3 16 20 13 12 8 1 14 5 19 15 6 2 10 7 17 18 
student 385: 14 5 20 15 2 11 12 18 10 3 17 16 6 7 1 9 4 8 13 19 
student 386: 11 1 5 2 19 3 9 15 13 8 18 14 12 16 7 10 6 17 20 4 
student 387: 17 13 3 1 14 8 5 16 6 2 19 10 7 20 11 4 9 18 12 15 
student 388: 5 19 17 4 10 8 16 12 15 3 7 13 6 2 18 20 1 14 11 9 
student 389: 2 5 10 1 16 12 14 19 17 13 18 7 20 11 8 9 3 15 6 4 
student 390: 10 1 9 15 8 11 14 7 13 3 19 2 4 17 18 5 6 12 20 16 
student 391: 6 3 11 15 19 14 7 10 17 2 16 12 5 13 8 18 1 4 9 20 
student 392: 17 9 15 12 6 8 18 19 5 4 11 14 16 2 3 1 7 13 20 10 
student 393: 1 14 20 2 7 19 3 18 16 11 9 6 12 5 4 8 10 15 17 13 
student 394: 3 12 7 6 19 8 11 15 13 17 20 10 4 16 2 18 1 5 9 14 
student 395: 1 9 7 15 11 19 13 17 14 4 10 20 6 18 3 2 8 5 12 16 
student 396: 1 13 7 9 20 6 19 3 12 18 10 5 17 8 11 14 15 4 16 2 
student 397: 16 5 7 12 9 10 19 11 8 2 13 14 3 4 18 1 17 20 6 15 
student 398: 4 12 14 3 2 7 11 8 19 13 17 5 15 18 20 10 6 16 1 9 
student 399: 14 7 4 16 2 10 20 12 18 1 11 19 9 13 5 15 8 3 6 17 
student 400: 8 5 3 17 10 1 16 13 11 15 14 7 18 6 12 4 9 19 20 2 
student 401: 3 16 14 12 19 18 2 8 10 7 20 1 15 9 6 17 4 5 13 11 
student 402: 11 4 5 20 2 7 14 10 13 8 19 17 3 16 1 15 18 9 6 12 
student 403: 13 2 16 15 12 8 17 18 20 6 7 14 9 19 3 10 11 1 4 5 
student 404: 16 17 18 1 6 4 20 12 13 3 11 8 2 19 5 10 15 7 14 9 
student 405: 1 7 3 11 14 5 19 8 18 6 20 4 9 13 12 10 2 16 17 15 
student 406: 14 12 11 2 16 15 18 19 3 8 13 7 6 9 1 10 4 20 17 5 
student 407: 19 13 3 4 11 12 10 1 14 6 18 7 2 20 16 17 8 15 5 9 
student 408: 13 4 3 14 10 1 12 16 8 6 9 19 18 17 7 11 2 5 20 15 
student 409: 5 13 8 2 15 9 17 14 12 3 11 20 7 16 1 10 6 18 4 19 
student 410: 19 20 8 1 13 10 18 15 11 12 17 6 9 16 3 4 5 7 2 14 
student 411: 15 6 1 13 17 14 18 7 9 10 20 19 12 11 8 4 3 5 16 2 
student 412: 8 11 13 18 17 6 16 15 7 9 20 1 12 2 3 5 10 4 19 14 
student 413: 2 9 10 11 16 15 18 8 19 17 13 7 20 6 1 3 4 12 14 5 
student 414: 16 20 1 4 11 12 18 10 8 13 15 3 14 17 19 6 5 7 9 2 
student 415: 3 14 10 8 11 6 9 17 15 20 19 18 13 16 12 1 4 2 5 7 
student 416: 18 4 7 20 5 8 9 2 16 11 14 10 3 19 6 15 1 17 13 12 
student 417: 12 2 4 11 9 6 18 17 16 7 5 13 14 20 3 19 15 1 10 8 
student 418: 18 14 5 13 20 6 7 12 19 11 9 16 8 3 15 1 2 10 4 17 
student 419: 3 4 13 14 6 10 20 19 12 11 15 9 16 8 7 17 1 2 5 18 
student 420: 13 17 1 11 3 6 19 9 10 8 18 7 2 12 5 15 14 4 16 20 
student 421: 6 8 14 1 11 10 3 20 12 13 16 7 18 9 17 2 19 4 5 15 
student 422: 4 1 2 16 15 11 13 20 19 3 12 14 8 17 6 7 9 10 5 18 
student 423: 14 6 3 1 10 20 18 13 9 4 17 16 8 11 5 19 7 2 15 12 
student 424: 6 3 15 11 17 10 20 4 12 1 19 14 2 9 13 7 5 18 16 8 
student 425: 5 19 8 7 9 11 18 13 16 12 14 15 10 20 2 1 4 6 3 17 
student 426: 14 4 16 20 3 5 19 18 15 6 11 2 13 10 9 1 8 12 7 17 
student 427: 6 17 5 8 14 16 13 2 11 12 20 7 15 18 3 1 4 9 10 19 
student 428: 19 17 1 6 18 9 11 16 13 8 20 12 3 7 5 14 10 2 15 4 
student 429: 9 3 5 13 1 15 16 8 7 11 12 2 14 19 4 20 10 6 17 18 
student 430: 20 4 18 2 15 1 13 11 16 5 7 6 3 19 14 17 10 9 12 8 
student 431: 12 5 8 6 3 20 19 9 14 1 18 2 7 16 15 4 11 13 10 17 
student 432: 10 14 18 15 5 17 6 13 4 2 11 9 3 8 12 1 7 16 20 19 
student 433: 16 10 5 8 12 15 3 17 13 4 19 1 2 11 6 9 20 14 7 18 
student 434: 5 10 3 12 1 7 19 9 20 16 18 2 13 17 14 4 6 15 11 8 
student 435: 14 4 9 17 16 18 11 7 20 19 13 8 3 10 5 2 1 12 6 15 
student 436: 7 11 16 18 10 8 9 12 20 2 17 5 14 15 4 19 6 3 1 13 
student 437: 13 8 5 11 4 10 20 1 15 12 2 7 16 9 18 6 17 3 19 14 
student 438: 16 14 9 5 17 12 1 15 20 3 19 2 18 8 11 4 10 6 7 13 
student 439: 4 12 1 3 10 17 8 16 20 11 14 18 7 19 13 15 5 2 6 9 
student 440: 4 1 3 5 19 10 12 16 14 13 18 2 15 20 7 17 6 9 11 8 
student 441: 7 16 4 20 10 12 3 11 14 6 13 15 1 8 2 18 9 5 19 17 
student 442: 5 10 2 19 11 14 18 16 12 1 9 7 3 13 4 15 6 8 20 17 
student 443: 1 20 5 12 3 14 10 7 8 17 15 11 2 13 18 4 9 6 19 16 
student 444: 5 9 18 13 10 20 19 15 8 1 14 7 16 3 2 4 11 12 6 17 
student 445: 6 18 3 20 19 13 9 17 12 16 5 2 14 10 7 8 11 4 1 15 
student 446: 11 6 19 7 2 13 12 9 16 5 18 14 15 20 3 8 10 17 1 4 
student 447: 10 1 2 4 3 16 17 18 14 8 19 12 15 11 7 5 6 9 13 20 
student 448: 6 7 11 3 1 17 5 13 20 19 9 12 15 18 10 14 16 4 8 2 
student 449: 17 9 2 13 8 10 12 20 3 4 1 6 19 15 5 11 14 7 16 18 
student 450: 9 3 1 10 15 14 2 11 16 5 17 4 13 20 18 7 8 6 12 19 
student 451: 9 18 11 15 19 17 14 5 7 6 1 3 4 20 2 10 12 13 16 8 
student 452: 4 9 19 5 20 12 16 15 8 10 6 2 7 13 3 17 1 14 11 18 
student 453: 15 20 12 18 13 2 14 16 8 7 5 11 9 17 4 6 1 10 3 19 
student 454: 14 10 12 3 16 1 15 13 7 6 18 2 19 11 5 17 20 4 8 9 
student 455: 15 5 3 2 12 4 11 18 20 1 16 13 9 17 19 7 8 14 10 6 
student 456: 5 12 18 11 15 19 1 17 4 20 16 2 3 13 7 8 9 14 10 6 
student 457: 18 11 7 2 16 19 17 1 14 13 20 3 6 5 8 12 10 4 15 9 
student 458: 2 1 10 15 18 8 12 9 16 3 13 17 5 19 20 4 14 7 6 11 
student 459: 5 9 3 18 2 14 13 20 6 11 1 19 10 16 15 12 7 4 8 17 
student 460: 14 11 1 13 15 18 17 5 2 8 20 4 7 16 10 6 9 12 3 19 
student 461: 2 12 3 14 1 7 11 8 15 18 9 13 19 16 20 10 6 4 17 5 
student 462: 8 16 7 17 9 15 18 14 19 5 10 12 20 13 3 6 4 2 1 11 
student 463: 19 7 4 12 16 18 20 15 14 1 6 5 9 17 2 13 10 3 11 8 
student 464: 13 14 6 5 3 10 8 20 19 11 17 1 2 18 4 7 9 12 16 15 
student 465: 15 12 4 5 3 6 7 18 19 16 8 9 13 17 2 1 20 11 10 14 
student 466: 9 16 11 6 7 20 8 19 3 13 10 4 1 14 18 12 5 2 15 17 
student 467: 4 15 6 18 16 12 20 5 13 8 17 7 1 14 2 3 9 11 10 19 
student 468: 15 13 7 4 14 16 18 2 10 6 17 20 11 9 1 3 8 5 19 12 
student 469: 17 12 8 2 9 19 5 18 1 14 13 16 6 20 4 7 11 10 15 3 
student 470: 14 7 5 2 8 1 11 19 18 3 9 20 16 12 4 6 15 10 17 13 
student 471: 13 9 6 15 11 5 16 18 19 3 20 7 10 17 4 12 8 2 14 1 
student 472: 10 13 4 20 14 1 19 2 12 7 6 5 9 18 3 17 11 15 8 16 
student 473: 1 2 8 14 15 20 12 10 19 11 7 6 3 16 4 5 13 9 18 17 
student 474: 18 6 11 8 10 2 19 13 14 7 15 1 12 16 20 3 17 5 4 9 
student 475: 18 16 5 3 8 19 15 14 20 4 13 1 12 7 11 2 10 6 17 9 
student 476: 18 4 16 7 3 14 19 15 13 10 12 1 8 20 9 2 11 5 6 17 
student 477: 8 3 13 4 9 11 16 5 19 20 15 18 10 1 2 12 7 6 17 14 
student 478: 10 1 3 15 17 2 19 5 18 14 11 9 20 6 4 12 7 8 13 16 
student 479: 11 17 14 18 19 20 12 9 8 1 6 16 4 13 7 2 5 10 3 15 
student 480: 13 2 20 11 7 19 17 15 4 1 18 8 6 9 10 14 3 12 16 5 
student 481: 13 18 4 12 11 14 10 8 5 20 17 16 7 19 9 3 2 15 1 6 
student 482: 13 3 1 8 2 11 16 17 15 9 7 18 20 10 5 19 4 6 12 14 
student 483: 11 3 18 9 4 13 17 19 15 6 8 5 12 20 2 10 7 1 16 14 
student 484: 6 14 8 18 17 12 20 16 7 2 5 9 3 4 10 15 11 19 1 13 
student 485: 9 14 16 19 6 20 17 10 4 11 18 5 3 15 1 13 12 7 8 2 
student 486: 4 13 8 14 10 18 7 9 15 17 5 3 6 1 11 20 12 16 2 19 
student 487: 2 10 7 14 18 19 11 20 12 16 5 9 15 6 4 13 3 17 1 8 
student 488: 4 15 3 12 19 8 17 13 7 10 18 6 11 20 1 2 9 5 14 16 
student 489: 19 7 4 1 10 9 15 18 16 5 11 2 8 20 17 3 12 13 6 14 
student 490: 20 1 2 5 10 19 18 6 8 12 16 7 17 15 11 3 9 13 4 14 
student 491: 19 8 5 9 16 1 2 17 14 13 11 4 10 18 3 7 20 6 12 15 
student 492: 17 4 6 12 13 15 16 14 11 8 18 3 10 19 9 2 1 7 5 20 
student 493: 11 5 3 1 13 9 7 17 15 20 14 8 18 10 2 4 6 12 19 16 
student 494: 10 3 1 5 13 11 20 12 19 4 18 8 17 15 16 2 6 9 7 14 
student 495: 9 14 19 13 8 18 16 10 15 11 20 1 5 12 6 2 4 3 7 17 
student 496: 18 7 4 3 17 12 14 13 20 1 15 11 2 10 5 8 16 6 9 19 
student 497: 15 8 13 1 12 4 14 20 9 10 16 7 11 17 3 2 19 6 5 18 
student 498: 19 2 9 1 14 18 6 7 11 5 16 17 4 20 10 3 13 8 12 15 
student 499: 4 19 2 16 14 13 15 17 7 10 5 8 18 20 11 6 9 12 1 3 
student 500: 14 13 4 1 18 5 15 10 19 2 20 7 16 17 9 12 8 6 3 11 
student 501: 14 1 17 8 13 3 16 2 19 4 7 15 18 9 6 11 5 12 10 20 
student 502: 9 17 11 15 6 8 16 12 14 1 18 13 5 20 7 2 4 19 3 10 
student 503: 13 12 6 9 4 19 15 7 8 3 18 20 10 11 14 1 16 2 5 17 
student 504: 11 12 1 15 16 2 18 14 9 8 20 6 10 13 3 4 7 17 5 19 
student 505: 20 1 6 13 10 4 15 12 16 8 17 18 7 9 3 14 19 11 2 5 
student 506: 19 13 6 5 7 16 12 10 15 14 17 8 9 11 4 18 3 1 20 2 
student 507: 14 2 1 15 16 6 9 8 13 11 4 3 17 19 5 7 12 18 10 20 
student 508: 12 2 16 8 14 10 13 5 17 20 15 6 18 9 7 3 1 11 19 4 
student 509: 14 5 4 6 12 17 19 15 11 3 18 20 8 9 7 10 16 1 13 2 
student 510: 8 7 13 4 20 10 14 11 12 2 18 6 16 17 5 1 9 3 15 19 
student 511: 1 18 2 11 10 4 14 20 15 8 17 3 7 19 6 9 12 5 16 13 
student 512: 3 5 19 10 2 4 8 16 12 13 11 17 9 15 1 20 6 14 7 18 
student 513: 19 8 6 9 4 14 5 17 18 20 16 12 13 11 1 3 7 2 10 15 
student 514: 2 6 14 5 18 13 9 19 17 3 20 1 12 16 8 7 4 15 11 10 
student 515: 5 13 4 1 6 14 20 17 16 11 19 8 15 18 9 3 7 10 2 12 
student 516: 13 12 1 3 15 17 6 11 16 14 18 5 2 19 7 8 4 9 20 10 
student 517: 19 11 2 12 13 16 15 20 14 6 1 9 18 5 3 10 17 8 4 7 
student 518: 12 11 8 10 13 7 3 17 6 5 4 20 16 19 2 15 14 9 1 18 
student 519: 11 12 1 8 20 6 19 14 2 4 18 3 5 10 9 13 16 7 15 17 
student 520: 8 16 2 20 14 12 19 18 15 3 17 6 7 10 4 5 11 9 1 13 
student 521: 15 5 1 11 3 6 13 14 18 7 16 20 4 17 8 12 19 9 2 10 
student 522: 12 9 2 13 11 6 18 7 15 3 17 1 20 19 5 10 8 4 14 16 
student 523: 14 1 12 16 18 13 19 9 7 5 10 2 3 17 8 11 6 4 15 20 
student 524: 16 6 13 7 12 17 5 15 14 10 19 4 20 2 8 18 11 1 9 3 
student 525: 6 8 15 1 18 14 20 7 10 9 19 5 17 16 2 12 4 13 3 11 
student 526: 6 17 9 14 19 10 16 11 15 4 20 3 1 13 12 7 8 2 18 5 
student 527: 13 4 7 10 19 15 2 16 3 1 12 5 11 17 6 18 14 8 20 9 
student 528: 19 11 8 16 10 20 9 17 13 12 1 6 3 14 5 7 2 15 4 18 
student 529: 16 13 14 18 11 15 2 10 1 5 19 3 6 20 7 4 12 8 9 17 
student 530: 11 12 16 5 20 18 17 15 8 10 19 1 4 14 9 2 13 6 7 3 
student 531: 17 4 10 13 15 11 19 14 3 1 16 6 18 2 7 8 5 9 12 20 
student 532: 5 17 6 2 10 12 18 7 15 14 19 11 16 20 1 13 3 4 9 8 
student 533: 11 1 4 5 19 15 20 9 13 14 6 3 7 8 2 16 18 17 10 12 
student 534: 14 13 12 2 1 3 11 17 10 4 19 8 6 9 15 20 5 16 18 7 
student 535: 6 7 2 14 13 12 20 15 17 10 16 4 8 1 18 3 19 5 9 11 
student 536: 4 11 8 2 20 13 3 19 15 9 18 7 17 5 10 16 12 6 1 14 
student 537: 9 20 5 1 15 4 14 17 7 10 19 13 12 18 6 8 16 11 2 3 
student 538: 3 14 1 8 6 20 9 11 4 18 19 10 2 7 13 17 12 5 16 15 
student 539: 10 2 16 5 14 15 13 9 17 3 1 4 20 19 8 18 6 11 12 7 
student 540: 11 8 13 18 6 20 7 2 14 16 15 9 12 19 4 5 10 1 3 17 
student 541: 7 13 3 4 16 8 11 19 20 14 18 6 17 2 9 15 1 10 5 12 
student 542: 10 19 2 9 11 12 15 5 7 6 8 4 17 16 13 3 14 1 18 20 
student 543: 14 12 19 16 2 11 20 17 8 6 1 5 10 15 4 9 7 3 18 13 
student 544: 17 3 9 15 16 7 18 6 19 2 13 1 5 10 4 8 11 12 14 20 
student 545: 12 8 19 9 4 11 18 6 10 15 1 7 20 17 16 3 14 13 2 5 
student 546: 17 6 3 2 18 19 11 4 16 15 7 8 10 12 13 9 1 20 14 5 
student 547: 9 10 12 6 18 4 15 17 1 14 19 11 7 16 8 2 5 3 13 20 
student 548: 13 7 6 11 5 12 14 9 17 4 18 10 3 20 2 8 19 1 16 15 
student 549: 16 11 15 1 14 6 17 19 8 2 20 12 18 9 4 5 10 3 13 7 
student 550: 10 5 1 11 12 14 15 7 19 17 18 6 3 2 16 9 20 4 8 13 
student 551: 8 2 3 4 9 19 20 10 11 14 7 13 5 17 16 6 12 1 15 18 
student 552: 2 19 1 6 18 9 14 15 11 5 12 20 7 8 16 17 4 10 13 3 
student 553: 6 16 10 1 18 19 5 14 8 9 4 12 2 17 13 7 3 11 20 15 
student 554: 7 18 1 20 12 9 16 13 15 10 19 5 2 4 8 11 6 14 3 17 
student 555: 11 13 4 3 12 10 6 5 14 2 15 19 7 17 1 9 16 18 20 8 
student 556: 9 14 7 12 5 16 13 20 10 3 18 2 11 6 8 1 4 19 15 17 
student 557: 3 4 16 9 17 6 19 18 11 7 8 13 15 20 2 1 5 12 14 10 
student 558: 20 13 5 12 8 18 15 2 3 1 19 9 6 16 14 10 11 4 7 17 
student 559: 20 5 2 9 13 4 11 10 17 1 18 15 3 19 8 14 7 6 16 12 
student 560: 11 7 1 13 14 4 15 18 3 16 17 8 2 9 10 12 6 19 5 20 
student 561: 10 9 4 13 20 3 12 16 17 1 18 2 11 14 5 7 6 8 15 19 
student 562: 6 4 9 15 20 12 19 14 13 3 8 5 1 16 17 11 7 10 2 18 
student 563: 4 13 10 15 11 17 12 16 9 7 14 20 18 19 8 3 5 2 1 6 
student 564: 12 7 4 9 14 15 19 1 2 5 13 3 17 18 6 20 10 8 16 11 
student 565: 9 3 14 20 7 15 18 11 6 16 1 4 8 17 5 13 10 2 12 19 
student 566: 18 16 11 3 9 7 13 12 20 10 14 4 5 15 17 6 2 1 8 19 
student 567: 3 17 2 9 8 19 18 12 14 10 20 5 7 15 11 1 4 16 13 6 
student 568: 20 12 6 2 15 11 14 17 8 16 19 13 3 18 5 9 4 7 1 10 
student 569: 17 9 5 13 4 10 14 12 15 1 20 18 11 7 8 3 6 2 16 19 
student 570: 16 7 13 14 17 20 3 19 8 9 12 5 6 18 4 10 11 2 15 1 
student 571: 2 8 3 6 10 18 12 11 15 1 17 9 13 20 5 14 4 19 7 16 
student 572: 1 19 6 13 4 20 14 18 17 3 15 8 16 12 5 9 2 7 11 10 
student 573: 1 8 20 2 11 9 18 16 14 7 12 3 15 13 10 4 6 17 5 19 
student 574: 7 9 1 16 6 15 17 19 13 2 20 10 11 14 4 5 3 8 12 18 
student 575: 19 11 1 12 8 13 7 20 9 6 14 5 18 2 3 10 4 17 15 16 
student 576: 5 17 12 7 16 6 19 15 10 8 11 2 4 20 9 18 1 14 3 13 
student 577: 16 8 18 14 7 3 2 20 15 12 9 10 11 19 5 17 1 6 4 13 
student 578: 20 9 2 11 18 15 12 19 7 13 5 16 6 17 4 3 10 1 8 14 
student 579: 20 7 1 10 18 17 4 13 9 2 16 11 14 12 8 3 15 5 19 6 
student 580: 15 20 12 2 9 16 5 19 10 6 7 18 13 17 1 4 14 11 8 3 
student 581: 7 20 4 17 19 12 16 5 15 1 11 3 10 9 6 13 14 18 2 8 
student 582: 14 2 1 3 8 13 17 12 20 10 11 19 16 15 6 7 4 9 5 18 
student 583: 17 13 9 5 16 11 10 19 18 2 20 4 14 7 3 12 8 6 1 15 
student 584: 7 9 19 14 18 2 20 11 8 4 13 12 1 10 3 15 17 6 5 16 
student 585: 18 1 12 14 11 13 17 5 19 4 20 10 2 6 3 7 9 8 15 16 
student 586: 18 16 7 11 1 17 6 13 2 4 14 19 8 20 3 9 15 10 5 12 
student 587: 2 18 12 6 14 13 17 4 16 11 10 19 1 9 5 7 3 8 15 20 
student 588: 19 5 11 1 10 16 17 18 14 3 8 15 20 7 4 6 13 2 9 12 
student 589: 8 10 1 3 16 6 13 9 5 11 4 7 15 14 18 2 17 12 19 20 
student 590: 8 12 13 2 5 10 18 11 6 16 20 1 3 9 4 19 14 7 17 15 
student 591: 9 13 7 6 16 8 19 15 17 12 18 2 11 4 3 10 1 5 14 20 
student 592: 17 11 20 5 4 7 16 6 2 3 19 13 14 12 9 15 1 10 18 8 
student 593: 3 11 10 1 15 20 4 8 13 2 17 14 6 9 16 7 19 12 18 5 
student 594: 20 7 14 10 19 18 17 15 6 1 16 2 8 11 5 9 3 13 4 12 
student 595: 1 10 19 7 13 18 20 3 8 5 12 11 16 14 2 9 4 6 15 17 
student 596: 12 13 3 6 16 9 19 18 17 7 2 4 15 20 1 8 5 14 10 11 
student 597: 19 10 14 4 2 20 1 7 3 12 11 17 9 18 5 15 8 6 16 13 
student 598: 16 15 19 14 6 17 8 1 10 2 18 11 7 20 12 3 5 9 13 4 
student 599: 19 9 6 3 18 11 17 5 20 16 15 13 8 14 2 1 4 10 7 12 
student 600: 14 4 1 6 5 20 7 15 18 11 16 19 12 17 9 3 2 13 8 10 
student 601: 1 4 3 2 17 19 12 14 9 11 7 6 5 20 13 15 10 18 16 8 
student 602: 2 15 17 7 13 19 4 14 11 8 9 1 16 18 10 6 5 20 3 12 
student 603: 3 10 9 19 15 1 18 7 6 13 12 2 17 16 11 8 4 20 5 14 
student 604: 7 12 3 5 9 16 13 17 20 11 19 2 18 8 1 6 14 4 15 10 
student 605: 19 18 17 11 7 3 12 13 10 5 20 6 2 9 14 16 4 1 8 15 
student 606: 20 16 5 3 13 8 9 15 11 12 6 7 1 19 2 17 10 14 4 18 
student 607: 20 16 11 19 8 9 13 18 5 7 12 1 2 17 6 15 14 4 3 10 
student 608: 9 20 8 1 10 6 19 11 17 3 12 16 15 7 4 5 2 14 18 13 
student 609: 14 7 12 8 11 9 18 10 6 13 20 2 19 3 4 1 17 5 15 16 
student 610: 18 5 7 6 19 14 15 20 16 10 12 3 13 17 8 9 1 11 2 4 
student 611: 16 1 3 4 10 20 9 2 8 5 14 17 19 6 12 13 11 15 18 7 
student 612: 4 9 3 17 16 10 14 18 6 13 1 5 8 19 12 2 11 15 7 20 
student 613: 9 10 2 17 20 8 14 16 19 18 12 1 6 15 4 5 13 11 7 3 
student 614: 16 2 1 10 19 18 6 20 7 13 5 15 17 11 14 4 9 3 8 12 
student 615: 13 4 8 18 14 2 20 16 9 7 11 15 5 12 3 10 17 1 6 19 
student 616: 14 5 8 15 1 19 2 13 16 6 10 9 12 20 3 17 7 11 18 4 
student 617: 6 3 5 7 18 16 14 9 17 1 10 13 8 12 11 2 4 15 20 19 
student 618: 9 4 6 19 12 15 13 16 3 18 10 11 20 17 8 1 2 14 7 5 
student 619: 15 19 9 4 14 17 10 5 16 8 2 3 13 7 11 18 1 12 6 20 
student 620: 16 19 8 12 20 11 9 6 14 1 18 5 17 10 4 13 15 3 2 7 
student 621: 1 2 19 14 17 7 11 9 6 13 10 3 5 8 15 20 18 4 16 12 
student 622: 20 1 5 2 3 7 14 9 10 11 15 13 12 19 18 17 8 4 6 16 
student 623: 14 4 10 3 2 8 18 19 16 13 5 9 17 12 15 20 6 7 1 11 
student 624: 5 11 3 8 17 18 2 13 15 7 9 16 10 20 6 12 14 1 4 19 
student 625: 4 8 2 11 18 10 16 20 17 5 12 1 14 13 6 15 3 19 9 7 
student 626: 19 13 5 11 12 1 16 6 8 10 18 14 9 17 4 3 7 2 15 20 
student 627: 19 20 4 10 18 14 17 15 5 2 9 6 8 16 3 11 13 1 12 7 
student 628: 18 6 14 4 13 19 11 12 20 15 5 3 1 16 9 8 2 10 7 17 
student 629: 14 7 3 20 10 17 18 15 9 4 12 19 6 13 8 16 1 5 2 11 
student 630: 19 15 4 6 1 8 11 5 14 9 10 17 16 20 3 2 7 13 18 12 
student 631: 10 5 2 9 4 6 16 13 7 3 17 1 20 18 8 19 14 15 11 12 
student 632: 13 16 9 2 1 17 12 19 3 15 8 4 11 20 10 5 7 14 18 6 
student 633: 14 18 4 16 6 11 8 19 20 2 10 7 12 17 13 9 5 1 3 15 
student 634: 9 1 7 12 6 15 13 19 14 18 20 4 16 11 8 2 3 5 17 10 
student 635: 12 13 1 5 20 9 11 14 16 2 10 15 17 18 7 3 19 6 8 4 
student 636: 14 16 4 10 6 2 15 7 19 1 12 8 18 20 5 9 13 11 3 17 
student 637: 12 15 5 2 20 16 11 1 7 4 6 14 17 18 9 8 10 3 19 13 
student 638: 10 13 5 8 3 2 9 11 18 6 19 15 20 16 14 1 7 17 12 4 
student 639: 20 11 15 6 10 17 3 19 14 18 13 8 9 16 12 5 4 2 1 7 
student 640: 5 8 18 9 12 7 14 20 13 1 19 6 2 11 3 10 15 17 4 16 
student 641: 10 17 6 18 9 20 19 11 13 1 7 12 5 15 16 4 8 3 2 14 
student 642: 20 4 10 19 16 18 9 2 8 6 11 3 12 17 14 1 15 7 5 13 
student 643: 9 19 15 10 16 7 18 4 1 2 12 6 3 5 11 17 14 8 13 20 
student 644: 12 20 2 19 6 4 14 16 15 5 18 8 3 9 1 11 7 13 10 17 
student 645: 14 5 6 10 17 2 13 19 15 9 11 4 12 20 8 1 7 18 3 16 
student 646: 3 5 13 20 1 2 9 4 7 18 15 17 12 16 8 14 6 19 10 11 
student 647: 10 15 1 3 13 5 19 2 6 20 12 14 18 11 8 16 9 7 4 17 
student 648: 11 20 10 7 15 14 12 17 5 13 19 2 1 18 6 9 4 8 16 3 
student 649: 3 1 17 5 7 10 20 18 14 4 15 6 9 8 16 13 2 11 12 19 
student 650: 7 9 5 8 2 1 12 6 20 13 14 16 10 18 19 17 4 11 3 15 
student 651: 11 3 20 14 6 1 9 16 5 4 8 13 15 19 2 7 18 17 12 10 
student 652: 14 7 2 1 9 12 17 15 13 6 5 16 4 20 10 3 11 8 19 18 
student 653: 18 3 8 10 17 15 6 20 11 14 19 9 13 12 7 1 5 16 4 2 
student 654: 18 17 6 9 14 10 7 4 5 16 19 11 2 12 20 8 1 3 13 15 
student 655: 20 4 2 18 7 8 17 16 3 9 13 5 11 15 1 12 19 10 6 14 
student 656: 9 5 4 19 12 14 16 10 11 7 20 3 17 13 1 8 18 15 6 2 
student 657: 20 1 7 9 2 13 3 18 14 17 19 11 4 16 6 12 10 8 5 15 
student 658: 2 4 9 5 13 6 11 15 7 1 12 10 8 17 3 16 14 18 20 19 
student 659: 7 10 12 6 9 20 14 19 18 5 8 15 13 11 2 16 4 17 1 3 
student 660: 14 17 7 10 3 12 16 15 9 5 20 2 8 18 19 1 13 4 6 11 
student 661: 12 5 15 14 18 1 13 7 19 4 10 2 17 11 8 3 6 9 16 20 
student 662: 15 16 6 2 13 8 20 18 11 14 7 12 9 19 3 5 17 1 4 10 
student 663: 10 3 11 7 17 4 13 14 19 2 15 12 20 18 1 16 6 5 8 9 
student 664: 16 9 17 4 10 13 18 5 12 2 20 11 15 8 1 6 19 14 3 7 
student 665: 12 17 16 15 7 13 14 20 3 8 19 6 2 18 10 1 9 11 4 5 
student 666: 3 12 7 17 11 18 9 8 10 1 20 14 5 19 6 15 2 4 16 13 
student 667: 6 13 4 1 14 12 10 3 16 8 19 17 5 20 18 9 7 2 11 15 
student 668: 2 9 3 10 1 8 14 15 6 5 19 17 12 18 20 7 13 4 16 11 
student 669: 19 17 10 1 4 11 14 5 12 6 20 9 8 7 2 3 16 18 15 13 
student 670: 14 10 7 2 12 19 16 3 18 6 5 8 4 15 9 11 1 20 17 13 
student 671: 1 19 2 12 7 9 8 13 10 18 11 14 5 20 6 4 16 17 3 15 
student 672: 20 2 15 5 17 7 18 9 14 10 12 13 1 19 3 4 11 6 8 16 
student 673: 5 7 2 4 17 13 16 10 18 19 12 14 8 9 6 1 15 3 11 20 
student 674: 7 6 2 10 8 15 9 14 19 4 1 17 3 12 5 20 13 18 11 16 
student 675: 4 7 20 3 9 10 6 18 13 15 19 12 5 17 8 16 14 2 1 11 
student 676: 5 14 7 6 13 19 9 17 1 2 10 3 4 20 16 12 8 11 15 18 
student 677: 18 4 2 16 5 1 11 8 20 7 19 12 9 17 14 15 3 10 6 13 
student 678: 1 6 4 14 20 11 17 9 8 19 7 16 5 2 15 3 12 13 10 18 
student 679: 15 16 9 18 2 7 8 14 5 13 6 19 20 11 1 4 17 3 12 10 
student 680: 10 12 1 11 16 17 20 13 3 7 19 5 18 15 4 9 2 8 6 14 
student 681: 11 14 2 3 7 10 1 8 15 5 18 9 6 19 12 17 20 4 13 16 
student 682: 5 7 14 2 9 17 3 19 20 1 10 13 12 6 15 16 4 8 11 18 
student 683: 3 5 2 1 18 17 16 19 13 6 20 10 7 9 8 11 14 4 15 12 
student 684: 7 17 10 1 11 13 4 12 14 6 18 8 20 19 9 15 2 3 5 16 
student 685: 8 13 1 2 15 14 11 16 19 3 12 4 5 10 18 17 6 9 7 20 
student 686: 11 5 14 12 8 15 10 17 18 2 3 19 1 16 7 9 13 6 4 20 
student 687: 6 7 16 3 4 14 10 20 19 1 5 15 11 13 9 12 17 8 2 18 
student 688: 6 9 4 11 18 12 8 10 19 16 20 17 13 14 2 1 15 7 3 5 
student 689: 16 8 13 1 7 18 17 9 20 11 19 6 4 5 2 3 10 15 12 14 
student 690: 18 11 6 20 16 10 19 4 12 1 13 14 7 8 15 9 5 2 17 3 
student 691: 20 19 5 14 15 17 8 12 16 2 11 1 4 18 7 10 6 9 3 13 
student 692: 5 4 11 18 3 7 19 17 8 2 14 15 9 13 12 20 1 6 16 10 
student 693: 8 5 2 18 13 11 12 19 17 16 15 7 14 1 20 4 3 9 6 10 
student 694: 7 2 4 6 8 20 18 12 14 1 19 11 9 3 17 15 16 10 5 13 
student 695: 3 8 15 11 1 9 18 6 14 7 20 5 13 19 10 2 16 4 17 12 
student 696: 12 17 1 10 5 11 15 14 16 18 8 6 19 13 2 4 7 9 3 20 
student 697: 10 7 9 17 19 5 12 18 13 1 6 11 2 15 4 3 8 14 16 20 
student 698: 8 4 19 6 1 11 16 9 3 10 17 18 12 13 5 2 20 7 15 14 
student 699: 20 3 4 7 16 18 19 9 5 1 17 12 13 10 2 14 11 8 6 15 
student 700: 7 8 16 18 10 12 17 2 20 9 15 3 1 19 6 4 13 14 11 5 
student 701: 15 5 14 7 10 11 2 6 20 3 12 8 19 16 13 1 17 9 18 4 
student 702: 3 14 1 19 9 16 2 12 8 18 20 5 13 15 10 6 7 4 17 11 
student 703: 13 15 4 16 9 7 3 12 1 14 20 18 2 19 10 5 6 11 8 17 
student 704: 16 11 10 6 12 17 3 14 18 19 1 4 15 20 7 2 8 5 13 9 
student 705: 13 1 7 6 2 10 15 14 12 9 11 16 8 17 4 18 3 5 19 20 
student 706: 15 9 12 4 8 19 18 11 13 6 10 3 5 20 1 17 2 7 14 16 
student 707: 9 20 8 1 16 11 12 18 6 15 14 3 2 19 7 5 4 17 10 13 
student 708: 5 10 8 17 15 14 20 16 18 13 9 3 1 19 12 6 7 2 4 11 
student 709: 6 9 4 7 13 16 10 2 12 11 1 20 14 19 5 3 15 18 8 17 
student 710: 11 13 12 10 8 4 16 18 14 1 19 2 6 15 3 5 9 20 7 17 
student 711: 17 15 3 8 18 4 11 16 13 14 19 7 12 10 1 2 6 5 9 20 
student 712: 9 6 13 2 10 3 11 14 8 17 5 1 4 19 7 15 12 16 20 18 
student 713: 17 11 7 10 18 12 13 19 15 3 16 9 1 4 5 14 2 8 6 20 
student 714: 15 4 1 18 16 3 8 14 19 5 11 7 13 6 10 9 12 2 20 17 
student 715: 8 5 6 10 16 1 19 13 14 3 17 7 9 11 2 20 18 4 12 15 
student 716: 6 16 3 20 8 7 9 14 10 2 18 17 1 12 4 11 19 5 13 15 
student 717: 7 4 1 10 9 5 17 19 14 2 16 11 6 8 18 20 3 12 15 13 
student 718: 20 19 13 9 8 16 10 18 14 2 12 1 7 3 6 11 5 17 15 4 
student 719: 14 10 5 13 7 9 19 12 15 1 20 2 11 8 16 17 3 4 6 18 
student 720: 5 2 1 14 13 8 17 6 15 3 20 16 4 10 11 9 18 7 12 19 
student 721: 8 18 16 7 10 20 13 1 4 6 12 3 14 5 15 17 2 11 19 9 
student 722: 12 1 13 11 4 3 18 8 6 9 17 19 15 20 2 10 7 14 5 16 
student 723: 10 2 1 13 15 12 11 7 14 4 17 3 19 18 9 5 16 8 6 20 
student 724: 14 16 9 3 5 7 12 10 4 1 15 20 11 18 6 13 2 17 8 19 
student 725: 16 15 5 13 10 4 14 3 7 1 20 19 17 11 12 2 9 18 6 8 
student 726: 12 4 3 17 7 20 18 2 13 9 11 5 8 10 1 16 6 14 15 19 
student 727: 4 7 17 6 3 5 18 2 16 10 12 14 15 20 1 13 11 19 9 8 
student 728: 18 9 16 20 8 4 1 10 14 3 19 2 17 6 5 7 12 11 13 15 
student 729: 5 10 11 20 15 1 19 17 18 13 6 3 16 8 2 4 12 7 14 9 
student 730: 15 7 19 6 16 9 12 14 11 1 18 2 4 17 3 8 10 13 5 20 
student 731: 7 8 1 19 9 16 15 17 13 4 11 2 12 14 3 10 6 18 5 20 
student 732: 6 8 5 20 16 10 7 18 9 19 14 4 11 15 1 2 13 3 12 17 
student 733: 17 11 12 19 5 9 13 6 14 3 8 18 20 16 2 4 1 15 7 10 
student 734: 5 8 13 2 18 3 16 15 14 4 19 10 12 9 7 1 11 17 6 20 
student 735: 13 12 7 15 9 2 14 16 17 10 4 8 11 18 19 5 1 20 3 6 
student 736: 12 3 19 7 11 13 16 17 4 1 15 5 20 10 8 14 9 6 2 18 
student 737: 13 16 6 10 12 4 9 7 11 2 14 17 20 5 3 1 19 18 8 15 
student 738: 10 1 9 14 6 17 8 18 13 5 15 2 16 7 3 4 11 12 20 19 
student 739: 16 14 4 10 3 20 11 15 19 13 2 1 12 17 7 18 6 9 8 5 
student 740: 18 5 14 6 13 4 19 7 16 1 10 11 3 17 2 8 9 15 12 20 
student 741: 11 9 3 19 2 8 16 14 4 18 6 5 7 10 1 13 15 20 12 17 
student 742: 15 19 13 1 16 8 11 18 4 10 7 6 9 3 5 14 2 12 20 17 
student 743: 6 15 8 5 12 11 9 19 16 3 14 1 2 10 13 20 4 17 7 18 
student 744: 15 12 5 1 6 11 3 20 17 8 18 7 2 14 9 10 19 4 13 16 
student 745: 18 1 13 3 17 6 19 2 8 5 12 9 14 7 20 16 11 4 15 10 
student 746: 8 5 15 11 13 9 6 10 16 12 17 2 18 14 1 3 7 4 20 19 
student 747: 1 13 4 12 9 18 17 11 19 7 15 3 10 20 5 6 16 8 2 14 
student 748: 20 15 2 14 18 16 5 19 17 11 3 6 4 9 1 7 13 10 12 8 
student 749: 15 1 9 8 16 18 13 20 14 10 19 12 4 5 7 6 2 3 11 17 
student 750: 18 8 1 15 19 10 20 9 3 2 14 7 12 17 16 11 4 6 13 5 
student 751: 20 9 11 5 4 19 16 18 10 7 13 1 14 12 3 6 15 8 2 17 
student 752: 18 6 20 14 16 7 11 19 12 13 17 10 2 15 1 5 8 9 4 3 
student 753: 13 4 6 16 19 2 18 14 5 3 15 17 20 12 9 10 11 8 1 7 
student 754: 17 5 15 13 4 3 10 14 12 11 6 7 8 1 19 2 20 9 16 18 
student 755: 12 17 3 2 13 10 19 6 15 4 14 9 18 20 1 7 11 8 5 16 
student 756: 4 17 11 13 8 3 18 14 16 5 15 12 19 20 6 2 7 10 1 9 
student 757: 15 19 10 18 12 8 17 16 9 5 11 3 2 14 6 1 4 13 20 7 
student 758: 17 12 5 4 10 11 14 16 2 9 18 6 1 15 3 8 19 13 7 20 
student 759: 9 1 2 16 12 20 17 19 7 6 14 5 11 13 4 18 15 10 3 8 
student 760: 9 15 2 11 6 10 3 19 4 16 20 8 17 18 13 5 7 1 14 12 
student 761: 11 20 4 13 14 5 8 6 1 15 19 9 16 12 3 17 2 7 10 18 
student 762: 6 10 17 11 13 18 14 2 3 20 5 9 7 15 16 12 4 19 1 8 
student 763: 18 1 17 14 8 20 12 7 13 3 16 11 4 5 2 19 6 9 10 15 
student 764: 6 15 8 16 5 4 17 13 18 1 14 9 12 11 3 7 2 10 19 20 
student 765: 12 1 13 9 11 19 20 15 17 4 3 5 14 18 7 16 10 2 8 6 
student 766: 15 8 16 12 4 13 9 11 19 7 17 3 6 10 1 2 5 14 18 20 
student 767: 10 7 6 15 12 17 9 2 11 8 20 1 5 19 16 14 4 3 13 18 
student 768: 17 19 2 6 13 5 4 16 20 12 10 9 15 1 18 3 7 8 11 14 
student 769: 13 17 14 20 16 3 15 9 4 8 19 6 12 18 11 1 10 7 2 5 
student 770: 6 15 10 11 2 7 20 17 12 3 13 5 1 14 8 9 16 4 18 19 
student 771: 20 6 3 5 14 17 10 18 11 1 15 9 19 7 2 4 16 13 8 12 
student 772: 8 11 2 3 13 12 9 16 14 19 10 7 15 17 5 1 4 6 20 18 
student 773: 4 3 1 5 7 13 17 18 10 9 6 11 15 19 2 12 8 14 20 16 
student 774: 15 7 8 4 3 6 18 17 20 16 9 12 11 13 1 5 10 2 14 19 
student 775: 15 13 1 12 6 9 14 17 19 10 18 2 7 4 3 5 16 8 20 11 
student 776: 14 1 4 3 12 18 19 10 20 2 5 15 9 8 7 16 13 6 17 11 
student 777: 15 9 3 10 7 16 8 5 14 4 18 6 11 17 1 20 12 19 2 13 
student 778: 18 6 9 19 1 8 15 3 14 12 20 5 11 4 7 2 16 13 17 10 
student 779: 14 3 11 20 6 16 15 13 17 19 7 1 4 10 9 8 5 2 18 12 
student 780: 4 6 13 5 19 7 3 20 8 1 15 14 11 12 17 16 2 9 18 10 
student 781: 2 14 1 6 12 15 10 17 3 18 13 11 9 19 5 7 20 4 8 16 
student 782: 3 9 18 8 7 6 19 11 15 4 2 5 17 13 16 10 14 12 1 20 
student 783: 9 12 6 17 20 19 11 14 16 2 5 15 7 18 8 13 10 4 3 1 
student 784: 18 9 8 10 1 20 14 6 12 17 15 3 4 19 2 11 7 13 16 5 
student 785: 5 7 8 14 19 16 17 20 15 4 18 2 9 12 1 10 3 11 13 6 
student 786: 10 12 5 1 11 17 8 20 16 2 19 18 6 13 3 9 15 4 14 7 
student 787: 15 4 5 1 20 12 8 14 18 10 13 3 2 16 9 6 19 7 11 17 
student 788: 5 4 1 6 17 19 18 7 14 10 20 8 9 12 15 11 2 3 16 13 
student 789: 17 7 1 9 6 5 10 20 8 15 18 3 19 11 4 2 13 16 12 14 
student 790: 12 15 11 4 7 10 1 17 18 5 14 9 16 13 2 8 3 6 20 19 
student 791: 15 2 7 13 10 20 19 3 18 8 17 11 5 1 4 6 12 14 9 16 
student 792: 15 19 3 14 11 18 16 2 7 12 10 5 9 20 8 4 1 6 17 13 
student 793: 9 13 5 1 17 10 19 8 18 2 15 12 7 14 6 4 3 16 11 20 
student 794: 12 6 10 1 14 9 18 16 5 15 17 11 20 13 4 8 2 3 7 19 
student 795: 14 8 7 6 12 20 5 17 18 1 19 10 16 4 13 15 3 11 2 9 
student 796: 16 14 9 5 10 11 17 20 18 7 8 4 12 15 2 19 6 3 1 13 
student 797: 9 1 12 6 4 14 19 20 3 7 17 18 10 13 16 11 2 5 8 15 
student 798: 17 13 12 11 15 10 5 8 3 18 6 9 20 14 16 4 19 7 2 1 
student 799: 15 7 6 12 19 5 17 20 18 9 11 4 13 14 2 8 1 3 10 16 
